/*--------------------------------*- C++ -*----------------------------------*\ 
| =========                 |                                                 | 
| \\      /  F ield         | OpenFOAM: The Open Source CFD Toolbox           | 
|  \\    /   O peration     | Version:  4.0                                   | 
|   \\  /    A nd           | Web:      www.OpenFOAM.org                      | 
|    \\/     M anipulation  |                                                 | 
\*---------------------------------------------------------------------------*/ 
FoamFile 
{ 
    version     2.0; 
    format      ascii; 
    class       vectorAverageField; 
    object      values; 
} 
// * * * * * * * * * * * * * * * * * * * * * * * * * * * * * * * * * * * * * // 
 
// Average 
(0 0 0) 
 
// Velocity data on points 
2447
(
(0.00346 0.00088 -0.00126)
(-0.00218 -0.00042 0.00017)
(-0.00644 -0.00144 -0.00045)
(-0.00196 -0.00093 -0.00080)
(0.00271 0.00129 0.00153)
(-0.01512 -0.00317 -0.00517)
(-0.00487 -0.00210 -0.00281)
(-0.01344 -0.00459 -0.02192)
(-0.00137 -0.00057 -0.00227)
(0.00197 0.00084 0.00358)
(-0.00888 -0.00320 -0.01587)
(-0.00176 -0.00069 -0.00345)
(0.00167 0.00061 0.00337)
(-0.01129 -0.00107 -0.02099)
(-0.00047 -0.00016 -0.00121)
(0.00150 0.00042 0.00368)
(-0.00545 -0.00115 -0.01289)
(-0.00037 0.00004 -0.00070)
(0.00297 -0.00114 0.00544)
(-0.00061 0.00024 -0.00110)
(0.00657 0.00209 -0.00276)
(-0.00168 -0.00035 0.00085)
(0.00131 0.00031 -0.00052)
(0.00055 0.00014 -0.00025)
(-0.02077 -0.00760 0.01624)
(-0.01985 -0.00519 0.01033)
(-0.02602 -0.00373 0.00352)
(-0.02801 -0.00442 -0.00282)
(-0.05009 -0.00558 0.00589)
(-0.05079 -0.00675 -0.00607)
(-0.03881 -0.00640 -0.01426)
(-0.02588 -0.00596 -0.02473)
(-0.04770 -0.00292 -0.03641)
(-0.03120 -0.00807 -0.04978)
(-0.02533 -0.00700 -0.04411)
(-0.02023 -0.00562 -0.03818)
(-0.03573 -0.00762 -0.06082)
(-0.03417 -0.00722 -0.06294)
(-0.04102 0.00009 -0.07336)
(-0.02388 -0.00117 -0.04356)
(-0.01815 -0.00012 -0.04041)
(-0.05300 0.01578 -0.09866)
(-0.04805 0.01464 -0.08973)
(-0.02408 0.00515 -0.05237)
(-0.01779 0.00607 -0.03193)
(-0.04102 0.01822 -0.07379)
(-0.01671 0.00828 -0.02961)
(-0.00543 0.00334 -0.00936)
(-0.03701 0.02287 -0.05211)
(-0.00468 0.00388 -0.00689)
(0.00064 -0.00069 0.00108)
(0.00307 0.00171 -0.00185)
(-0.00138 -0.00077 0.00103)
(-0.00565 -0.00244 0.00420)
(-0.01633 -0.00622 0.01205)
(-0.04216 -0.01633 0.03232)
(-0.03536 -0.00991 0.02402)
(-0.04337 -0.01591 0.03694)
(-0.04927 -0.01381 0.03530)
(-0.05299 -0.01231 0.02190)
(-0.04985 -0.00955 0.01038)
(-0.04530 -0.00376 -0.01588)
(-0.05049 0.00303 -0.03371)
(-0.04836 0.00323 -0.04567)
(-0.04300 0.00153 -0.06994)
(-0.05143 0.00523 -0.05027)
(-0.05244 0.00757 -0.06343)
(-0.04434 0.00263 -0.07588)
(-0.04919 0.00466 -0.08296)
(-0.06060 0.02042 -0.10231)
(-0.06476 0.02239 -0.10888)
(-0.06873 0.02403 -0.11981)
(-0.07219 0.02054 -0.12946)
(-0.06753 0.02980 -0.11231)
(-0.06657 0.03424 -0.10492)
(-0.06591 0.03467 -0.09769)
(-0.07959 0.04588 -0.11222)
(-0.07450 0.04783 -0.10146)
(-0.05043 0.03478 -0.06644)
(-0.02991 0.02295 -0.04078)
(-0.08312 0.06299 -0.10219)
(-0.05685 0.04722 -0.06524)
(-0.01868 0.01823 -0.02857)
(-0.00098 0.00113 -0.00166)
(-0.01262 0.01430 -0.01541)
(0.00416 -0.00555 0.00558)
(0.00781 -0.01069 0.01053)
(0.00017 0.00011 -0.00007)
(-0.00571 -0.00304 0.00301)
(-0.01597 -0.00851 0.01035)
(-0.02268 -0.01455 0.01965)
(-0.04283 -0.02391 0.03478)
(-0.03580 -0.02247 0.03130)
(-0.04235 -0.03051 0.04299)
(-0.05052 -0.02311 0.04442)
(-0.05216 -0.02031 0.04088)
(-0.05071 -0.02017 0.04615)
(-0.04825 -0.02288 0.04882)
(-0.04755 -0.01907 0.04283)
(-0.04874 -0.01276 0.03398)
(-0.04890 -0.01089 0.01514)
(-0.04635 -0.00862 0.00693)
(-0.04827 0.00104 -0.01248)
(-0.04926 0.00375 -0.02243)
(-0.05585 0.00830 -0.04221)
(-0.05814 0.01005 -0.05962)
(-0.06683 0.02193 -0.08828)
(-0.06792 0.02542 -0.10417)
(-0.06743 0.03084 -0.11632)
(-0.07081 0.03111 -0.12005)
(-0.07251 0.02775 -0.12279)
(-0.08734 0.04908 -0.12650)
(-0.09766 0.06297 -0.13332)
(-0.11649 0.08454 -0.13307)
(-0.09230 0.06594 -0.10361)
(-0.11204 0.07804 -0.12422)
(-0.08680 0.06645 -0.10543)
(-0.09488 0.07873 -0.10056)
(-0.10485 0.09173 -0.09830)
(-0.09902 0.08825 -0.09334)
(-0.05543 0.05593 -0.05876)
(-0.01098 0.01415 -0.01537)
(-0.08551 0.08668 -0.08908)
(-0.04537 0.05440 -0.05658)
(-0.00522 0.00734 -0.00752)
(-0.00156 0.00246 -0.00252)
(0.00291 0.00222 -0.00099)
(-0.00698 -0.00516 0.00303)
(-0.01872 -0.01185 0.00912)
(-0.03764 -0.02146 0.02288)
(-0.04756 -0.02538 0.02732)
(-0.05121 -0.03040 0.04586)
(-0.04919 -0.03270 0.04761)
(-0.04367 -0.03272 0.04968)
(-0.04908 -0.02888 0.04846)
(-0.04750 -0.02479 0.05076)
(-0.04831 -0.02279 0.04868)
(-0.04938 -0.02068 0.04645)
(-0.04834 -0.02237 0.04781)
(-0.04941 -0.02015 0.04463)
(-0.05344 -0.00781 0.01735)
(-0.04826 0.00137 -0.01268)
(-0.04910 0.00357 -0.01973)
(-0.05010 0.00593 -0.02852)
(-0.05944 0.01442 -0.05482)
(-0.07028 0.02795 -0.08969)
(-0.06984 0.02906 -0.09549)
(-0.07568 0.03986 -0.12002)
(-0.09068 0.05790 -0.14020)
(-0.09120 0.05819 -0.13716)
(-0.10308 0.06702 -0.14099)
(-0.11884 0.08702 -0.14116)
(-0.12133 0.09073 -0.13932)
(-0.12319 0.09340 -0.13671)
(-0.12466 0.09555 -0.13403)
(-0.12050 0.09901 -0.12216)
(-0.10767 0.09354 -0.10012)
(-0.10572 0.09443 -0.09849)
(-0.10946 0.09671 -0.10053)
(-0.10117 0.09565 -0.10364)
(-0.07889 0.09480 -0.08629)
(-0.10341 0.11074 -0.10387)
(-0.06460 0.08183 -0.07607)
(-0.02276 0.03800 -0.03387)
(-0.00226 0.00402 -0.00358)
(-0.04663 0.07807 -0.07125)
(-0.00966 0.01817 -0.01659)
(-0.00052 0.00102 -0.00093)
(-0.00414 -0.00296 0.00178)
(-0.01218 -0.00911 0.00640)
(-0.03383 -0.02953 0.02401)
(-0.04382 -0.03220 0.02875)
(-0.04492 -0.04149 0.04688)
(-0.04661 -0.03884 0.05437)
(-0.04687 -0.03840 0.05744)
(-0.04723 -0.03926 0.05770)
(-0.04735 -0.03902 0.06037)
(-0.04104 -0.03824 0.05938)
(-0.04671 -0.02686 0.05316)
(-0.04696 -0.02676 0.05363)
(-0.04761 -0.02433 0.05025)
(-0.04804 -0.02194 0.04627)
(-0.04879 -0.01956 0.04208)
(-0.05801 -0.00079 0.00429)
(-0.04731 0.00279 -0.01770)
(-0.05023 0.00060 -0.01691)
(-0.04684 0.00674 -0.03335)
(-0.04777 0.00648 -0.02798)
(-0.04980 0.00845 -0.03423)
(-0.06579 0.03076 -0.09253)
(-0.06171 0.03282 -0.09174)
(-0.07365 0.04539 -0.11012)
(-0.07179 0.03704 -0.10327)
(-0.07676 0.04769 -0.12826)
(-0.09957 0.07171 -0.15727)
(-0.10264 0.07511 -0.15983)
(-0.10566 0.07872 -0.16187)
(-0.11691 0.08699 -0.14146)
(-0.12677 0.09823 -0.14472)
(-0.12868 0.10069 -0.14232)
(-0.13072 0.10311 -0.13915)
(-0.13791 0.11450 -0.13292)
(-0.12805 0.11056 -0.12133)
(-0.12921 0.12019 -0.11966)
(-0.11376 0.10874 -0.11141)
(-0.11301 0.12213 -0.11667)
(-0.10615 0.11557 -0.11274)
(-0.09457 0.11865 -0.10719)
(-0.07045 0.11523 -0.10475)
(-0.04027 0.07069 -0.06461)
(-0.04964 0.08801 -0.08017)
(-0.01481 0.02834 -0.02593)
(-0.00690 0.01355 -0.01238)
(0.00244 0.00117 -0.00088)
(-0.00052 -0.00027 0.00012)
(-0.03226 -0.01692 0.01755)
(-0.04551 -0.03393 0.03213)
(-0.04819 -0.03792 0.04081)
(-0.04892 -0.03866 0.05378)
(-0.04859 -0.03980 0.05833)
(-0.04789 -0.03966 0.06034)
(-0.04890 -0.03979 0.06254)
(-0.04339 -0.04269 0.06484)
(-0.04354 -0.03737 0.06237)
(-0.04738 -0.02659 0.05357)
(-0.04817 -0.02726 0.05313)
(-0.04740 -0.02375 0.04822)
(-0.04726 -0.02130 0.04360)
(-0.04862 -0.01029 0.02317)
(-0.04602 -0.01884 0.03851)
(-0.04123 0.00373 -0.00467)
(-0.04038 0.00608 -0.02221)
(-0.04305 0.02155 -0.05796)
(-0.05250 0.02374 -0.07303)
(-0.06440 0.04767 -0.10649)
(-0.07751 0.05711 -0.13712)
(-0.09645 0.07433 -0.15815)
(-0.10304 0.07896 -0.16219)
(-0.10775 0.08394 -0.16470)
(-0.12158 0.10330 -0.16814)
(-0.13447 0.11233 -0.16242)
(-0.14043 0.11665 -0.15554)
(-0.13658 0.11125 -0.14461)
(-0.14750 0.13154 -0.14172)
(-0.14135 0.13004 -0.12761)
(-0.15510 0.14987 -0.13808)
(-0.13725 0.13665 -0.12375)
(-0.13062 0.13990 -0.12618)
(-0.12400 0.13456 -0.12359)
(-0.11835 0.13385 -0.11722)
(-0.11188 0.13701 -0.11678)
(-0.07659 0.12016 -0.10691)
(-0.07074 0.11840 -0.10663)
(-0.02345 0.04437 -0.04042)
(-0.07193 0.12106 -0.10741)
(-0.05017 0.09059 -0.08195)
(-0.01519 0.03287 -0.02885)
(-0.00108 0.00264 -0.00224)
(0.00782 0.00181 -0.00226)
(-0.00026 -0.00006 0.00008)
(-0.01787 -0.00561 0.00849)
(-0.03623 -0.01416 0.01920)
(-0.05215 -0.03468 0.04136)
(-0.05800 -0.02537 0.03891)
(-0.05279 -0.03357 0.04811)
(-0.05362 -0.03571 0.05017)
(-0.04788 -0.04040 0.05820)
(-0.04377 -0.04467 0.06532)
(-0.04337 -0.03758 0.07112)
(-0.03564 -0.04140 0.07745)
(-0.03243 -0.03886 0.06995)
(-0.03827 -0.03649 0.06516)
(-0.04301 -0.02261 0.04911)
(-0.03598 -0.00864 0.02285)
(-0.03657 -0.00542 0.00972)
(-0.02939 0.00194 -0.02072)
(-0.03750 0.01344 -0.03779)
(-0.04705 0.03598 -0.07088)
(-0.05657 0.05085 -0.09467)
(-0.07123 0.06882 -0.13344)
(-0.08667 0.08273 -0.14596)
(-0.09675 0.09488 -0.16165)
(-0.10189 0.08119 -0.16472)
(-0.10769 0.08683 -0.16746)
(-0.12475 0.11285 -0.18120)
(-0.14010 0.13538 -0.17836)
(-0.15578 0.15147 -0.18335)
(-0.15938 0.15786 -0.17387)
(-0.15978 0.15815 -0.16865)
(-0.16743 0.16342 -0.14440)
(-0.15107 0.15777 -0.13356)
(-0.12971 0.14122 -0.12632)
(-0.13905 0.15950 -0.12861)
(-0.12230 0.14818 -0.12393)
(-0.10787 0.14352 -0.12020)
(-0.12333 0.15227 -0.12493)
(-0.10378 0.14089 -0.11781)
(-0.08969 0.13312 -0.11598)
(-0.07017 0.12371 -0.11354)
(-0.09054 0.13775 -0.12281)
(-0.04236 0.08421 -0.07226)
(-0.00966 0.02311 -0.01960)
(-0.00598 0.01303 -0.01110)
(0.00036 0.00004 -0.00014)
(-0.01314 -0.00174 0.00423)
(-0.05000 -0.01463 0.02930)
(-0.05837 -0.01163 0.03827)
(-0.05847 -0.01982 0.04599)
(-0.05282 -0.02468 0.05566)
(-0.05270 -0.03043 0.05074)
(-0.04614 -0.04052 0.05611)
(-0.05441 -0.02980 0.05819)
(-0.04829 -0.04061 0.06716)
(-0.04797 -0.04184 0.06862)
(-0.03100 -0.04439 0.07902)
(-0.02764 -0.04697 0.08248)
(-0.02720 -0.04695 0.08340)
(-0.03151 -0.04476 0.08094)
(-0.03919 -0.03271 0.06754)
(-0.02710 -0.03996 0.06689)
(-0.02806 -0.03792 0.06809)
(-0.03104 -0.02565 0.06090)
(-0.03076 -0.01346 0.03094)
(-0.03381 -0.00614 0.01781)
(-0.03041 0.00485 -0.01175)
(-0.03460 0.01464 -0.02923)
(-0.04802 0.04178 -0.06514)
(-0.05228 0.06962 -0.10386)
(-0.05745 0.07649 -0.11403)
(-0.07066 0.08320 -0.13283)
(-0.09035 0.09660 -0.15187)
(-0.11649 0.12354 -0.17862)
(-0.13082 0.13230 -0.18447)
(-0.14333 0.14697 -0.18290)
(-0.15962 0.16097 -0.18950)
(-0.16176 0.16442 -0.19036)
(-0.16445 0.17982 -0.18489)
(-0.16895 0.17310 -0.16680)
(-0.17016 0.19135 -0.17097)
(-0.16413 0.18108 -0.14989)
(-0.17069 0.19411 -0.15027)
(-0.16045 0.18337 -0.14405)
(-0.16276 0.19280 -0.14707)
(-0.13975 0.16312 -0.12959)
(-0.13930 0.16910 -0.13131)
(-0.12447 0.16022 -0.12916)
(-0.11858 0.16235 -0.13740)
(-0.09826 0.15189 -0.13459)
(-0.08486 0.14641 -0.12697)
(-0.06139 0.12546 -0.10669)
(-0.01919 0.04373 -0.03733)
(0.00218 -0.00513 0.00454)
(-0.05180 0.10143 -0.08921)
(-0.00437 -0.00024 0.00228)
(-0.02512 -0.00243 0.01191)
(-0.02906 -0.00124 0.01864)
(-0.04565 -0.00449 0.02725)
(-0.06068 -0.01163 0.04835)
(-0.05341 -0.02175 0.05417)
(-0.05053 -0.02406 0.05729)
(-0.05111 -0.02615 0.05784)
(-0.04951 -0.02934 0.06050)
(-0.03851 -0.03950 0.06790)
(-0.02689 -0.04727 0.08216)
(-0.02460 -0.04726 0.08286)
(-0.02629 -0.04033 0.07540)
(-0.02195 -0.03366 0.05573)
(-0.01870 -0.02318 0.04628)
(-0.02672 -0.00792 0.01606)
(-0.02298 -0.00880 0.01363)
(-0.02736 0.01387 -0.01265)
(-0.02737 0.01488 -0.01490)
(-0.02950 0.02164 -0.03039)
(-0.04355 0.04531 -0.06605)
(-0.05075 0.07094 -0.10160)
(-0.05586 0.07736 -0.11027)
(-0.06143 0.08379 -0.11905)
(-0.08425 0.09905 -0.14181)
(-0.11002 0.12063 -0.17355)
(-0.10519 0.12900 -0.16826)
(-0.12092 0.13561 -0.18049)
(-0.13398 0.14572 -0.18936)
(-0.15162 0.16979 -0.19208)
(-0.15852 0.17717 -0.19456)
(-0.16964 0.20499 -0.19329)
(-0.17051 0.20479 -0.18734)
(-0.16980 0.20806 -0.18723)
(-0.16901 0.19665 -0.16701)
(-0.16264 0.19860 -0.16074)
(-0.16542 0.19728 -0.15162)
(-0.16341 0.19848 -0.15192)
(-0.16124 0.19421 -0.14690)
(-0.14244 0.18856 -0.14240)
(-0.13107 0.17631 -0.13863)
(-0.11001 0.16464 -0.13779)
(-0.09905 0.16868 -0.14405)
(-0.08670 0.15290 -0.13712)
(-0.09158 0.16231 -0.14333)
(-0.07570 0.14736 -0.13202)
(-0.04102 0.08884 -0.07913)
(-0.00257 0.00646 -0.00579)
(0.00094 -0.00236 0.00213)
(0.00139 -0.00000 -0.00099)
(-0.00208 0.00003 0.00158)
(-0.01570 -0.00003 0.01150)
(-0.04399 -0.00064 0.03274)
(-0.05339 -0.00433 0.04378)
(-0.04995 -0.00061 0.03921)
(-0.04960 -0.00919 0.04750)
(-0.05095 -0.02133 0.05588)
(-0.04835 -0.02761 0.06006)
(-0.04724 -0.02576 0.05930)
(-0.04519 -0.03074 0.06212)
(-0.03284 -0.04195 0.07077)
(-0.02767 -0.03888 0.05767)
(-0.02251 -0.04838 0.08224)
(-0.01779 -0.04783 0.07143)
(-0.01476 -0.03763 0.05059)
(-0.01262 -0.02174 0.04634)
(-0.01904 -0.01346 0.02705)
(-0.02517 0.01410 -0.01333)
(-0.02731 0.02031 -0.02396)
(-0.02660 0.02056 -0.02266)
(-0.02795 0.02488 -0.03165)
(-0.04987 0.07397 -0.10014)
(-0.05460 0.07907 -0.10681)
(-0.06024 0.08540 -0.11427)
(-0.07174 0.10091 -0.12686)
(-0.10036 0.13004 -0.16208)
(-0.11960 0.14696 -0.18115)
(-0.13614 0.17078 -0.19855)
(-0.14031 0.17617 -0.20046)
(-0.14301 0.18043 -0.20212)
(-0.16459 0.20473 -0.19825)
(-0.16798 0.20992 -0.19268)
(-0.16887 0.21176 -0.18742)
(-0.16292 0.21623 -0.17864)
(-0.16520 0.20324 -0.15664)
(-0.16303 0.20453 -0.15688)
(-0.15147 0.20039 -0.15605)
(-0.13080 0.18692 -0.14673)
(-0.12805 0.19225 -0.15242)
(-0.12046 0.17402 -0.14262)
(-0.10165 0.17332 -0.14803)
(-0.09815 0.16942 -0.14712)
(-0.09392 0.16527 -0.14660)
(-0.09021 0.16183 -0.14594)
(-0.05375 0.11749 -0.10499)
(-0.01403 0.03455 -0.03161)
(-0.00555 0.01360 -0.01249)
(0.00557 -0.01384 0.01259)
(-0.00421 0.00041 0.00325)
(-0.01607 0.00031 0.01277)
(-0.02988 0.00026 0.02373)
(-0.02512 0.00068 0.02093)
(-0.04760 -0.00007 0.03960)
(-0.04854 -0.00123 0.04030)
(-0.04525 -0.01529 0.05631)
(-0.03961 -0.01013 0.05087)
(-0.04599 -0.02366 0.05844)
(-0.04302 -0.02824 0.06076)
(-0.03071 -0.03877 0.05630)
(-0.00923 -0.05037 0.05798)
(-0.02234 -0.04668 0.06164)
(-0.00983 -0.04823 0.05565)
(-0.02130 -0.04056 0.04675)
(-0.01530 -0.03270 0.04623)
(-0.01653 -0.03173 0.03176)
(-0.01259 -0.01903 0.02327)
(-0.01863 0.00402 0.00374)
(-0.02588 0.01961 -0.02240)
(-0.02817 0.02680 -0.03123)
(-0.02856 0.02678 -0.03110)
(-0.03648 0.05147 -0.06074)
(-0.05262 0.07801 -0.09848)
(-0.06362 0.09317 -0.11014)
(-0.07927 0.11721 -0.13138)
(-0.10419 0.13946 -0.14942)
(-0.11992 0.15428 -0.17430)
(-0.13017 0.17007 -0.18795)
(-0.13767 0.17717 -0.19850)
(-0.14069 0.18209 -0.20128)
(-0.15663 0.20868 -0.20365)
(-0.16641 0.21195 -0.19711)
(-0.16473 0.21511 -0.19607)
(-0.16633 0.21564 -0.19163)
(-0.15719 0.22462 -0.18617)
(-0.15821 0.22554 -0.17189)
(-0.15568 0.22738 -0.17184)
(-0.15182 0.21722 -0.16560)
(-0.14738 0.22689 -0.17490)
(-0.13842 0.21428 -0.16254)
(-0.13396 0.20450 -0.15974)
(-0.13179 0.21612 -0.16642)
(-0.11487 0.18816 -0.15262)
(-0.10216 0.17561 -0.14992)
(-0.09893 0.17168 -0.14945)
(-0.09639 0.16917 -0.14978)
(-0.09421 0.16691 -0.15013)
(-0.09096 0.16303 -0.14912)
(-0.08290 0.15551 -0.15131)
(-0.05860 0.12391 -0.11825)
(-0.02125 0.04667 -0.04517)
(0.00226 -0.00547 0.00505)
(0.00017 -0.00000 -0.00019)
(-0.00242 0.00000 0.00286)
(-0.01530 0.00011 0.01770)
(-0.04152 0.00083 0.03568)
(-0.03865 -0.00183 0.04010)
(-0.04039 -0.00409 0.04248)
(-0.03177 -0.00349 0.04394)
(-0.03553 -0.01009 0.04617)
(-0.03766 -0.01751 0.05609)
(-0.02246 -0.01897 0.04768)
(-0.02376 -0.02043 0.05224)
(-0.02838 -0.02886 0.05687)
(-0.01936 -0.03614 0.04753)
(-0.00657 -0.04917 0.05149)
(-0.00282 -0.05571 0.05744)
(-0.00206 -0.04606 0.03400)
(-0.00697 -0.04154 0.03122)
(-0.01072 -0.02523 0.02586)
(-0.01080 -0.02037 0.02126)
(-0.01714 0.00957 -0.01058)
(-0.02298 0.02322 -0.02521)
(-0.04373 0.05329 -0.05625)
(-0.04083 0.05570 -0.05538)
(-0.05327 0.06808 -0.06814)
(-0.06299 0.08960 -0.09014)
(-0.07092 0.09985 -0.10539)
(-0.09075 0.12936 -0.12474)
(-0.10732 0.14295 -0.14079)
(-0.11949 0.15920 -0.16473)
(-0.12358 0.16091 -0.15657)
(-0.12855 0.17158 -0.17872)
(-0.14131 0.18302 -0.19155)
(-0.14375 0.18925 -0.20658)
(-0.15329 0.20761 -0.21001)
(-0.15654 0.21500 -0.20572)
(-0.14956 0.22151 -0.20923)
(-0.15828 0.22789 -0.20601)
(-0.15018 0.22921 -0.20254)
(-0.15146 0.24310 -0.18985)
(-0.15009 0.24378 -0.18909)
(-0.14197 0.23017 -0.18632)
(-0.13718 0.22253 -0.17304)
(-0.12815 0.21458 -0.17132)
(-0.12051 0.20350 -0.16521)
(-0.11802 0.19862 -0.16490)
(-0.10921 0.18302 -0.16125)
(-0.09693 0.17299 -0.16487)
(-0.08855 0.16135 -0.15585)
(-0.08129 0.15277 -0.15173)
(-0.07288 0.14341 -0.14843)
(-0.08593 0.15735 -0.15447)
(-0.07510 0.14539 -0.15185)
(-0.03229 0.06797 -0.06837)
(-0.00164 0.00387 -0.00372)
(0.00378 -0.00823 0.00804)
(-0.00088 -0.00013 0.00184)
(-0.00634 -0.00013 0.00837)
(-0.03466 0.00213 0.04112)
(-0.02462 0.00069 0.04136)
(-0.02838 -0.00146 0.04308)
(-0.03039 -0.00341 0.04530)
(-0.02706 -0.00166 0.04437)
(-0.02225 -0.01466 0.04526)
(-0.01999 -0.02012 0.04784)
(-0.00917 -0.03149 0.03305)
(-0.01425 -0.03264 0.04072)
(-0.00827 -0.04359 0.04435)
(-0.00316 -0.04720 0.03587)
(-0.00031 -0.04607 0.01734)
(-0.00098 -0.02278 -0.01041)
(-0.00359 -0.01586 -0.01762)
(-0.00748 -0.01712 -0.00487)
(-0.01368 0.00175 -0.01741)
(-0.01949 0.02050 -0.03186)
(-0.04022 0.04875 -0.05259)
(-0.06003 0.07390 -0.07160)
(-0.06267 0.08715 -0.08546)
(-0.06939 0.10012 -0.09583)
(-0.09213 0.12366 -0.11289)
(-0.12644 0.16097 -0.13500)
(-0.13152 0.16716 -0.14070)
(-0.13083 0.17207 -0.17186)
(-0.14143 0.18636 -0.18591)
(-0.15745 0.20977 -0.19771)
(-0.15864 0.21359 -0.20161)
(-0.14470 0.21632 -0.20987)
(-0.14496 0.22309 -0.21491)
(-0.14915 0.22600 -0.20650)
(-0.15017 0.23297 -0.21007)
(-0.14550 0.23719 -0.19227)
(-0.14214 0.23333 -0.19150)
(-0.13182 0.23044 -0.18977)
(-0.12629 0.22068 -0.18121)
(-0.12369 0.21665 -0.17946)
(-0.12058 0.21204 -0.16979)
(-0.11424 0.19627 -0.16459)
(-0.11396 0.20246 -0.16749)
(-0.10534 0.18876 -0.16574)
(-0.10254 0.17727 -0.16584)
(-0.10052 0.16922 -0.16192)
(-0.08725 0.15915 -0.15441)
(-0.07876 0.15031 -0.15170)
(-0.07522 0.14407 -0.15322)
(-0.08109 0.14900 -0.14982)
(-0.04606 0.09263 -0.09584)
(-0.00780 0.01682 -0.01659)
(-0.00446 0.00884 -0.00817)
(0.00140 0.00034 -0.00319)
(-0.00585 -0.00076 0.01240)
(-0.00054 -0.00012 0.00123)
(-0.00683 -0.00127 0.01564)
(-0.01624 -0.00155 0.03759)
(-0.02610 0.00011 0.04305)
(-0.01599 -0.00220 0.04055)
(-0.02162 -0.00467 0.04203)
(-0.01721 -0.01066 0.03881)
(-0.02194 -0.00748 0.04083)
(-0.01247 -0.01355 0.03535)
(-0.01309 -0.01845 0.04055)
(-0.00775 -0.02563 0.03741)
(0.00384 -0.04037 0.01452)
(0.00540 -0.04395 0.01107)
(0.00692 -0.04704 0.01426)
(-0.00096 -0.02454 -0.00983)
(-0.00421 -0.01709 -0.02229)
(-0.00796 -0.00920 -0.02607)
(-0.01946 0.00965 -0.04092)
(-0.04331 0.04194 -0.06292)
(-0.06288 0.06761 -0.07092)
(-0.09717 0.09810 -0.10325)
(-0.06560 0.08363 -0.07645)
(-0.08725 0.10908 -0.10029)
(-0.11150 0.14013 -0.11989)
(-0.12915 0.16188 -0.13338)
(-0.13341 0.16666 -0.13817)
(-0.13468 0.17149 -0.14495)
(-0.14360 0.19099 -0.17251)
(-0.15799 0.20902 -0.19472)
(-0.15956 0.21203 -0.19836)
(-0.15050 0.21276 -0.20796)
(-0.15088 0.22279 -0.21500)
(-0.14404 0.23100 -0.21356)
(-0.13665 0.23019 -0.20847)
(-0.13576 0.23114 -0.20658)
(-0.13462 0.23037 -0.19723)
(-0.12364 0.21917 -0.18892)
(-0.12486 0.21970 -0.18287)
(-0.12248 0.21581 -0.18099)
(-0.12126 0.21304 -0.17765)
(-0.11631 0.20710 -0.16938)
(-0.10900 0.19144 -0.16086)
(-0.10430 0.17689 -0.15693)
(-0.09904 0.17274 -0.15588)
(-0.09497 0.16635 -0.15039)
(-0.09119 0.16399 -0.14839)
(-0.08338 0.15430 -0.14937)
(-0.08602 0.15337 -0.14805)
(-0.05690 0.11004 -0.10349)
(-0.01072 0.02101 -0.01923)
(0.00130 0.00038 -0.00315)
(-0.00234 -0.00064 0.00572)
(-0.01396 -0.00239 0.03327)
(-0.01066 -0.00254 0.02667)
(-0.01384 -0.00314 0.03506)
(-0.01121 -0.00466 0.03823)
(-0.01281 -0.00565 0.03986)
(-0.00880 -0.00958 0.03613)
(-0.00006 -0.01722 0.03071)
(0.00119 -0.01961 0.02927)
(0.00052 -0.02712 0.03434)
(0.00460 -0.03944 0.01272)
(0.00597 -0.04133 0.00770)
(0.00642 -0.04284 0.00166)
(0.00613 -0.04437 0.00407)
(-0.00472 -0.03071 -0.01583)
(-0.00232 -0.01997 -0.02604)
(-0.00852 -0.01270 -0.03278)
(-0.03038 0.00961 -0.05904)
(-0.01377 -0.00190 -0.03428)
(-0.05143 0.04537 -0.07115)
(-0.05749 0.05260 -0.07467)
(-0.09957 0.09719 -0.10524)
(-0.10164 0.10541 -0.10507)
(-0.10550 0.11086 -0.10685)
(-0.13283 0.16324 -0.13254)
(-0.13563 0.16575 -0.13627)
(-0.13686 0.17092 -0.14247)
(-0.13994 0.17465 -0.14612)
(-0.14779 0.19094 -0.17240)
(-0.14694 0.19683 -0.18196)
(-0.15353 0.21537 -0.21238)
(-0.14690 0.21167 -0.21114)
(-0.14469 0.22381 -0.20912)
(-0.13765 0.22864 -0.21064)
(-0.13593 0.22802 -0.20984)
(-0.13422 0.22915 -0.20686)
(-0.12822 0.22121 -0.19944)
(-0.12375 0.21833 -0.18421)
(-0.12160 0.21468 -0.18206)
(-0.12004 0.21167 -0.17872)
(-0.11291 0.20351 -0.16663)
(-0.10716 0.19168 -0.15516)
(-0.10688 0.19056 -0.15475)
(-0.10058 0.18071 -0.14716)
(-0.09458 0.17595 -0.14053)
(-0.09356 0.17405 -0.14150)
(-0.09427 0.17526 -0.13994)
(-0.09346 0.17356 -0.14107)
(-0.09235 0.17170 -0.14203)
(-0.08786 0.15518 -0.14777)
(-0.07686 0.14655 -0.13657)
(-0.07104 0.13484 -0.12212)
(-0.01740 0.03351 -0.03008)
(0.00519 -0.01007 0.00900)
(0.00050 0.00015 -0.00126)
(-0.00396 -0.00112 0.01002)
(-0.01135 -0.00043 0.03354)
(-0.01417 -0.00011 0.03863)
(-0.01239 -0.00234 0.03946)
(-0.00895 -0.00416 0.03685)
(-0.00532 -0.00890 0.03580)
(0.00044 -0.01591 0.03026)
(0.00188 -0.01859 0.02849)
(0.00526 -0.02360 0.02473)
(0.00336 -0.02675 0.01592)
(0.00687 -0.04022 0.00649)
(0.00726 -0.04161 0.00049)
(0.00319 -0.04394 -0.01782)
(0.00581 -0.04403 -0.00648)
(-0.00954 -0.03207 -0.04293)
(-0.01757 -0.01662 -0.05072)
(-0.03650 0.00506 -0.07053)
(-0.05435 0.03329 -0.08564)
(-0.06779 0.05682 -0.08889)
(-0.09238 0.07965 -0.10348)
(-0.10424 0.10429 -0.10670)
(-0.10520 0.10115 -0.10836)
(-0.10851 0.11040 -0.10837)
(-0.13075 0.14233 -0.12317)
(-0.14073 0.15266 -0.12955)
(-0.13878 0.16937 -0.14025)
(-0.14710 0.17907 -0.15338)
(-0.16005 0.18816 -0.16616)
(-0.16018 0.19337 -0.17377)
(-0.14323 0.20113 -0.19288)
(-0.14010 0.20165 -0.20091)
(-0.14445 0.21425 -0.21106)
(-0.14459 0.22471 -0.21186)
(-0.13661 0.22709 -0.21192)
(-0.13411 0.22732 -0.20819)
(-0.13199 0.21934 -0.20073)
(-0.12359 0.21854 -0.19226)
(-0.12325 0.21217 -0.18197)
(-0.11185 0.20488 -0.16722)
(-0.10651 0.19533 -0.15824)
(-0.10542 0.19154 -0.15354)
(-0.10235 0.18317 -0.15175)
(-0.10417 0.18550 -0.15099)
(-0.09971 0.18074 -0.14158)
(-0.09480 0.17681 -0.13825)
(-0.09395 0.17469 -0.13978)
(-0.08882 0.16798 -0.14102)
(-0.09165 0.15914 -0.13831)
(-0.07906 0.14893 -0.13560)
(-0.08243 0.15246 -0.13463)
(-0.02459 0.04648 -0.04058)
(0.00108 -0.00205 0.00178)
(-0.00026 -0.00007 0.00060)
(-0.00675 -0.00120 0.01675)
(-0.00564 -0.00110 0.01262)
(-0.01326 -0.00344 0.03672)
(-0.01353 -0.00356 0.03859)
(-0.01063 -0.00122 0.03863)
(-0.00822 -0.00565 0.03829)
(-0.00170 -0.00813 0.03256)
(-0.00231 -0.01188 0.03354)
(0.00215 -0.01697 0.02817)
(0.00359 -0.02122 0.02266)
(0.00572 -0.02688 0.01091)
(0.00821 -0.03557 -0.00506)
(0.00148 -0.03613 -0.02290)
(-0.01350 -0.02982 -0.05137)
(-0.01477 -0.03731 -0.07585)
(-0.03380 -0.01242 -0.07315)
(-0.05800 0.03118 -0.08566)
(-0.06422 0.01778 -0.08992)
(-0.09039 0.06180 -0.10127)
(-0.10149 0.07319 -0.10388)
(-0.11580 0.09366 -0.10644)
(-0.10935 0.10705 -0.10980)
(-0.13304 0.13208 -0.12031)
(-0.14188 0.13760 -0.12688)
(-0.14169 0.15741 -0.13326)
(-0.15556 0.16962 -0.14632)
(-0.15865 0.18041 -0.16257)
(-0.16450 0.18707 -0.16696)
(-0.15586 0.19914 -0.18957)
(-0.16903 0.21005 -0.20232)
(-0.15540 0.21546 -0.21676)
(-0.15717 0.21847 -0.21696)
(-0.15555 0.21904 -0.22252)
(-0.14589 0.22363 -0.21314)
(-0.13994 0.21957 -0.20110)
(-0.12470 0.21356 -0.18758)
(-0.12415 0.21143 -0.18523)
(-0.11772 0.20385 -0.17227)
(-0.11243 0.19676 -0.15690)
(-0.10559 0.18984 -0.15254)
(-0.10188 0.18937 -0.14301)
(-0.09967 0.17918 -0.14063)
(-0.09602 0.18268 -0.14276)
(-0.09467 0.17747 -0.13712)
(-0.09519 0.17990 -0.14439)
(-0.09427 0.16900 -0.13998)
(-0.09380 0.16583 -0.13609)
(-0.09748 0.16802 -0.13445)
(-0.08849 0.15765 -0.13522)
(-0.03818 0.06072 -0.05360)
(-0.00275 0.00436 -0.00370)
(-0.00120 -0.00026 0.00254)
(-0.00994 -0.00255 0.02277)
(-0.01374 -0.00382 0.03730)
(-0.01226 -0.00172 0.03732)
(-0.01144 -0.00005 0.03784)
(-0.00632 -0.00347 0.03487)
(-0.00016 -0.01088 0.02849)
(0.00075 -0.01214 0.03065)
(0.00183 -0.01445 0.02526)
(0.00709 -0.01960 0.01798)
(0.00913 -0.03027 -0.00277)
(0.00221 -0.03355 -0.01741)
(-0.00829 -0.03360 -0.03838)
(-0.01275 -0.02755 -0.03351)
(-0.01913 -0.02731 -0.06267)
(-0.03756 -0.00845 -0.07134)
(-0.07953 0.02884 -0.09164)
(-0.08485 0.03949 -0.09643)
(-0.10305 0.06229 -0.10764)
(-0.11238 0.07884 -0.10809)
(-0.13261 0.10837 -0.11055)
(-0.14464 0.12936 -0.11559)
(-0.14511 0.13420 -0.12173)
(-0.15206 0.14894 -0.13157)
(-0.15672 0.16197 -0.14066)
(-0.16207 0.16551 -0.15600)
(-0.16786 0.17307 -0.16347)
(-0.16563 0.19321 -0.18319)
(-0.18357 0.20738 -0.20277)
(-0.16586 0.21231 -0.21284)
(-0.16130 0.21528 -0.21608)
(-0.16157 0.21663 -0.22176)
(-0.14857 0.21605 -0.21628)
(-0.14843 0.21508 -0.20412)
(-0.12595 0.21311 -0.18782)
(-0.12652 0.20958 -0.18344)
(-0.11951 0.20403 -0.16971)
(-0.11457 0.20126 -0.15631)
(-0.10853 0.19559 -0.15264)
(-0.09981 0.19016 -0.14405)
(-0.10214 0.19241 -0.14067)
(-0.10069 0.18998 -0.13924)
(-0.09707 0.18807 -0.14169)
(-0.09976 0.18343 -0.14747)
(-0.09542 0.18186 -0.14365)
(-0.09771 0.17252 -0.13881)
(-0.10092 0.16852 -0.13371)
(-0.10076 0.16151 -0.13028)
(-0.07170 0.10464 -0.09258)
(-0.03304 0.05108 -0.04493)
(-0.00494 0.00756 -0.00662)
(0.00105 0.00037 -0.00168)
(-0.00378 -0.00116 0.00624)
(-0.01200 -0.00447 0.02104)
(-0.01817 -0.00444 0.03731)
(-0.01500 -0.00162 0.03844)
(-0.01344 -0.00121 0.03852)
(-0.00847 -0.00508 0.03489)
(-0.01230 -0.00059 0.03838)
(-0.00335 -0.00670 0.03006)
(0.00079 -0.01182 0.02653)
(0.00244 -0.01457 0.02343)
(0.00262 -0.01419 0.01053)
(0.00524 -0.02304 -0.00002)
(-0.00181 -0.02274 -0.01033)
(-0.01931 -0.01497 -0.03344)
(-0.02396 -0.02005 -0.04903)
(-0.02646 -0.01166 -0.04509)
(-0.03830 -0.00666 -0.06421)
(-0.08090 0.02911 -0.08946)
(-0.08758 0.03850 -0.09351)
(-0.09367 0.04560 -0.09539)
(-0.10569 0.06424 -0.10315)
(-0.13522 0.10641 -0.11096)
(-0.14588 0.11872 -0.10999)
(-0.14765 0.12400 -0.11661)
(-0.14582 0.12682 -0.12375)
(-0.15307 0.13975 -0.13013)
(-0.15650 0.15042 -0.13883)
(-0.16162 0.15324 -0.15078)
(-0.16333 0.15681 -0.15491)
(-0.16318 0.18169 -0.17873)
(-0.18491 0.20503 -0.20154)
(-0.18419 0.21039 -0.20743)
(-0.17911 0.21460 -0.21638)
(-0.17151 0.21149 -0.21302)
(-0.16775 0.21904 -0.21727)
(-0.15263 0.21155 -0.19196)
(-0.14347 0.21308 -0.19340)
(-0.13643 0.20328 -0.18269)
(-0.11841 0.20399 -0.16033)
(-0.11653 0.20366 -0.15678)
(-0.11298 0.20196 -0.15311)
(-0.11138 0.20403 -0.15055)
(-0.09743 0.18907 -0.13967)
(-0.09667 0.19113 -0.14309)
(-0.09975 0.18498 -0.14801)
(-0.10376 0.18469 -0.15420)
(-0.09935 0.18054 -0.14719)
(-0.10012 0.17761 -0.14093)
(-0.10740 0.16993 -0.14143)
(-0.10588 0.16969 -0.13567)
(-0.10556 0.14849 -0.13119)
(-0.07462 0.09257 -0.07881)
(-0.00803 0.00966 -0.00821)
(-0.00810 0.00923 -0.00810)
(-0.00361 -0.00133 0.00475)
(-0.01906 -0.00789 0.02874)
(-0.01659 -0.00210 0.03893)
(-0.01554 -0.00167 0.03894)
(-0.01410 -0.00118 0.03883)
(-0.01268 -0.00035 0.03874)
(-0.00581 -0.00343 0.03141)
(0.00060 -0.00802 0.02877)
(0.00147 -0.01300 0.02435)
(0.00068 -0.01133 0.01475)
(-0.00417 -0.01610 -0.00694)
(-0.02035 -0.01188 -0.03553)
(-0.02571 -0.00917 -0.04011)
(-0.03192 -0.00861 -0.04914)
(-0.05326 0.01053 -0.05844)
(-0.08713 0.03680 -0.09082)
(-0.08653 0.03676 -0.08754)
(-0.09291 0.04376 -0.09243)
(-0.10904 0.06263 -0.09557)
(-0.12553 0.08439 -0.10275)
(-0.12503 0.08517 -0.10530)
(-0.13551 0.09765 -0.10903)
(-0.13732 0.10333 -0.11634)
(-0.13955 0.10650 -0.11747)
(-0.15566 0.13045 -0.13047)
(-0.16153 0.14957 -0.14885)
(-0.16299 0.15288 -0.15315)
(-0.16451 0.15945 -0.15922)
(-0.17026 0.18042 -0.18307)
(-0.18678 0.20814 -0.20534)
(-0.18912 0.21177 -0.20592)
(-0.18225 0.21130 -0.21302)
(-0.17756 0.21581 -0.21238)
(-0.15829 0.21234 -0.19193)
(-0.15145 0.21052 -0.18765)
(-0.15016 0.21018 -0.18364)
(-0.12067 0.20551 -0.16015)
(-0.11847 0.20606 -0.15742)
(-0.11437 0.20473 -0.15433)
(-0.11159 0.20683 -0.15298)
(-0.10075 0.20024 -0.14039)
(-0.10678 0.20656 -0.15392)
(-0.11480 0.19765 -0.16229)
(-0.11484 0.19617 -0.15880)
(-0.10598 0.18075 -0.15200)
(-0.10831 0.17256 -0.13729)
(-0.10860 0.17068 -0.13549)
(-0.11277 0.13953 -0.12229)
(-0.08741 0.10370 -0.09100)
(-0.04862 0.05650 -0.04957)
(-0.09106 0.10304 -0.09231)
(-0.01340 0.01444 -0.01291)
(-0.00095 -0.00037 0.00120)
(-0.00731 -0.00276 0.00933)
(-0.00493 -0.00191 0.00611)
(-0.01792 -0.00645 0.02305)
(-0.02436 -0.00834 0.03745)
(-0.02187 -0.00517 0.03862)
(-0.01689 -0.00149 0.03982)
(-0.01666 -0.00069 0.04005)
(-0.01481 -0.00101 0.03929)
(-0.00911 -0.00401 0.03852)
(-0.00822 0.00011 0.03753)
(-0.00225 -0.00297 0.03229)
(0.00058 -0.00609 0.02425)
(0.00007 -0.00818 0.01439)
(-0.00683 -0.01117 0.00682)
(-0.01390 -0.00958 -0.02014)
(-0.02528 -0.00638 -0.03628)
(-0.03145 -0.00567 -0.04460)
(-0.04367 0.00282 -0.05242)
(-0.08084 0.04019 -0.06418)
(-0.09144 0.04285 -0.08892)
(-0.11106 0.06381 -0.08849)
(-0.12953 0.08497 -0.09247)
(-0.13413 0.09433 -0.10563)
(-0.14019 0.10164 -0.11281)
(-0.13840 0.10424 -0.11644)
(-0.15134 0.11884 -0.12382)
(-0.15643 0.13686 -0.14209)
(-0.16101 0.14788 -0.15140)
(-0.16548 0.15722 -0.15858)
(-0.18140 0.17768 -0.17746)
(-0.18866 0.20052 -0.19845)
(-0.19170 0.20518 -0.20170)
(-0.19273 0.20803 -0.20569)
(-0.18504 0.21533 -0.21014)
(-0.16922 0.21595 -0.19849)
(-0.15542 0.21107 -0.18728)
(-0.15250 0.21122 -0.18238)
(-0.13940 0.21440 -0.16721)
(-0.12360 0.21367 -0.15860)
(-0.11554 0.20740 -0.15568)
(-0.11526 0.21445 -0.15817)
(-0.10543 0.21069 -0.15249)
(-0.11062 0.22047 -0.16591)
(-0.11285 0.20959 -0.15996)
(-0.11515 0.20427 -0.16002)
(-0.11548 0.19986 -0.15907)
(-0.11594 0.18514 -0.15109)
(-0.11578 0.15634 -0.13464)
(-0.11554 0.13889 -0.12467)
(-0.11831 0.13638 -0.12363)
(-0.11994 0.13211 -0.11991)
(-0.08245 0.08815 -0.07977)
(-0.01501 0.01408 -0.01318)
(0.01225 -0.01120 0.01044)
(-0.00052 -0.00027 0.00056)
(-0.00630 -0.00329 0.00693)
(-0.02748 -0.01039 0.03668)
(-0.01832 -0.00833 0.02132)
(-0.03107 -0.01244 0.03818)
(-0.02481 -0.00797 0.03994)
(-0.02362 -0.00587 0.04163)
(-0.02076 -0.00789 0.04414)
(-0.01610 -0.00711 0.04380)
(-0.00937 -0.00455 0.04139)
(-0.00336 0.00001 0.03803)
(-0.00393 -0.00339 0.03403)
(-0.00107 -0.01017 0.02487)
(-0.00648 -0.00833 0.01552)
(-0.01602 -0.00545 0.00050)
(-0.02023 -0.00355 -0.00486)
(-0.04272 0.01473 -0.02490)
(-0.03081 -0.00250 -0.04077)
(-0.04956 0.01357 -0.04578)
(-0.07608 0.04328 -0.05484)
(-0.09252 0.05335 -0.06810)
(-0.11133 0.06804 -0.07756)
(-0.12129 0.08014 -0.08195)
(-0.13492 0.09106 -0.09555)
(-0.13815 0.09638 -0.09842)
(-0.15571 0.11231 -0.10299)
(-0.15586 0.12113 -0.11737)
(-0.16358 0.13185 -0.12921)
(-0.15981 0.13229 -0.13693)
(-0.17540 0.15471 -0.15677)
(-0.18324 0.17289 -0.17342)
(-0.18757 0.18860 -0.18879)
(-0.20067 0.20429 -0.19298)
(-0.20042 0.20889 -0.19688)
(-0.19513 0.21311 -0.20299)
(-0.18985 0.21552 -0.19399)
(-0.15843 0.21147 -0.18617)
(-0.16053 0.21749 -0.17865)
(-0.15192 0.22519 -0.17227)
(-0.14350 0.22441 -0.16618)
(-0.13729 0.22999 -0.17191)
(-0.13193 0.23049 -0.17288)
(-0.11336 0.22733 -0.17017)
(-0.11444 0.22201 -0.17206)
(-0.11629 0.21543 -0.17060)
(-0.12250 0.21322 -0.17744)
(-0.11939 0.19946 -0.16915)
(-0.13207 0.17971 -0.16444)
(-0.13175 0.17345 -0.15311)
(-0.14079 0.17154 -0.16277)
(-0.14857 0.15090 -0.14157)
(-0.13152 0.12566 -0.11835)
(-0.08346 0.07528 -0.07136)
(-0.02486 0.02102 -0.01973)
(0.01038 -0.00744 0.00656)
(-0.00383 -0.00235 0.00375)
(-0.02086 -0.01249 0.02128)
(-0.03472 -0.01411 0.03998)
(-0.03149 -0.00888 0.04305)
(-0.02827 -0.00598 0.04576)
(-0.02524 -0.01020 0.04565)
(-0.02262 -0.01383 0.04680)
(-0.01729 -0.00816 0.04454)
(-0.01259 -0.01109 0.04564)
(-0.01197 -0.01337 0.04427)
(-0.00809 -0.00671 0.04175)
(-0.00406 -0.00602 0.03665)
(-0.00427 -0.01043 0.03242)
(-0.00754 -0.01150 0.03526)
(-0.00826 -0.01027 0.03156)
(-0.01635 -0.00356 0.00339)
(-0.01030 -0.00512 0.02813)
(-0.02288 0.00100 -0.00065)
(-0.04156 0.01778 -0.00599)
(-0.05945 0.03041 -0.03178)
(-0.07710 0.04465 -0.04575)
(-0.08324 0.05035 -0.06026)
(-0.10979 0.06916 -0.06611)
(-0.12843 0.09091 -0.06554)
(-0.13654 0.09480 -0.08790)
(-0.13842 0.09826 -0.09319)
(-0.16132 0.11783 -0.09918)
(-0.15817 0.11857 -0.10678)
(-0.15940 0.12375 -0.12106)
(-0.16473 0.13438 -0.13279)
(-0.17565 0.15074 -0.14737)
(-0.18192 0.16545 -0.16138)
(-0.19136 0.18492 -0.18496)
(-0.19715 0.19364 -0.18320)
(-0.21449 0.21277 -0.18453)
(-0.19824 0.21333 -0.19601)
(-0.19468 0.21400 -0.18792)
(-0.19372 0.22547 -0.18962)
(-0.19399 0.23499 -0.18918)
(-0.16947 0.23258 -0.17578)
(-0.14697 0.23009 -0.16299)
(-0.15324 0.24609 -0.18600)
(-0.13861 0.24446 -0.17644)
(-0.14489 0.25445 -0.19556)
(-0.12891 0.23562 -0.18072)
(-0.12629 0.23040 -0.18317)
(-0.13980 0.23379 -0.20569)
(-0.13993 0.22878 -0.20373)
(-0.13732 0.21651 -0.19868)
(-0.14429 0.22675 -0.20503)
(-0.14189 0.19697 -0.18224)
(-0.15562 0.17174 -0.16249)
(-0.15616 0.16803 -0.15836)
(-0.15655 0.14345 -0.12892)
(-0.05226 0.04379 -0.03931)
(-0.00908 0.00654 -0.00550)
(0.00352 -0.00250 0.00209)
(-0.00075 -0.00046 0.00071)
(-0.01167 -0.00718 0.01132)
(-0.02946 -0.01799 0.02985)
(-0.03518 -0.01748 0.03880)
(-0.03445 -0.01580 0.04149)
(-0.03137 -0.01735 0.04247)
(-0.02913 -0.01497 0.04629)
(-0.02251 -0.01794 0.04888)
(-0.01960 -0.01697 0.04874)
(-0.01826 -0.01850 0.04902)
(-0.00974 -0.01103 0.04163)
(-0.00779 -0.01334 0.03706)
(-0.00871 -0.01128 0.03407)
(-0.01014 -0.00981 0.03282)
(-0.02460 0.00662 0.01405)
(-0.04078 0.02140 0.00687)
(-0.05790 0.03499 -0.01851)
(-0.07829 0.05108 -0.02519)
(-0.08701 0.05574 -0.04197)
(-0.09118 0.06497 -0.03079)
(-0.10972 0.07997 -0.05412)
(-0.12944 0.09229 -0.06148)
(-0.13246 0.09392 -0.06755)
(-0.13478 0.09678 -0.07526)
(-0.15259 0.11068 -0.09438)
(-0.16332 0.12005 -0.10147)
(-0.16446 0.12413 -0.10855)
(-0.17134 0.13641 -0.11704)
(-0.17614 0.14926 -0.14044)
(-0.18346 0.16315 -0.14654)
(-0.19104 0.17788 -0.16549)
(-0.20474 0.19595 -0.17877)
(-0.21435 0.21181 -0.18154)
(-0.21517 0.21550 -0.18402)
(-0.20468 0.21946 -0.18130)
(-0.20412 0.23396 -0.18869)
(-0.19507 0.23150 -0.18447)
(-0.17762 0.23275 -0.17727)
(-0.16405 0.24194 -0.18210)
(-0.15696 0.25702 -0.19257)
(-0.15223 0.25634 -0.19417)
(-0.15284 0.25894 -0.19897)
(-0.14610 0.24588 -0.19470)
(-0.14701 0.23914 -0.20804)
(-0.14643 0.23231 -0.20862)
(-0.14811 0.22145 -0.20096)
(-0.15343 0.20094 -0.18215)
(-0.17557 0.20843 -0.17684)
(-0.17489 0.19416 -0.16657)
(-0.17681 0.18496 -0.15816)
(-0.17216 0.16647 -0.12973)
(-0.06250 0.05183 -0.04297)
(-0.00459 0.00377 -0.00307)
(-0.00062 -0.00029 0.00049)
(-0.01859 -0.00866 0.01504)
(-0.04016 -0.01993 0.03482)
(-0.04784 -0.02122 0.04298)
(-0.04294 -0.02011 0.04110)
(-0.03301 -0.01935 0.04479)
(-0.03068 -0.02214 0.04559)
(-0.03183 -0.01838 0.04565)
(-0.02376 -0.02041 0.04880)
(-0.02121 -0.01964 0.04911)
(-0.02286 -0.02186 0.04916)
(-0.01980 -0.02111 0.04939)
(-0.01717 -0.02008 0.04940)
(-0.01289 -0.01757 0.04255)
(-0.00909 -0.01300 0.03633)
(-0.01093 -0.01151 0.03552)
(-0.03049 0.00831 0.01711)
(-0.03997 0.01653 0.01401)
(-0.06404 0.03929 -0.00621)
(-0.08036 0.05682 -0.01420)
(-0.08722 0.06176 -0.01710)
(-0.11061 0.07911 -0.04387)
(-0.13118 0.09380 -0.05733)
(-0.13352 0.09520 -0.06331)
(-0.13700 0.09745 -0.06506)
(-0.15460 0.11063 -0.08190)
(-0.16444 0.12005 -0.09781)
(-0.16992 0.12608 -0.09813)
(-0.17457 0.14171 -0.12669)
(-0.18768 0.16920 -0.14878)
(-0.20041 0.18476 -0.15655)
(-0.21542 0.21512 -0.18150)
(-0.19921 0.22312 -0.17828)
(-0.19688 0.23342 -0.18096)
(-0.17704 0.24610 -0.18368)
(-0.15690 0.25935 -0.19720)
(-0.15432 0.26218 -0.20365)
(-0.14840 0.23823 -0.21231)
(-0.17649 0.23325 -0.19833)
(-0.07737 0.07000 -0.05104)
(-0.00318 -0.00150 0.00234)
(-0.02877 -0.01341 0.02263)
(-0.05273 -0.02201 0.04544)
(-0.04436 -0.01920 0.03354)
(-0.05372 -0.02298 0.04541)
(-0.05158 -0.02286 0.04616)
(-0.03889 -0.02649 0.04555)
(-0.02529 -0.02257 0.04860)
(-0.02495 -0.02380 0.04908)
(-0.02144 -0.02319 0.04950)
(-0.01780 -0.02616 0.04987)
(-0.01562 -0.02104 0.04811)
(-0.01493 -0.02224 0.04605)
(-0.01392 -0.01357 0.04167)
(-0.02898 -0.00003 0.03633)
(-0.02852 0.00414 0.02671)
(-0.04069 0.01529 0.02513)
(-0.06392 0.03742 0.00270)
(-0.05794 0.03250 0.01684)
(-0.07992 0.05542 -0.00985)
(-0.08736 0.06109 -0.01367)
(-0.10415 0.07397 -0.02588)
(-0.12833 0.09154 -0.04401)
(-0.13589 0.09691 -0.05671)
(-0.13898 0.09862 -0.06113)
(-0.15993 0.11349 -0.08191)
(0.00523 0.00236 -0.00331)
(-0.01541 -0.00655 0.00997)
(-0.05697 -0.02332 0.03694)
(-0.05527 -0.02372 0.04038)
(-0.05239 -0.02509 0.04352)
(-0.04882 -0.02589 0.04317)
(-0.04102 -0.02856 0.04487)
(-0.04091 -0.02876 0.04652)
(-0.04216 -0.03004 0.04568)
(-0.03279 -0.02953 0.04957)
(-0.02640 -0.03241 0.05041)
(-0.02512 -0.03044 0.05026)
(-0.01441 -0.02886 0.04985)
(-0.01178 -0.03084 0.05034)
(-0.01961 -0.01156 0.04123)
(-0.02735 -0.00126 0.03854)
(-0.04256 0.01729 0.02787)
(-0.05939 0.03041 0.01836)
(-0.07911 0.05234 -0.00387)
(-0.10760 0.07446 -0.01955)
(-0.12673 0.08650 -0.02989)
(0.00525 0.00213 -0.00315)
(-0.00374 -0.00151 0.00224)
(-0.02622 -0.01069 0.01525)
(-0.05741 -0.02653 0.03721)
(-0.05645 -0.02744 0.03793)
(-0.05700 -0.02958 0.04049)
(-0.04846 -0.03135 0.04486)
(-0.04159 -0.03269 0.04869)
(-0.03500 -0.03376 0.05083)
(-0.02741 -0.03001 0.04915)
(-0.01971 -0.02877 0.04942)
(-0.01975 -0.02456 0.04902)
(-0.02627 -0.01455 0.04489)
(-0.03793 0.00002 0.03829)
(-0.03798 0.00730 0.03255)
(-0.04950 0.01557 0.03017)
(-0.06962 0.04078 0.01189)
(-0.00125 -0.00048 0.00069)
(-0.03234 -0.01249 0.01854)
(-0.04741 -0.02017 0.02930)
(-0.06008 -0.02630 0.03786)
(-0.05819 -0.02769 0.03869)
(-0.05935 -0.02795 0.03928)
(-0.05874 -0.02832 0.04300)
(-0.05384 -0.03062 0.04572)
(-0.04436 -0.03272 0.04680)
(-0.04956 -0.02963 0.04781)
(-0.04061 -0.02923 0.04988)
(-0.03807 -0.02664 0.04969)
(-0.02994 -0.02887 0.05001)
(-0.03803 -0.02492 0.05109)
(-0.03341 -0.02247 0.04929)
(-0.03301 -0.01154 0.04360)
(-0.00340 -0.00128 0.00188)
(-0.04579 -0.01825 0.02680)
(-0.06195 -0.02634 0.03851)
(-0.06723 -0.02508 0.03883)
(-0.06155 -0.02673 0.03930)
(-0.05974 -0.02662 0.04150)
(-0.06132 -0.02706 0.04649)
(-0.05121 -0.02916 0.04782)
(-0.04346 -0.02836 0.05168)
(-0.04115 -0.02544 0.05117)
(0.00076 0.00025 -0.00040)
(-0.02183 -0.00709 0.01132)
(-0.05519 -0.01771 0.02942)
(-0.17304 0.13313 -0.10353)
(-0.18473 0.16254 -0.14164)
(-0.21427 0.21161 -0.17823)
(-0.21469 0.22068 -0.17872)
(-0.18085 0.23544 -0.17569)
(-0.16655 0.25947 -0.19454)
(-0.15674 0.26197 -0.20174)
(-0.15743 0.25779 -0.21135)
(-0.17118 0.25204 -0.20135)
(-0.19061 0.23142 -0.19182)
(-0.18033 0.20867 -0.17388)
(-0.18467 0.18003 -0.13685)
(-0.18368 0.17553 -0.13171)
(-0.18221 0.17012 -0.12596)
(-0.01751 0.01562 -0.01132)
(-0.15698 0.11004 -0.06799)
(-0.16675 0.12256 -0.08909)
(-0.16886 0.12799 -0.09625)
(-0.17696 0.13765 -0.11228)
(-0.18724 0.16062 -0.13372)
(-0.18828 0.16869 -0.14413)
(-0.19844 0.18669 -0.14953)
(-0.20739 0.20256 -0.15865)
(-0.21523 0.21496 -0.17862)
(-0.20997 0.21554 -0.16905)
(-0.20232 0.22566 -0.17795)
(-0.19686 0.23387 -0.17783)
(-0.18256 0.23541 -0.17593)
(-0.17988 0.23900 -0.17719)
(-0.17592 0.25808 -0.19309)
(-0.16003 0.26179 -0.19887)
(-0.15915 0.26447 -0.20318)
(-0.15915 0.26953 -0.21239)
(-0.16879 0.28433 -0.21905)
(-0.16647 0.26084 -0.21419)
(-0.18927 0.26756 -0.20878)
(-0.19621 0.25533 -0.19802)
(-0.20624 0.25131 -0.18646)
(-0.19595 0.21341 -0.15966)
(-0.18900 0.18497 -0.13501)
(-0.18622 0.17693 -0.12634)
(-0.07196 0.06670 -0.04686)
(-0.00720 0.00661 -0.00460)
(-0.14319 0.09979 -0.03604)
(-0.15270 0.10713 -0.05507)
(-0.15614 0.10864 -0.05830)
(-0.16786 0.11553 -0.07020)
(-0.17010 0.12165 -0.07406)
(-0.17416 0.12651 -0.09286)
(-0.17705 0.13567 -0.10467)
(-0.18628 0.15178 -0.11296)
(-0.18802 0.16748 -0.13916)
(-0.19473 0.16958 -0.12182)
(-0.19553 0.18214 -0.14324)
(-0.20004 0.20082 -0.14986)
(-0.20631 0.20925 -0.16299)
(-0.20880 0.21588 -0.16661)
(-0.20638 0.22476 -0.17354)
(-0.19731 0.23227 -0.17543)
(-0.19040 0.23232 -0.17606)
(-0.18107 0.24362 -0.17981)
(-0.17858 0.26040 -0.18804)
(-0.16811 0.26155 -0.19707)
(-0.16882 0.27455 -0.20536)
(-0.17684 0.28636 -0.21507)
(-0.17246 0.29599 -0.23102)
(-0.18694 0.29418 -0.21703)
(-0.19954 0.28261 -0.20525)
(-0.20637 0.26679 -0.19516)
(-0.21794 0.28669 -0.19300)
(-0.22091 0.26150 -0.17753)
(-0.20956 0.24330 -0.16935)
(-0.22214 0.25603 -0.16231)
(-0.19499 0.19715 -0.14105)
(-0.18811 0.18201 -0.12398)
(-0.09460 0.09087 -0.05979)
(-0.02228 0.02096 -0.01304)
(0.00857 -0.00805 0.00498)
(-0.08976 0.05571 0.00440)
(-0.10881 0.07391 -0.01151)
(-0.12473 0.08443 -0.02318)
(-0.14110 0.09711 -0.03446)
(-0.15446 0.10753 -0.04832)
(-0.16493 0.11129 -0.05427)
(-0.16868 0.11590 -0.07064)
(-0.17230 0.12089 -0.07550)
(-0.18304 0.13385 -0.08576)
(-0.18476 0.13793 -0.09098)
(-0.18526 0.14956 -0.10045)
(-0.19446 0.16570 -0.11314)
(-0.19168 0.17592 -0.12693)
(-0.19485 0.18318 -0.13338)
(-0.20017 0.20190 -0.15080)
(-0.19556 0.20865 -0.15651)
(-0.19580 0.21341 -0.15708)
(-0.20039 0.22633 -0.16841)
(-0.19487 0.22914 -0.16991)
(-0.19204 0.24551 -0.17948)
(-0.18872 0.25073 -0.18204)
(-0.17920 0.25887 -0.18356)
(-0.17212 0.26561 -0.19223)
(-0.17627 0.28089 -0.19680)
(-0.17622 0.28493 -0.20507)
(-0.18382 0.29507 -0.19552)
(-0.18323 0.29356 -0.20680)
(-0.20861 0.30330 -0.19875)
(-0.21311 0.30106 -0.19874)
(-0.23240 0.30632 -0.18514)
(-0.23689 0.28893 -0.17960)
(-0.22680 0.25002 -0.15169)
(-0.23539 0.27459 -0.15747)
(-0.22569 0.24247 -0.14036)
(-0.19431 0.20629 -0.12067)
(-0.02368 0.02442 -0.01285)
(0.01926 -0.01986 0.01046)
(-0.15521 0.16942 -0.08928)
(-0.03871 0.00003 0.03825)
(-0.04204 0.00473 0.03590)
(-0.04585 0.00900 0.03321)
(-0.06788 0.03325 0.01811)
(-0.08833 0.05425 0.00496)
(-0.09797 0.06051 -0.00279)
(-0.09777 0.06307 -0.00066)
(-0.11560 0.07594 -0.01464)
(-0.13407 0.08849 -0.03068)
(-0.15108 0.10092 -0.04389)
(-0.16624 0.11132 -0.05756)
(-0.16873 0.11317 -0.06078)
(-0.17680 0.12403 -0.07379)
(-0.18431 0.13718 -0.08860)
(-0.18514 0.14079 -0.09081)
(-0.18841 0.15861 -0.10320)
(-0.19622 0.17230 -0.12004)
(-0.19278 0.18054 -0.12230)
(-0.19917 0.19659 -0.14112)
(-0.18746 0.18024 -0.12133)
(-0.19436 0.20867 -0.15343)
(-0.19371 0.20990 -0.15453)
(-0.19413 0.21374 -0.15780)
(-0.18810 0.23348 -0.17105)
(-0.18885 0.24822 -0.18074)
(-0.18858 0.24455 -0.17873)
(-0.18093 0.25394 -0.17729)
(-0.17330 0.27005 -0.19154)
(-0.17352 0.26570 -0.18325)
(-0.17864 0.28538 -0.18544)
(-0.18762 0.29684 -0.17988)
(-0.19232 0.30400 -0.18965)
(-0.21678 0.30510 -0.18365)
(-0.22892 0.30942 -0.18684)
(-0.23626 0.30972 -0.18097)
(-0.24028 0.30762 -0.17880)
(-0.23742 0.27908 -0.13737)
(-0.23271 0.26927 -0.13429)
(-0.22026 0.25275 -0.12269)
(-0.12996 0.14129 -0.06572)
(-0.01573 0.01695 -0.00796)
(-0.07801 0.08538 -0.03274)
(-0.01482 0.01621 -0.00620)
(-0.04002 -0.02397 0.05125)
(-0.03762 -0.02338 0.05099)
(-0.04022 -0.01457 0.04666)
(-0.03949 0.00008 0.03838)
(-0.04234 0.00414 0.03612)
(-0.04267 0.00353 0.03659)
(-0.04598 0.00830 0.03350)
(-0.07448 0.03758 0.01675)
(-0.05933 0.02115 0.02379)
(-0.08374 0.04414 0.00842)
(-0.09453 0.05570 -0.00070)
(-0.12389 0.07759 -0.02482)
(-0.13013 0.08116 -0.02930)
(-0.14495 0.09429 -0.04019)
(-0.16589 0.11064 -0.05777)
(-0.16825 0.11261 -0.06053)
(-0.17012 0.11418 -0.06276)
(-0.17519 0.12123 -0.07057)
(-0.18410 0.13640 -0.08678)
(-0.18485 0.13959 -0.08901)
(-0.18639 0.14962 -0.09328)
(-0.18905 0.16614 -0.10998)
(-0.18659 0.17550 -0.11455)
(-0.18655 0.17768 -0.11806)
(-0.19212 0.19988 -0.14330)
(-0.19211 0.20688 -0.15225)
(-0.19250 0.21089 -0.15571)
(-0.19106 0.20801 -0.15350)
(-0.18431 0.22157 -0.16254)
(-0.17735 0.22369 -0.16351)
(-0.17618 0.24594 -0.16791)
(-0.16984 0.25036 -0.16547)
(-0.18402 0.29158 -0.17654)
(-0.18914 0.29704 -0.17569)
(-0.19356 0.30231 -0.17853)
(-0.21814 0.30922 -0.17171)
(-0.23324 0.31255 -0.18220)
(-0.23970 0.31266 -0.17723)
(-0.24329 0.31039 -0.17558)
(-0.24690 0.30577 -0.15511)
(-0.23336 0.27506 -0.12715)
(-0.21297 0.24341 -0.10255)
(-0.06851 0.07794 -0.02804)
(0.01429 -0.01618 0.00590)
(-0.00502 0.00571 -0.00204)
(-0.07401 -0.02484 0.04005)
(-0.07331 -0.02428 0.04395)
(-0.06542 -0.02620 0.04380)
(-0.06332 -0.02686 0.04765)
(-0.06394 -0.02720 0.04790)
(-0.05953 -0.02765 0.04984)
(-0.04957 -0.02676 0.05109)
(-0.04262 -0.02471 0.05140)
(-0.04397 -0.02381 0.05179)
(-0.04176 -0.02302 0.05152)
(-0.03959 -0.02225 0.05110)
(-0.04187 -0.01296 0.04709)
(-0.04218 -0.00204 0.04067)
(-0.04359 -0.00063 0.03802)
(-0.06013 0.01969 0.02569)
(-0.08119 0.04091 0.00856)
(-0.09145 0.04830 -0.00423)
(-0.12222 0.07465 -0.02465)
(-0.12791 0.07871 -0.02889)
(-0.13885 0.08822 -0.03650)
(-0.15122 0.09736 -0.04765)
(-0.16780 0.11180 -0.06068)
(-0.16986 0.11357 -0.06308)
(-0.17533 0.12351 -0.06768)
(-0.18077 0.13171 -0.08086)
(-0.18307 0.14057 -0.08463)
(-0.18391 0.14739 -0.08807)
(-0.18774 0.16143 -0.10132)
(-0.18594 0.17307 -0.11120)
(-0.18572 0.17513 -0.11465)
(-0.18797 0.18616 -0.12770)
(-0.18658 0.19522 -0.14101)
(-0.18451 0.19617 -0.14845)
(-0.18497 0.20892 -0.15455)
(-0.17321 0.21084 -0.16203)
(-0.16937 0.22099 -0.16138)
(-0.17046 0.23306 -0.16273)
(-0.16471 0.24098 -0.15876)
(-0.16522 0.25452 -0.16868)
(-0.17523 0.27691 -0.17535)
(-0.18730 0.29424 -0.17214)
(-0.19444 0.30064 -0.17035)
(-0.19661 0.30347 -0.17369)
(-0.21920 0.31639 -0.16436)
(-0.24110 0.32237 -0.17278)
(-0.22678 0.30701 -0.15159)
(-0.23522 0.30800 -0.15135)
(-0.23578 0.28967 -0.12116)
(-0.24686 0.29083 -0.12255)
(-0.23560 0.27280 -0.11554)
(-0.22256 0.25822 -0.10662)
(-0.16916 0.19268 -0.07039)
(-0.03784 0.04330 -0.01519)
(-0.00464 -0.00141 0.00235)
(-0.01267 -0.00347 0.00625)
(-0.07050 -0.02116 0.03847)
(-0.06776 -0.02579 0.04311)
(-0.06276 -0.02616 0.04434)
(-0.06301 -0.02695 0.04587)
(-0.06130 -0.02679 0.04762)
(-0.05298 -0.02848 0.04879)
(-0.05126 -0.02532 0.04915)
(-0.05074 -0.02560 0.04915)
(-0.04572 -0.02152 0.05129)
(-0.04002 -0.02101 0.04829)
(-0.03998 -0.01810 0.04769)
(-0.04172 -0.00922 0.04258)
(-0.04486 -0.00311 0.04152)
(-0.05012 0.00662 0.02660)
(-0.05296 0.00997 0.02282)
(-0.07239 0.03180 0.01237)
(-0.08198 0.03748 -0.00145)
(-0.10576 0.05932 -0.01691)
(-0.10180 0.05208 -0.01769)
(-0.13644 0.08212 -0.03576)
(-0.14111 0.08609 -0.04119)
(-0.15924 0.10392 -0.05482)
(-0.16335 0.10911 -0.05615)
(-0.16350 0.11328 -0.06003)
(-0.18176 0.13099 -0.07280)
(-0.18103 0.13637 -0.07486)
(-0.18303 0.14820 -0.08034)
(-0.18464 0.15712 -0.09340)
(-0.18390 0.16121 -0.09810)
(-0.18473 0.16790 -0.10417)
(-0.18316 0.17565 -0.12293)
(-0.18218 0.17920 -0.13128)
(-0.18310 0.18404 -0.13723)
(-0.17894 0.19740 -0.15259)
(-0.17422 0.20593 -0.15928)
(-0.16764 0.20958 -0.16195)
(-0.16297 0.22687 -0.16466)
(-0.16141 0.23899 -0.16116)
(-0.17091 0.25719 -0.16369)
(-0.18671 0.28381 -0.16142)
(-0.20666 0.29924 -0.15081)
(-0.18958 0.27904 -0.14558)
(-0.24670 0.33035 -0.13806)
(-0.21114 0.28717 -0.12121)
(-0.21755 0.28328 -0.12838)
(-0.22058 0.27533 -0.11484)
(-0.22453 0.26905 -0.10873)
(-0.21151 0.25392 -0.09044)
(-0.13725 0.16570 -0.05494)
(-0.06820 0.08283 -0.02686)
(-0.02556 0.03113 -0.00997)
(-0.00290 -0.00129 0.00180)
(-0.05388 -0.01787 0.03343)
(-0.06490 -0.02466 0.04370)
(-0.05560 -0.02610 0.04368)
(-0.05506 -0.02627 0.04399)
(-0.05395 -0.02654 0.04460)
(-0.05683 -0.02682 0.04829)
(-0.05156 -0.02604 0.04596)
(-0.05399 -0.02347 0.04803)
(-0.04588 -0.02342 0.05043)
(-0.04118 -0.02458 0.04819)
(-0.03699 -0.02418 0.04577)
(-0.04059 -0.01639 0.04530)
(-0.04458 -0.00712 0.04211)
(-0.04071 -0.00736 0.03943)
(-0.04748 0.00089 0.02847)
(-0.04860 0.00219 0.01917)
(-0.05664 0.01273 0.01180)
(-0.08609 0.03910 -0.00843)
(-0.09104 0.04059 -0.01417)
(-0.11411 0.06107 -0.02645)
(-0.12375 0.06904 -0.03455)
(-0.14721 0.09091 -0.05264)
(-0.12855 0.07487 -0.04223)
(-0.15615 0.10418 -0.05580)
(-0.15671 0.10911 -0.05425)
(-0.18079 0.13041 -0.07152)
(-0.17770 0.13386 -0.06892)
(-0.17839 0.14650 -0.07326)
(-0.18293 0.15255 -0.08342)
(-0.17818 0.14873 -0.07503)
(-0.18330 0.15954 -0.09641)
(-0.18114 0.16198 -0.10399)
(-0.17957 0.16756 -0.11971)
(-0.17910 0.16887 -0.12109)
(-0.17914 0.17368 -0.13021)
(-0.17923 0.17685 -0.13240)
(-0.17051 0.17582 -0.14519)
(-0.17753 0.19077 -0.15097)
(-0.17017 0.18868 -0.15862)
(-0.16344 0.19377 -0.16113)
(-0.15980 0.21262 -0.16597)
(-0.15844 0.20533 -0.16400)
(-0.15455 0.21247 -0.16716)
(-0.15562 0.22156 -0.16166)
(-0.16856 0.25531 -0.15391)
(-0.17347 0.26065 -0.14417)
(-0.21886 0.29948 -0.13922)
(-0.18200 0.26499 -0.13694)
(-0.19926 0.27699 -0.11947)
(-0.16075 0.22167 -0.07970)
(-0.20024 0.25920 -0.09782)
(-0.15950 0.21551 -0.07460)
(-0.19373 0.24096 -0.08314)
(-0.18358 0.22886 -0.07639)
(-0.15463 0.21024 -0.07115)
(-0.14244 0.17876 -0.05810)
(-0.02724 0.03538 -0.00983)
(-0.00070 -0.00040 0.00051)
(-0.03787 -0.01632 0.02730)
(-0.03940 -0.01983 0.03310)
(-0.05207 -0.02629 0.04419)
(-0.05172 -0.02630 0.04508)
(-0.05003 -0.02615 0.04478)
(-0.05000 -0.02602 0.04548)
(-0.04682 -0.02280 0.04864)
(-0.04143 -0.02412 0.04548)
(-0.03732 -0.02330 0.04704)
(-0.03810 -0.01824 0.04481)
(-0.03196 -0.01880 0.04161)
(-0.03639 -0.01343 0.03722)
(-0.04239 -0.00607 0.02829)
(-0.03996 -0.00644 0.01905)
(-0.04430 -0.00162 0.01578)
(-0.04413 -0.00204 0.01352)
(-0.07815 0.03063 -0.00338)
(-0.08440 0.03404 -0.01200)
(-0.09357 0.04209 -0.01641)
(-0.09911 0.04933 -0.02345)
(-0.11103 0.06495 -0.02917)
(-0.13453 0.08793 -0.03867)
(-0.14015 0.10270 -0.04139)
(-0.15907 0.11617 -0.05495)
(-0.16187 0.12340 -0.05757)
(-0.17683 0.14600 -0.07001)
(-0.17663 0.14756 -0.07177)
(-0.17839 0.15025 -0.07675)
(-0.17650 0.15547 -0.09396)
(-0.18493 0.16337 -0.10866)
(-0.17959 0.16793 -0.12636)
(-0.17483 0.16735 -0.13268)
(-0.16791 0.16786 -0.13911)
(-0.16174 0.17038 -0.15200)
(-0.15934 0.17106 -0.15466)
(-0.15776 0.18896 -0.15659)
(-0.15266 0.20598 -0.16804)
(-0.15230 0.20909 -0.16695)
(-0.16485 0.24335 -0.14574)
(-0.16155 0.23022 -0.15702)
(-0.16740 0.25040 -0.15283)
(-0.15145 0.22212 -0.11472)
(-0.18013 0.25535 -0.12473)
(-0.15005 0.21927 -0.10994)
(-0.15356 0.21858 -0.08132)
(-0.14114 0.20046 -0.06961)
(-0.14399 0.20138 -0.06791)
(-0.15180 0.20090 -0.06412)
(-0.11483 0.15017 -0.04646)
(-0.12645 0.17972 -0.05798)
(-0.03302 0.04477 -0.01192)
(-0.00653 0.00891 -0.00233)
(0.00079 0.00050 -0.00072)
(-0.01820 -0.01090 0.01550)
(-0.02396 -0.01255 0.02415)
(-0.04959 -0.02598 0.04424)
(-0.04812 -0.02601 0.04481)
(-0.04333 -0.02267 0.04926)
(-0.04093 -0.02271 0.04711)
(-0.03866 -0.02247 0.04674)
(-0.03515 -0.01803 0.04377)
(-0.03311 -0.01910 0.04229)
(-0.03264 -0.01858 0.04106)
(-0.03502 -0.01529 0.03080)
(-0.03540 -0.01123 0.01904)
(-0.03928 -0.00708 0.01675)
(-0.03812 -0.00825 0.01496)
(-0.05917 0.01216 0.00016)
(-0.08472 0.03401 -0.01256)
(-0.07529 0.03098 -0.00780)
(-0.07915 0.03859 -0.01330)
(-0.11480 0.07169 -0.02702)
(-0.11523 0.08142 -0.02748)
(-0.14183 0.10717 -0.04253)
(-0.14453 0.11148 -0.04281)
(-0.15325 0.12646 -0.05237)
(-0.17428 0.14668 -0.06746)
(-0.17713 0.14912 -0.07412)
(-0.17319 0.14927 -0.08262)
(-0.17701 0.15126 -0.08852)
(-0.17931 0.15707 -0.10739)
(-0.17544 0.14963 -0.09853)
(-0.17487 0.15043 -0.10862)
(-0.16791 0.15650 -0.12402)
(-0.15986 0.16171 -0.14985)
(-0.16091 0.16601 -0.15108)
(-0.15825 0.16620 -0.15394)
(-0.15523 0.16584 -0.15692)
(-0.14799 0.17439 -0.16139)
(-0.15033 0.19935 -0.16977)
(-0.14968 0.20095 -0.16939)
(-0.14254 0.19906 -0.15985)
(-0.15230 0.21770 -0.14655)
(-0.14720 0.20770 -0.14954)
(-0.14380 0.21201 -0.11649)
(-0.14143 0.20866 -0.11022)
(-0.14930 0.21376 -0.10089)
(-0.13668 0.20321 -0.10345)
(-0.13289 0.19269 -0.06766)
(-0.13397 0.19249 -0.06506)
(-0.12516 0.18427 -0.06300)
(-0.10453 0.15429 -0.04930)
(-0.06632 0.09636 -0.02825)
(-0.01034 0.01571 -0.00366)
(0.00569 -0.00851 0.00176)
(0.00312 0.00224 -0.00342)
(-0.00122 -0.00047 0.00151)
(-0.01732 -0.00704 0.02039)
(-0.04833 -0.01855 0.04912)
(-0.04369 -0.01717 0.05214)
(-0.04132 -0.02378 0.04728)
(-0.04180 -0.01907 0.05157)
(-0.03698 -0.02406 0.04645)
(-0.03286 -0.02418 0.04465)
(-0.03406 -0.01937 0.04371)
(-0.03236 -0.02007 0.04269)
(-0.03096 -0.02045 0.04092)
(-0.02581 -0.02321 0.03759)
(-0.02666 -0.02482 0.03410)
(-0.02146 -0.02794 0.03041)
(-0.03401 -0.01252 0.01757)
(-0.03232 -0.01406 0.01631)
(-0.03445 -0.01149 0.01086)
(-0.02982 -0.01246 0.01189)
(-0.05755 0.01022 -0.00344)
(-0.02402 -0.02069 0.00649)
(-0.05846 0.01936 -0.00495)
(-0.06629 0.03100 -0.00849)
(-0.08555 0.05054 -0.01262)
(-0.08364 0.05748 -0.00815)
(-0.13381 0.10198 -0.03659)
(-0.13792 0.10778 -0.03791)
(-0.14291 0.11769 -0.03998)
(-0.14588 0.13104 -0.04220)
(-0.17507 0.14802 -0.07034)
(-0.15130 0.13810 -0.04675)
(-0.17337 0.14793 -0.06887)
(-0.16680 0.14171 -0.08140)
(-0.16435 0.14205 -0.08820)
(-0.17427 0.14802 -0.10467)
(-0.17233 0.14694 -0.10861)
(-0.15924 0.14560 -0.12947)
(-0.14077 0.13889 -0.14148)
(-0.15731 0.16147 -0.15217)
(-0.15401 0.16104 -0.15612)
(-0.13660 0.15035 -0.16057)
(-0.13948 0.16945 -0.16428)
(-0.13319 0.17439 -0.15970)
(-0.13283 0.18044 -0.15205)
(-0.13402 0.19309 -0.12995)
(-0.11641 0.16466 -0.13289)
(-0.13570 0.20074 -0.11234)
(-0.13108 0.19606 -0.10409)
(-0.08999 0.14335 -0.07189)
(-0.10805 0.16681 -0.07219)
(-0.08604 0.14099 -0.05208)
(-0.11430 0.17262 -0.05635)
(-0.03396 0.05191 -0.01376)
(-0.02066 0.03659 -0.00675)
(-0.00057 0.00096 -0.00017)
(0.00537 0.00205 -0.00671)
(-0.02492 -0.00898 0.03422)
(-0.04058 -0.01586 0.05060)
(0.00411 0.00153 -0.00581)
(-0.00587 -0.00225 0.00831)
(-0.04681 -0.01482 0.05783)
(-0.04723 -0.01579 0.05770)
(-0.04701 -0.01589 0.05564)
(-0.04618 -0.01196 0.06222)
(-0.04172 -0.01647 0.05430)
(-0.03489 -0.02446 0.04760)
(-0.03432 -0.02395 0.04630)
(-0.03382 -0.02157 0.05010)
(-0.03249 -0.02204 0.04809)
(-0.03033 -0.02122 0.04160)
(-0.02219 -0.02938 0.03610)
(-0.01690 -0.03310 0.03022)
(-0.02395 -0.02493 0.02399)
(-0.00572 -0.04148 0.02601)
(-0.01194 -0.03544 0.01780)
(-0.01006 -0.03500 0.01714)
(-0.01316 -0.02933 0.01494)
(-0.01013 -0.03262 0.01342)
(-0.03195 -0.00875 0.00599)
(-0.03704 0.00136 0.01090)
(-0.06396 0.03418 -0.00292)
(-0.07339 0.05087 0.00049)
(-0.12084 0.09340 -0.02640)
(-0.12307 0.09714 -0.02559)
(-0.12483 0.10921 -0.02744)
(-0.13015 0.12066 -0.02432)
(-0.13585 0.12842 -0.02842)
(-0.14473 0.13180 -0.05022)
(-0.15435 0.13629 -0.06922)
(-0.14258 0.12279 -0.06847)
(-0.13939 0.11748 -0.07823)
(-0.16040 0.13733 -0.09371)
(-0.16531 0.13894 -0.10661)
(-0.13998 0.12306 -0.11603)
(-0.13430 0.12167 -0.12590)
(-0.12189 0.11672 -0.13204)
(-0.13422 0.13544 -0.14714)
(-0.13379 0.14132 -0.15725)
(-0.12259 0.13540 -0.17788)
(-0.11889 0.13849 -0.16105)
(-0.12252 0.15739 -0.15801)
(-0.12251 0.16185 -0.15018)
(-0.11589 0.15132 -0.14903)
(-0.11231 0.15682 -0.13387)
(-0.12583 0.18475 -0.12036)
(-0.10356 0.15031 -0.12006)
(-0.08719 0.13650 -0.09769)
(-0.12759 0.19089 -0.10630)
(-0.10185 0.15582 -0.08463)
(-0.07448 0.12307 -0.05673)
(-0.04962 0.09792 -0.03629)
(-0.05863 0.10539 -0.03574)
(-0.01977 0.03557 -0.00757)
(0.00148 -0.00282 0.00040)
(-0.00198 0.00363 -0.00066)
(-0.00299 -0.00095 0.00454)
(-0.02663 -0.00834 0.03363)
(-0.02857 -0.00483 0.04578)
(-0.04190 -0.00823 0.06582)
(-0.04214 -0.00829 0.06605)
(-0.03773 -0.01616 0.05471)
(-0.03732 -0.01562 0.05618)
(-0.02829 -0.02537 0.04769)
(-0.02309 -0.03108 0.04299)
(-0.01150 -0.03569 0.03351)
(-0.00763 -0.03813 0.03160)
(-0.00424 -0.04322 0.02537)
(0.01378 -0.05480 0.02209)
(-0.00236 -0.04191 0.01559)
(0.00310 -0.04641 0.02261)
(-0.01571 -0.02328 0.01726)
(-0.01502 -0.01457 0.02681)
(-0.02234 -0.00453 0.02651)
(-0.02493 0.00063 0.02733)
(-0.07655 0.05678 0.00007)
(-0.04296 0.02597 0.02227)
(-0.08540 0.07844 0.00224)
(-0.10321 0.09480 -0.00838)
(-0.10875 0.10250 -0.00703)
(-0.11347 0.10872 -0.01490)
(-0.10654 0.10567 -0.01914)
(-0.13191 0.12350 -0.03559)
(-0.11540 0.11047 -0.03907)
(-0.11913 0.11212 -0.04993)
(-0.11897 0.10711 -0.05777)
(-0.10209 0.08955 -0.07692)
(-0.11666 0.09851 -0.08478)
(-0.11915 0.10113 -0.09413)
(-0.11758 0.10177 -0.10254)
(-0.11827 0.10566 -0.11411)
(-0.10722 0.10794 -0.12923)
(-0.11954 0.12388 -0.13758)
(-0.11025 0.12350 -0.14807)
(-0.11221 0.13173 -0.15532)
(-0.10066 0.13022 -0.14205)
(-0.08562 0.11673 -0.12775)
(-0.10165 0.13860 -0.13610)
(-0.10169 0.14659 -0.11969)
(-0.08996 0.13442 -0.10568)
(-0.06543 0.10581 -0.08392)
(-0.05918 0.10333 -0.05219)
(-0.06283 0.09827 -0.06063)
(-0.04870 0.09434 -0.03746)
(-0.04602 0.08995 -0.03499)
(-0.02925 0.05984 -0.02130)
(-0.01005 0.02042 -0.00453)
(0.00025 -0.00062 -0.00000)
(0.00437 -0.00811 0.00137)
(-0.00335 -0.00052 0.00550)
(-0.01496 -0.00239 0.02427)
(-0.01977 -0.00267 0.03310)
(-0.04189 -0.00650 0.06792)
(-0.04194 -0.00650 0.06786)
(-0.03777 -0.00946 0.06284)
(-0.04154 -0.00594 0.06848)
(-0.03371 -0.01271 0.06124)
(-0.03338 -0.01906 0.05439)
(-0.02612 -0.02809 0.04594)
(-0.02483 -0.02405 0.04720)
(-0.02381 -0.02957 0.04469)
(-0.01035 -0.03779 0.03698)
(0.00069 -0.04340 0.03252)
(0.00745 -0.05184 0.02647)
(0.01623 -0.05781 0.02443)
(0.01595 -0.05715 0.02403)
(0.01669 -0.05764 0.02449)
(-0.00153 -0.03775 0.02272)
(-0.01235 -0.01846 0.02843)
(-0.01763 -0.01018 0.02812)
(-0.02027 -0.00578 0.02942)
(-0.02486 0.00188 0.03004)
(-0.06315 0.05886 0.01679)
(-0.07432 0.07239 0.01406)
(-0.07802 0.07837 0.01126)
(-0.08008 0.08486 0.00925)
(-0.08127 0.08766 -0.00668)
(-0.08967 0.09120 -0.02228)
(-0.08791 0.08805 -0.02414)
(-0.08614 0.08501 -0.02475)
(-0.09318 0.08520 -0.05685)
(-0.09456 0.08335 -0.07744)
(-0.10163 0.08693 -0.08527)
(-0.08646 0.08192 -0.09552)
(-0.09115 0.08966 -0.10039)
(-0.07196 0.08317 -0.10336)
(-0.09229 0.10254 -0.12626)
(-0.07141 0.08571 -0.10630)
(-0.07840 0.09548 -0.11656)
(-0.09702 0.11967 -0.13570)
(-0.08289 0.11359 -0.12541)
(-0.08031 0.11282 -0.12082)
(-0.08313 0.11627 -0.12293)
(-0.07746 0.11157 -0.11618)
(-0.07763 0.11468 -0.10873)
(-0.06690 0.10196 -0.08540)
(-0.04683 0.07877 -0.06911)
(-0.05558 0.08438 -0.06390)
(-0.05004 0.08142 -0.05479)
(-0.03276 0.05822 -0.03066)
(-0.02050 0.04045 -0.01989)
(-0.01217 0.02622 -0.00969)
(-0.00090 0.00211 -0.00015)
(0.00008 -0.00019 -0.00088)
(-0.00522 -0.00067 0.00893)
(-0.00442 -0.00050 0.00801)
(-0.02792 -0.00345 0.04806)
(-0.03977 -0.00469 0.06953)
(-0.03362 -0.01130 0.06243)
(-0.01930 -0.01033 0.05739)
(-0.01950 -0.01195 0.05609)
(-0.00759 -0.02582 0.04417)
(0.00502 -0.03445 0.03600)
(0.01137 -0.03601 0.03595)
(0.00650 -0.04772 0.03180)
(0.01432 -0.05393 0.02856)
(0.01751 -0.05850 0.02468)
(0.01840 -0.05917 0.02522)
(0.01711 -0.05821 0.02532)
(0.00695 -0.04217 0.02844)
(-0.01412 -0.01595 0.02988)
(-0.01636 -0.01284 0.03145)
(-0.02205 -0.00246 0.03635)
(-0.04193 0.03282 0.02815)
(-0.05371 0.05194 0.02622)
(-0.05446 0.05849 0.02398)
(-0.05549 0.06124 0.02202)
(-0.05522 0.06227 0.02105)
(-0.08035 0.08505 -0.01664)
(-0.06434 0.06759 -0.00113)
(-0.07784 0.08123 -0.01838)
(-0.07515 0.07728 -0.02008)
(-0.06603 0.06253 -0.03546)
(-0.04827 0.04755 -0.03866)
(-0.05394 0.05349 -0.05122)
(-0.08727 0.07740 -0.07885)
(-0.07185 0.06631 -0.07630)
(-0.04114 0.04254 -0.05562)
(-0.07337 0.07308 -0.09117)
(-0.06412 0.07594 -0.09687)
(-0.06469 0.07934 -0.09915)
(-0.06519 0.08245 -0.10113)
(-0.06011 0.08140 -0.09704)
(-0.07955 0.11068 -0.12262)
(-0.07725 0.10973 -0.11858)
(-0.06581 0.09969 -0.10840)
(-0.07463 0.10842 -0.11449)
(-0.05784 0.09232 -0.08248)
(-0.05852 0.09302 -0.09371)
(-0.04651 0.07838 -0.07153)
(-0.03857 0.06326 -0.05657)
(-0.03758 0.07033 -0.06356)
(-0.02006 0.03663 -0.02711)
(-0.01896 0.03394 -0.02288)
(-0.00354 0.00992 -0.00422)
(-0.00541 0.00930 -0.00649)
(-0.00047 0.00139 -0.00056)
(-0.02160 -0.00233 0.03935)
(-0.00547 -0.00055 0.01044)
(-0.00969 -0.00093 0.03568)
(-0.02231 -0.00592 0.06298)
(-0.00879 -0.01044 0.05725)
(-0.01077 -0.01364 0.05346)
(0.00007 -0.02402 0.04496)
(0.00950 -0.03114 0.03906)
(0.01367 -0.03429 0.03670)
(0.01577 -0.04404 0.03306)
(0.02429 -0.05184 0.02983)
(0.02065 -0.06023 0.02523)
(0.01935 -0.06111 0.02738)
(0.00463 -0.03453 0.03485)
(0.00259 -0.03245 0.03927)
(-0.00716 -0.01835 0.04201)
(-0.03063 0.01895 0.03689)
(-0.03791 0.03051 0.03379)
(-0.04509 0.04650 0.02996)
(-0.04942 0.05352 0.02664)
(-0.04874 0.05467 0.02492)
(-0.03991 0.04840 0.01287)
(-0.06851 0.07430 -0.01275)
(-0.03785 0.04330 0.00590)
(-0.03888 0.04620 -0.00096)
(-0.06575 0.07033 -0.01513)
(-0.04147 0.04926 -0.01393)
(-0.02724 0.03279 -0.02185)
(-0.01978 0.02712 -0.02646)
(-0.02245 0.03285 -0.03614)
(-0.02673 0.03351 -0.04562)
(-0.04191 0.04670 -0.06513)
(-0.02121 0.03408 -0.05362)
(-0.04014 0.05457 -0.08004)
(-0.05714 0.07226 -0.09296)
(-0.05563 0.07338 -0.09211)
(-0.05413 0.07447 -0.09110)
(-0.05949 0.07978 -0.09624)
(-0.04704 0.07586 -0.08948)
(-0.04887 0.08502 -0.09118)
(-0.07122 0.10546 -0.11211)
(-0.04738 0.08548 -0.08575)
(-0.04780 0.08267 -0.08533)
(-0.04392 0.07421 -0.07295)
(-0.02555 0.05568 -0.05667)
(-0.02537 0.04768 -0.04260)
(-0.01471 0.02669 -0.02003)
(-0.01107 0.02430 -0.02160)
(-0.01075 0.01934 -0.01464)
(-0.00257 0.00442 -0.00343)
(-0.00089 0.00148 -0.00105)
(-0.00005 -0.00000 0.00047)
(-0.00158 -0.00007 0.01247)
(0.00012 -0.00021 0.00221)
(-0.00731 -0.00440 0.04261)
(0.00223 -0.02081 0.04824)
(0.01442 -0.00670 0.02892)
(0.00143 -0.01407 0.05421)
(0.02714 -0.02380 0.04187)
(0.01441 -0.03143 0.03808)
(0.03436 -0.03973 0.03328)
(0.01819 -0.03926 0.03641)
(0.03531 -0.04665 0.03206)
(0.04033 -0.05731 0.02523)
(0.04156 -0.06391 0.02594)
(0.02978 -0.05813 0.02971)
(0.02876 -0.05784 0.03414)
(0.01143 -0.05556 0.04103)
(0.00983 -0.05703 0.04213)
(-0.00013 -0.03457 0.04653)
(-0.01760 0.00082 0.04522)
(-0.00982 -0.01464 0.04718)
(-0.02595 0.01620 0.04516)
(-0.02896 0.02100 0.04173)
(-0.03808 0.03362 0.03433)
(-0.03778 0.03978 0.02684)
(-0.02835 0.03610 0.02359)
(-0.01587 0.02135 0.02283)
(-0.00368 0.01268 0.01656)
(0.00152 0.01193 0.00377)
(-0.00470 0.02038 -0.00116)
(0.00236 0.00958 -0.01351)
(0.00579 0.00833 -0.00044)
(0.01683 -0.00429 -0.01687)
(-0.00194 0.01521 -0.02497)
(0.00758 0.00812 -0.03375)
(-0.01137 0.02429 -0.04152)
(-0.00338 0.02713 -0.04884)
(-0.00528 0.03068 -0.04965)
(-0.03304 0.05707 -0.06734)
(-0.02074 0.05612 -0.06081)
(-0.03126 0.06619 -0.07487)
(-0.02936 0.07127 -0.07540)
(-0.01855 0.06775 -0.06265)
(-0.03036 0.07429 -0.07147)
(-0.02677 0.06532 -0.06704)
(-0.01933 0.05794 -0.05779)
(-0.02149 0.05226 -0.05485)
(-0.01599 0.04107 -0.04383)
(-0.00089 0.02268 -0.02671)
(-0.00543 0.02109 -0.02400)
(-0.00006 0.00421 -0.00572)
(-0.00142 0.00357 -0.00332)
(-0.00644 0.00175 -0.00937)
(0.00054 -0.00013 0.00099)
(0.02637 -0.01608 0.03372)
(-0.00059 0.00019 -0.00053)
(0.01279 -0.00431 0.01182)
(0.04863 -0.02535 0.03472)
(0.05002 -0.03045 0.03777)
(0.05271 -0.04021 0.03142)
(0.05724 -0.03205 0.03596)
(0.05528 -0.03380 0.03568)
(0.04435 -0.04905 0.03140)
(0.04976 -0.05219 0.03091)
(0.04348 -0.05694 0.03147)
(0.04291 -0.05433 0.03708)
(0.02802 -0.04973 0.04041)
(0.03101 -0.04425 0.04220)
(0.01061 -0.03338 0.04906)
(0.00161 -0.02323 0.05218)
(-0.01619 -0.00743 0.04970)
(-0.00100 -0.01881 0.05275)
(-0.01969 0.00708 0.04449)
(-0.02109 0.01354 0.04375)
(-0.01762 0.00967 0.03969)
(-0.01487 0.01656 0.03170)
(-0.00327 0.00880 0.02696)
(0.00317 0.00714 0.02349)
(0.01622 -0.00455 0.01805)
(0.03509 -0.01763 0.00963)
(0.05021 -0.03414 0.00634)
(0.02019 -0.00569 -0.01242)
(0.02126 -0.00521 -0.01607)
(0.04828 -0.03157 -0.00265)
(0.04599 -0.02410 -0.01083)
(0.03233 -0.01182 -0.01852)
(0.03267 -0.00870 -0.01812)
(0.05213 -0.02319 -0.01459)
(0.04983 -0.01987 -0.01644)
(0.02853 -0.00184 -0.02325)
(0.00012 0.02626 -0.04533)
(0.01923 0.01303 -0.02970)
(0.00973 0.02780 -0.03991)
(-0.00675 0.04412 -0.04956)
(0.01233 0.03035 -0.04114)
(-0.00572 0.04644 -0.05210)
(-0.01203 0.05862 -0.05544)
(-0.01739 0.06528 -0.06166)
(-0.00591 0.04932 -0.04743)
(-0.00983 0.05006 -0.05428)
(0.00384 0.03217 -0.03450)
(0.01110 0.02157 -0.02035)
(0.00717 0.01125 -0.01170)
(0.00223 0.00717 -0.00901)
(0.00068 0.00186 -0.00306)
(-0.00007 -0.00034 0.00059)
(-0.00154 -0.00056 0.00208)
(-0.00020 -0.00092 0.00162)
(-0.00728 0.00221 -0.00630)
(0.00332 -0.00143 0.00214)
(0.02803 -0.01320 0.01905)
(-0.01008 0.00343 -0.00592)
(0.02055 -0.00927 0.01179)
(0.04879 -0.02474 0.02955)
(0.06728 -0.03697 0.03327)
(0.04846 -0.02435 0.02610)
(0.05980 -0.03174 0.03281)
(0.07268 -0.03958 0.03287)
(0.06328 -0.04173 0.03474)
(0.06313 -0.04151 0.03939)
(0.04711 -0.04875 0.04086)
(0.05996 -0.03898 0.04387)
(0.03247 -0.03197 0.04693)
(0.00544 -0.02378 0.05233)
(0.00351 -0.02104 0.05259)
(0.00086 -0.01882 0.05266)
(-0.00328 -0.01624 0.05304)
(-0.01332 -0.00406 0.04773)
(-0.01041 -0.00212 0.04333)
(-0.00959 0.00498 0.03588)
(0.00227 -0.00039 0.03132)
(0.01691 -0.00810 0.02267)
(0.02550 -0.01746 0.01972)
(0.04820 -0.03125 0.01090)
(0.05441 -0.03587 0.00873)
(0.05721 -0.03727 0.00683)
(0.05475 -0.03463 -0.00075)
(0.05561 -0.02647 -0.01197)
(0.05376 -0.02374 -0.01304)
(0.05476 -0.02415 -0.01151)
(0.05130 -0.01993 -0.01377)
(0.04225 -0.00998 -0.01516)
(0.03262 0.00679 -0.02139)
(0.03054 0.00987 -0.01572)
(0.02140 0.02217 -0.02229)
(0.00777 0.03501 -0.04054)
(0.00798 0.03675 -0.02916)
(0.00671 0.04217 -0.03399)
(0.00503 0.04380 -0.03542)
(0.00295 0.04770 -0.03785)
(0.01103 0.02837 -0.02009)
(0.00673 0.01143 -0.00989)
(0.00348 0.00494 -0.00476)
(-0.00012 -0.00014 0.00015)
(-0.00146 -0.00178 0.00174)
(-0.00182 -0.00206 0.00226)
(-0.00018 0.00008 -0.00010)
(-0.00278 0.00086 -0.00126)
(0.01445 -0.00637 0.00734)
(0.07006 -0.02520 0.02344)
(0.03556 -0.00762 0.01044)
(0.08329 -0.03254 0.03303)
(0.07372 -0.03853 0.03543)
(0.07290 -0.03847 0.04004)
(0.08833 -0.03322 0.03605)
(0.07177 -0.03561 0.04181)
(0.06781 -0.03596 0.04285)
(0.06346 -0.03421 0.04503)
(0.03590 -0.02503 0.04871)
(0.00858 -0.02123 0.05247)
(0.00562 -0.01985 0.05238)
(0.00183 -0.01894 0.05207)
(-0.00162 -0.01760 0.05259)
(0.00002 -0.01347 0.04707)
(0.00471 -0.01022 0.03927)
(0.01483 -0.00517 0.03050)
(0.02630 -0.01060 0.02488)
(0.03394 -0.03084 0.02022)
(0.03759 -0.03188 0.01814)
(0.05529 -0.03714 0.00968)
(0.05828 -0.03850 0.00825)
(0.06121 -0.04040 0.00812)
(0.06175 -0.04051 0.00727)
(0.05712 -0.03212 0.00455)
(0.05715 -0.02743 -0.01046)
(0.06528 -0.03505 0.00274)
(0.05809 -0.02841 -0.00879)
(0.05539 -0.02448 -0.00990)
(0.04870 -0.01339 -0.00627)
(0.03753 0.00176 -0.00715)
(0.03118 0.00998 -0.01291)
(0.03145 0.01018 -0.01101)
(0.01726 0.03117 -0.01086)
(0.01522 0.03408 -0.01446)
(0.01466 0.03202 -0.01214)
(0.00892 0.01920 -0.00647)
(0.00444 0.01071 -0.00390)
(0.00326 0.00424 -0.00311)
(0.00020 0.00028 -0.00024)
(-0.00148 -0.00181 0.00121)
(-0.00154 -0.00207 0.00176)
(0.00838 -0.00169 0.00243)
(0.01899 -0.00419 0.00621)
(0.05045 -0.01198 0.01686)
(0.02229 -0.00370 0.00731)
(0.06029 -0.02021 0.02365)
(0.07000 -0.02940 0.03699)
(0.03206 -0.01052 0.01438)
(0.04517 -0.01762 0.02524)
(0.07239 -0.03168 0.04291)
(0.06845 -0.03099 0.04491)
(0.04281 -0.02370 0.04793)
(0.05304 -0.02566 0.04761)
(0.03168 -0.02103 0.05110)
(0.00864 -0.01958 0.05222)
(0.03659 -0.01462 0.04549)
(0.03385 -0.01230 0.04343)
(0.01134 -0.01413 0.04431)
(0.01201 -0.01438 0.04170)
(0.01243 -0.01220 0.03819)
(0.01952 -0.01818 0.03285)
(0.03303 -0.02396 0.02828)
(0.03492 -0.02390 0.02764)
(0.03901 -0.02544 0.02518)
(0.03925 -0.02560 0.02389)
(0.04547 -0.03019 0.02019)
(0.05048 -0.03737 0.01266)
(0.05823 -0.03550 0.01473)
(0.06006 -0.03983 0.00897)
(0.06286 -0.04144 0.00834)
(0.07004 -0.04730 0.00615)
(0.06999 -0.03537 0.00645)
(0.06551 -0.02770 -0.00022)
(0.06468 -0.03431 0.00897)
(0.06335 -0.02841 0.00588)
(0.05755 -0.01543 0.00255)
(0.05055 -0.00764 0.00082)
(0.03652 -0.00088 0.00258)
(0.02754 0.00378 0.00414)
(0.02372 0.01339 -0.00256)
(0.01292 0.02331 -0.00669)
(0.00618 0.00562 0.00108)
(0.00379 0.00713 -0.00160)
(0.00261 0.00562 -0.00161)
(-0.00050 -0.00116 0.00037)
(0.00444 -0.00070 0.00144)
(0.01222 -0.00171 0.00440)
(0.01145 -0.00228 0.00495)
(0.00592 -0.00055 0.00279)
(0.01189 -0.00138 0.00660)
(0.03973 -0.01235 0.03087)
(0.04511 -0.00906 0.03667)
(0.01707 -0.00200 0.01172)
(0.02687 -0.00275 0.01999)
(0.02809 -0.00560 0.02874)
(0.03767 -0.00338 0.03837)
(0.02566 -0.00148 0.02400)
(0.02952 -0.00577 0.03699)
(0.01329 -0.01305 0.03831)
(0.03322 -0.00027 0.02764)
(0.03188 -0.01553 0.03149)
(0.03361 -0.01513 0.02679)
(0.03723 -0.02219 0.02456)
(0.04627 -0.01179 0.01911)
(0.05052 -0.01751 0.01754)
(0.05727 -0.02374 0.01436)
(0.05671 -0.02198 0.01319)
(0.06860 -0.01941 0.00900)
(0.06671 -0.03213 0.01064)
(0.06658 -0.03375 0.01185)
(0.04430 -0.01063 0.00572)
(0.05171 -0.03036 0.00920)
(0.04394 -0.02982 0.00807)
(0.04411 -0.02100 0.00622)
(0.01499 -0.00943 0.00280)
(0.01631 -0.00714 0.00366)
(0.00856 -0.00176 0.00265)
(0.01141 0.00095 0.00320)
(-0.00048 -0.00005 -0.00023)
(0.00241 0.00104 0.00072)
(0.00105 0.00071 0.00043)
(-0.01517 0.00090 -0.00729)
(-0.01088 0.00111 -0.00724)
(0.01066 -0.00022 0.00628)
(-0.00981 0.00005 -0.00556)
(-0.00347 -0.00015 -0.00182)
(0.01473 -0.00050 0.01293)
(0.02094 0.00348 0.01066)
(-0.00044 -0.00010 -0.00016)
(-0.00034 -0.00006 -0.00011)
(0.01922 0.00132 0.00958)
(0.02929 -0.00130 0.01577)
(0.00968 0.00073 0.00267)
(0.02033 0.00352 0.00587)
(0.03497 0.00380 0.00920)
(0.01254 0.00190 0.00310)
(0.02454 -0.00281 0.00510)
(0.03100 -0.00438 0.00408)
(0.04471 -0.01182 0.00586)
(0.00381 -0.00039 0.00067)
(0.00715 -0.00150 0.00113)
(-0.00101 0.00013 -0.00012)
(0.02871 -0.00637 0.00375)
(0.01655 -0.00429 0.00207)
(-0.00847 0.00147 -0.00105)
(-0.00392 0.00145 -0.00074)
(-0.00613 0.00120 -0.00180)
(-0.00499 0.00025 -0.00224)
(0.00266 0.00054 0.00071)
(0.00456 0.00076 0.00110)
(0.00515 0.00068 0.00070)
(-0.00214 0.00011 -0.00034)
)