/*--------------------------------*- C++ -*----------------------------------*\ 
| =========                 |                                                 | 
| \\      /  F ield         | OpenFOAM: The Open Source CFD Toolbox           | 
|  \\    /   O peration     | Version:  4.0                                   | 
|   \\  /    A nd           | Web:      www.OpenFOAM.org                      | 
|    \\/     M anipulation  |                                                 | 
\*---------------------------------------------------------------------------*/ 
FoamFile 
{ 
    version     2.0; 
    format      ascii; 
    class       vectorAverageField; 
    object      values; 
} 
// * * * * * * * * * * * * * * * * * * * * * * * * * * * * * * * * * * * * * // 
 
// Average 
(0 0 0) 
 
// Velocity data on points 
2447
(
(0.00200 0.00216 0.00143)
(-0.00192 -0.00038 -0.00272)
(-0.00707 0.00082 -0.01207)
(-0.00104 -0.00004 -0.00517)
(0.00160 -0.00071 0.00923)
(-0.01530 0.00471 -0.04359)
(-0.00307 0.00145 -0.01693)
(-0.01480 0.02346 -0.07535)
(-0.00139 0.00234 -0.00765)
(0.00198 -0.00375 0.01140)
(-0.00963 0.01719 -0.05159)
(-0.00181 0.00373 -0.01067)
(0.00044 -0.00358 0.00892)
(-0.00889 0.02619 -0.06404)
(0.00031 0.00127 -0.00275)
(-0.00119 -0.00396 0.00814)
(0.00344 0.01440 -0.02978)
(0.00024 0.00102 -0.00180)
(-0.00317 -0.00905 0.01304)
(0.00064 0.00185 -0.00267)
(0.00178 0.00664 -0.00144)
(-0.00082 -0.00135 0.00013)
(0.00065 0.00100 0.00012)
(0.00021 0.00049 0.00019)
(-0.00357 -0.02577 -0.00657)
(-0.00822 -0.01547 -0.01021)
(-0.02378 -0.00225 -0.04053)
(-0.03441 0.00800 -0.05734)
(-0.05409 0.00228 -0.08868)
(-0.06455 0.01689 -0.10734)
(-0.04205 0.01502 -0.11583)
(-0.02208 0.02520 -0.11793)
(-0.06028 0.04838 -0.18970)
(-0.03844 0.05644 -0.17592)
(-0.03037 0.05035 -0.14762)
(-0.02326 0.04399 -0.12273)
(-0.04647 0.07266 -0.20849)
(-0.04183 0.07567 -0.20733)
(-0.03814 0.09802 -0.23631)
(-0.02036 0.05605 -0.13628)
(-0.00644 0.05098 -0.11215)
(-0.05867 0.16147 -0.34416)
(-0.04956 0.14712 -0.30880)
(-0.00755 0.08006 -0.15163)
(-0.00136 0.05642 -0.09674)
(-0.00827 0.13550 -0.23315)
(0.01558 0.05171 -0.07557)
(0.00628 0.01684 -0.02309)
(0.00938 0.11021 -0.16474)
(0.00623 0.01472 -0.01849)
(-0.00144 -0.00232 0.00244)
(0.00138 0.00371 -0.00315)
(-0.00007 -0.00204 0.00134)
(-0.00079 -0.00725 0.00416)
(-0.00859 -0.01636 0.00657)
(-0.02332 -0.04237 0.01775)
(-0.01724 -0.03348 0.00202)
(-0.00314 -0.05718 -0.01577)
(-0.03815 -0.04059 -0.03881)
(-0.04331 -0.02298 -0.05777)
(-0.06132 0.00152 -0.08751)
(-0.08107 0.03643 -0.18556)
(-0.09547 0.05944 -0.24298)
(-0.08367 0.07040 -0.25718)
(-0.08365 0.09688 -0.29217)
(-0.09623 0.08142 -0.27921)
(-0.10851 0.10251 -0.31280)
(-0.08675 0.10699 -0.30779)
(-0.07340 0.11818 -0.30912)
(-0.11980 0.17695 -0.43144)
(-0.08739 0.18587 -0.42074)
(-0.09240 0.20606 -0.44731)
(-0.09335 0.21181 -0.47443)
(-0.07441 0.21167 -0.42220)
(-0.04717 0.20589 -0.38111)
(-0.02040 0.20196 -0.32773)
(-0.05785 0.24537 -0.42711)
(0.00384 0.22738 -0.34147)
(0.03302 0.14596 -0.20474)
(0.02413 0.08954 -0.12101)
(0.00208 0.25121 -0.37536)
(0.02787 0.16543 -0.22918)
(0.02750 0.06376 -0.07474)
(0.00235 0.00365 -0.00374)
(0.01863 0.03811 -0.04079)
(-0.00809 -0.01367 0.01353)
(-0.01626 -0.02614 0.02537)
(0.00010 0.00015 -0.00019)
(-0.00321 -0.00545 0.00620)
(-0.00507 -0.01891 0.01648)
(0.00133 -0.03832 0.02676)
(-0.00652 -0.05721 0.04891)
(-0.00045 -0.05846 0.04251)
(-0.00645 -0.07129 0.05676)
(-0.03010 -0.05650 0.03651)
(-0.03145 -0.05132 0.02267)
(-0.02795 -0.05415 0.01503)
(-0.07526 -0.03237 0.00255)
(-0.06139 -0.03282 -0.01946)
(-0.05775 -0.02858 -0.04949)
(-0.07554 -0.00062 -0.11008)
(-0.09028 0.01541 -0.14332)
(-0.11679 0.05042 -0.23538)
(-0.12822 0.06618 -0.26949)
(-0.14167 0.08966 -0.31002)
(-0.11991 0.10213 -0.32638)
(-0.16296 0.16243 -0.42150)
(-0.16454 0.18560 -0.46703)
(-0.15675 0.21668 -0.50174)
(-0.12327 0.21904 -0.49868)
(-0.10338 0.21830 -0.47237)
(-0.11835 0.26161 -0.52225)
(-0.12220 0.30015 -0.56219)
(-0.13204 0.33552 -0.61674)
(-0.03557 0.26164 -0.41824)
(-0.09838 0.32122 -0.56782)
(-0.00839 0.26517 -0.40135)
(0.02329 0.27140 -0.39075)
(0.01225 0.27632 -0.39255)
(0.02073 0.26027 -0.36285)
(0.03998 0.15640 -0.19819)
(0.02126 0.03698 -0.03960)
(0.05768 0.23975 -0.31755)
(0.05702 0.14319 -0.17233)
(0.01170 0.01859 -0.01898)
(0.00375 0.00599 -0.00591)
(0.00224 0.00186 -0.00340)
(-0.00426 -0.00683 0.00955)
(-0.00944 -0.01804 0.02341)
(-0.01893 -0.03799 0.04599)
(-0.02607 -0.04380 0.05951)
(-0.03020 -0.05711 0.07801)
(-0.02569 -0.06302 0.07190)
(-0.02573 -0.06469 0.06811)
(-0.04885 -0.05031 0.05503)
(-0.08342 -0.02924 0.01034)
(-0.08455 -0.02691 -0.00065)
(-0.08919 -0.02238 -0.01382)
(-0.09587 -0.01985 -0.00790)
(-0.10292 -0.01351 -0.02368)
(-0.10009 0.00878 -0.11053)
(-0.13388 0.05928 -0.24546)
(-0.13797 0.06843 -0.26921)
(-0.14258 0.07977 -0.29839)
(-0.15486 0.11519 -0.37471)
(-0.20279 0.18493 -0.48416)
(-0.17710 0.18149 -0.47569)
(-0.18884 0.23844 -0.56124)
(-0.22043 0.29410 -0.64810)
(-0.19432 0.28844 -0.61919)
(-0.18762 0.30824 -0.65574)
(-0.16052 0.34891 -0.66408)
(-0.15604 0.35408 -0.66149)
(-0.14822 0.35644 -0.65450)
(-0.13932 0.35842 -0.64765)
(-0.08787 0.34539 -0.56776)
(0.00360 0.28437 -0.41033)
(0.01236 0.27845 -0.39397)
(0.00056 0.28725 -0.41553)
(0.03248 0.27733 -0.38991)
(0.06445 0.23888 -0.30475)
(0.04423 0.29325 -0.40023)
(0.05787 0.20088 -0.24557)
(0.04682 0.08231 -0.08638)
(0.00511 0.00853 -0.00876)
(0.08000 0.17417 -0.19173)
(0.02004 0.03913 -0.04137)
(0.00116 0.00217 -0.00227)
(-0.00374 -0.00220 0.00591)
(-0.00927 -0.00984 0.01913)
(-0.02242 -0.04016 0.06910)
(-0.02405 -0.04289 0.07475)
(-0.03452 -0.05729 0.10656)
(-0.03899 -0.06243 0.11039)
(-0.04072 -0.06343 0.11196)
(-0.04342 -0.06172 0.11566)
(-0.04661 -0.06174 0.11724)
(-0.03657 -0.06044 0.08723)
(-0.08160 -0.03188 0.02125)
(-0.09231 -0.02609 0.01798)
(-0.09997 -0.01948 0.00121)
(-0.10818 -0.01193 -0.01842)
(-0.11725 -0.00382 -0.03858)
(-0.17441 0.06207 -0.20068)
(-0.14827 0.07152 -0.27218)
(-0.21619 0.10550 -0.29069)
(-0.20277 0.11636 -0.34718)
(-0.15800 0.08711 -0.31573)
(-0.15576 0.09254 -0.33159)
(-0.22933 0.20102 -0.50399)
(-0.26482 0.21562 -0.53126)
(-0.28147 0.25093 -0.62126)
(-0.23333 0.22053 -0.54977)
(-0.23159 0.26925 -0.62512)
(-0.28581 0.34841 -0.74818)
(-0.28310 0.35694 -0.75649)
(-0.28201 0.36523 -0.76566)
(-0.19348 0.34509 -0.70053)
(-0.17919 0.37012 -0.70325)
(-0.17275 0.37226 -0.69686)
(-0.16433 0.37338 -0.68938)
(-0.15230 0.38244 -0.67836)
(-0.09269 0.36170 -0.58704)
(-0.06588 0.36846 -0.59331)
(-0.01944 0.32216 -0.48545)
(0.00189 0.33783 -0.49990)
(0.02626 0.30839 -0.42070)
(0.04822 0.29653 -0.38824)
(0.10523 0.25739 -0.29085)
(0.07126 0.15507 -0.16966)
(0.08420 0.19189 -0.21110)
(0.03017 0.06059 -0.06410)
(0.01438 0.02874 -0.03012)
(0.00172 0.00077 -0.00227)
(-0.00049 -0.00015 0.00051)
(-0.01783 -0.01656 0.04123)
(-0.02379 -0.03768 0.07735)
(-0.01621 -0.05542 0.09230)
(-0.03104 -0.05688 0.11456)
(-0.04684 -0.06009 0.12028)
(-0.04898 -0.06046 0.12048)
(-0.05660 -0.05844 0.12475)
(-0.06106 -0.05472 0.12035)
(-0.09311 -0.03361 0.07163)
(-0.10406 -0.01990 0.01347)
(-0.13160 -0.00570 0.00975)
(-0.11930 -0.00781 -0.01442)
(-0.12257 -0.00222 -0.03530)
(-0.16227 0.03963 -0.14453)
(-0.15633 0.02082 -0.07566)
(-0.22267 0.10265 -0.27413)
(-0.23787 0.12767 -0.33967)
(-0.25734 0.18138 -0.45566)
(-0.26202 0.19412 -0.49698)
(-0.30590 0.26298 -0.62710)
(-0.32136 0.30539 -0.74172)
(-0.31136 0.34319 -0.78131)
(-0.29977 0.36565 -0.77971)
(-0.29921 0.37559 -0.79028)
(-0.29946 0.40681 -0.83330)
(-0.24998 0.41512 -0.80579)
(-0.22424 0.41024 -0.79066)
(-0.18957 0.38733 -0.73014)
(-0.19048 0.41450 -0.76273)
(-0.13314 0.39231 -0.66780)
(-0.15479 0.42087 -0.73847)
(-0.07963 0.39461 -0.63537)
(-0.04879 0.39116 -0.62040)
(-0.02588 0.37566 -0.57775)
(-0.01104 0.34573 -0.50529)
(0.00158 0.33246 -0.47183)
(0.09051 0.26936 -0.31627)
(0.10092 0.26147 -0.29740)
(0.04464 0.09499 -0.10145)
(0.09638 0.26590 -0.30470)
(0.08416 0.19608 -0.21500)
(0.03050 0.06693 -0.06613)
(0.00174 0.00526 -0.00490)
(0.00291 0.00111 -0.00189)
(-0.00010 -0.00004 0.00007)
(-0.00691 -0.00619 0.01423)
(-0.01510 -0.01604 0.03737)
(-0.02070 -0.03958 0.08768)
(-0.01712 -0.03379 0.07376)
(-0.01358 -0.05078 0.09871)
(-0.02805 -0.04870 0.10311)
(-0.03550 -0.05182 0.13756)
(-0.04701 -0.05647 0.16188)
(-0.04736 -0.05993 0.13657)
(-0.08116 -0.04495 0.15018)
(-0.10419 -0.02698 0.09977)
(-0.13247 -0.01422 0.07979)
(-0.17290 0.02284 -0.00347)
(-0.20380 0.07186 -0.12329)
(-0.22065 0.09062 -0.20716)
(-0.27725 0.14014 -0.37591)
(-0.28234 0.17042 -0.41390)
(-0.29180 0.22309 -0.53345)
(-0.31923 0.26490 -0.62833)
(-0.35747 0.34028 -0.75252)
(-0.35693 0.36537 -0.79847)
(-0.36802 0.39826 -0.84423)
(-0.31463 0.37310 -0.79750)
(-0.31449 0.38387 -0.80691)
(-0.33382 0.42417 -0.87527)
(-0.32393 0.44497 -0.91995)
(-0.33358 0.47344 -0.94281)
(-0.28424 0.46784 -0.90552)
(-0.26842 0.46454 -0.88856)
(-0.21715 0.44498 -0.82005)
(-0.12135 0.42103 -0.70808)
(-0.04498 0.38966 -0.61333)
(-0.09224 0.39564 -0.62134)
(-0.05056 0.36069 -0.52888)
(-0.00711 0.34447 -0.47787)
(-0.05362 0.36727 -0.53823)
(0.00654 0.33425 -0.44584)
(0.04321 0.30891 -0.39417)
(0.07004 0.27287 -0.31046)
(0.01014 0.32159 -0.41267)
(0.03860 0.17663 -0.18062)
(0.01492 0.04643 -0.04377)
(0.00788 0.02700 -0.02639)
(0.00005 0.00006 -0.00007)
(-0.00301 -0.00115 0.00060)
(-0.01522 -0.01930 0.04497)
(-0.00505 -0.02703 0.05487)
(-0.00535 -0.03413 0.07790)
(-0.00446 -0.04399 0.12279)
(-0.01274 -0.04490 0.11554)
(-0.02062 -0.05190 0.13868)
(-0.01521 -0.04603 0.13342)
(-0.04371 -0.04844 0.16227)
(-0.04827 -0.04895 0.16557)
(-0.06290 -0.04918 0.18708)
(-0.07556 -0.04344 0.20263)
(-0.08201 -0.04049 0.19628)
(-0.10294 -0.03481 0.18253)
(-0.14815 -0.00419 0.08335)
(-0.13872 -0.00561 0.11536)
(-0.16371 0.00461 0.10391)
(-0.16368 0.01611 0.03386)
(-0.19963 0.06472 -0.08868)
(-0.21334 0.08274 -0.14638)
(-0.25592 0.13154 -0.29238)
(-0.27686 0.17528 -0.39870)
(-0.31922 0.25053 -0.53979)
(-0.35143 0.33456 -0.71127)
(-0.35862 0.35329 -0.74648)
(-0.37860 0.38419 -0.80265)
(-0.37555 0.39706 -0.85188)
(-0.38315 0.44147 -0.92342)
(-0.36607 0.45856 -0.94801)
(-0.35936 0.47302 -0.96317)
(-0.35744 0.48834 -0.98136)
(-0.35147 0.48789 -0.97528)
(-0.32621 0.49378 -0.97860)
(-0.26739 0.47247 -0.89674)
(-0.28644 0.49250 -0.93927)
(-0.22301 0.46223 -0.84178)
(-0.22140 0.45729 -0.81169)
(-0.19549 0.44882 -0.76397)
(-0.20984 0.45495 -0.77655)
(-0.09436 0.40152 -0.62768)
(-0.10082 0.40824 -0.63388)
(-0.06269 0.38005 -0.55249)
(-0.08126 0.39020 -0.56127)
(-0.04116 0.36026 -0.48363)
(-0.01523 0.33191 -0.41643)
(0.02880 0.26763 -0.28963)
(0.01189 0.09020 -0.08681)
(-0.00122 -0.01030 0.00943)
(-0.01921 0.22535 -0.25425)
(0.00034 -0.00113 0.00120)
(0.00059 -0.00746 0.00800)
(0.00929 -0.01031 0.00989)
(0.00456 -0.01789 0.02496)
(0.00701 -0.03554 0.06842)
(-0.00064 -0.04185 0.11417)
(-0.00265 -0.04485 0.13125)
(-0.00663 -0.04582 0.13459)
(-0.01297 -0.04822 0.15154)
(-0.05092 -0.04187 0.17759)
(-0.07378 -0.04418 0.21267)
(-0.08118 -0.03998 0.20953)
(-0.10620 -0.02248 0.16763)
(-0.16430 0.02704 0.08180)
(-0.17759 0.05016 0.01961)
(-0.22985 0.10660 -0.12734)
(-0.22027 0.10318 -0.14580)
(-0.27959 0.17507 -0.29620)
(-0.27440 0.18576 -0.27471)
(-0.28858 0.19673 -0.38426)
(-0.32343 0.26129 -0.54452)
(-0.35284 0.34104 -0.70406)
(-0.35985 0.35856 -0.73497)
(-0.36733 0.37580 -0.76460)
(-0.38673 0.41552 -0.83691)
(-0.38924 0.43909 -0.92064)
(-0.40079 0.47398 -0.92080)
(-0.38648 0.46317 -0.95574)
(-0.38825 0.48251 -0.98196)
(-0.37594 0.49904 -1.00370)
(-0.37291 0.49966 -1.00620)
(-0.35305 0.51540 -1.02270)
(-0.33868 0.51146 -1.00730)
(-0.33658 0.51345 -1.00810)
(-0.27194 0.48342 -0.90740)
(-0.25945 0.48479 -0.88558)
(-0.22748 0.46507 -0.81001)
(-0.22720 0.46624 -0.80543)
(-0.20717 0.45666 -0.77237)
(-0.16893 0.44524 -0.71480)
(-0.13118 0.42247 -0.62812)
(-0.11057 0.39178 -0.54462)
(-0.13365 0.40815 -0.57211)
(-0.06972 0.35802 -0.46004)
(-0.12144 0.39199 -0.53519)
(-0.05038 0.33506 -0.40167)
(-0.01776 0.18478 -0.18487)
(-0.00104 0.01261 -0.01055)
(0.00064 -0.00459 0.00384)
(-0.00054 0.00050 -0.00047)
(0.00092 -0.00082 0.00076)
(0.00668 -0.00609 0.00603)
(0.02035 -0.01854 0.02007)
(0.02350 -0.02757 0.03790)
(0.02597 -0.02304 0.02685)
(0.01650 -0.03229 0.07387)
(0.00267 -0.04374 0.12270)
(-0.00901 -0.04704 0.14979)
(-0.00411 -0.04635 0.14699)
(-0.01473 -0.04789 0.16916)
(-0.06349 -0.03975 0.21105)
(-0.04160 -0.03464 0.21762)
(-0.07826 -0.04055 0.22336)
(-0.08719 -0.02787 0.22377)
(-0.14566 0.02344 0.14456)
(-0.17759 0.05690 0.05653)
(-0.20876 0.08698 -0.02882)
(-0.26936 0.18615 -0.25417)
(-0.28359 0.20423 -0.32190)
(-0.27947 0.20677 -0.30546)
(-0.29216 0.22177 -0.36070)
(-0.35343 0.35162 -0.70462)
(-0.35977 0.36656 -0.72919)
(-0.36624 0.38180 -0.75662)
(-0.37357 0.41177 -0.80444)
(-0.40164 0.48130 -0.91526)
(-0.40162 0.49047 -0.97025)
(-0.41079 0.53345 -1.01820)
(-0.40811 0.53378 -1.02700)
(-0.40633 0.53415 -1.03450)
(-0.37886 0.52235 -1.03870)
(-0.34939 0.51795 -1.02320)
(-0.33616 0.51600 -1.01050)
(-0.30871 0.51370 -0.96864)
(-0.24406 0.47470 -0.83573)
(-0.24625 0.47619 -0.83347)
(-0.23426 0.47777 -0.80365)
(-0.18486 0.44904 -0.69860)
(-0.20644 0.46459 -0.72524)
(-0.16025 0.42737 -0.62453)
(-0.16421 0.42601 -0.60978)
(-0.15118 0.41473 -0.58455)
(-0.14167 0.40374 -0.55960)
(-0.13275 0.39396 -0.53769)
(-0.07525 0.25223 -0.27240)
(-0.01070 0.06826 -0.05889)
(-0.00542 0.02683 -0.02316)
(0.00507 -0.02697 0.02269)
(0.00216 -0.00157 0.00108)
(0.00799 -0.00688 0.00664)
(0.01522 -0.01314 0.01379)
(0.01382 -0.01150 0.01144)
(0.02719 -0.02327 0.02803)
(0.02815 -0.02521 0.03348)
(0.01062 -0.04159 0.12165)
(0.03537 -0.04724 0.10411)
(0.00202 -0.04643 0.14403)
(-0.00675 -0.04700 0.16547)
(-0.02786 -0.04096 0.22394)
(-0.05435 -0.03543 0.29168)
(-0.07760 -0.02743 0.25189)
(-0.07991 -0.02713 0.28380)
(-0.11629 0.00649 0.20025)
(-0.13878 0.02274 0.15751)
(-0.17514 0.05559 0.12401)
(-0.18840 0.08180 0.04608)
(-0.23686 0.15618 -0.14829)
(-0.27573 0.20886 -0.28901)
(-0.28962 0.22877 -0.35399)
(-0.28688 0.23288 -0.34256)
(-0.31817 0.30127 -0.49795)
(-0.35824 0.38329 -0.68258)
(-0.36982 0.41772 -0.74382)
(-0.38230 0.46541 -0.82260)
(-0.40678 0.51667 -0.89171)
(-0.40899 0.52053 -0.96597)
(-0.40999 0.52420 -1.00300)
(-0.40874 0.53742 -1.02670)
(-0.40730 0.53729 -1.03560)
(-0.39596 0.53617 -1.05960)
(-0.35981 0.52159 -1.03650)
(-0.35820 0.52278 -1.03710)
(-0.34782 0.52054 -1.02450)
(-0.34639 0.52711 -1.01490)
(-0.30456 0.51443 -0.95916)
(-0.30832 0.51648 -0.96003)
(-0.29091 0.50733 -0.88783)
(-0.32297 0.52472 -0.94817)
(-0.27465 0.51017 -0.86186)
(-0.25593 0.49472 -0.80829)
(-0.29012 0.52290 -0.88584)
(-0.21707 0.46156 -0.70756)
(-0.18421 0.43623 -0.63190)
(-0.17143 0.42500 -0.60655)
(-0.16981 0.41961 -0.59418)
(-0.16952 0.41493 -0.58368)
(-0.15499 0.40273 -0.55630)
(-0.18746 0.38567 -0.51847)
(-0.10363 0.27336 -0.30242)
(-0.03205 0.09751 -0.09583)
(0.00269 -0.01081 0.00939)
(-0.00011 0.00008 -0.00007)
(0.00186 -0.00143 0.00125)
(0.01295 -0.00997 0.00842)
(0.02451 -0.02012 0.02246)
(0.03942 -0.03601 0.04313)
(0.04638 -0.04104 0.05630)
(0.05231 -0.04589 0.06028)
(0.03844 -0.04708 0.10085)
(0.02389 -0.05312 0.14171)
(0.04522 -0.05882 0.15570)
(0.04125 -0.06009 0.16638)
(0.01910 -0.06330 0.19266)
(0.00312 -0.05580 0.23139)
(-0.04140 -0.03866 0.28403)
(-0.06340 -0.03238 0.32473)
(-0.09069 0.00737 0.24924)
(-0.12690 0.02189 0.21135)
(-0.15801 0.06032 0.13035)
(-0.16746 0.07485 0.09772)
(-0.20939 0.17192 -0.09398)
(-0.23006 0.21049 -0.18296)
(-0.29933 0.32089 -0.40325)
(-0.31737 0.32274 -0.47684)
(-0.31500 0.36532 -0.48287)
(-0.35718 0.43671 -0.67511)
(-0.37270 0.47145 -0.72722)
(-0.38797 0.50117 -0.81352)
(-0.40388 0.53165 -0.86586)
(-0.41049 0.54150 -0.94810)
(-0.40612 0.55975 -0.92735)
(-0.41881 0.55357 -0.98473)
(-0.41780 0.55280 -1.01340)
(-0.41422 0.54740 -1.03830)
(-0.40991 0.55037 -1.06580)
(-0.39654 0.53824 -1.06560)
(-0.39179 0.53737 -1.08200)
(-0.37809 0.53703 -1.06010)
(-0.37913 0.53712 -1.06310)
(-0.36567 0.53783 -1.03160)
(-0.36696 0.53850 -1.03080)
(-0.37049 0.53902 -0.99755)
(-0.32603 0.52937 -0.93450)
(-0.34968 0.53112 -0.92815)
(-0.30408 0.51240 -0.84950)
(-0.27823 0.49357 -0.79522)
(-0.27891 0.48432 -0.75325)
(-0.28299 0.46449 -0.71141)
(-0.20868 0.41648 -0.59206)
(-0.22190 0.37636 -0.51683)
(-0.17953 0.33914 -0.43673)
(-0.25405 0.41078 -0.60619)
(-0.21809 0.35938 -0.48069)
(-0.07540 0.14769 -0.17041)
(-0.00373 0.00780 -0.00811)
(0.00856 -0.01612 0.01628)
(0.00074 -0.00068 0.00062)
(0.00557 -0.00412 0.00409)
(0.03652 -0.02516 0.02463)
(0.04946 -0.03789 0.04246)
(0.05474 -0.04196 0.04820)
(0.06103 -0.05603 0.07322)
(0.06456 -0.05339 0.06187)
(0.05064 -0.05906 0.12720)
(0.04722 -0.06165 0.16496)
(0.03562 -0.06120 0.21610)
(0.02368 -0.05772 0.22125)
(-0.00378 -0.05794 0.27713)
(-0.02880 -0.03621 0.28519)
(-0.07019 0.00600 0.25133)
(-0.10990 0.08725 0.15665)
(-0.12149 0.10851 0.11534)
(-0.13684 0.10277 0.10543)
(-0.18716 0.15916 -0.01711)
(-0.22011 0.21504 -0.16228)
(-0.25546 0.29215 -0.29444)
(-0.30159 0.38782 -0.46245)
(-0.34109 0.43247 -0.60737)
(-0.36756 0.48007 -0.71904)
(-0.37655 0.51006 -0.75503)
(-0.39536 0.58303 -0.86331)
(-0.39702 0.58705 -0.88119)
(-0.40790 0.55870 -0.96272)
(-0.41451 0.56490 -1.00620)
(-0.41796 0.57440 -1.03570)
(-0.41828 0.57217 -1.04440)
(-0.40433 0.54894 -1.08070)
(-0.40616 0.54805 -1.08950)
(-0.38458 0.53727 -1.07250)
(-0.39944 0.53698 -1.07760)
(-0.36855 0.53550 -1.04050)
(-0.37419 0.53625 -1.03950)
(-0.39227 0.54441 -1.01640)
(-0.39230 0.54372 -0.98753)
(-0.39372 0.54371 -0.97981)
(-0.37985 0.54085 -0.95213)
(-0.30519 0.50215 -0.82247)
(-0.37099 0.52612 -0.90873)
(-0.32467 0.50413 -0.81474)
(-0.31494 0.48560 -0.76207)
(-0.32631 0.47251 -0.74020)
(-0.26276 0.41715 -0.62394)
(-0.24259 0.38164 -0.54005)
(-0.22564 0.36481 -0.49258)
(-0.22482 0.34344 -0.46255)
(-0.12378 0.20198 -0.24071)
(-0.01800 0.03348 -0.03466)
(-0.01228 0.01632 -0.01794)
(-0.00105 0.00109 -0.00121)
(0.00538 -0.00471 0.00430)
(0.00042 -0.00043 0.00047)
(0.00631 -0.00588 0.00597)
(0.02443 -0.02068 0.02724)
(0.05734 -0.04608 0.05078)
(0.04401 -0.03827 0.04884)
(0.06242 -0.05306 0.06413)
(0.06476 -0.06004 0.09013)
(0.06710 -0.06285 0.09902)
(0.07574 -0.07257 0.13091)
(0.05947 -0.06713 0.15677)
(0.05683 -0.07216 0.20066)
(0.02876 -0.05446 0.26353)
(0.01458 -0.04565 0.27877)
(-0.01971 -0.02626 0.28369)
(-0.07972 0.06309 0.16882)
(-0.11243 0.10438 0.12877)
(-0.13124 0.13041 0.07561)
(-0.19188 0.21003 -0.07865)
(-0.23568 0.29742 -0.23438)
(-0.28327 0.38067 -0.37831)
(-0.33953 0.49465 -0.57141)
(-0.31341 0.41483 -0.51289)
(-0.34628 0.48751 -0.65239)
(-0.38399 0.55646 -0.77878)
(-0.39450 0.58977 -0.85182)
(-0.39550 0.59262 -0.86676)
(-0.39721 0.58857 -0.89554)
(-0.40061 0.56731 -0.97773)
(-0.41565 0.57771 -1.02880)
(-0.41652 0.57592 -1.03550)
(-0.40725 0.55479 -1.06660)
(-0.40438 0.54923 -1.07730)
(-0.39985 0.53764 -1.09390)
(-0.40049 0.53831 -1.08820)
(-0.40106 0.53893 -1.08460)
(-0.39559 0.54123 -1.05630)
(-0.40030 0.54184 -1.02550)
(-0.39974 0.54500 -0.99650)
(-0.40181 0.54499 -0.99041)
(-0.39616 0.54382 -0.97424)
(-0.39383 0.54280 -0.96095)
(-0.36582 0.51013 -0.86985)
(-0.33495 0.48272 -0.77877)
(-0.31213 0.45392 -0.72826)
(-0.29365 0.43530 -0.68312)
(-0.29434 0.41109 -0.64948)
(-0.27012 0.38004 -0.55773)
(-0.27126 0.35597 -0.51660)
(-0.16064 0.21101 -0.24812)
(-0.02944 0.03815 -0.04226)
(-0.00083 0.00101 -0.00129)
(0.00168 -0.00195 0.00235)
(0.01492 -0.01371 0.01334)
(0.00992 -0.01062 0.01128)
(0.01419 -0.01492 0.01507)
(0.03875 -0.03997 0.06044)
(0.05164 -0.05062 0.07390)
(0.05627 -0.05725 0.09966)
(0.06351 -0.07074 0.14687)
(0.06777 -0.07595 0.15927)
(0.06184 -0.07794 0.20043)
(0.03758 -0.05962 0.25893)
(0.02935 -0.05223 0.26734)
(0.02004 -0.04261 0.27415)
(0.01141 -0.03949 0.28089)
(-0.03840 0.03009 0.18734)
(-0.08922 0.08701 0.15114)
(-0.11487 0.12140 0.10562)
(-0.16379 0.20880 -0.02630)
(-0.14226 0.15539 0.03330)
(-0.23980 0.32070 -0.24103)
(-0.25151 0.34326 -0.27846)
(-0.33588 0.49580 -0.55478)
(-0.34721 0.51278 -0.60011)
(-0.35248 0.52651 -0.62023)
(-0.39455 0.59818 -0.84260)
(-0.39471 0.59910 -0.85389)
(-0.39576 0.59356 -0.88215)
(-0.39495 0.59327 -0.89616)
(-0.39101 0.58000 -0.97016)
(-0.38774 0.56748 -1.01530)
(-0.40031 0.55271 -1.06780)
(-0.39117 0.54992 -1.06580)
(-0.39303 0.54270 -1.07720)
(-0.40089 0.53749 -1.08880)
(-0.40240 0.53732 -1.08740)
(-0.40448 0.53904 -1.08430)
(-0.41362 0.54026 -1.07000)
(-0.40703 0.54596 -1.00480)
(-0.40948 0.54589 -1.00040)
(-0.40495 0.54504 -0.98522)
(-0.41534 0.54083 -0.96702)
(-0.38134 0.51070 -0.88390)
(-0.37399 0.50573 -0.86739)
(-0.36970 0.47540 -0.80073)
(-0.33490 0.43976 -0.73075)
(-0.32599 0.43083 -0.70990)
(-0.33356 0.43218 -0.71945)
(-0.32573 0.42434 -0.70121)
(-0.31729 0.41455 -0.68007)
(-0.27834 0.35562 -0.52500)
(-0.21762 0.27858 -0.33510)
(-0.19793 0.24672 -0.29338)
(-0.04736 0.05940 -0.06605)
(0.01401 -0.01762 0.01898)
(-0.00023 0.00038 -0.00053)
(0.00222 -0.00329 0.00429)
(0.00631 -0.01592 0.02780)
(0.02003 -0.02197 0.02794)
(0.01575 -0.02955 0.03275)
(0.03748 -0.04097 0.05212)
(0.04904 -0.05360 0.09130)
(0.06081 -0.06862 0.13978)
(0.06536 -0.07400 0.15499)
(0.07354 -0.08658 0.19638)
(0.06394 -0.07309 0.20641)
(0.03736 -0.05669 0.26297)
(0.02793 -0.04656 0.26928)
(0.00316 -0.01672 0.27243)
(0.00996 -0.03005 0.27852)
(-0.06056 0.06650 0.20429)
(-0.09393 0.11436 0.13204)
(-0.14753 0.20169 0.00342)
(-0.21469 0.29821 -0.16645)
(-0.24521 0.36053 -0.27046)
(-0.30682 0.45673 -0.45188)
(-0.34449 0.51381 -0.58335)
(-0.34210 0.51341 -0.56726)
(-0.35149 0.52985 -0.60859)
(-0.38062 0.59341 -0.73037)
(-0.39337 0.61884 -0.78663)
(-0.39462 0.59870 -0.86897)
(-0.38923 0.59895 -0.90868)
(-0.38844 0.59216 -0.94612)
(-0.38393 0.58503 -0.97751)
(-0.37956 0.55419 -1.03920)
(-0.37245 0.53959 -1.05560)
(-0.38833 0.54200 -1.07100)
(-0.39839 0.53937 -1.08190)
(-0.40046 0.53514 -1.08940)
(-0.40537 0.53788 -1.08620)
(-0.42506 0.54349 -1.07150)
(-0.41915 0.54456 -1.03880)
(-0.44083 0.55373 -1.02900)
(-0.43589 0.54642 -0.99665)
(-0.44806 0.54783 -0.98655)
(-0.41311 0.52393 -0.93301)
(-0.39355 0.50440 -0.87205)
(-0.41950 0.50889 -0.89692)
(-0.38088 0.47737 -0.82094)
(-0.34145 0.43734 -0.73392)
(-0.32786 0.42043 -0.69843)
(-0.32332 0.38949 -0.64026)
(-0.29435 0.34442 -0.52054)
(-0.22345 0.27736 -0.34025)
(-0.23371 0.27670 -0.35428)
(-0.06610 0.08038 -0.08956)
(0.00287 -0.00349 0.00371)
(-0.00022 -0.00015 0.00033)
(-0.00124 -0.00575 0.00867)
(-0.00644 -0.00303 0.00733)
(0.00502 -0.02381 0.02765)
(0.00846 -0.02801 0.03061)
(0.02159 -0.03537 0.03501)
(0.03820 -0.05303 0.05681)
(0.04320 -0.06140 0.08735)
(0.05867 -0.06886 0.11024)
(0.06059 -0.07015 0.14886)
(0.07394 -0.09472 0.17756)
(0.06578 -0.08090 0.20662)
(0.04239 -0.05434 0.24569)
(0.01088 -0.01948 0.23600)
(-0.04255 0.06141 0.19379)
(-0.06189 0.09173 0.22550)
(-0.11233 0.15936 0.09111)
(-0.21092 0.30767 -0.14018)
(-0.20509 0.29165 -0.09615)
(-0.27386 0.41110 -0.31910)
(-0.30867 0.46936 -0.38865)
(-0.35084 0.54130 -0.50322)
(-0.34989 0.52943 -0.59466)
(-0.37670 0.60328 -0.69824)
(-0.38734 0.63559 -0.74651)
(-0.39245 0.62390 -0.82257)
(-0.38969 0.62552 -0.86332)
(-0.38381 0.59990 -0.92348)
(-0.38429 0.59898 -0.94706)
(-0.37451 0.56115 -1.01850)
(-0.38819 0.56498 -1.02900)
(-0.39249 0.54411 -1.06760)
(-0.39639 0.54174 -1.06950)
(-0.39780 0.53570 -1.07600)
(-0.41730 0.54083 -1.08000)
(-0.43060 0.54615 -1.07300)
(-0.44768 0.55007 -1.06610)
(-0.45054 0.55127 -1.06160)
(-0.45598 0.55244 -1.01080)
(-0.46140 0.55096 -0.99751)
(-0.43435 0.53219 -0.95023)
(-0.43951 0.51185 -0.90072)
(-0.39146 0.47601 -0.81294)
(-0.38685 0.44931 -0.75183)
(-0.33071 0.41773 -0.69831)
(-0.38602 0.41352 -0.69136)
(-0.33401 0.37114 -0.58740)
(-0.30820 0.34000 -0.51008)
(-0.29453 0.30036 -0.44404)
(-0.26021 0.26787 -0.35059)
(-0.10280 0.10047 -0.10926)
(-0.00668 0.00688 -0.00621)
(-0.00140 -0.00061 0.00149)
(-0.00772 -0.01274 0.01752)
(-0.00511 -0.02577 0.03145)
(0.00033 -0.04110 0.03823)
(0.00969 -0.04258 0.04003)
(0.03156 -0.05788 0.07770)
(0.05537 -0.08851 0.11721)
(0.06263 -0.08429 0.11359)
(0.06366 -0.09439 0.13714)
(0.06353 -0.09134 0.17260)
(0.05479 -0.06942 0.22268)
(0.02527 -0.03196 0.22580)
(-0.02149 0.02025 0.21760)
(-0.01534 0.01604 0.19531)
(-0.06568 0.08761 0.18323)
(-0.13591 0.17769 0.07055)
(-0.25004 0.35621 -0.14155)
(-0.26087 0.38826 -0.22332)
(-0.30604 0.47758 -0.34226)
(-0.33093 0.51869 -0.41011)
(-0.37131 0.59612 -0.55675)
(-0.39610 0.64519 -0.63244)
(-0.39367 0.64593 -0.69033)
(-0.39464 0.64147 -0.77478)
(-0.39154 0.63728 -0.83307)
(-0.37990 0.62295 -0.88192)
(-0.38089 0.61716 -0.90125)
(-0.37523 0.58114 -0.97596)
(-0.38397 0.57254 -1.00560)
(-0.38221 0.54879 -1.04840)
(-0.38707 0.53915 -1.06320)
(-0.40957 0.54169 -1.06520)
(-0.41666 0.53844 -1.07580)
(-0.43837 0.54937 -1.06260)
(-0.44918 0.55055 -1.06570)
(-0.47438 0.56078 -1.05200)
(-0.47140 0.55457 -1.02940)
(-0.50869 0.56152 -1.00090)
(-0.48302 0.55065 -0.98105)
(-0.46589 0.51325 -0.90749)
(-0.43813 0.50500 -0.88674)
(-0.42359 0.48704 -0.84230)
(-0.45529 0.47751 -0.81040)
(-0.44527 0.46511 -0.79102)
(-0.39458 0.41952 -0.70195)
(-0.33269 0.34722 -0.55742)
(-0.31415 0.31399 -0.46995)
(-0.29516 0.28947 -0.39808)
(-0.19029 0.17662 -0.20743)
(-0.08791 0.08356 -0.08721)
(-0.01286 0.01215 -0.01188)
(0.00103 0.00070 -0.00112)
(-0.00391 -0.00254 0.00412)
(-0.00886 -0.01545 0.01388)
(-0.01145 -0.03201 0.03221)
(-0.00804 -0.03863 0.03493)
(-0.00320 -0.04433 0.04084)
(0.01723 -0.05629 0.07331)
(-0.00242 -0.04650 0.04495)
(0.02917 -0.06885 0.10512)
(0.05423 -0.08995 0.12568)
(0.05892 -0.09259 0.13952)
(0.02217 -0.06085 0.14903)
(0.04543 -0.06641 0.19309)
(0.00964 -0.02946 0.17921)
(-0.07528 0.06631 0.12201)
(-0.08246 0.08819 0.14813)
(-0.11553 0.10893 0.09931)
(-0.13025 0.15557 0.06694)
(-0.25780 0.35866 -0.14155)
(-0.27528 0.39522 -0.19682)
(-0.29578 0.42893 -0.24104)
(-0.33766 0.50246 -0.35490)
(-0.38320 0.62009 -0.55401)
(-0.39904 0.65321 -0.57565)
(-0.41456 0.68835 -0.65352)
(-0.40367 0.67230 -0.70826)
(-0.39434 0.65653 -0.75505)
(-0.39085 0.65638 -0.81276)
(-0.38410 0.64706 -0.84379)
(-0.38170 0.64164 -0.85855)
(-0.37323 0.59084 -0.94783)
(-0.38242 0.57591 -0.99829)
(-0.38485 0.56835 -1.01310)
(-0.38211 0.55289 -1.03430)
(-0.41103 0.55317 -1.03720)
(-0.42997 0.54992 -1.05490)
(-0.45923 0.55943 -1.03900)
(-0.46372 0.55908 -1.05190)
(-0.48089 0.56428 -1.03840)
(-0.51014 0.56463 -1.01000)
(-0.51677 0.56492 -1.00060)
(-0.51285 0.56040 -0.99262)
(-0.51661 0.55859 -0.98529)
(-0.46770 0.49486 -0.84575)
(-0.46563 0.48085 -0.81314)
(-0.44738 0.46181 -0.78119)
(-0.44527 0.43667 -0.73946)
(-0.41268 0.41022 -0.68263)
(-0.36760 0.35837 -0.56654)
(-0.37706 0.34122 -0.49688)
(-0.36109 0.32420 -0.45478)
(-0.30589 0.25693 -0.30673)
(-0.19257 0.14366 -0.13111)
(-0.01994 0.01460 -0.01161)
(-0.02015 0.01418 -0.01084)
(-0.00389 -0.00201 0.00364)
(-0.01344 -0.02035 0.02043)
(-0.01218 -0.03889 0.03310)
(-0.00925 -0.04129 0.03593)
(-0.00608 -0.04436 0.03971)
(-0.00525 -0.04674 0.04287)
(0.00910 -0.05804 0.08550)
(0.02293 -0.06913 0.09984)
(0.05305 -0.09085 0.13126)
(0.00151 -0.04720 0.12651)
(-0.01557 -0.01927 0.14738)
(-0.09792 0.08220 0.10544)
(-0.11957 0.10649 0.08745)
(-0.13571 0.13184 0.08070)
(-0.19590 0.23476 -0.02226)
(-0.27980 0.39175 -0.18538)
(-0.29103 0.39339 -0.18321)
(-0.30032 0.42614 -0.22744)
(-0.36399 0.52772 -0.33797)
(-0.40712 0.61943 -0.46051)
(-0.39472 0.60526 -0.46692)
(-0.41127 0.66095 -0.53804)
(-0.42734 0.69868 -0.62036)
(-0.42558 0.70374 -0.63743)
(-0.40354 0.67504 -0.73272)
(-0.38657 0.65728 -0.83080)
(-0.38391 0.65132 -0.84492)
(-0.37886 0.63650 -0.87062)
(-0.37199 0.60088 -0.94099)
(-0.38374 0.57297 -1.00360)
(-0.39456 0.57080 -1.00480)
(-0.41070 0.55853 -1.02300)
(-0.42457 0.55737 -1.03530)
(-0.46197 0.56220 -1.03210)
(-0.47123 0.56484 -1.03450)
(-0.48277 0.56988 -1.03010)
(-0.52009 0.56903 -1.00710)
(-0.52640 0.56937 -0.99962)
(-0.52192 0.56394 -0.99288)
(-0.52806 0.56247 -0.98559)
(-0.50103 0.51713 -0.87646)
(-0.50691 0.48723 -0.81187)
(-0.47940 0.42791 -0.69391)
(-0.45909 0.40252 -0.64086)
(-0.41429 0.37927 -0.60260)
(-0.38617 0.32813 -0.44770)
(-0.37516 0.31862 -0.42894)
(-0.30633 0.22565 -0.22088)
(-0.22712 0.16353 -0.14391)
(-0.12357 0.08796 -0.07246)
(-0.23571 0.16334 -0.13636)
(-0.03313 0.02236 -0.01610)
(-0.00099 -0.00052 0.00096)
(-0.00766 -0.00415 0.00728)
(-0.00498 -0.00273 0.00499)
(-0.01884 -0.01061 0.01760)
(-0.02286 -0.02848 0.02772)
(-0.02107 -0.03339 0.03554)
(-0.01281 -0.04120 0.03417)
(-0.01692 -0.04274 0.03710)
(-0.00875 -0.04419 0.03818)
(-0.01457 -0.04612 0.04733)
(-0.01067 -0.04762 0.05882)
(-0.00324 -0.05035 0.07708)
(-0.02742 -0.02838 0.08918)
(-0.02021 -0.03277 0.10905)
(-0.05640 -0.00011 0.09935)
(-0.08775 0.05633 0.09838)
(-0.12891 0.10932 0.07300)
(-0.14341 0.13394 0.06601)
(-0.19669 0.19049 0.01426)
(-0.35709 0.40519 -0.18148)
(-0.30972 0.42457 -0.21943)
(-0.40460 0.55279 -0.32709)
(-0.46130 0.66448 -0.43625)
(-0.43532 0.68107 -0.53353)
(-0.44309 0.71546 -0.59009)
(-0.43268 0.71160 -0.62627)
(-0.42319 0.70660 -0.68465)
(-0.40445 0.68928 -0.78272)
(-0.38624 0.66213 -0.83172)
(-0.38031 0.64415 -0.86019)
(-0.37928 0.61764 -0.91038)
(-0.38166 0.58086 -0.97775)
(-0.39611 0.57674 -0.98184)
(-0.40991 0.56511 -0.99532)
(-0.42648 0.56102 -1.02300)
(-0.46077 0.56355 -1.02630)
(-0.47538 0.56773 -1.02800)
(-0.49014 0.57375 -1.02360)
(-0.52236 0.57567 -1.00390)
(-0.54505 0.57832 -1.00020)
(-0.53230 0.56836 -0.99242)
(-0.55917 0.56479 -0.95641)
(-0.55104 0.54343 -0.90393)
(-0.55924 0.52209 -0.85055)
(-0.51575 0.46411 -0.74647)
(-0.48699 0.41702 -0.65209)
(-0.47221 0.40148 -0.62048)
(-0.44203 0.36754 -0.52014)
(-0.37092 0.28306 -0.33022)
(-0.31845 0.22770 -0.21864)
(-0.31912 0.22057 -0.19936)
(-0.31266 0.20991 -0.17345)
(-0.20943 0.13853 -0.10604)
(-0.03586 0.02163 -0.01055)
(0.02871 -0.01703 0.00728)
(-0.00046 -0.00024 0.00060)
(-0.00565 -0.00303 0.00725)
(-0.02864 -0.01815 0.02594)
(-0.01687 -0.01016 0.01744)
(-0.03043 -0.02254 0.02617)
(-0.02343 -0.03127 0.02707)
(-0.02201 -0.03543 0.02593)
(-0.02104 -0.03844 0.03669)
(-0.02521 -0.03463 0.03880)
(-0.02136 -0.04240 0.05213)
(-0.01771 -0.05080 0.05148)
(-0.03997 -0.02864 0.04617)
(-0.04976 -0.02050 0.07576)
(-0.09582 0.01898 0.05073)
(-0.12348 0.06291 0.03956)
(-0.15633 0.09659 0.01835)
(-0.25551 0.21029 -0.06979)
(-0.15476 0.13935 0.04961)
(-0.25318 0.23943 -0.04915)
(-0.38576 0.40418 -0.20143)
(-0.39874 0.46574 -0.26167)
(-0.44590 0.57409 -0.33970)
(-0.48509 0.64612 -0.40841)
(-0.46721 0.70801 -0.48893)
(-0.48358 0.73498 -0.53700)
(-0.48505 0.77635 -0.59456)
(-0.44263 0.75369 -0.67950)
(-0.42918 0.73525 -0.72534)
(-0.41627 0.71884 -0.76587)
(-0.39419 0.67329 -0.83667)
(-0.38354 0.63367 -0.88536)
(-0.37713 0.60682 -0.93418)
(-0.40176 0.59062 -0.95819)
(-0.41018 0.57941 -0.97084)
(-0.42938 0.56738 -0.99749)
(-0.46637 0.57887 -0.98466)
(-0.47841 0.57013 -1.02110)
(-0.52749 0.59432 -1.00390)
(-0.55451 0.59868 -0.99946)
(-0.60188 0.61562 -0.98139)
(-0.60914 0.60172 -0.95679)
(-0.60942 0.59456 -0.94910)
(-0.60498 0.56547 -0.89879)
(-0.58105 0.52579 -0.84306)
(-0.54336 0.48504 -0.76903)
(-0.53868 0.46212 -0.70358)
(-0.48996 0.40816 -0.62185)
(-0.45756 0.34534 -0.42685)
(-0.43117 0.31938 -0.37538)
(-0.43761 0.30859 -0.34110)
(-0.39589 0.24671 -0.18786)
(-0.32858 0.19732 -0.11866)
(-0.20172 0.11122 -0.05015)
(-0.05764 0.03033 -0.00906)
(0.02198 -0.01022 -0.00091)
(-0.00312 -0.00164 0.00405)
(-0.01740 -0.01000 0.02132)
(-0.03201 -0.01579 0.03442)
(-0.03166 -0.02285 0.03259)
(-0.02685 -0.03241 0.03013)
(-0.02418 -0.03492 0.03028)
(-0.03797 -0.01531 0.03090)
(-0.02715 -0.03228 0.03712)
(-0.03501 -0.02517 0.03414)
(-0.04670 -0.01698 0.03690)
(-0.03116 -0.03398 0.04669)
(-0.06273 -0.00866 0.03698)
(-0.07508 -0.00393 0.03967)
(-0.11319 0.02307 0.00149)
(-0.12179 0.02944 0.00144)
(-0.13798 0.07181 0.02339)
(-0.15161 0.05418 -0.01177)
(-0.18907 0.11624 -0.01737)
(-0.28835 0.21299 -0.10829)
(-0.33709 0.30723 -0.14150)
(-0.40866 0.41396 -0.22491)
(-0.42597 0.45370 -0.24209)
(-0.49406 0.58660 -0.33690)
(-0.57432 0.71360 -0.45539)
(-0.51771 0.73450 -0.49005)
(-0.51262 0.74687 -0.52549)
(-0.51115 0.81163 -0.60841)
(-0.48266 0.78906 -0.64564)
(-0.45220 0.76170 -0.69589)
(-0.42649 0.73827 -0.75049)
(-0.40586 0.68745 -0.81285)
(-0.39800 0.65821 -0.86238)
(-0.37720 0.61703 -0.91636)
(-0.41132 0.60568 -0.92069)
(-0.44631 0.60012 -0.92448)
(-0.44085 0.57510 -0.97188)
(-0.47977 0.58777 -0.96585)
(-0.52539 0.59855 -0.97864)
(-0.56567 0.61407 -0.98327)
(-0.59115 0.61742 -0.97634)
(-0.61082 0.62235 -0.97471)
(-0.66045 0.63666 -0.93507)
(-0.64242 0.60640 -0.92112)
(-0.67220 0.62164 -0.89943)
(-0.61227 0.55184 -0.81113)
(-0.58540 0.51162 -0.76344)
(-0.60847 0.51223 -0.69679)
(-0.59654 0.49577 -0.66636)
(-0.55843 0.45350 -0.60924)
(-0.58906 0.48125 -0.62799)
(-0.50989 0.38333 -0.46942)
(-0.44558 0.28850 -0.28252)
(-0.43733 0.28029 -0.26332)
(-0.38360 0.20977 -0.10648)
(-0.11892 0.06023 -0.01445)
(-0.01848 0.00814 0.00212)
(0.00711 -0.00310 -0.00094)
(-0.00059 -0.00029 0.00082)
(-0.00929 -0.00480 0.01259)
(-0.02402 -0.01367 0.03081)
(-0.02972 -0.01293 0.03471)
(-0.03008 -0.01294 0.03563)
(-0.02920 -0.01712 0.03315)
(-0.03034 -0.02030 0.03304)
(-0.04854 -0.00412 0.02805)
(-0.05045 -0.00490 0.02749)
(-0.05503 -0.00076 0.02528)
(-0.07305 0.00319 0.02770)
(-0.11897 0.02836 -0.00522)
(-0.12835 0.03488 -0.00738)
(-0.14602 0.04821 -0.01947)
(-0.23418 0.14280 -0.07398)
(-0.32100 0.22799 -0.15019)
(-0.36380 0.31454 -0.16937)
(-0.45740 0.42234 -0.25612)
(-0.46561 0.47616 -0.28239)
(-0.51318 0.50473 -0.33231)
(-0.54506 0.62601 -0.39042)
(-0.58812 0.71523 -0.45834)
(-0.57985 0.73666 -0.47294)
(-0.56841 0.75147 -0.50858)
(-0.53587 0.80304 -0.58327)
(-0.50498 0.81016 -0.62433)
(-0.47715 0.78617 -0.66805)
(-0.45943 0.76396 -0.72335)
(-0.41694 0.70023 -0.80057)
(-0.42139 0.67459 -0.82693)
(-0.40835 0.64444 -0.86798)
(-0.42464 0.61495 -0.90392)
(-0.45092 0.60294 -0.91581)
(-0.45761 0.59896 -0.92588)
(-0.48458 0.59528 -0.93645)
(-0.53876 0.60605 -0.96877)
(-0.57840 0.62136 -0.95638)
(-0.63430 0.65171 -0.92832)
(-0.64004 0.64341 -0.94745)
(-0.68696 0.65396 -0.90398)
(-0.68368 0.64486 -0.89840)
(-0.68744 0.64381 -0.88701)
(-0.65046 0.58857 -0.80935)
(-0.62687 0.53340 -0.70671)
(-0.60057 0.49615 -0.64578)
(-0.56786 0.44693 -0.55284)
(-0.51834 0.37552 -0.43465)
(-0.49735 0.35566 -0.34347)
(-0.46783 0.31254 -0.28608)
(-0.44274 0.28504 -0.22648)
(-0.37803 0.21251 -0.09976)
(-0.13051 0.06089 -0.00180)
(-0.00943 0.00409 0.00021)
(-0.00041 -0.00000 0.00072)
(-0.01227 -0.00028 0.02126)
(-0.02855 0.00089 0.04129)
(-0.03315 0.00153 0.04524)
(-0.03095 -0.00149 0.04047)
(-0.02952 -0.01239 0.04108)
(-0.03858 -0.00453 0.03517)
(-0.02980 -0.01446 0.04020)
(-0.04922 -0.00025 0.02811)
(-0.05228 -0.00045 0.02668)
(-0.05350 0.00374 0.02646)
(-0.05760 0.00397 0.02385)
(-0.06125 0.00484 0.02198)
(-0.12808 0.04367 -0.02012)
(-0.13322 0.03920 -0.01442)
(-0.15103 0.05202 -0.02739)
(-0.26920 0.16952 -0.10848)
(-0.31940 0.22103 -0.15488)
(-0.41528 0.34251 -0.22984)
(-0.50669 0.44792 -0.31072)
(-0.53108 0.48006 -0.33239)
(-0.55048 0.61732 -0.40236)
(-0.60291 0.71817 -0.46505)
(-0.59293 0.73678 -0.47467)
(-0.59492 0.75411 -0.48922)
(-0.57486 0.80578 -0.57836)
(-0.51702 0.81707 -0.61871)
(-0.51054 0.80503 -0.64879)
(-0.45246 0.73557 -0.75751)
(-0.42272 0.66456 -0.83559)
(-0.44334 0.64983 -0.85320)
(-0.46226 0.60207 -0.91685)
(-0.54676 0.61532 -0.92797)
(-0.59344 0.63753 -0.92718)
(-0.66244 0.66643 -0.92001)
(-0.69182 0.65438 -0.89266)
(-0.69055 0.64359 -0.87463)
(-0.61231 0.51281 -0.66320)
(-0.54310 0.41723 -0.45325)
(-0.15067 0.07687 -0.01134)
(-0.00216 0.00040 0.00417)
(-0.01838 0.00350 0.03206)
(-0.03482 0.00877 0.05554)
(-0.02747 0.00819 0.04845)
(-0.03490 0.01138 0.05603)
(-0.03449 0.00918 0.05337)
(-0.04137 0.00922 0.03783)
(-0.04971 0.00374 0.02853)
(-0.05439 0.00828 0.02700)
(-0.05979 0.00863 0.02301)
(-0.07107 0.01770 0.01714)
(-0.13629 0.06178 -0.03431)
(-0.16429 0.08526 -0.04931)
(-0.16953 0.07289 -0.05222)
(-0.28454 0.16505 -0.13624)
(-0.26696 0.15411 -0.11074)
(-0.34450 0.22694 -0.18326)
(-0.43732 0.34188 -0.25864)
(-0.43465 0.32326 -0.26240)
(-0.50962 0.44200 -0.31508)
(-0.53537 0.47724 -0.33750)
(-0.56262 0.56345 -0.38218)
(-0.62702 0.69388 -0.46364)
(-0.61395 0.73591 -0.48146)
(-0.60614 0.75392 -0.49369)
(-0.55934 0.81361 -0.60706)
(0.00336 -0.00178 -0.00652)
(-0.00926 0.00512 0.01819)
(-0.03109 0.01852 0.05983)
(-0.03160 0.01314 0.05650)
(-0.03400 0.01430 0.05531)
(-0.03275 0.01604 0.05029)
(-0.04027 0.01417 0.03961)
(-0.04467 0.01653 0.03868)
(-0.04295 0.01915 0.03979)
(-0.05637 0.02225 0.03010)
(-0.07284 0.03147 0.01923)
(-0.09954 0.05075 -0.00144)
(-0.14831 0.07475 -0.04043)
(-0.15214 0.07657 -0.04226)
(-0.22547 0.12984 -0.09786)
(-0.28356 0.17385 -0.13890)
(-0.36090 0.24599 -0.20085)
(-0.43855 0.32655 -0.26671)
(-0.51759 0.43417 -0.32460)
(-0.60211 0.56292 -0.39934)
(-0.64492 0.64978 -0.45724)
(0.00323 -0.00211 -0.00627)
(-0.00228 0.00150 0.00442)
(-0.01574 0.01182 0.03057)
(-0.03082 0.02377 0.05868)
(-0.03091 0.02411 0.05706)
(-0.03208 0.02789 0.05446)
(-0.04482 0.03129 0.04572)
(-0.05873 0.03680 0.03290)
(-0.07114 0.04120 0.02400)
(-0.10228 0.05983 -0.00296)
(-0.14185 0.07550 -0.03455)
(-0.16844 0.09374 -0.05684)
(-0.22359 0.13373 -0.10042)
(-0.32437 0.21253 -0.17902)
(-0.34843 0.22601 -0.19294)
(-0.40931 0.27592 -0.24579)
(-0.48822 0.37697 -0.30682)
(-0.00077 0.00062 0.00144)
(-0.01781 0.01574 0.03322)
(-0.02458 0.02028 0.04758)
(-0.03149 0.02613 0.05994)
(-0.03178 0.02650 0.05772)
(-0.03249 0.02832 0.05816)
(-0.04012 0.03835 0.05371)
(-0.05113 0.04451 0.04365)
(-0.06283 0.04729 0.03197)
(-0.06582 0.05401 0.03548)
(-0.09903 0.07522 0.00866)
(-0.12294 0.08920 -0.01207)
(-0.13430 0.08496 -0.02707)
(-0.14290 0.10436 -0.02380)
(-0.17414 0.11504 -0.05404)
(-0.25470 0.16268 -0.12309)
(-0.00222 0.00195 0.00402)
(-0.02589 0.02241 0.04660)
(-0.03207 0.02809 0.06060)
(-0.03573 0.03672 0.06943)
(-0.03227 0.03101 0.06348)
(-0.03876 0.03813 0.06006)
(-0.04840 0.04987 0.05158)
(-0.06475 0.05447 0.03728)
(-0.10785 0.08599 0.00816)
(-0.13251 0.10049 -0.01409)
(0.00045 -0.00044 -0.00086)
(-0.01184 0.01169 0.02309)
(-0.02812 0.03150 0.05567)
(-0.49186 0.78742 -0.69988)
(-0.42810 0.68162 -0.81847)
(-0.45574 0.60505 -0.90623)
(-0.50157 0.60847 -0.90856)
(-0.64741 0.66123 -0.90938)
(-0.68632 0.66006 -0.89638)
(-0.69451 0.65369 -0.88101)
(-0.66337 0.58482 -0.73607)
(-0.58562 0.50263 -0.59551)
(-0.52459 0.38552 -0.36633)
(-0.48942 0.34715 -0.31602)
(-0.38710 0.21921 -0.09121)
(-0.37682 0.20818 -0.07362)
(-0.36523 0.19557 -0.05341)
(-0.03367 0.01673 -0.00134)
(-0.60324 0.80273 -0.56410)
(-0.53360 0.81102 -0.65079)
(-0.50317 0.78372 -0.69145)
(-0.47939 0.76027 -0.72964)
(-0.43612 0.69870 -0.80217)
(-0.42923 0.66982 -0.82746)
(-0.44805 0.64872 -0.84389)
(-0.47199 0.61907 -0.86360)
(-0.46619 0.60424 -0.90731)
(-0.52313 0.61822 -0.88515)
(-0.55418 0.61853 -0.91818)
(-0.61312 0.64668 -0.91051)
(-0.64898 0.66353 -0.90219)
(-0.66130 0.67036 -0.90698)
(-0.69648 0.68839 -0.89053)
(-0.69881 0.66453 -0.88646)
(-0.70037 0.66366 -0.87463)
(-0.70431 0.65680 -0.85578)
(-0.67992 0.63646 -0.75714)
(-0.63011 0.55172 -0.67721)
(-0.59737 0.51872 -0.57335)
(-0.55501 0.44826 -0.46016)
(-0.52694 0.40814 -0.35378)
(-0.44632 0.30371 -0.19597)
(-0.38175 0.22027 -0.08259)
(-0.36323 0.20006 -0.05364)
(-0.13643 0.07147 -0.01071)
(-0.01346 0.00686 -0.00058)
(-0.68736 0.72896 -0.50388)
(-0.65225 0.78560 -0.53930)
(-0.64335 0.79814 -0.55214)
(-0.60255 0.83591 -0.60247)
(-0.57628 0.81914 -0.62423)
(-0.53166 0.80212 -0.67789)
(-0.48358 0.76718 -0.73073)
(-0.47272 0.73313 -0.76117)
(-0.43409 0.67536 -0.82019)
(-0.45705 0.69426 -0.79523)
(-0.44309 0.65035 -0.83362)
(-0.47835 0.61702 -0.84381)
(-0.50359 0.61496 -0.87146)
(-0.52427 0.61826 -0.87659)
(-0.56819 0.62493 -0.89314)
(-0.60881 0.64712 -0.88510)
(-0.63883 0.66389 -0.88254)
(-0.67362 0.68253 -0.89852)
(-0.70452 0.70470 -0.87550)
(-0.71175 0.69216 -0.86692)
(-0.71600 0.69686 -0.83440)
(-0.70523 0.67546 -0.81476)
(-0.69928 0.66416 -0.75378)
(-0.66105 0.62288 -0.68767)
(-0.59807 0.52727 -0.52989)
(-0.55357 0.45198 -0.42835)
(-0.55299 0.48975 -0.43365)
(-0.50221 0.40203 -0.31152)
(-0.47417 0.35943 -0.26286)
(-0.45964 0.36345 -0.25311)
(-0.39257 0.24038 -0.09999)
(-0.35413 0.20186 -0.05391)
(-0.17036 0.09202 -0.01164)
(-0.03749 0.01930 0.00188)
(0.01429 -0.00724 -0.00102)
(-0.57373 0.47498 -0.38434)
(-0.62856 0.57347 -0.42660)
(-0.65391 0.64041 -0.46471)
(-0.68303 0.71389 -0.50587)
(-0.67049 0.77491 -0.53771)
(-0.66493 0.79914 -0.57759)
(-0.61148 0.82824 -0.60342)
(-0.59251 0.81090 -0.63214)
(-0.54049 0.79784 -0.68997)
(-0.52214 0.78525 -0.70704)
(-0.49273 0.74496 -0.74563)
(-0.48175 0.70761 -0.78605)
(-0.47351 0.66400 -0.82022)
(-0.48066 0.64995 -0.82692)
(-0.48376 0.61677 -0.84585)
(-0.53695 0.61830 -0.85654)
(-0.57260 0.63164 -0.85205)
(-0.58752 0.63517 -0.87534)
(-0.61081 0.65115 -0.87088)
(-0.66763 0.68487 -0.87149)
(-0.68616 0.69445 -0.87429)
(-0.70157 0.71124 -0.85159)
(-0.71999 0.72151 -0.85510)
(-0.70821 0.71109 -0.82154)
(-0.70143 0.68824 -0.80754)
(-0.68460 0.70065 -0.77679)
(-0.67639 0.66291 -0.73787)
(-0.62412 0.60511 -0.60377)
(-0.60284 0.56390 -0.55937)
(-0.55622 0.52661 -0.46590)
(-0.51114 0.44277 -0.35256)
(-0.42810 0.32666 -0.19545)
(-0.45413 0.38895 -0.25265)
(-0.38334 0.27925 -0.11743)
(-0.32920 0.22939 -0.08358)
(-0.03546 0.02159 0.00105)
(0.02880 -0.01654 -0.00295)
(-0.24663 0.18608 -0.05503)
(-0.32387 0.21452 -0.17878)
(-0.34938 0.23294 -0.19884)
(-0.37351 0.25332 -0.21773)
(-0.48147 0.36793 -0.30712)
(-0.57254 0.46908 -0.38221)
(-0.60984 0.51749 -0.40227)
(-0.59764 0.51445 -0.40639)
(-0.64554 0.59538 -0.44966)
(-0.67883 0.67902 -0.49528)
(-0.67652 0.74430 -0.53914)
(-0.66936 0.79779 -0.58033)
(-0.65378 0.80780 -0.59217)
(-0.59534 0.80540 -0.64430)
(-0.52878 0.78780 -0.70296)
(-0.51725 0.77588 -0.71590)
(-0.50374 0.72006 -0.77516)
(-0.47568 0.68928 -0.80084)
(-0.50854 0.65493 -0.82698)
(-0.49916 0.63215 -0.83606)
(-0.51919 0.64736 -0.82781)
(-0.55672 0.62672 -0.84859)
(-0.57017 0.63137 -0.84982)
(-0.58380 0.63655 -0.85142)
(-0.65315 0.67696 -0.85880)
(-0.67887 0.69442 -0.87001)
(-0.67370 0.69038 -0.86737)
(-0.69217 0.71244 -0.85359)
(-0.71626 0.72600 -0.83633)
(-0.69992 0.71842 -0.82590)
(-0.69428 0.71854 -0.79272)
(-0.67143 0.70593 -0.75279)
(-0.67316 0.69749 -0.74726)
(-0.59912 0.59500 -0.57621)
(-0.57195 0.55098 -0.50745)
(-0.55141 0.52915 -0.46722)
(-0.53441 0.50504 -0.42582)
(-0.40561 0.36944 -0.22740)
(-0.38145 0.33318 -0.17675)
(-0.33672 0.28343 -0.10982)
(-0.18415 0.13941 -0.02481)
(-0.02213 0.01576 -0.00120)
(-0.09478 0.07381 0.00026)
(-0.01787 0.01360 0.00072)
(-0.14291 0.10687 -0.02277)
(-0.15312 0.11115 -0.03256)
(-0.21034 0.14829 -0.08032)
(-0.32305 0.21600 -0.17834)
(-0.34579 0.23262 -0.19612)
(-0.34137 0.23151 -0.19287)
(-0.36937 0.25227 -0.21458)
(-0.49735 0.38864 -0.31983)
(-0.44485 0.32102 -0.26771)
(-0.54413 0.43776 -0.34567)
(-0.60319 0.49750 -0.38994)
(-0.68013 0.63406 -0.46349)
(-0.69199 0.65745 -0.47343)
(-0.68089 0.72167 -0.51808)
(-0.67455 0.79594 -0.57746)
(-0.66023 0.80378 -0.58904)
(-0.65143 0.80755 -0.59790)
(-0.61877 0.80542 -0.63103)
(-0.53455 0.79083 -0.69938)
(-0.52370 0.78023 -0.71098)
(-0.51433 0.74312 -0.76248)
(-0.49229 0.69440 -0.79827)
(-0.51799 0.65896 -0.82267)
(-0.52335 0.65247 -0.82671)
(-0.54295 0.63782 -0.83871)
(-0.56860 0.63096 -0.84840)
(-0.58181 0.63624 -0.84972)
(-0.57982 0.63561 -0.84842)
(-0.63908 0.66915 -0.84778)
(-0.64640 0.68104 -0.82889)
(-0.67141 0.70571 -0.82808)
(-0.68369 0.72066 -0.81540)
(-0.67653 0.71348 -0.76141)
(-0.66634 0.70565 -0.74931)
(-0.66186 0.69889 -0.74136)
(-0.59761 0.61835 -0.60605)
(-0.56636 0.55248 -0.50668)
(-0.54727 0.53150 -0.46850)
(-0.53050 0.50698 -0.42682)
(-0.47742 0.46610 -0.35855)
(-0.38023 0.35377 -0.20454)
(-0.28738 0.24768 -0.07029)
(-0.07949 0.06699 -0.00459)
(0.01649 -0.01319 -0.00017)
(-0.00576 0.00475 -0.00009)
(-0.03832 0.04172 0.07447)
(-0.04374 0.05197 0.06996)
(-0.04260 0.04707 0.06347)
(-0.05151 0.05760 0.05762)
(-0.05597 0.06064 0.06150)
(-0.06607 0.06727 0.05011)
(-0.10159 0.08447 0.01540)
(-0.13204 0.10216 -0.01264)
(-0.13191 0.10416 -0.01108)
(-0.14289 0.10923 -0.02148)
(-0.15453 0.11459 -0.03279)
(-0.21526 0.15824 -0.08302)
(-0.29785 0.20848 -0.15447)
(-0.31658 0.22460 -0.15586)
(-0.43801 0.32372 -0.25286)
(-0.54555 0.43036 -0.34291)
(-0.58770 0.49046 -0.38298)
(-0.67811 0.62486 -0.45715)
(-0.68861 0.64870 -0.46794)
(-0.68953 0.69512 -0.49768)
(-0.68826 0.74017 -0.53132)
(-0.66642 0.80147 -0.58553)
(-0.65647 0.80562 -0.59541)
(-0.62941 0.79111 -0.64704)
(-0.57118 0.79329 -0.68545)
(-0.54831 0.76970 -0.72756)
(-0.53798 0.74402 -0.76059)
(-0.50917 0.70901 -0.78381)
(-0.52004 0.66439 -0.82099)
(-0.52751 0.65776 -0.82570)
(-0.54247 0.64818 -0.83400)
(-0.57036 0.63769 -0.84323)
(-0.57775 0.63527 -0.84214)
(-0.60387 0.64920 -0.83850)
(-0.63625 0.66888 -0.83000)
(-0.64242 0.68320 -0.81455)
(-0.66125 0.70050 -0.81132)
(-0.66941 0.71572 -0.79495)
(-0.67101 0.71412 -0.79067)
(-0.68356 0.71769 -0.78024)
(-0.66611 0.70904 -0.75179)
(-0.65493 0.70097 -0.73849)
(-0.65523 0.69778 -0.73611)
(-0.60980 0.65539 -0.66189)
(-0.56165 0.56976 -0.52881)
(-0.52597 0.57327 -0.51792)
(-0.49417 0.51308 -0.43255)
(-0.40537 0.44120 -0.29641)
(-0.38114 0.37685 -0.22461)
(-0.34338 0.32211 -0.15422)
(-0.31515 0.29070 -0.12512)
(-0.20332 0.18243 -0.03508)
(-0.04336 0.03712 -0.00233)
(-0.00242 0.00255 0.00472)
(-0.00589 0.00672 0.01218)
(-0.03991 0.04383 0.06903)
(-0.04475 0.04812 0.06855)
(-0.04577 0.04458 0.07012)
(-0.05373 0.05459 0.06393)
(-0.05837 0.05918 0.06298)
(-0.06858 0.06202 0.05211)
(-0.09019 0.07672 0.03429)
(-0.09222 0.07765 0.03122)
(-0.13600 0.10780 -0.00974)
(-0.16060 0.11956 -0.02362)
(-0.18747 0.13929 -0.05060)
(-0.26018 0.18845 -0.11040)
(-0.29403 0.21490 -0.14046)
(-0.39252 0.28420 -0.21440)
(-0.41842 0.30520 -0.23251)
(-0.51891 0.40055 -0.32150)
(-0.56924 0.46731 -0.35798)
(-0.64370 0.56384 -0.42622)
(-0.63204 0.55613 -0.43435)
(-0.69912 0.67917 -0.50630)
(-0.67711 0.69940 -0.53738)
(-0.67112 0.76879 -0.57717)
(-0.65829 0.76370 -0.60525)
(-0.65097 0.76230 -0.62641)
(-0.59534 0.79538 -0.68186)
(-0.58757 0.77016 -0.70785)
(-0.57774 0.73874 -0.75492)
(-0.54411 0.71803 -0.78176)
(-0.55874 0.69473 -0.79704)
(-0.55804 0.67318 -0.81556)
(-0.54447 0.64621 -0.83198)
(-0.56332 0.64314 -0.83064)
(-0.58441 0.64118 -0.83730)
(-0.59875 0.64732 -0.82828)
(-0.63309 0.66755 -0.82578)
(-0.61722 0.66113 -0.80269)
(-0.64792 0.69299 -0.80066)
(-0.62845 0.69039 -0.75603)
(-0.62670 0.68741 -0.74136)
(-0.61836 0.68484 -0.70911)
(-0.56540 0.63203 -0.61232)
(-0.54500 0.63448 -0.61524)
(-0.54235 0.62482 -0.59410)
(-0.45838 0.54404 -0.45928)
(-0.43583 0.48955 -0.37585)
(-0.38646 0.44078 -0.29059)
(-0.34471 0.36220 -0.18936)
(-0.29658 0.32185 -0.14574)
(-0.17437 0.19058 -0.04544)
(-0.08564 0.09381 -0.01927)
(-0.03183 0.03481 -0.00638)
(-0.00176 0.00153 0.00370)
(-0.03420 0.03588 0.05777)
(-0.04462 0.04329 0.07274)
(-0.04780 0.03984 0.07237)
(-0.04894 0.04092 0.07150)
(-0.05125 0.04294 0.06970)
(-0.06282 0.06131 0.06135)
(-0.05727 0.04757 0.06646)
(-0.08821 0.07642 0.04050)
(-0.10503 0.08591 0.02519)
(-0.12527 0.09415 0.01201)
(-0.14560 0.10822 0.00351)
(-0.20441 0.14955 -0.05152)
(-0.26830 0.19744 -0.11499)
(-0.28654 0.20921 -0.12021)
(-0.36595 0.26847 -0.18905)
(-0.40804 0.30417 -0.20300)
(-0.48064 0.36138 -0.27522)
(-0.58283 0.49121 -0.37452)
(-0.60641 0.52336 -0.43450)
(-0.65254 0.60774 -0.48051)
(-0.65195 0.64104 -0.50595)
(-0.68238 0.72985 -0.55942)
(-0.65853 0.66640 -0.52859)
(-0.67716 0.74966 -0.58951)
(-0.66048 0.73918 -0.62054)
(-0.60399 0.79041 -0.68085)
(-0.60691 0.76141 -0.69653)
(-0.61166 0.71267 -0.74641)
(-0.58052 0.71371 -0.77269)
(-0.61174 0.70260 -0.75622)
(-0.57019 0.69756 -0.79551)
(-0.58403 0.67760 -0.81185)
(-0.58180 0.66313 -0.82332)
(-0.56973 0.65595 -0.82885)
(-0.58081 0.64994 -0.82823)
(-0.58442 0.64198 -0.83380)
(-0.57802 0.63036 -0.80822)
(-0.59238 0.64326 -0.82683)
(-0.59427 0.64079 -0.80326)
(-0.60790 0.65351 -0.79144)
(-0.61236 0.66390 -0.78092)
(-0.59590 0.65246 -0.77546)
(-0.57859 0.64696 -0.73456)
(-0.57678 0.65287 -0.71469)
(-0.57734 0.66081 -0.68064)
(-0.52008 0.61996 -0.58671)
(-0.50800 0.59686 -0.55043)
(-0.48162 0.59315 -0.53845)
(-0.45527 0.55259 -0.47248)
(-0.30177 0.41339 -0.25998)
(-0.35375 0.44295 -0.29453)
(-0.27434 0.37462 -0.20388)
(-0.28686 0.33557 -0.15885)
(-0.26246 0.30499 -0.13035)
(-0.26303 0.36387 -0.19010)
(-0.20092 0.23543 -0.09377)
(-0.03418 0.04222 -0.00493)
(-0.00050 0.00039 0.00105)
(-0.02950 0.02593 0.04758)
(-0.03604 0.02804 0.05546)
(-0.05006 0.04007 0.07135)
(-0.05380 0.04384 0.06879)
(-0.05285 0.04099 0.07018)
(-0.05618 0.04435 0.06816)
(-0.08871 0.07177 0.04115)
(-0.12427 0.09922 0.02697)
(-0.13565 0.10010 0.01884)
(-0.19527 0.14752 -0.02735)
(-0.22151 0.16326 -0.03941)
(-0.26047 0.18767 -0.08029)
(-0.33726 0.24923 -0.14904)
(-0.39147 0.28922 -0.18707)
(-0.42120 0.31397 -0.21457)
(-0.43131 0.32292 -0.22205)
(-0.55335 0.46462 -0.34482)
(-0.59241 0.50383 -0.42205)
(-0.60975 0.53503 -0.44465)
(-0.62017 0.56132 -0.46631)
(-0.63038 0.61240 -0.51567)
(-0.66412 0.67082 -0.57057)
(-0.65274 0.67834 -0.60830)
(-0.64442 0.72619 -0.64714)
(-0.62887 0.71068 -0.67241)
(-0.62162 0.70443 -0.74386)
(-0.62193 0.69706 -0.75027)
(-0.61235 0.69683 -0.76426)
(-0.60560 0.67427 -0.79120)
(-0.59009 0.66444 -0.81244)
(-0.57814 0.65377 -0.82221)
(-0.58751 0.63812 -0.81587)
(-0.58614 0.63579 -0.80399)
(-0.57265 0.62217 -0.77921)
(-0.56948 0.62073 -0.77112)
(-0.58196 0.63714 -0.76033)
(-0.56609 0.63683 -0.72677)
(-0.55843 0.63450 -0.71365)
(-0.54149 0.64264 -0.64506)
(-0.53237 0.62851 -0.65236)
(-0.53168 0.62898 -0.62382)
(-0.38536 0.52157 -0.43400)
(-0.43079 0.53790 -0.45368)
(-0.36784 0.50665 -0.40823)
(-0.31894 0.43610 -0.29488)
(-0.26420 0.38278 -0.21624)
(-0.25670 0.36745 -0.19590)
(-0.23312 0.29824 -0.12685)
(-0.17092 0.21352 -0.08635)
(-0.22242 0.32715 -0.16243)
(-0.04469 0.06029 -0.01283)
(-0.00880 0.01197 -0.00240)
(0.00061 -0.00040 -0.00150)
(-0.01753 0.01311 0.02854)
(-0.02371 0.01624 0.04158)
(-0.04970 0.03743 0.07213)
(-0.05313 0.03882 0.07081)
(-0.07929 0.06483 0.06570)
(-0.10573 0.08167 0.04443)
(-0.11724 0.08576 0.03863)
(-0.19490 0.14737 -0.00498)
(-0.19998 0.14931 -0.00527)
(-0.21407 0.15927 -0.01692)
(-0.28837 0.20643 -0.09976)
(-0.37563 0.27585 -0.16789)
(-0.40179 0.29768 -0.19413)
(-0.40945 0.30407 -0.20126)
(-0.51227 0.41611 -0.31615)
(-0.59122 0.50760 -0.42910)
(-0.56911 0.49610 -0.42887)
(-0.58040 0.52448 -0.46535)
(-0.63018 0.60981 -0.53977)
(-0.61331 0.60317 -0.56316)
(-0.64248 0.67225 -0.62864)
(-0.64192 0.67193 -0.63951)
(-0.63649 0.66205 -0.69039)
(-0.62880 0.68639 -0.74242)
(-0.62171 0.69162 -0.75689)
(-0.61230 0.65864 -0.76697)
(-0.61233 0.65391 -0.77632)
(-0.58427 0.63914 -0.79143)
(-0.60576 0.63099 -0.78118)
(-0.59278 0.62563 -0.78483)
(-0.58586 0.61853 -0.78897)
(-0.56129 0.61052 -0.77014)
(-0.56629 0.61634 -0.77468)
(-0.56105 0.61310 -0.76522)
(-0.55285 0.60839 -0.75327)
(-0.52112 0.59531 -0.69248)
(-0.55264 0.62570 -0.71781)
(-0.54377 0.62159 -0.70376)
(-0.48297 0.58328 -0.61578)
(-0.47304 0.58491 -0.57414)
(-0.45289 0.56823 -0.55541)
(-0.37140 0.51070 -0.42165)
(-0.35318 0.49520 -0.39426)
(-0.34034 0.47411 -0.34791)
(-0.33413 0.47837 -0.36657)
(-0.25596 0.38109 -0.21403)
(-0.24860 0.36760 -0.19693)
(-0.24002 0.36560 -0.19503)
(-0.19272 0.29624 -0.14565)
(-0.11086 0.16720 -0.07270)
(-0.01543 0.02545 -0.00650)
(0.00828 -0.01415 0.00328)
(0.00282 -0.00151 -0.00676)
(-0.00085 0.00047 0.00244)
(-0.01461 0.00931 0.03178)
(-0.04349 0.03009 0.07654)
(-0.04912 0.03147 0.07885)
(-0.07430 0.05488 0.06802)
(-0.07820 0.05474 0.07212)
(-0.09170 0.06506 0.06574)
(-0.12621 0.08848 0.04145)
(-0.18498 0.13822 0.00574)
(-0.19039 0.14139 0.00517)
(-0.20413 0.15120 -0.00449)
(-0.21607 0.15626 -0.00619)
(-0.24217 0.17042 -0.05330)
(-0.25774 0.17836 -0.06195)
(-0.38118 0.28054 -0.17199)
(-0.38684 0.28508 -0.17863)
(-0.42549 0.31636 -0.21276)
(-0.44520 0.34185 -0.26647)
(-0.52856 0.43730 -0.37958)
(-0.42212 0.33911 -0.25716)
(-0.53674 0.46014 -0.39953)
(-0.55245 0.49834 -0.42838)
(-0.58538 0.53727 -0.48678)
(-0.56504 0.52492 -0.49952)
(-0.63809 0.64968 -0.61862)
(-0.63962 0.65248 -0.62982)
(-0.63421 0.63637 -0.65724)
(-0.61576 0.62156 -0.67627)
(-0.62815 0.68292 -0.74788)
(-0.62350 0.61588 -0.69572)
(-0.62730 0.65275 -0.75135)
(-0.62407 0.63209 -0.75838)
(-0.60597 0.61208 -0.76111)
(-0.59409 0.62192 -0.77743)
(-0.58807 0.61682 -0.77575)
(-0.55426 0.58526 -0.75106)
(-0.52016 0.56852 -0.73057)
(-0.55485 0.60592 -0.76010)
(-0.54441 0.59974 -0.74630)
(-0.47085 0.54734 -0.65480)
(-0.47818 0.55948 -0.64812)
(-0.43255 0.53471 -0.57807)
(-0.40614 0.52398 -0.52176)
(-0.36399 0.50222 -0.43537)
(-0.31963 0.46005 -0.40256)
(-0.34207 0.48564 -0.38558)
(-0.32387 0.46926 -0.35780)
(-0.21217 0.35401 -0.22083)
(-0.23386 0.37804 -0.22583)
(-0.18814 0.32536 -0.16724)
(-0.21881 0.34471 -0.17139)
(-0.05942 0.10414 -0.03635)
(-0.04530 0.09394 -0.02654)
(-0.00096 0.00190 -0.00048)
(0.00373 -0.00206 -0.01083)
(-0.02350 0.01485 0.05124)
(-0.04057 0.02469 0.07617)
(0.00317 -0.00120 -0.00944)
(-0.00447 0.00190 0.01326)
(-0.04381 0.02813 0.08439)
(-0.04763 0.03120 0.08446)
(-0.05208 0.03428 0.08271)
(-0.05059 0.03215 0.08776)
(-0.08503 0.05919 0.07136)
(-0.10764 0.07465 0.06486)
(-0.13806 0.09910 0.04083)
(-0.10419 0.07304 0.07047)
(-0.13190 0.09446 0.04811)
(-0.19511 0.14440 0.00521)
(-0.17390 0.11853 0.02271)
(-0.22744 0.15631 -0.03095)
(-0.29282 0.21225 -0.08693)
(-0.22134 0.15838 -0.02067)
(-0.28699 0.21524 -0.08597)
(-0.30854 0.23719 -0.12045)
(-0.37380 0.29055 -0.20374)
(-0.38616 0.29474 -0.22299)
(-0.43998 0.36686 -0.28902)
(-0.43882 0.39302 -0.31113)
(-0.54082 0.49427 -0.43274)
(-0.53110 0.49674 -0.46022)
(-0.62635 0.61509 -0.59321)
(-0.60830 0.61247 -0.58460)
(-0.61123 0.60383 -0.62188)
(-0.61319 0.57041 -0.63727)
(-0.61751 0.57625 -0.64551)
(-0.60852 0.59798 -0.70178)
(-0.61311 0.60839 -0.73172)
(-0.57589 0.56515 -0.70980)
(-0.55920 0.55852 -0.72027)
(-0.58607 0.59884 -0.76458)
(-0.58375 0.60435 -0.77777)
(-0.53210 0.55308 -0.73317)
(-0.51301 0.54095 -0.72818)
(-0.46098 0.50415 -0.66520)
(-0.50418 0.55731 -0.70709)
(-0.46315 0.53636 -0.65592)
(-0.40825 0.50262 -0.59088)
(-0.38856 0.48619 -0.55496)
(-0.40112 0.50721 -0.55350)
(-0.36585 0.48561 -0.48383)
(-0.35551 0.47236 -0.49162)
(-0.31011 0.44567 -0.40364)
(-0.32324 0.46819 -0.38549)
(-0.28158 0.42014 -0.35904)
(-0.23790 0.37823 -0.29058)
(-0.31670 0.46229 -0.35365)
(-0.24177 0.38438 -0.25787)
(-0.17961 0.31346 -0.17310)
(-0.12980 0.27063 -0.10385)
(-0.13504 0.26754 -0.09992)
(-0.04717 0.09929 -0.02831)
(0.00338 -0.00752 0.00183)
(-0.00481 0.01043 -0.00273)
(-0.00225 0.00125 0.00679)
(-0.02090 0.01106 0.05164)
(-0.02155 0.01265 0.06443)
(-0.03490 0.02007 0.09406)
(-0.03793 0.02235 0.09570)
(-0.08970 0.06342 0.07415)
(-0.07486 0.04584 0.08597)
(-0.10614 0.07135 0.07709)
(-0.09952 0.06042 0.08076)
(-0.16805 0.11975 0.02298)
(-0.17593 0.12735 0.01852)
(-0.21936 0.15971 -0.02521)
(-0.18497 0.14672 -0.02485)
(-0.29560 0.23187 -0.12436)
(-0.26056 0.21696 -0.11734)
(-0.37584 0.31161 -0.22772)
(-0.35796 0.32153 -0.24852)
(-0.38255 0.34489 -0.28420)
(-0.38701 0.35370 -0.29230)
(-0.53709 0.50403 -0.47033)
(-0.44223 0.40583 -0.37068)
(-0.54581 0.51294 -0.51217)
(-0.57073 0.54360 -0.55872)
(-0.56981 0.53599 -0.57394)
(-0.55863 0.53058 -0.57805)
(-0.54903 0.50817 -0.59964)
(-0.59709 0.56605 -0.66460)
(-0.55284 0.52569 -0.65303)
(-0.55176 0.53121 -0.66911)
(-0.54402 0.51528 -0.67029)
(-0.50595 0.49137 -0.68663)
(-0.52262 0.51719 -0.70669)
(-0.51292 0.51612 -0.70172)
(-0.48656 0.49738 -0.67281)
(-0.46840 0.49388 -0.66767)
(-0.41405 0.46282 -0.61313)
(-0.44395 0.50063 -0.63426)
(-0.39979 0.47400 -0.57994)
(-0.38099 0.47312 -0.55657)
(-0.30991 0.42407 -0.45315)
(-0.24770 0.36812 -0.37720)
(-0.29406 0.41809 -0.41629)
(-0.27573 0.41209 -0.35624)
(-0.22165 0.36628 -0.28231)
(-0.16831 0.30864 -0.20992)
(-0.14953 0.28527 -0.13923)
(-0.15524 0.28137 -0.16271)
(-0.12453 0.25909 -0.10170)
(-0.11991 0.25136 -0.09591)
(-0.08232 0.17761 -0.06250)
(-0.03015 0.06888 -0.01937)
(0.00122 -0.00341 0.00049)
(0.01075 -0.02361 0.00594)
(-0.00234 0.00140 0.00763)
(-0.01079 0.00641 0.03389)
(-0.01417 0.00887 0.04590)
(-0.03287 0.01999 0.09597)
(-0.03599 0.02226 0.09807)
(-0.05368 0.03492 0.09275)
(-0.03388 0.02114 0.09797)
(-0.05567 0.03660 0.09607)
(-0.07709 0.04779 0.08902)
(-0.09022 0.05425 0.08602)
(-0.07363 0.04652 0.08852)
(-0.09115 0.05502 0.08566)
(-0.10727 0.07415 0.06892)
(-0.11662 0.08508 0.04511)
(-0.14760 0.11167 0.02337)
(-0.16021 0.13887 -0.01402)
(-0.18087 0.15607 -0.03574)
(-0.17986 0.15900 -0.03940)
(-0.28006 0.24095 -0.14824)
(-0.33616 0.30845 -0.22381)
(-0.35881 0.32878 -0.25435)
(-0.36032 0.33525 -0.25893)
(-0.37353 0.34997 -0.27661)
(-0.49333 0.46184 -0.45726)
(-0.50760 0.47709 -0.48259)
(-0.49957 0.46670 -0.49229)
(-0.49341 0.46559 -0.49332)
(-0.49420 0.46615 -0.52598)
(-0.50407 0.46817 -0.58200)
(-0.49831 0.46300 -0.58459)
(-0.49341 0.45743 -0.58564)
(-0.49336 0.47137 -0.64255)
(-0.49113 0.47881 -0.67777)
(-0.47319 0.46900 -0.65881)
(-0.41268 0.42926 -0.60444)
(-0.39861 0.42599 -0.58019)
(-0.31696 0.36791 -0.48802)
(-0.35949 0.42072 -0.54715)
(-0.30512 0.36323 -0.47386)
(-0.30618 0.37687 -0.46847)
(-0.29727 0.40387 -0.44958)
(-0.24551 0.36315 -0.38005)
(-0.23257 0.35266 -0.35884)
(-0.23416 0.35753 -0.35460)
(-0.21989 0.34223 -0.33782)
(-0.20496 0.33323 -0.29257)
(-0.17515 0.30047 -0.21293)
(-0.13668 0.24555 -0.16283)
(-0.14788 0.26335 -0.16039)
(-0.13413 0.25675 -0.14123)
(-0.09434 0.20334 -0.08780)
(-0.06727 0.14946 -0.05777)
(-0.04350 0.10242 -0.02903)
(-0.00447 0.01291 -0.00159)
(0.00168 -0.00621 -0.00079)
(-0.00358 0.00228 0.01226)
(-0.00306 0.00204 0.01100)
(-0.02075 0.01331 0.06732)
(-0.03175 0.02030 0.09999)
(-0.05174 0.03415 0.09688)
(-0.03452 0.02739 0.09502)
(-0.03844 0.02999 0.09356)
(-0.04380 0.03227 0.09028)
(-0.06228 0.05124 0.07426)
(-0.04760 0.04626 0.07520)
(-0.11359 0.09012 0.04058)
(-0.13064 0.11557 0.00795)
(-0.15819 0.14093 -0.01867)
(-0.15706 0.14378 -0.02196)
(-0.17720 0.16113 -0.04028)
(-0.21338 0.20750 -0.09524)
(-0.33297 0.31124 -0.22388)
(-0.33107 0.31455 -0.22421)
(-0.32415 0.32347 -0.22861)
(-0.40553 0.39387 -0.34911)
(-0.43710 0.42263 -0.39423)
(-0.41872 0.40701 -0.39435)
(-0.41939 0.40651 -0.40357)
(-0.41729 0.40361 -0.40806)
(-0.48520 0.45136 -0.55970)
(-0.42928 0.41063 -0.47572)
(-0.47896 0.44515 -0.56131)
(-0.47342 0.43901 -0.56350)
(-0.44219 0.41633 -0.57168)
(-0.39272 0.37091 -0.52956)
(-0.40522 0.37982 -0.56541)
(-0.47675 0.46766 -0.66970)
(-0.40553 0.40340 -0.59060)
(-0.34276 0.33092 -0.50610)
(-0.38825 0.40589 -0.57956)
(-0.30918 0.35536 -0.48109)
(-0.29817 0.35072 -0.46672)
(-0.28804 0.34718 -0.45414)
(-0.26097 0.32890 -0.41744)
(-0.24155 0.35735 -0.38041)
(-0.23045 0.34778 -0.36211)
(-0.21642 0.32276 -0.34923)
(-0.21890 0.33817 -0.34287)
(-0.16131 0.27651 -0.21362)
(-0.17330 0.28659 -0.27221)
(-0.14131 0.24623 -0.18599)
(-0.11816 0.21407 -0.13694)
(-0.12470 0.22763 -0.16267)
(-0.08035 0.15537 -0.06551)
(-0.07550 0.14778 -0.05450)
(-0.02067 0.05392 -0.01386)
(-0.02419 0.04743 -0.01593)
(-0.00326 0.00864 -0.00204)
(-0.01627 0.01067 0.05570)
(-0.00393 0.00267 0.01453)
(-0.00646 0.00899 0.05460)
(-0.02267 0.01693 0.10319)
(-0.02695 0.02628 0.10197)
(-0.03463 0.02867 0.09664)
(-0.03058 0.02712 0.09190)
(-0.04002 0.04088 0.07945)
(-0.03591 0.03859 0.07811)
(-0.05794 0.05342 0.07287)
(-0.05670 0.06099 0.06163)
(-0.13595 0.12671 -0.00685)
(-0.15009 0.14935 -0.02884)
(-0.22835 0.23535 -0.11952)
(-0.19320 0.21995 -0.09324)
(-0.24623 0.26859 -0.14304)
(-0.35919 0.36174 -0.29003)
(-0.36710 0.37331 -0.30273)
(-0.38215 0.38394 -0.34406)
(-0.39581 0.38956 -0.37313)
(-0.39463 0.38655 -0.38088)
(-0.37337 0.36377 -0.40411)
(-0.45688 0.42632 -0.53431)
(-0.35525 0.33977 -0.40710)
(-0.37250 0.34960 -0.44280)
(-0.45275 0.42111 -0.53855)
(-0.39246 0.36236 -0.48984)
(-0.36572 0.33784 -0.48779)
(-0.33660 0.31001 -0.47014)
(-0.32456 0.30183 -0.46590)
(-0.30406 0.29404 -0.44859)
(-0.33266 0.33502 -0.50735)
(-0.28058 0.29124 -0.44018)
(-0.29340 0.32561 -0.46800)
(-0.29102 0.33824 -0.45959)
(-0.27850 0.32916 -0.44296)
(-0.26656 0.32111 -0.42765)
(-0.27137 0.33172 -0.43400)
(-0.22200 0.29605 -0.37127)
(-0.18202 0.27655 -0.30168)
(-0.21644 0.33289 -0.34587)
(-0.16137 0.26477 -0.26930)
(-0.15800 0.26006 -0.24847)
(-0.14018 0.23999 -0.19638)
(-0.10494 0.19854 -0.15979)
(-0.09182 0.17780 -0.10776)
(-0.06309 0.12222 -0.04891)
(-0.05360 0.10723 -0.05300)
(-0.04769 0.09242 -0.03595)
(-0.01231 0.02383 -0.00860)
(-0.00418 0.00819 -0.00263)
(-0.00001 0.00012 0.00072)
(-0.00061 0.00319 0.01938)
(-0.00017 0.00066 0.00397)
(-0.01165 0.01199 0.07531)
(-0.02422 0.02675 0.09619)
(0.00548 0.00985 0.05730)
(-0.00652 0.01547 0.10197)
(-0.00650 0.02747 0.09245)
(-0.02991 0.03485 0.07992)
(-0.01146 0.02628 0.07638)
(-0.03106 0.03311 0.07833)
(-0.01831 0.03699 0.06788)
(-0.04140 0.05983 0.05544)
(-0.03243 0.05966 0.05308)
(-0.07653 0.10409 0.01841)
(-0.07551 0.11172 0.01877)
(-0.12622 0.16413 -0.01560)
(-0.12432 0.16462 -0.01232)
(-0.14629 0.19436 -0.04025)
(-0.26727 0.29863 -0.18214)
(-0.19241 0.23863 -0.10222)
(-0.28294 0.31639 -0.20865)
(-0.29284 0.31951 -0.23192)
(-0.30690 0.32673 -0.26563)
(-0.34315 0.34339 -0.32582)
(-0.29657 0.30736 -0.29680)
(-0.27161 0.27510 -0.29327)
(-0.25442 0.25531 -0.30526)
(-0.25409 0.24311 -0.32786)
(-0.29506 0.27536 -0.38314)
(-0.30234 0.27782 -0.42008)
(-0.25332 0.23913 -0.33751)
(-0.28156 0.25865 -0.41522)
(-0.28293 0.26273 -0.40927)
(-0.24315 0.24199 -0.38341)
(-0.26709 0.26609 -0.41171)
(-0.20736 0.23424 -0.36032)
(-0.20034 0.23040 -0.35057)
(-0.21736 0.26317 -0.36825)
(-0.16674 0.23002 -0.31323)
(-0.18258 0.25369 -0.31664)
(-0.15369 0.24091 -0.28138)
(-0.12412 0.21447 -0.25155)
(-0.13625 0.23136 -0.25061)
(-0.11831 0.21472 -0.21496)
(-0.09581 0.18825 -0.17473)
(-0.10107 0.18720 -0.15081)
(-0.08288 0.16653 -0.12561)
(-0.04718 0.09949 -0.07207)
(-0.04856 0.10087 -0.06960)
(-0.01151 0.02507 -0.01699)
(-0.00968 0.01992 -0.00874)
(-0.00324 -0.00412 -0.01831)
(0.00024 0.00037 0.00193)
(0.00911 0.01355 0.07633)
(-0.00036 -0.00017 -0.00115)
(0.00760 0.00380 0.02581)
(0.02909 0.00948 0.08507)
(0.02804 0.01008 0.09336)
(0.02144 0.01599 0.07905)
(0.03460 0.00971 0.09094)
(0.03244 0.00924 0.09063)
(0.00586 0.02454 0.06877)
(0.00417 0.03744 0.06378)
(-0.01933 0.06272 0.05541)
(-0.01690 0.06870 0.05810)
(-0.08646 0.13583 0.00142)
(-0.07156 0.12849 0.00998)
(-0.07893 0.14636 0.00366)
(-0.08546 0.15820 -0.00268)
(-0.17315 0.22687 -0.08720)
(-0.09161 0.16461 -0.01030)
(-0.22904 0.26797 -0.16613)
(-0.23573 0.27316 -0.18338)
(-0.20600 0.24400 -0.16896)
(-0.22100 0.24817 -0.20797)
(-0.20816 0.22885 -0.22140)
(-0.21654 0.22851 -0.25079)
(-0.18988 0.19385 -0.23343)
(-0.15329 0.15647 -0.21869)
(-0.10230 0.10345 -0.17636)
(-0.24612 0.23030 -0.36671)
(-0.22726 0.21153 -0.34542)
(-0.12218 0.12277 -0.21530)
(-0.13982 0.13450 -0.24273)
(-0.17808 0.17454 -0.29913)
(-0.15061 0.15729 -0.27229)
(-0.10168 0.11250 -0.21879)
(-0.09869 0.11327 -0.21819)
(-0.13302 0.14564 -0.25708)
(-0.18952 0.21711 -0.33526)
(-0.14105 0.16313 -0.26809)
(-0.13283 0.17593 -0.27063)
(-0.15019 0.20326 -0.29649)
(-0.10605 0.16330 -0.24106)
(-0.11896 0.18031 -0.23591)
(-0.10855 0.19167 -0.22684)
(-0.12169 0.20963 -0.24351)
(-0.08853 0.16660 -0.18522)
(-0.09667 0.18152 -0.19320)
(-0.04885 0.12123 -0.10814)
(-0.02531 0.07941 -0.07691)
(-0.01388 0.04585 -0.04244)
(-0.01247 0.03309 -0.02745)
(-0.00486 0.01176 -0.00904)
(0.00122 -0.00277 0.00160)
(0.00317 -0.00868 0.00685)
(0.00335 -0.00763 0.00439)
(-0.00445 -0.00213 -0.01376)
(0.00209 0.00067 0.00525)
(0.01729 0.00547 0.04668)
(-0.00669 -0.00201 -0.01462)
(0.01306 0.00378 0.02981)
(0.03028 0.00850 0.07460)
(0.04523 0.00610 0.08566)
(0.03081 0.00802 0.06725)
(0.03765 0.00951 0.08455)
(0.04331 0.02598 0.07684)
(0.03358 0.02982 0.07379)
(0.02797 0.05147 0.07295)
(-0.00711 0.07486 0.05838)
(0.02227 0.06787 0.06705)
(-0.02809 0.10852 0.03325)
(-0.06662 0.14346 0.01176)
(-0.07065 0.14749 0.00697)
(-0.07549 0.15140 0.00174)
(-0.09690 0.16909 -0.01642)
(-0.16408 0.21793 -0.10053)
(-0.15390 0.20472 -0.10740)
(-0.16509 0.21177 -0.13596)
(-0.15584 0.19256 -0.15001)
(-0.13350 0.16459 -0.15792)
(-0.12246 0.14702 -0.15589)
(-0.08603 0.10028 -0.14438)
(-0.06455 0.07675 -0.12691)
(-0.06363 0.07296 -0.13010)
(-0.08199 0.09037 -0.16434)
(-0.08793 0.09808 -0.19876)
(-0.08548 0.09859 -0.19811)
(-0.07201 0.08743 -0.18140)
(-0.07947 0.09703 -0.19339)
(-0.08609 0.10682 -0.20416)
(-0.06618 0.10054 -0.17397)
(-0.04560 0.08464 -0.14358)
(-0.06291 0.11221 -0.17144)
(-0.09599 0.14880 -0.20838)
(-0.06502 0.12042 -0.16064)
(-0.06250 0.12481 -0.15653)
(-0.06267 0.13048 -0.15502)
(-0.06797 0.14579 -0.17133)
(-0.02801 0.08579 -0.09517)
(-0.01127 0.03985 -0.03884)
(-0.00529 0.01899 -0.01797)
(0.00017 -0.00060 0.00055)
(0.00180 -0.00702 0.00659)
(0.00244 -0.00900 0.00824)
(-0.00012 -0.00004 -0.00026)
(-0.00199 -0.00072 -0.00325)
(0.00936 0.00265 0.01900)
(0.05114 0.00939 0.06517)
(0.02875 0.00660 0.02800)
(0.05660 0.02891 0.07391)
(0.04311 0.03606 0.07681)
(0.04099 0.05110 0.07246)
(0.05913 0.04304 0.07820)
(0.04123 0.05497 0.07389)
(0.03642 0.05876 0.07266)
(0.03394 0.06284 0.07391)
(-0.00012 0.09531 0.05565)
(-0.05137 0.13232 0.02202)
(-0.05616 0.13586 0.01750)
(-0.05992 0.13770 0.01392)
(-0.07892 0.15339 -0.00210)
(-0.09091 0.15531 -0.03583)
(-0.08020 0.14896 -0.05154)
(-0.08805 0.14961 -0.08530)
(-0.06932 0.12577 -0.08724)
(-0.07004 0.10188 -0.09724)
(-0.06918 0.09957 -0.10285)
(-0.04829 0.06499 -0.10545)
(-0.04641 0.06060 -0.10710)
(-0.03097 0.04694 -0.08993)
(-0.03689 0.04906 -0.09865)
(-0.03976 0.05310 -0.10902)
(-0.07127 0.08384 -0.17790)
(-0.01098 0.02533 -0.08532)
(-0.05615 0.07105 -0.15924)
(-0.05957 0.07747 -0.16643)
(-0.02432 0.05501 -0.12051)
(-0.02158 0.05827 -0.11250)
(-0.03374 0.07604 -0.12921)
(-0.02613 0.07051 -0.12003)
(-0.01115 0.06279 -0.07731)
(-0.01870 0.07237 -0.08604)
(-0.01296 0.06445 -0.07462)
(-0.00542 0.03670 -0.04140)
(-0.00364 0.02081 -0.02255)
(-0.00346 0.01417 -0.01535)
(-0.00025 0.00100 -0.00096)
(0.00080 -0.00574 0.00573)
(0.00174 -0.00732 0.00698)
(0.00678 0.00163 0.00654)
(0.01567 0.00474 0.01576)
(0.04161 0.01233 0.04249)
(0.01996 0.00813 0.01814)
(0.04177 0.02790 0.05249)
(0.04452 0.04623 0.06916)
(0.02297 0.01647 0.03023)
(0.02973 0.03184 0.04667)
(0.04527 0.05546 0.07683)
(0.04301 0.05847 0.07854)
(0.01980 0.08180 0.07100)
(0.03499 0.06760 0.08101)
(0.00221 0.09533 0.06030)
(-0.04565 0.12756 0.02563)
(0.01730 0.09570 0.05792)
(0.01576 0.09074 0.05261)
(-0.03405 0.11699 0.01582)
(-0.04548 0.12312 -0.01175)
(-0.00552 0.09054 0.01798)
(-0.01971 0.09495 -0.00816)
(-0.01457 0.07989 -0.02487)
(-0.00563 0.07403 -0.01655)
(-0.00397 0.06951 -0.02109)
(-0.01309 0.07111 -0.02700)
(-0.01755 0.06938 -0.03969)
(-0.02947 0.05447 -0.07341)
(0.01767 0.03221 -0.01866)
(-0.02578 0.04601 -0.08127)
(-0.01889 0.03708 -0.07596)
(0.00975 0.00655 -0.05004)
(0.03134 -0.00511 -0.04277)
(0.01009 0.01879 -0.07618)
(0.04927 -0.02201 -0.01379)
(0.05208 -0.01671 -0.01785)
(0.03607 0.00233 -0.04526)
(0.02806 0.00854 -0.04670)
(0.03010 0.00291 -0.02933)
(0.02640 0.01039 -0.02875)
(0.00723 0.03711 -0.05837)
(-0.00373 0.04332 -0.05137)
(0.00703 0.00846 -0.01167)
(0.00006 0.01205 -0.01356)
(-0.00087 0.01006 -0.01097)
(0.00027 -0.00214 0.00227)
(0.00398 0.00163 0.00359)
(0.01236 0.00566 0.01076)
(0.01056 0.00641 0.01097)
(0.00626 0.00412 0.00611)
(0.01248 0.00877 0.01459)
(0.03510 0.04494 0.05719)
(0.04006 0.06229 0.06588)
(0.01938 0.01307 0.02568)
(0.02910 0.02906 0.03999)
(0.02431 0.05312 0.04388)
(0.03821 0.07937 0.05782)
(0.02718 0.04926 0.03794)
(0.02618 0.07642 0.05219)
(0.01610 0.07565 0.04320)
(0.03918 0.07270 0.04398)
(0.03540 0.05713 0.04128)
(0.01242 0.07056 0.00352)
(0.01002 0.05760 -0.00925)
(0.04173 0.04396 0.01145)
(0.04728 0.02962 0.01350)
(0.04417 0.02524 0.00443)
(0.04949 0.01958 0.01148)
(0.08261 -0.00275 0.02653)
(0.03100 0.01918 -0.01708)
(0.05900 -0.00980 0.01434)
(0.05562 -0.00794 0.01555)
(0.05523 -0.02932 0.01681)
(0.05989 -0.04477 0.02791)
(0.04879 -0.02599 0.00615)
(0.02053 -0.01438 0.00910)
(0.02362 -0.01310 0.00894)
(0.01238 -0.00398 0.00078)
(0.01718 -0.00410 -0.00116)
(-0.00094 0.00023 -0.00009)
(0.00449 0.00004 -0.00089)
(0.00167 0.00058 -0.00087)
(-0.01690 -0.01148 -0.01709)
(-0.01240 -0.00813 -0.01605)
(0.01310 0.00902 0.01424)
(-0.01209 -0.00813 -0.01281)
(-0.00464 -0.00314 -0.00439)
(0.01599 0.02652 0.02110)
(0.02816 0.02811 0.02295)
(-0.00067 -0.00043 -0.00048)
(-0.00050 -0.00034 -0.00033)
(0.02353 0.02673 0.01904)
(0.03724 0.04110 0.02989)
(0.01321 0.00786 0.00854)
(0.03528 0.01816 0.02015)
(0.05902 0.02699 0.03308)
(0.02135 0.00978 0.01172)
(0.03512 0.00938 0.01708)
(0.04339 0.00013 0.01808)
(0.05526 -0.00203 0.01892)
(0.00579 -0.00002 0.00266)
(0.01004 -0.00047 0.00382)
(-0.00157 0.00021 -0.00062)
(0.03700 -0.00514 0.01083)
(0.02306 -0.00618 0.00821)
(-0.01261 0.00327 -0.00469)
(-0.00588 0.00243 -0.00221)
(-0.01082 0.00324 -0.00408)
(-0.00978 0.00340 -0.00221)
(0.00460 0.00236 0.00256)
(0.00780 0.00359 0.00424)
(0.00820 0.00267 0.00363)
(-0.00344 0.00002 -0.00172)
)