/*--------------------------------*- C++ -*----------------------------------*\ 
| =========                 |                                                 | 
| \\      /  F ield         | OpenFOAM: The Open Source CFD Toolbox           | 
|  \\    /   O peration     | Version:  4.0                                   | 
|   \\  /    A nd           | Web:      www.OpenFOAM.org                      | 
|    \\/     M anipulation  |                                                 | 
\*---------------------------------------------------------------------------*/ 
FoamFile 
{ 
    version     2.0; 
    format      ascii; 
    class       vectorAverageField; 
    object      values; 
} 
// * * * * * * * * * * * * * * * * * * * * * * * * * * * * * * * * * * * * * // 
 
// Average 
(0 0 0) 
 
// Velocity data on points 
2447
(
(0.00165 0.00181 0.00130)
(-0.00166 -0.00018 -0.00263)
(-0.00574 0.00127 -0.01163)
(-0.00064 0.00017 -0.00483)
(0.00076 -0.00082 0.00871)
(-0.01108 0.00542 -0.04175)
(-0.00151 0.00161 -0.01602)
(-0.00811 0.02171 -0.07092)
(-0.00071 0.00217 -0.00717)
(0.00093 -0.00341 0.01066)
(-0.00494 0.01569 -0.04839)
(-0.00081 0.00336 -0.00997)
(-0.00062 -0.00300 0.00816)
(-0.00255 0.02330 -0.05929)
(0.00069 0.00101 -0.00245)
(-0.00238 -0.00313 0.00721)
(0.00758 0.01157 -0.02654)
(0.00048 0.00086 -0.00161)
(-0.00491 -0.00783 0.01139)
(0.00099 0.00160 -0.00233)
(0.00160 0.00623 -0.00155)
(-0.00067 -0.00126 0.00013)
(0.00057 0.00091 0.00011)
(0.00015 0.00044 0.00017)
(0.00017 -0.02296 -0.00651)
(-0.00490 -0.01354 -0.00973)
(-0.01892 -0.00055 -0.03983)
(-0.02781 0.00923 -0.05557)
(-0.04268 0.00503 -0.08757)
(-0.05216 0.01874 -0.10436)
(-0.03070 0.01636 -0.11145)
(-0.01135 0.02426 -0.11240)
(-0.04296 0.04701 -0.18267)
(-0.02314 0.05232 -0.16659)
(-0.01729 0.04617 -0.13922)
(-0.01225 0.04001 -0.11535)
(-0.02844 0.06686 -0.19760)
(-0.02369 0.06917 -0.19565)
(-0.01632 0.08839 -0.22092)
(-0.00728 0.05018 -0.12673)
(0.00538 0.04385 -0.10362)
(-0.03232 0.14763 -0.32992)
(-0.02546 0.13403 -0.29549)
(0.00765 0.07125 -0.14094)
(0.00899 0.05061 -0.08968)
(0.01453 0.12329 -0.21672)
(0.02467 0.04551 -0.06621)
(0.00911 0.01476 -0.02001)
(0.02507 0.10032 -0.15002)
(0.00834 0.01322 -0.01590)
(-0.00170 -0.00209 0.00200)
(0.00118 0.00347 -0.00315)
(0.00007 -0.00194 0.00133)
(-0.00034 -0.00681 0.00408)
(-0.00702 -0.01470 0.00609)
(-0.01885 -0.03793 0.01631)
(-0.01293 -0.02995 0.00159)
(0.00649 -0.05097 -0.01591)
(-0.02990 -0.03280 -0.04183)
(-0.03171 -0.01853 -0.05772)
(-0.04967 0.00575 -0.08704)
(-0.06947 0.03962 -0.18464)
(-0.08058 0.06012 -0.24120)
(-0.06699 0.06898 -0.25229)
(-0.06549 0.09195 -0.28478)
(-0.07868 0.07930 -0.27511)
(-0.09006 0.09890 -0.30792)
(-0.06753 0.10098 -0.29966)
(-0.05109 0.10891 -0.29779)
(-0.09523 0.16770 -0.42357)
(-0.05834 0.17377 -0.40588)
(-0.06118 0.19204 -0.43049)
(-0.05896 0.19729 -0.45488)
(-0.04350 0.19728 -0.40568)
(-0.01857 0.19035 -0.36220)
(0.00916 0.18522 -0.30487)
(-0.02655 0.22878 -0.40616)
(0.03418 0.20976 -0.31410)
(0.05334 0.13282 -0.18138)
(0.03613 0.08127 -0.10669)
(0.03226 0.23390 -0.34635)
(0.04741 0.15280 -0.20606)
(0.03435 0.05815 -0.06398)
(0.00274 0.00331 -0.00304)
(0.02233 0.03480 -0.03277)
(-0.00922 -0.01244 0.01051)
(-0.01841 -0.02384 0.01947)
(0.00010 0.00013 -0.00019)
(-0.00301 -0.00497 0.00608)
(-0.00384 -0.01765 0.01616)
(0.00439 -0.03672 0.02658)
(-0.00219 -0.05345 0.04731)
(0.00417 -0.05573 0.04204)
(-0.00140 -0.06620 0.05555)
(-0.02305 -0.05151 0.03404)
(-0.02571 -0.04566 0.02065)
(-0.01957 -0.04737 0.01259)
(-0.07028 -0.02256 -0.00718)
(-0.05449 -0.02431 -0.02618)
(-0.04942 -0.02039 -0.05380)
(-0.06537 0.00589 -0.11458)
(-0.07963 0.02212 -0.14757)
(-0.10556 0.05602 -0.24087)
(-0.11643 0.07088 -0.27510)
(-0.12705 0.09085 -0.31355)
(-0.09977 0.09847 -0.32331)
(-0.14161 0.15704 -0.41938)
(-0.14200 0.17850 -0.46426)
(-0.13151 0.20815 -0.49704)
(-0.09479 0.20622 -0.48797)
(-0.07182 0.20428 -0.45682)
(-0.08798 0.24763 -0.50683)
(-0.09103 0.28519 -0.54513)
(-0.09940 0.31987 -0.59849)
(-0.00395 0.24431 -0.39298)
(-0.06356 0.30466 -0.54600)
(0.02257 0.24816 -0.37297)
(0.05335 0.25380 -0.35608)
(0.04187 0.25744 -0.35243)
(0.04853 0.24191 -0.32311)
(0.05548 0.14472 -0.17055)
(0.02465 0.03399 -0.03155)
(0.08410 0.22280 -0.27569)
(0.07014 0.13252 -0.14489)
(0.01331 0.01716 -0.01484)
(0.00427 0.00552 -0.00459)
(0.00226 0.00140 -0.00338)
(-0.00415 -0.00589 0.00947)
(-0.00917 -0.01578 0.02300)
(-0.01678 -0.03449 0.04460)
(-0.02426 -0.03832 0.05806)
(-0.02839 -0.04946 0.07283)
(-0.02165 -0.05633 0.06663)
(-0.02241 -0.05711 0.06351)
(-0.04468 -0.04266 0.04939)
(-0.07992 -0.01870 -0.00085)
(-0.08034 -0.01653 -0.01139)
(-0.08442 -0.01202 -0.02451)
(-0.09256 -0.00878 -0.01987)
(-0.09920 -0.00249 -0.03577)
(-0.08984 0.01585 -0.11687)
(-0.12425 0.06576 -0.25320)
(-0.12761 0.07403 -0.27657)
(-0.13117 0.08421 -0.30532)
(-0.13869 0.11521 -0.37907)
(-0.18417 0.18221 -0.48882)
(-0.15577 0.17607 -0.47545)
(-0.16404 0.23089 -0.56097)
(-0.19485 0.28460 -0.64771)
(-0.16777 0.27764 -0.61470)
(-0.15958 0.29479 -0.64836)
(-0.12862 0.33392 -0.64945)
(-0.12392 0.33893 -0.64584)
(-0.11568 0.34109 -0.63747)
(-0.10612 0.34293 -0.62924)
(-0.05346 0.32895 -0.53981)
(0.03390 0.26555 -0.37079)
(0.04176 0.25942 -0.35278)
(0.03066 0.26821 -0.37515)
(0.06212 0.25850 -0.34624)
(0.08758 0.22223 -0.26450)
(0.07548 0.27381 -0.35483)
(0.07762 0.18631 -0.20993)
(0.05446 0.07570 -0.06913)
(0.00586 0.00784 -0.00696)
(0.09769 0.16071 -0.15809)
(0.02378 0.03605 -0.03375)
(0.00136 0.00200 -0.00184)
(-0.00382 -0.00142 0.00563)
(-0.00935 -0.00749 0.01853)
(-0.02157 -0.03371 0.06622)
(-0.02233 -0.03502 0.07098)
(-0.03413 -0.04650 0.09829)
(-0.03735 -0.05172 0.10214)
(-0.03906 -0.05276 0.10318)
(-0.04212 -0.05046 0.10618)
(-0.04556 -0.05038 0.10719)
(-0.03369 -0.05033 0.07899)
(-0.07866 -0.02118 0.00958)
(-0.09043 -0.01452 0.00492)
(-0.09801 -0.00773 -0.01202)
(-0.10605 -0.00007 -0.03191)
(-0.11491 0.00806 -0.05247)
(-0.16932 0.07115 -0.21600)
(-0.13995 0.07849 -0.28181)
(-0.21777 0.11867 -0.31120)
(-0.20100 0.12703 -0.36275)
(-0.14944 0.09318 -0.32586)
(-0.14532 0.09703 -0.34022)
(-0.21576 0.20186 -0.51172)
(-0.25952 0.22200 -0.54498)
(-0.27111 0.25147 -0.63510)
(-0.21842 0.21930 -0.55688)
(-0.21200 0.26500 -0.62861)
(-0.26443 0.34129 -0.75359)
(-0.26105 0.34934 -0.76088)
(-0.25939 0.35725 -0.76939)
(-0.16465 0.33156 -0.69219)
(-0.14828 0.35540 -0.69006)
(-0.14135 0.35733 -0.68227)
(-0.13223 0.35815 -0.67314)
(-0.11893 0.36582 -0.65705)
(-0.05847 0.34491 -0.55800)
(-0.03037 0.35150 -0.56096)
(0.01172 0.30441 -0.44804)
(0.03526 0.31978 -0.46033)
(0.06043 0.28829 -0.37322)
(0.07907 0.27681 -0.34265)
(0.13207 0.23752 -0.24294)
(0.08687 0.14300 -0.14023)
(0.10394 0.17693 -0.17576)
(0.03615 0.05580 -0.05255)
(0.01728 0.02645 -0.02471)
(0.00178 0.00030 -0.00216)
(-0.00050 -0.00006 0.00049)
(-0.01726 -0.01084 0.03830)
(-0.02219 -0.02814 0.07260)
(-0.01303 -0.04588 0.08660)
(-0.02916 -0.04645 0.10397)
(-0.04580 -0.04820 0.10978)
(-0.04826 -0.04858 0.10981)
(-0.05677 -0.04582 0.11279)
(-0.06166 -0.04178 0.10749)
(-0.09585 -0.01869 0.05396)
(-0.10352 -0.00740 -0.00117)
(-0.13430 0.00852 -0.00831)
(-0.11953 0.00537 -0.03033)
(-0.12202 0.01066 -0.05083)
(-0.16223 0.05235 -0.16323)
(-0.15886 0.03616 -0.09575)
(-0.23196 0.12034 -0.30049)
(-0.24587 0.14400 -0.36678)
(-0.26297 0.19468 -0.47781)
(-0.26269 0.20415 -0.51453)
(-0.30452 0.26874 -0.64398)
(-0.31254 0.30536 -0.75977)
(-0.29636 0.33820 -0.79062)
(-0.28011 0.35916 -0.78621)
(-0.27884 0.36855 -0.79587)
(-0.27840 0.39873 -0.83601)
(-0.22455 0.40373 -0.79970)
(-0.19496 0.39661 -0.78116)
(-0.15914 0.37257 -0.71625)
(-0.15941 0.39951 -0.74789)
(-0.10004 0.37592 -0.64267)
(-0.12272 0.40478 -0.71233)
(-0.04288 0.37697 -0.60375)
(-0.01078 0.37363 -0.58605)
(0.01221 0.35757 -0.54011)
(0.02546 0.32600 -0.46358)
(0.03760 0.31145 -0.42957)
(0.11947 0.24880 -0.26954)
(0.12853 0.24132 -0.25100)
(0.05445 0.08745 -0.08390)
(0.12502 0.24540 -0.25960)
(0.10486 0.18067 -0.17981)
(0.03769 0.06146 -0.05435)
(0.00231 0.00479 -0.00406)
(0.00290 -0.00012 -0.00196)
(-0.00010 0.00000 0.00007)
(-0.00656 -0.00329 0.01324)
(-0.01417 -0.01001 0.03468)
(-0.01804 -0.02938 0.08038)
(-0.01444 -0.02347 0.06776)
(-0.00975 -0.04040 0.09051)
(-0.02515 -0.03825 0.09291)
(-0.03422 -0.03954 0.12446)
(-0.04762 -0.04294 0.14630)
(-0.04741 -0.04789 0.12244)
(-0.08662 -0.02973 0.12818)
(-0.11180 -0.01004 0.07638)
(-0.14261 0.00460 0.05451)
(-0.18516 0.04255 -0.03073)
(-0.22005 0.09345 -0.15301)
(-0.23350 0.11099 -0.23573)
(-0.29349 0.16254 -0.41294)
(-0.29678 0.19021 -0.44604)
(-0.30072 0.23581 -0.55846)
(-0.32688 0.27472 -0.65294)
(-0.36205 0.34708 -0.77297)
(-0.35775 0.36864 -0.81570)
(-0.36705 0.39931 -0.85842)
(-0.29753 0.36794 -0.80571)
(-0.29649 0.37806 -0.81397)
(-0.31878 0.41810 -0.88077)
(-0.30830 0.43700 -0.92248)
(-0.31774 0.46445 -0.94277)
(-0.26293 0.45636 -0.89847)
(-0.24541 0.45233 -0.87899)
(-0.18806 0.42938 -0.79962)
(-0.08631 0.40378 -0.67877)
(-0.00676 0.37169 -0.57830)
(-0.05725 0.37503 -0.58379)
(-0.01551 0.33944 -0.48821)
(0.02827 0.32325 -0.43746)
(-0.01807 0.34575 -0.49926)
(0.04291 0.31181 -0.40441)
(0.07622 0.28791 -0.35106)
(0.09993 0.25053 -0.26632)
(0.04412 0.29875 -0.37080)
(0.06018 0.16099 -0.15335)
(0.02015 0.04224 -0.03643)
(0.01150 0.02447 -0.02230)
(0.00005 -0.00000 -0.00008)
(-0.00278 0.00087 0.00066)
(-0.01340 -0.01087 0.04082)
(-0.00236 -0.01710 0.05080)
(-0.00228 -0.02262 0.07196)
(-0.00110 -0.03188 0.11306)
(-0.00924 -0.03359 0.10556)
(-0.01797 -0.04006 0.12650)
(-0.01163 -0.03387 0.12092)
(-0.04392 -0.03415 0.14524)
(-0.04897 -0.03434 0.14784)
(-0.06807 -0.03317 0.16404)
(-0.08261 -0.02661 0.17590)
(-0.09012 -0.02332 0.16888)
(-0.11211 -0.01689 0.15632)
(-0.16254 0.01640 0.05335)
(-0.15484 0.01610 0.08322)
(-0.18335 0.02807 0.06897)
(-0.18150 0.03829 0.00198)
(-0.22052 0.08880 -0.12141)
(-0.23149 0.10527 -0.17787)
(-0.27603 0.15456 -0.32782)
(-0.29466 0.19675 -0.43142)
(-0.33699 0.26803 -0.56984)
(-0.37180 0.35016 -0.73971)
(-0.37767 0.36710 -0.77310)
(-0.39416 0.39534 -0.82498)
(-0.38293 0.40218 -0.87005)
(-0.38183 0.43926 -0.93498)
(-0.35972 0.45442 -0.95735)
(-0.34982 0.46587 -0.96850)
(-0.34398 0.48068 -0.98401)
(-0.33764 0.47947 -0.97480)
(-0.31047 0.48411 -0.97551)
(-0.24570 0.46009 -0.88367)
(-0.26696 0.48145 -0.92785)
(-0.19551 0.44741 -0.82271)
(-0.19273 0.43963 -0.78533)
(-0.16461 0.43055 -0.73576)
(-0.18037 0.43599 -0.74840)
(-0.05888 0.38057 -0.59126)
(-0.06349 0.38612 -0.60027)
(-0.02546 0.35751 -0.51550)
(-0.04480 0.36668 -0.52562)
(-0.00535 0.33568 -0.44588)
(0.01762 0.30764 -0.37801)
(0.05785 0.24585 -0.25391)
(0.02130 0.08248 -0.07340)
(-0.00230 -0.00940 0.00780)
(0.00272 0.20711 -0.22599)
(0.00046 -0.00032 0.00132)
(0.00165 -0.00332 0.00814)
(0.01061 -0.00444 0.01072)
(0.00727 -0.01079 0.02390)
(0.01075 -0.02426 0.06366)
(0.00268 -0.02979 0.10557)
(0.00022 -0.03239 0.12155)
(-0.00367 -0.03337 0.12403)
(-0.01062 -0.03524 0.13942)
(-0.05477 -0.02581 0.15793)
(-0.08068 -0.02730 0.18589)
(-0.08966 -0.02250 0.18148)
(-0.11964 -0.00268 0.13704)
(-0.18590 0.05140 0.04546)
(-0.20171 0.07500 -0.01895)
(-0.25866 0.13402 -0.16782)
(-0.24698 0.13010 -0.18339)
(-0.31128 0.20355 -0.33704)
(-0.30815 0.21493 -0.31640)
(-0.31707 0.22260 -0.42339)
(-0.34861 0.28269 -0.57737)
(-0.37550 0.35803 -0.73294)
(-0.38145 0.37400 -0.76214)
(-0.38764 0.38959 -0.79019)
(-0.40117 0.42499 -0.85678)
(-0.39519 0.44085 -0.93408)
(-0.41330 0.47988 -0.93770)
(-0.38925 0.46159 -0.96788)
(-0.38747 0.47874 -0.99179)
(-0.37220 0.49418 -1.00850)
(-0.36797 0.49360 -1.00790)
(-0.34401 0.50759 -1.01910)
(-0.32718 0.50276 -1.00180)
(-0.32519 0.50481 -1.00200)
(-0.25141 0.47030 -0.89230)
(-0.23687 0.47081 -0.86902)
(-0.19989 0.44736 -0.78409)
(-0.19978 0.44837 -0.77942)
(-0.17747 0.43740 -0.74453)
(-0.13671 0.42460 -0.68774)
(-0.09489 0.39822 -0.59632)
(-0.07730 0.36681 -0.50929)
(-0.10330 0.38242 -0.54126)
(-0.03736 0.33201 -0.42382)
(-0.09143 0.36574 -0.50232)
(-0.02014 0.30985 -0.36493)
(-0.00006 0.16893 -0.15860)
(0.00014 0.01146 -0.00847)
(0.00024 -0.00418 0.00308)
(-0.00060 0.00020 -0.00054)
(0.00103 -0.00035 0.00087)
(0.00754 -0.00265 0.00675)
(0.02299 -0.00892 0.02188)
(0.02804 -0.01741 0.03733)
(0.02918 -0.01181 0.02906)
(0.02020 -0.02145 0.07087)
(0.00579 -0.03147 0.11423)
(-0.00679 -0.03409 0.13842)
(-0.00190 -0.03346 0.13663)
(-0.01343 -0.03434 0.15646)
(-0.06983 -0.02210 0.18814)
(-0.04675 -0.01798 0.19882)
(-0.08656 -0.02309 0.19539)
(-0.09847 -0.00923 0.19572)
(-0.16821 0.04802 0.11012)
(-0.20540 0.08332 0.01529)
(-0.23824 0.11474 -0.07215)
(-0.30407 0.21559 -0.29671)
(-0.31764 0.23347 -0.36304)
(-0.31448 0.23620 -0.34708)
(-0.32650 0.25108 -0.40104)
(-0.37802 0.36946 -0.73367)
(-0.38356 0.38323 -0.75673)
(-0.38882 0.39683 -0.78265)
(-0.39405 0.42418 -0.82947)
(-0.41821 0.48865 -0.93362)
(-0.40937 0.49125 -0.98507)
(-0.41722 0.53446 -1.03080)
(-0.41370 0.53403 -1.03870)
(-0.41139 0.53389 -1.04540)
(-0.37675 0.51646 -1.03800)
(-0.34064 0.51026 -1.01880)
(-0.32507 0.50754 -1.00430)
(-0.29480 0.50325 -0.95891)
(-0.21881 0.45808 -0.81162)
(-0.22151 0.45954 -0.80934)
(-0.20786 0.45909 -0.77977)
(-0.15497 0.42742 -0.67096)
(-0.17865 0.44349 -0.70063)
(-0.12777 0.40268 -0.59247)
(-0.13603 0.40085 -0.58016)
(-0.12239 0.38904 -0.55363)
(-0.11279 0.37754 -0.52719)
(-0.10385 0.36738 -0.50403)
(-0.05738 0.23290 -0.23992)
(-0.00480 0.06207 -0.04764)
(-0.00324 0.02440 -0.01870)
(0.00286 -0.02453 0.01816)
(0.00246 -0.00066 0.00140)
(0.00897 -0.00316 0.00759)
(0.01709 -0.00627 0.01541)
(0.01549 -0.00549 0.01306)
(0.03039 -0.01207 0.03055)
(0.03139 -0.01385 0.03564)
(0.01308 -0.02900 0.11527)
(0.03995 -0.03657 0.10253)
(0.00428 -0.03361 0.13498)
(-0.00544 -0.03361 0.15442)
(-0.03058 -0.02539 0.20924)
(-0.06253 -0.01725 0.26970)
(-0.08736 -0.00871 0.22729)
(-0.09223 -0.00726 0.25919)
(-0.13293 0.02845 0.17122)
(-0.16141 0.04708 0.12454)
(-0.20289 0.08317 0.08565)
(-0.21891 0.10976 0.00488)
(-0.26995 0.18434 -0.19163)
(-0.31139 0.23853 -0.33124)
(-0.32484 0.25810 -0.39446)
(-0.32266 0.26233 -0.38330)
(-0.35339 0.32839 -0.53521)
(-0.38779 0.40397 -0.71182)
(-0.39639 0.43566 -0.77030)
(-0.40660 0.47948 -0.84692)
(-0.42645 0.52564 -0.91218)
(-0.42243 0.52386 -0.98140)
(-0.42019 0.52503 -1.01700)
(-0.41604 0.53823 -1.03950)
(-0.41393 0.53759 -1.04760)
(-0.39963 0.53293 -1.06480)
(-0.35358 0.51476 -1.03370)
(-0.35208 0.51611 -1.03420)
(-0.33931 0.51301 -1.01960)
(-0.33846 0.51904 -1.00890)
(-0.28997 0.50322 -0.94891)
(-0.29448 0.50542 -0.94998)
(-0.27210 0.49218 -0.87083)
(-0.31121 0.51324 -0.93694)
(-0.25386 0.49374 -0.84590)
(-0.23244 0.47581 -0.78828)
(-0.27263 0.50801 -0.87157)
(-0.19260 0.43956 -0.68283)
(-0.15781 0.41155 -0.60319)
(-0.14432 0.39965 -0.57633)
(-0.14296 0.39386 -0.56296)
(-0.14305 0.38882 -0.55148)
(-0.12782 0.37604 -0.52249)
(-0.16632 0.35919 -0.47886)
(-0.08506 0.25096 -0.26486)
(-0.02466 0.08866 -0.08003)
(0.00186 -0.00983 0.00757)
(-0.00013 0.00003 -0.00009)
(0.00218 -0.00074 0.00155)
(0.01500 -0.00575 0.01033)
(0.02739 -0.01002 0.02512)
(0.04414 -0.02599 0.04719)
(0.05171 -0.03061 0.05941)
(0.05834 -0.03612 0.06458)
(0.04242 -0.03572 0.10154)
(0.02687 -0.04098 0.13715)
(0.04686 -0.04600 0.15698)
(0.04320 -0.04787 0.16536)
(0.01987 -0.04983 0.18666)
(0.00209 -0.04172 0.22241)
(-0.04930 -0.02090 0.26590)
(-0.07283 -0.01388 0.30095)
(-0.10555 0.02864 0.22317)
(-0.14724 0.04577 0.18126)
(-0.18273 0.08593 0.09442)
(-0.19399 0.10112 0.06000)
(-0.23718 0.19716 -0.13056)
(-0.25966 0.23618 -0.21984)
(-0.33030 0.34677 -0.43962)
(-0.35106 0.34956 -0.51414)
(-0.34438 0.38969 -0.51651)
(-0.38743 0.45902 -0.70453)
(-0.40187 0.49213 -0.75382)
(-0.40996 0.51384 -0.83775)
(-0.42220 0.54086 -0.88715)
(-0.42679 0.54593 -0.96618)
(-0.42182 0.56662 -0.94883)
(-0.43346 0.55730 -1.00200)
(-0.42719 0.55341 -1.02870)
(-0.42243 0.54753 -1.05110)
(-0.41760 0.54871 -1.07660)
(-0.40092 0.53558 -1.07190)
(-0.39654 0.53531 -1.08910)
(-0.37725 0.53251 -1.05730)
(-0.37925 0.53305 -1.06340)
(-0.36185 0.53141 -1.02520)
(-0.36336 0.53209 -1.02430)
(-0.36629 0.53091 -0.98796)
(-0.31496 0.51817 -0.92199)
(-0.34233 0.52009 -0.91355)
(-0.28909 0.49639 -0.83082)
(-0.25988 0.47451 -0.77355)
(-0.26114 0.46397 -0.72647)
(-0.26874 0.44338 -0.67879)
(-0.18745 0.39067 -0.55580)
(-0.20605 0.34801 -0.47201)
(-0.16133 0.31067 -0.38961)
(-0.24041 0.38470 -0.56481)
(-0.20317 0.32985 -0.43300)
(-0.06768 0.13441 -0.14609)
(-0.00332 0.00707 -0.00671)
(0.00775 -0.01452 0.01311)
(0.00103 -0.00034 0.00081)
(0.00656 -0.00218 0.00498)
(0.04173 -0.01574 0.02907)
(0.05711 -0.03015 0.04765)
(0.06217 -0.03350 0.05335)
(0.06797 -0.04692 0.07757)
(0.07308 -0.04571 0.06712)
(0.05412 -0.04792 0.12991)
(0.04856 -0.04874 0.16661)
(0.03646 -0.04916 0.21648)
(0.02385 -0.04501 0.21619)
(-0.00654 -0.04346 0.26690)
(-0.03358 -0.02091 0.27116)
(-0.08119 0.02480 0.23309)
(-0.12052 0.10464 0.13440)
(-0.13303 0.12623 0.09225)
(-0.15139 0.12215 0.07843)
(-0.21201 0.18386 -0.05139)
(-0.24816 0.24028 -0.19767)
(-0.28171 0.31499 -0.32731)
(-0.32596 0.40857 -0.49405)
(-0.36898 0.45379 -0.63640)
(-0.39866 0.50183 -0.74556)
(-0.39923 0.52625 -0.78117)
(-0.40880 0.59188 -0.88503)
(-0.40898 0.59448 -0.90295)
(-0.42139 0.56372 -0.98205)
(-0.42470 0.56681 -1.02450)
(-0.42808 0.57389 -1.05140)
(-0.42813 0.57152 -1.05920)
(-0.41265 0.54798 -1.09170)
(-0.41412 0.54726 -1.09890)
(-0.38654 0.53403 -1.07540)
(-0.40409 0.53386 -1.07970)
(-0.36612 0.52985 -1.03660)
(-0.37293 0.53071 -1.03660)
(-0.39323 0.53822 -1.01050)
(-0.39221 0.53619 -0.97724)
(-0.39370 0.53582 -0.96888)
(-0.37661 0.53073 -0.93965)
(-0.29115 0.48502 -0.80151)
(-0.36728 0.51403 -0.89287)
(-0.31313 0.48665 -0.79257)
(-0.30251 0.46598 -0.73191)
(-0.31649 0.45274 -0.70572)
(-0.25006 0.39181 -0.58325)
(-0.23024 0.35479 -0.49494)
(-0.21090 0.33510 -0.44517)
(-0.21158 0.31354 -0.41133)
(-0.11504 0.18245 -0.20484)
(-0.01633 0.03019 -0.02819)
(-0.01179 0.01451 -0.01438)
(-0.00154 0.00052 -0.00152)
(0.00730 -0.00241 0.00562)
(0.00062 -0.00021 0.00059)
(0.00878 -0.00310 0.00759)
(0.02966 -0.01321 0.03161)
(0.06554 -0.03817 0.05652)
(0.05120 -0.03106 0.05454)
(0.07069 -0.04560 0.07056)
(0.07152 -0.05180 0.09733)
(0.07320 -0.05394 0.10533)
(0.08289 -0.06534 0.14009)
(0.06415 -0.05792 0.16205)
(0.06145 -0.06280 0.20440)
(0.03067 -0.04411 0.26578)
(0.01536 -0.03464 0.27873)
(-0.02440 -0.01159 0.27401)
(-0.08786 0.07926 0.15343)
(-0.12140 0.12075 0.10877)
(-0.14233 0.14786 0.05307)
(-0.21049 0.23089 -0.10539)
(-0.25348 0.31633 -0.25978)
(-0.29922 0.39855 -0.40418)
(-0.35174 0.51077 -0.59156)
(-0.33704 0.43456 -0.54259)
(-0.36603 0.50428 -0.67649)
(-0.40112 0.56905 -0.80259)
(-0.40622 0.59862 -0.87348)
(-0.40599 0.60045 -0.88846)
(-0.40822 0.59514 -0.91758)
(-0.41293 0.57121 -0.99757)
(-0.42513 0.57753 -1.04570)
(-0.42586 0.57561 -1.05160)
(-0.41678 0.55487 -1.08120)
(-0.41216 0.54887 -1.08930)
(-0.40676 0.53632 -1.10260)
(-0.40745 0.53717 -1.09710)
(-0.40761 0.53742 -1.09210)
(-0.39985 0.53790 -1.05870)
(-0.40367 0.53688 -1.02110)
(-0.40121 0.53819 -0.98709)
(-0.40354 0.53797 -0.98030)
(-0.39646 0.53573 -0.96267)
(-0.39332 0.53373 -0.94834)
(-0.36223 0.49554 -0.84815)
(-0.32668 0.46384 -0.74740)
(-0.30356 0.43224 -0.69200)
(-0.28338 0.41097 -0.64487)
(-0.28622 0.38473 -0.60630)
(-0.26074 0.35282 -0.51045)
(-0.26427 0.32869 -0.46511)
(-0.15457 0.18827 -0.20391)
(-0.02834 0.03383 -0.03373)
(-0.00132 0.00047 -0.00158)
(0.00259 -0.00099 0.00290)
(0.02034 -0.00793 0.01698)
(0.01431 -0.00620 0.01409)
(0.02005 -0.00915 0.01890)
(0.04564 -0.03400 0.06818)
(0.05884 -0.04399 0.08276)
(0.06394 -0.05162 0.11030)
(0.06945 -0.06472 0.15972)
(0.07394 -0.07017 0.17268)
(0.06717 -0.06964 0.20649)
(0.04082 -0.05033 0.26315)
(0.03235 -0.04294 0.27095)
(0.02298 -0.03332 0.27706)
(0.01274 -0.02898 0.28137)
(-0.03938 0.04202 0.18399)
(-0.09370 0.10028 0.13786)
(-0.12087 0.13619 0.08851)
(-0.16630 0.22122 -0.03870)
(-0.15211 0.17225 0.01183)
(-0.25117 0.33700 -0.26116)
(-0.26203 0.35896 -0.29795)
(-0.34478 0.51081 -0.57300)
(-0.35856 0.52813 -0.61972)
(-0.36290 0.54133 -0.63955)
(-0.40404 0.60681 -0.86381)
(-0.40337 0.60727 -0.87504)
(-0.40537 0.60059 -0.90406)
(-0.40378 0.59973 -0.91838)
(-0.39717 0.58457 -0.99171)
(-0.39354 0.57017 -1.03780)
(-0.40779 0.55280 -1.08430)
(-0.39721 0.55115 -1.08510)
(-0.40012 0.54348 -1.09100)
(-0.40818 0.53655 -1.09900)
(-0.40971 0.53621 -1.09710)
(-0.41160 0.53756 -1.09210)
(-0.42159 0.53837 -1.07450)
(-0.41017 0.53987 -0.99626)
(-0.41305 0.53974 -0.99126)
(-0.40717 0.53796 -0.97413)
(-0.41929 0.53242 -0.95394)
(-0.38075 0.49678 -0.86253)
(-0.37220 0.49072 -0.84476)
(-0.36888 0.45683 -0.76829)
(-0.33214 0.41650 -0.69413)
(-0.32237 0.40651 -0.67149)
(-0.33111 0.40826 -0.68084)
(-0.32251 0.39948 -0.66092)
(-0.31343 0.38862 -0.63773)
(-0.27235 0.32836 -0.47240)
(-0.21021 0.24837 -0.27589)
(-0.19163 0.21899 -0.23900)
(-0.04574 0.05251 -0.05242)
(0.01352 -0.01555 0.01487)
(-0.00043 0.00018 -0.00065)
(0.00384 -0.00170 0.00523)
(0.01230 -0.01299 0.03243)
(0.02708 -0.01690 0.03425)
(0.02354 -0.02646 0.03898)
(0.04520 -0.03611 0.06073)
(0.05708 -0.04908 0.10207)
(0.06707 -0.06320 0.15305)
(0.07184 -0.06887 0.16895)
(0.08177 -0.08281 0.20964)
(0.07269 -0.06877 0.21840)
(0.04164 -0.04859 0.26884)
(0.03218 -0.03848 0.27462)
(0.01169 -0.01051 0.28101)
(0.01329 -0.02091 0.28106)
(-0.05512 0.07384 0.20782)
(-0.08786 0.12171 0.13241)
(-0.14095 0.20963 0.00240)
(-0.21679 0.31030 -0.17550)
(-0.24733 0.37276 -0.28316)
(-0.30958 0.46948 -0.46465)
(-0.35296 0.52830 -0.60152)
(-0.34808 0.52736 -0.58374)
(-0.35929 0.54398 -0.62669)
(-0.38297 0.60323 -0.74698)
(-0.39503 0.62903 -0.80457)
(-0.40265 0.60627 -0.89030)
(-0.39296 0.60463 -0.93103)
(-0.39111 0.59765 -0.96806)
(-0.38472 0.58955 -0.99953)
(-0.38373 0.55639 -1.06200)
(-0.37683 0.54232 -1.07820)
(-0.39476 0.54402 -1.08910)
(-0.40574 0.53970 -1.09460)
(-0.40770 0.53412 -1.10060)
(-0.41298 0.53662 -1.09520)
(-0.43427 0.54192 -1.07700)
(-0.42598 0.54066 -1.03590)
(-0.44938 0.54982 -1.02470)
(-0.44356 0.53995 -0.98778)
(-0.45597 0.54074 -0.97482)
(-0.41782 0.51315 -0.91353)
(-0.39592 0.49056 -0.84665)
(-0.42506 0.49628 -0.87156)
(-0.38276 0.45978 -0.79220)
(-0.33998 0.41414 -0.69644)
(-0.32518 0.39520 -0.65721)
(-0.32192 0.36196 -0.59129)
(-0.29108 0.31623 -0.46700)
(-0.21663 0.24678 -0.28040)
(-0.22773 0.24489 -0.29378)
(-0.06400 0.07083 -0.07083)
(0.00277 -0.00307 0.00288)
(-0.00012 -0.00010 0.00036)
(0.00173 -0.00414 0.00994)
(-0.00429 -0.00212 0.00807)
(0.01207 -0.02119 0.03241)
(0.01603 -0.02536 0.03612)
(0.02955 -0.03250 0.04231)
(0.04703 -0.05003 0.06621)
(0.05221 -0.06028 0.09993)
(0.06719 -0.06548 0.12298)
(0.06707 -0.06554 0.16323)
(0.08504 -0.09399 0.19546)
(0.07803 -0.08022 0.22277)
(0.05147 -0.05096 0.25863)
(0.02397 -0.01821 0.25314)
(-0.03012 0.06513 0.20532)
(-0.04595 0.09411 0.23609)
(-0.09812 0.16271 0.10115)
(-0.20659 0.31778 -0.14732)
(-0.19465 0.29906 -0.09419)
(-0.26809 0.41982 -0.32638)
(-0.30181 0.47961 -0.39675)
(-0.34561 0.55401 -0.51632)
(-0.35566 0.54331 -0.61139)
(-0.37483 0.61536 -0.71249)
(-0.38254 0.64924 -0.76146)
(-0.39449 0.63503 -0.84248)
(-0.38758 0.63457 -0.88437)
(-0.38401 0.60769 -0.94581)
(-0.38328 0.60571 -0.96938)
(-0.37587 0.56504 -1.04160)
(-0.39002 0.56781 -1.05090)
(-0.39755 0.54583 -1.08570)
(-0.40141 0.54250 -1.08730)
(-0.40289 0.53577 -1.09380)
(-0.42498 0.53965 -1.09240)
(-0.43964 0.54459 -1.08360)
(-0.46007 0.54821 -1.07060)
(-0.46287 0.54930 -1.06520)
(-0.46538 0.54705 -1.00320)
(-0.47083 0.54419 -0.99019)
(-0.44093 0.52265 -0.93264)
(-0.44574 0.49804 -0.87956)
(-0.39334 0.45756 -0.78144)
(-0.38667 0.42646 -0.71513)
(-0.32859 0.39210 -0.65724)
(-0.38603 0.38709 -0.64436)
(-0.33147 0.34297 -0.53544)
(-0.30444 0.31000 -0.45520)
(-0.28827 0.26593 -0.38493)
(-0.25290 0.23365 -0.28822)
(-0.09913 0.08686 -0.08312)
(-0.00646 0.00594 -0.00430)
(-0.00097 -0.00044 0.00162)
(-0.00358 -0.01197 0.01970)
(0.00202 -0.02428 0.03637)
(0.00841 -0.04190 0.04559)
(0.01778 -0.04260 0.04831)
(0.04084 -0.05831 0.08917)
(0.06875 -0.09212 0.13406)
(0.07335 -0.08444 0.12851)
(0.07798 -0.09826 0.15519)
(0.07622 -0.09410 0.19267)
(0.06840 -0.07124 0.24288)
(0.04212 -0.03380 0.24757)
(-0.00735 0.02103 0.23456)
(0.00496 0.01220 0.21748)
(-0.04902 0.08828 0.19709)
(-0.12057 0.18062 0.08164)
(-0.22947 0.36024 -0.13322)
(-0.24648 0.39594 -0.22231)
(-0.29031 0.48587 -0.34384)
(-0.31672 0.52706 -0.41444)
(-0.36075 0.60774 -0.56695)
(-0.38608 0.65618 -0.64463)
(-0.38519 0.65846 -0.70450)
(-0.38985 0.65332 -0.79063)
(-0.38718 0.64797 -0.85233)
(-0.37329 0.63382 -0.90261)
(-0.37435 0.62717 -0.92154)
(-0.37283 0.58663 -0.99853)
(-0.38106 0.57557 -1.02830)
(-0.38319 0.55046 -1.07030)
(-0.38982 0.53969 -1.08480)
(-0.41447 0.54225 -1.08280)
(-0.42417 0.53871 -1.09030)
(-0.44746 0.54913 -1.07410)
(-0.46145 0.54871 -1.07050)
(-0.48635 0.55847 -1.05380)
(-0.48352 0.55028 -1.02550)
(-0.52084 0.55482 -0.99431)
(-0.49301 0.54224 -0.97087)
(-0.47466 0.49989 -0.88665)
(-0.44372 0.48952 -0.86485)
(-0.42707 0.46843 -0.81376)
(-0.45993 0.45765 -0.77695)
(-0.44857 0.44430 -0.75270)
(-0.39484 0.39344 -0.65639)
(-0.32883 0.31601 -0.50330)
(-0.30753 0.28050 -0.41212)
(-0.28743 0.25583 -0.33842)
(-0.18329 0.15276 -0.16251)
(-0.08459 0.07201 -0.06505)
(-0.01236 0.01044 -0.00856)
(0.00074 0.00065 -0.00116)
(-0.00283 -0.00229 0.00436)
(-0.00478 -0.01498 0.01517)
(-0.00420 -0.03229 0.03655)
(-0.00019 -0.04007 0.04094)
(0.00496 -0.04650 0.04822)
(0.02632 -0.05824 0.08352)
(0.00583 -0.04934 0.05317)
(0.04115 -0.07340 0.12056)
(0.06830 -0.09461 0.14346)
(0.07384 -0.09750 0.15839)
(0.03800 -0.06735 0.17101)
(0.06095 -0.07149 0.21557)
(0.02832 -0.03429 0.20349)
(-0.05535 0.06210 0.14511)
(-0.06161 0.08504 0.16903)
(-0.09471 0.10455 0.12287)
(-0.10966 0.15312 0.08816)
(-0.23641 0.36234 -0.13191)
(-0.25501 0.40017 -0.19024)
(-0.27591 0.43499 -0.23635)
(-0.32137 0.51157 -0.35677)
(-0.36881 0.63181 -0.56326)
(-0.38526 0.66585 -0.58708)
(-0.40311 0.70476 -0.66717)
(-0.39301 0.68857 -0.72192)
(-0.38585 0.67086 -0.76976)
(-0.38233 0.67044 -0.83066)
(-0.37444 0.66110 -0.86295)
(-0.37200 0.65497 -0.87858)
(-0.36846 0.59887 -0.97021)
(-0.37827 0.57921 -1.02120)
(-0.38220 0.57078 -1.03590)
(-0.38090 0.55429 -1.05770)
(-0.41298 0.55429 -1.05640)
(-0.43624 0.55012 -1.06980)
(-0.46637 0.55873 -1.05190)
(-0.47370 0.55823 -1.06130)
(-0.49120 0.56269 -1.04330)
(-0.52250 0.55863 -1.00570)
(-0.52873 0.55799 -0.99490)
(-0.52460 0.55267 -0.98497)
(-0.52792 0.54966 -0.97702)
(-0.47356 0.47724 -0.81770)
(-0.47002 0.46063 -0.78063)
(-0.45009 0.44016 -0.74231)
(-0.44389 0.41108 -0.69942)
(-0.41042 0.38234 -0.63616)
(-0.36296 0.32684 -0.51435)
(-0.36860 0.30889 -0.44240)
(-0.35206 0.29058 -0.39988)
(-0.29364 0.22221 -0.24568)
(-0.18260 0.12128 -0.09197)
(-0.01887 0.01226 -0.00742)
(-0.01900 0.01189 -0.00674)
(-0.00308 -0.00204 0.00361)
(-0.00797 -0.02045 0.02125)
(-0.00432 -0.04088 0.03846)
(-0.00124 -0.04349 0.04199)
(0.00211 -0.04701 0.04672)
(0.00311 -0.05018 0.05069)
(0.02037 -0.06392 0.09950)
(0.03606 -0.07524 0.11539)
(0.06827 -0.09652 0.14992)
(0.01707 -0.05407 0.14596)
(0.00390 -0.02666 0.17164)
(-0.07714 0.07659 0.12972)
(-0.09854 0.10153 0.11112)
(-0.11455 0.12790 0.10383)
(-0.17400 0.23406 -0.00545)
(-0.25881 0.39635 -0.17755)
(-0.26965 0.39791 -0.17473)
(-0.27970 0.43199 -0.22170)
(-0.34472 0.53865 -0.33581)
(-0.39189 0.63566 -0.46552)
(-0.38036 0.62065 -0.47213)
(-0.39733 0.67984 -0.54679)
(-0.41603 0.72172 -0.63147)
(-0.41422 0.72707 -0.64912)
(-0.39185 0.69191 -0.74680)
(-0.37597 0.67232 -0.84954)
(-0.37337 0.66568 -0.86451)
(-0.36888 0.64917 -0.89138)
(-0.36401 0.60940 -0.96475)
(-0.37982 0.57569 -1.02650)
(-0.39152 0.57283 -1.02660)
(-0.41064 0.55986 -1.04310)
(-0.42772 0.55783 -1.05280)
(-0.46836 0.56153 -1.04520)
(-0.47922 0.56406 -1.04590)
(-0.49137 0.56891 -1.04050)
(-0.53225 0.56283 -1.00310)
(-0.53823 0.56233 -0.99461)
(-0.53346 0.55596 -0.98612)
(-0.53908 0.55323 -0.97804)
(-0.50789 0.50085 -0.85534)
(-0.50779 0.46319 -0.78544)
(-0.47302 0.39675 -0.65557)
(-0.45041 0.36822 -0.59811)
(-0.40684 0.34616 -0.55053)
(-0.37534 0.29374 -0.39401)
(-0.36415 0.28405 -0.37462)
(-0.29047 0.19155 -0.16205)
(-0.21470 0.13792 -0.09907)
(-0.11664 0.07396 -0.04771)
(-0.22211 0.13744 -0.09114)
(-0.03112 0.01871 -0.00960)
(-0.00078 -0.00054 0.00094)
(-0.00607 -0.00426 0.00718)
(-0.00395 -0.00282 0.00489)
(-0.01494 -0.01100 0.01733)
(-0.01563 -0.02994 0.02925)
(-0.01371 -0.03578 0.03913)
(-0.00483 -0.04392 0.03961)
(-0.00888 -0.04682 0.04284)
(-0.00054 -0.04723 0.04477)
(-0.00466 -0.05184 0.05524)
(0.00011 -0.05414 0.06930)
(0.00824 -0.05750 0.08988)
(-0.01488 -0.03562 0.10427)
(-0.00472 -0.04077 0.12811)
(-0.03845 -0.00845 0.11921)
(-0.06693 0.04961 0.12109)
(-0.10796 0.10408 0.09596)
(-0.12226 0.12975 0.08890)
(-0.17493 0.18736 0.03501)
(-0.33937 0.41318 -0.17507)
(-0.28876 0.43030 -0.21302)
(-0.38646 0.56637 -0.32464)
(-0.44473 0.68308 -0.43997)
(-0.42027 0.70150 -0.54238)
(-0.43038 0.73903 -0.59937)
(-0.42118 0.73597 -0.63780)
(-0.41033 0.72763 -0.69719)
(-0.39282 0.70873 -0.79989)
(-0.37508 0.67787 -0.85093)
(-0.36956 0.65747 -0.88059)
(-0.36921 0.62696 -0.93213)
(-0.37486 0.58451 -1.00040)
(-0.39040 0.57941 -1.00310)
(-0.40672 0.56718 -1.01560)
(-0.42792 0.56134 -1.04080)
(-0.46589 0.56327 -1.04050)
(-0.48278 0.56700 -1.03960)
(-0.49842 0.57274 -1.03390)
(-0.53219 0.57011 -1.00530)
(-0.55667 0.57099 -0.99776)
(-0.54368 0.56024 -0.98641)
(-0.56722 0.55145 -0.94815)
(-0.55663 0.52639 -0.88826)
(-0.56026 0.49916 -0.83106)
(-0.51197 0.43515 -0.71615)
(-0.47793 0.38216 -0.61465)
(-0.46207 0.36557 -0.57913)
(-0.43001 0.33164 -0.47131)
(-0.35556 0.24867 -0.27348)
(-0.30136 0.19324 -0.15954)
(-0.30100 0.18614 -0.14071)
(-0.29401 0.17625 -0.11575)
(-0.19660 0.11605 -0.06700)
(-0.03339 0.01793 -0.00384)
(0.02670 -0.01410 0.00190)
(-0.00037 -0.00023 0.00058)
(-0.00451 -0.00294 0.00710)
(-0.02270 -0.01872 0.02562)
(-0.01321 -0.01012 0.01706)
(-0.02406 -0.02312 0.02576)
(-0.01623 -0.03313 0.02863)
(-0.01434 -0.03813 0.02798)
(-0.01371 -0.04172 0.04003)
(-0.01775 -0.03849 0.04269)
(-0.01138 -0.04954 0.05971)
(-0.00688 -0.06004 0.06137)
(-0.02849 -0.03625 0.05549)
(-0.03621 -0.02834 0.08797)
(-0.08191 0.01321 0.06161)
(-0.10625 0.05788 0.05400)
(-0.13924 0.09333 0.03160)
(-0.23940 0.21140 -0.05789)
(-0.13405 0.13516 0.07142)
(-0.23454 0.24018 -0.03367)
(-0.36902 0.41145 -0.19415)
(-0.38204 0.47557 -0.25800)
(-0.43022 0.59053 -0.33913)
(-0.47172 0.66656 -0.41283)
(-0.45044 0.72965 -0.49597)
(-0.46969 0.76040 -0.54447)
(-0.47065 0.80301 -0.60415)
(-0.42807 0.77780 -0.69241)
(-0.41487 0.75694 -0.74022)
(-0.40359 0.74136 -0.78267)
(-0.38096 0.68855 -0.85603)
(-0.37163 0.64405 -0.90574)
(-0.36636 0.61350 -0.95588)
(-0.39420 0.59438 -0.97813)
(-0.40455 0.58228 -0.99021)
(-0.42809 0.56877 -1.01520)
(-0.46776 0.58002 -0.99896)
(-0.48528 0.56949 -1.03270)
(-0.53619 0.59328 -1.01210)
(-0.56426 0.59459 -1.00420)
(-0.61282 0.61014 -0.98158)
(-0.61703 0.59001 -0.95290)
(-0.61629 0.58093 -0.94373)
(-0.60868 0.54610 -0.88539)
(-0.58018 0.50196 -0.82419)
(-0.53928 0.45688 -0.74177)
(-0.52989 0.42965 -0.67033)
(-0.47825 0.37184 -0.57998)
(-0.43967 0.30748 -0.37392)
(-0.41286 0.28152 -0.32101)
(-0.41571 0.26817 -0.28308)
(-0.36973 0.20800 -0.12711)
(-0.30566 0.16469 -0.06566)
(-0.18679 0.09177 -0.01824)
(-0.05319 0.02493 0.00004)
(0.02016 -0.00834 -0.00433)
(-0.00248 -0.00144 0.00393)
(-0.01378 -0.00901 0.02076)
(-0.02588 -0.01571 0.03362)
(-0.02488 -0.02469 0.03289)
(-0.01943 -0.03541 0.03129)
(-0.01681 -0.03783 0.03135)
(-0.03179 -0.01713 0.03078)
(-0.01991 -0.03574 0.04023)
(-0.02859 -0.02820 0.03608)
(-0.03882 -0.02090 0.03859)
(-0.02198 -0.04021 0.05260)
(-0.05343 -0.01443 0.04250)
(-0.06389 -0.01000 0.04590)
(-0.10404 0.02021 0.00099)
(-0.11135 0.02625 0.00234)
(-0.12208 0.06761 0.03533)
(-0.14104 0.05189 -0.01122)
(-0.17306 0.11374 -0.00796)
(-0.27516 0.21685 -0.10534)
(-0.32293 0.31366 -0.13459)
(-0.39588 0.42509 -0.22262)
(-0.41056 0.46328 -0.23776)
(-0.48221 0.60641 -0.33572)
(-0.56615 0.74211 -0.46191)
(-0.50378 0.75947 -0.49512)
(-0.49949 0.77350 -0.53204)
(-0.49562 0.84014 -0.61772)
(-0.46764 0.81629 -0.65731)
(-0.43752 0.78697 -0.71005)
(-0.41305 0.76138 -0.76657)
(-0.39314 0.70458 -0.82997)
(-0.38585 0.67151 -0.88094)
(-0.36505 0.62449 -0.93762)
(-0.40335 0.61190 -0.93848)
(-0.44139 0.60345 -0.93898)
(-0.43901 0.57727 -0.98849)
(-0.48108 0.58946 -0.97862)
(-0.53056 0.59877 -0.98891)
(-0.57262 0.61294 -0.99112)
(-0.59985 0.61325 -0.98078)
(-0.62181 0.61689 -0.97665)
(-0.66844 0.62528 -0.93293)
(-0.64738 0.58998 -0.91609)
(-0.67483 0.60245 -0.89432)
(-0.61051 0.52641 -0.79383)
(-0.57911 0.48126 -0.74029)
(-0.59772 0.47832 -0.66587)
(-0.58451 0.46078 -0.63156)
(-0.54403 0.41613 -0.56806)
(-0.57509 0.44445 -0.58947)
(-0.49097 0.34373 -0.42101)
(-0.41866 0.24466 -0.22420)
(-0.41024 0.23729 -0.20546)
(-0.35491 0.17169 -0.05042)
(-0.10939 0.04853 0.00362)
(-0.01686 0.00641 0.00486)
(0.00648 -0.00244 -0.00199)
(-0.00047 -0.00025 0.00080)
(-0.00736 -0.00416 0.01225)
(-0.01898 -0.01214 0.03004)
(-0.02389 -0.01198 0.03356)
(-0.02390 -0.01291 0.03514)
(-0.02306 -0.01743 0.03248)
(-0.02406 -0.02175 0.03276)
(-0.04364 -0.00439 0.02571)
(-0.04537 -0.00582 0.02541)
(-0.05032 -0.00122 0.02238)
(-0.06467 -0.00077 0.02912)
(-0.11104 0.02673 -0.00778)
(-0.11941 0.03297 -0.00889)
(-0.13745 0.04730 -0.02209)
(-0.22488 0.14477 -0.07646)
(-0.31566 0.23617 -0.15669)
(-0.35314 0.32418 -0.16817)
(-0.45139 0.43906 -0.25989)
(-0.45557 0.49233 -0.28390)
(-0.51004 0.52575 -0.34138)
(-0.53803 0.65021 -0.39568)
(-0.58161 0.74493 -0.46542)
(-0.57176 0.76676 -0.47979)
(-0.56015 0.78265 -0.51655)
(-0.52343 0.83409 -0.59168)
(-0.48940 0.83840 -0.63431)
(-0.46222 0.81305 -0.67983)
(-0.44541 0.78832 -0.73671)
(-0.40384 0.71831 -0.81569)
(-0.41026 0.68954 -0.84160)
(-0.39772 0.65528 -0.88473)
(-0.41700 0.62135 -0.91958)
(-0.44612 0.60660 -0.92941)
(-0.45394 0.60193 -0.93954)
(-0.48421 0.59696 -0.94830)
(-0.54372 0.60567 -0.97818)
(-0.58618 0.62067 -0.96312)
(-0.64669 0.65106 -0.93044)
(-0.64970 0.63770 -0.94808)
(-0.69366 0.64010 -0.90061)
(-0.68906 0.62895 -0.89414)
(-0.69157 0.62606 -0.88210)
(-0.64974 0.56555 -0.79451)
(-0.61737 0.50063 -0.67866)
(-0.58728 0.45978 -0.60989)
(-0.55079 0.40629 -0.50698)
(-0.49659 0.33254 -0.38426)
(-0.47021 0.30807 -0.29024)
(-0.43806 0.26397 -0.22847)
(-0.41128 0.23657 -0.16537)
(-0.34486 0.16723 -0.04770)
(-0.11811 0.04649 0.01642)
(-0.00850 0.00304 0.00145)
(-0.00033 0.00002 0.00070)
(-0.00975 0.00041 0.02086)
(-0.02321 0.00282 0.03997)
(-0.02662 0.00303 0.04357)
(-0.02463 0.00016 0.03868)
(-0.02375 -0.01234 0.04030)
(-0.03377 -0.00337 0.03284)
(-0.02390 -0.01491 0.03960)
(-0.04468 0.00035 0.02523)
(-0.04768 -0.00035 0.02369)
(-0.04930 0.00471 0.02283)
(-0.05344 0.00455 0.01993)
(-0.05708 0.00507 0.01793)
(-0.12390 0.04554 -0.02779)
(-0.12568 0.03858 -0.01818)
(-0.14398 0.05257 -0.03257)
(-0.26466 0.17599 -0.11648)
(-0.31683 0.23141 -0.16573)
(-0.41300 0.35771 -0.23835)
(-0.50913 0.47010 -0.32372)
(-0.53435 0.50419 -0.34561)
(-0.54563 0.64363 -0.41070)
(-0.59812 0.74912 -0.47286)
(-0.58632 0.76780 -0.48191)
(-0.58799 0.78618 -0.49650)
(-0.56584 0.83894 -0.58672)
(-0.50178 0.84615 -0.62832)
(-0.49608 0.83266 -0.65859)
(-0.44030 0.75843 -0.77153)
(-0.41208 0.67797 -0.84982)
(-0.43509 0.66041 -0.86620)
(-0.45867 0.60534 -0.92969)
(-0.55234 0.61745 -0.93564)
(-0.60281 0.63852 -0.93258)
(-0.67292 0.66286 -0.92081)
(-0.69750 0.63885 -0.88850)
(-0.69347 0.62402 -0.86929)
(-0.59990 0.47704 -0.63003)
(-0.51825 0.36625 -0.40047)
(-0.13513 0.05728 0.00887)
(-0.00175 0.00056 0.00410)
(-0.01474 0.00482 0.03129)
(-0.02831 0.01051 0.05379)
(-0.02186 0.01005 0.04724)
(-0.02841 0.01347 0.05418)
(-0.02823 0.01122 0.05160)
(-0.03659 0.01237 0.03407)
(-0.04549 0.00513 0.02523)
(-0.05051 0.01006 0.02289)
(-0.05610 0.01014 0.01832)
(-0.06834 0.02024 0.01067)
(-0.13771 0.06869 -0.04828)
(-0.16669 0.09423 -0.06549)
(-0.16849 0.07808 -0.06469)
(-0.28903 0.17856 -0.15706)
(-0.26544 0.16263 -0.12287)
(-0.34728 0.24171 -0.20185)
(-0.43899 0.35979 -0.27377)
(-0.44126 0.34465 -0.28387)
(-0.51380 0.46533 -0.33014)
(-0.54029 0.50241 -0.35223)
(-0.56394 0.59043 -0.39419)
(-0.62856 0.72740 -0.47447)
(-0.60981 0.76822 -0.48946)
(-0.60025 0.78651 -0.50127)
(-0.54918 0.84696 -0.61607)
(0.00268 -0.00207 -0.00634)
(-0.00732 0.00589 0.01768)
(-0.02401 0.02112 0.05799)
(-0.02444 0.01559 0.05486)
(-0.02795 0.01728 0.05338)
(-0.02717 0.01983 0.04811)
(-0.03570 0.01808 0.03589)
(-0.04032 0.02037 0.03423)
(-0.03871 0.02352 0.03553)
(-0.05332 0.02636 0.02446)
(-0.07115 0.03673 0.01098)
(-0.10067 0.05833 -0.01347)
(-0.15192 0.08458 -0.05820)
(-0.15640 0.08700 -0.06104)
(-0.23087 0.14202 -0.11697)
(-0.29079 0.18941 -0.16161)
(-0.36787 0.26435 -0.22380)
(-0.44921 0.35025 -0.29088)
(-0.52550 0.45974 -0.34347)
(-0.60959 0.59340 -0.41499)
(-0.65164 0.68310 -0.47058)
(0.00248 -0.00234 -0.00603)
(-0.00174 0.00167 0.00425)
(-0.01205 0.01319 0.02945)
(-0.02368 0.02780 0.05640)
(-0.02408 0.02836 0.05470)
(-0.02567 0.03257 0.05168)
(-0.04072 0.03695 0.04129)
(-0.05642 0.04371 0.02546)
(-0.07050 0.04902 0.01458)
(-0.10441 0.06933 -0.01614)
(-0.14516 0.08542 -0.05143)
(-0.17440 0.10577 -0.07705)
(-0.23139 0.14850 -0.12294)
(-0.33843 0.23439 -0.20822)
(-0.35965 0.24629 -0.21892)
(-0.42547 0.30149 -0.27667)
(-0.50086 0.40351 -0.33129)
(-0.00058 0.00067 0.00138)
(-0.01346 0.01734 0.03173)
(-0.01856 0.02324 0.04568)
(-0.02397 0.03003 0.05747)
(-0.02484 0.03077 0.05516)
(-0.02551 0.03264 0.05544)
(-0.03481 0.04463 0.04911)
(-0.04725 0.05168 0.03727)
(-0.06100 0.05555 0.02397)
(-0.06379 0.06295 0.02648)
(-0.10204 0.08772 -0.00510)
(-0.12838 0.10325 -0.02896)
(-0.14023 0.09785 -0.04540)
(-0.15023 0.11997 -0.04365)
(-0.18197 0.13061 -0.07588)
(-0.26551 0.18096 -0.14908)
(-0.00173 0.00209 0.00383)
(-0.01939 0.02453 0.04438)
(-0.02434 0.03195 0.05796)
(-0.02610 0.04007 0.06565)
(-0.02404 0.03517 0.06022)
(-0.03214 0.04398 0.05534)
(-0.04408 0.05783 0.04491)
(-0.06248 0.06337 0.02837)
(-0.11169 0.09960 -0.00721)
(-0.13893 0.11570 -0.03262)
(0.00032 -0.00046 -0.00082)
(-0.00848 0.01238 0.02196)
(-0.02008 0.03364 0.05252)
(-0.47921 0.81465 -0.71169)
(-0.41696 0.69707 -0.83238)
(-0.45115 0.60887 -0.91881)
(-0.50230 0.61150 -0.91842)
(-0.65994 0.66100 -0.91094)
(-0.69336 0.64781 -0.89356)
(-0.69904 0.63630 -0.87622)
(-0.65789 0.55482 -0.71643)
(-0.56801 0.46121 -0.55796)
(-0.49563 0.33280 -0.31237)
(-0.46109 0.29876 -0.26176)
(-0.35147 0.16950 -0.03797)
(-0.34098 0.15945 -0.02203)
(-0.32923 0.14813 -0.00377)
(-0.03012 0.01236 0.00314)
(-0.59546 0.83698 -0.57240)
(-0.52251 0.84276 -0.66031)
(-0.49257 0.81329 -0.70238)
(-0.46764 0.78545 -0.74159)
(-0.42441 0.71537 -0.81550)
(-0.41880 0.68367 -0.84086)
(-0.44014 0.65878 -0.85532)
(-0.46778 0.62493 -0.87273)
(-0.46270 0.60769 -0.91927)
(-0.52526 0.62250 -0.89260)
(-0.56015 0.62087 -0.92515)
(-0.62389 0.64835 -0.91405)
(-0.66187 0.66370 -0.90349)
(-0.67443 0.66958 -0.90785)
(-0.70737 0.68157 -0.88866)
(-0.70522 0.64962 -0.88223)
(-0.70564 0.64679 -0.86980)
(-0.70667 0.63590 -0.84979)
(-0.67489 0.60626 -0.74305)
(-0.61716 0.51560 -0.65024)
(-0.57735 0.47446 -0.53701)
(-0.52873 0.39597 -0.41191)
(-0.49726 0.35404 -0.30045)
(-0.41274 0.25057 -0.14191)
(-0.34522 0.16932 -0.03023)
(-0.32629 0.15072 -0.00443)
(-0.12180 0.05273 0.00742)
(-0.01198 0.00500 0.00119)
(-0.69412 0.76545 -0.51555)
(-0.65133 0.82157 -0.54823)
(-0.64054 0.83400 -0.56066)
(-0.59255 0.87119 -0.61014)
(-0.56690 0.85253 -0.63247)
(-0.52022 0.83209 -0.68754)
(-0.47081 0.79232 -0.74237)
(-0.46136 0.75367 -0.77202)
(-0.42369 0.68973 -0.83298)
(-0.44680 0.70932 -0.80521)
(-0.43451 0.66094 -0.84449)
(-0.47499 0.62288 -0.85053)
(-0.50362 0.61960 -0.87871)
(-0.52639 0.62251 -0.88338)
(-0.57482 0.62855 -0.89855)
(-0.61928 0.64984 -0.88783)
(-0.65259 0.66677 -0.88375)
(-0.68755 0.68172 -0.89857)
(-0.71822 0.69965 -0.87325)
(-0.72171 0.68109 -0.86285)
(-0.72256 0.68095 -0.82877)
(-0.70497 0.65185 -0.80835)
(-0.69522 0.63344 -0.74253)
(-0.65109 0.58666 -0.66859)
(-0.57763 0.48022 -0.49275)
(-0.52635 0.39758 -0.37858)
(-0.52607 0.43520 -0.38603)
(-0.46901 0.34326 -0.25497)
(-0.44042 0.30301 -0.20945)
(-0.42327 0.30248 -0.19979)
(-0.35572 0.18715 -0.04607)
(-0.31663 0.15091 -0.00599)
(-0.15050 0.06614 0.01036)
(-0.03268 0.01329 0.00655)
(0.01242 -0.00492 -0.00278)
(-0.58879 0.50743 -0.40927)
(-0.64118 0.60833 -0.44639)
(-0.66417 0.67582 -0.48113)
(-0.69041 0.75059 -0.51861)
(-0.67148 0.81047 -0.54694)
(-0.66450 0.83483 -0.58616)
(-0.60391 0.86263 -0.61128)
(-0.58544 0.84356 -0.64043)
(-0.52915 0.82600 -0.69856)
(-0.51025 0.81148 -0.71613)
(-0.48214 0.76686 -0.75504)
(-0.47250 0.72411 -0.79491)
(-0.46708 0.67656 -0.82904)
(-0.47532 0.66024 -0.83466)
(-0.48100 0.62252 -0.85248)
(-0.54074 0.62341 -0.86135)
(-0.58035 0.63678 -0.85520)
(-0.59602 0.63889 -0.87902)
(-0.62150 0.65437 -0.87316)
(-0.68239 0.68637 -0.87118)
(-0.70075 0.69384 -0.87332)
(-0.71580 0.70725 -0.84842)
(-0.73316 0.71445 -0.85055)
(-0.71490 0.69625 -0.81534)
(-0.70353 0.66769 -0.80093)
(-0.68503 0.67920 -0.76850)
(-0.67202 0.63503 -0.72479)
(-0.60911 0.56487 -0.57673)
(-0.58236 0.51760 -0.52726)
(-0.52902 0.47228 -0.42419)
(-0.47693 0.37870 -0.29691)
(-0.38818 0.26283 -0.13934)
(-0.41682 0.32658 -0.20228)
(-0.34018 0.21232 -0.06369)
(-0.29087 0.17190 -0.03868)
(-0.03046 0.01495 0.00523)
(0.02454 -0.01111 -0.00616)
(-0.21632 0.14115 -0.02263)
(-0.33874 0.23681 -0.20833)
(-0.36470 0.25626 -0.22888)
(-0.39011 0.27804 -0.24828)
(-0.49755 0.39689 -0.33527)
(-0.58875 0.50176 -0.40781)
(-0.62745 0.55016 -0.42638)
(-0.61147 0.54787 -0.42945)
(-0.65909 0.63033 -0.46916)
(-0.69006 0.71498 -0.51100)
(-0.68203 0.77991 -0.55090)
(-0.67045 0.83247 -0.58895)
(-0.65236 0.84230 -0.60042)
(-0.58881 0.83668 -0.65256)
(-0.51744 0.81456 -0.71174)
(-0.50595 0.80117 -0.72477)
(-0.49581 0.73877 -0.78332)
(-0.46691 0.70349 -0.80957)
(-0.50584 0.66618 -0.83356)
(-0.49718 0.63956 -0.84223)
(-0.51813 0.65817 -0.83352)
(-0.56266 0.63206 -0.85212)
(-0.57770 0.63683 -0.85295)
(-0.59305 0.64185 -0.85406)
(-0.66794 0.67983 -0.85857)
(-0.69426 0.69528 -0.86900)
(-0.68926 0.69184 -0.86647)
(-0.70805 0.71179 -0.85073)
(-0.72974 0.71850 -0.83144)
(-0.71285 0.71200 -0.82113)
(-0.70148 0.70460 -0.78589)
(-0.67258 0.68592 -0.74422)
(-0.67117 0.67311 -0.73837)
(-0.58194 0.55318 -0.54759)
(-0.54726 0.50001 -0.47103)
(-0.52355 0.47432 -0.42656)
(-0.50390 0.44630 -0.38032)
(-0.36624 0.30513 -0.18179)
(-0.34043 0.26669 -0.12937)
(-0.29522 0.21719 -0.06397)
(-0.15850 0.10178 -0.00106)
(-0.01890 0.01121 0.00150)
(-0.07926 0.05134 0.01203)
(-0.01489 0.00933 0.00288)
(-0.15046 0.12293 -0.04276)
(-0.16159 0.12760 -0.05379)
(-0.22092 0.16702 -0.10417)
(-0.33869 0.23873 -0.20836)
(-0.36182 0.25622 -0.22641)
(-0.35812 0.25540 -0.22359)
(-0.38657 0.27719 -0.24532)
(-0.51620 0.41949 -0.34909)
(-0.46581 0.34888 -0.29914)
(-0.56545 0.46896 -0.37374)
(-0.62415 0.52989 -0.41553)
(-0.69882 0.66870 -0.48288)
(-0.71065 0.69199 -0.49139)
(-0.69005 0.75761 -0.53150)
(-0.67651 0.83044 -0.58618)
(-0.66010 0.83807 -0.59743)
(-0.65035 0.84148 -0.60612)
(-0.61522 0.83701 -0.63890)
(-0.52366 0.81810 -0.70794)
(-0.51275 0.80615 -0.71966)
(-0.50597 0.76480 -0.77098)
(-0.48479 0.71007 -0.80637)
(-0.51605 0.67133 -0.82875)
(-0.52238 0.66403 -0.83248)
(-0.54664 0.64513 -0.84293)
(-0.57594 0.63672 -0.85156)
(-0.59087 0.64180 -0.85237)
(-0.58863 0.64145 -0.85113)
(-0.65366 0.67337 -0.84773)
(-0.66327 0.68535 -0.82804)
(-0.68738 0.70652 -0.82546)
(-0.70024 0.71997 -0.81095)
(-0.68037 0.69638 -0.75308)
(-0.66723 0.68599 -0.74063)
(-0.66019 0.67643 -0.73238)
(-0.58234 0.58000 -0.58286)
(-0.54086 0.50112 -0.47091)
(-0.51883 0.47633 -0.42873)
(-0.49947 0.44773 -0.38220)
(-0.44317 0.40439 -0.31317)
(-0.34100 0.29003 -0.16150)
(-0.24690 0.18383 -0.03158)
(-0.06607 0.04657 0.00535)
(0.01360 -0.00891 -0.00213)
(-0.00477 0.00326 0.00061)
(-0.02774 0.04463 0.07050)
(-0.03507 0.05740 0.06387)
(-0.03546 0.05324 0.05766)
(-0.04668 0.06613 0.04977)
(-0.05179 0.06949 0.05331)
(-0.06297 0.07711 0.03996)
(-0.10392 0.09726 0.00086)
(-0.13859 0.11774 -0.03127)
(-0.13863 0.12022 -0.02993)
(-0.15065 0.12576 -0.04167)
(-0.16338 0.13158 -0.05434)
(-0.22850 0.17892 -0.10877)
(-0.31451 0.23198 -0.18428)
(-0.33769 0.25028 -0.18756)
(-0.46224 0.35241 -0.28600)
(-0.57037 0.46250 -0.37281)
(-0.61360 0.52531 -0.41344)
(-0.69900 0.65923 -0.47746)
(-0.70821 0.68289 -0.48669)
(-0.70336 0.73013 -0.51307)
(-0.69802 0.77425 -0.54390)
(-0.66733 0.83556 -0.59404)
(-0.65630 0.83932 -0.60372)
(-0.62728 0.82065 -0.65618)
(-0.56442 0.82170 -0.69362)
(-0.54139 0.79530 -0.73571)
(-0.53228 0.76666 -0.76873)
(-0.50269 0.72694 -0.79136)
(-0.51794 0.67753 -0.82720)
(-0.52659 0.67009 -0.83156)
(-0.54447 0.65822 -0.83893)
(-0.57718 0.64536 -0.84656)
(-0.58456 0.64187 -0.84522)
(-0.61656 0.65555 -0.84007)
(-0.65221 0.67444 -0.82926)
(-0.65812 0.68698 -0.81279)
(-0.67909 0.70305 -0.80854)
(-0.68686 0.71650 -0.79055)
(-0.68475 0.71081 -0.78527)
(-0.69220 0.70592 -0.77305)
(-0.66825 0.69106 -0.74323)
(-0.65379 0.68017 -0.72944)
(-0.65287 0.67532 -0.72691)
(-0.59733 0.62226 -0.64671)
(-0.53565 0.51863 -0.49805)
(-0.50402 0.53248 -0.49421)
(-0.46526 0.46010 -0.40001)
(-0.37096 0.38436 -0.25802)
(-0.34075 0.30980 -0.18085)
(-0.30140 0.25434 -0.11129)
(-0.27553 0.22721 -0.08657)
(-0.17058 0.13144 -0.00780)
(-0.03605 0.02592 0.00310)
(-0.00170 0.00267 0.00447)
(-0.00397 0.00702 0.01156)
(-0.03034 0.04738 0.06424)
(-0.03728 0.05406 0.06291)
(-0.03915 0.05063 0.06474)
(-0.04903 0.06270 0.05674)
(-0.05483 0.06815 0.05451)
(-0.06716 0.07220 0.04218)
(-0.09157 0.08906 0.02129)
(-0.09386 0.09004 0.01805)
(-0.14384 0.12457 -0.02911)
(-0.17329 0.13901 -0.04631)
(-0.20302 0.16095 -0.07683)
(-0.28016 0.21231 -0.14057)
(-0.31796 0.24174 -0.17491)
(-0.42064 0.31449 -0.25159)
(-0.44787 0.33665 -0.27013)
(-0.54821 0.43526 -0.35805)
(-0.60310 0.50535 -0.39504)
(-0.67077 0.60048 -0.45485)
(-0.66276 0.59587 -0.46749)
(-0.71690 0.71471 -0.52521)
(-0.69164 0.73458 -0.55752)
(-0.67736 0.80289 -0.59087)
(-0.66259 0.79478 -0.62013)
(-0.65552 0.79260 -0.64110)
(-0.59060 0.82382 -0.69041)
(-0.58346 0.79584 -0.71674)
(-0.57307 0.75933 -0.76460)
(-0.53921 0.73675 -0.78965)
(-0.55517 0.71066 -0.80524)
(-0.55485 0.68617 -0.82351)
(-0.54439 0.65693 -0.83748)
(-0.56674 0.65260 -0.83541)
(-0.59032 0.64981 -0.84157)
(-0.60979 0.65433 -0.83034)
(-0.64840 0.67373 -0.82582)
(-0.63048 0.66558 -0.80109)
(-0.66371 0.69592 -0.79752)
(-0.64180 0.69090 -0.75110)
(-0.63463 0.68124 -0.73514)
(-0.61852 0.66931 -0.70050)
(-0.55406 0.60419 -0.59926)
(-0.53858 0.61672 -0.60666)
(-0.51995 0.58754 -0.57921)
(-0.43794 0.50998 -0.44295)
(-0.40948 0.44545 -0.34816)
(-0.35597 0.39179 -0.25750)
(-0.30739 0.30189 -0.15008)
(-0.26102 0.26556 -0.11377)
(-0.14927 0.15142 -0.02390)
(-0.07310 0.07447 -0.00904)
(-0.02712 0.02760 -0.00266)
(-0.00128 0.00166 0.00353)
(-0.02686 0.03933 0.05356)
(-0.03706 0.04877 0.06757)
(-0.04229 0.04620 0.06695)
(-0.04381 0.04757 0.06584)
(-0.04691 0.05019 0.06359)
(-0.06074 0.07152 0.05198)
(-0.05461 0.05621 0.05916)
(-0.08940 0.08875 0.02781)
(-0.10920 0.10064 0.00964)
(-0.13452 0.11114 -0.00579)
(-0.15854 0.12736 -0.01640)
(-0.22204 0.17108 -0.07788)
(-0.29002 0.22266 -0.14650)
(-0.31317 0.23815 -0.15332)
(-0.39644 0.29909 -0.22764)
(-0.44644 0.34101 -0.24304)
(-0.52064 0.40045 -0.31913)
(-0.61665 0.52984 -0.41084)
(-0.64206 0.56515 -0.47607)
(-0.67952 0.64618 -0.51133)
(-0.67512 0.67847 -0.53405)
(-0.69579 0.76376 -0.57870)
(-0.68079 0.70316 -0.55620)
(-0.68567 0.78047 -0.60666)
(-0.66809 0.76918 -0.63858)
(-0.60003 0.81826 -0.68989)
(-0.60452 0.78651 -0.70751)
(-0.60891 0.73069 -0.75985)
(-0.57559 0.73124 -0.78328)
(-0.60905 0.71937 -0.76983)
(-0.56692 0.71377 -0.80395)
(-0.58132 0.69127 -0.82024)
(-0.57814 0.67399 -0.83117)
(-0.56858 0.66747 -0.83536)
(-0.58290 0.65996 -0.83391)
(-0.58989 0.65135 -0.83818)
(-0.58278 0.63851 -0.81226)
(-0.60048 0.65041 -0.82980)
(-0.60319 0.64750 -0.80472)
(-0.62010 0.65955 -0.79097)
(-0.62466 0.66759 -0.77794)
(-0.60629 0.65670 -0.77316)
(-0.58779 0.64966 -0.73085)
(-0.58612 0.65457 -0.70995)
(-0.58141 0.65447 -0.67465)
(-0.51580 0.60692 -0.57980)
(-0.49014 0.56654 -0.53640)
(-0.47163 0.57651 -0.53110)
(-0.43807 0.52480 -0.45936)
(-0.28262 0.38722 -0.24570)
(-0.32814 0.40430 -0.27192)
(-0.25261 0.34339 -0.18556)
(-0.25422 0.28500 -0.13031)
(-0.23164 0.25739 -0.10471)
(-0.24165 0.33328 -0.17233)
(-0.17682 0.19857 -0.07457)
(-0.02897 0.03451 -0.00132)
(-0.00038 0.00043 0.00100)
(-0.02473 0.02935 0.04434)
(-0.03216 0.03292 0.05151)
(-0.04557 0.04707 0.06555)
(-0.05029 0.05167 0.06224)
(-0.04931 0.04853 0.06395)
(-0.05343 0.05259 0.06125)
(-0.09094 0.08430 0.02865)
(-0.13447 0.11737 0.00938)
(-0.14901 0.11952 0.00083)
(-0.21386 0.17013 -0.05264)
(-0.24709 0.19099 -0.06771)
(-0.28701 0.21591 -0.10925)
(-0.36996 0.28215 -0.18547)
(-0.43499 0.32968 -0.23068)
(-0.46501 0.35502 -0.25898)
(-0.47696 0.36528 -0.26775)
(-0.59130 0.50503 -0.38640)
(-0.63122 0.54700 -0.46699)
(-0.64486 0.57689 -0.48618)
(-0.65333 0.60203 -0.50594)
(-0.65887 0.65021 -0.55168)
(-0.68275 0.70250 -0.59836)
(-0.66763 0.70639 -0.63506)
(-0.65038 0.75290 -0.66661)
(-0.63434 0.73482 -0.69173)
(-0.61964 0.72160 -0.75856)
(-0.61992 0.71334 -0.76513)
(-0.60962 0.71290 -0.77769)
(-0.60322 0.68790 -0.80278)
(-0.58544 0.67567 -0.82206)
(-0.57671 0.66444 -0.82943)
(-0.58839 0.64791 -0.82214)
(-0.58980 0.64535 -0.80858)
(-0.57727 0.62998 -0.78185)
(-0.57443 0.62829 -0.77323)
(-0.58974 0.64250 -0.75999)
(-0.57452 0.64017 -0.72335)
(-0.56591 0.63717 -0.70977)
(-0.54489 0.63920 -0.63998)
(-0.53424 0.62524 -0.64689)
(-0.53126 0.62151 -0.61823)
(-0.37826 0.51369 -0.42820)
(-0.41703 0.51668 -0.44224)
(-0.35976 0.49843 -0.40258)
(-0.30365 0.41509 -0.28314)
(-0.24717 0.36083 -0.20396)
(-0.23786 0.34187 -0.18143)
(-0.20874 0.26311 -0.10953)
(-0.15193 0.18575 -0.07325)
(-0.20538 0.30424 -0.14971)
(-0.03855 0.05148 -0.00878)
(-0.00758 0.01023 -0.00161)
(0.00045 -0.00046 -0.00144)
(-0.01534 0.01521 0.02667)
(-0.02097 0.01941 0.03905)
(-0.04547 0.04431 0.06657)
(-0.04995 0.04621 0.06474)
(-0.08303 0.07835 0.05539)
(-0.11412 0.09801 0.03036)
(-0.12891 0.10345 0.02370)
(-0.22005 0.17538 -0.02949)
(-0.22714 0.17844 -0.03007)
(-0.24305 0.18954 -0.04337)
(-0.32251 0.24032 -0.13545)
(-0.42086 0.31744 -0.21111)
(-0.44747 0.33983 -0.23911)
(-0.45730 0.34796 -0.24800)
(-0.55948 0.46179 -0.36530)
(-0.63011 0.55121 -0.47479)
(-0.61112 0.54060 -0.47769)
(-0.62167 0.56698 -0.51367)
(-0.65658 0.64498 -0.57634)
(-0.63794 0.63443 -0.60197)
(-0.65643 0.69812 -0.65622)
(-0.65464 0.69651 -0.66635)
(-0.64443 0.68202 -0.71497)
(-0.62764 0.70181 -0.75907)
(-0.61931 0.70715 -0.77161)
(-0.60941 0.67240 -0.78265)
(-0.60950 0.66685 -0.79112)
(-0.58118 0.65054 -0.80267)
(-0.60136 0.64248 -0.79466)
(-0.59089 0.63736 -0.79634)
(-0.58566 0.62881 -0.79802)
(-0.56246 0.61863 -0.77384)
(-0.56911 0.62427 -0.77786)
(-0.56410 0.62076 -0.76778)
(-0.55585 0.61571 -0.75508)
(-0.52418 0.60075 -0.69139)
(-0.55987 0.62938 -0.71452)
(-0.55021 0.62485 -0.70009)
(-0.48547 0.58476 -0.61161)
(-0.47370 0.58321 -0.56919)
(-0.45321 0.56777 -0.55063)
(-0.36539 0.50508 -0.41628)
(-0.34645 0.48947 -0.38916)
(-0.32922 0.46136 -0.33894)
(-0.32712 0.47299 -0.36179)
(-0.24084 0.36288 -0.20370)
(-0.23200 0.34641 -0.18507)
(-0.22541 0.34829 -0.18517)
(-0.17921 0.27929 -0.13638)
(-0.10151 0.15449 -0.06628)
(-0.01366 0.02303 -0.00531)
(0.00727 -0.01282 0.00266)
(0.00225 -0.00182 -0.00652)
(-0.00067 0.00059 0.00238)
(-0.01274 0.01145 0.03041)
(-0.03896 0.03612 0.07148)
(-0.04832 0.04000 0.07341)
(-0.07760 0.06712 0.05945)
(-0.08402 0.06761 0.06217)
(-0.09973 0.08012 0.05415)
(-0.14263 0.10958 0.02574)
(-0.20970 0.16566 -0.01719)
(-0.21731 0.17039 -0.01817)
(-0.23349 0.18183 -0.02955)
(-0.25031 0.18999 -0.03182)
(-0.27975 0.20667 -0.08869)
(-0.30083 0.21838 -0.09972)
(-0.42854 0.32397 -0.21648)
(-0.43648 0.33047 -0.22510)
(-0.47867 0.36431 -0.26330)
(-0.50438 0.39550 -0.32580)
(-0.57856 0.48676 -0.43500)
(-0.48337 0.39594 -0.31623)
(-0.58657 0.50713 -0.45574)
(-0.59851 0.54266 -0.47974)
(-0.62307 0.57561 -0.53378)
(-0.60140 0.56159 -0.54977)
(-0.65503 0.67589 -0.65002)
(-0.65480 0.67697 -0.65980)
(-0.64614 0.65716 -0.68709)
(-0.62426 0.63680 -0.70575)
(-0.62639 0.69777 -0.76427)
(-0.62941 0.62821 -0.72410)
(-0.62549 0.66596 -0.76981)
(-0.62148 0.64486 -0.77817)
(-0.60329 0.62384 -0.77967)
(-0.59144 0.63380 -0.79011)
(-0.58524 0.62852 -0.78788)
(-0.55046 0.59463 -0.76025)
(-0.51946 0.57819 -0.73844)
(-0.55629 0.61383 -0.76316)
(-0.54576 0.60716 -0.74838)
(-0.47020 0.55356 -0.65448)
(-0.47958 0.56439 -0.64559)
(-0.43395 0.53853 -0.57419)
(-0.40639 0.52650 -0.51750)
(-0.35968 0.50093 -0.43071)
(-0.31719 0.46328 -0.39818)
(-0.33612 0.48147 -0.38066)
(-0.31770 0.46533 -0.35326)
(-0.20731 0.35444 -0.21760)
(-0.22527 0.37207 -0.22165)
(-0.18118 0.32179 -0.16365)
(-0.20493 0.32858 -0.16234)
(-0.05435 0.09855 -0.03327)
(-0.04277 0.09336 -0.02605)
(-0.00085 0.00177 -0.00043)
(0.00294 -0.00256 -0.01057)
(-0.02182 0.01917 0.04902)
(-0.03911 0.03196 0.07260)
(0.00244 -0.00155 -0.00928)
(-0.00354 0.00248 0.01300)
(-0.04302 0.03634 0.08020)
(-0.04762 0.03985 0.07953)
(-0.05242 0.04319 0.07647)
(-0.05344 0.04234 0.08286)
(-0.09359 0.07363 0.06059)
(-0.12294 0.09471 0.05167)
(-0.15847 0.12337 0.02325)
(-0.12065 0.09426 0.05817)
(-0.15300 0.11936 0.03180)
(-0.22449 0.17534 -0.01851)
(-0.20529 0.14981 0.00228)
(-0.26957 0.19661 -0.06340)
(-0.33847 0.25490 -0.12407)
(-0.27064 0.20631 -0.05302)
(-0.33753 0.26333 -0.12383)
(-0.36293 0.28806 -0.16434)
(-0.43540 0.34731 -0.26043)
(-0.45208 0.35438 -0.28537)
(-0.49656 0.41930 -0.34478)
(-0.48910 0.44129 -0.36399)
(-0.58614 0.53778 -0.48685)
(-0.57053 0.53428 -0.51396)
(-0.64775 0.64184 -0.63091)
(-0.62829 0.63809 -0.62084)
(-0.62869 0.62541 -0.65895)
(-0.62739 0.58537 -0.67559)
(-0.62916 0.58881 -0.68149)
(-0.61405 0.61138 -0.73124)
(-0.61411 0.62110 -0.75593)
(-0.57760 0.57814 -0.73793)
(-0.55941 0.57280 -0.74683)
(-0.58377 0.61174 -0.78196)
(-0.58140 0.61699 -0.79085)
(-0.53007 0.56526 -0.74714)
(-0.51104 0.55287 -0.73995)
(-0.45831 0.51486 -0.67538)
(-0.50278 0.56646 -0.71437)
(-0.46029 0.54282 -0.65643)
(-0.40143 0.50660 -0.58656)
(-0.38518 0.49120 -0.55191)
(-0.40039 0.51084 -0.54955)
(-0.36566 0.48904 -0.47828)
(-0.35459 0.47614 -0.48642)
(-0.30807 0.44941 -0.39897)
(-0.31929 0.46788 -0.38051)
(-0.27993 0.42446 -0.35489)
(-0.23764 0.38433 -0.28662)
(-0.31107 0.45922 -0.34904)
(-0.23660 0.38443 -0.25405)
(-0.17579 0.31588 -0.17058)
(-0.12803 0.27707 -0.10337)
(-0.13101 0.26955 -0.09781)
(-0.04524 0.10016 -0.02773)
(0.00318 -0.00749 0.00181)
(-0.00461 0.01053 -0.00267)
(-0.00206 0.00171 0.00665)
(-0.01970 0.01489 0.05024)
(-0.02225 0.01799 0.06324)
(-0.03655 0.02830 0.09190)
(-0.04090 0.03169 0.09329)
(-0.10258 0.08171 0.06326)
(-0.08786 0.06334 0.07810)
(-0.12703 0.09580 0.06549)
(-0.12262 0.08565 0.06936)
(-0.20540 0.15743 0.00075)
(-0.21722 0.16883 -0.00516)
(-0.26819 0.20773 -0.05794)
(-0.23449 0.19640 -0.05555)
(-0.35318 0.28688 -0.16986)
(-0.31537 0.27158 -0.16107)
(-0.43354 0.36490 -0.28053)
(-0.41288 0.37230 -0.30744)
(-0.43511 0.39308 -0.34409)
(-0.43809 0.39996 -0.35190)
(-0.57498 0.53939 -0.52309)
(-0.48852 0.44610 -0.43157)
(-0.57694 0.53990 -0.56563)
(-0.59556 0.56568 -0.60505)
(-0.59156 0.55491 -0.61999)
(-0.57632 0.54574 -0.62040)
(-0.56549 0.52231 -0.64341)
(-0.60639 0.57957 -0.70029)
(-0.56321 0.53996 -0.69319)
(-0.55968 0.54517 -0.70657)
(-0.54954 0.52903 -0.70556)
(-0.50983 0.50734 -0.71932)
(-0.52416 0.53236 -0.73519)
(-0.51416 0.53071 -0.72654)
(-0.48697 0.51140 -0.69348)
(-0.46706 0.50716 -0.68150)
(-0.41164 0.47315 -0.62325)
(-0.44350 0.50992 -0.64168)
(-0.39838 0.48175 -0.58379)
(-0.37848 0.47901 -0.55505)
(-0.30918 0.42952 -0.44962)
(-0.24654 0.37428 -0.37355)
(-0.29237 0.42244 -0.41083)
(-0.27410 0.41648 -0.35193)
(-0.22040 0.37193 -0.27854)
(-0.16901 0.31815 -0.20626)
(-0.14770 0.29138 -0.13736)
(-0.15467 0.28986 -0.15998)
(-0.12309 0.26576 -0.10049)
(-0.11863 0.25822 -0.09468)
(-0.08161 0.18313 -0.06178)
(-0.02968 0.07140 -0.01932)
(0.00124 -0.00366 0.00051)
(0.01028 -0.02385 0.00582)
(-0.00239 0.00201 0.00751)
(-0.01107 0.00915 0.03334)
(-0.01494 0.01279 0.04519)
(-0.03498 0.02863 0.09412)
(-0.03941 0.03210 0.09604)
(-0.06249 0.04939 0.08781)
(-0.03689 0.03058 0.09614)
(-0.06750 0.05384 0.09112)
(-0.09321 0.06821 0.08108)
(-0.11069 0.07751 0.07611)
(-0.09168 0.06835 0.08060)
(-0.11259 0.07920 0.07558)
(-0.13658 0.10636 0.05560)
(-0.15041 0.12159 0.02757)
(-0.18980 0.15612 0.00146)
(-0.20585 0.18737 -0.04134)
(-0.22976 0.20686 -0.06768)
(-0.22836 0.20963 -0.07160)
(-0.33304 0.29297 -0.19225)
(-0.38971 0.35871 -0.27983)
(-0.41165 0.37760 -0.31247)
(-0.41146 0.38222 -0.31689)
(-0.42334 0.39481 -0.33562)
(-0.53287 0.49220 -0.51643)
(-0.54174 0.50254 -0.54007)
(-0.53020 0.48661 -0.54696)
(-0.52205 0.48261 -0.54645)
(-0.51793 0.48290 -0.57750)
(-0.52054 0.48267 -0.63024)
(-0.51432 0.47799 -0.63300)
(-0.50916 0.47294 -0.63452)
(-0.50134 0.48718 -0.68264)
(-0.49580 0.49522 -0.71143)
(-0.47590 0.48487 -0.68699)
(-0.41610 0.44418 -0.62711)
(-0.40023 0.43968 -0.59792)
(-0.32071 0.38034 -0.50159)
(-0.35913 0.43058 -0.55574)
(-0.30877 0.37482 -0.48560)
(-0.30852 0.38716 -0.47712)
(-0.29462 0.41005 -0.44727)
(-0.24470 0.36953 -0.37689)
(-0.23219 0.35925 -0.35552)
(-0.23343 0.36384 -0.35075)
(-0.21983 0.34900 -0.33424)
(-0.20471 0.33976 -0.28877)
(-0.17686 0.30952 -0.20857)
(-0.13914 0.25514 -0.15792)
(-0.14971 0.27459 -0.15682)
(-0.13569 0.26863 -0.13945)
(-0.09603 0.21505 -0.08680)
(-0.06877 0.15811 -0.05682)
(-0.04436 0.10858 -0.02873)
(-0.00456 0.01392 -0.00152)
(0.00172 -0.00688 -0.00078)
(-0.00376 0.00331 0.01210)
(-0.00329 0.00299 0.01087)
(-0.02239 0.01939 0.06632)
(-0.03499 0.02993 0.09855)
(-0.06257 0.05044 0.09233)
(-0.04596 0.04343 0.09189)
(-0.05092 0.04700 0.08993)
(-0.06053 0.05291 0.08521)
(-0.08711 0.07967 0.06555)
(-0.07179 0.07575 0.06879)
(-0.14873 0.12987 0.02394)
(-0.16949 0.15858 -0.01409)
(-0.20325 0.18915 -0.04638)
(-0.20173 0.19189 -0.05000)
(-0.22504 0.21146 -0.07231)
(-0.25874 0.25375 -0.13294)
(-0.38461 0.35991 -0.27918)
(-0.38093 0.36158 -0.27935)
(-0.37020 0.36523 -0.28156)
(-0.44815 0.42734 -0.40687)
(-0.47652 0.45086 -0.45355)
(-0.45506 0.42848 -0.45033)
(-0.45447 0.42672 -0.45920)
(-0.45167 0.42293 -0.46376)
(-0.50413 0.46624 -0.61074)
(-0.45362 0.42819 -0.52853)
(-0.49758 0.46047 -0.61265)
(-0.49166 0.45484 -0.61549)
(-0.45735 0.43348 -0.62066)
(-0.40916 0.38934 -0.57578)
(-0.41943 0.39894 -0.60681)
(-0.48192 0.48442 -0.70403)
(-0.41321 0.42088 -0.62246)
(-0.35777 0.35024 -0.54262)
(-0.39370 0.42136 -0.60495)
(-0.31437 0.36883 -0.49757)
(-0.30323 0.36337 -0.48107)
(-0.29288 0.35907 -0.46649)
(-0.26594 0.34054 -0.42742)
(-0.24119 0.36402 -0.37783)
(-0.23052 0.35466 -0.35946)
(-0.21922 0.33097 -0.34979)
(-0.21924 0.34527 -0.33994)
(-0.16390 0.28547 -0.20985)
(-0.17545 0.29482 -0.26937)
(-0.14475 0.25601 -0.18255)
(-0.12080 0.22412 -0.13243)
(-0.12857 0.23826 -0.15919)
(-0.08440 0.16683 -0.06212)
(-0.07910 0.15889 -0.05134)
(-0.02161 0.05832 -0.01327)
(-0.02552 0.05147 -0.01482)
(-0.00343 0.00939 -0.00194)
(-0.01785 0.01580 0.05503)
(-0.00431 0.00397 0.01439)
(-0.00953 0.01378 0.05484)
(-0.02960 0.02858 0.10189)
(-0.03907 0.04168 0.10060)
(-0.04899 0.04712 0.09398)
(-0.04713 0.04808 0.08878)
(-0.06193 0.06804 0.07420)
(-0.05784 0.06584 0.07302)
(-0.08457 0.08518 0.06541)
(-0.08405 0.09415 0.05242)
(-0.17713 0.17224 -0.03124)
(-0.19231 0.19629 -0.05755)
(-0.27340 0.28061 -0.16189)
(-0.23111 0.25982 -0.13001)
(-0.29010 0.30995 -0.18772)
(-0.40427 0.39752 -0.34922)
(-0.40938 0.40549 -0.35994)
(-0.42071 0.40778 -0.40091)
(-0.43252 0.41091 -0.42915)
(-0.43058 0.40678 -0.43697)
(-0.40416 0.38269 -0.46207)
(-0.47795 0.44189 -0.58801)
(-0.38251 0.35650 -0.46001)
(-0.39782 0.36556 -0.49835)
(-0.47333 0.43713 -0.59296)
(-0.41602 0.38003 -0.54506)
(-0.38820 0.35655 -0.54438)
(-0.35883 0.33027 -0.52434)
(-0.34442 0.32211 -0.51199)
(-0.32147 0.31362 -0.48816)
(-0.34565 0.35334 -0.53940)
(-0.29680 0.31003 -0.47459)
(-0.30307 0.34153 -0.49563)
(-0.29754 0.35190 -0.47677)
(-0.28541 0.34246 -0.45894)
(-0.27373 0.33410 -0.44248)
(-0.27725 0.34387 -0.44669)
(-0.22898 0.30789 -0.38169)
(-0.18770 0.28578 -0.30358)
(-0.21736 0.34035 -0.34383)
(-0.16646 0.27374 -0.26879)
(-0.16219 0.26896 -0.24658)
(-0.14441 0.25026 -0.19309)
(-0.10996 0.21010 -0.15726)
(-0.09569 0.18892 -0.10359)
(-0.06653 0.13191 -0.04613)
(-0.05711 0.11578 -0.05063)
(-0.05038 0.10000 -0.03380)
(-0.01306 0.02595 -0.00801)
(-0.00442 0.00892 -0.00243)
(-0.00006 0.00017 0.00072)
(-0.00191 0.00470 0.01947)
(-0.00053 0.00103 0.00399)
(-0.01729 0.01985 0.07557)
(-0.03916 0.04481 0.09415)
(-0.00159 0.01576 0.05775)
(-0.01652 0.02884 0.10230)
(-0.02433 0.04456 0.09107)
(-0.05059 0.06061 0.07555)
(-0.03097 0.04809 0.07209)
(-0.05185 0.05877 0.07322)
(-0.03908 0.06138 0.06160)
(-0.06898 0.09154 0.04611)
(-0.05736 0.09087 0.04389)
(-0.10710 0.13955 0.00109)
(-0.10591 0.14736 0.00077)
(-0.15965 0.20433 -0.04329)
(-0.15682 0.20474 -0.03998)
(-0.18176 0.23177 -0.07184)
(-0.31028 0.33485 -0.23113)
(-0.22877 0.27302 -0.14000)
(-0.32234 0.34769 -0.25996)
(-0.33222 0.34713 -0.28468)
(-0.34213 0.34962 -0.31424)
(-0.37869 0.36344 -0.37787)
(-0.32977 0.32649 -0.34747)
(-0.30496 0.29288 -0.34595)
(-0.28776 0.27279 -0.35856)
(-0.28446 0.26013 -0.37640)
(-0.32506 0.29355 -0.43577)
(-0.32968 0.29699 -0.47909)
(-0.28302 0.25665 -0.38719)
(-0.30908 0.27903 -0.48088)
(-0.30728 0.28250 -0.45927)
(-0.26574 0.26164 -0.42470)
(-0.28682 0.28609 -0.45042)
(-0.22532 0.25167 -0.39066)
(-0.21795 0.24740 -0.37877)
(-0.22876 0.27723 -0.38713)
(-0.17847 0.24325 -0.33025)
(-0.19168 0.26606 -0.32791)
(-0.16214 0.25195 -0.28757)
(-0.13456 0.22678 -0.25981)
(-0.14431 0.24199 -0.25497)
(-0.12376 0.22477 -0.21562)
(-0.10212 0.19883 -0.17549)
(-0.10731 0.19867 -0.14890)
(-0.08779 0.17852 -0.12305)
(-0.05202 0.10811 -0.07140)
(-0.05259 0.10968 -0.06834)
(-0.01254 0.02754 -0.01667)
(-0.01031 0.02175 -0.00832)
(-0.00059 -0.00553 -0.01853)
(-0.00000 0.00053 0.00195)
(-0.00208 0.02275 0.07695)
(-0.00019 -0.00027 -0.00117)
(0.00384 0.00607 0.02619)
(0.01647 0.01751 0.08578)
(0.01426 0.02008 0.09387)
(0.00451 0.03226 0.07730)
(0.02041 0.01910 0.09149)
(0.01833 0.01946 0.09103)
(-0.01129 0.04578 0.06441)
(-0.01533 0.06080 0.05765)
(-0.04238 0.09110 0.04581)
(-0.03919 0.09528 0.04806)
(-0.11674 0.16990 -0.02131)
(-0.10083 0.15947 -0.01099)
(-0.10563 0.17505 -0.01867)
(-0.11241 0.18475 -0.02628)
(-0.20469 0.25581 -0.12186)
(-0.11918 0.19049 -0.03494)
(-0.26510 0.29514 -0.20908)
(-0.27225 0.29824 -0.22718)
(-0.24014 0.26534 -0.21167)
(-0.25446 0.26815 -0.25328)
(-0.24212 0.24803 -0.26880)
(-0.25225 0.24655 -0.30254)
(-0.22474 0.21101 -0.28026)
(-0.18739 0.17354 -0.26491)
(-0.13521 0.11909 -0.21707)
(-0.27520 0.25020 -0.42168)
(-0.25450 0.22985 -0.39641)
(-0.15310 0.13920 -0.25741)
(-0.17032 0.15162 -0.28653)
(-0.20479 0.19276 -0.34143)
(-0.17611 0.17443 -0.30899)
(-0.12998 0.12911 -0.25487)
(-0.12615 0.12981 -0.25227)
(-0.15770 0.16283 -0.29118)
(-0.20852 0.23435 -0.36446)
(-0.16463 0.18122 -0.30026)
(-0.15204 0.19227 -0.29399)
(-0.16443 0.21790 -0.31727)
(-0.12385 0.17744 -0.26038)
(-0.13352 0.19230 -0.24907)
(-0.12003 0.20334 -0.23548)
(-0.13217 0.22179 -0.25135)
(-0.09751 0.17766 -0.19123)
(-0.10441 0.19296 -0.19665)
(-0.05506 0.13136 -0.10996)
(-0.03092 0.08743 -0.07982)
(-0.01702 0.05076 -0.04375)
(-0.01429 0.03634 -0.02773)
(-0.00549 0.01302 -0.00899)
(0.00133 -0.00307 0.00154)
(0.00381 -0.00992 0.00686)
(0.00367 -0.00848 0.00422)
(-0.00241 -0.00325 -0.01398)
(0.00128 0.00108 0.00531)
(0.01027 0.00949 0.04716)
(-0.00433 -0.00299 -0.01479)
(0.00828 0.00620 0.03010)
(0.01856 0.01544 0.07517)
(0.03002 0.01778 0.08539)
(0.01987 0.01410 0.06766)
(0.02396 0.01774 0.08499)
(0.02530 0.03846 0.07337)
(0.01620 0.04476 0.06890)
(0.00723 0.06862 0.06613)
(-0.02979 0.09950 0.04799)
(0.00041 0.08601 0.05810)
(-0.05051 0.13138 0.01726)
(-0.09207 0.16825 -0.00882)
(-0.09661 0.17195 -0.01419)
(-0.10195 0.17562 -0.02003)
(-0.12518 0.19461 -0.04176)
(-0.19654 0.24449 -0.13659)
(-0.18513 0.22748 -0.14267)
(-0.19712 0.23328 -0.17473)
(-0.18945 0.21256 -0.18887)
(-0.16469 0.18141 -0.19626)
(-0.15282 0.16221 -0.19342)
(-0.11785 0.11473 -0.17980)
(-0.09531 0.08989 -0.15893)
(-0.09455 0.08632 -0.16234)
(-0.11153 0.10456 -0.19759)
(-0.11680 0.11403 -0.23305)
(-0.11378 0.11451 -0.23099)
(-0.10003 0.10258 -0.21193)
(-0.10687 0.11265 -0.22442)
(-0.11215 0.12273 -0.23522)
(-0.08981 0.11517 -0.19552)
(-0.06818 0.09689 -0.16248)
(-0.08307 0.12494 -0.19140)
(-0.11294 0.16147 -0.22388)
(-0.08028 0.13001 -0.17336)
(-0.07730 0.13498 -0.16647)
(-0.07633 0.14083 -0.16360)
(-0.07940 0.15643 -0.18005)
(-0.03693 0.09424 -0.10206)
(-0.01427 0.04397 -0.04059)
(-0.00670 0.02105 -0.01868)
(0.00021 -0.00067 0.00057)
(0.00233 -0.00781 0.00685)
(0.00308 -0.01003 0.00851)
(-0.00008 -0.00005 -0.00026)
(-0.00136 -0.00087 -0.00326)
(0.00619 0.00407 0.01915)
(0.03697 0.01479 0.06465)
(0.02187 0.00735 0.02773)
(0.03873 0.03708 0.07038)
(0.02460 0.04735 0.07201)
(0.02018 0.06596 0.06589)
(0.03836 0.05207 0.07341)
(0.02004 0.06923 0.06704)
(0.01510 0.07400 0.06528)
(0.01237 0.07841 0.06629)
(-0.02336 0.11197 0.04436)
(-0.07597 0.15477 0.00378)
(-0.08109 0.15837 -0.00128)
(-0.08488 0.16011 -0.00515)
(-0.10577 0.17738 -0.02413)
(-0.11969 0.17640 -0.06163)
(-0.10852 0.16778 -0.07729)
(-0.11721 0.16723 -0.11272)
(-0.09813 0.14096 -0.11247)
(-0.09849 0.11611 -0.12629)
(-0.09771 0.11359 -0.13242)
(-0.07799 0.07713 -0.13372)
(-0.07646 0.07289 -0.13534)
(-0.06026 0.05828 -0.11505)
(-0.06699 0.06098 -0.12520)
(-0.06943 0.06561 -0.13590)
(-0.09986 0.09887 -0.20892)
(-0.04002 0.03666 -0.10700)
(-0.08413 0.08495 -0.18764)
(-0.08711 0.09174 -0.19503)
(-0.04951 0.06639 -0.14078)
(-0.04507 0.06917 -0.13068)
(-0.05591 0.08734 -0.14692)
(-0.04801 0.08118 -0.13701)
(-0.02876 0.07073 -0.08819)
(-0.03561 0.08071 -0.09649)
(-0.02844 0.07185 -0.08398)
(-0.01446 0.04090 -0.04676)
(-0.00812 0.02304 -0.02521)
(-0.00504 0.01581 -0.01653)
(-0.00032 0.00111 -0.00100)
(0.00138 -0.00639 0.00612)
(0.00232 -0.00812 0.00732)
(0.00516 0.00176 0.00648)
(0.01198 0.00510 0.01544)
(0.03182 0.01364 0.04160)
(0.01547 0.00789 0.01758)
(0.02795 0.03284 0.04954)
(0.02531 0.05704 0.06365)
(0.01516 0.01947 0.02827)
(0.01679 0.03868 0.04303)
(0.02378 0.06830 0.07030)
(0.02127 0.07195 0.07185)
(-0.00165 0.09600 0.06208)
(0.01343 0.07961 0.07401)
(-0.02169 0.11185 0.04962)
(-0.06996 0.14883 0.00842)
(-0.00640 0.10886 0.04792)
(-0.00631 0.10481 0.04349)
(-0.05784 0.13452 -0.00001)
(-0.07116 0.14094 -0.03101)
(-0.02639 0.10278 0.00505)
(-0.04276 0.10890 -0.02392)
(-0.04028 0.09296 -0.04122)
(-0.03039 0.08647 -0.03134)
(-0.02880 0.08126 -0.03622)
(-0.03777 0.08196 -0.04381)
(-0.04357 0.08064 -0.05806)
(-0.05641 0.06568 -0.09673)
(-0.00576 0.03979 -0.03253)
(-0.05403 0.05676 -0.10502)
(-0.04729 0.04746 -0.09868)
(-0.01753 0.01547 -0.06774)
(0.00404 0.00147 -0.05871)
(-0.01657 0.02696 -0.09561)
(0.02693 -0.01976 -0.02632)
(0.02930 -0.01304 -0.02820)
(0.01030 0.00856 -0.05870)
(0.00198 0.01522 -0.05999)
(0.00993 0.00730 -0.03890)
(0.01099 0.01442 -0.03735)
(-0.00805 0.04304 -0.06878)
(-0.01641 0.04872 -0.05894)
(0.00252 0.00978 -0.01442)
(-0.00360 0.01351 -0.01566)
(-0.00341 0.01120 -0.01245)
(0.00075 -0.00237 0.00255)
(0.00308 0.00156 0.00348)
(0.00981 0.00531 0.01036)
(0.00776 0.00679 0.01050)
(0.00469 0.00405 0.00585)
(0.00893 0.00914 0.01403)
(0.02010 0.04988 0.05316)
(0.02113 0.06926 0.06043)
(0.01361 0.01412 0.02504)
(0.01903 0.03145 0.03802)
(0.00969 0.05897 0.03913)
(0.01832 0.08654 0.05056)
(0.01455 0.05331 0.03355)
(0.00711 0.08625 0.04497)
(-0.00245 0.08686 0.03472)
(0.02305 0.07718 0.03753)
(0.01675 0.06516 0.03432)
(-0.00816 0.07874 -0.00911)
(-0.01163 0.06703 -0.02257)
(0.02582 0.04583 0.00153)
(0.03088 0.03093 0.00419)
(0.02618 0.02732 -0.00578)
(0.03330 0.02066 0.00314)
(0.06725 -0.00683 0.02329)
(0.00759 0.02334 -0.02967)
(0.03910 -0.00857 0.00727)
(0.04385 -0.01041 0.01321)
(0.03808 -0.02812 0.01219)
(0.04674 -0.04562 0.02540)
(0.03349 -0.02512 0.00090)
(0.01603 -0.01470 0.00818)
(0.01813 -0.01350 0.00760)
(0.00862 -0.00389 -0.00080)
(0.01044 -0.00337 -0.00378)
(-0.00069 0.00023 0.00001)
(0.00307 0.00019 -0.00155)
(0.00097 0.00074 -0.00128)
(-0.01257 -0.01127 -0.01644)
(-0.00878 -0.00870 -0.01567)
(0.00973 0.00927 0.01372)
(-0.00904 -0.00827 -0.01234)
(-0.00355 -0.00317 -0.00422)
(0.00908 0.02851 0.01878)
(0.02113 0.02758 0.02126)
(-0.00056 -0.00039 -0.00047)
(-0.00041 -0.00031 -0.00032)
(0.01700 0.02719 0.01698)
(0.02703 0.04193 0.02649)
(0.01103 0.00743 0.00813)
(0.03170 0.01553 0.01906)
(0.05311 0.02250 0.03120)
(0.01936 0.00803 0.01114)
(0.03027 0.00765 0.01600)
(0.03755 -0.00228 0.01755)
(0.04561 -0.00502 0.01710)
(0.00512 -0.00042 0.00262)
(0.00863 -0.00115 0.00354)
(-0.00138 0.00035 -0.00060)
(0.02952 -0.00696 0.00944)
(0.01891 -0.00759 0.00749)
(-0.01062 0.00419 -0.00448)
(-0.00470 0.00264 -0.00203)
(-0.00877 0.00369 -0.00373)
(-0.00744 0.00357 -0.00135)
(0.00416 0.00200 0.00243)
(0.00709 0.00293 0.00404)
(0.00743 0.00195 0.00356)
(-0.00314 0.00031 -0.00171)
)