/*--------------------------------*- C++ -*----------------------------------*\ 
| =========                 |                                                 | 
| \\      /  F ield         | OpenFOAM: The Open Source CFD Toolbox           | 
|  \\    /   O peration     | Version:  4.0                                   | 
|   \\  /    A nd           | Web:      www.OpenFOAM.org                      | 
|    \\/     M anipulation  |                                                 | 
\*---------------------------------------------------------------------------*/ 
FoamFile 
{ 
    version     2.0; 
    format      ascii; 
    class       vectorAverageField; 
    object      values; 
} 
// * * * * * * * * * * * * * * * * * * * * * * * * * * * * * * * * * * * * * // 
 
// Average 
(0 0 0) 
 
// Velocity data on points 
2447
(
(0.00159 0.00172 0.00125)
(-0.00161 -0.00013 -0.00259)
(-0.00542 0.00137 -0.01145)
(-0.00055 0.00021 -0.00472)
(0.00057 -0.00083 0.00853)
(-0.01005 0.00552 -0.04105)
(-0.00114 0.00162 -0.01569)
(-0.00644 0.02107 -0.06945)
(-0.00054 0.00210 -0.00701)
(0.00067 -0.00329 0.01042)
(-0.00376 0.01517 -0.04734)
(-0.00057 0.00324 -0.00974)
(-0.00088 -0.00283 0.00793)
(-0.00097 0.02239 -0.05782)
(0.00078 0.00094 -0.00237)
(-0.00266 -0.00289 0.00694)
(0.00856 0.01077 -0.02559)
(0.00054 0.00082 -0.00156)
(-0.00530 -0.00748 0.01091)
(0.00107 0.00153 -0.00224)
(0.00165 0.00608 -0.00160)
(-0.00065 -0.00123 0.00013)
(0.00057 0.00088 0.00010)
(0.00014 0.00042 0.00016)
(0.00086 -0.02217 -0.00637)
(-0.00423 -0.01302 -0.00948)
(-0.01779 -0.00016 -0.03937)
(-0.02618 0.00943 -0.05478)
(-0.03991 0.00561 -0.08672)
(-0.04906 0.01900 -0.10299)
(-0.02790 0.01650 -0.10972)
(-0.00869 0.02377 -0.11041)
(-0.03853 0.04629 -0.17996)
(-0.01927 0.05085 -0.16341)
(-0.01399 0.04474 -0.13642)
(-0.00947 0.03870 -0.11293)
(-0.02386 0.06488 -0.19389)
(-0.01910 0.06701 -0.19177)
(-0.01081 0.08536 -0.21599)
(-0.00400 0.04834 -0.12372)
(0.00829 0.04175 -0.10097)
(-0.02554 0.14333 -0.32480)
(-0.01929 0.13000 -0.29076)
(0.01139 0.06861 -0.13760)
(0.01152 0.04887 -0.08747)
(0.02015 0.11954 -0.21158)
(0.02676 0.04368 -0.06351)
(0.00975 0.01415 -0.01912)
(0.02880 0.09732 -0.14552)
(0.00881 0.01277 -0.01516)
(-0.00175 -0.00202 0.00188)
(0.00118 0.00339 -0.00314)
(0.00008 -0.00190 0.00133)
(-0.00032 -0.00667 0.00406)
(-0.00680 -0.01420 0.00598)
(-0.01817 -0.03662 0.01599)
(-0.01219 -0.02891 0.00159)
(0.00844 -0.04925 -0.01566)
(-0.02816 -0.03068 -0.04228)
(-0.02905 -0.01740 -0.05726)
(-0.04679 0.00670 -0.08636)
(-0.06639 0.04018 -0.18349)
(-0.07655 0.05994 -0.23960)
(-0.06254 0.06820 -0.24986)
(-0.06067 0.09015 -0.28162)
(-0.07395 0.07831 -0.27279)
(-0.08501 0.09745 -0.30527)
(-0.06242 0.09886 -0.29626)
(-0.04524 0.10590 -0.29351)
(-0.08855 0.16453 -0.41971)
(-0.05071 0.16981 -0.40027)
(-0.05300 0.18751 -0.42427)
(-0.05001 0.19257 -0.44783)
(-0.03550 0.19265 -0.39963)
(-0.01130 0.18547 -0.35568)
(0.01646 0.18006 -0.29759)
(-0.01859 0.22350 -0.39889)
(0.04148 0.20427 -0.30559)
(0.05801 0.12881 -0.17448)
(0.03884 0.07877 -0.10246)
(0.03956 0.22842 -0.33729)
(0.05195 0.14887 -0.19912)
(0.03579 0.05644 -0.06087)
(0.00282 0.00320 -0.00284)
(0.02311 0.03380 -0.03055)
(-0.00943 -0.01208 0.00968)
(-0.01882 -0.02315 0.01785)
(0.00010 0.00012 -0.00019)
(-0.00304 -0.00483 0.00603)
(-0.00377 -0.01725 0.01603)
(0.00473 -0.03616 0.02647)
(-0.00174 -0.05229 0.04678)
(0.00470 -0.05481 0.04182)
(-0.00085 -0.06463 0.05511)
(-0.02181 -0.05002 0.03338)
(-0.02478 -0.04400 0.02020)
(-0.01789 -0.04546 0.01209)
(-0.06922 -0.01989 -0.00962)
(-0.05298 -0.02202 -0.02770)
(-0.04753 -0.01821 -0.05457)
(-0.06287 0.00750 -0.11513)
(-0.07683 0.02372 -0.14795)
(-0.10239 0.05722 -0.24120)
(-0.11303 0.07179 -0.27532)
(-0.12289 0.09076 -0.31307)
(-0.09424 0.09702 -0.32105)
(-0.13553 0.15498 -0.41701)
(-0.13563 0.17591 -0.46155)
(-0.12447 0.20508 -0.49375)
(-0.08711 0.20200 -0.48309)
(-0.06349 0.19971 -0.45080)
(-0.07987 0.24296 -0.50067)
(-0.08271 0.28016 -0.53840)
(-0.09063 0.31456 -0.59120)
(0.00397 0.23880 -0.38469)
(-0.05442 0.29913 -0.53787)
(0.03014 0.24269 -0.36395)
(0.06050 0.24816 -0.34545)
(0.04908 0.25151 -0.34045)
(0.05523 0.23618 -0.31135)
(0.05901 0.14110 -0.16268)
(0.02534 0.03309 -0.02933)
(0.09032 0.21754 -0.26370)
(0.07300 0.12925 -0.13718)
(0.01363 0.01672 -0.01370)
(0.00438 0.00538 -0.00423)
(0.00231 0.00128 -0.00336)
(-0.00423 -0.00564 0.00941)
(-0.00937 -0.01516 0.02281)
(-0.01675 -0.03346 0.04409)
(-0.02439 -0.03679 0.05749)
(-0.02851 -0.04727 0.07124)
(-0.02127 -0.05437 0.06506)
(-0.02217 -0.05491 0.06213)
(-0.04407 -0.04048 0.04779)
(-0.07920 -0.01583 -0.00372)
(-0.07942 -0.01372 -0.01408)
(-0.08333 -0.00923 -0.02713)
(-0.09181 -0.00580 -0.02286)
(-0.09830 0.00046 -0.03873)
(-0.08719 0.01761 -0.11794)
(-0.12142 0.06718 -0.25409)
(-0.12455 0.07519 -0.27727)
(-0.12779 0.08502 -0.30577)
(-0.13405 0.11474 -0.37854)
(-0.17862 0.18082 -0.48794)
(-0.14960 0.17396 -0.47334)
(-0.15693 0.22803 -0.55853)
(-0.18739 0.28110 -0.64503)
(-0.16021 0.27381 -0.61109)
(-0.15168 0.29019 -0.64369)
(-0.11986 0.32875 -0.64291)
(-0.11513 0.33371 -0.63906)
(-0.10682 0.33580 -0.63036)
(-0.09715 0.33758 -0.62179)
(-0.04445 0.32339 -0.53031)
(0.04134 0.25959 -0.35887)
(0.04893 0.25345 -0.34054)
(0.03808 0.26220 -0.36301)
(0.06929 0.25261 -0.33341)
(0.09297 0.21712 -0.25295)
(0.08307 0.26777 -0.34159)
(0.08223 0.18189 -0.19980)
(0.05610 0.07377 -0.06434)
(0.00601 0.00764 -0.00646)
(0.10171 0.15676 -0.14862)
(0.02462 0.03516 -0.03160)
(0.00141 0.00195 -0.00172)
(-0.00389 -0.00122 0.00555)
(-0.00952 -0.00689 0.01833)
(-0.02180 -0.03200 0.06527)
(-0.02240 -0.03300 0.06982)
(-0.03454 -0.04362 0.09584)
(-0.03739 -0.04880 0.09968)
(-0.03910 -0.04983 0.10058)
(-0.04222 -0.04740 0.10339)
(-0.04571 -0.04726 0.10423)
(-0.03340 -0.04753 0.07659)
(-0.07810 -0.01826 0.00654)
(-0.09008 -0.01138 0.00152)
(-0.09759 -0.00456 -0.01539)
(-0.10553 0.00311 -0.03527)
(-0.11428 0.01121 -0.05585)
(-0.16761 0.07337 -0.21907)
(-0.13737 0.08002 -0.28310)
(-0.21762 0.12188 -0.31546)
(-0.19993 0.12947 -0.36549)
(-0.14672 0.09443 -0.32712)
(-0.14212 0.09784 -0.34100)
(-0.21142 0.20140 -0.51185)
(-0.25721 0.22304 -0.54677)
(-0.26732 0.25086 -0.63637)
(-0.21370 0.21824 -0.55659)
(-0.20602 0.26297 -0.62711)
(-0.25778 0.33831 -0.75223)
(-0.25423 0.34620 -0.75922)
(-0.25242 0.35398 -0.76754)
(-0.15649 0.32683 -0.68714)
(-0.13965 0.35027 -0.68378)
(-0.13264 0.35213 -0.67565)
(-0.12338 0.35285 -0.66612)
(-0.10977 0.36015 -0.64878)
(-0.04945 0.33923 -0.54816)
(-0.02109 0.34577 -0.55029)
(0.01959 0.29865 -0.43653)
(0.04367 0.31396 -0.44830)
(0.06894 0.28206 -0.35936)
(0.08663 0.27077 -0.32938)
(0.13830 0.23171 -0.22938)
(0.09043 0.13949 -0.13192)
(0.10847 0.17259 -0.16573)
(0.03749 0.05443 -0.04928)
(0.01794 0.02579 -0.02317)
(0.00182 0.00019 -0.00214)
(-0.00051 -0.00004 0.00049)
(-0.01740 -0.00948 0.03753)
(-0.02226 -0.02578 0.07123)
(-0.01277 -0.04346 0.08492)
(-0.02914 -0.04370 0.10094)
(-0.04593 -0.04499 0.10672)
(-0.04847 -0.04534 0.10669)
(-0.05717 -0.04238 0.10932)
(-0.06213 -0.03826 0.10379)
(-0.09667 -0.01466 0.04918)
(-0.10345 -0.00401 -0.00497)
(-0.13493 0.01237 -0.01302)
(-0.11957 0.00892 -0.03435)
(-0.12183 0.01409 -0.05466)
(-0.16190 0.05562 -0.16747)
(-0.15927 0.04019 -0.10064)
(-0.23385 0.12481 -0.30650)
(-0.24732 0.14801 -0.37270)
(-0.26360 0.19769 -0.48218)
(-0.26195 0.20624 -0.51747)
(-0.30306 0.26955 -0.64645)
(-0.30897 0.30448 -0.76175)
(-0.29124 0.33587 -0.79029)
(-0.27382 0.35631 -0.78510)
(-0.27237 0.36553 -0.79449)
(-0.27170 0.39536 -0.83379)
(-0.21698 0.39939 -0.79515)
(-0.18648 0.39166 -0.77559)
(-0.15056 0.36738 -0.70975)
(-0.15064 0.39419 -0.74107)
(-0.09105 0.37030 -0.63363)
(-0.11379 0.39916 -0.70285)
(-0.03315 0.37102 -0.59311)
(-0.00083 0.36778 -0.57489)
(0.02206 0.35163 -0.52828)
(0.03481 0.31979 -0.45095)
(0.04679 0.30506 -0.41688)
(0.12633 0.24278 -0.25616)
(0.13499 0.23546 -0.23776)
(0.05669 0.08529 -0.07891)
(0.13176 0.23946 -0.24662)
(0.10965 0.17622 -0.16977)
(0.03934 0.05991 -0.05097)
(0.00245 0.00466 -0.00382)
(0.00296 -0.00040 -0.00200)
(-0.00010 0.00001 0.00007)
(-0.00661 -0.00262 0.01301)
(-0.01422 -0.00860 0.03400)
(-0.01782 -0.02696 0.07840)
(-0.01419 -0.02105 0.06621)
(-0.00920 -0.03788 0.08827)
(-0.02486 -0.03561 0.09005)
(-0.03432 -0.03638 0.12077)
(-0.04815 -0.03937 0.14185)
(-0.04775 -0.04465 0.11840)
(-0.08832 -0.02557 0.12192)
(-0.11389 -0.00545 0.06992)
(-0.14526 0.00975 0.04759)
(-0.18821 0.04790 -0.03794)
(-0.22401 0.09914 -0.16063)
(-0.23635 0.11621 -0.24265)
(-0.29687 0.16818 -0.42132)
(-0.29970 0.19506 -0.45322)
(-0.30214 0.23861 -0.56350)
(-0.32786 0.27666 -0.65763)
(-0.36203 0.34801 -0.77634)
(-0.35669 0.36855 -0.81799)
(-0.36548 0.39853 -0.85988)
(-0.29185 0.36545 -0.80510)
(-0.29057 0.37536 -0.81303)
(-0.31353 0.41525 -0.87942)
(-0.30289 0.43363 -0.92028)
(-0.31224 0.46072 -0.93985)
(-0.25622 0.45190 -0.89365)
(-0.23834 0.44766 -0.87352)
(-0.17959 0.42386 -0.79143)
(-0.07676 0.39788 -0.66865)
(0.00324 0.36575 -0.56701)
(-0.04781 0.36840 -0.57185)
(-0.00629 0.33283 -0.47574)
(0.03734 0.31675 -0.42523)
(-0.00871 0.33906 -0.48717)
(0.05216 0.30506 -0.39192)
(0.08439 0.28164 -0.33830)
(0.10714 0.24414 -0.25350)
(0.05273 0.29199 -0.35824)
(0.06543 0.15662 -0.14534)
(0.02138 0.04108 -0.03429)
(0.01237 0.02378 -0.02109)
(0.00005 -0.00001 -0.00008)
(-0.00280 0.00131 0.00074)
(-0.01325 -0.00895 0.03985)
(-0.00205 -0.01485 0.04989)
(-0.00186 -0.01998 0.07052)
(-0.00061 -0.02903 0.11048)
(-0.00876 -0.03089 0.10288)
(-0.01772 -0.03716 0.12313)
(-0.01108 -0.03096 0.11757)
(-0.04428 -0.03056 0.14053)
(-0.04944 -0.03064 0.14293)
(-0.06971 -0.02892 0.15748)
(-0.08472 -0.02213 0.16831)
(-0.09248 -0.01871 0.16110)
(-0.11469 -0.01201 0.14883)
(-0.16628 0.02203 0.04514)
(-0.15913 0.02198 0.07435)
(-0.18845 0.03448 0.05937)
(-0.18603 0.04430 -0.00665)
(-0.22575 0.09523 -0.13000)
(-0.23593 0.11119 -0.18591)
(-0.28070 0.16048 -0.33634)
(-0.29859 0.20206 -0.43895)
(-0.34078 0.27213 -0.57652)
(-0.37614 0.35352 -0.74577)
(-0.38162 0.36994 -0.77864)
(-0.39709 0.39739 -0.82927)
(-0.38355 0.40254 -0.87277)
(-0.38005 0.43752 -0.93562)
(-0.35666 0.45207 -0.95715)
(-0.34589 0.46269 -0.96717)
(-0.33896 0.47730 -0.98186)
(-0.33256 0.47586 -0.97184)
(-0.30501 0.48013 -0.97188)
(-0.23898 0.45537 -0.87741)
(-0.26071 0.47703 -0.92214)
(-0.18741 0.44209 -0.81508)
(-0.18429 0.43356 -0.77589)
(-0.15573 0.42430 -0.72591)
(-0.17176 0.42957 -0.73858)
(-0.04931 0.37384 -0.57958)
(-0.05338 0.37913 -0.58919)
(-0.01559 0.35056 -0.50383)
(-0.03504 0.35945 -0.51422)
(0.00402 0.32836 -0.43412)
(0.02605 0.30056 -0.36625)
(0.06502 0.23967 -0.24320)
(0.02359 0.08032 -0.06945)
(-0.00256 -0.00915 0.00733)
(0.00833 0.20188 -0.21744)
(0.00045 -0.00014 0.00138)
(0.00175 -0.00241 0.00828)
(0.01076 -0.00315 0.01112)
(0.00765 -0.00922 0.02381)
(0.01135 -0.02172 0.06259)
(0.00316 -0.02698 0.10332)
(0.00058 -0.02945 0.11896)
(-0.00328 -0.03042 0.12119)
(-0.01038 -0.03211 0.13611)
(-0.05609 -0.02171 0.15242)
(-0.08277 -0.02281 0.17827)
(-0.09215 -0.01782 0.17349)
(-0.12338 0.00267 0.12842)
(-0.19166 0.05801 0.03545)
(-0.20809 0.08170 -0.02942)
(-0.26610 0.14136 -0.17851)
(-0.25381 0.13724 -0.19321)
(-0.31917 0.21093 -0.34747)
(-0.31681 0.22255 -0.32724)
(-0.32400 0.22918 -0.43298)
(-0.35442 0.28786 -0.58497)
(-0.38050 0.36175 -0.73927)
(-0.38614 0.37727 -0.76798)
(-0.39195 0.39237 -0.79558)
(-0.40378 0.42650 -0.86046)
(-0.39537 0.44021 -0.93549)
(-0.41538 0.48031 -0.94062)
(-0.38859 0.46000 -0.96885)
(-0.38581 0.47650 -0.99195)
(-0.36981 0.49158 -1.00740)
(-0.36524 0.49064 -1.00590)
(-0.34022 0.50408 -1.01560)
(-0.32278 0.49900 -0.99775)
(-0.32083 0.50105 -0.99790)
(-0.24490 0.46543 -0.88577)
(-0.22985 0.46566 -0.86211)
(-0.19169 0.44123 -0.77479)
(-0.19163 0.44218 -0.77013)
(-0.16881 0.43090 -0.73479)
(-0.12761 0.41786 -0.67825)
(-0.08491 0.39065 -0.58569)
(-0.06825 0.35922 -0.49796)
(-0.09496 0.37465 -0.53087)
(-0.02880 0.32439 -0.41243)
(-0.08324 0.35793 -0.49150)
(-0.01226 0.30253 -0.35357)
(0.00445 0.16445 -0.15086)
(0.00043 0.01114 -0.00788)
(0.00014 -0.00406 0.00286)
(-0.00061 0.00013 -0.00056)
(0.00105 -0.00025 0.00092)
(0.00766 -0.00189 0.00704)
(0.02338 -0.00681 0.02263)
(0.02884 -0.01518 0.03745)
(0.02967 -0.00933 0.02995)
(0.02075 -0.01899 0.07021)
(0.00621 -0.02860 0.11200)
(-0.00658 -0.03099 0.13533)
(-0.00171 -0.03039 0.13382)
(-0.01347 -0.03105 0.15294)
(-0.07179 -0.01753 0.18165)
(-0.04856 -0.01369 0.19333)
(-0.08903 -0.01843 0.18739)
(-0.10179 -0.00419 0.18757)
(-0.17445 0.05473 0.10029)
(-0.21290 0.09048 0.00387)
(-0.24608 0.12223 -0.08384)
(-0.31308 0.22332 -0.30789)
(-0.32632 0.24103 -0.37363)
(-0.32352 0.24384 -0.35792)
(-0.33522 0.25859 -0.41137)
(-0.38358 0.37340 -0.74017)
(-0.38889 0.38681 -0.76282)
(-0.39380 0.39994 -0.78832)
(-0.39847 0.42654 -0.83488)
(-0.42147 0.48948 -0.93717)
(-0.41010 0.49027 -0.98721)
(-0.41757 0.53342 -1.03240)
(-0.41383 0.53278 -1.04000)
(-0.41136 0.53251 -1.04650)
(-0.37476 0.51348 -1.03560)
(-0.33695 0.50676 -1.01530)
(-0.32079 0.50381 -1.00010)
(-0.28991 0.49897 -0.95390)
(-0.21115 0.45219 -0.80280)
(-0.21398 0.45363 -0.80055)
(-0.19996 0.45268 -0.77093)
(-0.14644 0.42041 -0.66134)
(-0.17057 0.43655 -0.69169)
(-0.11869 0.39496 -0.58172)
(-0.12809 0.39312 -0.56999)
(-0.11437 0.38123 -0.54318)
(-0.10480 0.36967 -0.51643)
(-0.09590 0.35947 -0.49300)
(-0.05259 0.22729 -0.23024)
(-0.00329 0.06032 -0.04441)
(-0.00267 0.02372 -0.01742)
(0.00229 -0.02384 0.01687)
(0.00251 -0.00046 0.00151)
(0.00911 -0.00233 0.00795)
(0.01736 -0.00475 0.01603)
(0.01575 -0.00415 0.01366)
(0.03088 -0.00959 0.03152)
(0.03189 -0.01135 0.03650)
(0.01338 -0.02606 0.11360)
(0.04068 -0.03407 0.10215)
(0.00449 -0.03057 0.13252)
(-0.00549 -0.03038 0.15135)
(-0.03177 -0.02144 0.20488)
(-0.06529 -0.01241 0.26309)
(-0.09037 -0.00371 0.22004)
(-0.09604 -0.00185 0.25181)
(-0.13776 0.03440 0.16280)
(-0.16773 0.05372 0.11510)
(-0.21060 0.09075 0.07473)
(-0.22728 0.11738 -0.00663)
(-0.27877 0.19181 -0.20326)
(-0.32071 0.24627 -0.34232)
(-0.33388 0.26563 -0.40492)
(-0.33195 0.26991 -0.39391)
(-0.36233 0.33510 -0.54467)
(-0.39494 0.40866 -0.71881)
(-0.40264 0.43948 -0.77653)
(-0.41223 0.48217 -0.85259)
(-0.43083 0.52689 -0.91680)
(-0.42483 0.52352 -0.98414)
(-0.42162 0.52400 -1.01920)
(-0.41667 0.53714 -1.04130)
(-0.41435 0.53636 -1.04900)
(-0.39922 0.53069 -1.06430)
(-0.35053 0.51150 -1.03060)
(-0.34907 0.51289 -1.03110)
(-0.33568 0.50952 -1.01590)
(-0.33500 0.51534 -1.00500)
(-0.28491 0.49869 -0.94377)
(-0.28961 0.50091 -0.94492)
(-0.26598 0.48658 -0.86380)
(-0.30684 0.50858 -0.93156)
(-0.24730 0.48782 -0.83910)
(-0.22525 0.46929 -0.78047)
(-0.26688 0.50240 -0.86515)
(-0.18536 0.43241 -0.67384)
(-0.15025 0.40388 -0.59319)
(-0.13664 0.39187 -0.56601)
(-0.13537 0.38602 -0.55241)
(-0.13555 0.38092 -0.54069)
(-0.12021 0.36806 -0.51137)
(-0.16018 0.35128 -0.46634)
(-0.07998 0.24454 -0.25370)
(-0.02268 0.08617 -0.07546)
(0.00164 -0.00955 0.00705)
(-0.00013 0.00002 -0.00010)
(0.00224 -0.00059 0.00165)
(0.01538 -0.00478 0.01095)
(0.02784 -0.00777 0.02609)
(0.04495 -0.02368 0.04848)
(0.05267 -0.02824 0.06044)
(0.05949 -0.03384 0.06587)
(0.04299 -0.03304 0.10174)
(0.02721 -0.03807 0.13587)
(0.04677 -0.04288 0.15713)
(0.04318 -0.04487 0.16487)
(0.01957 -0.04646 0.18479)
(0.00114 -0.03800 0.21952)
(-0.05201 -0.01616 0.26031)
(-0.07600 -0.00887 0.29370)
(-0.11023 0.03446 0.21534)
(-0.15324 0.05237 0.17239)
(-0.18984 0.09298 0.08397)
(-0.20159 0.10836 0.04911)
(-0.24512 0.20392 -0.14098)
(-0.26807 0.24302 -0.23022)
(-0.33879 0.35328 -0.44946)
(-0.35982 0.35618 -0.52384)
(-0.35235 0.39563 -0.52556)
(-0.39514 0.46406 -0.71200)
(-0.40924 0.49662 -0.76057)
(-0.41524 0.51612 -0.84364)
(-0.42644 0.54217 -0.89220)
(-0.43019 0.54590 -0.96998)
(-0.42536 0.56724 -0.95387)
(-0.43633 0.55703 -1.00550)
(-0.42853 0.55228 -1.03140)
(-0.42339 0.54627 -1.05290)
(-0.41843 0.54698 -1.07800)
(-0.40074 0.53351 -1.07180)
(-0.39651 0.53341 -1.08930)
(-0.37558 0.52980 -1.05450)
(-0.37793 0.53050 -1.06160)
(-0.35937 0.52805 -1.02140)
(-0.36093 0.52872 -1.02050)
(-0.36377 0.52705 -0.98314)
(-0.31079 0.51351 -0.91629)
(-0.33908 0.51543 -0.90725)
(-0.28399 0.49051 -0.82331)
(-0.25399 0.46795 -0.76529)
(-0.25544 0.45709 -0.71678)
(-0.26398 0.43639 -0.66766)
(-0.18118 0.38278 -0.54391)
(-0.20112 0.33963 -0.45816)
(-0.15603 0.30247 -0.37542)
(-0.23594 0.37673 -0.55163)
(-0.19853 0.32129 -0.41847)
(-0.06544 0.13061 -0.13900)
(-0.00320 0.00686 -0.00631)
(0.00751 -0.01407 0.01221)
(0.00109 -0.00026 0.00087)
(0.00675 -0.00173 0.00526)
(0.04274 -0.01357 0.03047)
(0.05872 -0.02828 0.04914)
(0.06368 -0.03148 0.05486)
(0.06932 -0.04473 0.07882)
(0.07481 -0.04381 0.06859)
(0.05452 -0.04516 0.13050)
(0.04837 -0.04557 0.16682)
(0.03586 -0.04593 0.21603)
(0.02310 -0.04161 0.21432)
(-0.00807 -0.03948 0.26343)
(-0.03571 -0.01664 0.26650)
(-0.08499 0.03002 0.22723)
(-0.12458 0.10956 0.12716)
(-0.13736 0.13122 0.08481)
(-0.15633 0.12759 0.07007)
(-0.21954 0.19061 -0.06149)
(-0.25633 0.24697 -0.20774)
(-0.28938 0.32088 -0.33662)
(-0.33294 0.41357 -0.50277)
(-0.37638 0.45866 -0.64413)
(-0.40668 0.50661 -0.75243)
(-0.40505 0.52951 -0.78789)
(-0.41219 0.59301 -0.89061)
(-0.41195 0.59524 -0.90848)
(-0.42417 0.56382 -0.98628)
(-0.42649 0.56607 -1.02830)
(-0.42991 0.57251 -1.05460)
(-0.42984 0.57010 -1.06210)
(-0.41367 0.54643 -1.09320)
(-0.41499 0.54572 -1.09990)
(-0.38575 0.53175 -1.07430)
(-0.40396 0.53158 -1.07860)
(-0.36407 0.52676 -1.03360)
(-0.37122 0.52766 -1.03380)
(-0.39205 0.53490 -1.00680)
(-0.39075 0.53245 -0.97223)
(-0.39228 0.53198 -0.96366)
(-0.37436 0.52627 -0.93378)
(-0.28632 0.47893 -0.79339)
(-0.36496 0.50916 -0.88609)
(-0.30890 0.48045 -0.78405)
(-0.29810 0.45925 -0.72130)
(-0.31274 0.44599 -0.69407)
(-0.24580 0.38398 -0.57020)
(-0.22618 0.34678 -0.48098)
(-0.20628 0.32648 -0.43063)
(-0.20735 0.30487 -0.39603)
(-0.11235 0.17690 -0.19446)
(-0.01584 0.02926 -0.02635)
(-0.01161 0.01400 -0.01338)
(-0.00166 0.00038 -0.00162)
(0.00774 -0.00187 0.00602)
(0.00066 -0.00016 0.00063)
(0.00935 -0.00245 0.00809)
(0.03079 -0.01144 0.03290)
(0.06722 -0.03624 0.05814)
(0.05273 -0.02928 0.05611)
(0.07237 -0.04371 0.07230)
(0.07273 -0.04964 0.09915)
(0.07422 -0.05167 0.10693)
(0.08406 -0.06336 0.14226)
(0.06472 -0.05548 0.16314)
(0.06182 -0.06023 0.20494)
(0.03007 -0.04105 0.26544)
(0.01443 -0.03137 0.27768)
(-0.02673 -0.00735 0.27033)
(-0.09123 0.08382 0.14808)
(-0.12512 0.12542 0.10209)
(-0.14658 0.15276 0.04579)
(-0.21651 0.23648 -0.11358)
(-0.25923 0.32123 -0.26746)
(-0.30436 0.40287 -0.41181)
(-0.35565 0.51423 -0.59738)
(-0.34373 0.43918 -0.55077)
(-0.37152 0.50784 -0.68303)
(-0.40566 0.57129 -0.80884)
(-0.40924 0.59975 -0.87912)
(-0.40866 0.60131 -0.89406)
(-0.41091 0.59567 -0.92315)
(-0.41557 0.57104 -1.00210)
(-0.42688 0.57626 -1.04930)
(-0.42754 0.57430 -1.05490)
(-0.41835 0.55366 -1.08390)
(-0.41323 0.54751 -1.09120)
(-0.40739 0.53464 -1.10340)
(-0.40813 0.53552 -1.09790)
(-0.40815 0.53565 -1.09250)
(-0.39967 0.53553 -1.05770)
(-0.40319 0.53395 -1.01780)
(-0.40017 0.53465 -0.98236)
(-0.40258 0.53438 -0.97532)
(-0.39512 0.53183 -0.95722)
(-0.39179 0.52956 -0.94242)
(-0.36000 0.49003 -0.83972)
(-0.32331 0.45725 -0.73644)
(-0.30017 0.42507 -0.67992)
(-0.27962 0.40325 -0.63230)
(-0.28304 0.37655 -0.59253)
(-0.25733 0.34460 -0.49591)
(-0.26150 0.32054 -0.44966)
(-0.15242 0.18180 -0.19134)
(-0.02795 0.03261 -0.03133)
(-0.00143 0.00035 -0.00167)
(0.00280 -0.00076 0.00307)
(0.02158 -0.00656 0.01807)
(0.01533 -0.00515 0.01492)
(0.02140 -0.00776 0.02004)
(0.04708 -0.03245 0.07021)
(0.06025 -0.04225 0.08506)
(0.06539 -0.05006 0.11294)
(0.07031 -0.06294 0.16273)
(0.07480 -0.06841 0.17578)
(0.06769 -0.06724 0.20760)
(0.04053 -0.04750 0.26334)
(0.03196 -0.04009 0.27090)
(0.02253 -0.03043 0.27673)
(0.01189 -0.02580 0.28039)
(-0.04091 0.04552 0.18197)
(-0.09628 0.10418 0.13292)
(-0.12389 0.14042 0.08254)
(-0.16839 0.22463 -0.04339)
(-0.15609 0.17695 0.00483)
(-0.25531 0.34111 -0.26757)
(-0.26592 0.36283 -0.30416)
(-0.34793 0.51398 -0.57841)
(-0.36219 0.53130 -0.62538)
(-0.36625 0.54431 -0.64513)
(-0.40655 0.60786 -0.86941)
(-0.40565 0.60819 -0.88059)
(-0.40778 0.60124 -0.90967)
(-0.40596 0.60024 -0.92404)
(-0.39848 0.58460 -0.99689)
(-0.39468 0.56978 -1.04300)
(-0.40897 0.55164 -1.08760)
(-0.39818 0.55035 -1.08910)
(-0.40107 0.54244 -1.09350)
(-0.40902 0.53500 -1.10020)
(-0.41054 0.53460 -1.09810)
(-0.41232 0.53581 -1.09270)
(-0.42251 0.53645 -1.07390)
(-0.40958 0.53655 -0.99181)
(-0.41258 0.53639 -0.98659)
(-0.40634 0.53434 -0.96885)
(-0.41890 0.52842 -0.94793)
(-0.37926 0.49143 -0.85416)
(-0.37043 0.48510 -0.83604)
(-0.36736 0.45031 -0.75696)
(-0.33021 0.40898 -0.68182)
(-0.32025 0.39875 -0.65876)
(-0.32926 0.40056 -0.66805)
(-0.32049 0.39158 -0.64772)
(-0.31126 0.38049 -0.62405)
(-0.26981 0.32017 -0.45666)
(-0.20750 0.23974 -0.25908)
(-0.18927 0.21107 -0.22362)
(-0.04515 0.05055 -0.04859)
(0.01334 -0.01496 0.01372)
(-0.00048 0.00013 -0.00068)
(0.00422 -0.00133 0.00551)
(0.01373 -0.01225 0.03371)
(0.02871 -0.01564 0.03600)
(0.02536 -0.02565 0.04070)
(0.04685 -0.03479 0.06299)
(0.05869 -0.04777 0.10475)
(0.06804 -0.06157 0.15618)
(0.07279 -0.06726 0.17221)
(0.08294 -0.08141 0.21256)
(0.07391 -0.06722 0.22088)
(0.04157 -0.04601 0.26939)
(0.03207 -0.03589 0.27494)
(0.01252 -0.00831 0.28192)
(0.01288 -0.01804 0.28054)
(-0.05510 0.07618 0.20721)
(-0.08778 0.12403 0.13091)
(-0.14076 0.21191 0.00058)
(-0.21874 0.31340 -0.17927)
(-0.24927 0.37571 -0.28776)
(-0.31134 0.47220 -0.46889)
(-0.35591 0.53126 -0.60688)
(-0.35045 0.53017 -0.58872)
(-0.36201 0.54677 -0.63201)
(-0.38406 0.60464 -0.75181)
(-0.39573 0.63042 -0.80955)
(-0.40473 0.60704 -0.89586)
(-0.39394 0.60494 -0.93673)
(-0.39173 0.59795 -0.97355)
(-0.38483 0.58964 -1.00490)
(-0.38446 0.55592 -1.06710)
(-0.37757 0.54201 -1.08320)
(-0.39579 0.54340 -1.09290)
(-0.40678 0.53855 -1.09670)
(-0.40860 0.53257 -1.10210)
(-0.41389 0.53495 -1.09610)
(-0.43558 0.54014 -1.07680)
(-0.42648 0.53804 -1.03310)
(-0.45031 0.54720 -1.02150)
(-0.44418 0.53655 -0.98304)
(-0.45665 0.53712 -0.96912)
(-0.41766 0.50855 -0.90562)
(-0.39521 0.48522 -0.83716)
(-0.42512 0.49120 -0.86214)
(-0.38194 0.45358 -0.78188)
(-0.33836 0.40660 -0.68391)
(-0.32328 0.38719 -0.64378)
(-0.32035 0.35343 -0.57605)
(-0.28916 0.30775 -0.45104)
(-0.21403 0.23801 -0.26341)
(-0.22528 0.23575 -0.27658)
(-0.06321 0.06813 -0.06559)
(0.00274 -0.00295 0.00265)
(-0.00009 -0.00009 0.00037)
(0.00248 -0.00376 0.01033)
(-0.00373 -0.00191 0.00830)
(0.01378 -0.02052 0.03376)
(0.01784 -0.02466 0.03767)
(0.03139 -0.03170 0.04430)
(0.04893 -0.04909 0.06868)
(0.05405 -0.05975 0.10311)
(0.06880 -0.06437 0.12612)
(0.06806 -0.06407 0.16660)
(0.08703 -0.09334 0.19965)
(0.08014 -0.07952 0.22631)
(0.05262 -0.04955 0.26102)
(0.02608 -0.01727 0.25638)
(-0.02839 0.06660 0.20679)
(-0.04347 0.09527 0.23703)
(-0.09592 0.16387 0.10214)
(-0.20693 0.32031 -0.15066)
(-0.19334 0.30093 -0.09514)
(-0.26789 0.42167 -0.32944)
(-0.30114 0.48162 -0.39990)
(-0.34525 0.55640 -0.52056)
(-0.35790 0.54603 -0.61639)
(-0.37491 0.61730 -0.71682)
(-0.38177 0.65148 -0.76585)
(-0.39525 0.63668 -0.84785)
(-0.38729 0.63573 -0.88990)
(-0.38415 0.60860 -0.95147)
(-0.38308 0.60636 -0.97499)
(-0.37603 0.56502 -1.04700)
(-0.39024 0.56749 -1.05600)
(-0.39834 0.54518 -1.08960)
(-0.40218 0.54161 -1.09090)
(-0.40370 0.53472 -1.09740)
(-0.42616 0.53814 -1.09430)
(-0.44110 0.54294 -1.08480)
(-0.46218 0.54633 -1.06990)
(-0.46496 0.54738 -1.06430)
(-0.46653 0.54400 -0.99896)
(-0.47200 0.54080 -0.98577)
(-0.44129 0.51838 -0.92530)
(-0.44599 0.49274 -0.87123)
(-0.39250 0.45109 -0.77034)
(-0.38528 0.41894 -0.70286)
(-0.32681 0.38398 -0.64386)
(-0.38465 0.37864 -0.62948)
(-0.32956 0.33425 -0.51959)
(-0.30230 0.30098 -0.43895)
(-0.28549 0.25586 -0.36782)
(-0.24999 0.22381 -0.27065)
(-0.09779 0.08297 -0.07590)
(-0.00637 0.00568 -0.00377)
(-0.00085 -0.00040 0.00167)
(-0.00254 -0.01177 0.02033)
(0.00377 -0.02386 0.03776)
(0.01034 -0.04198 0.04763)
(0.01966 -0.04249 0.05059)
(0.04282 -0.05818 0.09213)
(0.07153 -0.09261 0.13828)
(0.07546 -0.08411 0.13224)
(0.08091 -0.09877 0.15963)
(0.07865 -0.09430 0.19743)
(0.07081 -0.07110 0.24726)
(0.04528 -0.03368 0.25211)
(-0.00499 0.02178 0.23760)
(0.00897 0.01174 0.22198)
(-0.04621 0.08894 0.19907)
(-0.11795 0.18160 0.08302)
(-0.22533 0.36097 -0.13241)
(-0.24403 0.39754 -0.22333)
(-0.28736 0.48727 -0.34544)
(-0.31405 0.52832 -0.41664)
(-0.35888 0.60961 -0.57044)
(-0.38420 0.65772 -0.64859)
(-0.38361 0.66042 -0.70880)
(-0.38903 0.65510 -0.79516)
(-0.38642 0.64952 -0.85751)
(-0.37186 0.63546 -0.90795)
(-0.37290 0.62860 -0.92672)
(-0.37222 0.58697 -1.00400)
(-0.38030 0.57536 -1.03370)
(-0.38316 0.54988 -1.07520)
(-0.39022 0.53884 -1.08940)
(-0.41529 0.54135 -1.08630)
(-0.42546 0.53766 -1.09280)
(-0.44908 0.54788 -1.07570)
(-0.46355 0.54685 -1.07000)
(-0.48837 0.55646 -1.05250)
(-0.48542 0.54760 -1.02230)
(-0.52275 0.55151 -0.99020)
(-0.49428 0.53839 -0.96556)
(-0.47555 0.49472 -0.87848)
(-0.44380 0.48379 -0.85630)
(-0.42657 0.46185 -0.80335)
(-0.45963 0.45073 -0.76543)
(-0.44795 0.43712 -0.73986)
(-0.39349 0.38506 -0.64186)
(-0.32656 0.30653 -0.48704)
(-0.30458 0.27053 -0.39520)
(-0.28429 0.24598 -0.32138)
(-0.18078 0.14591 -0.15004)
(-0.08341 0.06871 -0.05896)
(-0.01219 0.00995 -0.00766)
(0.00066 0.00064 -0.00118)
(-0.00254 -0.00223 0.00445)
(-0.00372 -0.01486 0.01560)
(-0.00240 -0.03228 0.03781)
(0.00173 -0.04033 0.04266)
(0.00691 -0.04691 0.05028)
(0.02832 -0.05850 0.08618)
(0.00778 -0.04990 0.05545)
(0.04371 -0.07421 0.12446)
(0.07124 -0.09535 0.14790)
(0.07693 -0.09828 0.16303)
(0.04136 -0.06851 0.17627)
(0.06400 -0.07222 0.22068)
(0.03216 -0.03496 0.20893)
(-0.05111 0.06139 0.15006)
(-0.05737 0.08464 0.17314)
(-0.09019 0.10374 0.12785)
(-0.10546 0.15274 0.09226)
(-0.23200 0.36297 -0.13072)
(-0.25089 0.40100 -0.18979)
(-0.27184 0.43599 -0.23632)
(-0.31808 0.51307 -0.35828)
(-0.36595 0.63360 -0.56652)
(-0.38244 0.66777 -0.59085)
(-0.40067 0.70754 -0.67126)
(-0.39073 0.69137 -0.72592)
(-0.38413 0.67323 -0.77402)
(-0.38056 0.67280 -0.83554)
(-0.37231 0.66350 -0.86796)
(-0.36985 0.65721 -0.88376)
(-0.36739 0.59987 -0.97568)
(-0.37725 0.57906 -1.02670)
(-0.38148 0.57041 -1.04120)
(-0.38048 0.55369 -1.06300)
(-0.41322 0.55360 -1.06040)
(-0.43734 0.54911 -1.07260)
(-0.46765 0.55749 -1.05390)
(-0.47549 0.55682 -1.06220)
(-0.49302 0.56100 -1.04280)
(-0.52451 0.55556 -1.00230)
(-0.53060 0.55466 -0.99107)
(-0.52637 0.54907 -0.98050)
(-0.52954 0.54574 -0.97231)
(-0.47361 0.47092 -0.80762)
(-0.46964 0.45362 -0.76936)
(-0.44930 0.43278 -0.72935)
(-0.44204 0.40277 -0.68629)
(-0.40838 0.37349 -0.62149)
(-0.36041 0.31722 -0.49853)
(-0.36508 0.29913 -0.42631)
(-0.34842 0.28058 -0.38391)
(-0.28935 0.21215 -0.22864)
(-0.17934 0.11489 -0.08130)
(-0.01852 0.01160 -0.00629)
(-0.01863 0.01124 -0.00564)
(-0.00286 -0.00205 0.00361)
(-0.00653 -0.02048 0.02156)
(-0.00239 -0.04127 0.04002)
(0.00071 -0.04393 0.04374)
(0.00408 -0.04754 0.04870)
(0.00511 -0.05089 0.05289)
(0.02291 -0.06513 0.10311)
(0.03898 -0.07644 0.11938)
(0.07149 -0.09751 0.15456)
(0.02053 -0.05539 0.15069)
(0.00815 -0.02806 0.17725)
(-0.07256 0.07549 0.13502)
(-0.09389 0.10056 0.11624)
(-0.10993 0.12716 0.10868)
(-0.16917 0.23385 -0.00216)
(-0.25445 0.39710 -0.17675)
(-0.26510 0.39864 -0.17369)
(-0.27538 0.43295 -0.22138)
(-0.34051 0.54057 -0.33622)
(-0.38851 0.63860 -0.46759)
(-0.37727 0.62342 -0.47427)
(-0.39433 0.68332 -0.54979)
(-0.41346 0.72615 -0.63482)
(-0.41164 0.73159 -0.65258)
(-0.38927 0.69489 -0.75081)
(-0.37361 0.67494 -0.85447)
(-0.37101 0.66815 -0.86959)
(-0.36666 0.65125 -0.89668)
(-0.36217 0.61054 -0.97047)
(-0.37883 0.57540 -1.03190)
(-0.39071 0.57238 -1.03170)
(-0.41047 0.55926 -1.04750)
(-0.42820 0.55695 -1.05630)
(-0.46949 0.56032 -1.04730)
(-0.48068 0.56278 -1.04750)
(-0.49295 0.56757 -1.04170)
(-0.53423 0.55974 -0.99982)
(-0.54009 0.55900 -0.99100)
(-0.53519 0.55232 -0.98193)
(-0.54063 0.54924 -0.97354)
(-0.50822 0.49494 -0.84718)
(-0.50640 0.45520 -0.77567)
(-0.46981 0.38707 -0.64301)
(-0.44660 0.35777 -0.58449)
(-0.40345 0.33606 -0.53468)
(-0.37117 0.28353 -0.37846)
(-0.35996 0.27382 -0.35896)
(-0.28529 0.18177 -0.14596)
(-0.21071 0.13062 -0.08690)
(-0.11443 0.06997 -0.04101)
(-0.21781 0.13007 -0.07890)
(-0.03050 0.01767 -0.00785)
(-0.00072 -0.00054 0.00094)
(-0.00563 -0.00430 0.00717)
(-0.00366 -0.00285 0.00488)
(-0.01386 -0.01112 0.01732)
(-0.01373 -0.03030 0.02981)
(-0.01182 -0.03633 0.04022)
(-0.00286 -0.04449 0.04121)
(-0.00689 -0.04773 0.04453)
(0.00145 -0.04787 0.04666)
(-0.00223 -0.05315 0.05752)
(0.00269 -0.05558 0.07218)
(0.01093 -0.05908 0.09328)
(-0.01193 -0.03716 0.10813)
(-0.00115 -0.04242 0.13280)
(-0.03422 -0.01024 0.12403)
(-0.06221 0.04822 0.12628)
(-0.10324 0.10301 0.10101)
(-0.11756 0.12893 0.09380)
(-0.16998 0.18668 0.03940)
(-0.33521 0.41483 -0.17411)
(-0.28427 0.43123 -0.21246)
(-0.38221 0.56890 -0.32481)
(-0.44074 0.68656 -0.44162)
(-0.41676 0.70531 -0.54524)
(-0.42738 0.74352 -0.60232)
(-0.41852 0.74073 -0.64121)
(-0.40740 0.73160 -0.70085)
(-0.39015 0.71240 -0.80446)
(-0.37255 0.68066 -0.85593)
(-0.36713 0.65970 -0.88582)
(-0.36682 0.62825 -0.93744)
(-0.37322 0.58445 -1.00570)
(-0.38898 0.57915 -1.00800)
(-0.40586 0.56682 -1.02010)
(-0.42804 0.56045 -1.04450)
(-0.46680 0.56222 -1.04290)
(-0.48413 0.56575 -1.04120)
(-0.49994 0.57141 -1.03510)
(-0.53379 0.56736 -1.00380)
(-0.55854 0.56767 -0.99497)
(-0.54539 0.55660 -0.98245)
(-0.56794 0.54640 -0.94334)
(-0.55657 0.52027 -0.88139)
(-0.55893 0.49152 -0.82315)
(-0.50936 0.42598 -0.70555)
(-0.47398 0.37160 -0.60245)
(-0.45785 0.35475 -0.56604)
(-0.42540 0.32092 -0.45672)
(-0.35030 0.23863 -0.25759)
(-0.29584 0.18337 -0.14340)
(-0.29523 0.17632 -0.12476)
(-0.28815 0.16668 -0.10013)
(-0.19260 0.10967 -0.05647)
(-0.03265 0.01689 -0.00205)
(0.02609 -0.01327 0.00047)
(-0.00034 -0.00023 0.00058)
(-0.00418 -0.00293 0.00707)
(-0.02104 -0.01890 0.02563)
(-0.01218 -0.01016 0.01699)
(-0.02229 -0.02333 0.02577)
(-0.01433 -0.03359 0.02920)
(-0.01235 -0.03878 0.02870)
(-0.01182 -0.04250 0.04110)
(-0.01581 -0.03940 0.04394)
(-0.00888 -0.05123 0.06194)
(-0.00422 -0.06224 0.06426)
(-0.02562 -0.03803 0.05815)
(-0.03291 -0.03011 0.09120)
(-0.07849 0.01203 0.06451)
(-0.10211 0.05685 0.05759)
(-0.13510 0.09273 0.03486)
(-0.23550 0.21180 -0.05508)
(-0.12937 0.13431 0.07616)
(-0.23022 0.24043 -0.03038)
(-0.36486 0.41289 -0.19270)
(-0.37804 0.47748 -0.25762)
(-0.42644 0.59388 -0.33960)
(-0.46842 0.67069 -0.41451)
(-0.44644 0.73374 -0.49839)
(-0.46626 0.76549 -0.54688)
(-0.46707 0.80837 -0.60705)
(-0.42457 0.78249 -0.69609)
(-0.41144 0.76107 -0.74431)
(-0.40050 0.74577 -0.78708)
(-0.37782 0.69121 -0.86096)
(-0.36878 0.64555 -0.91077)
(-0.36371 0.61410 -0.96107)
(-0.39230 0.59435 -0.98274)
(-0.40309 0.58209 -0.99457)
(-0.42762 0.56823 -1.01890)
(-0.46789 0.57942 -1.00180)
(-0.48652 0.56829 -1.03450)
(-0.53781 0.59198 -1.01290)
(-0.56597 0.59239 -1.00390)
(-0.61465 0.60747 -0.97990)
(-0.61781 0.58553 -0.94967)
(-0.61672 0.57588 -0.93993)
(-0.60806 0.53940 -0.87914)
(-0.57836 0.49412 -0.81651)
(-0.53659 0.44792 -0.73198)
(-0.52593 0.41959 -0.65908)
(-0.47358 0.36088 -0.56671)
(-0.43356 0.29635 -0.35859)
(-0.40673 0.27049 -0.30554)
(-0.40863 0.25651 -0.26674)
(-0.36172 0.19699 -0.11073)
(-0.29873 0.15545 -0.05150)
(-0.18234 0.08629 -0.00974)
(-0.05187 0.02340 0.00245)
(0.01962 -0.00781 -0.00522)
(-0.00229 -0.00140 0.00391)
(-0.01273 -0.00885 0.02063)
(-0.02414 -0.01577 0.03347)
(-0.02302 -0.02518 0.03309)
(-0.01748 -0.03612 0.03176)
(-0.01486 -0.03855 0.03183)
(-0.03002 -0.01765 0.03094)
(-0.01801 -0.03657 0.04126)
(-0.02687 -0.02892 0.03688)
(-0.03669 -0.02187 0.03932)
(-0.01964 -0.04168 0.05443)
(-0.05101 -0.01577 0.04422)
(-0.06100 -0.01139 0.04780)
(-0.10157 0.01961 0.00140)
(-0.10857 0.02560 0.00307)
(-0.11820 0.06678 0.03837)
(-0.13821 0.05152 -0.01056)
(-0.16903 0.11329 -0.00549)
(-0.27172 0.21791 -0.10430)
(-0.31937 0.31520 -0.13298)
(-0.39261 0.42755 -0.22222)
(-0.40667 0.46519 -0.23703)
(-0.47913 0.61071 -0.33588)
(-0.56377 0.74836 -0.46383)
(-0.50020 0.76450 -0.49695)
(-0.49611 0.77895 -0.53420)
(-0.49165 0.84599 -0.62053)
(-0.46390 0.82184 -0.66064)
(-0.43390 0.79203 -0.71391)
(-0.40971 0.76590 -0.77079)
(-0.39001 0.70770 -0.83435)
(-0.38280 0.67373 -0.88553)
(-0.36208 0.62526 -0.94278)
(-0.40131 0.61248 -0.94262)
(-0.44003 0.60338 -0.94222)
(-0.43844 0.57697 -0.99203)
(-0.48120 0.58902 -0.98108)
(-0.53154 0.59796 -0.99059)
(-0.57397 0.61178 -0.99208)
(-0.60134 0.61110 -0.98052)
(-0.62369 0.61431 -0.97554)
(-0.66926 0.62098 -0.93047)
(-0.64726 0.58423 -0.91237)
(-0.67402 0.59591 -0.89054)
(-0.60845 0.51817 -0.78677)
(-0.57578 0.47169 -0.73152)
(-0.59321 0.46784 -0.65535)
(-0.57968 0.45005 -0.62013)
(-0.53864 0.40489 -0.55520)
(-0.56977 0.43328 -0.57722)
(-0.48452 0.33210 -0.40670)
(-0.41036 0.23227 -0.20804)
(-0.40192 0.22514 -0.18948)
(-0.34640 0.16106 -0.03548)
(-0.10660 0.04528 0.00838)
(-0.01639 0.00593 0.00557)
(0.00630 -0.00225 -0.00226)
(-0.00043 -0.00024 0.00079)
(-0.00679 -0.00406 0.01216)
(-0.01751 -0.01188 0.02986)
(-0.02220 -0.01187 0.03329)
(-0.02215 -0.01300 0.03505)
(-0.02133 -0.01762 0.03239)
(-0.02230 -0.02218 0.03282)
(-0.04215 -0.00451 0.02531)
(-0.04385 -0.00610 0.02512)
(-0.04887 -0.00139 0.02190)
(-0.06237 -0.00172 0.02980)
(-0.10885 0.02643 -0.00787)
(-0.11698 0.03262 -0.00871)
(-0.13510 0.04722 -0.02215)
(-0.22224 0.14535 -0.07657)
(-0.31395 0.23827 -0.15773)
(-0.35023 0.32652 -0.16767)
(-0.44952 0.44307 -0.26063)
(-0.45285 0.49599 -0.28435)
(-0.50877 0.53061 -0.34340)
(-0.53590 0.65558 -0.39716)
(-0.57960 0.75155 -0.46743)
(-0.56940 0.77337 -0.48182)
(-0.55776 0.78948 -0.51886)
(-0.52008 0.84064 -0.59422)
(-0.48543 0.84419 -0.63725)
(-0.45840 0.81851 -0.68314)
(-0.44177 0.79323 -0.74029)
(-0.40046 0.72165 -0.81955)
(-0.40727 0.69219 -0.84523)
(-0.39494 0.65690 -0.88877)
(-0.41498 0.62196 -0.92323)
(-0.44477 0.60661 -0.93243)
(-0.45288 0.60180 -0.94253)
(-0.48393 0.59655 -0.95066)
(-0.54467 0.60473 -0.97970)
(-0.58766 0.61958 -0.96387)
(-0.64916 0.64991 -0.92990)
(-0.65122 0.63502 -0.94674)
(-0.69405 0.63506 -0.89774)
(-0.68904 0.62332 -0.89087)
(-0.69116 0.61990 -0.87856)
(-0.64802 0.55801 -0.78842)
(-0.61319 0.49044 -0.66896)
(-0.58213 0.44870 -0.59825)
(-0.54468 0.39419 -0.49300)
(-0.48945 0.32014 -0.36958)
(-0.46179 0.29454 -0.27516)
(-0.42902 0.25032 -0.21248)
(-0.40188 0.22303 -0.14873)
(-0.33530 0.15481 -0.03377)
(-0.11458 0.04256 0.02121)
(-0.00823 0.00276 0.00178)
(-0.00030 0.00002 0.00070)
(-0.00902 0.00052 0.02072)
(-0.02163 0.00314 0.03956)
(-0.02473 0.00322 0.04306)
(-0.02281 0.00041 0.03816)
(-0.02209 -0.01243 0.04012)
(-0.03233 -0.00317 0.03231)
(-0.02221 -0.01512 0.03949)
(-0.04328 0.00042 0.02466)
(-0.04626 -0.00039 0.02314)
(-0.04796 0.00488 0.02209)
(-0.05211 0.00464 0.01917)
(-0.05575 0.00508 0.01717)
(-0.12255 0.04607 -0.02917)
(-0.12357 0.03855 -0.01853)
(-0.14198 0.05285 -0.03322)
(-0.26315 0.17769 -0.11783)
(-0.31580 0.23409 -0.16775)
(-0.41197 0.36144 -0.23994)
(-0.50915 0.47546 -0.32644)
(-0.53455 0.51001 -0.34844)
(-0.54401 0.64965 -0.41277)
(-0.59649 0.75612 -0.47499)
(-0.58428 0.77472 -0.48398)
(-0.58587 0.79334 -0.49859)
(-0.56320 0.84624 -0.58912)
(-0.49786 0.85221 -0.63116)
(-0.49229 0.83843 -0.66139)
(-0.43701 0.76302 -0.77516)
(-0.40921 0.68025 -0.85330)
(-0.43282 0.66206 -0.86931)
(-0.45761 0.60529 -0.93250)
(-0.55345 0.61722 -0.93687)
(-0.60477 0.63794 -0.93313)
(-0.67475 0.66084 -0.91978)
(-0.69756 0.63331 -0.88533)
(-0.69271 0.61734 -0.86557)
(-0.59496 0.46608 -0.61903)
(-0.51029 0.35166 -0.38510)
(-0.13075 0.05199 0.01421)
(-0.00162 0.00059 0.00407)
(-0.01368 0.00504 0.03099)
(-0.02641 0.01076 0.05317)
(-0.02024 0.01035 0.04676)
(-0.02651 0.01381 0.05352)
(-0.02639 0.01155 0.05098)
(-0.03512 0.01301 0.03309)
(-0.04415 0.00539 0.02452)
(-0.04925 0.01042 0.02199)
(-0.05488 0.01044 0.01734)
(-0.06733 0.02081 0.00929)
(-0.13773 0.07045 -0.05127)
(-0.16692 0.09654 -0.06901)
(-0.16791 0.07947 -0.06714)
(-0.28973 0.18212 -0.16133)
(-0.26463 0.16491 -0.12510)
(-0.34748 0.24554 -0.20554)
(-0.43891 0.36428 -0.27678)
(-0.44237 0.35011 -0.28823)
(-0.51423 0.47101 -0.33328)
(-0.54088 0.50851 -0.35537)
(-0.56369 0.59685 -0.39687)
(-0.62838 0.73524 -0.47715)
(-0.60832 0.77558 -0.49164)
(-0.59836 0.79388 -0.50340)
(-0.54631 0.85433 -0.61862)
(0.00248 -0.00212 -0.00627)
(-0.00676 0.00602 0.01749)
(-0.02199 0.02155 0.05727)
(-0.02239 0.01600 0.05423)
(-0.02616 0.01783 0.05267)
(-0.02549 0.02059 0.04732)
(-0.03427 0.01889 0.03484)
(-0.03895 0.02118 0.03302)
(-0.03736 0.02445 0.03433)
(-0.05223 0.02727 0.02302)
(-0.07037 0.03795 0.00899)
(-0.10059 0.06016 -0.01631)
(-0.15246 0.08709 -0.06216)
(-0.15709 0.08969 -0.06523)
(-0.23179 0.14515 -0.12106)
(-0.29215 0.19345 -0.16642)
(-0.36910 0.26908 -0.22856)
(-0.45130 0.35625 -0.29596)
(-0.52683 0.46603 -0.34743)
(-0.61077 0.60076 -0.41845)
(-0.65267 0.69113 -0.47365)
(0.00227 -0.00238 -0.00595)
(-0.00160 0.00170 0.00419)
(-0.01102 0.01342 0.02905)
(-0.02163 0.02858 0.05554)
(-0.02211 0.02919 0.05382)
(-0.02379 0.03352 0.05066)
(-0.03938 0.03819 0.03992)
(-0.05555 0.04529 0.02342)
(-0.07004 0.05086 0.01212)
(-0.10462 0.07164 -0.01939)
(-0.14562 0.08793 -0.05525)
(-0.17552 0.10883 -0.08162)
(-0.23293 0.15227 -0.12791)
(-0.34146 0.23997 -0.21462)
(-0.36196 0.25150 -0.22442)
(-0.42895 0.30801 -0.28326)
(-0.50339 0.41018 -0.33646)
(-0.00053 0.00067 0.00136)
(-0.01224 0.01761 0.03121)
(-0.01686 0.02379 0.04497)
(-0.02183 0.03077 0.05654)
(-0.02284 0.03161 0.05421)
(-0.02350 0.03349 0.05443)
(-0.03323 0.04597 0.04755)
(-0.04600 0.05329 0.03533)
(-0.06026 0.05747 0.02171)
(-0.06304 0.06504 0.02389)
(-0.10252 0.09076 -0.00879)
(-0.12946 0.10670 -0.03331)
(-0.14140 0.10104 -0.04987)
(-0.15178 0.12384 -0.04871)
(-0.18360 0.13453 -0.08111)
(-0.26780 0.18563 -0.15491)
(-0.00159 0.00211 0.00377)
(-0.01758 0.02487 0.04363)
(-0.02214 0.03267 0.05699)
(-0.02348 0.04067 0.06437)
(-0.02177 0.03599 0.05907)
(-0.03029 0.04524 0.05376)
(-0.04278 0.05960 0.04276)
(-0.06168 0.06544 0.02579)
(-0.11239 0.10292 -0.01137)
(-0.14026 0.11946 -0.03743)
(0.00029 -0.00046 -0.00080)
(-0.00758 0.01248 0.02159)
(-0.01792 0.03398 0.05147)
(-0.47577 0.82040 -0.71483)
(-0.41394 0.69985 -0.83582)
(-0.44983 0.60892 -0.92160)
(-0.50230 0.61147 -0.92040)
(-0.66245 0.65999 -0.91033)
(-0.69392 0.64324 -0.89101)
(-0.69874 0.63022 -0.87278)
(-0.65481 0.54538 -0.70904)
(-0.56183 0.44878 -0.54609)
(-0.48671 0.31791 -0.29703)
(-0.45240 0.28507 -0.24653)
(-0.34130 0.15598 -0.02378)
(-0.33079 0.14622 -0.00831)
(-0.31904 0.13527 0.00940)
(-0.02912 0.01117 0.00432)
(-0.59308 0.84475 -0.57472)
(-0.51939 0.84973 -0.66293)
(-0.48954 0.81969 -0.70528)
(-0.46438 0.79069 -0.74473)
(-0.42120 0.71845 -0.81885)
(-0.41594 0.68607 -0.84413)
(-0.43787 0.66031 -0.85801)
(-0.46647 0.62555 -0.87475)
(-0.46164 0.60768 -0.92187)
(-0.52562 0.62286 -0.89402)
(-0.56137 0.62071 -0.92624)
(-0.62619 0.64796 -0.91415)
(-0.66450 0.66280 -0.90284)
(-0.67703 0.66838 -0.90703)
(-0.70910 0.67853 -0.88677)
(-0.70547 0.64424 -0.87912)
(-0.70553 0.64084 -0.86642)
(-0.70570 0.62879 -0.84586)
(-0.67188 0.59651 -0.73686)
(-0.61211 0.50444 -0.64079)
(-0.57058 0.46129 -0.52553)
(-0.52044 0.38096 -0.39768)
(-0.48818 0.33871 -0.28538)
(-0.40293 0.23589 -0.12721)
(-0.33485 0.15548 -0.01629)
(-0.31589 0.13737 0.00863)
(-0.11770 0.04767 0.01222)
(-0.01156 0.00450 0.00166)
(-0.69513 0.77419 -0.51836)
(-0.65054 0.82997 -0.55055)
(-0.63930 0.84235 -0.56291)
(-0.58966 0.87927 -0.61231)
(-0.56412 0.86006 -0.63475)
(-0.51699 0.83869 -0.69014)
(-0.46728 0.79763 -0.74540)
(-0.45815 0.75782 -0.77479)
(-0.42081 0.69228 -0.83611)
(-0.44382 0.71210 -0.80768)
(-0.43203 0.66260 -0.84707)
(-0.47381 0.62351 -0.85194)
(-0.50339 0.62000 -0.88014)
(-0.52672 0.62286 -0.88465)
(-0.57627 0.62880 -0.89934)
(-0.62154 0.64976 -0.88782)
(-0.65563 0.66673 -0.88330)
(-0.69032 0.68048 -0.89755)
(-0.72069 0.69710 -0.87141)
(-0.72297 0.67678 -0.86012)
(-0.72276 0.67518 -0.82541)
(-0.70331 0.64390 -0.80436)
(-0.69242 0.62345 -0.73700)
(-0.64688 0.57536 -0.66132)
(-0.57077 0.46629 -0.48118)
(-0.51786 0.38204 -0.36415)
(-0.51769 0.41945 -0.37220)
(-0.45914 0.32675 -0.23929)
(-0.43049 0.28726 -0.19468)
(-0.41275 0.28557 -0.18511)
(-0.34524 0.17265 -0.03168)
(-0.30611 0.13714 0.00674)
(-0.14499 0.05919 0.01621)
(-0.03136 0.01168 0.00778)
(0.01191 -0.00430 -0.00324)
(-0.59190 0.51554 -0.41459)
(-0.64363 0.61688 -0.45077)
(-0.66604 0.68443 -0.48485)
(-0.69158 0.75944 -0.52164)
(-0.67114 0.81888 -0.54927)
(-0.66383 0.84329 -0.58834)
(-0.60158 0.87053 -0.61343)
(-0.58321 0.85102 -0.64265)
(-0.52590 0.83226 -0.70085)
(-0.50686 0.81720 -0.71853)
(-0.47907 0.77146 -0.75743)
(-0.46975 0.72734 -0.79709)
(-0.46511 0.67884 -0.83110)
(-0.47364 0.66199 -0.83640)
(-0.47999 0.62315 -0.85385)
(-0.54150 0.62408 -0.86213)
(-0.58212 0.63751 -0.85553)
(-0.59794 0.63919 -0.87937)
(-0.62387 0.65448 -0.87308)
(-0.68559 0.68590 -0.87029)
(-0.70373 0.69268 -0.87213)
(-0.71843 0.70499 -0.84644)
(-0.73529 0.71119 -0.84799)
(-0.71517 0.69069 -0.81196)
(-0.70252 0.66056 -0.79710)
(-0.68359 0.67169 -0.76428)
(-0.66926 0.62585 -0.71913)
(-0.60367 0.55248 -0.56769)
(-0.57550 0.50368 -0.51685)
(-0.52059 0.45642 -0.41175)
(-0.46683 0.36071 -0.28134)
(-0.37684 0.24530 -0.12414)
(-0.40609 0.30918 -0.18836)
(-0.32818 0.19423 -0.04934)
(-0.28025 0.15639 -0.02669)
(-0.02910 0.01317 0.00634)
(0.02339 -0.00966 -0.00702)
(-0.20798 0.12896 -0.01398)
(-0.34198 0.24249 -0.21488)
(-0.36802 0.26220 -0.23547)
(-0.39373 0.28430 -0.25496)
(-0.50097 0.40418 -0.34133)
(-0.59213 0.50993 -0.41327)
(-0.63119 0.55831 -0.43168)
(-0.61430 0.55620 -0.43444)
(-0.66181 0.63895 -0.47347)
(-0.69219 0.72374 -0.51460)
(-0.68278 0.78847 -0.55371)
(-0.67013 0.84070 -0.59111)
(-0.65146 0.85045 -0.60252)
(-0.58670 0.84387 -0.65471)
(-0.51418 0.82045 -0.71405)
(-0.50269 0.80667 -0.72709)
(-0.49339 0.74265 -0.78530)
(-0.46429 0.70612 -0.81169)
(-0.50484 0.66831 -0.83500)
(-0.49640 0.64068 -0.84353)
(-0.51756 0.66027 -0.83469)
(-0.56396 0.63282 -0.85259)
(-0.57942 0.63766 -0.85329)
(-0.59520 0.64263 -0.85424)
(-0.67124 0.67979 -0.85778)
(-0.69753 0.69457 -0.86788)
(-0.69262 0.69134 -0.86542)
(-0.71125 0.71053 -0.84904)
(-0.73198 0.71513 -0.82880)
(-0.71502 0.70898 -0.81861)
(-0.70193 0.69928 -0.78248)
(-0.67137 0.67881 -0.74010)
(-0.66909 0.66475 -0.73391)
(-0.57604 0.54047 -0.53837)
(-0.53943 0.48493 -0.45979)
(-0.51496 0.45832 -0.41438)
(-0.49469 0.42939 -0.36707)
(-0.35517 0.28726 -0.16914)
(-0.32902 0.24843 -0.11644)
(-0.28386 0.19917 -0.05167)
(-0.15154 0.09163 0.00526)
(-0.01803 0.00998 0.00222)
(-0.07512 0.04530 0.01513)
(-0.01410 0.00819 0.00345)
(-0.15207 0.12690 -0.04790)
(-0.16342 0.13168 -0.05915)
(-0.22322 0.17171 -0.10993)
(-0.34212 0.24449 -0.21506)
(-0.36532 0.26221 -0.23311)
(-0.36180 0.26145 -0.23043)
(-0.39033 0.28349 -0.25210)
(-0.52028 0.42721 -0.35550)
(-0.47044 0.35590 -0.30608)
(-0.57010 0.47675 -0.37998)
(-0.62867 0.53796 -0.42114)
(-0.70275 0.67721 -0.48730)
(-0.71455 0.70043 -0.49551)
(-0.69164 0.76626 -0.53464)
(-0.67640 0.83864 -0.58834)
(-0.65950 0.84618 -0.59955)
(-0.64952 0.84948 -0.60819)
(-0.61382 0.84437 -0.64090)
(-0.52051 0.82413 -0.71019)
(-0.50958 0.81183 -0.72193)
(-0.50344 0.76945 -0.77308)
(-0.48248 0.71315 -0.80830)
(-0.51524 0.67380 -0.83005)
(-0.52184 0.66632 -0.83368)
(-0.54735 0.64636 -0.84363)
(-0.57763 0.63764 -0.85193)
(-0.59298 0.64266 -0.85256)
(-0.59069 0.64240 -0.85135)
(-0.65699 0.67377 -0.84706)
(-0.66712 0.68575 -0.82718)
(-0.69069 0.70576 -0.82396)
(-0.70351 0.71865 -0.80888)
(-0.67988 0.69009 -0.74919)
(-0.66596 0.67897 -0.73653)
(-0.65824 0.66861 -0.72806)
(-0.57698 0.56817 -0.57507)
(-0.53284 0.48592 -0.45982)
(-0.51012 0.46022 -0.41677)
(-0.49014 0.43069 -0.36917)
(-0.43321 0.38681 -0.30021)
(-0.33007 0.27234 -0.14962)
(-0.23597 0.16655 -0.02126)
(-0.06251 0.04109 0.00798)
(0.01283 -0.00776 -0.00265)
(-0.00450 0.00286 0.00079)
(-0.02493 0.04514 0.06918)
(-0.03274 0.05852 0.06187)
(-0.03349 0.05457 0.05575)
(-0.04530 0.06806 0.04727)
(-0.05065 0.07157 0.05069)
(-0.06202 0.07941 0.03690)
(-0.10426 0.10035 -0.00312)
(-0.13996 0.12158 -0.03615)
(-0.14006 0.12416 -0.03491)
(-0.15232 0.12985 -0.04690)
(-0.16531 0.13580 -0.05983)
(-0.23148 0.18407 -0.11512)
(-0.31823 0.23789 -0.19121)
(-0.34270 0.25683 -0.19518)
(-0.46775 0.35962 -0.29360)
(-0.57585 0.47050 -0.37951)
(-0.61945 0.53402 -0.42044)
(-0.70344 0.66766 -0.48208)
(-0.71233 0.69125 -0.49098)
(-0.70608 0.73863 -0.51663)
(-0.69978 0.78245 -0.54688)
(-0.66698 0.84364 -0.59616)
(-0.65569 0.84728 -0.60580)
(-0.62618 0.82756 -0.65843)
(-0.56224 0.82816 -0.69570)
(-0.53918 0.80102 -0.73773)
(-0.53037 0.77165 -0.77068)
(-0.50063 0.73067 -0.79315)
(-0.51708 0.68020 -0.82854)
(-0.52606 0.67260 -0.83278)
(-0.54472 0.66017 -0.83985)
(-0.57874 0.64681 -0.84699)
(-0.58613 0.64307 -0.84556)
(-0.61959 0.65668 -0.83998)
(-0.65594 0.67530 -0.82848)
(-0.66162 0.68723 -0.81169)
(-0.68296 0.70283 -0.80709)
(-0.69045 0.71565 -0.78860)
(-0.68720 0.70869 -0.78281)
(-0.69307 0.70122 -0.76969)
(-0.66733 0.68452 -0.73926)
(-0.65202 0.67282 -0.72523)
(-0.65076 0.66749 -0.72257)
(-0.59267 0.61162 -0.64081)
(-0.52754 0.50340 -0.48818)
(-0.49707 0.51997 -0.48637)
(-0.45664 0.44459 -0.39011)
(-0.36114 0.36806 -0.24715)
(-0.32956 0.29119 -0.16877)
(-0.28993 0.23578 -0.09964)
(-0.26474 0.20984 -0.07612)
(-0.16186 0.11770 -0.00058)
(-0.03411 0.02291 0.00453)
(-0.00151 0.00268 0.00439)
(-0.00347 0.00706 0.01136)
(-0.02782 0.04806 0.06270)
(-0.03529 0.05537 0.06107)
(-0.03748 0.05208 0.06299)
(-0.04780 0.06463 0.05444)
(-0.05396 0.07034 0.05180)
(-0.06679 0.07473 0.03916)
(-0.09191 0.09215 0.01755)
(-0.09423 0.09313 0.01429)
(-0.14566 0.12877 -0.03431)
(-0.17649 0.14402 -0.05238)
(-0.20684 0.16646 -0.08365)
(-0.28495 0.21837 -0.14806)
(-0.32370 0.24854 -0.18339)
(-0.42745 0.32227 -0.26054)
(-0.45501 0.34473 -0.27917)
(-0.55501 0.44401 -0.36655)
(-0.61114 0.51496 -0.40391)
(-0.67691 0.60960 -0.46157)
(-0.67002 0.60591 -0.47548)
(-0.72066 0.72344 -0.52964)
(-0.69469 0.74321 -0.56234)
(-0.67835 0.81109 -0.59423)
(-0.66311 0.80224 -0.62377)
(-0.65608 0.79987 -0.64469)
(-0.58890 0.83041 -0.69253)
(-0.58191 0.80174 -0.71890)
(-0.57134 0.76397 -0.76686)
(-0.53746 0.74080 -0.79145)
(-0.55382 0.71412 -0.80705)
(-0.55365 0.68891 -0.82522)
(-0.54413 0.65912 -0.83856)
(-0.56747 0.65457 -0.83630)
(-0.59173 0.65164 -0.84229)
(-0.61245 0.65570 -0.83046)
(-0.65201 0.67480 -0.82530)
(-0.63346 0.66613 -0.80010)
(-0.66709 0.69585 -0.79600)
(-0.64434 0.68998 -0.74903)
(-0.63561 0.67832 -0.73241)
(-0.61725 0.66354 -0.69675)
(-0.54982 0.59502 -0.59415)
(-0.53571 0.61032 -0.60294)
(-0.51281 0.57554 -0.57323)
(-0.43155 0.49923 -0.43724)
(-0.40162 0.43229 -0.33975)
(-0.34720 0.37755 -0.24805)
(-0.29704 0.28504 -0.13934)
(-0.25129 0.24987 -0.10505)
(-0.14249 0.14063 -0.01819)
(-0.06972 0.06914 -0.00634)
(-0.02585 0.02560 -0.00167)
(-0.00116 0.00169 0.00348)
(-0.02497 0.04008 0.05224)
(-0.03518 0.05007 0.06589)
(-0.04104 0.04784 0.06518)
(-0.04266 0.04929 0.06400)
(-0.04595 0.05208 0.06161)
(-0.06030 0.07407 0.04899)
(-0.05411 0.05846 0.05683)
(-0.08979 0.09188 0.02408)
(-0.11031 0.10439 0.00523)
(-0.13700 0.11556 -0.01082)
(-0.16204 0.13240 -0.02197)
(-0.22653 0.17667 -0.08482)
(-0.29527 0.22908 -0.15438)
(-0.31985 0.24561 -0.16170)
(-0.40396 0.30699 -0.23719)
(-0.45626 0.35066 -0.25324)
(-0.53058 0.41055 -0.32996)
(-0.62470 0.53961 -0.41959)
(-0.65076 0.57586 -0.48626)
(-0.68583 0.65587 -0.51879)
(-0.68048 0.68784 -0.54087)
(-0.69858 0.77207 -0.58339)
(-0.68594 0.71237 -0.56299)
(-0.68719 0.78794 -0.61085)
(-0.66941 0.77647 -0.64297)
(-0.59851 0.82473 -0.69211)
(-0.60340 0.79235 -0.71018)
(-0.60766 0.73485 -0.76300)
(-0.57378 0.73515 -0.78571)
(-0.60781 0.72323 -0.77300)
(-0.56563 0.71733 -0.80581)
(-0.58020 0.69427 -0.82201)
(-0.57685 0.67629 -0.83277)
(-0.56802 0.66994 -0.83665)
(-0.58325 0.66211 -0.83501)
(-0.59122 0.65341 -0.83895)
(-0.58384 0.64029 -0.81295)
(-0.60240 0.65184 -0.83016)
(-0.60529 0.64885 -0.80469)
(-0.62292 0.66064 -0.79039)
(-0.62729 0.66787 -0.77657)
(-0.60852 0.65722 -0.77202)
(-0.58956 0.64964 -0.72929)
(-0.58781 0.65416 -0.70808)
(-0.58139 0.65146 -0.67197)
(-0.51357 0.60194 -0.57681)
(-0.48433 0.55670 -0.53106)
(-0.46795 0.57049 -0.52789)
(-0.43247 0.51569 -0.45447)
(-0.27691 0.37898 -0.24128)
(-0.32069 0.39274 -0.26518)
(-0.24632 0.33399 -0.18030)
(-0.24521 0.27072 -0.12246)
(-0.22317 0.24397 -0.09768)
(-0.23549 0.32408 -0.16726)
(-0.17021 0.18816 -0.06931)
(-0.02756 0.03236 -0.00036)
(-0.00035 0.00044 0.00099)
(-0.02356 0.03018 0.04332)
(-0.03132 0.03421 0.05023)
(-0.04461 0.04891 0.06368)
(-0.04959 0.05373 0.06013)
(-0.04863 0.05054 0.06194)
(-0.05295 0.05478 0.05903)
(-0.09168 0.08758 0.02500)
(-0.13739 0.12216 0.00422)
(-0.15278 0.12472 -0.00438)
(-0.21878 0.17608 -0.05956)
(-0.25398 0.19837 -0.07545)
(-0.29401 0.22339 -0.11693)
(-0.37836 0.29076 -0.19485)
(-0.44634 0.34038 -0.24195)
(-0.47632 0.36582 -0.27033)
(-0.48877 0.37643 -0.27946)
(-0.60060 0.51537 -0.39665)
(-0.64080 0.55811 -0.47807)
(-0.65345 0.58762 -0.49639)
(-0.66138 0.61244 -0.51571)
(-0.66573 0.65981 -0.56064)
(-0.68692 0.71040 -0.60518)
(-0.67086 0.71334 -0.64165)
(-0.65133 0.75939 -0.67138)
(-0.63515 0.74064 -0.69643)
(-0.61857 0.72561 -0.76202)
(-0.61884 0.71713 -0.76860)
(-0.60838 0.71659 -0.78080)
(-0.60218 0.69100 -0.80535)
(-0.58385 0.67809 -0.82414)
(-0.57610 0.66673 -0.83093)
(-0.58839 0.65007 -0.82337)
(-0.59057 0.64753 -0.80941)
(-0.57828 0.63173 -0.78219)
(-0.57551 0.62998 -0.77344)
(-0.59136 0.64341 -0.75947)
(-0.57617 0.64039 -0.72192)
(-0.56726 0.63716 -0.70820)
(-0.54484 0.63708 -0.63781)
(-0.53393 0.62336 -0.64474)
(-0.53011 0.61817 -0.61569)
(-0.37557 0.51036 -0.42596)
(-0.41248 0.50962 -0.43817)
(-0.35683 0.49499 -0.40038)
(-0.29890 0.40820 -0.27938)
(-0.24208 0.35382 -0.20024)
(-0.23235 0.33396 -0.17720)
(-0.20192 0.25293 -0.10468)
(-0.14667 0.17775 -0.06959)
(-0.20041 0.29713 -0.14605)
(-0.03688 0.04896 -0.00770)
(-0.00725 0.00973 -0.00140)
(0.00041 -0.00047 -0.00143)
(-0.01485 0.01578 0.02607)
(-0.02042 0.02030 0.03824)
(-0.04462 0.04616 0.06477)
(-0.04941 0.04823 0.06277)
(-0.08441 0.08203 0.05210)
(-0.11669 0.10243 0.02610)
(-0.13239 0.10829 0.01919)
(-0.22709 0.18294 -0.03657)
(-0.23477 0.18635 -0.03726)
(-0.25113 0.19773 -0.05095)
(-0.33164 0.24936 -0.14498)
(-0.43281 0.32851 -0.22244)
(-0.45941 0.35099 -0.25075)
(-0.46983 0.35959 -0.26010)
(-0.57156 0.47374 -0.37774)
(-0.63975 0.56245 -0.48610)
(-0.62168 0.55210 -0.48989)
(-0.63202 0.57799 -0.52581)
(-0.66288 0.65392 -0.58542)
(-0.64386 0.64241 -0.61167)
(-0.65944 0.70454 -0.66302)
(-0.65733 0.70260 -0.67297)
(-0.64592 0.68694 -0.72094)
(-0.62678 0.70544 -0.76300)
(-0.61815 0.71076 -0.77503)
(-0.60817 0.67562 -0.78625)
(-0.60834 0.66987 -0.79451)
(-0.58004 0.65314 -0.80520)
(-0.59985 0.64522 -0.79768)
(-0.59013 0.64016 -0.79895)
(-0.58538 0.63124 -0.79996)
(-0.56259 0.62050 -0.77447)
(-0.56967 0.62608 -0.77836)
(-0.56470 0.62250 -0.76812)
(-0.55643 0.61736 -0.75524)
(-0.52465 0.60181 -0.69080)
(-0.56127 0.62976 -0.71317)
(-0.55137 0.62509 -0.69863)
(-0.48555 0.58447 -0.61008)
(-0.47311 0.58176 -0.56724)
(-0.45261 0.56676 -0.54882)
(-0.36305 0.50246 -0.41427)
(-0.34392 0.48679 -0.38722)
(-0.32553 0.45676 -0.33597)
(-0.32454 0.47042 -0.35997)
(-0.23625 0.35688 -0.20051)
(-0.22706 0.33965 -0.18153)
(-0.22098 0.34257 -0.18217)
(-0.17519 0.27386 -0.13365)
(-0.09881 0.15060 -0.06446)
(-0.01317 0.02230 -0.00499)
(0.00699 -0.01243 0.00249)
(0.00212 -0.00191 -0.00645)
(-0.00063 0.00062 0.00236)
(-0.01237 0.01206 0.02996)
(-0.03814 0.03786 0.06984)
(-0.04862 0.04251 0.07154)
(-0.07890 0.07052 0.05667)
(-0.08618 0.07133 0.05892)
(-0.10247 0.08440 0.05040)
(-0.14755 0.11544 0.02092)
(-0.21672 0.17314 -0.02392)
(-0.22497 0.17830 -0.02505)
(-0.24176 0.19018 -0.03687)
(-0.26000 0.19924 -0.03935)
(-0.29013 0.21651 -0.09847)
(-0.31275 0.22929 -0.11013)
(-0.44107 0.33554 -0.22815)
(-0.44963 0.34256 -0.23728)
(-0.49267 0.37706 -0.27644)
(-0.51988 0.40969 -0.34103)
(-0.59134 0.49968 -0.44891)
(-0.49966 0.41108 -0.33168)
(-0.59934 0.51940 -0.47000)
(-0.61021 0.55418 -0.49277)
(-0.63246 0.58554 -0.54560)
(-0.61056 0.57112 -0.56250)
(-0.65884 0.68246 -0.65779)
(-0.65814 0.68309 -0.66721)
(-0.64869 0.66238 -0.69445)
(-0.62603 0.64059 -0.71299)
(-0.62540 0.70125 -0.76812)
(-0.63050 0.63130 -0.73099)
(-0.62448 0.66913 -0.77413)
(-0.62037 0.64799 -0.78275)
(-0.60223 0.62676 -0.78396)
(-0.59045 0.63666 -0.79301)
(-0.58423 0.63134 -0.79064)
(-0.54927 0.59693 -0.76227)
(-0.51912 0.58061 -0.74016)
(-0.55648 0.61565 -0.76364)
(-0.54592 0.60887 -0.74863)
(-0.46980 0.55497 -0.65415)
(-0.47961 0.56532 -0.64462)
(-0.43393 0.53910 -0.57289)
(-0.40598 0.52661 -0.51612)
(-0.35788 0.49967 -0.42900)
(-0.31604 0.46353 -0.39680)
(-0.33385 0.47930 -0.37885)
(-0.31537 0.46322 -0.35157)
(-0.20548 0.35372 -0.21647)
(-0.22244 0.36944 -0.22017)
(-0.17880 0.31990 -0.16246)
(-0.20073 0.32324 -0.15964)
(-0.05286 0.09674 -0.03243)
(-0.04192 0.09289 -0.02594)
(-0.00082 0.00174 -0.00041)
(0.00277 -0.00271 -0.01048)
(-0.02162 0.02042 0.04826)
(-0.03913 0.03408 0.07132)
(0.00229 -0.00167 -0.00923)
(-0.00336 0.00266 0.01291)
(-0.04328 0.03872 0.07871)
(-0.04814 0.04238 0.07777)
(-0.05310 0.04586 0.07431)
(-0.05477 0.04534 0.08103)
(-0.09652 0.07782 0.05705)
(-0.12772 0.10040 0.04737)
(-0.16451 0.13010 0.01784)
(-0.12576 0.10025 0.05408)
(-0.15927 0.12628 0.02669)
(-0.23284 0.18380 -0.02555)
(-0.21459 0.15868 -0.00409)
(-0.28150 0.20773 -0.07263)
(-0.35108 0.26652 -0.13432)
(-0.28476 0.21955 -0.06248)
(-0.35173 0.27656 -0.13453)
(-0.37800 0.30192 -0.17644)
(-0.45201 0.36255 -0.27545)
(-0.46974 0.37036 -0.30177)
(-0.51157 0.43324 -0.35939)
(-0.50254 0.45413 -0.37799)
(-0.59769 0.54910 -0.50062)
(-0.58064 0.54406 -0.52773)
(-0.65277 0.64862 -0.64031)
(-0.63303 0.64458 -0.62998)
(-0.63278 0.63091 -0.66819)
(-0.63069 0.58927 -0.68511)
(-0.63181 0.59208 -0.69043)
(-0.61508 0.61481 -0.73834)
(-0.61394 0.62430 -0.76164)
(-0.57773 0.58152 -0.74466)
(-0.55918 0.57652 -0.75315)
(-0.58286 0.61495 -0.78596)
(-0.58047 0.62011 -0.79381)
(-0.52931 0.56842 -0.75034)
(-0.51033 0.55598 -0.74261)
(-0.45742 0.51766 -0.67771)
(-0.50225 0.56875 -0.71596)
(-0.45934 0.54436 -0.65635)
(-0.39948 0.50751 -0.58530)
(-0.38407 0.49234 -0.55096)
(-0.39985 0.51145 -0.54828)
(-0.36521 0.48955 -0.47661)
(-0.35397 0.47682 -0.48484)
(-0.30706 0.44988 -0.39752)
(-0.31761 0.46694 -0.37876)
(-0.27902 0.42508 -0.35361)
(-0.23705 0.38540 -0.28543)
(-0.30892 0.45741 -0.34739)
(-0.23465 0.38361 -0.25276)
(-0.17425 0.31580 -0.16979)
(-0.12704 0.27812 -0.10330)
(-0.12946 0.26938 -0.09730)
(-0.04453 0.10008 -0.02760)
(0.00311 -0.00746 0.00181)
(-0.00453 0.01053 -0.00266)
(-0.00204 0.00184 0.00659)
(-0.01966 0.01605 0.04968)
(-0.02276 0.01957 0.06264)
(-0.03751 0.03076 0.09087)
(-0.04226 0.03448 0.09214)
(-0.10671 0.08693 0.05962)
(-0.09216 0.06847 0.07521)
(-0.13357 0.10283 0.06141)
(-0.12994 0.09304 0.06521)
(-0.21643 0.16805 -0.00616)
(-0.22936 0.18046 -0.01249)
(-0.28224 0.22105 -0.06758)
(-0.24896 0.21030 -0.06478)
(-0.36921 0.30189 -0.18241)
(-0.33093 0.28658 -0.17339)
(-0.44920 0.37924 -0.29475)
(-0.42792 0.38595 -0.32333)
(-0.44940 0.40600 -0.36010)
(-0.45198 0.41235 -0.36784)
(-0.58467 0.54860 -0.53663)
(-0.50087 0.45677 -0.44753)
(-0.58486 0.54696 -0.57930)
(-0.60172 0.57142 -0.61679)
(-0.59697 0.55986 -0.63163)
(-0.58071 0.54974 -0.63111)
(-0.56957 0.52615 -0.65432)
(-0.60846 0.58315 -0.70901)
(-0.56570 0.54381 -0.70301)
(-0.56153 0.54892 -0.71567)
(-0.55072 0.53279 -0.71409)
(-0.51064 0.51174 -0.72712)
(-0.52432 0.53645 -0.74197)
(-0.51426 0.53464 -0.73245)
(-0.48686 0.51519 -0.69842)
(-0.46646 0.51071 -0.68473)
(-0.41079 0.47589 -0.62557)
(-0.44318 0.51231 -0.64335)
(-0.39780 0.48373 -0.58457)
(-0.37759 0.48043 -0.55449)
(-0.30871 0.43079 -0.44857)
(-0.24595 0.37576 -0.37250)
(-0.29154 0.42329 -0.40921)
(-0.27320 0.41715 -0.35064)
(-0.21963 0.37300 -0.27746)
(-0.16879 0.32032 -0.20527)
(-0.14674 0.29244 -0.13693)
(-0.15408 0.29167 -0.15929)
(-0.12222 0.26698 -0.10028)
(-0.11781 0.25950 -0.09448)
(-0.08106 0.18420 -0.06169)
(-0.02940 0.07189 -0.01936)
(0.00124 -0.00371 0.00052)
(0.01010 -0.02384 0.00580)
(-0.00244 0.00219 0.00745)
(-0.01131 0.00996 0.03305)
(-0.01537 0.01394 0.04480)
(-0.03605 0.03119 0.09316)
(-0.04088 0.03500 0.09497)
(-0.06554 0.05361 0.08584)
(-0.03822 0.03337 0.09515)
(-0.07152 0.05890 0.08900)
(-0.09850 0.07423 0.07802)
(-0.11728 0.08437 0.07239)
(-0.09770 0.07490 0.07742)
(-0.11948 0.08633 0.07179)
(-0.14575 0.11568 0.05083)
(-0.16081 0.13211 0.02176)
(-0.20248 0.16874 -0.00565)
(-0.21951 0.20107 -0.04981)
(-0.24416 0.22108 -0.07727)
(-0.24268 0.22382 -0.08129)
(-0.34803 0.30723 -0.20460)
(-0.40454 0.37229 -0.29513)
(-0.42617 0.39072 -0.32818)
(-0.42553 0.39485 -0.33257)
(-0.43698 0.40683 -0.35152)
(-0.54313 0.50015 -0.53170)
(-0.55056 0.50923 -0.55487)
(-0.53808 0.49192 -0.56096)
(-0.52945 0.48718 -0.56007)
(-0.52412 0.48745 -0.59057)
(-0.52475 0.48673 -0.64222)
(-0.51841 0.48219 -0.64499)
(-0.51317 0.47730 -0.64661)
(-0.50323 0.49159 -0.69237)
(-0.49684 0.49978 -0.71949)
(-0.47638 0.48923 -0.69376)
(-0.41680 0.44831 -0.63261)
(-0.40042 0.44343 -0.60224)
(-0.32148 0.38376 -0.50497)
(-0.35882 0.43322 -0.55775)
(-0.30950 0.37800 -0.48853)
(-0.30891 0.38993 -0.47925)
(-0.29366 0.41157 -0.44654)
(-0.24420 0.37110 -0.37598)
(-0.23180 0.36086 -0.35457)
(-0.23295 0.36536 -0.34966)
(-0.21951 0.35066 -0.33323)
(-0.20432 0.34129 -0.28775)
(-0.17687 0.31161 -0.20747)
(-0.13941 0.25751 -0.15680)
(-0.14974 0.27727 -0.15598)
(-0.13566 0.27143 -0.13906)
(-0.09605 0.21785 -0.08668)
(-0.06882 0.16017 -0.05671)
(-0.04434 0.11001 -0.02876)
(-0.00454 0.01416 -0.00154)
(0.00171 -0.00704 -0.00076)
(-0.00387 0.00361 0.01201)
(-0.00340 0.00327 0.01079)
(-0.02316 0.02116 0.06574)
(-0.03636 0.03275 0.09766)
(-0.06629 0.05524 0.09035)
(-0.04991 0.04826 0.09028)
(-0.05518 0.05211 0.08815)
(-0.06624 0.05923 0.08285)
(-0.09519 0.08814 0.06203)
(-0.07977 0.08454 0.06592)
(-0.15959 0.14130 0.01826)
(-0.18137 0.17087 -0.02117)
(-0.21677 0.20279 -0.05497)
(-0.21517 0.20550 -0.05871)
(-0.23922 0.22557 -0.08200)
(-0.27211 0.26667 -0.14399)
(-0.39899 0.37307 -0.29434)
(-0.39487 0.37430 -0.29449)
(-0.38307 0.37649 -0.29619)
(-0.45962 0.43622 -0.42216)
(-0.48694 0.45828 -0.46909)
(-0.46468 0.43421 -0.46498)
(-0.46375 0.43215 -0.47370)
(-0.46077 0.42814 -0.47824)
(-0.50903 0.47043 -0.62346)
(-0.46012 0.43307 -0.54200)
(-0.50240 0.46479 -0.62542)
(-0.49638 0.45932 -0.62840)
(-0.46125 0.43837 -0.63273)
(-0.41347 0.39466 -0.58727)
(-0.42308 0.40442 -0.61703)
(-0.48310 0.48909 -0.71227)
(-0.41505 0.42578 -0.63027)
(-0.36161 0.35579 -0.55178)
(-0.39495 0.42568 -0.61114)
(-0.31552 0.37257 -0.50169)
(-0.30435 0.36686 -0.48467)
(-0.29392 0.36234 -0.46960)
(-0.26699 0.34372 -0.42994)
(-0.24082 0.36568 -0.37707)
(-0.23025 0.35637 -0.35869)
(-0.21968 0.33310 -0.34991)
(-0.21903 0.34704 -0.33910)
(-0.16419 0.28766 -0.20896)
(-0.17571 0.29691 -0.26862)
(-0.14528 0.25846 -0.18179)
(-0.12113 0.22664 -0.13142)
(-0.12922 0.24096 -0.15844)
(-0.08505 0.16976 -0.06154)
(-0.07964 0.16170 -0.05083)
(-0.02171 0.05942 -0.01322)
(-0.02573 0.05251 -0.01464)
(-0.00345 0.00958 -0.00193)
(-0.01854 0.01729 0.05459)
(-0.00447 0.00434 0.01429)
(-0.01055 0.01517 0.05465)
(-0.03217 0.03216 0.10088)
(-0.04306 0.04627 0.09950)
(-0.05378 0.05264 0.09243)
(-0.05277 0.05448 0.08698)
(-0.06921 0.07618 0.07169)
(-0.06520 0.07405 0.07054)
(-0.09325 0.09461 0.06209)
(-0.09308 0.10403 0.04856)
(-0.18975 0.18526 -0.03902)
(-0.20521 0.20964 -0.06651)
(-0.28656 0.29312 -0.17417)
(-0.24260 0.27101 -0.14099)
(-0.30278 0.32123 -0.20060)
(-0.41659 0.40705 -0.36509)
(-0.42094 0.41405 -0.37530)
(-0.43106 0.41413 -0.41597)
(-0.44230 0.41663 -0.44385)
(-0.44015 0.41224 -0.45163)
(-0.41251 0.38798 -0.47701)
(-0.48347 0.44631 -0.60144)
(-0.38992 0.36130 -0.47352)
(-0.40468 0.37022 -0.51235)
(-0.47873 0.44169 -0.60653)
(-0.42226 0.38514 -0.55890)
(-0.39416 0.36203 -0.55851)
(-0.36476 0.33622 -0.53792)
(-0.34965 0.32802 -0.52359)
(-0.32599 0.31929 -0.49819)
(-0.34893 0.35858 -0.54741)
(-0.30102 0.31547 -0.48337)
(-0.30549 0.34606 -0.50256)
(-0.29905 0.35571 -0.48110)
(-0.28702 0.34616 -0.46300)
(-0.27539 0.33769 -0.44627)
(-0.27856 0.34721 -0.44992)
(-0.23056 0.31113 -0.38437)
(-0.18892 0.28821 -0.30414)
(-0.21731 0.34223 -0.34323)
(-0.16749 0.27605 -0.26869)
(-0.16299 0.27124 -0.24613)
(-0.14516 0.25288 -0.19236)
(-0.11091 0.21313 -0.15675)
(-0.09634 0.19180 -0.10271)
(-0.06709 0.13439 -0.04567)
(-0.05776 0.11799 -0.05021)
(-0.05083 0.10195 -0.03345)
(-0.01318 0.02649 -0.00792)
(-0.00446 0.00911 -0.00240)
(-0.00008 0.00019 0.00072)
(-0.00232 0.00514 0.01941)
(-0.00064 0.00114 0.00397)
(-0.01919 0.02222 0.07520)
(-0.04417 0.05033 0.09273)
(-0.00380 0.01758 0.05752)
(-0.02005 0.03301 0.10164)
(-0.03006 0.04982 0.08984)
(-0.05755 0.06840 0.07331)
(-0.03755 0.05486 0.07002)
(-0.05886 0.06656 0.07081)
(-0.04619 0.06890 0.05886)
(-0.07814 0.10111 0.04222)
(-0.06602 0.10041 0.03992)
(-0.11710 0.15003 -0.00497)
(-0.11589 0.15781 -0.00555)
(-0.17050 0.21588 -0.05234)
(-0.16750 0.21628 -0.04907)
(-0.19278 0.24231 -0.08180)
(-0.32246 0.34462 -0.24489)
(-0.23964 0.28253 -0.15118)
(-0.33350 0.35614 -0.27423)
(-0.34326 0.35463 -0.29918)
(-0.35189 0.35583 -0.32740)
(-0.38832 0.36891 -0.39159)
(-0.33902 0.33185 -0.36091)
(-0.31418 0.29798 -0.35968)
(-0.29699 0.27788 -0.37231)
(-0.29286 0.26523 -0.38887)
(-0.33323 0.29894 -0.44919)
(-0.33708 0.30274 -0.49399)
(-0.29123 0.26192 -0.39990)
(-0.31660 0.28519 -0.49737)
(-0.31385 0.28838 -0.47199)
(-0.27185 0.26750 -0.43537)
(-0.29201 0.29192 -0.46038)
(-0.23007 0.25678 -0.39855)
(-0.22259 0.25236 -0.38614)
(-0.23162 0.28123 -0.39205)
(-0.18144 0.24700 -0.33474)
(-0.19385 0.26944 -0.33090)
(-0.16413 0.25491 -0.28932)
(-0.13705 0.23008 -0.26212)
(-0.14617 0.24482 -0.25622)
(-0.12493 0.22740 -0.21589)
(-0.10352 0.20161 -0.17583)
(-0.10860 0.20165 -0.14859)
(-0.08875 0.18168 -0.12255)
(-0.05308 0.11037 -0.07140)
(-0.05340 0.11201 -0.06818)
(-0.01275 0.02820 -0.01664)
(-0.01042 0.02223 -0.00826)
(0.00016 -0.00594 -0.01851)
(-0.00008 0.00058 0.00195)
(-0.00564 0.02566 0.07656)
(-0.00014 -0.00030 -0.00116)
(0.00270 0.00679 0.02615)
(0.01236 0.02029 0.08540)
(0.00966 0.02351 0.09332)
(-0.00130 0.03755 0.07600)
(0.01572 0.02236 0.09096)
(0.01358 0.02300 0.09043)
(-0.01750 0.05256 0.06220)
(-0.02230 0.06822 0.05476)
(-0.05049 0.09987 0.04176)
(-0.04704 0.10349 0.04381)
(-0.12658 0.17983 -0.02886)
(-0.11031 0.16855 -0.01800)
(-0.11446 0.18343 -0.02614)
(-0.12111 0.19239 -0.03395)
(-0.21426 0.26387 -0.13220)
(-0.12795 0.19789 -0.04283)
(-0.27547 0.30258 -0.22120)
(-0.28257 0.30507 -0.23938)
(-0.24991 0.27127 -0.22344)
(-0.26398 0.27379 -0.26551)
(-0.25173 0.25353 -0.28138)
(-0.26223 0.25181 -0.31612)
(-0.23447 0.21614 -0.29257)
(-0.19702 0.17879 -0.27701)
(-0.14455 0.12407 -0.22775)
(-0.28319 0.25619 -0.43564)
(-0.26197 0.23544 -0.40941)
(-0.16183 0.14439 -0.26836)
(-0.17877 0.15697 -0.29797)
(-0.21212 0.19835 -0.35242)
(-0.18313 0.17972 -0.31863)
(-0.13785 0.13434 -0.26445)
(-0.13377 0.13499 -0.26136)
(-0.16441 0.16806 -0.30018)
(-0.21356 0.23941 -0.37212)
(-0.17093 0.18658 -0.30884)
(-0.15712 0.19705 -0.30032)
(-0.16813 0.22212 -0.32278)
(-0.12854 0.18154 -0.26564)
(-0.13723 0.19567 -0.25269)
(-0.12288 0.20654 -0.23794)
(-0.13468 0.22505 -0.25356)
(-0.09970 0.18063 -0.19298)
(-0.10621 0.19600 -0.19772)
(-0.05652 0.13406 -0.11061)
(-0.03232 0.08958 -0.08073)
(-0.01781 0.05208 -0.04418)
(-0.01472 0.03720 -0.02786)
(-0.00564 0.01336 -0.00900)
(0.00135 -0.00315 0.00153)
(0.00395 -0.01025 0.00688)
(0.00373 -0.00871 0.00419)
(-0.00180 -0.00361 -0.01396)
(0.00103 0.00122 0.00530)
(0.00802 0.01089 0.04698)
(-0.00361 -0.00334 -0.01475)
(0.00676 0.00706 0.02999)
(0.01475 0.01787 0.07481)
(0.02481 0.02183 0.08454)
(0.01631 0.01627 0.06730)
(0.01945 0.02066 0.08450)
(0.01916 0.04279 0.07153)
(0.01001 0.04986 0.06656)
(0.00008 0.07422 0.06308)
(-0.03764 0.10709 0.04370)
(-0.00703 0.09179 0.05443)
(-0.05817 0.13832 0.01161)
(-0.10039 0.17547 -0.01569)
(-0.10500 0.17903 -0.02117)
(-0.11040 0.18258 -0.02713)
(-0.13405 0.20186 -0.04978)
(-0.20622 0.25186 -0.14712)
(-0.19438 0.23384 -0.15275)
(-0.20654 0.23937 -0.18559)
(-0.19917 0.21827 -0.19949)
(-0.17371 0.18634 -0.20648)
(-0.16159 0.16678 -0.20336)
(-0.12695 0.11926 -0.18918)
(-0.10413 0.09412 -0.16741)
(-0.10339 0.09064 -0.17088)
(-0.11994 0.10910 -0.20633)
(-0.12486 0.11911 -0.24221)
(-0.12167 0.11957 -0.23980)
(-0.10786 0.10743 -0.22017)
(-0.11450 0.11759 -0.23279)
(-0.11932 0.12766 -0.24354)
(-0.09618 0.11957 -0.20150)
(-0.07433 0.10064 -0.16773)
(-0.08850 0.12872 -0.19688)
(-0.11734 0.16509 -0.22816)
(-0.08435 0.13278 -0.17686)
(-0.08116 0.13783 -0.16935)
(-0.07987 0.14371 -0.16609)
(-0.08237 0.15938 -0.18254)
(-0.03926 0.09657 -0.10405)
(-0.01504 0.04508 -0.04113)
(-0.00705 0.02160 -0.01890)
(0.00022 -0.00069 0.00058)
(0.00246 -0.00802 0.00694)
(0.00325 -0.01031 0.00861)
(-0.00006 -0.00006 -0.00026)
(-0.00117 -0.00093 -0.00324)
(0.00519 0.00459 0.01907)
(0.03243 0.01690 0.06400)
(0.01982 0.00777 0.02750)
(0.03287 0.04012 0.06869)
(0.01833 0.05133 0.06979)
(0.01312 0.07090 0.06299)
(0.03160 0.05537 0.07123)
(0.01291 0.07398 0.06407)
(0.00789 0.07901 0.06212)
(0.00509 0.08347 0.06303)
(-0.03098 0.11710 0.04008)
(-0.08401 0.16135 -0.00240)
(-0.08918 0.16492 -0.00757)
(-0.09292 0.16660 -0.01147)
(-0.11427 0.18423 -0.03126)
(-0.12843 0.18239 -0.06939)
(-0.11699 0.17306 -0.08474)
(-0.12584 0.17223 -0.12042)
(-0.10659 0.14534 -0.11939)
(-0.10687 0.12046 -0.13412)
(-0.10609 0.11790 -0.14036)
(-0.08658 0.08107 -0.14125)
(-0.08513 0.07691 -0.14287)
(-0.06873 0.06204 -0.12180)
(-0.07566 0.06492 -0.13233)
(-0.07789 0.06970 -0.14316)
(-0.10787 0.10371 -0.21728)
(-0.04827 0.04046 -0.11296)
(-0.09201 0.08949 -0.19534)
(-0.09483 0.09635 -0.20278)
(-0.05663 0.07015 -0.14645)
(-0.05158 0.07263 -0.13577)
(-0.06199 0.09084 -0.15186)
(-0.05403 0.08453 -0.14177)
(-0.03353 0.07310 -0.09135)
(-0.04016 0.08313 -0.09953)
(-0.03262 0.07401 -0.08670)
(-0.01691 0.04212 -0.04832)
(-0.00933 0.02368 -0.02599)
(-0.00546 0.01627 -0.01688)
(-0.00034 0.00114 -0.00102)
(0.00153 -0.00657 0.00623)
(0.00247 -0.00833 0.00742)
(0.00468 0.00184 0.00642)
(0.01086 0.00533 0.01525)
(0.02880 0.01437 0.04108)
(0.01411 0.00797 0.01732)
(0.02351 0.03472 0.04819)
(0.01895 0.06074 0.06122)
(0.01261 0.02063 0.02740)
(0.01254 0.04103 0.04143)
(0.01665 0.07262 0.06745)
(0.01404 0.07643 0.06890)
(-0.00882 0.10054 0.05848)
(0.00631 0.08357 0.07105)
(-0.02945 0.11691 0.04552)
(-0.07787 0.15508 0.00258)
(-0.01402 0.11297 0.04412)
(-0.01340 0.10902 0.04005)
(-0.06532 0.13955 -0.00510)
(-0.07905 0.14601 -0.03684)
(-0.03301 0.10644 0.00104)
(-0.04987 0.11293 -0.02859)
(-0.04796 0.09674 -0.04582)
(-0.03784 0.09007 -0.03553)
(-0.03625 0.08470 -0.04044)
(-0.04518 0.08521 -0.04846)
(-0.05135 0.08410 -0.06318)
(-0.06436 0.06935 -0.10300)
(-0.01285 0.04235 -0.03635)
(-0.06225 0.06033 -0.11138)
(-0.05553 0.05095 -0.10480)
(-0.02551 0.01865 -0.07257)
(-0.00388 0.00400 -0.06306)
(-0.02421 0.02991 -0.10094)
(0.02032 -0.01838 -0.02971)
(0.02264 -0.01132 -0.03117)
(0.00288 0.01098 -0.06258)
(-0.00541 0.01767 -0.06387)
(0.00423 0.00896 -0.04167)
(0.00661 0.01589 -0.03982)
(-0.01233 0.04497 -0.07174)
(-0.01987 0.05035 -0.06114)
(0.00124 0.01024 -0.01521)
(-0.00461 0.01395 -0.01627)
(-0.00410 0.01153 -0.01289)
(0.00088 -0.00244 0.00263)
(0.00281 0.00158 0.00343)
(0.00902 0.00531 0.01018)
(0.00688 0.00698 0.01027)
(0.00421 0.00408 0.00572)
(0.00782 0.00935 0.01376)
(0.01526 0.05169 0.05143)
(0.01506 0.07168 0.05813)
(0.01180 0.01456 0.02466)
(0.01585 0.03238 0.03708)
(0.00504 0.06091 0.03722)
(0.01198 0.08892 0.04783)
(0.01053 0.05469 0.03189)
(0.00104 0.08923 0.04233)
(-0.00851 0.09025 0.03186)
(0.01788 0.07869 0.03534)
(0.01083 0.06763 0.03210)
(-0.01448 0.08121 -0.01268)
(-0.01824 0.06986 -0.02626)
(0.02077 0.04666 -0.00112)
(0.02572 0.03166 0.00171)
(0.02059 0.02833 -0.00855)
(0.02826 0.02134 0.00089)
(0.06247 -0.00750 0.02244)
(0.00065 0.02501 -0.03316)
(0.03311 -0.00764 0.00523)
(0.04028 -0.01075 0.01256)
(0.03292 -0.02724 0.01086)
(0.04276 -0.04530 0.02467)
(0.02896 -0.02436 -0.00063)
(0.01467 -0.01460 0.00792)
(0.01647 -0.01340 0.00722)
(0.00751 -0.00374 -0.00126)
(0.00851 -0.00300 -0.00454)
(-0.00062 0.00022 0.00004)
(0.00265 0.00027 -0.00174)
(0.00077 0.00080 -0.00140)
(-0.01125 -0.01133 -0.01614)
(-0.00765 -0.00895 -0.01544)
(0.00867 0.00943 0.01348)
(-0.00809 -0.00839 -0.01212)
(-0.00321 -0.00320 -0.00415)
(0.00690 0.02921 0.01790)
(0.01897 0.02754 0.02066)
(-0.00052 -0.00038 -0.00046)
(-0.00039 -0.00031 -0.00031)
(0.01495 0.02742 0.01630)
(0.02379 0.04232 0.02539)
(0.01035 0.00736 0.00799)
(0.03047 0.01491 0.01876)
(0.05107 0.02145 0.03069)
(0.01867 0.00760 0.01098)
(0.02870 0.00728 0.01571)
(0.03571 -0.00280 0.01745)
(0.04261 -0.00556 0.01663)
(0.00491 -0.00052 0.00261)
(0.00817 -0.00129 0.00347)
(-0.00131 0.00038 -0.00060)
(0.02725 -0.00725 0.00906)
(0.01763 -0.00783 0.00729)
(-0.01001 0.00437 -0.00443)
(-0.00434 0.00266 -0.00198)
(-0.00815 0.00374 -0.00363)
(-0.00674 0.00353 -0.00111)
(0.00400 0.00191 0.00239)
(0.00684 0.00277 0.00399)
(0.00718 0.00177 0.00355)
(-0.00304 0.00039 -0.00171)
)