/*--------------------------------*- C++ -*----------------------------------*\ 
| =========                 |                                                 | 
| \\      /  F ield         | OpenFOAM: The Open Source CFD Toolbox           | 
|  \\    /   O peration     | Version:  4.0                                   | 
|   \\  /    A nd           | Web:      www.OpenFOAM.org                      | 
|    \\/     M anipulation  |                                                 | 
\*---------------------------------------------------------------------------*/ 
FoamFile 
{ 
    version     2.0; 
    format      ascii; 
    class       vectorAverageField; 
    object      values; 
} 
// * * * * * * * * * * * * * * * * * * * * * * * * * * * * * * * * * * * * * // 
 
// Average 
(0 0 0) 
 
// Velocity data on points 
2447
(
(0.00157 0.00144 0.00104)
(-0.00153 -0.00000 -0.00239)
(-0.00467 0.00153 -0.01068)
(-0.00038 0.00029 -0.00430)
(0.00014 -0.00078 0.00787)
(-0.00755 0.00550 -0.03836)
(-0.00029 0.00151 -0.01451)
(-0.00222 0.01876 -0.06435)
(-0.00012 0.00186 -0.00648)
(0.00001 -0.00288 0.00961)
(-0.00081 0.01337 -0.04378)
(0.00006 0.00283 -0.00898)
(-0.00149 -0.00230 0.00718)
(0.00299 0.01947 -0.05298)
(0.00099 0.00072 -0.00210)
(-0.00330 -0.00220 0.00611)
(0.01078 0.00838 -0.02265)
(0.00067 0.00068 -0.00138)
(-0.00614 -0.00640 0.00946)
(0.00124 0.00131 -0.00194)
(0.00221 0.00555 -0.00180)
(-0.00067 -0.00112 0.00016)
(0.00061 0.00078 0.00005)
(0.00015 0.00037 0.00014)
(0.00168 -0.01981 -0.00553)
(-0.00320 -0.01154 -0.00838)
(-0.01530 0.00075 -0.03715)
(-0.02213 0.00953 -0.05150)
(-0.03322 0.00662 -0.08240)
(-0.04129 0.01891 -0.09712)
(-0.02091 0.01610 -0.10292)
(-0.00207 0.02162 -0.10303)
(-0.02700 0.04303 -0.16940)
(-0.00935 0.04552 -0.15215)
(-0.00557 0.03973 -0.12670)
(-0.00242 0.03418 -0.10464)
(-0.01203 0.05795 -0.18075)
(-0.00731 0.05959 -0.17827)
(0.00317 0.07545 -0.19939)
(0.00426 0.04236 -0.11375)
(0.01532 0.03528 -0.09230)
(-0.00794 0.12952 -0.30584)
(-0.00338 0.11712 -0.27345)
(0.02048 0.06036 -0.12671)
(0.01761 0.04339 -0.08028)
(0.03385 0.10760 -0.19471)
(0.03120 0.03807 -0.05534)
(0.01104 0.01231 -0.01645)
(0.03727 0.08781 -0.13115)
(0.00970 0.01139 -0.01294)
(-0.00183 -0.00181 0.00152)
(0.00138 0.00313 -0.00309)
(0.00000 -0.00178 0.00132)
(-0.00059 -0.00615 0.00400)
(-0.00698 -0.01263 0.00581)
(-0.01827 -0.03249 0.01539)
(-0.01178 -0.02564 0.00204)
(0.01144 -0.04419 -0.01395)
(-0.02519 -0.02466 -0.04222)
(-0.02332 -0.01440 -0.05433)
(-0.03970 0.00865 -0.08248)
(-0.05795 0.04073 -0.17707)
(-0.06529 0.05817 -0.23107)
(-0.05028 0.06465 -0.23905)
(-0.04749 0.08348 -0.26856)
(-0.06073 0.07409 -0.26183)
(-0.07060 0.09173 -0.29299)
(-0.04847 0.09126 -0.28234)
(-0.02955 0.09580 -0.27708)
(-0.06978 0.15344 -0.40260)
(-0.03025 0.15644 -0.37867)
(-0.03113 0.17240 -0.40069)
(-0.02626 0.17674 -0.42144)
(-0.01451 0.17728 -0.37696)
(0.00732 0.16959 -0.33233)
(0.03431 0.16349 -0.27331)
(0.00176 0.20606 -0.37275)
(0.05841 0.18649 -0.27784)
(0.06802 0.11609 -0.15311)
(0.04443 0.07089 -0.08940)
(0.05670 0.21041 -0.30772)
(0.06187 0.13615 -0.17736)
(0.03821 0.05103 -0.05154)
(0.00292 0.00288 -0.00228)
(0.02441 0.03066 -0.02421)
(-0.00972 -0.01094 0.00734)
(-0.01933 -0.02100 0.01331)
(0.00012 0.00011 -0.00018)
(-0.00345 -0.00437 0.00583)
(-0.00461 -0.01594 0.01557)
(0.00387 -0.03413 0.02599)
(-0.00334 -0.04848 0.04501)
(0.00338 -0.05151 0.04093)
(-0.00250 -0.05950 0.05348)
(-0.02096 -0.04527 0.03156)
(-0.02458 -0.03883 0.01926)
(-0.01541 -0.03982 0.01125)
(-0.06754 -0.01226 -0.01578)
(-0.05022 -0.01563 -0.03096)
(-0.04364 -0.01224 -0.05537)
(-0.05689 0.01147 -0.11422)
(-0.06939 0.02748 -0.14625)
(-0.09313 0.05948 -0.23798)
(-0.10286 0.07307 -0.27128)
(-0.11051 0.08906 -0.30656)
(-0.07853 0.09136 -0.30944)
(-0.11744 0.14708 -0.40387)
(-0.11683 0.16636 -0.44690)
(-0.10409 0.19388 -0.47730)
(-0.06584 0.18773 -0.46219)
(-0.04099 0.18439 -0.42726)
(-0.05761 0.22696 -0.47622)
(-0.05995 0.26283 -0.51196)
(-0.06637 0.29619 -0.56245)
(0.02369 0.22067 -0.35632)
(-0.02987 0.28013 -0.50711)
(0.04826 0.22451 -0.33404)
(0.07686 0.22936 -0.31142)
(0.06638 0.23201 -0.30307)
(0.07105 0.21744 -0.27513)
(0.06644 0.12944 -0.13944)
(0.02648 0.03020 -0.02305)
(0.10444 0.20047 -0.22809)
(0.07858 0.11873 -0.11478)
(0.01412 0.01532 -0.01051)
(0.00455 0.00493 -0.00322)
(0.00259 0.00099 -0.00329)
(-0.00488 -0.00491 0.00917)
(-0.01101 -0.01334 0.02209)
(-0.01885 -0.03027 0.04229)
(-0.02716 -0.03232 0.05533)
(-0.03136 -0.04071 0.06617)
(-0.02309 -0.04827 0.06023)
(-0.02414 -0.04804 0.05779)
(-0.04450 -0.03388 0.04308)
(-0.07827 -0.00765 -0.01122)
(-0.07790 -0.00575 -0.02092)
(-0.08119 -0.00141 -0.03354)
(-0.09046 0.00256 -0.03044)
(-0.09637 0.00862 -0.04595)
(-0.08038 0.02202 -0.11861)
(-0.11274 0.07001 -0.25230)
(-0.11512 0.07719 -0.27456)
(-0.11738 0.08594 -0.30192)
(-0.12014 0.11177 -0.37075)
(-0.16129 0.17466 -0.47774)
(-0.13094 0.16582 -0.46003)
(-0.13568 0.21725 -0.54326)
(-0.16465 0.26818 -0.62832)
(-0.13784 0.26011 -0.59244)
(-0.12859 0.27415 -0.62104)
(-0.09497 0.31067 -0.61546)
(-0.09025 0.31540 -0.61103)
(-0.08194 0.31726 -0.60156)
(-0.07212 0.31881 -0.59217)
(-0.02032 0.30414 -0.49703)
(0.05946 0.23993 -0.32135)
(0.06619 0.23385 -0.30254)
(0.05632 0.24240 -0.32492)
(0.08639 0.23331 -0.29411)
(0.10504 0.20059 -0.21869)
(0.10135 0.24805 -0.30151)
(0.09260 0.16776 -0.17007)
(0.05924 0.06774 -0.05075)
(0.00630 0.00701 -0.00505)
(0.11044 0.14455 -0.12118)
(0.02636 0.03242 -0.02539)
(0.00150 0.00180 -0.00137)
(-0.00424 -0.00075 0.00529)
(-0.01057 -0.00534 0.01765)
(-0.02433 -0.02733 0.06210)
(-0.02473 -0.02775 0.06620)
(-0.03780 -0.03565 0.08829)
(-0.03958 -0.04045 0.09203)
(-0.04123 -0.04136 0.09248)
(-0.04442 -0.03866 0.09480)
(-0.04798 -0.03831 0.09514)
(-0.03466 -0.03937 0.06925)
(-0.07766 -0.00989 -0.00159)
(-0.08994 -0.00243 -0.00755)
(-0.09706 0.00438 -0.02415)
(-0.10454 0.01195 -0.04371)
(-0.11279 0.01987 -0.06405)
(-0.16184 0.07877 -0.22390)
(-0.12908 0.08306 -0.28203)
(-0.21535 0.12952 -0.32283)
(-0.19497 0.13472 -0.36795)
(-0.13781 0.09655 -0.32527)
(-0.13189 0.09866 -0.33754)
(-0.19705 0.19773 -0.50528)
(-0.24780 0.22346 -0.54510)
(-0.25331 0.24653 -0.63118)
(-0.19810 0.21278 -0.54794)
(-0.18697 0.25426 -0.61428)
(-0.23624 0.32642 -0.73854)
(-0.23227 0.33383 -0.74467)
(-0.23006 0.34120 -0.75237)
(-0.13244 0.31006 -0.66305)
(-0.11468 0.33212 -0.65667)
(-0.10757 0.33374 -0.64776)
(-0.09809 0.33416 -0.63722)
(-0.08364 0.34040 -0.61693)
(-0.02508 0.31953 -0.51386)
(0.00376 0.32584 -0.51389)
(0.03963 0.27921 -0.39965)
(0.06517 0.29436 -0.41027)
(0.09040 0.26177 -0.31732)
(0.10520 0.25132 -0.28940)
(0.15233 0.21376 -0.18977)
(0.09818 0.12868 -0.10773)
(0.11856 0.15932 -0.13635)
(0.04036 0.05021 -0.03978)
(0.01935 0.02380 -0.01869)
(0.00199 -0.00006 -0.00208)
(-0.00055 0.00001 0.00047)
(-0.01886 -0.00644 0.03550)
(-0.02435 -0.01998 0.06718)
(-0.01442 -0.03719 0.07984)
(-0.03112 -0.03626 0.09195)
(-0.04811 -0.03594 0.09743)
(-0.05083 -0.03614 0.09716)
(-0.05987 -0.03259 0.09880)
(-0.06487 -0.02823 0.09263)
(-0.09964 -0.00334 0.03574)
(-0.10383 0.00559 -0.01508)
(-0.13667 0.02321 -0.02564)
(-0.11990 0.01881 -0.04469)
(-0.12143 0.02354 -0.06418)
(-0.16007 0.06418 -0.17645)
(-0.15970 0.05108 -0.11247)
(-0.23711 0.13612 -0.31951)
(-0.24906 0.15770 -0.38434)
(-0.26243 0.20395 -0.48879)
(-0.25678 0.20983 -0.51943)
(-0.29535 0.26913 -0.64620)
(-0.29501 0.29896 -0.75714)
(-0.27329 0.32600 -0.77942)
(-0.25299 0.34473 -0.77203)
(-0.25100 0.35338 -0.78062)
(-0.24958 0.38205 -0.81743)
(-0.19348 0.38313 -0.77238)
(-0.16087 0.37369 -0.74956)
(-0.12547 0.34899 -0.68201)
(-0.12484 0.37522 -0.71231)
(-0.06578 0.35063 -0.60071)
(-0.08794 0.37916 -0.66819)
(-0.00653 0.35037 -0.55628)
(0.02602 0.34755 -0.53748)
(0.04824 0.33133 -0.48972)
(0.05940 0.29932 -0.41123)
(0.07085 0.28465 -0.37734)
(0.14247 0.22422 -0.21659)
(0.14978 0.21746 -0.19873)
(0.06160 0.07871 -0.06429)
(0.14744 0.22131 -0.20804)
(0.12040 0.16271 -0.14019)
(0.04305 0.05529 -0.04098)
(0.00276 0.00428 -0.00308)
(0.00334 -0.00094 -0.00221)
(-0.00011 0.00003 0.00008)
(-0.00721 -0.00122 0.01254)
(-0.01542 -0.00554 0.03238)
(-0.01916 -0.02139 0.07301)
(-0.01521 -0.01578 0.06232)
(-0.00959 -0.03191 0.08201)
(-0.02600 -0.02885 0.08182)
(-0.03636 -0.02813 0.10997)
(-0.05121 -0.02970 0.12865)
(-0.05014 -0.03562 0.10629)
(-0.09417 -0.01370 0.10320)
(-0.12019 0.00752 0.05127)
(-0.15275 0.02446 0.02790)
(-0.19613 0.06301 -0.05767)
(-0.23389 0.11451 -0.18066)
(-0.24241 0.12972 -0.25935)
(-0.30299 0.18228 -0.43911)
(-0.30462 0.20673 -0.46817)
(-0.30285 0.24407 -0.57187)
(-0.32703 0.27945 -0.66414)
(-0.35782 0.34740 -0.77869)
(-0.34948 0.36496 -0.81653)
(-0.35674 0.39278 -0.85616)
(-0.27241 0.35482 -0.79361)
(-0.27047 0.36408 -0.80062)
(-0.29490 0.40339 -0.86609)
(-0.28386 0.42030 -0.90450)
(-0.29272 0.44618 -0.92200)
(-0.23430 0.43510 -0.87044)
(-0.21569 0.43023 -0.84850)
(-0.15378 0.40418 -0.75953)
(-0.04970 0.37722 -0.63303)
(0.03021 0.34535 -0.52941)
(-0.02135 0.34616 -0.53263)
(0.01881 0.31129 -0.43612)
(0.06124 0.29591 -0.38680)
(0.01684 0.31730 -0.44827)
(0.07635 0.28371 -0.35287)
(0.10492 0.26190 -0.29914)
(0.12467 0.22497 -0.21495)
(0.07515 0.27099 -0.31916)
(0.07834 0.14397 -0.12096)
(0.02427 0.03775 -0.02779)
(0.01449 0.02183 -0.01735)
(0.00006 -0.00004 -0.00009)
(-0.00318 0.00212 0.00119)
(-0.01403 -0.00497 0.03779)
(-0.00254 -0.01030 0.04815)
(-0.00215 -0.01447 0.06720)
(-0.00080 -0.02272 0.10358)
(-0.00921 -0.02470 0.09558)
(-0.01885 -0.03017 0.11358)
(-0.01113 -0.02429 0.10842)
(-0.04656 -0.02150 0.12714)
(-0.05200 -0.02118 0.12889)
(-0.07544 -0.01724 0.13796)
(-0.09167 -0.00979 0.14580)
(-0.10004 -0.00592 0.13803)
(-0.12261 0.00179 0.12641)
(-0.17661 0.03805 0.02172)
(-0.17119 0.03850 0.04886)
(-0.20233 0.05270 0.03185)
(-0.19810 0.06124 -0.03092)
(-0.23933 0.11291 -0.15337)
(-0.24699 0.12713 -0.20693)
(-0.29140 0.17583 -0.35660)
(-0.30671 0.21502 -0.45557)
(-0.34807 0.28120 -0.59051)
(-0.38456 0.35983 -0.75756)
(-0.38887 0.37465 -0.78886)
(-0.40115 0.39968 -0.83579)
(-0.38077 0.40010 -0.87329)
(-0.37036 0.42892 -0.92944)
(-0.34364 0.44152 -0.94768)
(-0.33040 0.44982 -0.95441)
(-0.32038 0.46376 -0.96657)
(-0.31388 0.46154 -0.95437)
(-0.28576 0.46474 -0.95271)
(-0.21733 0.43776 -0.85088)
(-0.23994 0.46012 -0.89769)
(-0.16250 0.42294 -0.78557)
(-0.15822 0.41233 -0.74191)
(-0.12905 0.40240 -0.69099)
(-0.14539 0.40730 -0.70387)
(-0.02244 0.35131 -0.54083)
(-0.02481 0.35613 -0.55151)
(0.01166 0.32809 -0.46567)
(-0.00782 0.33616 -0.47659)
(0.02951 0.30554 -0.39618)
(0.04840 0.27894 -0.32892)
(0.08301 0.22146 -0.20996)
(0.02927 0.07402 -0.05741)
(-0.00321 -0.00843 0.00590)
(0.02316 0.18639 -0.19070)
(0.00036 0.00020 0.00162)
(0.00141 -0.00068 0.00912)
(0.01057 -0.00076 0.01286)
(0.00755 -0.00628 0.02429)
(0.01161 -0.01659 0.06047)
(0.00300 -0.02088 0.09744)
(0.00013 -0.02289 0.11196)
(-0.00371 -0.02374 0.11347)
(-0.01118 -0.02483 0.12692)
(-0.06101 -0.01112 0.13637)
(-0.08970 -0.01052 0.15564)
(-0.10011 -0.00489 0.14974)
(-0.13455 0.01771 0.10309)
(-0.20791 0.07663 0.00680)
(-0.22583 0.10038 -0.05896)
(-0.28613 0.16159 -0.20772)
(-0.27193 0.15670 -0.21968)
(-0.33926 0.23029 -0.37480)
(-0.33982 0.24280 -0.35631)
(-0.34100 0.24599 -0.45664)
(-0.36749 0.30003 -0.60212)
(-0.39088 0.36900 -0.75234)
(-0.39559 0.38313 -0.77970)
(-0.40024 0.39677 -0.80602)
(-0.40693 0.42713 -0.86553)
(-0.39120 0.43470 -0.93242)
(-0.41707 0.47759 -0.94391)
(-0.38211 0.45177 -0.96424)
(-0.37633 0.46634 -0.98456)
(-0.35857 0.48029 -0.99663)
(-0.35300 0.47826 -0.99251)
(-0.32517 0.48988 -0.99840)
(-0.30626 0.48405 -0.97868)
(-0.30447 0.48603 -0.97867)
(-0.22348 0.44755 -0.85968)
(-0.20712 0.44677 -0.83489)
(-0.16616 0.41960 -0.74131)
(-0.16624 0.42038 -0.73675)
(-0.14237 0.40839 -0.70027)
(-0.10062 0.39506 -0.64449)
(-0.05624 0.36602 -0.54920)
(-0.04254 0.33517 -0.46040)
(-0.07086 0.35023 -0.49493)
(-0.00521 0.30121 -0.37530)
(-0.05984 0.33376 -0.45481)
(0.00906 0.28043 -0.31725)
(0.01627 0.15135 -0.12721)
(0.00120 0.01021 -0.00610)
(-0.00013 -0.00372 0.00221)
(-0.00060 0.00000 -0.00067)
(0.00104 -0.00004 0.00109)
(0.00762 -0.00045 0.00821)
(0.02345 -0.00282 0.02570)
(0.02969 -0.01101 0.03881)
(0.02985 -0.00462 0.03354)
(0.02079 -0.01396 0.06897)
(0.00594 -0.02231 0.10607)
(-0.00748 -0.02386 0.12674)
(-0.00263 -0.02341 0.12602)
(-0.01503 -0.02330 0.14296)
(-0.07837 -0.00551 0.16252)
(-0.05527 -0.00258 0.17664)
(-0.09705 -0.00561 0.16352)
(-0.11228 0.00989 0.16275)
(-0.19281 0.07377 0.07097)
(-0.23417 0.11057 -0.02911)
(-0.26793 0.14310 -0.11656)
(-0.33743 0.24399 -0.33830)
(-0.34921 0.26082 -0.40171)
(-0.34774 0.26399 -0.38706)
(-0.35806 0.27799 -0.43854)
(-0.39575 0.38114 -0.75422)
(-0.40036 0.39350 -0.77574)
(-0.40419 0.40521 -0.80000)
(-0.40734 0.42959 -0.84599)
(-0.42678 0.48788 -0.94310)
(-0.40777 0.48362 -0.98767)
(-0.41416 0.52628 -1.03210)
(-0.40972 0.52510 -1.03850)
(-0.40680 0.52445 -1.04420)
(-0.36458 0.50083 -1.02230)
(-0.32226 0.49249 -0.99781)
(-0.30464 0.48880 -0.98095)
(-0.27246 0.48225 -0.93243)
(-0.18684 0.43109 -0.77069)
(-0.18996 0.43242 -0.76863)
(-0.17516 0.43015 -0.73834)
(-0.12083 0.39686 -0.62737)
(-0.14591 0.41297 -0.65911)
(-0.09199 0.36978 -0.54477)
(-0.10457 0.36839 -0.53435)
(-0.09087 0.35659 -0.50704)
(-0.08156 0.34512 -0.47969)
(-0.07296 0.33504 -0.45575)
(-0.03923 0.21048 -0.20040)
(0.00070 0.05531 -0.03484)
(-0.00116 0.02175 -0.01364)
(0.00077 -0.02186 0.01305)
(0.00252 -0.00006 0.00191)
(0.00912 -0.00073 0.00930)
(0.01741 -0.00182 0.01842)
(0.01583 -0.00154 0.01589)
(0.03108 -0.00482 0.03524)
(0.03209 -0.00655 0.03993)
(0.01292 -0.01963 0.10920)
(0.04100 -0.02862 0.10134)
(0.00358 -0.02374 0.12572)
(-0.00711 -0.02289 0.14262)
(-0.03678 -0.01146 0.19148)
(-0.07498 0.00068 0.24245)
(-0.10030 0.01001 0.19776)
(-0.10852 0.01335 0.22872)
(-0.15275 0.05105 0.13724)
(-0.18638 0.07247 0.08677)
(-0.23325 0.11232 0.04222)
(-0.25153 0.13884 -0.04026)
(-0.30352 0.21218 -0.23572)
(-0.34610 0.26681 -0.37244)
(-0.35795 0.28514 -0.43282)
(-0.35705 0.28967 -0.42249)
(-0.38579 0.35155 -0.56942)
(-0.41243 0.41849 -0.73581)
(-0.41731 0.44650 -0.79145)
(-0.42520 0.48584 -0.86622)
(-0.44035 0.52639 -0.92757)
(-0.42766 0.51848 -0.98795)
(-0.42142 0.51706 -1.02100)
(-0.41413 0.52991 -1.04140)
(-0.41120 0.52874 -1.04830)
(-0.39356 0.52013 -1.05750)
(-0.33754 0.49794 -1.01490)
(-0.33620 0.49935 -1.01570)
(-0.32117 0.49517 -0.99831)
(-0.32097 0.50009 -0.98709)
(-0.26704 0.48109 -0.92194)
(-0.27217 0.48332 -0.92344)
(-0.24534 0.46590 -0.83629)
(-0.29064 0.49037 -0.90922)
(-0.22571 0.46629 -0.81199)
(-0.20226 0.44632 -0.75075)
(-0.24734 0.48132 -0.83894)
(-0.16282 0.40840 -0.64109)
(-0.12742 0.37911 -0.55780)
(-0.11373 0.36709 -0.52998)
(-0.11274 0.36121 -0.51587)
(-0.11323 0.35606 -0.50362)
(-0.09784 0.34325 -0.47367)
(-0.14139 0.32680 -0.42543)
(-0.06544 0.22566 -0.21936)
(-0.01713 0.07897 -0.06177)
(0.00105 -0.00876 0.00552)
(-0.00014 0.00000 -0.00012)
(0.00232 -0.00025 0.00198)
(0.01588 -0.00272 0.01300)
(0.02804 -0.00340 0.02973)
(0.04570 -0.01885 0.05280)
(0.05380 -0.02341 0.06403)
(0.06113 -0.02895 0.07004)
(0.04285 -0.02710 0.10253)
(0.02654 -0.03139 0.13228)
(0.04474 -0.03554 0.15702)
(0.04131 -0.03777 0.16291)
(0.01702 -0.03812 0.17884)
(-0.00381 -0.02816 0.20996)
(-0.06168 -0.00328 0.24240)
(-0.08711 0.00501 0.27073)
(-0.12580 0.05079 0.19084)
(-0.17203 0.07128 0.14505)
(-0.21156 0.11309 0.05203)
(-0.22472 0.12904 0.01609)
(-0.26924 0.22250 -0.17224)
(-0.29344 0.26160 -0.26096)
(-0.36341 0.36965 -0.47735)
(-0.38364 0.37231 -0.55003)
(-0.37521 0.40982 -0.55115)
(-0.41562 0.47449 -0.73181)
(-0.42858 0.50522 -0.77852)
(-0.42817 0.51854 -0.85874)
(-0.43632 0.54176 -0.90484)
(-0.43670 0.54173 -0.97798)
(-0.43333 0.56485 -0.96635)
(-0.44107 0.55206 -1.01240)
(-0.42861 0.54499 -1.03500)
(-0.42213 0.53865 -1.05400)
(-0.41689 0.53814 -1.07760)
(-0.39589 0.52341 -1.06650)
(-0.39230 0.52381 -1.08520)
(-0.36623 0.51739 -1.04100)
(-0.36989 0.51861 -1.05100)
(-0.34768 0.51334 -1.00470)
(-0.34935 0.51397 -1.00380)
(-0.35214 0.51072 -0.96294)
(-0.29524 0.49500 -0.89311)
(-0.32582 0.49675 -0.88226)
(-0.26616 0.46882 -0.79433)
(-0.23431 0.44484 -0.73442)
(-0.23640 0.43323 -0.68160)
(-0.24754 0.41265 -0.62896)
(-0.16168 0.35776 -0.50372)
(-0.18502 0.31406 -0.41377)
(-0.13979 0.27811 -0.33110)
(-0.22066 0.35152 -0.50820)
(-0.18333 0.29570 -0.37242)
(-0.05860 0.11943 -0.11758)
(-0.00284 0.00625 -0.00513)
(0.00678 -0.01277 0.00960)
(0.00122 -0.00008 0.00106)
(0.00703 -0.00078 0.00620)
(0.04429 -0.00904 0.03509)
(0.06160 -0.02402 0.05364)
(0.06618 -0.02699 0.05951)
(0.07127 -0.03977 0.08266)
(0.07768 -0.03928 0.07294)
(0.05376 -0.03851 0.13181)
(0.04600 -0.03804 0.16674)
(0.03146 -0.03727 0.21302)
(0.01833 -0.03256 0.20753)
(-0.01508 -0.02832 0.25148)
(-0.04458 -0.00444 0.25057)
(-0.09854 0.04489 0.20773)
(-0.14022 0.12380 0.10265)
(-0.15386 0.14564 0.05977)
(-0.17385 0.14327 0.04294)
(-0.24377 0.20956 -0.09286)
(-0.28163 0.26508 -0.23788)
(-0.31327 0.33621 -0.36444)
(-0.35428 0.42525 -0.52813)
(-0.39710 0.46897 -0.66590)
(-0.42827 0.51596 -0.77120)
(-0.42076 0.53469 -0.80625)
(-0.42135 0.59189 -0.90609)
(-0.41985 0.59311 -0.92370)
(-0.42945 0.55995 -0.99586)
(-0.42862 0.55990 -1.03620)
(-0.43249 0.56474 -1.06110)
(-0.43194 0.56220 -1.06780)
(-0.41275 0.53801 -1.09350)
(-0.41351 0.53720 -1.09920)
(-0.37928 0.52082 -1.06640)
(-0.39917 0.52056 -1.07070)
(-0.35379 0.51296 -1.01920)
(-0.36202 0.51407 -1.02010)
(-0.38412 0.52018 -0.99072)
(-0.38200 0.51628 -0.95152)
(-0.38365 0.51551 -0.94207)
(-0.36355 0.50806 -0.90946)
(-0.26930 0.45698 -0.76272)
(-0.35415 0.49020 -0.85916)
(-0.29334 0.45818 -0.75194)
(-0.28213 0.43563 -0.68353)
(-0.29855 0.42249 -0.65382)
(-0.23100 0.35898 -0.52700)
(-0.21232 0.32209 -0.43612)
(-0.19100 0.30070 -0.38430)
(-0.19315 0.27890 -0.34855)
(-0.10359 0.16069 -0.16338)
(-0.01433 0.02656 -0.02098)
(-0.01099 0.01250 -0.01047)
(-0.00190 0.00008 -0.00192)
(0.00865 -0.00066 0.00728)
(0.00075 -0.00004 0.00075)
(0.01055 -0.00096 0.00963)
(0.03298 -0.00747 0.03681)
(0.07012 -0.03173 0.06296)
(0.05549 -0.02502 0.06066)
(0.07508 -0.03899 0.07721)
(0.07402 -0.04404 0.10387)
(0.07494 -0.04598 0.11110)
(0.08480 -0.05795 0.14737)
(0.06397 -0.04909 0.16511)
(0.05992 -0.05315 0.20493)
(0.02473 -0.03189 0.26139)
(0.00807 -0.02153 0.27136)
(-0.03687 0.00515 0.25645)
(-0.10475 0.09694 0.12902)
(-0.14012 0.13897 0.07896)
(-0.16305 0.16683 0.02123)
(-0.23705 0.25174 -0.14000)
(-0.27899 0.33394 -0.29205)
(-0.32210 0.41299 -0.43566)
(-0.36915 0.52058 -0.61537)
(-0.36398 0.44939 -0.57464)
(-0.38786 0.51427 -0.70196)
(-0.41860 0.57352 -0.82644)
(-0.41771 0.59857 -0.89507)
(-0.41610 0.59942 -0.90982)
(-0.41798 0.59295 -0.93835)
(-0.42110 0.56657 -1.01300)
(-0.42952 0.56881 -1.05720)
(-0.42988 0.56673 -1.06210)
(-0.41978 0.54639 -1.08870)
(-0.41310 0.53963 -1.09350)
(-0.40528 0.52563 -1.10170)
(-0.40639 0.52656 -1.09640)
(-0.40590 0.52622 -1.08960)
(-0.39502 0.52406 -1.05000)
(-0.39743 0.52043 -1.00290)
(-0.39260 0.51910 -0.96254)
(-0.39525 0.51864 -0.95462)
(-0.38675 0.51520 -0.93475)
(-0.38293 0.51216 -0.91788)
(-0.34961 0.46938 -0.80777)
(-0.31003 0.43390 -0.69759)
(-0.28708 0.40069 -0.63863)
(-0.26575 0.37790 -0.58973)
(-0.27069 0.35025 -0.54704)
(-0.24473 0.31895 -0.44948)
(-0.25064 0.29538 -0.40155)
(-0.14454 0.16277 -0.15448)
(-0.02652 0.02903 -0.02438)
(-0.00168 0.00007 -0.00195)
(0.00326 -0.00024 0.00359)
(0.02423 -0.00343 0.02146)
(0.01753 -0.00274 0.01751)
(0.02432 -0.00458 0.02354)
(0.04956 -0.02845 0.07569)
(0.06235 -0.03767 0.09121)
(0.06729 -0.04568 0.11959)
(0.07024 -0.05760 0.16964)
(0.07455 -0.06299 0.18277)
(0.06608 -0.06026 0.20898)
(0.03592 -0.03885 0.26076)
(0.02694 -0.03123 0.26736)
(0.01718 -0.02141 0.27214)
(0.00553 -0.01603 0.27400)
(-0.04943 0.05590 0.17263)
(-0.10826 0.11578 0.11446)
(-0.13726 0.15276 0.06119)
(-0.17917 0.23401 -0.06133)
(-0.17198 0.19033 -0.01895)
(-0.27089 0.35127 -0.28915)
(-0.28074 0.37209 -0.32510)
(-0.35971 0.51957 -0.59563)
(-0.37468 0.53661 -0.64294)
(-0.37784 0.54887 -0.66246)
(-0.41394 0.60641 -0.88557)
(-0.41231 0.60643 -0.89652)
(-0.41442 0.59881 -0.92533)
(-0.41193 0.59747 -0.93973)
(-0.40142 0.58076 -1.01040)
(-0.39692 0.56512 -1.05580)
(-0.40993 0.54465 -1.09400)
(-0.39920 0.54450 -1.09800)
(-0.40084 0.53541 -1.09770)
(-0.40793 0.52639 -1.09980)
(-0.40943 0.52580 -1.09710)
(-0.41064 0.52646 -1.08990)
(-0.42130 0.52644 -1.06770)
(-0.40329 0.52167 -0.97294)
(-0.40664 0.52143 -0.96692)
(-0.39937 0.51851 -0.94706)
(-0.41309 0.51153 -0.92330)
(-0.37076 0.47113 -0.82221)
(-0.36117 0.46416 -0.80305)
(-0.35868 0.42707 -0.71666)
(-0.32075 0.38387 -0.63919)
(-0.31035 0.37317 -0.61516)
(-0.32002 0.37503 -0.62424)
(-0.31084 0.36563 -0.60299)
(-0.30129 0.35406 -0.57823)
(-0.25945 0.29473 -0.40776)
(-0.19735 0.21426 -0.20973)
(-0.18028 0.18770 -0.17874)
(-0.04294 0.04483 -0.03755)
(0.01268 -0.01325 0.01042)
(-0.00058 0.00002 -0.00079)
(0.00507 -0.00047 0.00639)
(0.01698 -0.01038 0.03733)
(0.03219 -0.01261 0.04099)
(0.02936 -0.02345 0.04561)
(0.04988 -0.03112 0.06907)
(0.06119 -0.04392 0.11147)
(0.06830 -0.05653 0.16345)
(0.07282 -0.06216 0.17960)
(0.08278 -0.07641 0.21863)
(0.07361 -0.06186 0.22536)
(0.03737 -0.03782 0.26751)
(0.02762 -0.02761 0.27215)
(0.01002 -0.00073 0.27978)
(0.00746 -0.00898 0.27507)
(-0.05985 0.08354 0.20016)
(-0.09288 0.13130 0.12121)
(-0.14573 0.21833 -0.00994)
(-0.22913 0.32114 -0.19462)
(-0.25964 0.38235 -0.30501)
(-0.32013 0.47701 -0.48384)
(-0.36689 0.53598 -0.62389)
(-0.36008 0.53448 -0.60491)
(-0.37214 0.55081 -0.64885)
(-0.38910 0.60417 -0.76723)
(-0.39904 0.62959 -0.82481)
(-0.41076 0.60491 -0.91167)
(-0.39712 0.60177 -0.95254)
(-0.39368 0.59489 -0.98850)
(-0.38532 0.58618 -1.01920)
(-0.38563 0.55115 -1.07930)
(-0.37854 0.53773 -1.09460)
(-0.39669 0.53790 -1.10100)
(-0.40691 0.53126 -1.09950)
(-0.40789 0.52408 -1.10230)
(-0.41291 0.52597 -1.09440)
(-0.43572 0.53075 -1.07160)
(-0.42365 0.52558 -1.01940)
(-0.44860 0.53477 -1.00650)
(-0.44126 0.52159 -0.96250)
(-0.45387 0.52146 -0.94509)
(-0.41258 0.49003 -0.87482)
(-0.38876 0.46500 -0.80194)
(-0.42057 0.47146 -0.82731)
(-0.37527 0.43146 -0.74439)
(-0.32966 0.38136 -0.64072)
(-0.31393 0.36090 -0.59847)
(-0.31183 0.32607 -0.52669)
(-0.28021 0.28128 -0.40157)
(-0.20408 0.21201 -0.21355)
(-0.21544 0.20854 -0.22601)
(-0.06020 0.06016 -0.05044)
(0.00260 -0.00260 0.00199)
(-0.00002 -0.00006 0.00041)
(0.00431 -0.00289 0.01153)
(-0.00228 -0.00143 0.00901)
(0.01771 -0.01880 0.03769)
(0.02194 -0.02282 0.04213)
(0.03531 -0.02943 0.04990)
(0.05250 -0.04607 0.07532)
(0.05719 -0.05758 0.11127)
(0.07094 -0.06074 0.13389)
(0.06829 -0.05930 0.17432)
(0.08932 -0.09017 0.20925)
(0.08215 -0.07605 0.23350)
(0.05162 -0.04422 0.26400)
(0.02742 -0.01299 0.26074)
(-0.02892 0.07188 0.20530)
(-0.04253 0.09983 0.23319)
(-0.09527 0.16752 0.09899)
(-0.21320 0.32629 -0.16512)
(-0.19494 0.30534 -0.10307)
(-0.27221 0.42476 -0.34207)
(-0.30359 0.48427 -0.41242)
(-0.34816 0.55918 -0.53526)
(-0.36690 0.54986 -0.63253)
(-0.37757 0.61801 -0.73129)
(-0.38182 0.65266 -0.78008)
(-0.39859 0.63668 -0.86372)
(-0.38792 0.63463 -0.90578)
(-0.38535 0.60719 -0.96704)
(-0.38332 0.60431 -0.99037)
(-0.37629 0.56151 -1.06040)
(-0.39043 0.56312 -1.06860)
(-0.39903 0.53976 -1.09800)
(-0.40283 0.53556 -1.09830)
(-0.40449 0.52830 -1.10410)
(-0.42686 0.53005 -1.09560)
(-0.44229 0.53436 -1.08410)
(-0.46432 0.53664 -1.06280)
(-0.46702 0.53755 -1.05640)
(-0.46528 0.53023 -0.98020)
(-0.47088 0.52632 -0.96567)
(-0.43763 0.50089 -0.89639)
(-0.44200 0.47280 -0.83922)
(-0.38565 0.42813 -0.73055)
(-0.37689 0.39355 -0.66065)
(-0.31770 0.35734 -0.59867)
(-0.37602 0.35075 -0.58044)
(-0.31999 0.30623 -0.46914)
(-0.29237 0.27282 -0.38888)
(-0.27389 0.22523 -0.31637)
(-0.23846 0.19442 -0.21945)
(-0.09283 0.07144 -0.05541)
(-0.00607 0.00489 -0.00231)
(-0.00056 -0.00031 0.00180)
(0.00001 -0.01122 0.02220)
(0.00784 -0.02264 0.04172)
(0.01474 -0.04176 0.05349)
(0.02383 -0.04184 0.05708)
(0.04654 -0.05709 0.09992)
(0.07658 -0.09250 0.14902)
(0.07878 -0.08200 0.14166)
(0.08605 -0.09856 0.17064)
(0.08228 -0.09313 0.20857)
(0.07353 -0.06878 0.25590)
(0.04960 -0.03159 0.26035)
(-0.00309 0.02538 0.24081)
(0.01541 0.01214 0.22950)
(-0.04392 0.09203 0.19856)
(-0.11571 0.18462 0.08128)
(-0.21860 0.36141 -0.13529)
(-0.24223 0.40003 -0.23087)
(-0.28370 0.48788 -0.35434)
(-0.31078 0.52809 -0.42683)
(-0.35737 0.61022 -0.58328)
(-0.38209 0.65696 -0.66267)
(-0.38196 0.66086 -0.72320)
(-0.38883 0.65520 -0.80947)
(-0.38622 0.64935 -0.87283)
(-0.36953 0.63571 -0.92290)
(-0.37043 0.62843 -0.94110)
(-0.37115 0.58418 -1.01850)
(-0.37880 0.57139 -1.04720)
(-0.38260 0.54492 -1.08640)
(-0.39066 0.53323 -1.09950)
(-0.41636 0.53547 -1.09300)
(-0.42699 0.53110 -1.09630)
(-0.45111 0.54059 -1.07650)
(-0.46577 0.53728 -1.06330)
(-0.49027 0.54642 -1.04330)
(-0.48642 0.53524 -1.00700)
(-0.52366 0.53757 -0.97142)
(-0.49319 0.52256 -0.94238)
(-0.47315 0.47525 -0.84723)
(-0.43932 0.46280 -0.82360)
(-0.42038 0.43845 -0.76509)
(-0.45360 0.42638 -0.72483)
(-0.44112 0.41204 -0.69552)
(-0.38490 0.35729 -0.59360)
(-0.31590 0.27663 -0.43610)
(-0.29226 0.23965 -0.34359)
(-0.27176 0.21600 -0.27089)
(-0.17150 0.12542 -0.11435)
(-0.07907 0.05894 -0.04172)
(-0.01155 0.00852 -0.00511)
(0.00045 0.00062 -0.00124)
(-0.00178 -0.00210 0.00473)
(-0.00104 -0.01452 0.01696)
(0.00191 -0.03200 0.04147)
(0.00628 -0.04062 0.04769)
(0.01141 -0.04746 0.05624)
(0.03234 -0.05840 0.09323)
(0.01225 -0.05081 0.06199)
(0.04870 -0.07515 0.13447)
(0.07667 -0.09583 0.15912)
(0.08257 -0.09875 0.17454)
(0.04799 -0.06991 0.18871)
(0.06898 -0.07235 0.23174)
(0.03911 -0.03495 0.22036)
(-0.04283 0.06063 0.15955)
(-0.05001 0.08470 0.17938)
(-0.08105 0.10249 0.13701)
(-0.09818 0.15231 0.09802)
(-0.22432 0.36314 -0.13246)
(-0.24403 0.40123 -0.19339)
(-0.26495 0.43620 -0.24077)
(-0.31273 0.51363 -0.36627)
(-0.36174 0.63353 -0.57883)
(-0.37799 0.66781 -0.60430)
(-0.39636 0.70960 -0.68468)
(-0.38674 0.69372 -0.73886)
(-0.38170 0.67476 -0.78766)
(-0.37785 0.67456 -0.85010)
(-0.36847 0.66554 -0.88219)
(-0.36592 0.65895 -0.89819)
(-0.36563 0.59887 -0.98997)
(-0.37521 0.57527 -1.04040)
(-0.37999 0.56608 -1.05440)
(-0.37948 0.54879 -1.07560)
(-0.41332 0.54847 -1.06870)
(-0.43885 0.54289 -1.07720)
(-0.46933 0.55067 -1.05520)
(-0.47779 0.54911 -1.06070)
(-0.49517 0.55227 -1.03640)
(-0.52590 0.54246 -0.98604)
(-0.53150 0.54075 -0.97316)
(-0.52681 0.53428 -0.96037)
(-0.52948 0.53002 -0.95115)
(-0.46862 0.44825 -0.77104)
(-0.46333 0.42906 -0.72941)
(-0.44200 0.40718 -0.68480)
(-0.43180 0.37497 -0.64175)
(-0.39776 0.34447 -0.57322)
(-0.34876 0.28673 -0.44846)
(-0.35092 0.26856 -0.37691)
(-0.33402 0.24964 -0.33560)
(-0.27390 0.18183 -0.17956)
(-0.16824 0.09595 -0.05148)
(-0.01735 0.00963 -0.00316)
(-0.01741 0.00931 -0.00259)
(-0.00224 -0.00211 0.00364)
(-0.00281 -0.02052 0.02260)
(0.00230 -0.04196 0.04470)
(0.00537 -0.04467 0.04889)
(0.00870 -0.04844 0.05450)
(0.00979 -0.05225 0.05933)
(0.02837 -0.06733 0.11264)
(0.04528 -0.07843 0.12987)
(0.07762 -0.09861 0.16625)
(0.02797 -0.05740 0.16215)
(0.01686 -0.03016 0.18979)
(-0.06300 0.07358 0.14552)
(-0.08410 0.09883 0.12616)
(-0.10049 0.12593 0.11744)
(-0.15918 0.23292 0.00266)
(-0.24668 0.39717 -0.17928)
(-0.25654 0.39866 -0.17532)
(-0.26757 0.43308 -0.22493)
(-0.33217 0.54210 -0.34117)
(-0.38165 0.64158 -0.47633)
(-0.37144 0.62613 -0.48325)
(-0.38871 0.68724 -0.56087)
(-0.40810 0.73234 -0.64585)
(-0.40625 0.73801 -0.66384)
(-0.38442 0.69785 -0.76343)
(-0.36918 0.67748 -0.86845)
(-0.36655 0.67039 -0.88378)
(-0.36247 0.65269 -0.91121)
(-0.35853 0.60993 -0.98484)
(-0.37679 0.57124 -1.04530)
(-0.38897 0.56791 -1.04380)
(-0.40988 0.55450 -1.05700)
(-0.42868 0.55126 -1.06320)
(-0.47095 0.55368 -1.04910)
(-0.48266 0.55582 -1.04770)
(-0.49513 0.56045 -1.04100)
(-0.53559 0.54668 -0.98396)
(-0.54101 0.54525 -0.97392)
(-0.53558 0.53755 -0.96268)
(-0.54038 0.53348 -0.95305)
(-0.50404 0.47369 -0.81627)
(-0.49697 0.42811 -0.73939)
(-0.45576 0.35606 -0.60048)
(-0.43089 0.32485 -0.53936)
(-0.38923 0.30415 -0.48436)
(-0.35514 0.25206 -0.33169)
(-0.34400 0.24244 -0.31215)
(-0.26764 0.15269 -0.10076)
(-0.19727 0.10897 -0.05300)
(-0.10704 0.05818 -0.02245)
(-0.20350 0.10824 -0.04498)
(-0.02843 0.01462 -0.00305)
(-0.00057 -0.00056 0.00094)
(-0.00441 -0.00443 0.00720)
(-0.00286 -0.00295 0.00486)
(-0.01088 -0.01150 0.01741)
(-0.00873 -0.03122 0.03178)
(-0.00699 -0.03754 0.04351)
(0.00191 -0.04559 0.04603)
(-0.00198 -0.04967 0.04969)
(0.00620 -0.04907 0.05228)
(0.00385 -0.05612 0.06437)
(0.00893 -0.05863 0.08039)
(0.01728 -0.06248 0.10260)
(-0.00479 -0.04025 0.11818)
(0.00708 -0.04546 0.14440)
(-0.02420 -0.01383 0.13568)
(-0.05180 0.04557 0.13757)
(-0.09297 0.10099 0.11112)
(-0.10759 0.12741 0.10309)
(-0.15913 0.18513 0.04745)
(-0.32565 0.41747 -0.17421)
(-0.27570 0.43136 -0.21514)
(-0.37248 0.57173 -0.32855)
(-0.43133 0.69080 -0.44891)
(-0.40900 0.70989 -0.55531)
(-0.42060 0.74953 -0.61264)
(-0.41277 0.74773 -0.65233)
(-0.40137 0.73686 -0.71261)
(-0.38468 0.71738 -0.81760)
(-0.36760 0.68363 -0.86988)
(-0.36241 0.66139 -0.90013)
(-0.36163 0.62786 -0.95095)
(-0.36972 0.58094 -1.01890)
(-0.38587 0.57524 -1.01940)
(-0.40384 0.56285 -1.03020)
(-0.42789 0.55487 -1.05170)
(-0.46801 0.55625 -1.04630)
(-0.48595 0.55900 -1.04180)
(-0.50203 0.56440 -1.03460)
(-0.53492 0.55586 -0.99371)
(-0.55966 0.55433 -0.98061)
(-0.54574 0.54195 -0.96402)
(-0.56517 0.52781 -0.92150)
(-0.55115 0.49845 -0.85343)
(-0.54979 0.46576 -0.79232)
(-0.49667 0.39615 -0.66783)
(-0.45774 0.33849 -0.56131)
(-0.44092 0.32101 -0.52297)
(-0.40777 0.28779 -0.41143)
(-0.33178 0.20816 -0.21168)
(-0.27721 0.15401 -0.09821)
(-0.27606 0.14725 -0.08037)
(-0.26889 0.13845 -0.05695)
(-0.17952 0.09085 -0.02748)
(-0.03027 0.01382 0.00274)
(0.02417 -0.01084 -0.00335)
(-0.00026 -0.00023 0.00057)
(-0.00325 -0.00296 0.00696)
(-0.01641 -0.01949 0.02579)
(-0.00925 -0.01041 0.01687)
(-0.01728 -0.02409 0.02602)
(-0.00924 -0.03475 0.03117)
(-0.00713 -0.04032 0.03119)
(-0.00678 -0.04441 0.04452)
(-0.01051 -0.04165 0.04795)
(-0.00225 -0.05538 0.06871)
(0.00268 -0.06759 0.07312)
(-0.01809 -0.04223 0.06607)
(-0.02456 -0.03400 0.10010)
(-0.06970 0.00986 0.07260)
(-0.09198 0.05495 0.06662)
(-0.12489 0.09188 0.04296)
(-0.22592 0.21314 -0.04859)
(-0.11911 0.13264 0.08544)
(-0.22034 0.24110 -0.02427)
(-0.35429 0.41491 -0.19047)
(-0.36849 0.48002 -0.25882)
(-0.41746 0.59927 -0.34337)
(-0.46029 0.67730 -0.42127)
(-0.43714 0.73899 -0.50743)
(-0.45789 0.77359 -0.55542)
(-0.45834 0.81712 -0.61665)
(-0.41660 0.78951 -0.70763)
(-0.40371 0.76689 -0.75648)
(-0.39333 0.75264 -0.79946)
(-0.37089 0.69391 -0.87421)
(-0.36244 0.64546 -0.92368)
(-0.35761 0.61189 -0.97386)
(-0.38787 0.59095 -0.99366)
(-0.39952 0.57841 -1.00440)
(-0.42621 0.56375 -1.02650)
(-0.46767 0.57488 -1.00680)
(-0.48817 0.56174 -1.03530)
(-0.54010 0.58519 -1.01130)
(-0.56781 0.58299 -0.99829)
(-0.61610 0.59650 -0.97023)
(-0.61554 0.56905 -0.93401)
(-0.61322 0.55765 -0.92196)
(-0.60086 0.51616 -0.85309)
(-0.56788 0.46797 -0.78653)
(-0.52368 0.41869 -0.69661)
(-0.50940 0.38748 -0.62006)
(-0.45532 0.32671 -0.52304)
(-0.41208 0.26249 -0.31260)
(-0.38547 0.23721 -0.26009)
(-0.38480 0.22163 -0.21929)
(-0.33610 0.16460 -0.06577)
(-0.27682 0.12839 -0.01307)
(-0.16845 0.07032 0.01319)
(-0.04780 0.01897 0.00890)
(0.01799 -0.00626 -0.00758)
(-0.00173 -0.00137 0.00382)
(-0.00962 -0.00874 0.02026)
(-0.01906 -0.01625 0.03306)
(-0.01774 -0.02661 0.03386)
(-0.01217 -0.03789 0.03343)
(-0.00948 -0.04048 0.03371)
(-0.02455 -0.01936 0.03185)
(-0.01271 -0.03866 0.04470)
(-0.02183 -0.03078 0.03993)
(-0.03037 -0.02445 0.04218)
(-0.01331 -0.04525 0.06029)
(-0.04423 -0.01895 0.04981)
(-0.05310 -0.01456 0.05392)
(-0.09435 0.01842 0.00447)
(-0.10067 0.02437 0.00691)
(-0.10846 0.06532 0.04637)
(-0.13009 0.05119 -0.00683)
(-0.15856 0.11271 0.00126)
(-0.26238 0.22085 -0.10047)
(-0.31017 0.31864 -0.12932)
(-0.38397 0.43240 -0.22198)
(-0.39661 0.46803 -0.23659)
(-0.47091 0.61896 -0.33827)
(-0.55653 0.76082 -0.47012)
(-0.49091 0.77258 -0.50412)
(-0.48733 0.78818 -0.54203)
(-0.48164 0.85617 -0.62990)
(-0.45488 0.83139 -0.67103)
(-0.42522 0.80034 -0.72530)
(-0.40165 0.77297 -0.78257)
(-0.38267 0.71150 -0.84614)
(-0.37538 0.67550 -0.89731)
(-0.35519 0.62336 -0.95572)
(-0.39631 0.61057 -0.95246)
(-0.43643 0.60006 -0.94949)
(-0.43687 0.57325 -0.99940)
(-0.48100 0.58495 -0.98536)
(-0.53311 0.59303 -0.99251)
(-0.57619 0.60602 -0.99192)
(-0.60276 0.60210 -0.97576)
(-0.62540 0.60385 -0.96778)
(-0.66713 0.60531 -0.91816)
(-0.64200 0.56425 -0.89460)
(-0.66662 0.57354 -0.87258)
(-0.59722 0.49098 -0.75934)
(-0.56088 0.44071 -0.69869)
(-0.57511 0.43451 -0.61906)
(-0.56073 0.41611 -0.58182)
(-0.51844 0.36998 -0.51390)
(-0.54956 0.39831 -0.53723)
(-0.46190 0.29676 -0.36295)
(-0.38360 0.19612 -0.16212)
(-0.37524 0.18972 -0.14429)
(-0.32011 0.13055 0.00489)
(-0.09810 0.03599 0.02105)
(-0.01500 0.00457 0.00741)
(0.00576 -0.00174 -0.00297)
(-0.00033 -0.00023 0.00077)
(-0.00511 -0.00395 0.01188)
(-0.01315 -0.01166 0.02931)
(-0.01713 -0.01206 0.03244)
(-0.01694 -0.01367 0.03468)
(-0.01614 -0.01855 0.03225)
(-0.01709 -0.02366 0.03318)
(-0.03728 -0.00518 0.02476)
(-0.03885 -0.00713 0.02505)
(-0.04399 -0.00216 0.02139)
(-0.05549 -0.00413 0.03265)
(-0.10223 0.02596 -0.00596)
(-0.10981 0.03213 -0.00614)
(-0.12810 0.04749 -0.01999)
(-0.21420 0.14707 -0.07483)
(-0.30807 0.24370 -0.15808)
(-0.34184 0.33205 -0.16560)
(-0.44328 0.45238 -0.26176)
(-0.44512 0.50365 -0.28577)
(-0.50363 0.54129 -0.34777)
(-0.52912 0.66643 -0.40177)
(-0.57310 0.76521 -0.47373)
(-0.56219 0.78661 -0.48852)
(-0.55065 0.80319 -0.52627)
(-0.51093 0.85282 -0.60281)
(-0.47544 0.85433 -0.64682)
(-0.44870 0.82785 -0.69327)
(-0.43243 0.80153 -0.75053)
(-0.39191 0.72602 -0.82992)
(-0.39933 0.69512 -0.85445)
(-0.38775 0.65723 -0.89882)
(-0.40978 0.62005 -0.93187)
(-0.44112 0.60352 -0.93920)
(-0.45001 0.59846 -0.94905)
(-0.48277 0.59265 -0.95503)
(-0.54623 0.59958 -0.98133)
(-0.58992 0.61385 -0.96328)
(-0.65316 0.64382 -0.92565)
(-0.65191 0.62421 -0.93887)
(-0.69030 0.61705 -0.88408)
(-0.68394 0.60354 -0.87548)
(-0.68484 0.59852 -0.86210)
(-0.63799 0.53296 -0.76509)
(-0.59592 0.45783 -0.63524)
(-0.56232 0.41386 -0.55966)
(-0.52240 0.35692 -0.44897)
(-0.46518 0.28315 -0.32546)
(-0.43451 0.25486 -0.23133)
(-0.40037 0.21078 -0.16695)
(-0.37255 0.18406 -0.10253)
(-0.30667 0.11996 0.00396)
(-0.10414 0.03162 0.03383)
(-0.00746 0.00197 0.00264)
(-0.00023 0.00003 0.00068)
(-0.00687 0.00054 0.02011)
(-0.01686 0.00333 0.03800)
(-0.01909 0.00301 0.04114)
(-0.01737 0.00046 0.03629)
(-0.01704 -0.01312 0.03950)
(-0.02774 -0.00311 0.03092)
(-0.01710 -0.01608 0.03918)
(-0.03854 0.00022 0.02354)
(-0.04146 -0.00086 0.02227)
(-0.04335 0.00490 0.02057)
(-0.04749 0.00448 0.01783)
(-0.05108 0.00477 0.01602)
(-0.11779 0.04751 -0.03068)
(-0.11716 0.03885 -0.01717)
(-0.13584 0.05403 -0.03236)
(-0.25772 0.18221 -0.11875)
(-0.31158 0.24107 -0.17015)
(-0.40749 0.37041 -0.24200)
(-0.50684 0.48817 -0.33140)
(-0.53265 0.52374 -0.35388)
(-0.53842 0.66272 -0.41815)
(-0.59081 0.77100 -0.48143)
(-0.57772 0.78904 -0.49056)
(-0.57914 0.80824 -0.50534)
(-0.55538 0.86118 -0.59679)
(-0.48784 0.86319 -0.64040)
(-0.48248 0.84903 -0.67014)
(-0.42819 0.77077 -0.78513)
(-0.40145 0.68232 -0.86204)
(-0.42662 0.66284 -0.87692)
(-0.45468 0.60215 -0.93860)
(-0.55546 0.61413 -0.93816)
(-0.60848 0.63383 -0.93243)
(-0.67657 0.65208 -0.91379)
(-0.69269 0.61377 -0.87051)
(-0.68527 0.59441 -0.84829)
(-0.57570 0.43143 -0.58199)
(-0.48372 0.30856 -0.33906)
(-0.11802 0.03740 0.02838)
(-0.00127 0.00063 0.00394)
(-0.01056 0.00525 0.02976)
(-0.02074 0.01073 0.05067)
(-0.01553 0.01059 0.04473)
(-0.02080 0.01394 0.05085)
(-0.02081 0.01170 0.04846)
(-0.03038 0.01403 0.03014)
(-0.03955 0.00561 0.02288)
(-0.04481 0.01091 0.01988)
(-0.05052 0.01085 0.01530)
(-0.06337 0.02189 0.00646)
(-0.13641 0.07495 -0.05701)
(-0.16599 0.10258 -0.07606)
(-0.16507 0.08331 -0.07077)
(-0.28983 0.19171 -0.16852)
(-0.26086 0.17111 -0.12761)
(-0.34602 0.25568 -0.21114)
(-0.43677 0.37559 -0.28142)
(-0.44306 0.36427 -0.29537)
(-0.51291 0.48468 -0.33895)
(-0.53988 0.52308 -0.36134)
(-0.56090 0.61175 -0.40263)
(-0.62588 0.75297 -0.48414)
(-0.60294 0.79142 -0.49821)
(-0.59210 0.80957 -0.51006)
(-0.53811 0.86955 -0.62655)
(0.00191 -0.00218 -0.00600)
(-0.00516 0.00616 0.01669)
(-0.01617 0.02187 0.05432)
(-0.01647 0.01628 0.05161)
(-0.02070 0.01850 0.04974)
(-0.02027 0.02184 0.04415)
(-0.02962 0.02032 0.03147)
(-0.03441 0.02262 0.02931)
(-0.03288 0.02616 0.03043)
(-0.04816 0.02905 0.01889)
(-0.06694 0.04060 0.00395)
(-0.09892 0.06449 -0.02320)
(-0.15235 0.09362 -0.07046)
(-0.15740 0.09676 -0.07401)
(-0.23244 0.15330 -0.12880)
(-0.29383 0.20420 -0.17526)
(-0.37022 0.28146 -0.23680)
(-0.45436 0.37163 -0.30513)
(-0.52769 0.48141 -0.35459)
(-0.61111 0.61825 -0.42566)
(-0.65286 0.71020 -0.48064)
(0.00168 -0.00241 -0.00565)
(-0.00118 0.00172 0.00398)
(-0.00810 0.01366 0.02756)
(-0.01566 0.02974 0.05199)
(-0.01629 0.03050 0.05018)
(-0.01815 0.03505 0.04653)
(-0.03486 0.04062 0.03514)
(-0.05227 0.04866 0.01721)
(-0.06774 0.05503 0.00510)
(-0.10393 0.07718 -0.02774)
(-0.14537 0.09433 -0.06363)
(-0.17690 0.11671 -0.09148)
(-0.23524 0.16200 -0.13805)
(-0.34734 0.25444 -0.22746)
(-0.36589 0.26515 -0.23452)
(-0.43561 0.32485 -0.29555)
(-0.50734 0.42706 -0.34594)
(-0.00039 0.00067 0.00129)
(-0.00880 0.01787 0.02923)
(-0.01195 0.02454 0.04209)
(-0.01564 0.03180 0.05280)
(-0.01695 0.03290 0.05033)
(-0.01757 0.03479 0.05037)
(-0.02846 0.04855 0.04174)
(-0.04200 0.05661 0.02872)
(-0.05741 0.06179 0.01461)
(-0.06034 0.06971 0.01572)
(-0.10285 0.09808 -0.01948)
(-0.13121 0.11515 -0.04517)
(-0.14322 0.10891 -0.06105)
(-0.15472 0.13344 -0.06219)
(-0.18655 0.14451 -0.09371)
(-0.27203 0.19775 -0.16718)
(-0.00121 0.00211 0.00356)
(-0.01248 0.02507 0.04089)
(-0.01581 0.03363 0.05307)
(-0.01633 0.04130 0.05969)
(-0.01541 0.03724 0.05462)
(-0.02506 0.04764 0.04796)
(-0.03886 0.06322 0.03509)
(-0.05887 0.07004 0.01756)
(-0.11333 0.11098 -0.02345)
(-0.14271 0.12868 -0.05066)
(0.00021 -0.00046 -0.00075)
(-0.00521 0.01249 0.02033)
(-0.01210 0.03416 0.04768)
(-0.46645 0.83129 -0.72379)
(-0.40577 0.70318 -0.84462)
(-0.44611 0.60594 -0.92780)
(-0.50192 0.60877 -0.92422)
(-0.66661 0.65433 -0.90608)
(-0.69099 0.62668 -0.87881)
(-0.69270 0.60902 -0.85689)
(-0.64066 0.51483 -0.68211)
(-0.53965 0.41025 -0.50771)
(-0.45806 0.27456 -0.25234)
(-0.42455 0.24508 -0.20271)
(-0.31119 0.11839 0.01441)
(-0.30078 0.10954 0.02847)
(-0.28919 0.09973 0.04455)
(-0.02623 0.00792 0.00744)
(-0.58576 0.86155 -0.58186)
(-0.51054 0.86397 -0.67080)
(-0.48084 0.83242 -0.71356)
(-0.45532 0.80037 -0.75348)
(-0.41242 0.72251 -0.82762)
(-0.40810 0.68850 -0.85240)
(-0.43136 0.66081 -0.86446)
(-0.46247 0.62422 -0.87925)
(-0.45861 0.60465 -0.92752)
(-0.52613 0.62140 -0.89649)
(-0.56369 0.61787 -0.92729)
(-0.63072 0.64446 -0.91239)
(-0.66901 0.65752 -0.89864)
(-0.68116 0.66209 -0.90216)
(-0.70982 0.66646 -0.87798)
(-0.70111 0.62508 -0.86477)
(-0.69999 0.61991 -0.85095)
(-0.69745 0.60441 -0.82801)
(-0.65775 0.56417 -0.71232)
(-0.59263 0.46883 -0.60772)
(-0.54692 0.42070 -0.48856)
(-0.49314 0.33642 -0.35462)
(-0.45923 0.29383 -0.24183)
(-0.37309 0.19425 -0.08670)
(-0.30435 0.11709 0.02115)
(-0.28555 0.10053 0.04349)
(-0.10584 0.03378 0.02497)
(-0.01037 0.00312 0.00289)
(-0.69521 0.79475 -0.52539)
(-0.64663 0.84906 -0.55715)
(-0.63445 0.86127 -0.56946)
(-0.58124 0.89722 -0.61915)
(-0.55587 0.87630 -0.64168)
(-0.50788 0.85240 -0.69773)
(-0.45753 0.80778 -0.75374)
(-0.44906 0.76503 -0.78224)
(-0.41281 0.69514 -0.84405)
(-0.43508 0.71575 -0.81407)
(-0.42480 0.66340 -0.85331)
(-0.46975 0.62223 -0.85478)
(-0.50217 0.61844 -0.88281)
(-0.52706 0.62137 -0.88679)
(-0.57940 0.62733 -0.89995)
(-0.62607 0.64713 -0.88606)
(-0.66197 0.66425 -0.88025)
(-0.69475 0.67400 -0.89227)
(-0.72343 0.68636 -0.86330)
(-0.72160 0.66073 -0.84817)
(-0.71781 0.65444 -0.81092)
(-0.69312 0.61666 -0.78662)
(-0.67861 0.59007 -0.71413)
(-0.62977 0.53901 -0.63483)
(-0.54691 0.42353 -0.44441)
(-0.49020 0.33614 -0.32130)
(-0.49039 0.37237 -0.33121)
(-0.42851 0.27891 -0.19509)
(-0.40004 0.24200 -0.15319)
(-0.38106 0.23731 -0.14411)
(-0.31434 0.13227 0.00709)
(-0.27567 0.09927 0.04073)
(-0.12926 0.04024 0.03180)
(-0.02764 0.00734 0.01104)
(0.01047 -0.00263 -0.00447)
(-0.59729 0.53594 -0.42466)
(-0.64717 0.63773 -0.45988)
(-0.66821 0.70522 -0.49303)
(-0.69203 0.78050 -0.52900)
(-0.66822 0.83838 -0.55560)
(-0.66026 0.86308 -0.59442)
(-0.59446 0.88817 -0.61996)
(-0.57619 0.86755 -0.64913)
(-0.51658 0.84552 -0.70737)
(-0.49717 0.82891 -0.72529)
(-0.47008 0.78016 -0.76385)
(-0.46153 0.73247 -0.80272)
(-0.45906 0.68171 -0.83599)
(-0.46830 0.66359 -0.84039)
(-0.47643 0.62194 -0.85656)
(-0.54291 0.62373 -0.86298)
(-0.58615 0.63762 -0.85518)
(-0.60224 0.63804 -0.87877)
(-0.62894 0.65260 -0.87122)
(-0.69202 0.68210 -0.86605)
(-0.70886 0.68653 -0.86670)
(-0.72162 0.69506 -0.83830)
(-0.73634 0.69795 -0.83765)
(-0.71053 0.67022 -0.79796)
(-0.69418 0.63563 -0.78058)
(-0.67402 0.64511 -0.74690)
(-0.65596 0.59482 -0.69710)
(-0.58356 0.51290 -0.53751)
(-0.55163 0.46029 -0.48276)
(-0.49321 0.40842 -0.37393)
(-0.43571 0.30863 -0.23702)
(-0.34337 0.19591 -0.08249)
(-0.37400 0.25919 -0.14934)
(-0.29377 0.14429 -0.01075)
(-0.24993 0.11378 0.00551)
(-0.02532 0.00835 0.00931)
(0.02018 -0.00574 -0.00929)
(-0.18435 0.09520 0.00925)
(-0.34834 0.25714 -0.22823)
(-0.37452 0.27754 -0.24857)
(-0.40081 0.30041 -0.26821)
(-0.50734 0.42271 -0.35302)
(-0.59810 0.53042 -0.42363)
(-0.63815 0.57873 -0.44245)
(-0.61903 0.57707 -0.44418)
(-0.66613 0.66023 -0.48245)
(-0.69506 0.74498 -0.52274)
(-0.68247 0.80887 -0.56061)
(-0.66736 0.85997 -0.59692)
(-0.64742 0.86940 -0.60833)
(-0.57997 0.85997 -0.66075)
(-0.50480 0.83268 -0.72058)
(-0.49327 0.81785 -0.73356)
(-0.48595 0.74975 -0.79033)
(-0.45639 0.70965 -0.81705)
(-0.50126 0.67134 -0.83817)
(-0.49356 0.64103 -0.84622)
(-0.51515 0.66349 -0.83703)
(-0.56674 0.63293 -0.85267)
(-0.58336 0.63806 -0.85300)
(-0.60023 0.64297 -0.85346)
(-0.67824 0.67741 -0.85393)
(-0.70380 0.68989 -0.86291)
(-0.69930 0.68734 -0.86069)
(-0.71653 0.70379 -0.84238)
(-0.73336 0.70151 -0.81819)
(-0.71651 0.69655 -0.80856)
(-0.69785 0.67943 -0.76883)
(-0.66252 0.65331 -0.72356)
(-0.65775 0.63551 -0.71551)
(-0.55510 0.50037 -0.50852)
(-0.51346 0.43858 -0.42450)
(-0.48727 0.40986 -0.37724)
(-0.46559 0.37900 -0.32774)
(-0.32289 0.23616 -0.13358)
(-0.29622 0.19698 -0.08080)
(-0.25180 0.14910 -0.01854)
(-0.13212 0.06376 0.02201)
(-0.01561 0.00664 0.00413)
(-0.06380 0.02880 0.02318)
(-0.01193 0.00506 0.00492)
(-0.15523 0.13673 -0.06178)
(-0.16707 0.14186 -0.07326)
(-0.22781 0.18352 -0.12398)
(-0.34897 0.25934 -0.22896)
(-0.37226 0.27763 -0.24671)
(-0.36922 0.27698 -0.24464)
(-0.39779 0.29964 -0.26579)
(-0.52815 0.44662 -0.36835)
(-0.47981 0.37370 -0.32024)
(-0.57931 0.49625 -0.39294)
(-0.63729 0.55808 -0.43246)
(-0.70986 0.69796 -0.49716)
(-0.72149 0.72092 -0.50487)
(-0.69313 0.78690 -0.54207)
(-0.67409 0.85786 -0.59409)
(-0.65613 0.86509 -0.60528)
(-0.64568 0.86809 -0.61385)
(-0.60867 0.86116 -0.64636)
(-0.51141 0.83684 -0.71653)
(-0.50039 0.82356 -0.72826)
(-0.49572 0.77864 -0.77852)
(-0.47527 0.71813 -0.81306)
(-0.51209 0.67794 -0.83279)
(-0.51951 0.67013 -0.83609)
(-0.54850 0.64756 -0.84451)
(-0.58153 0.63834 -0.85171)
(-0.59793 0.64324 -0.85184)
(-0.59556 0.64326 -0.85073)
(-0.66442 0.67280 -0.84366)
(-0.67558 0.68476 -0.82345)
(-0.69657 0.70071 -0.81818)
(-0.70856 0.71149 -0.80131)
(-0.67307 0.66708 -0.73381)
(-0.65703 0.65375 -0.72018)
(-0.64739 0.64098 -0.71058)
(-0.55758 0.53032 -0.54908)
(-0.50643 0.43915 -0.42495)
(-0.48214 0.41141 -0.38019)
(-0.46080 0.37989 -0.33043)
(-0.40286 0.33498 -0.26257)
(-0.29854 0.22187 -0.11640)
(-0.20569 0.11885 0.00621)
(-0.05284 0.02612 0.01487)
(0.01077 -0.00465 -0.00400)
(-0.00379 0.00177 0.00127)
(-0.01743 0.04560 0.06443)
(-0.02648 0.06050 0.05476)
(-0.02807 0.05712 0.04890)
(-0.04142 0.07218 0.03849)
(-0.04768 0.07625 0.04151)
(-0.05918 0.08458 0.02683)
(-0.10435 0.10771 -0.01489)
(-0.14257 0.13099 -0.04971)
(-0.14289 0.13384 -0.04890)
(-0.15571 0.13993 -0.06121)
(-0.16926 0.14627 -0.07440)
(-0.23782 0.19693 -0.13114)
(-0.32602 0.25288 -0.20690)
(-0.35443 0.27381 -0.21339)
(-0.47960 0.37791 -0.31039)
(-0.58696 0.49041 -0.39370)
(-0.63184 0.55584 -0.43600)
(-0.71168 0.68817 -0.49235)
(-0.71984 0.71158 -0.50069)
(-0.71025 0.75904 -0.52489)
(-0.70179 0.80199 -0.55409)
(-0.66415 0.86251 -0.60183)
(-0.65232 0.86582 -0.61139)
(-0.62164 0.84351 -0.66428)
(-0.55529 0.84236 -0.70131)
(-0.53217 0.81330 -0.74301)
(-0.52403 0.78204 -0.77554)
(-0.49398 0.73756 -0.79754)
(-0.51378 0.68486 -0.83141)
(-0.52373 0.67698 -0.83527)
(-0.54460 0.66330 -0.84139)
(-0.58231 0.64903 -0.84703)
(-0.58975 0.64479 -0.84531)
(-0.62695 0.65825 -0.83858)
(-0.66460 0.67600 -0.82507)
(-0.66893 0.68573 -0.80732)
(-0.69062 0.69954 -0.80162)
(-0.69657 0.71007 -0.78161)
(-0.68972 0.69898 -0.77362)
(-0.69031 0.68327 -0.75658)
(-0.65938 0.66074 -0.72363)
(-0.64177 0.64656 -0.70851)
(-0.63954 0.63980 -0.70514)
(-0.57499 0.57632 -0.61912)
(-0.50101 0.45626 -0.45615)
(-0.47396 0.48011 -0.46039)
(-0.42963 0.39746 -0.35953)
(-0.33180 0.31967 -0.21589)
(-0.29737 0.23795 -0.13512)
(-0.25757 0.18362 -0.06783)
(-0.23442 0.16116 -0.04772)
(-0.13806 0.07995 0.01841)
(-0.02885 0.01467 0.00827)
(-0.00100 0.00267 0.00413)
(-0.00215 0.00701 0.01064)
(-0.02123 0.04903 0.05737)
(-0.02998 0.05804 0.05451)
(-0.03337 0.05546 0.05681)
(-0.04473 0.06909 0.04640)
(-0.05202 0.07560 0.04235)
(-0.06601 0.08099 0.02915)
(-0.09294 0.09992 0.00591)
(-0.09525 0.10088 0.00269)
(-0.14992 0.13932 -0.04914)
(-0.18490 0.15713 -0.06954)
(-0.21642 0.18068 -0.10222)
(-0.29639 0.23402 -0.16701)
(-0.33748 0.26606 -0.20450)
(-0.44385 0.34261 -0.28198)
(-0.47222 0.36587 -0.30082)
(-0.57017 0.46619 -0.38578)
(-0.62974 0.53944 -0.42501)
(-0.69004 0.63235 -0.47717)
(-0.68676 0.63144 -0.49479)
(-0.72764 0.74486 -0.53998)
(-0.70033 0.76430 -0.57400)
(-0.67895 0.83064 -0.60274)
(-0.66265 0.82005 -0.63297)
(-0.65564 0.81729 -0.65366)
(-0.58309 0.84543 -0.69802)
(-0.57634 0.81496 -0.72434)
(-0.56515 0.77407 -0.77223)
(-0.53137 0.74898 -0.79563)
(-0.54887 0.72112 -0.81105)
(-0.54926 0.69420 -0.82884)
(-0.54272 0.66308 -0.84049)
(-0.56895 0.65832 -0.83781)
(-0.59523 0.65534 -0.84325)
(-0.61899 0.65811 -0.82983)
(-0.66053 0.67617 -0.82278)
(-0.63991 0.66585 -0.79623)
(-0.67362 0.69314 -0.79045)
(-0.64788 0.68424 -0.74178)
(-0.63434 0.66624 -0.72224)
(-0.60895 0.64229 -0.68244)
(-0.53364 0.56399 -0.57534)
(-0.52358 0.58715 -0.58856)
(-0.48881 0.53547 -0.55050)
(-0.41050 0.46408 -0.41760)
(-0.37697 0.39151 -0.31382)
(-0.32076 0.33467 -0.22066)
(-0.26728 0.23653 -0.10979)
(-0.22369 0.20489 -0.08122)
(-0.12351 0.11010 -0.00319)
(-0.06028 0.05404 0.00076)
(-0.02230 0.01997 0.00090)
(-0.00084 0.00174 0.00331)
(-0.02019 0.04156 0.04779)
(-0.03065 0.05310 0.06003)
(-0.03854 0.05225 0.05906)
(-0.04041 0.05391 0.05763)
(-0.04421 0.05711 0.05476)
(-0.05967 0.08044 0.03873)
(-0.05364 0.06454 0.04885)
(-0.09140 0.09992 0.01226)
(-0.11356 0.11408 -0.00818)
(-0.14409 0.12735 -0.02603)
(-0.17207 0.14606 -0.03853)
(-0.23833 0.19157 -0.10392)
(-0.30805 0.24564 -0.17458)
(-0.33693 0.26528 -0.18351)
(-0.42265 0.32774 -0.26112)
(-0.48197 0.37650 -0.27989)
(-0.55543 0.43712 -0.35695)
(-0.64350 0.56456 -0.44063)
(-0.67191 0.60362 -0.51137)
(-0.70021 0.68043 -0.53693)
(-0.69252 0.71142 -0.55756)
(-0.70371 0.79241 -0.59496)
(-0.69759 0.73563 -0.57989)
(-0.68908 0.80609 -0.62128)
(-0.67082 0.79423 -0.65388)
(-0.59305 0.83953 -0.69780)
(-0.59895 0.80575 -0.71689)
(-0.60268 0.74438 -0.77044)
(-0.56734 0.74354 -0.79133)
(-0.60285 0.73201 -0.78041)
(-0.56081 0.72472 -0.80985)
(-0.57589 0.70050 -0.82559)
(-0.57234 0.68079 -0.83588)
(-0.56572 0.67485 -0.83906)
(-0.58367 0.66652 -0.83699)
(-0.59457 0.65787 -0.84008)
(-0.58626 0.64412 -0.81404)
(-0.60708 0.65452 -0.83022)
(-0.61031 0.65146 -0.80381)
(-0.62943 0.66230 -0.78803)
(-0.63245 0.66665 -0.77169)
(-0.61295 0.65688 -0.76795)
(-0.59229 0.64742 -0.72398)
(-0.58981 0.65046 -0.70182)
(-0.57746 0.63890 -0.66188)
(-0.50353 0.58326 -0.56545)
(-0.46450 0.52374 -0.51159)
(-0.45421 0.54866 -0.51547)
(-0.41335 0.48492 -0.43687)
(-0.25891 0.35217 -0.22747)
(-0.29792 0.35688 -0.24489)
(-0.22722 0.30468 -0.16511)
(-0.21935 0.22906 -0.10077)
(-0.19894 0.20493 -0.07843)
(-0.21682 0.29541 -0.15274)
(-0.15136 0.15789 -0.05497)
(-0.02359 0.02615 0.00212)
(-0.00027 0.00046 0.00095)
(-0.02083 0.03224 0.03989)
(-0.02980 0.03782 0.04581)
(-0.04299 0.05400 0.05721)
(-0.04859 0.05933 0.05288)
(-0.04782 0.05618 0.05504)
(-0.05267 0.06086 0.05144)
(-0.09442 0.09638 0.01353)
(-0.14640 0.13523 -0.01190)
(-0.16404 0.13915 -0.02048)
(-0.23243 0.19218 -0.07957)
(-0.27344 0.21864 -0.09777)
(-0.31317 0.24379 -0.13826)
(-0.40053 0.31385 -0.21980)
(-0.47682 0.36939 -0.27200)
(-0.50626 0.39492 -0.30014)
(-0.52010 0.40654 -0.31023)
(-0.62339 0.54215 -0.42222)
(-0.66459 0.58719 -0.50564)
(-0.67442 0.61548 -0.52169)
(-0.68088 0.63946 -0.53994)
(-0.68217 0.68444 -0.58318)
(-0.69582 0.73025 -0.62207)
(-0.67738 0.73074 -0.65811)
(-0.65201 0.77522 -0.68324)
(-0.63542 0.75473 -0.70801)
(-0.61402 0.73491 -0.77019)
(-0.61428 0.72591 -0.77676)
(-0.60343 0.72495 -0.78798)
(-0.59803 0.69793 -0.81101)
(-0.57846 0.68304 -0.82858)
(-0.57375 0.67137 -0.83403)
(-0.58777 0.65479 -0.82569)
(-0.59215 0.65255 -0.81090)
(-0.58055 0.63574 -0.78254)
(-0.57790 0.63382 -0.77348)
(-0.59440 0.64451 -0.75736)
(-0.57885 0.63912 -0.71713)
(-0.56897 0.63507 -0.70297)
(-0.54134 0.62741 -0.62998)
(-0.53037 0.61510 -0.63739)
(-0.52334 0.60462 -0.60595)
(-0.36538 0.49719 -0.41798)
(-0.39679 0.48558 -0.42411)
(-0.34606 0.48148 -0.39244)
(-0.28332 0.38505 -0.26739)
(-0.22602 0.33073 -0.18895)
(-0.21530 0.30861 -0.16482)
(-0.18197 0.22245 -0.09113)
(-0.13141 0.15391 -0.05939)
(-0.18509 0.27440 -0.13546)
(-0.03211 0.04155 -0.00488)
(-0.00630 0.00826 -0.00085)
(0.00032 -0.00051 -0.00138)
(-0.01387 0.01735 0.02407)
(-0.01957 0.02294 0.03554)
(-0.04336 0.05143 0.05859)
(-0.04907 0.05406 0.05602)
(-0.08970 0.09244 0.04089)
(-0.12512 0.11488 0.01234)
(-0.14340 0.12215 0.00461)
(-0.24787 0.20411 -0.05831)
(-0.25735 0.20861 -0.05948)
(-0.27476 0.22069 -0.07403)
(-0.35707 0.27423 -0.17151)
(-0.46548 0.35881 -0.25325)
(-0.49159 0.38132 -0.28187)
(-0.50363 0.39122 -0.29241)
(-0.60315 0.50567 -0.40992)
(-0.66382 0.59193 -0.51432)
(-0.64860 0.58229 -0.52082)
(-0.65843 0.60699 -0.55677)
(-0.67788 0.67698 -0.60822)
(-0.65813 0.66310 -0.63626)
(-0.66551 0.72067 -0.67999)
(-0.66257 0.71790 -0.68947)
(-0.64810 0.69922 -0.73557)
(-0.62282 0.71399 -0.77233)
(-0.61339 0.71907 -0.78300)
(-0.60329 0.68315 -0.79450)
(-0.60385 0.67694 -0.80228)
(-0.57598 0.65898 -0.81095)
(-0.59461 0.65189 -0.80444)
(-0.58729 0.64697 -0.80497)
(-0.58397 0.63712 -0.80416)
(-0.56249 0.62493 -0.77562)
(-0.57074 0.63028 -0.77914)
(-0.56587 0.62655 -0.76856)
(-0.55753 0.62122 -0.75527)
(-0.52501 0.60369 -0.68884)
(-0.56353 0.62915 -0.70874)
(-0.55289 0.62397 -0.69386)
(-0.48393 0.58164 -0.60533)
(-0.46892 0.57469 -0.56050)
(-0.44874 0.56126 -0.54271)
(-0.35401 0.49161 -0.40729)
(-0.33443 0.47575 -0.38040)
(-0.31278 0.44017 -0.32630)
(-0.31496 0.45968 -0.35355)
(-0.22152 0.33657 -0.19070)
(-0.21150 0.31739 -0.17096)
(-0.20679 0.32323 -0.17311)
(-0.16254 0.25594 -0.12568)
(-0.09057 0.13821 -0.05929)
(-0.01169 0.02006 -0.00419)
(0.00614 -0.01120 0.00208)
(0.00186 -0.00220 -0.00622)
(-0.00056 0.00074 0.00229)
(-0.01181 0.01394 0.02843)
(-0.03724 0.04317 0.06427)
(-0.05118 0.05033 0.06487)
(-0.08402 0.08045 0.04714)
(-0.09423 0.08261 0.04776)
(-0.11220 0.09717 0.03759)
(-0.16313 0.13251 0.00518)
(-0.23773 0.19430 -0.04495)
(-0.24786 0.20077 -0.04666)
(-0.26631 0.21376 -0.05962)
(-0.28882 0.22563 -0.06287)
(-0.32008 0.24416 -0.12687)
(-0.34722 0.26011 -0.14025)
(-0.47541 0.36723 -0.25991)
(-0.48564 0.37567 -0.27030)
(-0.53072 0.41190 -0.31168)
(-0.56168 0.44810 -0.38104)
(-0.62471 0.53408 -0.48434)
(-0.54450 0.45253 -0.37336)
(-0.63276 0.55205 -0.50685)
(-0.64047 0.58462 -0.52640)
(-0.65619 0.61167 -0.57581)
(-0.63408 0.59636 -0.59532)
(-0.66707 0.69913 -0.67725)
(-0.66516 0.69861 -0.68578)
(-0.65375 0.67572 -0.71282)
(-0.62940 0.65027 -0.73102)
(-0.62109 0.70944 -0.77719)
(-0.63202 0.63932 -0.74788)
(-0.62012 0.67680 -0.78423)
(-0.61604 0.65589 -0.79335)
(-0.59833 0.63424 -0.79388)
(-0.58689 0.64367 -0.79974)
(-0.58063 0.63830 -0.79707)
(-0.54553 0.60283 -0.76690)
(-0.51786 0.58694 -0.74416)
(-0.55654 0.62000 -0.76446)
(-0.54592 0.61293 -0.74890)
(-0.46821 0.55839 -0.65310)
(-0.47881 0.56698 -0.64170)
(-0.43277 0.53950 -0.56916)
(-0.40342 0.52537 -0.51219)
(-0.35075 0.49337 -0.42327)
(-0.31135 0.46250 -0.39280)
(-0.32522 0.46998 -0.37269)
(-0.30659 0.45402 -0.34577)
(-0.19853 0.34902 -0.21273)
(-0.21268 0.35877 -0.21519)
(-0.17028 0.31160 -0.15865)
(-0.18725 0.30508 -0.15160)
(-0.04819 0.09073 -0.03022)
(-0.03890 0.09053 -0.02576)
(-0.00073 0.00161 -0.00037)
(0.00245 -0.00322 -0.01017)
(-0.02186 0.02431 0.04557)
(-0.04054 0.04057 0.06667)
(0.00198 -0.00211 -0.00908)
(-0.00301 0.00331 0.01263)
(-0.04540 0.04601 0.07326)
(-0.05121 0.05014 0.07132)
(-0.05692 0.05421 0.06655)
(-0.06009 0.05463 0.07398)
(-0.10678 0.09056 0.04481)
(-0.14334 0.11724 0.03259)
(-0.18333 0.14953 0.00010)
(-0.14223 0.11794 0.03973)
(-0.17871 0.14628 0.00967)
(-0.25783 0.20780 -0.04774)
(-0.24348 0.18491 -0.02513)
(-0.31687 0.23960 -0.10040)
(-0.38744 0.29933 -0.16410)
(-0.32723 0.25752 -0.09177)
(-0.39357 0.31427 -0.16654)
(-0.42169 0.34104 -0.21150)
(-0.49859 0.40468 -0.31669)
(-0.51879 0.41436 -0.34636)
(-0.55276 0.47125 -0.39892)
(-0.53981 0.48918 -0.41644)
(-0.62775 0.57902 -0.53636)
(-0.60721 0.57002 -0.56385)
(-0.66444 0.66606 -0.66408)
(-0.64423 0.66120 -0.65349)
(-0.64230 0.64518 -0.69157)
(-0.63832 0.59969 -0.70911)
(-0.63774 0.60086 -0.71298)
(-0.61659 0.62395 -0.75550)
(-0.61216 0.63266 -0.77505)
(-0.57709 0.59070 -0.76084)
(-0.55770 0.58664 -0.76815)
(-0.57948 0.62326 -0.79515)
(-0.57705 0.62809 -0.80059)
(-0.52661 0.57705 -0.75773)
(-0.50788 0.56450 -0.74875)
(-0.45456 0.52547 -0.68336)
(-0.50042 0.57484 -0.71973)
(-0.45631 0.54829 -0.65602)
(-0.39404 0.50993 -0.58211)
(-0.38057 0.49525 -0.54848)
(-0.39741 0.51232 -0.54475)
(-0.36281 0.48999 -0.47201)
(-0.35127 0.47800 -0.48047)
(-0.30288 0.44974 -0.39340)
(-0.31091 0.46175 -0.37297)
(-0.27499 0.42531 -0.35006)
(-0.23370 0.38677 -0.28213)
(-0.30073 0.44929 -0.34191)
(-0.22732 0.37867 -0.24867)
(-0.16804 0.31320 -0.16747)
(-0.12235 0.27882 -0.10352)
(-0.12337 0.26660 -0.09632)
(-0.04179 0.09883 -0.02748)
(0.00286 -0.00727 0.00182)
(-0.00423 0.01040 -0.00266)
(-0.00208 0.00227 0.00637)
(-0.02038 0.01976 0.04754)
(-0.02501 0.02453 0.06001)
(-0.04152 0.03854 0.08646)
(-0.04752 0.04321 0.08709)
(-0.12039 0.10250 0.04679)
(-0.10662 0.08420 0.06430)
(-0.15477 0.12397 0.04645)
(-0.15397 0.11565 0.04964)
(-0.25062 0.19919 -0.02894)
(-0.26677 0.21439 -0.03658)
(-0.32471 0.25948 -0.09770)
(-0.29337 0.25079 -0.09424)
(-0.41587 0.34421 -0.21878)
(-0.37729 0.32926 -0.20994)
(-0.49351 0.41893 -0.33466)
(-0.47093 0.42370 -0.36794)
(-0.48992 0.44154 -0.40455)
(-0.49133 0.44638 -0.41214)
(-0.61003 0.57296 -0.57217)
(-0.53502 0.48560 -0.49063)
(-0.60547 0.56574 -0.61507)
(-0.61723 0.58669 -0.64711)
(-0.61068 0.57315 -0.66164)
(-0.59185 0.56062 -0.65876)
(-0.57991 0.53698 -0.68187)
(-0.61293 0.59303 -0.73051)
(-0.57174 0.55469 -0.72713)
(-0.56582 0.55942 -0.73786)
(-0.55310 0.54356 -0.73471)
(-0.51223 0.52452 -0.74565)
(-0.52405 0.54804 -0.75804)
(-0.51387 0.54579 -0.74659)
(-0.48589 0.52596 -0.71037)
(-0.46412 0.52076 -0.69244)
(-0.40793 0.48367 -0.63114)
(-0.44175 0.51886 -0.64744)
(-0.39574 0.48924 -0.58642)
(-0.37473 0.48416 -0.55307)
(-0.30677 0.43408 -0.44590)
(-0.24363 0.37971 -0.36984)
(-0.28823 0.42498 -0.40473)
(-0.26930 0.41768 -0.34707)
(-0.21614 0.37472 -0.27464)
(-0.16685 0.32528 -0.20276)
(-0.14239 0.29351 -0.13621)
(-0.15090 0.29528 -0.15779)
(-0.11800 0.26853 -0.10030)
(-0.11369 0.26126 -0.09458)
(-0.07817 0.18572 -0.06196)
(-0.02800 0.07261 -0.01970)
(0.00118 -0.00384 0.00057)
(0.00943 -0.02355 0.00581)
(-0.00267 0.00274 0.00718)
(-0.01237 0.01248 0.03176)
(-0.01708 0.01749 0.04299)
(-0.04029 0.03913 0.08887)
(-0.04638 0.04399 0.09009)
(-0.07598 0.06652 0.07798)
(-0.04325 0.04196 0.09059)
(-0.08515 0.07445 0.08013)
(-0.11627 0.09272 0.06606)
(-0.13919 0.10551 0.05809)
(-0.11816 0.09535 0.06467)
(-0.14231 0.10827 0.05726)
(-0.17565 0.14380 0.03308)
(-0.19428 0.16376 0.00147)
(-0.24256 0.20615 -0.03010)
(-0.26253 0.24137 -0.07772)
(-0.28881 0.26255 -0.10787)
(-0.28720 0.26523 -0.11227)
(-0.39256 0.34768 -0.24112)
(-0.44756 0.41005 -0.33889)
(-0.46779 0.42701 -0.37243)
(-0.46596 0.42975 -0.37682)
(-0.47597 0.43991 -0.39612)
(-0.57053 0.52136 -0.57209)
(-0.57396 0.52715 -0.59391)
(-0.55891 0.50640 -0.59763)
(-0.54907 0.49980 -0.59582)
(-0.54090 0.50024 -0.62439)
(-0.53582 0.49860 -0.67222)
(-0.52917 0.49452 -0.67492)
(-0.52373 0.49013 -0.67669)
(-0.50777 0.50453 -0.71592)
(-0.49911 0.51306 -0.73868)
(-0.47695 0.50189 -0.71008)
(-0.41807 0.46037 -0.64611)
(-0.40027 0.45430 -0.61308)
(-0.32288 0.39375 -0.51385)
(-0.35744 0.44081 -0.56279)
(-0.31082 0.38724 -0.49632)
(-0.30932 0.39786 -0.48495)
(-0.29040 0.41568 -0.44464)
(-0.24212 0.37531 -0.37367)
(-0.22995 0.36518 -0.35219)
(-0.23084 0.36936 -0.34690)
(-0.21782 0.35509 -0.33071)
(-0.20234 0.34515 -0.28540)
(-0.17542 0.31656 -0.20507)
(-0.13875 0.26352 -0.15464)
(-0.14822 0.28374 -0.15437)
(-0.13399 0.27809 -0.13854)
(-0.09450 0.22453 -0.08703)
(-0.06758 0.16501 -0.05706)
(-0.04330 0.11322 -0.02935)
(-0.00434 0.01474 -0.00168)
(0.00157 -0.00743 -0.00063)
(-0.00429 0.00452 0.01155)
(-0.00381 0.00410 0.01039)
(-0.02607 0.02661 0.06298)
(-0.04139 0.04140 0.09336)
(-0.07894 0.06999 0.08201)
(-0.06339 0.06348 0.08296)
(-0.06971 0.06816 0.08024)
(-0.08602 0.07945 0.07256)
(-0.12244 0.11458 0.04785)
(-0.10689 0.11200 0.05365)
(-0.19464 0.17567 -0.00212)
(-0.21950 0.20751 -0.04527)
(-0.25952 0.24300 -0.08327)
(-0.25781 0.24567 -0.08745)
(-0.28352 0.26680 -0.11318)
(-0.31360 0.30418 -0.17832)
(-0.44090 0.40972 -0.33785)
(-0.43568 0.40976 -0.33806)
(-0.42080 0.40767 -0.33861)
(-0.49169 0.46027 -0.46414)
(-0.51537 0.47818 -0.51107)
(-0.49096 0.44983 -0.50453)
(-0.48913 0.44705 -0.51266)
(-0.48565 0.44258 -0.51699)
(-0.52214 0.48273 -0.65549)
(-0.47812 0.44714 -0.57706)
(-0.51531 0.47755 -0.65748)
(-0.50902 0.47260 -0.66066)
(-0.47157 0.45302 -0.66261)
(-0.42515 0.41068 -0.61610)
(-0.43274 0.42093 -0.64243)
(-0.48586 0.50278 -0.73192)
(-0.41944 0.44020 -0.64968)
(-0.37160 0.37244 -0.57513)
(-0.39778 0.43840 -0.62648)
(-0.31800 0.38353 -0.51246)
(-0.30668 0.37707 -0.49419)
(-0.29603 0.37184 -0.47791)
(-0.26908 0.35289 -0.43679)
(-0.23904 0.37018 -0.37517)
(-0.22872 0.36101 -0.35679)
(-0.22015 0.33901 -0.35060)
(-0.21764 0.35181 -0.33704)
(-0.16363 0.29328 -0.20729)
(-0.17550 0.30255 -0.26694)
(-0.14541 0.26483 -0.18059)
(-0.12068 0.23319 -0.12966)
(-0.12966 0.24803 -0.15731)
(-0.08513 0.17735 -0.06139)
(-0.07943 0.16893 -0.05081)
(-0.02135 0.06215 -0.01350)
(-0.02571 0.05519 -0.01466)
(-0.00339 0.01006 -0.00198)
(-0.02104 0.02184 0.05240)
(-0.00507 0.00547 0.01376)
(-0.01370 0.01939 0.05317)
(-0.04113 0.04361 0.09570)
(-0.05607 0.06058 0.09367)
(-0.06972 0.06988 0.08503)
(-0.07218 0.07496 0.07841)
(-0.09403 0.10170 0.06063)
(-0.09048 0.10001 0.05949)
(-0.12254 0.12396 0.04795)
(-0.12400 0.13494 0.03260)
(-0.23043 0.22412 -0.06538)
(-0.24682 0.24923 -0.09628)
(-0.32707 0.32901 -0.21184)
(-0.27934 0.30371 -0.17587)
(-0.34134 0.35296 -0.24001)
(-0.45165 0.43298 -0.40935)
(-0.45384 0.43734 -0.41829)
(-0.45988 0.43135 -0.45738)
(-0.46925 0.43233 -0.48374)
(-0.46652 0.42735 -0.49117)
(-0.43606 0.40330 -0.51651)
(-0.49846 0.45939 -0.63536)
(-0.41091 0.37561 -0.50866)
(-0.42400 0.38434 -0.54808)
(-0.49335 0.45525 -0.64066)
(-0.43937 0.40061 -0.59397)
(-0.41049 0.37879 -0.59401)
(-0.38110 0.35440 -0.57230)
(-0.36378 0.34601 -0.55320)
(-0.33795 0.33642 -0.52417)
(-0.35739 0.37430 -0.56779)
(-0.31229 0.33197 -0.50630)
(-0.31165 0.35958 -0.52035)
(-0.30249 0.36688 -0.49252)
(-0.29069 0.35698 -0.47383)
(-0.27919 0.34819 -0.45651)
(-0.28139 0.35692 -0.45863)
(-0.23406 0.32047 -0.39181)
(-0.19133 0.29491 -0.30627)
(-0.21635 0.34734 -0.34182)
(-0.16922 0.28232 -0.26892)
(-0.16420 0.27734 -0.24547)
(-0.14595 0.25990 -0.19122)
(-0.11222 0.22133 -0.15626)
(-0.09673 0.19946 -0.10138)
(-0.06723 0.14086 -0.04561)
(-0.05850 0.12387 -0.04999)
(-0.05095 0.10703 -0.03342)
(-0.01322 0.02792 -0.00792)
(-0.00446 0.00960 -0.00241)
(-0.00012 0.00024 0.00071)
(-0.00352 0.00648 0.01896)
(-0.00099 0.00149 0.00385)
(-0.02528 0.02965 0.07259)
(-0.06106 0.06791 0.08555)
(-0.01061 0.02347 0.05561)
(-0.03212 0.04659 0.09702)
(-0.04880 0.06676 0.08320)
(-0.08145 0.09310 0.06310)
(-0.06015 0.07680 0.06091)
(-0.08301 0.09129 0.06023)
(-0.07099 0.09316 0.04741)
(-0.10969 0.13142 0.02622)
(-0.09699 0.13110 0.02323)
(-0.15125 0.18250 -0.02707)
(-0.15004 0.18995 -0.02873)
(-0.20754 0.25054 -0.08372)
(-0.20437 0.25098 -0.08077)
(-0.22886 0.27326 -0.11514)
(-0.35861 0.37168 -0.28566)
(-0.27381 0.30980 -0.18634)
(-0.36662 0.37962 -0.31597)
(-0.37564 0.37555 -0.34097)
(-0.38004 0.37313 -0.36460)
(-0.41535 0.38422 -0.42897)
(-0.36589 0.34741 -0.39790)
(-0.34075 0.31305 -0.39654)
(-0.32362 0.29328 -0.40863)
(-0.31704 0.28109 -0.42159)
(-0.35629 0.31556 -0.48396)
(-0.35785 0.32068 -0.53200)
(-0.31486 0.27841 -0.43300)
(-0.33794 0.30451 -0.53914)
(-0.33221 0.30661 -0.50492)
(-0.28892 0.28570 -0.46365)
(-0.30605 0.30965 -0.48663)
(-0.24303 0.27240 -0.41974)
(-0.23518 0.26750 -0.40613)
(-0.23890 0.29315 -0.40550)
(-0.18910 0.25811 -0.34721)
(-0.19903 0.27905 -0.33945)
(-0.16874 0.26314 -0.29485)
(-0.14293 0.23927 -0.26921)
(-0.15037 0.25263 -0.26033)
(-0.12722 0.23457 -0.21730)
(-0.10644 0.20913 -0.17764)
(-0.11082 0.20967 -0.14878)
(-0.09009 0.19034 -0.12217)
(-0.05515 0.11647 -0.07222)
(-0.05471 0.11836 -0.06855)
(-0.01310 0.03000 -0.01678)
(-0.01048 0.02347 -0.00830)
(0.00226 -0.00723 -0.01810)
(-0.00029 0.00073 0.00190)
(-0.01700 0.03530 0.07340)
(0.00001 -0.00040 -0.00114)
(-0.00073 0.00923 0.02550)
(-0.00093 0.03014 0.08228)
(-0.00559 0.03560 0.08931)
(-0.02139 0.05543 0.06940)
(0.00022 0.03403 0.08712)
(-0.00234 0.03555 0.08623)
(-0.04006 0.07514 0.05229)
(-0.04759 0.09288 0.04214)
(-0.07974 0.12833 0.02497)
(-0.07531 0.13010 0.02616)
(-0.16001 0.21015 -0.05537)
(-0.14235 0.19643 -0.04268)
(-0.14486 0.20909 -0.05252)
(-0.15042 0.21541 -0.06040)
(-0.24475 0.28717 -0.16495)
(-0.15703 0.22000 -0.06960)
(-0.30672 0.32364 -0.25730)
(-0.31303 0.32420 -0.27512)
(-0.27907 0.28833 -0.25748)
(-0.29231 0.29021 -0.29990)
(-0.28013 0.26988 -0.31597)
(-0.29129 0.26767 -0.35284)
(-0.26279 0.23200 -0.32595)
(-0.22539 0.19547 -0.30953)
(-0.17218 0.14034 -0.25649)
(-0.30600 0.27495 -0.47157)
(-0.28319 0.25313 -0.44306)
(-0.18753 0.16122 -0.29747)
(-0.20299 0.17426 -0.32865)
(-0.23298 0.21618 -0.38165)
(-0.20316 0.19663 -0.34465)
(-0.16056 0.15135 -0.29067)
(-0.15571 0.15177 -0.28642)
(-0.18325 0.18455 -0.32468)
(-0.22730 0.25489 -0.39301)
(-0.18824 0.20308 -0.33262)
(-0.17097 0.21159 -0.31827)
(-0.17791 0.23473 -0.33807)
(-0.14120 0.19390 -0.28067)
(-0.14679 0.20540 -0.26331)
(-0.13003 0.21561 -0.24554)
(-0.14064 0.23411 -0.26043)
(-0.10504 0.18879 -0.19862)
(-0.11022 0.20426 -0.20151)
(-0.05987 0.14140 -0.11325)
(-0.03588 0.09542 -0.08388)
(-0.01976 0.05568 -0.04575)
(-0.01567 0.03957 -0.02849)
(-0.00594 0.01429 -0.00914)
(0.00139 -0.00337 0.00153)
(0.00428 -0.01117 0.00706)
(0.00383 -0.00932 0.00421)
(0.00002 -0.00482 -0.01365)
(0.00024 0.00174 0.00514)
(0.00089 0.01589 0.04545)
(-0.00142 -0.00460 -0.01438)
(0.00196 0.01018 0.02900)
(0.00240 0.02663 0.07198)
(0.00690 0.03631 0.07945)
(0.00471 0.02420 0.06463)
(0.00459 0.03126 0.08093)
(-0.00206 0.05834 0.06318)
(-0.01208 0.06787 0.05638)
(-0.02498 0.09336 0.05024)
(-0.06552 0.13169 0.02615)
(-0.03296 0.11113 0.03956)
(-0.08499 0.16046 -0.00913)
(-0.12866 0.19747 -0.03991)
(-0.13317 0.20047 -0.04552)
(-0.13851 0.20353 -0.05161)
(-0.16310 0.22336 -0.07674)
(-0.23652 0.27307 -0.17973)
(-0.22301 0.25224 -0.18326)
(-0.23555 0.25718 -0.21763)
(-0.22860 0.23507 -0.22983)
(-0.20092 0.20125 -0.23470)
(-0.18803 0.18098 -0.23053)
(-0.15409 0.13379 -0.21471)
(-0.13049 0.10802 -0.19050)
(-0.12973 0.10488 -0.19413)
(-0.14484 0.12398 -0.22993)
(-0.14823 0.13578 -0.26750)
(-0.14448 0.13609 -0.26425)
(-0.13059 0.12339 -0.24323)
(-0.13654 0.13371 -0.25616)
(-0.13970 0.14346 -0.26663)
(-0.11382 0.13323 -0.21891)
(-0.09159 0.11241 -0.18305)
(-0.10351 0.14025 -0.21264)
(-0.12896 0.17570 -0.24067)
(-0.09543 0.14091 -0.18707)
(-0.09142 0.14598 -0.17829)
(-0.08914 0.15185 -0.17391)
(-0.09023 0.16773 -0.19020)
(-0.04546 0.10313 -0.11027)
(-0.01703 0.04806 -0.04295)
(-0.00796 0.02310 -0.01969)
(0.00025 -0.00074 0.00060)
(0.00281 -0.00859 0.00724)
(0.00366 -0.01107 0.00894)
(-0.00002 -0.00009 -0.00025)
(-0.00061 -0.00117 -0.00314)
(0.00202 0.00651 0.01843)
(0.01772 0.02509 0.06044)
(0.01363 0.00973 0.02635)
(0.01335 0.05160 0.06137)
(-0.00326 0.06580 0.06035)
(-0.01127 0.08805 0.05088)
(0.00911 0.06776 0.06207)
(-0.01156 0.09049 0.05174)
(-0.01693 0.09622 0.04909)
(-0.01996 0.10074 0.04959)
(-0.05668 0.13376 0.02365)
(-0.11120 0.18161 -0.02442)
(-0.11632 0.18495 -0.02977)
(-0.11981 0.18630 -0.03356)
(-0.14227 0.20473 -0.05566)
(-0.15608 0.20007 -0.09416)
(-0.14342 0.18838 -0.10753)
(-0.15250 0.18686 -0.14315)
(-0.13255 0.15833 -0.13921)
(-0.13261 0.13410 -0.15603)
(-0.13181 0.13151 -0.16241)
(-0.11246 0.09410 -0.16188)
(-0.11112 0.09022 -0.16357)
(-0.09425 0.07464 -0.14044)
(-0.10160 0.07814 -0.15205)
(-0.10293 0.08328 -0.16348)
(-0.13116 0.11972 -0.24062)
(-0.07261 0.05329 -0.12990)
(-0.11502 0.10469 -0.21694)
(-0.11734 0.11168 -0.22458)
(-0.07749 0.08281 -0.16300)
(-0.07014 0.08383 -0.15064)
(-0.07916 0.10194 -0.16632)
(-0.07113 0.09518 -0.15570)
(-0.04681 0.08010 -0.10114)
(-0.05267 0.09016 -0.10897)
(-0.04418 0.08024 -0.09518)
(-0.02372 0.04565 -0.05319)
(-0.01268 0.02549 -0.02841)
(-0.00660 0.01755 -0.01798)
(-0.00040 0.00122 -0.00107)
(0.00196 -0.00706 0.00661)
(0.00286 -0.00891 0.00777)
(0.00324 0.00225 0.00617)
(0.00738 0.00645 0.01440)
(0.01936 0.01776 0.03868)
(0.00993 0.00873 0.01619)
(0.00896 0.04198 0.04253)
(-0.00254 0.07394 0.05110)
(0.00410 0.02507 0.02384)
(-0.00170 0.04942 0.03475)
(-0.00756 0.08782 0.05558)
(-0.01055 0.09206 0.05664)
(-0.03333 0.11584 0.04413)
(-0.01768 0.09727 0.05897)
(-0.05544 0.13327 0.02958)
(-0.10447 0.17432 -0.01827)
(-0.03931 0.12655 0.02950)
(-0.03678 0.12226 0.02680)
(-0.08968 0.15461 -0.02239)
(-0.10423 0.16103 -0.05557)
(-0.05462 0.11790 -0.01208)
(-0.07266 0.12494 -0.04325)
(-0.07185 0.10800 -0.05940)
(-0.06108 0.10083 -0.04793)
(-0.05949 0.09506 -0.05275)
(-0.06828 0.09524 -0.06191)
(-0.07554 0.09503 -0.07809)
(-0.08879 0.08149 -0.12040)
(-0.03509 0.05102 -0.04720)
(-0.08718 0.07225 -0.12893)
(-0.08045 0.06277 -0.12174)
(-0.04974 0.02981 -0.08612)
(-0.02772 0.01337 -0.07530)
(-0.04694 0.04047 -0.11610)
(0.00010 -0.01219 -0.03905)
(0.00242 -0.00425 -0.04005)
(-0.01930 0.01997 -0.07430)
(-0.02707 0.02642 -0.07571)
(-0.01244 0.01500 -0.05005)
(-0.00632 0.02108 -0.04727)
(-0.02478 0.05126 -0.08059)
(-0.02955 0.05516 -0.06797)
(-0.00256 0.01179 -0.01756)
(-0.00743 0.01525 -0.01817)
(-0.00604 0.01249 -0.01423)
(0.00124 -0.00262 0.00288)
(0.00199 0.00171 0.00321)
(0.00649 0.00567 0.00941)
(0.00406 0.00788 0.00927)
(0.00269 0.00434 0.00521)
(0.00429 0.01031 0.01257)
(-0.00068 0.05855 0.04433)
(-0.00487 0.08040 0.04877)
(0.00601 0.01644 0.02287)
(0.00555 0.03602 0.03307)
(-0.01015 0.06764 0.02964)
(-0.00872 0.09724 0.03736)
(-0.00254 0.05961 0.02549)
(-0.01876 0.09873 0.03235)
(-0.02877 0.10099 0.02181)
(0.00093 0.08398 0.02755)
(-0.00841 0.07548 0.02468)
(-0.03450 0.08891 -0.02327)
(-0.03920 0.07862 -0.03697)
(0.00437 0.04996 -0.00847)
(0.00905 0.03481 -0.00503)
(0.00271 0.03250 -0.01632)
(0.01210 0.02441 -0.00537)
(0.04715 -0.00810 0.02017)
(-0.02063 0.03130 -0.04321)
(0.01440 -0.00323 -0.00085)
(0.02909 -0.01069 0.01070)
(0.01682 -0.02312 0.00695)
(0.03032 -0.04275 0.02262)
(0.01512 -0.02062 -0.00517)
(0.01041 -0.01378 0.00717)
(0.01132 -0.01254 0.00609)
(0.00406 -0.00292 -0.00260)
(0.00279 -0.00148 -0.00686)
(-0.00039 0.00018 0.00013)
(0.00142 0.00059 -0.00230)
(0.00017 0.00101 -0.00175)
(-0.00710 -0.01192 -0.01484)
(-0.00404 -0.01005 -0.01435)
(0.00532 0.01021 0.01240)
(-0.00508 -0.00903 -0.01118)
(-0.00213 -0.00338 -0.00384)
(-0.00021 0.03175 0.01450)
(0.01225 0.02790 0.01847)
(-0.00041 -0.00037 -0.00044)
(-0.00030 -0.00030 -0.00029)
(0.00842 0.02844 0.01392)
(0.01333 0.04394 0.02168)
(0.00813 0.00728 0.00751)
(0.02628 0.01350 0.01787)
(0.04406 0.01907 0.02926)
(0.01633 0.00660 0.01054)
(0.02355 0.00656 0.01494)
(0.02976 -0.00395 0.01734)
(0.03297 -0.00630 0.01542)
(0.00421 -0.00073 0.00262)
(0.00669 -0.00154 0.00331)
(-0.00111 0.00044 -0.00059)
(0.02013 -0.00740 0.00797)
(0.01362 -0.00805 0.00674)
(-0.00812 0.00468 -0.00428)
(-0.00323 0.00256 -0.00184)
(-0.00619 0.00367 -0.00335)
(-0.00458 0.00319 -0.00043)
(0.00349 0.00170 0.00229)
(0.00600 0.00239 0.00384)
(0.00633 0.00131 0.00352)
(-0.00270 0.00056 -0.00174)
)