/*--------------------------------*- C++ -*----------------------------------*\ 
| =========                 |                                                 | 
| \\      /  F ield         | OpenFOAM: The Open Source CFD Toolbox           | 
|  \\    /   O peration     | Version:  4.0                                   | 
|   \\  /    A nd           | Web:      www.OpenFOAM.org                      | 
|    \\/     M anipulation  |                                                 | 
\*---------------------------------------------------------------------------*/ 
FoamFile 
{ 
    version     2.0; 
    format      ascii; 
    class       vectorAverageField; 
    object      values; 
} 
// * * * * * * * * * * * * * * * * * * * * * * * * * * * * * * * * * * * * * // 
 
// Average 
(0 0 0) 
 
// Velocity data on points 
2447
(
(0.00164 0.00131 0.00090)
(-0.00152 0.00005 -0.00226)
(-0.00441 0.00154 -0.01017)
(-0.00035 0.00031 -0.00405)
(0.00000 -0.00071 0.00746)
(-0.00662 0.00528 -0.03663)
(-0.00002 0.00138 -0.01378)
(-0.00056 0.01735 -0.06136)
(0.00005 0.00172 -0.00616)
(-0.00023 -0.00264 0.00914)
(0.00033 0.01231 -0.04171)
(0.00030 0.00259 -0.00855)
(-0.00170 -0.00202 0.00678)
(0.00449 0.01788 -0.05028)
(0.00105 0.00061 -0.00196)
(-0.00348 -0.00185 0.00568)
(0.01146 0.00720 -0.02113)
(0.00071 0.00061 -0.00129)
(-0.00633 -0.00586 0.00873)
(0.00128 0.00120 -0.00179)
(0.00273 0.00523 -0.00194)
(-0.00073 -0.00105 0.00019)
(0.00068 0.00072 0.00002)
(0.00017 0.00035 0.00012)
(0.00130 -0.01862 -0.00485)
(-0.00326 -0.01084 -0.00760)
(-0.01456 0.00103 -0.03550)
(-0.02058 0.00928 -0.04927)
(-0.03081 0.00671 -0.07913)
(-0.03825 0.01834 -0.09308)
(-0.01822 0.01540 -0.09850)
(0.00046 0.02013 -0.09843)
(-0.02223 0.04076 -0.16255)
(-0.00536 0.04229 -0.14539)
(-0.00222 0.03678 -0.12095)
(0.00036 0.03158 -0.09982)
(-0.00723 0.05389 -0.17285)
(-0.00259 0.05532 -0.17028)
(0.00864 0.07001 -0.18985)
(0.00745 0.03909 -0.10811)
(0.01782 0.03196 -0.08747)
(-0.00078 0.12205 -0.29401)
(0.00301 0.11021 -0.26275)
(0.02372 0.05604 -0.12067)
(0.01974 0.04051 -0.07630)
(0.03876 0.10119 -0.18534)
(0.03229 0.03519 -0.05118)
(0.01131 0.01137 -0.01511)
(0.03983 0.08273 -0.12336)
(0.00984 0.01067 -0.01182)
(-0.00181 -0.00170 0.00135)
(0.00161 0.00297 -0.00306)
(-0.00010 -0.00170 0.00131)
(-0.00096 -0.00585 0.00398)
(-0.00760 -0.01177 0.00581)
(-0.01966 -0.03027 0.01532)
(-0.01267 -0.02389 0.00253)
(0.01121 -0.04168 -0.01247)
(-0.02508 -0.02180 -0.04133)
(-0.02184 -0.01311 -0.05189)
(-0.03704 0.00912 -0.07939)
(-0.05418 0.04033 -0.17195)
(-0.06008 0.05655 -0.22442)
(-0.04474 0.06215 -0.23137)
(-0.04161 0.07938 -0.25970)
(-0.05465 0.07122 -0.25380)
(-0.06379 0.08803 -0.28406)
(-0.04226 0.08669 -0.27298)
(-0.02277 0.09012 -0.26652)
(-0.06113 0.14693 -0.39050)
(-0.02145 0.14886 -0.36476)
(-0.02180 0.16394 -0.38566)
(-0.01625 0.16784 -0.40473)
(-0.00583 0.16868 -0.36268)
(0.01469 0.16089 -0.31821)
(0.04075 0.15452 -0.25955)
(0.00978 0.19638 -0.35687)
(0.06384 0.17679 -0.26248)
(0.07055 0.10927 -0.14193)
(0.04565 0.06670 -0.08260)
(0.06234 0.20040 -0.29137)
(0.06455 0.12919 -0.16585)
(0.03825 0.04812 -0.04686)
(0.00289 0.00271 -0.00202)
(0.02444 0.02897 -0.02122)
(-0.00963 -0.01033 0.00626)
(-0.01914 -0.01985 0.01124)
(0.00013 0.00010 -0.00018)
(-0.00387 -0.00411 0.00571)
(-0.00570 -0.01518 0.01530)
(0.00221 -0.03285 0.02567)
(-0.00601 -0.04632 0.04404)
(0.00087 -0.04948 0.04036)
(-0.00544 -0.05659 0.05252)
(-0.02236 -0.04266 0.03076)
(-0.02611 -0.03608 0.01907)
(-0.01578 -0.03697 0.01124)
(-0.06770 -0.00863 -0.01817)
(-0.04994 -0.01268 -0.03179)
(-0.04280 -0.00955 -0.05484)
(-0.05481 0.01298 -0.11219)
(-0.06623 0.02874 -0.14360)
(-0.08862 0.05980 -0.23371)
(-0.09774 0.07284 -0.26629)
(-0.10433 0.08733 -0.30009)
(-0.07112 0.08774 -0.30055)
(-0.10842 0.14210 -0.39347)
(-0.10757 0.16049 -0.43543)
(-0.09430 0.18707 -0.46490)
(-0.05623 0.17960 -0.44770)
(-0.03122 0.17575 -0.41190)
(-0.04772 0.21777 -0.46017)
(-0.04990 0.25283 -0.49476)
(-0.05548 0.28554 -0.54370)
(0.03109 0.21061 -0.33985)
(-0.01932 0.26917 -0.48765)
(0.05451 0.21430 -0.31722)
(0.08193 0.21879 -0.29297)
(0.07241 0.22117 -0.28337)
(0.07635 0.20709 -0.25628)
(0.06821 0.12305 -0.12802)
(0.02646 0.02864 -0.02013)
(0.10876 0.19104 -0.21043)
(0.07951 0.11297 -0.10403)
(0.01407 0.01455 -0.00904)
(0.00454 0.00469 -0.00276)
(0.00283 0.00087 -0.00325)
(-0.00546 -0.00457 0.00902)
(-0.01250 -0.01244 0.02165)
(-0.02130 -0.02856 0.04126)
(-0.03010 -0.03011 0.05405)
(-0.03441 -0.03736 0.06348)
(-0.02591 -0.04500 0.05776)
(-0.02688 -0.04438 0.05551)
(-0.04620 -0.03048 0.04079)
(-0.07863 -0.00377 -0.01431)
(-0.07796 -0.00201 -0.02360)
(-0.08088 0.00221 -0.03588)
(-0.09041 0.00643 -0.03338)
(-0.09595 0.01234 -0.04858)
(-0.07765 0.02371 -0.11738)
(-0.10827 0.07056 -0.24861)
(-0.11023 0.07729 -0.27020)
(-0.11196 0.08546 -0.29671)
(-0.11315 0.10932 -0.36296)
(-0.15216 0.17034 -0.46787)
(-0.12144 0.16064 -0.44896)
(-0.12504 0.21050 -0.53061)
(-0.15305 0.26026 -0.61455)
(-0.12681 0.25191 -0.57821)
(-0.11739 0.26480 -0.60422)
(-0.08335 0.30008 -0.59676)
(-0.07870 0.30467 -0.59217)
(-0.07050 0.30638 -0.58245)
(-0.06074 0.30779 -0.57278)
(-0.00999 0.29293 -0.47733)
(0.06599 0.22896 -0.30137)
(0.07225 0.22298 -0.28264)
(0.06299 0.23136 -0.30472)
(0.09228 0.22259 -0.27388)
(0.10861 0.19150 -0.20175)
(0.10782 0.23713 -0.28118)
(0.09571 0.16007 -0.15559)
(0.05974 0.06454 -0.04442)
(0.00634 0.00668 -0.00439)
(0.11285 0.13809 -0.10808)
(0.02678 0.03098 -0.02244)
(0.00152 0.00172 -0.00121)
(-0.00452 -0.00058 0.00517)
(-0.01145 -0.00471 0.01730)
(-0.02679 -0.02522 0.06037)
(-0.02726 -0.02556 0.06435)
(-0.04081 -0.03200 0.08444)
(-0.04204 -0.03647 0.08804)
(-0.04366 -0.03725 0.08826)
(-0.04680 -0.03449 0.09036)
(-0.05036 -0.03399 0.09044)
(-0.03671 -0.03535 0.06550)
(-0.07828 -0.00588 -0.00507)
(-0.09052 0.00179 -0.01142)
(-0.09734 0.00854 -0.02772)
(-0.10446 0.01599 -0.04695)
(-0.11235 0.02374 -0.06698)
(-0.15858 0.08069 -0.22361)
(-0.12457 0.08362 -0.27841)
(-0.21315 0.13211 -0.32321)
(-0.19143 0.13604 -0.36562)
(-0.13285 0.09661 -0.32084)
(-0.12636 0.09807 -0.33219)
(-0.18899 0.19444 -0.49767)
(-0.24157 0.22197 -0.53995)
(-0.24469 0.24279 -0.62305)
(-0.18941 0.20862 -0.53876)
(-0.17674 0.24829 -0.60266)
(-0.22450 0.31869 -0.72574)
(-0.22037 0.32584 -0.73145)
(-0.21799 0.33299 -0.73884)
(-0.12067 0.30014 -0.64540)
(-0.10273 0.32142 -0.63792)
(-0.09566 0.32290 -0.62875)
(-0.08620 0.32315 -0.61783)
(-0.07137 0.32887 -0.59657)
(-0.01448 0.30804 -0.49366)
(0.01443 0.31418 -0.49289)
(0.04753 0.26813 -0.37967)
(0.07372 0.28317 -0.39002)
(0.09875 0.25052 -0.29596)
(0.11210 0.24064 -0.26928)
(0.15665 0.20431 -0.17065)
(0.10036 0.12301 -0.09612)
(0.12156 0.15239 -0.12213)
(0.04111 0.04802 -0.03522)
(0.01972 0.02277 -0.01652)
(0.00212 -0.00013 -0.00207)
(-0.00058 0.00002 0.00047)
(-0.02026 -0.00553 0.03471)
(-0.02663 -0.01783 0.06526)
(-0.01683 -0.03462 0.07732)
(-0.03348 -0.03296 0.08753)
(-0.05040 -0.03171 0.09270)
(-0.05320 -0.03176 0.09229)
(-0.06228 -0.02794 0.09346)
(-0.06720 -0.02345 0.08700)
(-0.10155 0.00194 0.02955)
(-0.10448 0.01010 -0.01938)
(-0.13755 0.02825 -0.03109)
(-0.12028 0.02335 -0.04883)
(-0.12140 0.02780 -0.06775)
(-0.15871 0.06770 -0.17869)
(-0.15950 0.05580 -0.11668)
(-0.23735 0.14047 -0.32299)
(-0.24838 0.16107 -0.38644)
(-0.26000 0.20534 -0.48814)
(-0.25241 0.20995 -0.51618)
(-0.28949 0.26711 -0.64140)
(-0.28603 0.29439 -0.74833)
(-0.26275 0.31931 -0.76790)
(-0.24137 0.33708 -0.75949)
(-0.23915 0.34545 -0.76767)
(-0.23732 0.37348 -0.80329)
(-0.18125 0.37309 -0.75534)
(-0.14794 0.36289 -0.73074)
(-0.11328 0.33812 -0.66297)
(-0.11226 0.36394 -0.69273)
(-0.05415 0.33910 -0.58059)
(-0.07552 0.36728 -0.64698)
(0.00530 0.33828 -0.53477)
(0.03773 0.33574 -0.51632)
(0.05939 0.31959 -0.46853)
(0.06971 0.28786 -0.39021)
(0.08089 0.27359 -0.35664)
(0.14795 0.21447 -0.19716)
(0.15454 0.20804 -0.17967)
(0.06301 0.07533 -0.05720)
(0.15264 0.21187 -0.18897)
(0.12370 0.15573 -0.12575)
(0.04417 0.05296 -0.03609)
(0.00287 0.00410 -0.00271)
(0.00365 -0.00104 -0.00238)
(-0.00012 0.00003 0.00008)
(-0.00781 -0.00088 0.01246)
(-0.01670 -0.00471 0.03186)
(-0.02111 -0.01962 0.07068)
(-0.01687 -0.01431 0.06087)
(-0.01111 -0.02984 0.07920)
(-0.02790 -0.02615 0.07794)
(-0.03856 -0.02470 0.10474)
(-0.05374 -0.02543 0.12211)
(-0.05227 -0.03145 0.10022)
(-0.09771 -0.00807 0.09382)
(-0.12349 0.01358 0.04233)
(-0.15637 0.03144 0.01861)
(-0.19949 0.07003 -0.06645)
(-0.23774 0.12117 -0.18904)
(-0.24401 0.13514 -0.26528)
(-0.30366 0.18754 -0.44358)
(-0.30481 0.21076 -0.47169)
(-0.30110 0.24496 -0.57195)
(-0.32437 0.27893 -0.66281)
(-0.35326 0.34495 -0.77516)
(-0.34348 0.36110 -0.81075)
(-0.34999 0.38781 -0.84940)
(-0.26124 0.34757 -0.78194)
(-0.25900 0.35650 -0.78852)
(-0.28387 0.39549 -0.85379)
(-0.27268 0.41180 -0.89102)
(-0.28120 0.43701 -0.90760)
(-0.22226 0.42473 -0.85348)
(-0.20351 0.41952 -0.83072)
(-0.14061 0.39250 -0.73901)
(-0.03706 0.36508 -0.61194)
(0.04197 0.33352 -0.50828)
(-0.00913 0.33356 -0.51086)
(0.02995 0.29939 -0.41489)
(0.07133 0.28454 -0.36652)
(0.02821 0.30530 -0.42716)
(0.08644 0.27224 -0.33234)
(0.11293 0.25133 -0.27902)
(0.13108 0.21524 -0.19564)
(0.08446 0.25993 -0.29875)
(0.08320 0.13785 -0.10856)
(0.02525 0.03616 -0.02452)
(0.01526 0.02092 -0.01542)
(0.00007 -0.00004 -0.00010)
(-0.00355 0.00220 0.00155)
(-0.01518 -0.00407 0.03730)
(-0.00368 -0.00936 0.04790)
(-0.00326 -0.01316 0.06617)
(-0.00192 -0.02089 0.10065)
(-0.01064 -0.02275 0.09240)
(-0.02063 -0.02767 0.10915)
(-0.01225 -0.02217 0.10440)
(-0.04852 -0.01798 0.12086)
(-0.05406 -0.01740 0.12226)
(-0.07892 -0.01201 0.12823)
(-0.09563 -0.00423 0.13461)
(-0.10422 -0.00009 0.12656)
(-0.12682 0.00825 0.11512)
(-0.18137 0.04558 0.01065)
(-0.17690 0.04614 0.03669)
(-0.20858 0.06124 0.01876)
(-0.20335 0.06908 -0.04220)
(-0.24498 0.12081 -0.16369)
(-0.25128 0.13397 -0.21565)
(-0.29481 0.18201 -0.36358)
(-0.30863 0.21962 -0.46029)
(-0.34935 0.28371 -0.59389)
(-0.38607 0.36061 -0.75964)
(-0.38979 0.37463 -0.79017)
(-0.40042 0.39843 -0.83526)
(-0.37664 0.39672 -0.86899)
(-0.36296 0.42258 -0.92149)
(-0.33487 0.43420 -0.93759)
(-0.32047 0.44147 -0.94278)
(-0.30899 0.45508 -0.95361)
(-0.30250 0.45241 -0.94047)
(-0.27444 0.45505 -0.93813)
(-0.20560 0.42695 -0.83288)
(-0.22837 0.44953 -0.88104)
(-0.14963 0.41148 -0.76676)
(-0.14469 0.39988 -0.72143)
(-0.11560 0.38954 -0.67021)
(-0.13182 0.39432 -0.68327)
(-0.01000 0.33855 -0.51913)
(-0.01143 0.34331 -0.52991)
(0.02401 0.31578 -0.44463)
(0.00471 0.32346 -0.45563)
(0.04085 0.29350 -0.37556)
(0.05796 0.26780 -0.30902)
(0.09004 0.21247 -0.19266)
(0.03143 0.07098 -0.05129)
(-0.00345 -0.00808 0.00519)
(0.02947 0.17870 -0.17665)
(0.00025 0.00024 0.00179)
(0.00086 -0.00044 0.00981)
(0.01008 -0.00047 0.01408)
(0.00675 -0.00588 0.02501)
(0.01080 -0.01553 0.06009)
(0.00191 -0.01922 0.09503)
(-0.00107 -0.02097 0.10894)
(-0.00492 -0.02172 0.11010)
(-0.01256 -0.02245 0.12276)
(-0.06413 -0.00682 0.12861)
(-0.09368 -0.00503 0.14437)
(-0.10451 0.00097 0.13789)
(-0.14024 0.02466 0.09061)
(-0.21555 0.08525 -0.00682)
(-0.23400 0.10889 -0.07274)
(-0.29493 0.17063 -0.22070)
(-0.27971 0.16524 -0.23120)
(-0.34729 0.23826 -0.38617)
(-0.34970 0.25132 -0.36886)
(-0.34734 0.25256 -0.46542)
(-0.37152 0.30403 -0.60734)
(-0.39339 0.37017 -0.75537)
(-0.39763 0.38360 -0.78211)
(-0.40169 0.39651 -0.80783)
(-0.40579 0.42503 -0.86453)
(-0.38636 0.42980 -0.92655)
(-0.41527 0.47380 -0.94240)
(-0.37625 0.44560 -0.95749)
(-0.36896 0.45925 -0.97619)
(-0.35058 0.47265 -0.98692)
(-0.34451 0.47006 -0.98152)
(-0.31550 0.48069 -0.98570)
(-0.29604 0.47447 -0.96497)
(-0.29434 0.47637 -0.96496)
(-0.21161 0.43670 -0.84271)
(-0.19472 0.43529 -0.81735)
(-0.15279 0.40683 -0.72113)
(-0.15294 0.40751 -0.71669)
(-0.12880 0.39529 -0.67974)
(-0.08722 0.38205 -0.62436)
(-0.04251 0.35248 -0.52809)
(-0.03040 0.32227 -0.43941)
(-0.05924 0.33732 -0.47406)
(0.00550 0.28933 -0.35494)
(-0.04867 0.32120 -0.43389)
(0.01847 0.26923 -0.29772)
(0.02124 0.14501 -0.11517)
(0.00151 0.00977 -0.00524)
(-0.00024 -0.00356 0.00190)
(-0.00058 -0.00002 -0.00074)
(0.00101 -0.00001 0.00120)
(0.00738 -0.00024 0.00897)
(0.02284 -0.00226 0.02776)
(0.02918 -0.01046 0.04012)
(0.02918 -0.00392 0.03592)
(0.01982 -0.01286 0.06882)
(0.00482 -0.02057 0.10359)
(-0.00888 -0.02159 0.12286)
(-0.00403 -0.02126 0.12251)
(-0.01673 -0.02069 0.13831)
(-0.08216 -0.00047 0.15311)
(-0.05942 0.00193 0.16811)
(-0.10153 0.00016 0.15155)
(-0.11796 0.01634 0.15001)
(-0.20189 0.08266 0.05627)
(-0.24423 0.11980 -0.04499)
(-0.27802 0.15258 -0.13164)
(-0.34816 0.25279 -0.35173)
(-0.35890 0.26893 -0.41360)
(-0.35828 0.27233 -0.39969)
(-0.36763 0.28575 -0.44992)
(-0.39921 0.38248 -0.75801)
(-0.40347 0.39430 -0.77904)
(-0.40676 0.40533 -0.80272)
(-0.40925 0.42863 -0.84856)
(-0.42686 0.48459 -0.94335)
(-0.40398 0.47808 -0.98446)
(-0.40988 0.52036 -1.02890)
(-0.40510 0.51896 -1.03470)
(-0.40195 0.51817 -1.04000)
(-0.35704 0.49239 -1.01210)
(-0.31280 0.48319 -0.98517)
(-0.29462 0.47909 -0.96736)
(-0.26209 0.47164 -0.91786)
(-0.17384 0.41847 -0.75118)
(-0.17707 0.41972 -0.74928)
(-0.16203 0.41688 -0.71835)
(-0.10794 0.38351 -0.60726)
(-0.13323 0.39947 -0.63931)
(-0.07885 0.35591 -0.52338)
(-0.09284 0.35506 -0.51339)
(-0.07931 0.34349 -0.48603)
(-0.07025 0.33223 -0.45859)
(-0.06188 0.32236 -0.43460)
(-0.03307 0.20208 -0.18504)
(0.00239 0.05292 -0.03015)
(-0.00050 0.02081 -0.01179)
(0.00012 -0.02092 0.01119)
(0.00246 0.00001 0.00215)
(0.00888 -0.00046 0.01017)
(0.01698 -0.00136 0.01997)
(0.01548 -0.00109 0.01729)
(0.03043 -0.00405 0.03765)
(0.03142 -0.00581 0.04220)
(0.01187 -0.01786 0.10740)
(0.04004 -0.02715 0.10117)
(0.00218 -0.02170 0.12268)
(-0.00884 -0.02046 0.13854)
(-0.04017 -0.00759 0.18455)
(-0.08070 0.00636 0.23156)
(-0.10588 0.01611 0.18620)
(-0.11543 0.02032 0.21649)
(-0.16063 0.05866 0.12417)
(-0.19563 0.08116 0.07247)
(-0.24443 0.12245 0.02597)
(-0.26327 0.14876 -0.05668)
(-0.31500 0.22111 -0.25057)
(-0.35742 0.27543 -0.38569)
(-0.36828 0.29298 -0.44475)
(-0.36808 0.29770 -0.43489)
(-0.39563 0.35747 -0.57968)
(-0.41892 0.42075 -0.74198)
(-0.42232 0.44723 -0.79672)
(-0.42947 0.48493 -0.87111)
(-0.44309 0.52353 -0.93121)
(-0.42659 0.51354 -0.98736)
(-0.41875 0.51132 -1.01920)
(-0.41033 0.52396 -1.03860)
(-0.40707 0.52264 -1.04490)
(-0.38819 0.51265 -1.05110)
(-0.32880 0.48901 -1.00340)
(-0.32754 0.49038 -1.00430)
(-0.31180 0.48575 -0.98574)
(-0.31183 0.49004 -0.97453)
(-0.25651 0.46993 -0.90722)
(-0.26179 0.47213 -0.90896)
(-0.23363 0.45324 -0.81867)
(-0.28071 0.47874 -0.89439)
(-0.21373 0.45323 -0.79439)
(-0.18985 0.43276 -0.73208)
(-0.23615 0.46823 -0.82165)
(-0.15096 0.39482 -0.62118)
(-0.11579 0.36563 -0.53680)
(-0.10221 0.35379 -0.50887)
(-0.10138 0.34799 -0.49461)
(-0.10202 0.34292 -0.48220)
(-0.08678 0.33031 -0.45219)
(-0.13163 0.31411 -0.40293)
(-0.05848 0.21646 -0.20171)
(-0.01456 0.07555 -0.05497)
(0.00079 -0.00838 0.00477)
(-0.00014 -0.00000 -0.00013)
(0.00230 -0.00017 0.00217)
(0.01574 -0.00221 0.01417)
(0.02747 -0.00265 0.03203)
(0.04509 -0.01772 0.05527)
(0.05333 -0.02239 0.06618)
(0.06087 -0.02767 0.07233)
(0.04169 -0.02542 0.10306)
(0.02518 -0.02930 0.13065)
(0.04269 -0.03310 0.15665)
(0.03929 -0.03536 0.16164)
(0.01474 -0.03505 0.17566)
(-0.00752 -0.02405 0.20462)
(-0.06743 0.00232 0.23269)
(-0.09365 0.01124 0.25841)
(-0.13453 0.05826 0.17790)
(-0.18196 0.08018 0.13083)
(-0.22277 0.12251 0.03557)
(-0.23660 0.13875 -0.00077)
(-0.28159 0.23070 -0.18799)
(-0.30633 0.26967 -0.27620)
(-0.37536 0.37583 -0.49038)
(-0.39418 0.37804 -0.56142)
(-0.38616 0.41461 -0.56308)
(-0.42439 0.47676 -0.74015)
(-0.43673 0.50646 -0.78617)
(-0.43304 0.51698 -0.86483)
(-0.43972 0.53888 -0.90977)
(-0.43790 0.53718 -0.98008)
(-0.43590 0.56105 -0.97116)
(-0.44126 0.54710 -1.01390)
(-0.42641 0.53904 -1.03440)
(-0.41918 0.53260 -1.05210)
(-0.41386 0.53162 -1.07500)
(-0.39100 0.51613 -1.06120)
(-0.38784 0.51675 -1.08070)
(-0.35905 0.50872 -1.03140)
(-0.36353 0.51022 -1.04300)
(-0.33937 0.50326 -0.99328)
(-0.34106 0.50385 -0.99251)
(-0.34396 0.49973 -0.94950)
(-0.28564 0.48303 -0.87794)
(-0.31709 0.48461 -0.86616)
(-0.25571 0.45553 -0.77596)
(-0.22319 0.43120 -0.71530)
(-0.22563 0.41934 -0.66028)
(-0.23794 0.39907 -0.60637)
(-0.15137 0.34442 -0.48088)
(-0.17606 0.30101 -0.38982)
(-0.13133 0.26609 -0.30788)
(-0.21181 0.33815 -0.48407)
(-0.17483 0.28298 -0.34790)
(-0.05505 0.11398 -0.10679)
(-0.00266 0.00596 -0.00456)
(0.00640 -0.01215 0.00835)
(0.00125 -0.00002 0.00116)
(0.00700 -0.00054 0.00673)
(0.04417 -0.00796 0.03769)
(0.06188 -0.02269 0.05593)
(0.06623 -0.02569 0.06195)
(0.07100 -0.03825 0.08467)
(0.07773 -0.03772 0.07512)
(0.05224 -0.03618 0.13221)
(0.04376 -0.03547 0.16631)
(0.02776 -0.03360 0.21052)
(0.01448 -0.02874 0.20340)
(-0.01999 -0.02326 0.24453)
(-0.05047 0.00123 0.24138)
(-0.10658 0.05179 0.19675)
(-0.15008 0.13049 0.08861)
(-0.16419 0.15239 0.04551)
(-0.18426 0.15064 0.02802)
(-0.25696 0.21819 -0.10929)
(-0.29486 0.27287 -0.25300)
(-0.32585 0.34235 -0.37836)
(-0.36532 0.42897 -0.54038)
(-0.40671 0.47140 -0.67597)
(-0.43774 0.51750 -0.77948)
(-0.42771 0.53441 -0.81440)
(-0.42549 0.58853 -0.91320)
(-0.42335 0.58934 -0.93061)
(-0.43042 0.55551 -0.99894)
(-0.42790 0.55447 -1.03830)
(-0.43221 0.55874 -1.06280)
(-0.43136 0.55613 -1.06900)
(-0.41007 0.53161 -1.09140)
(-0.41048 0.53068 -1.09670)
(-0.37373 0.51297 -1.05980)
(-0.39427 0.51260 -1.06440)
(-0.34627 0.50341 -1.00910)
(-0.35507 0.50465 -1.01030)
(-0.37760 0.50997 -0.97970)
(-0.37508 0.50525 -0.93783)
(-0.37680 0.50434 -0.92782)
(-0.35576 0.49606 -0.89330)
(-0.25922 0.44378 -0.74357)
(-0.34643 0.47814 -0.84174)
(-0.28378 0.44483 -0.73193)
(-0.27244 0.42174 -0.66102)
(-0.28964 0.40877 -0.63044)
(-0.22229 0.34558 -0.50287)
(-0.20426 0.30937 -0.41188)
(-0.18238 0.28787 -0.35948)
(-0.18504 0.26597 -0.32385)
(-0.09873 0.15288 -0.14789)
(-0.01354 0.02527 -0.01838)
(-0.01061 0.01178 -0.00907)
(-0.00195 -0.00001 -0.00208)
(0.00886 -0.00030 0.00796)
(0.00078 -0.00001 0.00081)
(0.01084 -0.00052 0.01045)
(0.03333 -0.00627 0.03882)
(0.07027 -0.03023 0.06538)
(0.05579 -0.02353 0.06284)
(0.07505 -0.03720 0.07952)
(0.07326 -0.04177 0.10581)
(0.07392 -0.04383 0.11283)
(0.08356 -0.05558 0.14909)
(0.06216 -0.04646 0.16534)
(0.05726 -0.05003 0.20398)
(0.02005 -0.02741 0.25753)
(0.00287 -0.01669 0.26626)
(-0.04375 0.01119 0.24775)
(-0.11351 0.10305 0.11758)
(-0.14989 0.14535 0.06543)
(-0.17347 0.17335 0.00722)
(-0.24887 0.25832 -0.15441)
(-0.29042 0.33896 -0.30534)
(-0.33242 0.41618 -0.44822)
(-0.37702 0.52117 -0.62468)
(-0.37433 0.45217 -0.58621)
(-0.39606 0.51478 -0.71103)
(-0.42480 0.57181 -0.83460)
(-0.42174 0.59515 -0.90258)
(-0.41962 0.59572 -0.91717)
(-0.42106 0.58896 -0.94519)
(-0.42260 0.56197 -1.01710)
(-0.42948 0.56296 -1.05980)
(-0.42962 0.56082 -1.06420)
(-0.41872 0.54062 -1.08930)
(-0.41122 0.53348 -1.09290)
(-0.40198 0.51882 -1.09860)
(-0.40340 0.51970 -1.09330)
(-0.40258 0.51908 -1.08580)
(-0.39035 0.51576 -1.04370)
(-0.39204 0.51088 -0.99238)
(-0.38622 0.50839 -0.94936)
(-0.38899 0.50784 -0.94089)
(-0.38002 0.50395 -0.91994)
(-0.37601 0.50055 -0.90156)
(-0.34217 0.45658 -0.78775)
(-0.30146 0.42005 -0.67448)
(-0.27872 0.38676 -0.61486)
(-0.25718 0.36391 -0.56540)
(-0.26278 0.33603 -0.52165)
(-0.23693 0.30552 -0.42451)
(-0.24362 0.28239 -0.37638)
(-0.13967 0.15352 -0.13656)
(-0.02563 0.02731 -0.02106)
(-0.00175 -0.00002 -0.00210)
(0.00338 -0.00009 0.00386)
(0.02489 -0.00247 0.02323)
(0.01810 -0.00198 0.01886)
(0.02507 -0.00356 0.02534)
(0.04968 -0.02681 0.07808)
(0.06212 -0.03575 0.09387)
(0.06680 -0.04369 0.12217)
(0.06867 -0.05493 0.17184)
(0.07279 -0.06021 0.18489)
(0.06347 -0.05693 0.20854)
(0.03149 -0.03450 0.25756)
(0.02225 -0.02674 0.26355)
(0.01225 -0.01679 0.26767)
(0.00019 -0.01113 0.26870)
(-0.05594 0.06088 0.16595)
(-0.11671 0.12139 0.10295)
(-0.14648 0.15855 0.04836)
(-0.18719 0.23799 -0.07269)
(-0.18227 0.19642 -0.03261)
(-0.28058 0.35488 -0.30141)
(-0.29005 0.37512 -0.33700)
(-0.36705 0.51982 -0.60484)
(-0.38196 0.53655 -0.65207)
(-0.38464 0.54837 -0.67150)
(-0.41766 0.60282 -0.89335)
(-0.41567 0.60273 -0.90416)
(-0.41753 0.59491 -0.93258)
(-0.41471 0.59346 -0.94694)
(-0.40245 0.57646 -1.01600)
(-0.39749 0.56068 -1.06080)
(-0.40902 0.53910 -1.09550)
(-0.39872 0.53954 -1.10070)
(-0.39905 0.52959 -1.09810)
(-0.40538 0.51976 -1.09750)
(-0.40684 0.51905 -1.09430)
(-0.40764 0.51938 -1.08620)
(-0.41845 0.51893 -1.06190)
(-0.39754 0.51131 -0.96032)
(-0.40106 0.51103 -0.95379)
(-0.39328 0.50764 -0.93267)
(-0.40747 0.50016 -0.90701)
(-0.36409 0.45845 -0.80204)
(-0.35418 0.45124 -0.78238)
(-0.35186 0.41323 -0.69256)
(-0.31379 0.36979 -0.61430)
(-0.30323 0.35900 -0.58996)
(-0.31314 0.36078 -0.59892)
(-0.30383 0.35128 -0.57737)
(-0.29418 0.33962 -0.55228)
(-0.25259 0.28149 -0.38224)
(-0.19097 0.20179 -0.18573)
(-0.17457 0.17627 -0.15707)
(-0.04154 0.04206 -0.03229)
(0.01227 -0.01243 0.00885)
(-0.00061 -0.00001 -0.00084)
(0.00530 -0.00020 0.00685)
(0.01793 -0.00963 0.03901)
(0.03306 -0.01150 0.04334)
(0.03045 -0.02249 0.04791)
(0.05022 -0.02946 0.07169)
(0.06106 -0.04204 0.11406)
(0.06690 -0.05395 0.16582)
(0.07121 -0.05946 0.18187)
(0.08061 -0.07349 0.22007)
(0.07120 -0.05883 0.22584)
(0.03303 -0.03355 0.26444)
(0.02309 -0.02327 0.26849)
(0.00595 0.00349 0.27577)
(0.00238 -0.00431 0.26999)
(-0.06493 0.08723 0.19346)
(-0.09849 0.13491 0.11320)
(-0.15140 0.22107 -0.01828)
(-0.23698 0.32386 -0.20478)
(-0.26754 0.38414 -0.31574)
(-0.32661 0.47719 -0.49264)
(-0.37370 0.53568 -0.63296)
(-0.36643 0.53398 -0.61377)
(-0.37845 0.55006 -0.65783)
(-0.39275 0.60098 -0.77557)
(-0.40148 0.62605 -0.83272)
(-0.41379 0.60110 -0.91918)
(-0.39896 0.59765 -0.95982)
(-0.39485 0.59096 -0.99526)
(-0.38581 0.58222 -1.02540)
(-0.38576 0.54677 -1.08370)
(-0.37843 0.53358 -1.09840)
(-0.39598 0.53297 -1.10340)
(-0.40535 0.52536 -1.09910)
(-0.40566 0.51755 -1.10010)
(-0.41036 0.51912 -1.09120)
(-0.43365 0.52366 -1.06640)
(-0.41975 0.51660 -1.00950)
(-0.44513 0.52584 -0.99586)
(-0.43700 0.51130 -0.94846)
(-0.44964 0.51078 -0.92891)
(-0.40733 0.47797 -0.85508)
(-0.38297 0.45236 -0.78015)
(-0.41550 0.45890 -0.80585)
(-0.36939 0.41830 -0.72156)
(-0.32297 0.36715 -0.61558)
(-0.30700 0.34638 -0.57262)
(-0.30525 0.31132 -0.49964)
(-0.27376 0.26743 -0.37577)
(-0.19771 0.19921 -0.18928)
(-0.20895 0.19507 -0.20131)
(-0.05828 0.05629 -0.04323)
(0.00252 -0.00243 0.00167)
(0.00000 -0.00006 0.00043)
(0.00494 -0.00260 0.01215)
(-0.00174 -0.00127 0.00936)
(0.01892 -0.01810 0.03957)
(0.02315 -0.02202 0.04424)
(0.03629 -0.02834 0.05248)
(0.05297 -0.04442 0.07819)
(0.05737 -0.05615 0.11455)
(0.07043 -0.05875 0.13681)
(0.06682 -0.05672 0.17676)
(0.08839 -0.08790 0.21230)
(0.08072 -0.07359 0.23508)
(0.04866 -0.04102 0.26300)
(0.02529 -0.01011 0.25971)
(-0.03241 0.07484 0.20101)
(-0.04571 0.10248 0.22728)
(-0.09830 0.16921 0.09372)
(-0.21937 0.32808 -0.17507)
(-0.19892 0.30657 -0.11009)
(-0.27726 0.42459 -0.35046)
(-0.30740 0.48335 -0.42053)
(-0.35198 0.55774 -0.54381)
(-0.37280 0.54899 -0.64130)
(-0.38036 0.61514 -0.73946)
(-0.38328 0.64981 -0.78789)
(-0.40098 0.63362 -0.87160)
(-0.38922 0.63129 -0.91341)
(-0.38655 0.60399 -0.97415)
(-0.38407 0.60089 -0.99736)
(-0.37642 0.55768 -1.06560)
(-0.39040 0.55888 -1.07350)
(-0.39853 0.53498 -1.10070)
(-0.40230 0.53053 -1.10020)
(-0.40405 0.52315 -1.10530)
(-0.42565 0.52389 -1.09400)
(-0.44110 0.52793 -1.08110)
(-0.46303 0.52942 -1.05640)
(-0.46566 0.53023 -1.04950)
(-0.46193 0.52062 -0.96732)
(-0.46762 0.51654 -0.95151)
(-0.43303 0.48935 -0.87773)
(-0.43717 0.46046 -0.81888)
(-0.37962 0.41452 -0.70661)
(-0.37011 0.37917 -0.63613)
(-0.31084 0.34265 -0.57285)
(-0.36898 0.33529 -0.55305)
(-0.31284 0.29109 -0.44201)
(-0.28524 0.25807 -0.36293)
(-0.26605 0.20965 -0.29045)
(-0.23096 0.17980 -0.19472)
(-0.08975 0.06577 -0.04587)
(-0.00588 0.00451 -0.00164)
(-0.00045 -0.00028 0.00187)
(0.00090 -0.01098 0.02310)
(0.00914 -0.02203 0.04358)
(0.01609 -0.04137 0.05624)
(0.02501 -0.04131 0.06011)
(0.04710 -0.05612 0.10318)
(0.07724 -0.09153 0.15329)
(0.07869 -0.08031 0.14536)
(0.08657 -0.09746 0.17481)
(0.08205 -0.09157 0.21229)
(0.07238 -0.06661 0.25757)
(0.04890 -0.02963 0.26127)
(-0.00503 0.02781 0.23889)
(0.01552 0.01322 0.22970)
(-0.04624 0.09401 0.19446)
(-0.11775 0.18593 0.07689)
(-0.21845 0.36034 -0.13990)
(-0.24451 0.39962 -0.23733)
(-0.28482 0.48578 -0.36126)
(-0.31185 0.52530 -0.43409)
(-0.35901 0.60732 -0.59115)
(-0.38312 0.65316 -0.67109)
(-0.38298 0.65768 -0.73134)
(-0.39012 0.65202 -0.81714)
(-0.38743 0.64629 -0.88044)
(-0.36961 0.63301 -0.92982)
(-0.37040 0.62563 -0.94771)
(-0.37117 0.58049 -1.02460)
(-0.37865 0.56743 -1.05250)
(-0.38215 0.54051 -1.09020)
(-0.39056 0.52862 -1.10240)
(-0.41615 0.53062 -1.09420)
(-0.42647 0.52579 -1.09580)
(-0.45056 0.53484 -1.07450)
(-0.46457 0.53015 -1.05700)
(-0.48884 0.53906 -1.03580)
(-0.48420 0.52651 -0.99593)
(-0.52129 0.52826 -0.95812)
(-0.48977 0.51216 -0.92639)
(-0.46895 0.46321 -0.82745)
(-0.43425 0.45004 -0.80285)
(-0.41446 0.42455 -0.74155)
(-0.44749 0.41210 -0.70073)
(-0.43472 0.39739 -0.66966)
(-0.37783 0.34185 -0.56645)
(-0.30822 0.26078 -0.40916)
(-0.28394 0.22358 -0.31714)
(-0.26356 0.20073 -0.24595)
(-0.16576 0.11522 -0.09755)
(-0.07640 0.05413 -0.03375)
(-0.01115 0.00781 -0.00394)
(0.00037 0.00062 -0.00127)
(-0.00149 -0.00206 0.00488)
(-0.00004 -0.01436 0.01768)
(0.00336 -0.03168 0.04322)
(0.00781 -0.04048 0.05012)
(0.01285 -0.04736 0.05906)
(0.03320 -0.05783 0.09621)
(0.01367 -0.05081 0.06508)
(0.04967 -0.07477 0.13848)
(0.07747 -0.09507 0.16353)
(0.08336 -0.09794 0.17889)
(0.04942 -0.06944 0.19297)
(0.06915 -0.07128 0.23474)
(0.04003 -0.03385 0.22319)
(-0.04114 0.06090 0.16109)
(-0.04931 0.08529 0.17887)
(-0.07890 0.10239 0.13815)
(-0.09751 0.15231 0.09700)
(-0.22361 0.36194 -0.13649)
(-0.24371 0.39973 -0.19814)
(-0.26451 0.43439 -0.24572)
(-0.31261 0.51130 -0.37237)
(-0.36217 0.63004 -0.58652)
(-0.37807 0.66419 -0.61236)
(-0.39596 0.70671 -0.69212)
(-0.38641 0.69115 -0.74593)
(-0.38214 0.67207 -0.79504)
(-0.37810 0.67220 -0.85741)
(-0.36811 0.66346 -0.88887)
(-0.36549 0.65683 -0.90480)
(-0.36570 0.59595 -0.99596)
(-0.37493 0.57138 -1.04580)
(-0.37977 0.56197 -1.05940)
(-0.37925 0.54451 -1.08010)
(-0.41310 0.54407 -1.07060)
(-0.43863 0.53786 -1.07750)
(-0.46893 0.54544 -1.05320)
(-0.47719 0.54322 -1.05740)
(-0.49434 0.54577 -1.03040)
(-0.52387 0.53365 -0.97419)
(-0.52916 0.53155 -0.96036)
(-0.52415 0.52456 -0.94623)
(-0.52650 0.51989 -0.93631)
(-0.46304 0.43475 -0.74877)
(-0.45705 0.41471 -0.70558)
(-0.43535 0.39233 -0.65892)
(-0.42383 0.35940 -0.61621)
(-0.38971 0.32850 -0.54632)
(-0.34047 0.27051 -0.42170)
(-0.34160 0.25248 -0.35139)
(-0.32466 0.23360 -0.31112)
(-0.26452 0.16655 -0.15623)
(-0.16184 0.08660 -0.03791)
(-0.01669 0.00866 -0.00175)
(-0.01673 0.00837 -0.00123)
(-0.00198 -0.00214 0.00367)
(-0.00135 -0.02053 0.02317)
(0.00396 -0.04201 0.04702)
(0.00697 -0.04469 0.05141)
(0.01025 -0.04849 0.05730)
(0.01137 -0.05247 0.06244)
(0.02990 -0.06760 0.11663)
(0.04707 -0.07851 0.13427)
(0.07873 -0.09810 0.17081)
(0.03014 -0.05733 0.16629)
(0.01901 -0.03006 0.19353)
(-0.06049 0.07329 0.14756)
(-0.08147 0.09852 0.12789)
(-0.09819 0.12573 0.11837)
(-0.15666 0.23208 0.00205)
(-0.24582 0.39565 -0.18348)
(-0.25511 0.39713 -0.17895)
(-0.26657 0.43128 -0.22942)
(-0.33040 0.54011 -0.34588)
(-0.38004 0.63937 -0.48224)
(-0.37045 0.62393 -0.48928)
(-0.38783 0.68510 -0.56768)
(-0.40675 0.73105 -0.65197)
(-0.40490 0.73686 -0.67001)
(-0.38370 0.69567 -0.77013)
(-0.36858 0.67552 -0.87502)
(-0.36590 0.66840 -0.89027)
(-0.36193 0.65049 -0.91770)
(-0.35791 0.60723 -0.99042)
(-0.37644 0.56721 -1.05050)
(-0.38862 0.56379 -1.04830)
(-0.40962 0.55035 -1.05980)
(-0.42845 0.54659 -1.06450)
(-0.47055 0.54859 -1.04750)
(-0.48228 0.55052 -1.04520)
(-0.49473 0.55507 -1.03810)
(-0.53357 0.53797 -0.97241)
(-0.53871 0.53620 -0.96161)
(-0.53291 0.52794 -0.94903)
(-0.53732 0.52340 -0.93857)
(-0.49884 0.46103 -0.79681)
(-0.48906 0.41275 -0.71691)
(-0.44598 0.33939 -0.57616)
(-0.42036 0.30745 -0.51406)
(-0.37960 0.28722 -0.45735)
(-0.34493 0.23583 -0.30817)
(-0.33389 0.22632 -0.28876)
(-0.25746 0.13825 -0.08004)
(-0.18962 0.09828 -0.03768)
(-0.10285 0.05237 -0.01413)
(-0.19546 0.09749 -0.02977)
(-0.02729 0.01312 -0.00092)
(-0.00050 -0.00057 0.00095)
(-0.00389 -0.00450 0.00723)
(-0.00252 -0.00300 0.00487)
(-0.00960 -0.01169 0.01750)
(-0.00669 -0.03159 0.03290)
(-0.00511 -0.03790 0.04517)
(0.00362 -0.04578 0.04843)
(-0.00014 -0.05020 0.05229)
(0.00785 -0.04927 0.05503)
(0.00625 -0.05708 0.06778)
(0.01126 -0.05943 0.08426)
(0.01958 -0.06343 0.10675)
(-0.00208 -0.04095 0.12231)
(0.00992 -0.04593 0.14875)
(-0.02060 -0.01463 0.13986)
(-0.04861 0.04502 0.14071)
(-0.08993 0.10053 0.11321)
(-0.10486 0.12705 0.10451)
(-0.15587 0.18447 0.04845)
(-0.32239 0.41720 -0.17603)
(-0.27417 0.42961 -0.21909)
(-0.36924 0.57011 -0.33236)
(-0.42796 0.68900 -0.45401)
(-0.40664 0.70792 -0.56126)
(-0.41843 0.74792 -0.61869)
(-0.41114 0.74676 -0.65841)
(-0.39995 0.73542 -0.71898)
(-0.38345 0.71623 -0.82385)
(-0.36671 0.68185 -0.87627)
(-0.36162 0.65922 -0.90652)
(-0.36028 0.62512 -0.95626)
(-0.36893 0.57718 -1.02390)
(-0.38506 0.57140 -1.02330)
(-0.40320 0.55913 -1.03320)
(-0.42758 0.55032 -1.05310)
(-0.46777 0.55157 -1.04560)
(-0.48557 0.55384 -1.03960)
(-0.50163 0.55914 -1.03180)
(-0.53332 0.54821 -0.98546)
(-0.55753 0.54571 -0.96987)
(-0.54308 0.53248 -0.95085)
(-0.56080 0.51657 -0.90609)
(-0.54526 0.48556 -0.83495)
(-0.54207 0.45125 -0.77254)
(-0.48732 0.37989 -0.64527)
(-0.44687 0.32113 -0.53785)
(-0.42977 0.30340 -0.49902)
(-0.39656 0.27064 -0.38777)
(-0.32076 0.19273 -0.18979)
(-0.26656 0.13946 -0.07758)
(-0.26525 0.13293 -0.06029)
(-0.25816 0.12459 -0.03762)
(-0.17227 0.08163 -0.01460)
(-0.02898 0.01233 0.00480)
(0.02313 -0.00966 -0.00498)
(-0.00023 -0.00024 0.00057)
(-0.00282 -0.00300 0.00690)
(-0.01436 -0.01979 0.02591)
(-0.00793 -0.01062 0.01681)
(-0.01502 -0.02455 0.02623)
(-0.00710 -0.03520 0.03226)
(-0.00498 -0.04087 0.03257)
(-0.00459 -0.04514 0.04632)
(-0.00809 -0.04252 0.05010)
(0.00068 -0.05695 0.07214)
(0.00564 -0.06958 0.07767)
(-0.01479 -0.04372 0.07001)
(-0.02115 -0.03518 0.10409)
(-0.06600 0.00951 0.07630)
(-0.08810 0.05461 0.07014)
(-0.12091 0.09192 0.04604)
(-0.22221 0.21375 -0.04647)
(-0.11603 0.13217 0.08716)
(-0.21705 0.24121 -0.02341)
(-0.34994 0.41436 -0.19059)
(-0.36499 0.47918 -0.26081)
(-0.41419 0.59900 -0.34668)
(-0.45709 0.67695 -0.42570)
(-0.43395 0.73722 -0.51304)
(-0.45474 0.77322 -0.56050)
(-0.45513 0.81703 -0.62202)
(-0.41409 0.78874 -0.71368)
(-0.40136 0.76584 -0.76253)
(-0.39102 0.75227 -0.80509)
(-0.36896 0.69209 -0.87990)
(-0.36064 0.64267 -0.92883)
(-0.35570 0.60838 -0.97859)
(-0.38647 0.58724 -0.99739)
(-0.39827 0.57472 -1.00740)
(-0.42556 0.55980 -1.02840)
(-0.46722 0.57096 -1.00730)
(-0.48778 0.55672 -1.03330)
(-0.53971 0.58012 -1.00830)
(-0.56678 0.57667 -0.99286)
(-0.61436 0.58932 -0.96273)
(-0.61158 0.55908 -0.92270)
(-0.60853 0.54679 -0.90911)
(-0.59400 0.50279 -0.83566)
(-0.55957 0.45341 -0.76732)
(-0.51422 0.40274 -0.67525)
(-0.49824 0.37032 -0.59731)
(-0.44352 0.30887 -0.49874)
(-0.39932 0.24527 -0.28961)
(-0.37302 0.22045 -0.23795)
(-0.37122 0.20426 -0.19654)
(-0.32223 0.14880 -0.04590)
(-0.26512 0.11526 0.00358)
(-0.16116 0.06265 0.02303)
(-0.04568 0.01685 0.01162)
(0.01715 -0.00551 -0.00854)
(-0.00147 -0.00140 0.00377)
(-0.00813 -0.00890 0.02006)
(-0.01665 -0.01665 0.03281)
(-0.01527 -0.02731 0.03427)
(-0.00984 -0.03857 0.03437)
(-0.00706 -0.04133 0.03484)
(-0.02164 -0.02035 0.03248)
(-0.01024 -0.03951 0.04657)
(-0.01929 -0.03159 0.04180)
(-0.02713 -0.02561 0.04396)
(-0.01040 -0.04661 0.06343)
(-0.04098 -0.02010 0.05283)
(-0.04944 -0.01560 0.05722)
(-0.09070 0.01812 0.00712)
(-0.09681 0.02412 0.00982)
(-0.10453 0.06511 0.04971)
(-0.12608 0.05145 -0.00391)
(-0.15408 0.11277 0.00429)
(-0.25811 0.22207 -0.09806)
(-0.30625 0.31953 -0.12817)
(-0.38016 0.43314 -0.22239)
(-0.39231 0.46752 -0.23737)
(-0.46722 0.62015 -0.34060)
(-0.55270 0.76315 -0.47361)
(-0.48697 0.77227 -0.50876)
(-0.48361 0.78840 -0.54680)
(-0.47771 0.85679 -0.63518)
(-0.45163 0.83186 -0.67647)
(-0.42218 0.80038 -0.73085)
(-0.39882 0.77261 -0.78789)
(-0.38026 0.71009 -0.85117)
(-0.37277 0.67349 -0.90195)
(-0.35301 0.61991 -0.96064)
(-0.39450 0.60741 -0.95579)
(-0.43495 0.59655 -0.95163)
(-0.43619 0.56971 -1.00120)
(-0.48058 0.58129 -0.98569)
(-0.53307 0.58908 -0.99171)
(-0.57621 0.60181 -0.99016)
(-0.60161 0.59613 -0.97112)
(-0.62383 0.59708 -0.96137)
(-0.66321 0.59592 -0.90924)
(-0.63635 0.55274 -0.88181)
(-0.65981 0.56081 -0.85979)
(-0.58849 0.47598 -0.74193)
(-0.55037 0.42393 -0.67836)
(-0.56320 0.41679 -0.59816)
(-0.54846 0.39816 -0.56030)
(-0.50579 0.35185 -0.49165)
(-0.53678 0.38000 -0.51537)
(-0.44848 0.27883 -0.34063)
(-0.36901 0.17867 -0.14078)
(-0.36076 0.17264 -0.12344)
(-0.30642 0.11616 0.02223)
(-0.09375 0.03163 0.02636)
(-0.01429 0.00395 0.00815)
(0.00549 -0.00150 -0.00325)
(-0.00028 -0.00024 0.00076)
(-0.00430 -0.00402 0.01171)
(-0.01106 -0.01185 0.02898)
(-0.01465 -0.01246 0.03194)
(-0.01439 -0.01425 0.03438)
(-0.01358 -0.01927 0.03218)
(-0.01451 -0.02453 0.03341)
(-0.03450 -0.00574 0.02478)
(-0.03600 -0.00783 0.02540)
(-0.04111 -0.00276 0.02162)
(-0.05190 -0.00516 0.03451)
(-0.09875 0.02592 -0.00372)
(-0.10616 0.03215 -0.00362)
(-0.12449 0.04786 -0.01751)
(-0.20992 0.14782 -0.07273)
(-0.30450 0.24579 -0.15657)
(-0.33765 0.33380 -0.16420)
(-0.43962 0.45528 -0.26164)
(-0.44132 0.50534 -0.28650)
(-0.50008 0.54414 -0.34890)
(-0.52531 0.66858 -0.40418)
(-0.56943 0.76820 -0.47706)
(-0.55838 0.78915 -0.49226)
(-0.54699 0.80586 -0.53028)
(-0.50682 0.85436 -0.60770)
(-0.47155 0.85501 -0.65206)
(-0.44489 0.82829 -0.69844)
(-0.42872 0.80184 -0.75532)
(-0.38861 0.72484 -0.83429)
(-0.39598 0.69362 -0.85797)
(-0.38489 0.65470 -0.90250)
(-0.40772 0.61686 -0.93476)
(-0.43955 0.60010 -0.94115)
(-0.44876 0.59502 -0.95081)
(-0.48201 0.58912 -0.95559)
(-0.54625 0.59561 -0.98050)
(-0.58970 0.60954 -0.96139)
(-0.65308 0.63926 -0.92207)
(-0.64986 0.61721 -0.93282)
(-0.68537 0.60642 -0.87444)
(-0.67827 0.59202 -0.86464)
(-0.67850 0.58619 -0.85056)
(-0.62993 0.51904 -0.75054)
(-0.58432 0.44036 -0.61573)
(-0.54970 0.39553 -0.53827)
(-0.50876 0.33774 -0.42573)
(-0.45120 0.26483 -0.30343)
(-0.41955 0.23560 -0.21039)
(-0.38501 0.19189 -0.14578)
(-0.35713 0.16562 -0.08180)
(-0.29234 0.10404 0.02019)
(-0.09900 0.02669 0.03901)
(-0.00708 0.00162 0.00299)
(-0.00020 0.00002 0.00066)
(-0.00586 0.00040 0.01968)
(-0.01451 0.00298 0.03697)
(-0.01635 0.00244 0.03989)
(-0.01471 0.00006 0.03509)
(-0.01448 -0.01372 0.03905)
(-0.02528 -0.00342 0.03025)
(-0.01450 -0.01680 0.03893)
(-0.03580 -0.00020 0.02324)
(-0.03866 -0.00137 0.02220)
(-0.04061 0.00457 0.02015)
(-0.04471 0.00410 0.01763)
(-0.04824 0.00436 0.01601)
(-0.11486 0.04810 -0.02989)
(-0.11374 0.03917 -0.01505)
(-0.13254 0.05477 -0.03025)
(-0.25431 0.18404 -0.11732)
(-0.30864 0.24386 -0.16916)
(-0.40424 0.37349 -0.24136)
(-0.50410 0.49239 -0.33195)
(-0.53003 0.52827 -0.35477)
(-0.53502 0.66614 -0.42035)
(-0.58736 0.77465 -0.48467)
(-0.57404 0.79222 -0.49409)
(-0.57543 0.81164 -0.50901)
(-0.55144 0.86441 -0.60091)
(-0.48386 0.86434 -0.64548)
(-0.47847 0.85029 -0.67472)
(-0.42440 0.77107 -0.78946)
(-0.39813 0.68052 -0.86529)
(-0.42390 0.66073 -0.87962)
(-0.45336 0.59879 -0.94023)
(-0.55563 0.61117 -0.93740)
(-0.60901 0.63040 -0.93078)
(-0.67520 0.64615 -0.90925)
(-0.68710 0.60233 -0.86016)
(-0.67832 0.58129 -0.83623)
(-0.56327 0.41311 -0.56115)
(-0.46870 0.28744 -0.31619)
(-0.11188 0.03093 0.03425)
(-0.00110 0.00062 0.00386)
(-0.00908 0.00508 0.02889)
(-0.01798 0.01025 0.04897)
(-0.01333 0.01032 0.04331)
(-0.01801 0.01349 0.04902)
(-0.01804 0.01127 0.04673)
(-0.02782 0.01399 0.02857)
(-0.03685 0.00534 0.02225)
(-0.04213 0.01074 0.01908)
(-0.04784 0.01069 0.01473)
(-0.06074 0.02201 0.00573)
(-0.13484 0.07669 -0.05803)
(-0.16450 0.10504 -0.07757)
(-0.16289 0.08497 -0.07041)
(-0.28858 0.19583 -0.16875)
(-0.25800 0.17378 -0.12637)
(-0.34392 0.25987 -0.21066)
(-0.43440 0.37986 -0.28108)
(-0.44170 0.36995 -0.29537)
(-0.51050 0.48938 -0.33953)
(-0.53755 0.52801 -0.36226)
(-0.55812 0.61648 -0.40415)
(-0.62331 0.75826 -0.48701)
(-0.59958 0.79549 -0.50153)
(-0.58851 0.81348 -0.51356)
(-0.53422 0.87300 -0.63067)
(0.00164 -0.00216 -0.00583)
(-0.00443 0.00609 0.01615)
(-0.01351 0.02149 0.05230)
(-0.01372 0.01589 0.04979)
(-0.01799 0.01826 0.04771)
(-0.01759 0.02183 0.04195)
(-0.02710 0.02040 0.02952)
(-0.03189 0.02271 0.02727)
(-0.03039 0.02634 0.02817)
(-0.04561 0.02932 0.01681)
(-0.06453 0.04127 0.00184)
(-0.09719 0.06592 -0.02578)
(-0.15123 0.09624 -0.07259)
(-0.15645 0.09969 -0.07626)
(-0.23139 0.15661 -0.13004)
(-0.29315 0.20870 -0.17638)
(-0.36913 0.28652 -0.23731)
(-0.45385 0.37767 -0.30610)
(-0.52607 0.48689 -0.35535)
(-0.60918 0.62412 -0.42737)
(-0.65107 0.71661 -0.48280)
(0.00142 -0.00238 -0.00546)
(-0.00099 0.00170 0.00385)
(-0.00679 0.01353 0.02662)
(-0.01287 0.02966 0.04956)
(-0.01353 0.03045 0.04768)
(-0.01539 0.03506 0.04370)
(-0.03234 0.04107 0.03221)
(-0.05025 0.04950 0.01389)
(-0.06604 0.05627 0.00165)
(-0.10280 0.07909 -0.03122)
(-0.14421 0.09684 -0.06606)
(-0.17638 0.11985 -0.09422)
(-0.23496 0.16591 -0.14035)
(-0.34829 0.26030 -0.23013)
(-0.36598 0.27073 -0.23577)
(-0.43659 0.33160 -0.29725)
(-0.50700 0.43355 -0.34708)
(-0.00032 0.00066 0.00125)
(-0.00725 0.01768 0.02796)
(-0.00969 0.02439 0.04013)
(-0.01277 0.03164 0.05027)
(-0.01415 0.03284 0.04769)
(-0.01475 0.03472 0.04761)
(-0.02615 0.04897 0.03800)
(-0.03988 0.05737 0.02480)
(-0.05565 0.06306 0.01070)
(-0.05879 0.07108 0.01122)
(-0.10238 0.10064 -0.02479)
(-0.13126 0.11823 -0.05055)
(-0.14312 0.11182 -0.06546)
(-0.15523 0.13702 -0.06810)
(-0.18689 0.14842 -0.09829)
(-0.27255 0.20266 -0.17028)
(-0.00104 0.00208 0.00343)
(-0.01019 0.02470 0.03918)
(-0.01289 0.03342 0.05043)
(-0.01326 0.04095 0.05676)
(-0.01259 0.03718 0.05171)
(-0.02272 0.04804 0.04431)
(-0.03697 0.06402 0.03037)
(-0.05729 0.07136 0.01298)
(-0.11315 0.11384 -0.02946)
(-0.14306 0.13206 -0.05674)
(0.00017 -0.00046 -0.00073)
(-0.00424 0.01233 0.01958)
(-0.00967 0.03376 0.04535)
(-0.46241 0.83297 -0.72792)
(-0.40224 0.70186 -0.84798)
(-0.44442 0.60257 -0.92954)
(-0.50150 0.60586 -0.92480)
(-0.66658 0.65001 -0.90263)
(-0.68664 0.61678 -0.87021)
(-0.68646 0.59673 -0.84583)
(-0.63049 0.49830 -0.66602)
(-0.52625 0.39027 -0.48699)
(-0.44249 0.25373 -0.23098)
(-0.40947 0.22579 -0.18210)
(-0.29633 0.10148 0.03065)
(-0.28607 0.09310 0.04401)
(-0.27467 0.08388 0.05927)
(-0.02484 0.00649 0.00873)
(-0.58192 0.86601 -0.58554)
(-0.50642 0.86712 -0.67468)
(-0.47669 0.83496 -0.71735)
(-0.45125 0.80162 -0.75736)
(-0.40856 0.72148 -0.83112)
(-0.40465 0.68687 -0.85547)
(-0.42830 0.65862 -0.86659)
(-0.46042 0.62165 -0.88046)
(-0.45718 0.60134 -0.92899)
(-0.52603 0.61916 -0.89659)
(-0.56402 0.61507 -0.92651)
(-0.63152 0.64135 -0.91035)
(-0.66918 0.65340 -0.89528)
(-0.68094 0.65741 -0.89844)
(-0.70740 0.65872 -0.87197)
(-0.69573 0.61378 -0.85485)
(-0.69395 0.60769 -0.84028)
(-0.68998 0.59045 -0.81571)
(-0.64746 0.54619 -0.69676)
(-0.58014 0.44980 -0.58853)
(-0.53296 0.39980 -0.46878)
(-0.47790 0.31448 -0.33301)
(-0.44360 0.27211 -0.22127)
(-0.35786 0.17495 -0.06885)
(-0.28943 0.09987 0.03699)
(-0.27089 0.08415 0.05808)
(-0.10018 0.02766 0.03026)
(-0.00980 0.00252 0.00341)
(-0.69336 0.80153 -0.52808)
(-0.64366 0.85487 -0.56022)
(-0.63124 0.86700 -0.57260)
(-0.57718 0.90242 -0.62274)
(-0.55175 0.88062 -0.64516)
(-0.50369 0.85563 -0.70130)
(-0.45320 0.80944 -0.75734)
(-0.44487 0.76552 -0.78532)
(-0.40922 0.69373 -0.84701)
(-0.43086 0.71480 -0.81650)
(-0.42133 0.66130 -0.85541)
(-0.46740 0.61968 -0.85524)
(-0.50123 0.61601 -0.88307)
(-0.52682 0.61910 -0.88678)
(-0.58019 0.62529 -0.89917)
(-0.62696 0.64442 -0.88417)
(-0.66343 0.66165 -0.87777)
(-0.69457 0.66917 -0.88847)
(-0.72190 0.67921 -0.85792)
(-0.71769 0.65091 -0.84020)
(-0.71186 0.64208 -0.80136)
(-0.68473 0.60104 -0.77460)
(-0.66829 0.57134 -0.69927)
(-0.61838 0.51936 -0.61909)
(-0.53286 0.40158 -0.42505)
(-0.47492 0.31365 -0.30034)
(-0.47534 0.34896 -0.31126)
(-0.41248 0.25605 -0.17492)
(-0.38435 0.22064 -0.13438)
(-0.36506 0.21476 -0.12569)
(-0.29918 0.11407 0.02360)
(-0.26109 0.08250 0.05496)
(-0.12188 0.03199 0.03829)
(-0.02594 0.00548 0.01238)
(0.00981 -0.00192 -0.00497)
(-0.59749 0.54370 -0.42616)
(-0.64651 0.64518 -0.46203)
(-0.66708 0.71248 -0.49533)
(-0.69031 0.78764 -0.53166)
(-0.66554 0.84460 -0.55836)
(-0.65748 0.86955 -0.59713)
(-0.59077 0.89334 -0.62322)
(-0.57246 0.87229 -0.65220)
(-0.51221 0.84888 -0.71034)
(-0.49266 0.83154 -0.72830)
(-0.46577 0.78150 -0.76647)
(-0.45745 0.73233 -0.80484)
(-0.45593 0.68076 -0.83753)
(-0.46546 0.66221 -0.84148)
(-0.47432 0.61948 -0.85694)
(-0.54305 0.62217 -0.86241)
(-0.58737 0.63645 -0.85412)
(-0.60348 0.63623 -0.87748)
(-0.63020 0.65036 -0.86933)
(-0.69327 0.67882 -0.86310)
(-0.70907 0.68191 -0.86305)
(-0.72030 0.68828 -0.83312)
(-0.73352 0.68932 -0.83117)
(-0.70477 0.65776 -0.78898)
(-0.68665 0.62107 -0.76961)
(-0.66592 0.62941 -0.73570)
(-0.64612 0.57724 -0.68335)
(-0.57108 0.49169 -0.52085)
(-0.53758 0.43761 -0.46421)
(-0.47815 0.38418 -0.35498)
(-0.41953 0.28376 -0.21655)
(-0.32691 0.17324 -0.06429)
(-0.35795 0.23561 -0.13177)
(-0.27749 0.12206 0.00557)
(-0.23568 0.09495 0.01910)
(-0.02361 0.00627 0.01053)
(0.01875 -0.00406 -0.01022)
(-0.17338 0.08012 0.01901)
(-0.34948 0.26303 -0.23123)
(-0.37564 0.28369 -0.25121)
(-0.40205 0.30681 -0.27083)
(-0.50809 0.42991 -0.35499)
(-0.59845 0.53819 -0.42519)
(-0.63894 0.58641 -0.44478)
(-0.61903 0.58495 -0.44591)
(-0.66588 0.66800 -0.48455)
(-0.69427 0.75246 -0.52520)
(-0.68069 0.81580 -0.56313)
(-0.66484 0.86628 -0.59938)
(-0.64456 0.87553 -0.61089)
(-0.57636 0.86474 -0.66344)
(-0.50039 0.83558 -0.72348)
(-0.48881 0.82030 -0.73639)
(-0.48211 0.75060 -0.79214)
(-0.45242 0.70882 -0.81899)
(-0.49909 0.67084 -0.83890)
(-0.49182 0.63939 -0.84671)
(-0.51346 0.66326 -0.83734)
(-0.56742 0.63168 -0.85183)
(-0.58455 0.63703 -0.85198)
(-0.60185 0.64196 -0.85221)
(-0.67995 0.67491 -0.85118)
(-0.70474 0.68607 -0.85961)
(-0.70054 0.68393 -0.85751)
(-0.71648 0.69870 -0.83828)
(-0.73073 0.69267 -0.81157)
(-0.71411 0.68837 -0.80231)
(-0.69240 0.66720 -0.76025)
(-0.65477 0.63809 -0.71305)
(-0.64883 0.61840 -0.70357)
(-0.54251 0.47917 -0.49254)
(-0.49884 0.41477 -0.40618)
(-0.47212 0.38539 -0.35855)
(-0.45002 0.35402 -0.30859)
(-0.30724 0.21221 -0.11748)
(-0.28064 0.17338 -0.06513)
(-0.23699 0.12658 -0.00449)
(-0.12330 0.05147 0.02889)
(-0.01452 0.00518 0.00491)
(-0.05881 0.02159 0.02634)
(-0.01098 0.00371 0.00550)
(-0.15586 0.14038 -0.06798)
(-0.16784 0.14569 -0.07930)
(-0.22876 0.18807 -0.12921)
(-0.35031 0.26527 -0.23229)
(-0.37355 0.28378 -0.24971)
(-0.37072 0.28314 -0.24803)
(-0.39918 0.30603 -0.26874)
(-0.52938 0.45402 -0.37099)
(-0.48173 0.38061 -0.32339)
(-0.58097 0.50359 -0.39602)
(-0.63852 0.56557 -0.43488)
(-0.71049 0.70535 -0.50009)
(-0.72199 0.72811 -0.50778)
(-0.69180 0.79391 -0.54461)
(-0.67170 0.86418 -0.59648)
(-0.65346 0.87125 -0.60773)
(-0.64290 0.87410 -0.61626)
(-0.60553 0.86637 -0.64868)
(-0.50710 0.83998 -0.71934)
(-0.49602 0.82627 -0.73103)
(-0.49179 0.78040 -0.78058)
(-0.47148 0.71807 -0.81467)
(-0.51004 0.67804 -0.83332)
(-0.51785 0.67018 -0.83644)
(-0.54846 0.64668 -0.84411)
(-0.58274 0.63749 -0.85074)
(-0.59953 0.64236 -0.85063)
(-0.59715 0.64252 -0.84956)
(-0.66653 0.67107 -0.84115)
(-0.67789 0.68297 -0.82094)
(-0.69698 0.69657 -0.81468)
(-0.70809 0.70605 -0.79690)
(-0.66626 0.65310 -0.72418)
(-0.64929 0.63864 -0.70986)
(-0.63877 0.62465 -0.69940)
(-0.54571 0.50998 -0.53477)
(-0.49167 0.41509 -0.40679)
(-0.46691 0.38674 -0.36170)
(-0.44518 0.35472 -0.31152)
(-0.38730 0.30964 -0.24473)
(-0.28346 0.19829 -0.10151)
(-0.19203 0.09762 0.01758)
(-0.04862 0.01958 0.01760)
(0.00987 -0.00331 -0.00454)
(-0.00348 0.00129 0.00147)
(-0.01434 0.04522 0.06151)
(-0.02389 0.06065 0.05041)
(-0.02575 0.05754 0.04466)
(-0.03971 0.07321 0.03318)
(-0.04655 0.07766 0.03597)
(-0.05785 0.08612 0.02107)
(-0.10391 0.11023 -0.02087)
(-0.14302 0.13442 -0.05603)
(-0.14348 0.13736 -0.05553)
(-0.15648 0.14366 -0.06771)
(-0.17020 0.15019 -0.08075)
(-0.23951 0.20179 -0.13749)
(-0.32790 0.25871 -0.21180)
(-0.35832 0.28067 -0.21985)
(-0.48267 0.38498 -0.31527)
(-0.58922 0.49783 -0.39734)
(-0.63484 0.56405 -0.44059)
(-0.71263 0.69542 -0.49538)
(-0.72056 0.71873 -0.50368)
(-0.70983 0.76608 -0.52758)
(-0.70075 0.80861 -0.55666)
(-0.66163 0.86867 -0.60420)
(-0.64968 0.87183 -0.61372)
(-0.61861 0.84857 -0.66657)
(-0.55159 0.84638 -0.70363)
(-0.52844 0.81651 -0.74505)
(-0.52047 0.78450 -0.77721)
(-0.49038 0.73843 -0.79899)
(-0.51165 0.68517 -0.83200)
(-0.52206 0.67729 -0.83565)
(-0.54395 0.66321 -0.84129)
(-0.58335 0.64887 -0.84619)
(-0.59086 0.64453 -0.84433)
(-0.62953 0.65797 -0.83716)
(-0.66737 0.67525 -0.82275)
(-0.67061 0.68364 -0.80459)
(-0.69199 0.69635 -0.79833)
(-0.69674 0.70549 -0.77761)
(-0.68794 0.69214 -0.76818)
(-0.68555 0.67200 -0.74847)
(-0.65210 0.64637 -0.71385)
(-0.63348 0.63091 -0.69795)
(-0.63080 0.62343 -0.69405)
(-0.56372 0.55662 -0.60614)
(-0.48625 0.43181 -0.43894)
(-0.46089 0.45880 -0.44612)
(-0.41530 0.37356 -0.34394)
(-0.31709 0.29581 -0.20127)
(-0.28204 0.21297 -0.12008)
(-0.24258 0.15978 -0.05408)
(-0.22045 0.13901 -0.03554)
(-0.12759 0.06329 0.02607)
(-0.02655 0.01106 0.00975)
(-0.00080 0.00262 0.00397)
(-0.00161 0.00689 0.01020)
(-0.01862 0.04889 0.05421)
(-0.02783 0.05864 0.05052)
(-0.03194 0.05661 0.05308)
(-0.04365 0.07053 0.04158)
(-0.05153 0.07746 0.03671)
(-0.06588 0.08332 0.02343)
(-0.09353 0.10290 -0.00030)
(-0.09576 0.10384 -0.00344)
(-0.15139 0.14337 -0.05628)
(-0.18845 0.16256 -0.07767)
(-0.22017 0.18641 -0.11055)
(-0.30040 0.24030 -0.17454)
(-0.34235 0.27306 -0.21261)
(-0.44964 0.35094 -0.28958)
(-0.47828 0.37451 -0.30848)
(-0.57454 0.47477 -0.39174)
(-0.63569 0.54896 -0.43238)
(-0.69330 0.64081 -0.48231)
(-0.69202 0.64134 -0.50171)
(-0.72846 0.75255 -0.54340)
(-0.70097 0.77187 -0.57813)
(-0.67776 0.83731 -0.60601)
(-0.66119 0.82615 -0.63646)
(-0.65414 0.82331 -0.65699)
(-0.57978 0.85008 -0.70011)
(-0.57302 0.81889 -0.72632)
(-0.56147 0.77685 -0.77393)
(-0.52778 0.75068 -0.79685)
(-0.54582 0.72260 -0.81206)
(-0.54654 0.69507 -0.82962)
(-0.54154 0.66347 -0.84056)
(-0.56921 0.65890 -0.83777)
(-0.59645 0.65610 -0.84292)
(-0.62136 0.65832 -0.82891)
(-0.66336 0.67580 -0.82094)
(-0.64159 0.66459 -0.79381)
(-0.67464 0.69030 -0.78723)
(-0.64710 0.67961 -0.73773)
(-0.63106 0.65824 -0.71619)
(-0.60196 0.62933 -0.67368)
(-0.52333 0.54635 -0.56406)
(-0.51527 0.57320 -0.57964)
(-0.47505 0.51295 -0.53642)
(-0.39869 0.44477 -0.40643)
(-0.36388 0.37038 -0.30062)
(-0.30737 0.31319 -0.20773)
(-0.25308 0.21359 -0.09682)
(-0.21078 0.18374 -0.07094)
(-0.11482 0.09603 0.00286)
(-0.05597 0.04708 0.00360)
(-0.02069 0.01737 0.00193)
(-0.00072 0.00174 0.00322)
(-0.01837 0.04186 0.04521)
(-0.02913 0.05413 0.05653)
(-0.03809 0.05416 0.05545)
(-0.04006 0.05590 0.05387)
(-0.04406 0.05927 0.05072)
(-0.05985 0.08286 0.03267)
(-0.05406 0.06718 0.04418)
(-0.09252 0.10314 0.00585)
(-0.11522 0.11798 -0.01515)
(-0.14749 0.13236 -0.03387)
(-0.17688 0.15204 -0.04687)
(-0.24329 0.19788 -0.11261)
(-0.31271 0.25230 -0.18278)
(-0.34377 0.27346 -0.19258)
(-0.42969 0.33632 -0.27041)
(-0.49259 0.38751 -0.29102)
(-0.56486 0.44809 -0.36729)
(-0.64962 0.57429 -0.44814)
(-0.67948 0.61478 -0.52071)
(-0.70461 0.68990 -0.54348)
(-0.69606 0.72037 -0.56364)
(-0.70428 0.79973 -0.59922)
(-0.70107 0.74453 -0.58626)
(-0.68838 0.81250 -0.62517)
(-0.66997 0.80057 -0.65790)
(-0.58980 0.84417 -0.69993)
(-0.59608 0.80996 -0.71933)
(-0.59944 0.74735 -0.77287)
(-0.56349 0.74575 -0.79303)
(-0.59959 0.73470 -0.78277)
(-0.55776 0.72644 -0.81083)
(-0.57307 0.70196 -0.82625)
(-0.56965 0.68161 -0.83635)
(-0.56411 0.67580 -0.83929)
(-0.58343 0.66749 -0.83712)
(-0.59579 0.65905 -0.83985)
(-0.58694 0.64512 -0.81399)
(-0.60870 0.65488 -0.82960)
(-0.61203 0.65191 -0.80291)
(-0.63146 0.66217 -0.78651)
(-0.63335 0.66482 -0.76892)
(-0.61377 0.65560 -0.76562)
(-0.59205 0.64506 -0.72110)
(-0.58892 0.64718 -0.69846)
(-0.57305 0.63054 -0.65579)
(-0.49638 0.57173 -0.55852)
(-0.45300 0.50519 -0.49994)
(-0.44558 0.53551 -0.50775)
(-0.40222 0.46746 -0.42645)
(-0.24928 0.33754 -0.22038)
(-0.28616 0.33829 -0.23484)
(-0.21741 0.28941 -0.15801)
(-0.20703 0.20902 -0.09126)
(-0.18746 0.18623 -0.07011)
(-0.20726 0.28049 -0.14604)
(-0.14247 0.14337 -0.04882)
(-0.02176 0.02322 0.00309)
(-0.00024 0.00047 0.00092)
(-0.01995 0.03301 0.03792)
(-0.02966 0.03948 0.04322)
(-0.04297 0.05627 0.05341)
(-0.04882 0.06180 0.04863)
(-0.04819 0.05877 0.05101)
(-0.05326 0.06361 0.04701)
(-0.09614 0.10016 0.00738)
(-0.15113 0.14098 -0.02049)
(-0.16970 0.14568 -0.02895)
(-0.23865 0.19918 -0.08929)
(-0.28251 0.22767 -0.10855)
(-0.32170 0.25277 -0.14805)
(-0.40984 0.32372 -0.23052)
(-0.48995 0.38202 -0.28495)
(-0.51885 0.40743 -0.31265)
(-0.53332 0.41951 -0.32319)
(-0.63168 0.55291 -0.43201)
(-0.67345 0.59903 -0.51608)
(-0.68200 0.62669 -0.53119)
(-0.68780 0.65032 -0.54906)
(-0.68789 0.69414 -0.59185)
(-0.69807 0.73774 -0.62835)
(-0.67872 0.73726 -0.66428)
(-0.65105 0.78091 -0.68762)
(-0.63426 0.75971 -0.71218)
(-0.61092 0.73792 -0.77287)
(-0.61117 0.72872 -0.77940)
(-0.60017 0.72748 -0.79021)
(-0.59528 0.69994 -0.81253)
(-0.57530 0.68413 -0.82964)
(-0.57221 0.67233 -0.83467)
(-0.58701 0.65606 -0.82598)
(-0.59242 0.65412 -0.81103)
(-0.58116 0.63699 -0.78231)
(-0.57853 0.63501 -0.77317)
(-0.59476 0.64408 -0.75605)
(-0.57881 0.63734 -0.71457)
(-0.56840 0.63282 -0.70018)
(-0.53750 0.62061 -0.62544)
(-0.52696 0.60941 -0.63334)
(-0.51788 0.59577 -0.60002)
(-0.35892 0.48876 -0.41337)
(-0.38761 0.47188 -0.41614)
(-0.33940 0.47285 -0.38780)
(-0.27461 0.37200 -0.26110)
(-0.21741 0.31799 -0.18334)
(-0.20637 0.29502 -0.15892)
(-0.17221 0.20731 -0.08513)
(-0.12403 0.14214 -0.05489)
(-0.17709 0.26221 -0.13053)
(-0.02987 0.03795 -0.00376)
(-0.00585 0.00754 -0.00064)
(0.00028 -0.00053 -0.00136)
(-0.01368 0.01808 0.02292)
(-0.01964 0.02428 0.03402)
(-0.04354 0.05390 0.05498)
(-0.04970 0.05684 0.05208)
(-0.09306 0.09730 0.03441)
(-0.12980 0.12064 0.00477)
(-0.14928 0.12870 -0.00341)
(-0.25811 0.21380 -0.06966)
(-0.26851 0.21889 -0.07113)
(-0.28630 0.23123 -0.08594)
(-0.36867 0.28531 -0.18372)
(-0.47994 0.37219 -0.26691)
(-0.50552 0.39455 -0.29530)
(-0.51829 0.40502 -0.30635)
(-0.61614 0.51919 -0.42304)
(-0.67290 0.60398 -0.52508)
(-0.65919 0.59467 -0.53292)
(-0.66882 0.61893 -0.56899)
(-0.68301 0.68612 -0.61695)
(-0.66315 0.67140 -0.64581)
(-0.66675 0.72676 -0.68635)
(-0.66347 0.72367 -0.69564)
(-0.64779 0.70383 -0.74086)
(-0.61997 0.71685 -0.77545)
(-0.61021 0.72172 -0.78554)
(-0.60008 0.68562 -0.79704)
(-0.60092 0.67927 -0.80467)
(-0.57347 0.66073 -0.81266)
(-0.59148 0.65428 -0.80640)
(-0.58543 0.64940 -0.80684)
(-0.58284 0.63920 -0.80526)
(-0.56210 0.62643 -0.77577)
(-0.57087 0.63166 -0.77913)
(-0.56602 0.62787 -0.76846)
(-0.55765 0.62248 -0.75505)
(-0.52453 0.60388 -0.68786)
(-0.56348 0.62783 -0.70642)
(-0.55246 0.62234 -0.69138)
(-0.48199 0.57911 -0.60300)
(-0.46533 0.56958 -0.55675)
(-0.44556 0.55711 -0.53940)
(-0.34822 0.48447 -0.40337)
(-0.32846 0.46847 -0.37652)
(-0.30531 0.43025 -0.32114)
(-0.30898 0.45254 -0.34987)
(-0.21349 0.32509 -0.18574)
(-0.20317 0.30512 -0.16582)
(-0.19905 0.31227 -0.16862)
(-0.15577 0.24603 -0.12190)
(-0.08632 0.13162 -0.05698)
(-0.01095 0.01889 -0.00388)
(0.00571 -0.01056 0.00193)
(0.00180 -0.00236 -0.00610)
(-0.00055 0.00080 0.00225)
(-0.01183 0.01492 0.02756)
(-0.03774 0.04591 0.06108)
(-0.05344 0.05442 0.06086)
(-0.08732 0.08527 0.04159)
(-0.09917 0.08834 0.04126)
(-0.11798 0.10353 0.03016)
(-0.17144 0.14074 -0.00355)
(-0.24825 0.20414 -0.05612)
(-0.25933 0.21124 -0.05819)
(-0.27849 0.22470 -0.07164)
(-0.30315 0.23803 -0.07535)
(-0.33442 0.25687 -0.14070)
(-0.36374 0.27438 -0.15482)
(-0.49067 0.38123 -0.27401)
(-0.50163 0.39029 -0.28489)
(-0.54739 0.42720 -0.32697)
(-0.57978 0.46475 -0.39779)
(-0.63840 0.54855 -0.49836)
(-0.56456 0.47078 -0.39156)
(-0.64655 0.56575 -0.52179)
(-0.65271 0.59725 -0.54001)
(-0.66538 0.62242 -0.58778)
(-0.64348 0.60684 -0.60853)
(-0.66925 0.70555 -0.68461)
(-0.66683 0.70457 -0.69280)
(-0.65470 0.68092 -0.71973)
(-0.62988 0.65401 -0.73777)
(-0.61811 0.71215 -0.78019)
(-0.63169 0.64252 -0.75404)
(-0.61707 0.67953 -0.78752)
(-0.61322 0.65893 -0.79673)
(-0.59587 0.63721 -0.79703)
(-0.58464 0.64623 -0.80189)
(-0.57841 0.64086 -0.79914)
(-0.54351 0.60517 -0.76836)
(-0.51701 0.58955 -0.74548)
(-0.55622 0.62149 -0.76452)
(-0.54558 0.61433 -0.74879)
(-0.46718 0.55963 -0.65259)
(-0.47787 0.56716 -0.64033)
(-0.43157 0.53897 -0.56753)
(-0.40138 0.52388 -0.51050)
(-0.34613 0.48879 -0.42016)
(-0.30829 0.46102 -0.39101)
(-0.31977 0.46369 -0.36929)
(-0.30106 0.44775 -0.34253)
(-0.19413 0.34521 -0.21072)
(-0.20697 0.35183 -0.21245)
(-0.16509 0.30592 -0.15669)
(-0.17988 0.29477 -0.14772)
(-0.04571 0.08738 -0.02933)
(-0.03705 0.08877 -0.02581)
(-0.00068 0.00154 -0.00036)
(0.00239 -0.00350 -0.01000)
(-0.02245 0.02636 0.04396)
(-0.04199 0.04396 0.06384)
(0.00191 -0.00238 -0.00901)
(-0.00295 0.00370 0.01248)
(-0.04720 0.04977 0.06991)
(-0.05359 0.05416 0.06735)
(-0.05985 0.05863 0.06186)
(-0.06345 0.05946 0.06950)
(-0.11274 0.09705 0.03765)
(-0.15191 0.12556 0.02397)
(-0.19317 0.15881 -0.00980)
(-0.15112 0.12662 0.03120)
(-0.18880 0.15585 0.00002)
(-0.27035 0.21901 -0.05965)
(-0.25853 0.19780 -0.03697)
(-0.33435 0.25464 -0.11450)
(-0.40478 0.31447 -0.17858)
(-0.34860 0.27546 -0.10717)
(-0.41409 0.33195 -0.18268)
(-0.44267 0.35906 -0.22848)
(-0.52000 0.42353 -0.33523)
(-0.54103 0.43394 -0.36606)
(-0.57109 0.48788 -0.41626)
(-0.55666 0.50451 -0.43367)
(-0.64003 0.59144 -0.55094)
(-0.61825 0.58085 -0.57884)
(-0.66822 0.67291 -0.67327)
(-0.64801 0.66771 -0.66288)
(-0.64539 0.65089 -0.70061)
(-0.64074 0.60406 -0.71835)
(-0.63944 0.60454 -0.72170)
(-0.61634 0.62779 -0.76156)
(-0.61044 0.63606 -0.77951)
(-0.57608 0.59468 -0.76649)
(-0.55639 0.59104 -0.77327)
(-0.57731 0.62660 -0.79801)
(-0.57485 0.63124 -0.80267)
(-0.52494 0.58085 -0.76010)
(-0.50641 0.56828 -0.75071)
(-0.45296 0.52901 -0.68540)
(-0.49932 0.57739 -0.72106)
(-0.45468 0.54986 -0.65589)
(-0.39162 0.51101 -0.58099)
(-0.37876 0.49643 -0.54756)
(-0.39572 0.51223 -0.54325)
(-0.36103 0.48963 -0.47007)
(-0.34944 0.47815 -0.47860)
(-0.30014 0.44885 -0.39158)
(-0.30655 0.45781 -0.36988)
(-0.27223 0.42455 -0.34854)
(-0.23108 0.38642 -0.28074)
(-0.29555 0.44369 -0.33894)
(-0.22271 0.37479 -0.24656)
(-0.16393 0.31053 -0.16641)
(-0.11889 0.27773 -0.10393)
(-0.11938 0.26388 -0.09623)
(-0.04000 0.09759 -0.02759)
(0.00271 -0.00713 0.00183)
(-0.00404 0.01027 -0.00268)
(-0.00214 0.00250 0.00623)
(-0.02119 0.02177 0.04617)
(-0.02644 0.02717 0.05816)
(-0.04405 0.04269 0.08341)
(-0.05071 0.04784 0.08358)
(-0.12793 0.11025 0.03914)
(-0.11468 0.09229 0.05742)
(-0.16626 0.13456 0.03723)
(-0.16715 0.12721 0.03985)
(-0.26837 0.21434 -0.04172)
(-0.28610 0.23076 -0.05006)
(-0.34621 0.27777 -0.11370)
(-0.31628 0.27031 -0.11023)
(-0.43841 0.36372 -0.23639)
(-0.40038 0.34918 -0.22818)
(-0.51413 0.43672 -0.35314)
(-0.49124 0.44057 -0.38859)
(-0.50881 0.45730 -0.42477)
(-0.50967 0.46141 -0.43233)
(-0.62049 0.58308 -0.58695)
(-0.55039 0.49800 -0.50943)
(-0.61389 0.57358 -0.62983)
(-0.62317 0.59302 -0.65934)
(-0.61599 0.57874 -0.67370)
(-0.59617 0.56527 -0.66993)
(-0.58391 0.54191 -0.69254)
(-0.61409 0.59740 -0.73842)
(-0.57385 0.55964 -0.73597)
(-0.56717 0.56418 -0.74588)
(-0.55353 0.54860 -0.74205)
(-0.51245 0.53061 -0.75197)
(-0.52339 0.55342 -0.76350)
(-0.51318 0.55094 -0.75150)
(-0.48497 0.53098 -0.71466)
(-0.46255 0.52542 -0.69511)
(-0.40627 0.48731 -0.63315)
(-0.44074 0.52178 -0.64900)
(-0.39454 0.49177 -0.58714)
(-0.37319 0.48577 -0.55260)
(-0.30553 0.43548 -0.44494)
(-0.24220 0.38147 -0.36889)
(-0.28611 0.42541 -0.40282)
(-0.26663 0.41714 -0.34559)
(-0.21373 0.37481 -0.27356)
(-0.16515 0.32694 -0.20186)
(-0.13927 0.29285 -0.13626)
(-0.14846 0.29607 -0.15745)
(-0.11484 0.26808 -0.10076)
(-0.11057 0.26092 -0.09510)
(-0.07592 0.18551 -0.06245)
(-0.02694 0.07253 -0.02002)
(0.00113 -0.00388 0.00060)
(0.00898 -0.02324 0.00586)
(-0.00281 0.00304 0.00698)
(-0.01306 0.01381 0.03085)
(-0.01811 0.01934 0.04169)
(-0.04285 0.04331 0.08583)
(-0.04960 0.04869 0.08661)
(-0.08182 0.07314 0.07281)
(-0.04618 0.04644 0.08731)
(-0.09276 0.08245 0.07411)
(-0.12617 0.10225 0.05832)
(-0.15131 0.11639 0.04896)
(-0.12972 0.10608 0.05627)
(-0.15492 0.11955 0.04797)
(-0.19202 0.15798 0.02200)
(-0.21235 0.17963 -0.01054)
(-0.26386 0.22462 -0.04439)
(-0.28535 0.26106 -0.09338)
(-0.31209 0.28256 -0.12447)
(-0.31049 0.28523 -0.12912)
(-0.41463 0.36647 -0.25925)
(-0.46826 0.42709 -0.35967)
(-0.48752 0.44321 -0.39301)
(-0.48518 0.44531 -0.39745)
(-0.49436 0.45455 -0.41673)
(-0.58219 0.53023 -0.58911)
(-0.58382 0.53469 -0.61026)
(-0.56762 0.51266 -0.61280)
(-0.55734 0.50533 -0.61067)
(-0.54818 0.50601 -0.63811)
(-0.54040 0.50426 -0.68369)
(-0.53360 0.50044 -0.68628)
(-0.52807 0.49631 -0.68803)
(-0.50928 0.51076 -0.72431)
(-0.49967 0.51943 -0.74527)
(-0.47663 0.50791 -0.71587)
(-0.41815 0.46617 -0.65111)
(-0.39968 0.45949 -0.61725)
(-0.32303 0.39859 -0.51759)
(-0.35647 0.44443 -0.56477)
(-0.31093 0.39172 -0.49967)
(-0.30909 0.40166 -0.48747)
(-0.28859 0.41755 -0.44394)
(-0.24078 0.37721 -0.37288)
(-0.22868 0.36713 -0.35137)
(-0.22947 0.37113 -0.34591)
(-0.21659 0.35707 -0.32984)
(-0.20090 0.34672 -0.28471)
(-0.17383 0.31831 -0.20447)
(-0.13756 0.26594 -0.15438)
(-0.14648 0.28610 -0.15418)
(-0.13221 0.28043 -0.13873)
(-0.09270 0.22687 -0.08769)
(-0.06610 0.16664 -0.05768)
(-0.04214 0.11418 -0.02996)
(-0.00413 0.01493 -0.00182)
(0.00143 -0.00757 -0.00052)
(-0.00454 0.00500 0.01123)
(-0.00405 0.00453 0.01009)
(-0.02775 0.02944 0.06097)
(-0.04424 0.04587 0.09018)
(-0.08599 0.07759 0.07633)
(-0.07093 0.07155 0.07773)
(-0.07786 0.07665 0.07465)
(-0.09733 0.09032 0.06542)
(-0.13777 0.12843 0.03846)
(-0.12228 0.12643 0.04519)
(-0.21365 0.19292 -0.01449)
(-0.24007 0.22571 -0.05923)
(-0.28228 0.26269 -0.09914)
(-0.28059 0.26536 -0.10360)
(-0.30681 0.28674 -0.13024)
(-0.33526 0.32214 -0.19641)
(-0.46121 0.42627 -0.35862)
(-0.45558 0.42579 -0.35892)
(-0.43919 0.42162 -0.35913)
(-0.50634 0.47064 -0.48290)
(-0.52789 0.48657 -0.52939)
(-0.50255 0.45658 -0.52178)
(-0.50033 0.45357 -0.52952)
(-0.49664 0.44896 -0.53364)
(-0.52771 0.48864 -0.66785)
(-0.48622 0.45374 -0.59145)
(-0.52079 0.48371 -0.66977)
(-0.51438 0.47905 -0.67295)
(-0.47585 0.46024 -0.67374)
(-0.43018 0.41866 -0.62714)
(-0.43674 0.42917 -0.65198)
(-0.48668 0.50940 -0.73870)
(-0.42088 0.44719 -0.65697)
(-0.37562 0.38071 -0.58436)
(-0.39860 0.44459 -0.63224)
(-0.31862 0.38887 -0.51694)
(-0.30723 0.38203 -0.49825)
(-0.29648 0.37644 -0.48153)
(-0.26948 0.35730 -0.43987)
(-0.23782 0.37224 -0.37454)
(-0.22758 0.36311 -0.35618)
(-0.21989 0.34175 -0.35122)
(-0.21655 0.35398 -0.33637)
(-0.16252 0.29559 -0.20714)
(-0.17484 0.30507 -0.26653)
(-0.14461 0.26749 -0.18073)
(-0.11958 0.23588 -0.12961)
(-0.12899 0.25100 -0.15749)
(-0.08399 0.18042 -0.06232)
(-0.07817 0.17182 -0.05179)
(-0.02075 0.06318 -0.01393)
(-0.02529 0.05628 -0.01502)
(-0.00329 0.01024 -0.00205)
(-0.02244 0.02419 0.05076)
(-0.00539 0.00605 0.01336)
(-0.01517 0.02154 0.05186)
(-0.04612 0.04979 0.09174)
(-0.06294 0.06807 0.08916)
(-0.07846 0.07895 0.07958)
(-0.08320 0.08599 0.07212)
(-0.10812 0.11517 0.05285)
(-0.10494 0.11381 0.05169)
(-0.13907 0.13930 0.03822)
(-0.14173 0.15118 0.02184)
(-0.25254 0.24345 -0.08056)
(-0.26944 0.26877 -0.11310)
(-0.34803 0.34593 -0.23141)
(-0.29912 0.31950 -0.19467)
(-0.36100 0.36751 -0.26039)
(-0.46810 0.44426 -0.42963)
(-0.46927 0.44744 -0.43808)
(-0.47294 0.43874 -0.47595)
(-0.48128 0.43919 -0.50126)
(-0.47828 0.43403 -0.50838)
(-0.44694 0.41051 -0.53316)
(-0.50497 0.46573 -0.64855)
(-0.42063 0.38261 -0.52308)
(-0.43288 0.39139 -0.56222)
(-0.49970 0.46187 -0.65382)
(-0.44691 0.40832 -0.60767)
(-0.41766 0.38725 -0.60768)
(-0.38834 0.36362 -0.58572)
(-0.36986 0.35508 -0.56493)
(-0.34291 0.34498 -0.53472)
(-0.36073 0.38211 -0.57581)
(-0.31705 0.34028 -0.51577)
(-0.31405 0.36629 -0.52750)
(-0.30353 0.37233 -0.49734)
(-0.29182 0.36224 -0.47852)
(-0.28037 0.35327 -0.46102)
(-0.28214 0.36161 -0.46248)
(-0.23508 0.32496 -0.39525)
(-0.19181 0.29795 -0.30770)
(-0.21544 0.34967 -0.34144)
(-0.16931 0.28510 -0.26945)
(-0.16412 0.28000 -0.24565)
(-0.14548 0.26295 -0.19137)
(-0.11195 0.22496 -0.15672)
(-0.09596 0.20273 -0.10158)
(-0.06632 0.14349 -0.04642)
(-0.05809 0.12636 -0.05056)
(-0.05026 0.10911 -0.03407)
(-0.01304 0.02851 -0.00811)
(-0.00439 0.00980 -0.00247)
(-0.00014 0.00026 0.00069)
(-0.00405 0.00717 0.01854)
(-0.00116 0.00167 0.00374)
(-0.02835 0.03355 0.07032)
(-0.07041 0.07736 0.08012)
(-0.01399 0.02669 0.05387)
(-0.03880 0.05405 0.09306)
(-0.05890 0.07598 0.07802)
(-0.09509 0.10629 0.05578)
(-0.07299 0.08876 0.05455)
(-0.09682 0.10447 0.05284)
(-0.08536 0.10631 0.03965)
(-0.12789 0.14758 0.01548)
(-0.11547 0.14769 0.01188)
(-0.17084 0.19937 -0.04065)
(-0.16969 0.20651 -0.04304)
(-0.22887 0.26790 -0.10220)
(-0.22584 0.26839 -0.09953)
(-0.24879 0.28830 -0.13415)
(-0.37650 0.38379 -0.30592)
(-0.29188 0.32262 -0.20507)
(-0.38300 0.39015 -0.33640)
(-0.39142 0.38497 -0.36101)
(-0.39344 0.38088 -0.38198)
(-0.42777 0.39111 -0.44551)
(-0.37882 0.35476 -0.41453)
(-0.35338 0.32033 -0.41246)
(-0.33630 0.30092 -0.42391)
(-0.32851 0.28923 -0.43518)
(-0.36695 0.32402 -0.49812)
(-0.36734 0.32996 -0.54706)
(-0.32605 0.28694 -0.44659)
(-0.34782 0.31456 -0.55547)
(-0.34052 0.31598 -0.51831)
(-0.29666 0.29509 -0.47561)
(-0.31208 0.31860 -0.49765)
(-0.24871 0.28035 -0.42890)
(-0.24065 0.27518 -0.41491)
(-0.24174 0.29905 -0.41151)
(-0.19218 0.26358 -0.35292)
(-0.20081 0.28356 -0.34357)
(-0.17026 0.26689 -0.29789)
(-0.14493 0.24343 -0.27295)
(-0.15166 0.25616 -0.26269)
(-0.12766 0.23773 -0.21845)
(-0.10714 0.21240 -0.17910)
(-0.11095 0.21313 -0.14964)
(-0.08985 0.19418 -0.12271)
(-0.05552 0.11910 -0.07318)
(-0.05466 0.12115 -0.06930)
(-0.01311 0.03079 -0.01701)
(-0.01034 0.02400 -0.00847)
(0.00316 -0.00792 -0.01768)
(-0.00038 0.00082 0.00185)
(-0.02291 0.04069 0.07058)
(0.00008 -0.00046 -0.00111)
(-0.00239 0.01062 0.02485)
(-0.00794 0.03600 0.07950)
(-0.01384 0.04273 0.08586)
(-0.03285 0.06560 0.06442)
(-0.00815 0.04101 0.08381)
(-0.01107 0.04301 0.08266)
(-0.05357 0.08779 0.04528)
(-0.06275 0.10668 0.03338)
(-0.09726 0.14388 0.01368)
(-0.09223 0.14463 0.01426)
(-0.17911 0.22565 -0.07113)
(-0.16052 0.21078 -0.05738)
(-0.16243 0.22224 -0.06827)
(-0.16698 0.22698 -0.07584)
(-0.26108 0.29823 -0.18256)
(-0.17323 0.23100 -0.08502)
(-0.32245 0.33333 -0.27537)
(-0.32795 0.33288 -0.29265)
(-0.29359 0.29632 -0.27387)
(-0.30633 0.29804 -0.31587)
(-0.29407 0.27785 -0.33149)
(-0.30531 0.27552 -0.36892)
(-0.27641 0.24009 -0.34059)
(-0.23926 0.20423 -0.32362)
(-0.18575 0.14912 -0.26894)
(-0.31668 0.28466 -0.48603)
(-0.29306 0.26240 -0.45675)
(-0.20005 0.17027 -0.30984)
(-0.21441 0.18350 -0.34189)
(-0.24270 0.22561 -0.39408)
(-0.21253 0.20560 -0.35598)
(-0.17137 0.16053 -0.30235)
(-0.16611 0.16080 -0.29768)
(-0.19188 0.19320 -0.33550)
(-0.23332 0.26277 -0.40226)
(-0.19593 0.21152 -0.34342)
(-0.17704 0.21894 -0.32672)
(-0.18203 0.24100 -0.34503)
(-0.14671 0.20006 -0.28780)
(-0.15062 0.21001 -0.26855)
(-0.13276 0.21983 -0.24958)
(-0.14270 0.23820 -0.26410)
(-0.10698 0.19239 -0.20177)
(-0.11142 0.20788 -0.20385)
(-0.06094 0.14461 -0.11505)
(-0.03727 0.09793 -0.08577)
(-0.02051 0.05723 -0.04675)
(-0.01596 0.04061 -0.02896)
(-0.00601 0.01469 -0.00928)
(0.00138 -0.00347 0.00156)
(0.00437 -0.01158 0.00722)
(0.00382 -0.00959 0.00427)
(0.00088 -0.00551 -0.01333)
(-0.00016 0.00205 0.00500)
(-0.00280 0.01887 0.04405)
(-0.00034 -0.00537 -0.01402)
(-0.00052 0.01208 0.02811)
(-0.00413 0.03189 0.06950)
(-0.00318 0.04497 0.07533)
(-0.00147 0.02902 0.06233)
(-0.00341 0.03768 0.07787)
(-0.01417 0.06766 0.05727)
(-0.02510 0.07853 0.04934)
(-0.03957 0.10437 0.04152)
(-0.08200 0.14513 0.01444)
(-0.04797 0.12204 0.02974)
(-0.10065 0.17236 -0.02190)
(-0.14474 0.20870 -0.05432)
(-0.14904 0.21132 -0.05989)
(-0.15417 0.21403 -0.06593)
(-0.17908 0.23395 -0.09213)
(-0.25245 0.28308 -0.19686)
(-0.23787 0.26096 -0.19882)
(-0.25051 0.26575 -0.23347)
(-0.24347 0.24319 -0.24421)
(-0.21462 0.20867 -0.24746)
(-0.20132 0.18823 -0.24261)
(-0.16755 0.14149 -0.22601)
(-0.14360 0.11555 -0.20070)
(-0.14277 0.11262 -0.20439)
(-0.15708 0.13203 -0.24019)
(-0.15941 0.14486 -0.27888)
(-0.15536 0.14505 -0.27534)
(-0.14147 0.13210 -0.25381)
(-0.14703 0.14244 -0.26687)
(-0.14919 0.15185 -0.27710)
(-0.12177 0.14024 -0.22736)
(-0.09950 0.11852 -0.19050)
(-0.11026 0.14606 -0.22019)
(-0.13382 0.18079 -0.24679)
(-0.10030 0.14478 -0.19208)
(-0.09576 0.14973 -0.18303)
(-0.09301 0.15557 -0.17810)
(-0.09355 0.17157 -0.19424)
(-0.04811 0.10611 -0.11359)
(-0.01784 0.04933 -0.04403)
(-0.00833 0.02374 -0.02017)
(0.00026 -0.00076 0.00061)
(0.00296 -0.00884 0.00742)
(0.00382 -0.01140 0.00916)
(-0.00000 -0.00010 -0.00024)
(-0.00034 -0.00132 -0.00305)
(0.00038 0.00770 0.01786)
(0.00988 0.03032 0.05770)
(0.01058 0.01114 0.02548)
(0.00262 0.05878 0.05636)
(-0.01554 0.07455 0.05393)
(-0.02527 0.09808 0.04272)
(-0.00328 0.07549 0.05589)
(-0.02550 0.10015 0.04347)
(-0.03115 0.10619 0.04039)
(-0.03430 0.11067 0.04060)
(-0.07114 0.14287 0.01318)
(-0.12658 0.19206 -0.03765)
(-0.13158 0.19518 -0.04300)
(-0.13486 0.19628 -0.04662)
(-0.15775 0.21492 -0.06983)
(-0.17073 0.20869 -0.10758)
(-0.15723 0.19567 -0.11932)
(-0.16629 0.19389 -0.15441)
(-0.14585 0.16467 -0.14864)
(-0.14583 0.14118 -0.16610)
(-0.14499 0.13860 -0.17244)
(-0.12546 0.10119 -0.17108)
(-0.12411 0.09749 -0.17282)
(-0.10705 0.08160 -0.14885)
(-0.11453 0.08543 -0.16096)
(-0.11524 0.09073 -0.17279)
(-0.14237 0.12851 -0.25130)
(-0.08451 0.06043 -0.13786)
(-0.12615 0.11311 -0.22690)
(-0.12818 0.12011 -0.23465)
(-0.08764 0.08985 -0.17104)
(-0.07886 0.08981 -0.15788)
(-0.08711 0.10774 -0.17339)
(-0.07910 0.10078 -0.16252)
(-0.05281 0.08345 -0.10629)
(-0.05825 0.09342 -0.11398)
(-0.04938 0.08313 -0.09968)
(-0.02680 0.04728 -0.05578)
(-0.01419 0.02629 -0.02971)
(-0.00711 0.01812 -0.01858)
(-0.00042 0.00125 -0.00109)
(0.00215 -0.00728 0.00682)
(0.00302 -0.00916 0.00798)
(0.00254 0.00256 0.00598)
(0.00562 0.00728 0.01380)
(0.01453 0.02019 0.03699)
(0.00781 0.00943 0.01544)
(0.00105 0.04661 0.03873)
(-0.01460 0.08183 0.04430)
(-0.00059 0.02791 0.02147)
(-0.00963 0.05444 0.03027)
(-0.02119 0.09681 0.04762)
(-0.02443 0.10123 0.04838)
(-0.04727 0.12451 0.03475)
(-0.03112 0.10524 0.05097)
(-0.06994 0.14217 0.01935)
(-0.11944 0.18425 -0.03079)
(-0.05329 0.13412 0.02015)
(-0.04964 0.12929 0.01833)
(-0.10293 0.16210 -0.03237)
(-0.11767 0.16840 -0.06579)
(-0.06640 0.12390 -0.01938)
(-0.08488 0.13086 -0.05105)
(-0.08425 0.11351 -0.06613)
(-0.07320 0.10610 -0.05410)
(-0.07159 0.10017 -0.05874)
(-0.08031 0.10030 -0.06838)
(-0.08812 0.10071 -0.08533)
(-0.10133 0.08811 -0.12829)
(-0.04677 0.05582 -0.05230)
(-0.09978 0.07881 -0.13682)
(-0.09300 0.06934 -0.12941)
(-0.06203 0.03622 -0.09235)
(-0.03968 0.01897 -0.08094)
(-0.05819 0.04664 -0.12322)
(-0.01023 -0.00801 -0.04324)
(-0.00781 0.00029 -0.04449)
(-0.03035 0.02539 -0.08025)
(-0.03761 0.03152 -0.08181)
(-0.02050 0.01854 -0.05433)
(-0.01265 0.02407 -0.05103)
(-0.03077 0.05461 -0.08503)
(-0.03397 0.05745 -0.07157)
(-0.00442 0.01264 -0.01875)
(-0.00874 0.01587 -0.01917)
(-0.00692 0.01292 -0.01495)
(0.00140 -0.00271 0.00302)
(0.00157 0.00184 0.00306)
(0.00517 0.00606 0.00889)
(0.00256 0.00852 0.00858)
(0.00191 0.00457 0.00486)
(0.00244 0.01101 0.01176)
(-0.00941 0.06285 0.03963)
(-0.01576 0.08570 0.04257)
(0.00296 0.01771 0.02159)
(0.00004 0.03839 0.03032)
(-0.01840 0.07160 0.02470)
(-0.01996 0.10216 0.03068)
(-0.00961 0.06258 0.02140)
(-0.02951 0.10385 0.02604)
(-0.04004 0.10671 0.01583)
(-0.00830 0.08709 0.02285)
(-0.01881 0.07968 0.02045)
(-0.04508 0.09289 -0.02857)
(-0.05028 0.08306 -0.04214)
(-0.00448 0.05201 -0.01182)
(0.00009 0.03687 -0.00803)
(-0.00684 0.03517 -0.01991)
(0.00348 0.02644 -0.00826)
(0.03896 -0.00766 0.01919)
(-0.03152 0.03507 -0.04801)
(0.00466 -0.00020 -0.00390)
(0.02324 -0.01009 0.00981)
(0.00842 -0.02029 0.00504)
(0.02381 -0.04064 0.02172)
(0.00806 -0.01799 -0.00742)
(0.00818 -0.01309 0.00684)
(0.00864 -0.01181 0.00555)
(0.00229 -0.00231 -0.00327)
(-0.00003 -0.00051 -0.00805)
(-0.00027 0.00014 0.00017)
(0.00080 0.00079 -0.00258)
(-0.00013 0.00113 -0.00192)
(-0.00495 -0.01248 -0.01397)
(-0.00214 -0.01082 -0.01357)
(0.00355 0.01080 0.01167)
(-0.00349 -0.00953 -0.01054)
(-0.00158 -0.00352 -0.00363)
(-0.00404 0.03330 0.01233)
(0.00878 0.02835 0.01711)
(-0.00036 -0.00037 -0.00042)
(-0.00026 -0.00030 -0.00028)
(0.00497 0.02916 0.01251)
(0.00772 0.04503 0.01953)
(0.00696 0.00733 0.00722)
(0.02394 0.01305 0.01740)
(0.04012 0.01830 0.02855)
(0.01501 0.00625 0.01033)
(0.02075 0.00639 0.01458)
(0.02657 -0.00430 0.01738)
(0.02782 -0.00619 0.01491)
(0.00383 -0.00080 0.00264)
(0.00588 -0.00158 0.00325)
(-0.00100 0.00046 -0.00059)
(0.01640 -0.00710 0.00746)
(0.01150 -0.00790 0.00648)
(-0.00713 0.00470 -0.00421)
(-0.00264 0.00245 -0.00177)
(-0.00515 0.00351 -0.00322)
(-0.00346 0.00290 -0.00011)
(0.00320 0.00163 0.00224)
(0.00554 0.00225 0.00376)
(0.00586 0.00112 0.00351)
(-0.00251 0.00063 -0.00176)
)