/*--------------------------------*- C++ -*----------------------------------*\ 
| =========                 |                                                 | 
| \\      /  F ield         | OpenFOAM: The Open Source CFD Toolbox           | 
|  \\    /   O peration     | Version:  4.0                                   | 
|   \\  /    A nd           | Web:      www.OpenFOAM.org                      | 
|    \\/     M anipulation  |                                                 | 
\*---------------------------------------------------------------------------*/ 
FoamFile 
{ 
    version     2.0; 
    format      ascii; 
    class       vectorAverageField; 
    object      values; 
} 
// * * * * * * * * * * * * * * * * * * * * * * * * * * * * * * * * * * * * * // 
 
// Average 
(0 0 0) 
 
// Velocity data on points 
2447
(
(0.00181 0.00114 0.00069)
(-0.00155 0.00011 -0.00204)
(-0.00416 0.00148 -0.00934)
(-0.00036 0.00029 -0.00366)
(-0.00010 -0.00057 0.00685)
(-0.00568 0.00480 -0.03391)
(0.00021 0.00112 -0.01267)
(0.00120 0.01521 -0.05684)
(0.00021 0.00150 -0.00570)
(-0.00049 -0.00228 0.00845)
(0.00155 0.01072 -0.03862)
(0.00054 0.00224 -0.00791)
(-0.00187 -0.00164 0.00619)
(0.00602 0.01561 -0.04632)
(0.00110 0.00047 -0.00177)
(-0.00360 -0.00140 0.00509)
(0.01191 0.00564 -0.01902)
(0.00073 0.00052 -0.00117)
(-0.00636 -0.00512 0.00773)
(0.00129 0.00105 -0.00159)
(0.00366 0.00473 -0.00219)
(-0.00086 -0.00095 0.00023)
(0.00080 0.00064 -0.00003)
(0.00021 0.00031 0.00008)
(-0.00002 -0.01699 -0.00364)
(-0.00393 -0.00993 -0.00632)
(-0.01407 0.00124 -0.03270)
(-0.01896 0.00866 -0.04565)
(-0.02847 0.00642 -0.07352)
(-0.03498 0.01706 -0.08646)
(-0.01538 0.01398 -0.09146)
(0.00310 0.01772 -0.09126)
(-0.01679 0.03706 -0.15162)
(-0.00096 0.03741 -0.13506)
(0.00143 0.03239 -0.11225)
(0.00334 0.02775 -0.09256)
(-0.00190 0.04782 -0.16074)
(0.00257 0.04902 -0.15815)
(0.01441 0.06222 -0.17558)
(0.01074 0.03442 -0.09977)
(0.02011 0.02739 -0.08043)
(0.00711 0.11145 -0.27554)
(0.00994 0.10044 -0.24615)
(0.02669 0.05003 -0.11188)
(0.02161 0.03650 -0.07052)
(0.04330 0.09213 -0.17165)
(0.03255 0.03122 -0.04550)
(0.01125 0.01010 -0.01328)
(0.04148 0.07559 -0.11220)
(0.00970 0.00967 -0.01032)
(-0.00174 -0.00154 0.00113)
(0.00207 0.00273 -0.00301)
(-0.00031 -0.00158 0.00129)
(-0.00169 -0.00538 0.00397)
(-0.00898 -0.01055 0.00591)
(-0.02297 -0.02711 0.01548)
(-0.01502 -0.02141 0.00351)
(0.00911 -0.03825 -0.00981)
(-0.02634 -0.01808 -0.03920)
(-0.02124 -0.01153 -0.04754)
(-0.03433 0.00925 -0.07397)
(-0.04953 0.03911 -0.16303)
(-0.05346 0.05361 -0.21292)
(-0.03787 0.05805 -0.21856)
(-0.03443 0.07309 -0.24525)
(-0.04699 0.06660 -0.24021)
(-0.05498 0.08221 -0.26902)
(-0.03470 0.07977 -0.25774)
(-0.01477 0.08186 -0.24974)
(-0.05026 0.13721 -0.37037)
(-0.01114 0.13778 -0.34263)
(-0.01095 0.15165 -0.36184)
(-0.00475 0.15490 -0.37830)
(0.00391 0.15623 -0.34024)
(0.02252 0.14844 -0.29657)
(0.04675 0.14180 -0.23926)
(0.01827 0.18240 -0.33247)
(0.06787 0.16290 -0.24019)
(0.07132 0.09963 -0.12633)
(0.04561 0.06082 -0.07315)
(0.06680 0.18594 -0.26766)
(0.06570 0.11920 -0.14968)
(0.03703 0.04400 -0.04056)
(0.00276 0.00246 -0.00167)
(0.02380 0.02659 -0.01742)
(-0.00926 -0.00947 0.00490)
(-0.01841 -0.01822 0.00865)
(0.00016 0.00009 -0.00017)
(-0.00466 -0.00375 0.00555)
(-0.00788 -0.01405 0.01494)
(-0.00133 -0.03082 0.02519)
(-0.01163 -0.04311 0.04272)
(-0.00450 -0.04630 0.03953)
(-0.01168 -0.05227 0.05113)
(-0.02620 -0.03888 0.02986)
(-0.02990 -0.03220 0.01914)
(-0.01797 -0.03308 0.01168)
(-0.06899 -0.00389 -0.02064)
(-0.05076 -0.00892 -0.03204)
(-0.04279 -0.00622 -0.05313)
(-0.05294 0.01453 -0.10775)
(-0.06258 0.02983 -0.13810)
(-0.08265 0.05941 -0.22512)
(-0.09081 0.07162 -0.25637)
(-0.09602 0.08409 -0.28792)
(-0.06160 0.08208 -0.28523)
(-0.09631 0.13432 -0.37534)
(-0.09526 0.15149 -0.41553)
(-0.08158 0.17667 -0.44374)
(-0.04441 0.16768 -0.42380)
(-0.01967 0.16318 -0.38729)
(-0.03576 0.20423 -0.43442)
(-0.03784 0.23807 -0.46734)
(-0.04219 0.26975 -0.51377)
(0.03840 0.19609 -0.31521)
(-0.00700 0.25297 -0.45706)
(0.05990 0.19943 -0.29258)
(0.08541 0.20336 -0.26660)
(0.07772 0.20548 -0.25575)
(0.08071 0.19215 -0.23012)
(0.06852 0.11388 -0.11283)
(0.02583 0.02639 -0.01644)
(0.11171 0.17740 -0.18684)
(0.07878 0.10468 -0.09005)
(0.01369 0.01344 -0.00722)
(0.00444 0.00434 -0.00218)
(0.00326 0.00075 -0.00320)
(-0.00653 -0.00412 0.00879)
(-0.01525 -0.01125 0.02103)
(-0.02614 -0.02612 0.03980)
(-0.03577 -0.02714 0.05219)
(-0.04031 -0.03273 0.05974)
(-0.03179 -0.04033 0.05442)
(-0.03250 -0.03917 0.05241)
(-0.05009 -0.02576 0.03780)
(-0.08007 0.00128 -0.01776)
(-0.07896 0.00282 -0.02639)
(-0.08133 0.00681 -0.03809)
(-0.09107 0.01134 -0.03644)
(-0.09600 0.01697 -0.05105)
(-0.07470 0.02548 -0.11404)
(-0.10213 0.07037 -0.24063)
(-0.10346 0.07648 -0.26110)
(-0.10444 0.08385 -0.28617)
(-0.10368 0.10501 -0.34825)
(-0.13939 0.16322 -0.44948)
(-0.10850 0.15250 -0.42932)
(-0.11074 0.20001 -0.50821)
(-0.13724 0.24811 -0.59025)
(-0.11220 0.23952 -0.55381)
(-0.10274 0.25090 -0.57570)
(-0.06867 0.28433 -0.56630)
(-0.06419 0.28869 -0.56160)
(-0.05623 0.29018 -0.55170)
(-0.04669 0.29134 -0.54177)
(0.00205 0.27623 -0.44754)
(0.07207 0.21301 -0.27315)
(0.07767 0.20722 -0.25486)
(0.06937 0.21534 -0.27626)
(0.09744 0.20702 -0.24600)
(0.11082 0.17837 -0.17919)
(0.11373 0.22126 -0.25353)
(0.09773 0.14903 -0.13655)
(0.05929 0.06000 -0.03645)
(0.00627 0.00621 -0.00357)
(0.11410 0.12896 -0.09117)
(0.02690 0.02897 -0.01863)
(0.00152 0.00161 -0.00099)
(-0.00501 -0.00041 0.00501)
(-0.01302 -0.00400 0.01682)
(-0.03143 -0.02257 0.05797)
(-0.03218 -0.02302 0.06191)
(-0.04642 -0.02738 0.07923)
(-0.04690 -0.03124 0.08254)
(-0.04846 -0.03180 0.08243)
(-0.05146 -0.02905 0.08428)
(-0.05498 -0.02830 0.08400)
(-0.04106 -0.02993 0.06042)
(-0.08009 -0.00065 -0.00913)
(-0.09207 0.00725 -0.01592)
(-0.09834 0.01384 -0.03167)
(-0.10485 0.02103 -0.05026)
(-0.11212 0.02848 -0.06968)
(-0.15381 0.08244 -0.22035)
(-0.11812 0.08336 -0.27023)
(-0.20909 0.13427 -0.32021)
(-0.18559 0.13641 -0.35866)
(-0.12565 0.09561 -0.31113)
(-0.11848 0.09625 -0.32109)
(-0.17723 0.18847 -0.48282)
(-0.23159 0.21813 -0.52844)
(-0.23143 0.23605 -0.60622)
(-0.17678 0.20151 -0.52121)
(-0.16228 0.23859 -0.58147)
(-0.20776 0.30644 -0.70220)
(-0.20348 0.31325 -0.70736)
(-0.20091 0.32010 -0.71432)
(-0.10518 0.28528 -0.61565)
(-0.08731 0.30545 -0.60714)
(-0.08040 0.30671 -0.59777)
(-0.07108 0.30670 -0.58647)
(-0.05577 0.31172 -0.56443)
(-0.00196 0.29093 -0.46323)
(0.02691 0.29674 -0.46168)
(0.05588 0.25178 -0.35116)
(0.08293 0.26664 -0.36151)
(0.10755 0.23416 -0.26688)
(0.11890 0.22518 -0.24215)
(0.15971 0.19095 -0.14578)
(0.10156 0.11501 -0.08109)
(0.12351 0.14266 -0.10358)
(0.04143 0.04496 -0.02932)
(0.01990 0.02134 -0.01371)
(0.00234 -0.00017 -0.00208)
(-0.00064 0.00004 0.00046)
(-0.02286 -0.00493 0.03391)
(-0.03107 -0.01566 0.06285)
(-0.02183 -0.03168 0.07404)
(-0.03818 -0.02889 0.08171)
(-0.05486 -0.02625 0.08630)
(-0.05772 -0.02606 0.08565)
(-0.06674 -0.02187 0.08621)
(-0.07146 -0.01720 0.07941)
(-0.10469 0.00867 0.02179)
(-0.10591 0.01587 -0.02436)
(-0.13884 0.03462 -0.03748)
(-0.12109 0.02903 -0.05331)
(-0.12161 0.03303 -0.07129)
(-0.15644 0.07162 -0.17931)
(-0.15885 0.06136 -0.12057)
(-0.23625 0.14487 -0.32448)
(-0.24589 0.16398 -0.38532)
(-0.25483 0.20533 -0.48307)
(-0.24470 0.20829 -0.50732)
(-0.27953 0.26244 -0.63001)
(-0.27191 0.28629 -0.72961)
(-0.24701 0.30849 -0.74596)
(-0.22456 0.32487 -0.73628)
(-0.22206 0.33287 -0.74392)
(-0.21967 0.36005 -0.77800)
(-0.16441 0.35771 -0.72645)
(-0.13054 0.34660 -0.69925)
(-0.09737 0.32187 -0.63184)
(-0.09574 0.34701 -0.66087)
(-0.03963 0.32189 -0.54964)
(-0.05941 0.34943 -0.61435)
(0.01964 0.32021 -0.50255)
(0.05171 0.31807 -0.48527)
(0.07239 0.30209 -0.43804)
(0.08153 0.27109 -0.36073)
(0.09239 0.25772 -0.32786)
(0.15271 0.20071 -0.17150)
(0.15825 0.19480 -0.15461)
(0.06384 0.07060 -0.04795)
(0.15700 0.19866 -0.16369)
(0.12604 0.14597 -0.10680)
(0.04497 0.04976 -0.02966)
(0.00296 0.00387 -0.00221)
(0.00420 -0.00099 -0.00269)
(-0.00014 0.00003 0.00009)
(-0.00894 -0.00080 0.01252)
(-0.01915 -0.00431 0.03148)
(-0.02514 -0.01823 0.06800)
(-0.02036 -0.01351 0.05948)
(-0.01461 -0.02794 0.07581)
(-0.03196 -0.02315 0.07300)
(-0.04283 -0.02075 0.09791)
(-0.05831 -0.02022 0.11341)
(-0.05623 -0.02618 0.09203)
(-0.10322 -0.00074 0.08116)
(-0.12821 0.02130 0.03068)
(-0.16121 0.04045 0.00669)
(-0.20345 0.07888 -0.07715)
(-0.24184 0.12900 -0.19861)
(-0.24473 0.14096 -0.27072)
(-0.30210 0.19261 -0.44492)
(-0.30275 0.21416 -0.47226)
(-0.29659 0.24414 -0.56772)
(-0.31847 0.27616 -0.65617)
(-0.34461 0.33934 -0.76545)
(-0.33300 0.35374 -0.79767)
(-0.33852 0.37891 -0.83518)
(-0.24479 0.33582 -0.75999)
(-0.24220 0.34434 -0.76605)
(-0.26736 0.38290 -0.83136)
(-0.25605 0.39858 -0.86704)
(-0.26402 0.42286 -0.88250)
(-0.20508 0.40889 -0.82507)
(-0.18636 0.40320 -0.80130)
(-0.12271 0.37501 -0.70659)
(-0.02104 0.34689 -0.58015)
(0.05602 0.31586 -0.47743)
(0.00626 0.31504 -0.47931)
(0.04350 0.28215 -0.38489)
(0.08306 0.26818 -0.33816)
(0.04209 0.28794 -0.39708)
(0.09802 0.25588 -0.30374)
(0.12145 0.23627 -0.25147)
(0.13737 0.20189 -0.16973)
(0.09512 0.24439 -0.27046)
(0.08817 0.12976 -0.09176)
(0.02611 0.03407 -0.02013)
(0.01603 0.01974 -0.01278)
(0.00009 -0.00004 -0.00012)
(-0.00421 0.00199 0.00221)
(-0.01755 -0.00396 0.03725)
(-0.00615 -0.00942 0.04826)
(-0.00580 -0.01283 0.06550)
(-0.00456 -0.01977 0.09726)
(-0.01386 -0.02125 0.08863)
(-0.02439 -0.02527 0.10358)
(-0.01493 -0.02053 0.09958)
(-0.05208 -0.01421 0.11285)
(-0.05773 -0.01323 0.11377)
(-0.08431 -0.00556 0.11514)
(-0.10156 0.00265 0.11961)
(-0.11035 0.00720 0.11116)
(-0.13283 0.01653 0.09985)
(-0.18747 0.05523 -0.00360)
(-0.18433 0.05578 0.02091)
(-0.21636 0.07214 0.00182)
(-0.20971 0.07898 -0.05650)
(-0.25148 0.13039 -0.17614)
(-0.25582 0.14196 -0.22550)
(-0.29745 0.18868 -0.36965)
(-0.30902 0.22374 -0.46281)
(-0.34863 0.28485 -0.59462)
(-0.38536 0.35907 -0.75839)
(-0.38829 0.37202 -0.78790)
(-0.39665 0.39415 -0.83054)
(-0.36836 0.38990 -0.85840)
(-0.35046 0.41198 -0.90576)
(-0.32086 0.42230 -0.91845)
(-0.30501 0.42837 -0.92167)
(-0.29168 0.44159 -0.93066)
(-0.28525 0.43825 -0.91641)
(-0.25761 0.44013 -0.91332)
(-0.18901 0.41052 -0.80369)
(-0.21169 0.43326 -0.85404)
(-0.13199 0.39419 -0.73720)
(-0.12605 0.38132 -0.69021)
(-0.09746 0.37031 -0.63878)
(-0.11320 0.37502 -0.65215)
(0.00569 0.31981 -0.48751)
(0.00564 0.32468 -0.49796)
(0.03934 0.29804 -0.41431)
(0.02050 0.30522 -0.42526)
(0.05474 0.27658 -0.34620)
(0.06926 0.25243 -0.28105)
(0.09759 0.20044 -0.16881)
(0.03367 0.06697 -0.04299)
(-0.00370 -0.00762 0.00425)
(0.03691 0.16840 -0.15714)
(0.00005 0.00018 0.00207)
(-0.00029 -0.00074 0.01102)
(0.00903 -0.00099 0.01612)
(0.00489 -0.00643 0.02653)
(0.00869 -0.01562 0.06032)
(-0.00062 -0.01839 0.09237)
(-0.00373 -0.01975 0.10538)
(-0.00764 -0.02030 0.10607)
(-0.01547 -0.02050 0.11762)
(-0.06907 -0.00202 0.11844)
(-0.09964 0.00173 0.12922)
(-0.11093 0.00824 0.12192)
(-0.14809 0.03344 0.07401)
(-0.22540 0.09609 -0.02442)
(-0.24433 0.11943 -0.09023)
(-0.30556 0.18161 -0.23648)
(-0.28894 0.17543 -0.24489)
(-0.35604 0.24709 -0.39905)
(-0.36134 0.26098 -0.38365)
(-0.35367 0.25936 -0.47403)
(-0.37438 0.30710 -0.61082)
(-0.39404 0.36906 -0.75572)
(-0.39765 0.38156 -0.78167)
(-0.40092 0.39350 -0.80665)
(-0.40153 0.41963 -0.85947)
(-0.37709 0.42101 -0.91411)
(-0.41023 0.46616 -0.93706)
(-0.36576 0.43522 -0.94378)
(-0.35647 0.44773 -0.96012)
(-0.33754 0.46045 -0.96937)
(-0.33079 0.45711 -0.96226)
(-0.30042 0.46636 -0.96441)
(-0.28042 0.45959 -0.94223)
(-0.27886 0.46134 -0.94231)
(-0.19454 0.42026 -0.81579)
(-0.17706 0.41786 -0.78967)
(-0.13423 0.38771 -0.69039)
(-0.13445 0.38823 -0.68617)
(-0.11021 0.37582 -0.64871)
(-0.06928 0.36291 -0.59392)
(-0.02463 0.33297 -0.49676)
(-0.01472 0.30398 -0.40895)
(-0.04393 0.31920 -0.44304)
(0.01887 0.27303 -0.32581)
(-0.03410 0.30380 -0.40316)
(0.02997 0.25398 -0.27018)
(0.02700 0.13671 -0.09885)
(0.00187 0.00921 -0.00410)
(-0.00037 -0.00336 0.00149)
(-0.00053 0.00000 -0.00085)
(0.00093 -0.00004 0.00137)
(0.00682 -0.00047 0.01021)
(0.02135 -0.00294 0.03110)
(0.02751 -0.01125 0.04257)
(0.02749 -0.00464 0.03975)
(0.01748 -0.01283 0.06914)
(0.00228 -0.01962 0.10077)
(-0.01179 -0.01983 0.11809)
(-0.00693 -0.01970 0.11823)
(-0.02000 -0.01843 0.13240)
(-0.08783 0.00534 0.14058)
(-0.06585 0.00692 0.15639)
(-0.10810 0.00727 0.13537)
(-0.12607 0.02441 0.13245)
(-0.21402 0.09393 0.03642)
(-0.25720 0.13132 -0.06574)
(-0.29078 0.16427 -0.15060)
(-0.36112 0.26291 -0.36791)
(-0.37015 0.27785 -0.42731)
(-0.37084 0.28163 -0.41461)
(-0.37861 0.29401 -0.46284)
(-0.40119 0.38150 -0.75967)
(-0.40499 0.39260 -0.78009)
(-0.40755 0.40274 -0.80304)
(-0.40927 0.42466 -0.84885)
(-0.42441 0.47752 -0.94084)
(-0.39630 0.46838 -0.97658)
(-0.40160 0.51003 -1.02150)
(-0.39637 0.50842 -1.02640)
(-0.39292 0.50749 -1.03110)
(-0.34453 0.47903 -0.99473)
(-0.29805 0.46863 -0.96414)
(-0.27926 0.46393 -0.94494)
(-0.24658 0.45518 -0.89433)
(-0.15556 0.39946 -0.72131)
(-0.15889 0.40056 -0.71971)
(-0.14364 0.39700 -0.68761)
(-0.09047 0.36395 -0.57697)
(-0.11580 0.37958 -0.60905)
(-0.06133 0.33591 -0.49159)
(-0.07703 0.33616 -0.48200)
(-0.06387 0.32506 -0.45478)
(-0.05523 0.31425 -0.42747)
(-0.04728 0.30482 -0.40360)
(-0.02526 0.19087 -0.16405)
(0.00438 0.04986 -0.02400)
(0.00028 0.01960 -0.00936)
(-0.00065 -0.01972 0.00876)
(0.00230 -0.00002 0.00252)
(0.00830 -0.00064 0.01153)
(0.01593 -0.00173 0.02242)
(0.01459 -0.00135 0.01950)
(0.02877 -0.00465 0.04149)
(0.02973 -0.00647 0.04587)
(0.00956 -0.01691 0.10540)
(0.03761 -0.02644 0.10120)
(-0.00070 -0.02032 0.11898)
(-0.01215 -0.01851 0.13336)
(-0.04565 -0.00354 0.17496)
(-0.08925 0.01307 0.21627)
(-0.11402 0.02352 0.17015)
(-0.12539 0.02900 0.19929)
(-0.17163 0.06815 0.10625)
(-0.20801 0.09210 0.05306)
(-0.25932 0.13532 0.00407)
(-0.27869 0.16117 -0.07840)
(-0.32955 0.23170 -0.26910)
(-0.37124 0.28516 -0.40158)
(-0.38046 0.30139 -0.45862)
(-0.38140 0.30642 -0.44954)
(-0.40696 0.36290 -0.59117)
(-0.42539 0.42089 -0.74775)
(-0.42671 0.44519 -0.80143)
(-0.43299 0.48076 -0.87557)
(-0.44478 0.51692 -0.93422)
(-0.42272 0.50442 -0.98397)
(-0.41265 0.50129 -1.01400)
(-0.40276 0.51364 -1.03190)
(-0.39905 0.51216 -1.03750)
(-0.37850 0.50046 -1.03930)
(-0.31489 0.47493 -0.98404)
(-0.31375 0.47620 -0.98523)
(-0.29715 0.47095 -0.96493)
(-0.29747 0.47418 -0.95392)
(-0.24083 0.45261 -0.88350)
(-0.24624 0.45473 -0.88565)
(-0.21653 0.43391 -0.79096)
(-0.26553 0.46062 -0.87067)
(-0.19643 0.43335 -0.76654)
(-0.17222 0.41242 -0.70305)
(-0.21967 0.44803 -0.79409)
(-0.13436 0.37496 -0.59080)
(-0.09985 0.34638 -0.50517)
(-0.08658 0.33497 -0.47733)
(-0.08597 0.32939 -0.46300)
(-0.08681 0.32450 -0.45048)
(-0.07191 0.31235 -0.42064)
(-0.11804 0.29659 -0.37064)
(-0.04936 0.20437 -0.17761)
(-0.01128 0.07116 -0.04593)
(0.00047 -0.00789 0.00378)
(-0.00013 -0.00000 -0.00015)
(0.00222 -0.00015 0.00244)
(0.01517 -0.00206 0.01590)
(0.02602 -0.00309 0.03563)
(0.04326 -0.01747 0.05895)
(0.05163 -0.02241 0.06947)
(0.05941 -0.02712 0.07565)
(0.03902 -0.02443 0.10394)
(0.02231 -0.02773 0.12864)
(0.03892 -0.03104 0.15585)
(0.03551 -0.03326 0.15965)
(0.01067 -0.03202 0.17115)
(-0.01372 -0.01938 0.19684)
(-0.07603 0.00895 0.21880)
(-0.10339 0.01883 0.24091)
(-0.14715 0.06751 0.15973)
(-0.19582 0.09150 0.11109)
(-0.23817 0.13444 0.01286)
(-0.25287 0.15106 -0.02387)
(-0.29845 0.24045 -0.20926)
(-0.32385 0.27907 -0.29650)
(-0.39102 0.38186 -0.50685)
(-0.40698 0.38313 -0.57486)
(-0.40035 0.41847 -0.57805)
(-0.43468 0.47656 -0.74956)
(-0.44614 0.50476 -0.79487)
(-0.43801 0.51189 -0.87138)
(-0.44276 0.53214 -0.91483)
(-0.43752 0.52850 -0.98089)
(-0.43801 0.55321 -0.97603)
(-0.43942 0.53786 -1.01380)
(-0.42130 0.52871 -1.03110)
(-0.41297 0.52222 -1.04690)
(-0.40765 0.52081 -1.06900)
(-0.38205 0.50418 -1.05120)
(-0.37960 0.50505 -1.07210)
(-0.34696 0.49466 -1.01550)
(-0.35272 0.49653 -1.02930)
(-0.32579 0.48705 -0.97493)
(-0.32749 0.48756 -0.97423)
(-0.33061 0.48217 -0.92802)
(-0.27093 0.46422 -0.85387)
(-0.30325 0.46544 -0.84079)
(-0.24007 0.43518 -0.74728)
(-0.20691 0.41078 -0.68584)
(-0.20983 0.39867 -0.62779)
(-0.22356 0.37910 -0.57268)
(-0.13685 0.32563 -0.44736)
(-0.16298 0.28327 -0.35590)
(-0.11948 0.25015 -0.27566)
(-0.19860 0.31943 -0.44916)
(-0.16234 0.26602 -0.31350)
(-0.05011 0.10686 -0.09228)
(-0.00240 0.00558 -0.00380)
(0.00587 -0.01135 0.00673)
(0.00125 0.00001 0.00130)
(0.00678 -0.00046 0.00750)
(0.04306 -0.00769 0.04151)
(0.06105 -0.02168 0.05908)
(0.06506 -0.02486 0.06538)
(0.06935 -0.03716 0.08751)
(0.07634 -0.03633 0.07809)
(0.04905 -0.03405 0.13248)
(0.03972 -0.03321 0.16533)
(0.02138 -0.02939 0.20613)
(0.00790 -0.02441 0.19707)
(-0.02793 -0.01705 0.23412)
(-0.05975 0.00833 0.22768)
(-0.11855 0.06038 0.18068)
(-0.16524 0.13883 0.06786)
(-0.18001 0.16075 0.02453)
(-0.19980 0.15987 0.00654)
(-0.27571 0.22873 -0.13218)
(-0.31317 0.28183 -0.27334)
(-0.34335 0.34882 -0.39698)
(-0.38051 0.43157 -0.55625)
(-0.41885 0.47167 -0.68849)
(-0.44915 0.51609 -0.78923)
(-0.43616 0.53091 -0.82412)
(-0.43063 0.58101 -0.92192)
(-0.42767 0.58137 -0.93904)
(-0.43011 0.54692 -1.00130)
(-0.42523 0.54478 -1.03920)
(-0.43040 0.54853 -1.06360)
(-0.42905 0.54585 -1.06920)
(-0.40436 0.52087 -1.08650)
(-0.40421 0.51968 -1.09150)
(-0.36404 0.50010 -1.04810)
(-0.38526 0.49950 -1.05360)
(-0.33384 0.48797 -0.99250)
(-0.34344 0.48940 -0.99413)
(-0.36631 0.49342 -0.96189)
(-0.36322 0.48749 -0.91603)
(-0.36506 0.48637 -0.90512)
(-0.34287 0.47703 -0.86742)
(-0.24405 0.42381 -0.71393)
(-0.33373 0.45932 -0.81425)
(-0.26909 0.42463 -0.70098)
(-0.25764 0.40096 -0.62703)
(-0.27575 0.38837 -0.59565)
(-0.20918 0.32669 -0.46783)
(-0.19218 0.29193 -0.37746)
(-0.16967 0.27075 -0.32448)
(-0.17299 0.24868 -0.28970)
(-0.09164 0.14272 -0.12719)
(-0.01243 0.02361 -0.01501)
(-0.01002 0.01085 -0.00726)
(-0.00197 -0.00007 -0.00230)
(0.00888 -0.00006 0.00891)
(0.00078 0.00002 0.00090)
(0.01090 -0.00020 0.01159)
(0.03299 -0.00543 0.04159)
(0.06913 -0.02897 0.06869)
(0.05507 -0.02214 0.06569)
(0.07356 -0.03536 0.08249)
(0.07081 -0.03925 0.10799)
(0.07116 -0.04164 0.11480)
(0.08031 -0.05276 0.15057)
(0.05832 -0.04349 0.16486)
(0.05201 -0.04632 0.20173)
(0.01191 -0.02163 0.25044)
(-0.00599 -0.01041 0.25737)
(-0.05465 0.01895 0.23418)
(-0.12715 0.11059 0.10022)
(-0.16513 0.15328 0.04521)
(-0.18954 0.18135 -0.01340)
(-0.26620 0.26584 -0.17497)
(-0.30725 0.34408 -0.32414)
(-0.34769 0.41828 -0.46564)
(-0.38869 0.51904 -0.63731)
(-0.38845 0.45330 -0.60120)
(-0.40712 0.51248 -0.72263)
(-0.43288 0.56647 -0.84474)
(-0.42697 0.58750 -0.91200)
(-0.42420 0.58778 -0.92636)
(-0.42482 0.58076 -0.95348)
(-0.42345 0.55331 -1.02120)
(-0.42817 0.55294 -1.06170)
(-0.42797 0.55075 -1.06570)
(-0.41564 0.53076 -1.08840)
(-0.40700 0.52302 -1.09030)
(-0.39540 0.50737 -1.09240)
(-0.39733 0.50810 -1.08710)
(-0.39603 0.50706 -1.07850)
(-0.38180 0.50203 -1.03290)
(-0.38235 0.49524 -0.97523)
(-0.37508 0.49106 -0.92833)
(-0.37802 0.49035 -0.91898)
(-0.36843 0.48588 -0.89633)
(-0.36419 0.48203 -0.87545)
(-0.32990 0.43686 -0.75662)
(-0.28791 0.39923 -0.63957)
(-0.26557 0.36629 -0.57965)
(-0.24394 0.34380 -0.52953)
(-0.25030 0.31585 -0.48476)
(-0.22483 0.28692 -0.38915)
(-0.23248 0.26456 -0.34144)
(-0.13212 0.14142 -0.11308)
(-0.02425 0.02508 -0.01678)
(-0.00177 -0.00008 -0.00230)
(0.00342 0.00003 0.00425)
(0.02504 -0.00175 0.02569)
(0.01828 -0.00139 0.02071)
(0.02529 -0.00275 0.02782)
(0.04870 -0.02494 0.08092)
(0.06048 -0.03352 0.09703)
(0.06471 -0.04119 0.12491)
(0.06506 -0.05136 0.17348)
(0.06884 -0.05641 0.18630)
(0.05823 -0.05266 0.20678)
(0.02358 -0.02877 0.25128)
(0.01394 -0.02076 0.25629)
(0.00356 -0.01064 0.25938)
(-0.00895 -0.00469 0.25937)
(-0.06678 0.06717 0.15491)
(-0.13036 0.12849 0.08513)
(-0.16124 0.16567 0.02887)
(-0.20044 0.24232 -0.09038)
(-0.19831 0.20375 -0.05278)
(-0.29542 0.35796 -0.31930)
(-0.30437 0.37728 -0.35438)
(-0.37830 0.51726 -0.61763)
(-0.39274 0.53343 -0.66449)
(-0.39473 0.54457 -0.68382)
(-0.42273 0.59490 -0.90334)
(-0.42026 0.59472 -0.91391)
(-0.42155 0.58680 -0.94157)
(-0.41830 0.58527 -0.95585)
(-0.40348 0.56820 -1.02250)
(-0.39779 0.55255 -1.06600)
(-0.40655 0.52958 -1.09570)
(-0.39721 0.53080 -1.10270)
(-0.39505 0.51943 -1.09690)
(-0.40004 0.50851 -1.09220)
(-0.40144 0.50763 -1.08840)
(-0.40154 0.50745 -1.07900)
(-0.41247 0.50632 -1.05160)
(-0.38721 0.49445 -0.94010)
(-0.39096 0.49410 -0.93276)
(-0.38249 0.49005 -0.90975)
(-0.39717 0.48194 -0.88096)
(-0.35266 0.43885 -0.77054)
(-0.34238 0.43142 -0.75019)
(-0.34014 0.39240 -0.65600)
(-0.30208 0.34934 -0.57702)
(-0.29140 0.33857 -0.55247)
(-0.30153 0.34014 -0.56121)
(-0.29211 0.33065 -0.53946)
(-0.28238 0.31899 -0.51417)
(-0.24156 0.26322 -0.34686)
(-0.18099 0.18538 -0.15427)
(-0.16557 0.16123 -0.12880)
(-0.03936 0.03845 -0.02551)
(0.01162 -0.01136 0.00684)
(-0.00063 -0.00003 -0.00092)
(0.00541 -0.00001 0.00748)
(0.01848 -0.00880 0.04112)
(0.03329 -0.01041 0.04637)
(0.03092 -0.02131 0.05084)
(0.04946 -0.02737 0.07481)
(0.05948 -0.03951 0.11676)
(0.06354 -0.05040 0.16770)
(0.06745 -0.05570 0.18348)
(0.07572 -0.06920 0.22035)
(0.06584 -0.05449 0.22468)
(0.02512 -0.02778 0.25811)
(0.01488 -0.01740 0.26120)
(-0.00214 0.00941 0.26735)
(-0.00661 0.00191 0.26069)
(-0.07422 0.09193 0.18117)
(-0.10887 0.13946 0.09919)
(-0.16200 0.22396 -0.03259)
(-0.25002 0.32601 -0.22090)
(-0.28073 0.38464 -0.33219)
(-0.33731 0.47483 -0.50566)
(-0.38411 0.53227 -0.64552)
(-0.37644 0.53029 -0.62626)
(-0.38809 0.54594 -0.67026)
(-0.39877 0.59342 -0.78724)
(-0.40554 0.61792 -0.84345)
(-0.41792 0.59302 -0.92871)
(-0.40176 0.58944 -0.96884)
(-0.39671 0.58316 -1.00350)
(-0.38678 0.57454 -1.03270)
(-0.38555 0.53879 -1.08780)
(-0.37775 0.52594 -1.10170)
(-0.39396 0.52411 -1.10500)
(-0.40173 0.51514 -1.09670)
(-0.40088 0.50649 -1.09490)
(-0.40495 0.50754 -1.08460)
(-0.42879 0.51171 -1.05690)
(-0.41206 0.50178 -0.99302)
(-0.43787 0.51112 -0.97841)
(-0.42847 0.49462 -0.92565)
(-0.44110 0.49357 -0.90279)
(-0.39753 0.45892 -0.82396)
(-0.37255 0.43284 -0.74643)
(-0.40584 0.43931 -0.77272)
(-0.35890 0.39849 -0.68653)
(-0.31154 0.34648 -0.57798)
(-0.29535 0.32550 -0.53446)
(-0.29397 0.29046 -0.46072)
(-0.26302 0.24825 -0.33998)
(-0.18764 0.18228 -0.15745)
(-0.19854 0.17716 -0.16879)
(-0.05526 0.05123 -0.03395)
(0.00239 -0.00221 0.00127)
(0.00003 -0.00005 0.00045)
(0.00548 -0.00235 0.01298)
(-0.00121 -0.00113 0.00983)
(0.01971 -0.01729 0.04200)
(0.02386 -0.02106 0.04696)
(0.03657 -0.02692 0.05572)
(0.05225 -0.04205 0.08158)
(0.05622 -0.05387 0.11812)
(0.06820 -0.05587 0.13975)
(0.06333 -0.05308 0.17857)
(0.08515 -0.08420 0.21461)
(0.07651 -0.06964 0.23514)
(0.04239 -0.03633 0.25907)
(0.01984 -0.00567 0.25503)
(-0.04009 0.07886 0.19160)
(-0.05333 0.10606 0.21524)
(-0.10549 0.17105 0.08288)
(-0.23051 0.32892 -0.19118)
(-0.20725 0.30692 -0.12257)
(-0.28677 0.42223 -0.36372)
(-0.31497 0.47949 -0.43317)
(-0.35935 0.55258 -0.55636)
(-0.38207 0.54472 -0.65359)
(-0.38551 0.60773 -0.75121)
(-0.38662 0.64228 -0.79889)
(-0.40492 0.62620 -0.88198)
(-0.39200 0.62382 -0.92321)
(-0.38883 0.59703 -0.98289)
(-0.38579 0.59377 -1.00600)
(-0.37666 0.55036 -1.07110)
(-0.39033 0.55105 -1.07860)
(-0.39713 0.52644 -1.10270)
(-0.40084 0.52172 -1.10080)
(-0.40272 0.51424 -1.10480)
(-0.42254 0.51346 -1.08950)
(-0.43778 0.51710 -1.07460)
(-0.45900 0.51731 -1.04460)
(-0.46152 0.51798 -1.03710)
(-0.45470 0.50498 -0.94636)
(-0.46049 0.50084 -0.92816)
(-0.42403 0.47104 -0.84821)
(-0.42779 0.44149 -0.78692)
(-0.36881 0.39409 -0.67011)
(-0.35831 0.35819 -0.59954)
(-0.29920 0.32154 -0.53470)
(-0.35669 0.31304 -0.51312)
(-0.30076 0.26966 -0.40349)
(-0.27340 0.23762 -0.32706)
(-0.25336 0.18851 -0.25537)
(-0.21900 0.16029 -0.16243)
(-0.08496 0.05825 -0.03381)
(-0.00558 0.00401 -0.00081)
(-0.00034 -0.00026 0.00196)
(0.00166 -0.01066 0.02424)
(0.01006 -0.02120 0.04591)
(0.01700 -0.04054 0.05974)
(0.02565 -0.04036 0.06396)
(0.04658 -0.05438 0.10690)
(0.07633 -0.08932 0.15789)
(0.07688 -0.07741 0.14929)
(0.08529 -0.09500 0.17904)
(0.07982 -0.08853 0.21539)
(0.06852 -0.06280 0.25705)
(0.04530 -0.02625 0.25921)
(-0.01031 0.03149 0.23265)
(0.01275 0.01537 0.22633)
(-0.05256 0.09681 0.18500)
(-0.12339 0.18719 0.06741)
(-0.22124 0.35722 -0.14927)
(-0.25059 0.39706 -0.24865)
(-0.28908 0.48015 -0.37298)
(-0.31580 0.51848 -0.44593)
(-0.36348 0.59985 -0.60302)
(-0.38650 0.64428 -0.68362)
(-0.38612 0.64970 -0.74309)
(-0.39324 0.64424 -0.82779)
(-0.39039 0.63902 -0.89047)
(-0.37097 0.62638 -0.93843)
(-0.37159 0.61899 -0.95587)
(-0.37183 0.57311 -1.03160)
(-0.37912 0.56002 -1.05820)
(-0.38147 0.53262 -1.09350)
(-0.39020 0.52053 -1.10420)
(-0.41519 0.52213 -1.09370)
(-0.42455 0.51656 -1.09290)
(-0.44827 0.52497 -1.06940)
(-0.46070 0.51819 -1.04550)
(-0.48454 0.52679 -1.02270)
(-0.47850 0.51224 -0.97755)
(-0.51522 0.51342 -0.93613)
(-0.48223 0.49570 -0.90025)
(-0.46021 0.44474 -0.79641)
(-0.42451 0.43066 -0.77028)
(-0.40358 0.40369 -0.70521)
(-0.43608 0.39084 -0.66424)
(-0.42301 0.37561 -0.63093)
(-0.36545 0.31958 -0.52667)
(-0.29543 0.23860 -0.37134)
(-0.27047 0.20142 -0.28087)
(-0.25050 0.17998 -0.21272)
(-0.15690 0.10158 -0.07608)
(-0.07227 0.04775 -0.02374)
(-0.01055 0.00688 -0.00249)
(0.00028 0.00061 -0.00131)
(-0.00119 -0.00202 0.00509)
(0.00092 -0.01413 0.01865)
(0.00455 -0.03106 0.04546)
(0.00910 -0.03999 0.05326)
(0.01395 -0.04680 0.06268)
(0.03322 -0.05655 0.09963)
(0.01475 -0.05034 0.06901)
(0.04949 -0.07341 0.14287)
(0.07674 -0.09306 0.16822)
(0.08247 -0.09582 0.18330)
(0.04960 -0.06771 0.19669)
(0.06727 -0.06880 0.23620)
(0.03889 -0.03136 0.22405)
(-0.04110 0.06174 0.15989)
(-0.05112 0.08644 0.17450)
(-0.07820 0.10259 0.13618)
(-0.09935 0.15226 0.09168)
(-0.22557 0.35870 -0.14508)
(-0.24618 0.39574 -0.20744)
(-0.26671 0.42966 -0.25502)
(-0.31479 0.50516 -0.38259)
(-0.36514 0.62147 -0.59828)
(-0.38036 0.65531 -0.62441)
(-0.39705 0.69861 -0.70268)
(-0.38756 0.68366 -0.75587)
(-0.38433 0.66474 -0.80534)
(-0.38001 0.66554 -0.86708)
(-0.36917 0.65736 -0.89723)
(-0.36646 0.65079 -0.91288)
(-0.36679 0.58948 -1.00270)
(-0.37537 0.56406 -1.05150)
(-0.38007 0.55443 -1.06450)
(-0.37929 0.53684 -1.08410)
(-0.41257 0.53626 -1.07100)
(-0.43742 0.52912 -1.07580)
(-0.46710 0.53654 -1.04780)
(-0.47460 0.53321 -1.05040)
(-0.49125 0.53487 -1.01930)
(-0.51834 0.51956 -0.95439)
(-0.52313 0.51694 -0.93909)
(-0.51760 0.50920 -0.92291)
(-0.51947 0.50403 -0.91182)
(-0.45233 0.41447 -0.71458)
(-0.44537 0.39341 -0.66941)
(-0.42330 0.37036 -0.62025)
(-0.41015 0.33684 -0.57835)
(-0.37602 0.30560 -0.50715)
(-0.32672 0.24777 -0.38381)
(-0.32672 0.23014 -0.31618)
(-0.30978 0.21154 -0.27785)
(-0.25017 0.14593 -0.12616)
(-0.15231 0.07417 -0.02114)
(-0.01570 0.00738 -0.00005)
(-0.01572 0.00712 0.00041)
(-0.00168 -0.00218 0.00370)
(0.00013 -0.02049 0.02394)
(0.00546 -0.04175 0.05008)
(0.00836 -0.04435 0.05470)
(0.01154 -0.04813 0.06093)
(0.01273 -0.05228 0.06647)
(0.03082 -0.06715 0.12119)
(0.04825 -0.07774 0.13930)
(0.07834 -0.09636 0.17562)
(0.03166 -0.05623 0.17019)
(0.01986 -0.02888 0.19597)
(-0.05915 0.07342 0.14703)
(-0.07999 0.09848 0.12692)
(-0.09730 0.12567 0.11610)
(-0.15554 0.23032 -0.00180)
(-0.24744 0.39168 -0.19206)
(-0.25584 0.39320 -0.18663)
(-0.26792 0.42662 -0.23812)
(-0.33022 0.53430 -0.35436)
(-0.37949 0.63233 -0.49161)
(-0.37085 0.61704 -0.49884)
(-0.38838 0.67774 -0.57799)
(-0.40609 0.72461 -0.66066)
(-0.40428 0.73063 -0.67866)
(-0.38438 0.68881 -0.77936)
(-0.36937 0.66948 -0.88324)
(-0.36662 0.66242 -0.89822)
(-0.36274 0.64446 -0.92544)
(-0.35831 0.60107 -0.99610)
(-0.37673 0.55974 -1.05570)
(-0.38872 0.55630 -1.05240)
(-0.40931 0.54291 -1.06140)
(-0.42769 0.53843 -1.06410)
(-0.46885 0.53991 -1.04260)
(-0.48033 0.54151 -1.03910)
(-0.49263 0.54598 -1.03150)
(-0.52808 0.52409 -0.95306)
(-0.53276 0.52190 -0.94111)
(-0.52637 0.51281 -0.92643)
(-0.53017 0.50771 -0.91462)
(-0.48859 0.44202 -0.76637)
(-0.47509 0.39038 -0.68209)
(-0.42992 0.31590 -0.54022)
(-0.40337 0.28320 -0.47710)
(-0.36399 0.26354 -0.41902)
(-0.32886 0.21358 -0.27636)
(-0.31804 0.20429 -0.25732)
(-0.24231 0.11901 -0.05422)
(-0.17832 0.08410 -0.01885)
(-0.09669 0.04468 -0.00398)
(-0.18369 0.08326 -0.01121)
(-0.02563 0.01114 0.00164)
(-0.00042 -0.00058 0.00095)
(-0.00330 -0.00460 0.00727)
(-0.00212 -0.00307 0.00487)
(-0.00815 -0.01193 0.01762)
(-0.00449 -0.03195 0.03449)
(-0.00314 -0.03810 0.04736)
(0.00523 -0.04567 0.05161)
(0.00171 -0.05044 0.05577)
(0.00932 -0.04910 0.05864)
(0.00892 -0.05784 0.07234)
(0.01366 -0.05981 0.08917)
(0.02190 -0.06398 0.11180)
(0.00084 -0.04108 0.12694)
(0.01264 -0.04556 0.15307)
(-0.01699 -0.01480 0.14379)
(-0.04614 0.04492 0.14239)
(-0.08772 0.10027 0.11298)
(-0.10323 0.12678 0.10317)
(-0.15340 0.18345 0.04673)
(-0.31928 0.41494 -0.18019)
(-0.27463 0.42506 -0.22696)
(-0.36627 0.56453 -0.33935)
(-0.42454 0.68228 -0.46227)
(-0.40478 0.70065 -0.57003)
(-0.41657 0.74082 -0.62759)
(-0.41006 0.74068 -0.66696)
(-0.39954 0.72914 -0.72788)
(-0.38327 0.71084 -0.83174)
(-0.36710 0.67602 -0.88407)
(-0.36213 0.65315 -0.91412)
(-0.35976 0.61878 -0.96168)
(-0.36888 0.57001 -1.02870)
(-0.38476 0.56428 -1.02650)
(-0.40274 0.55230 -1.03510)
(-0.42695 0.54237 -1.05280)
(-0.46654 0.54352 -1.04220)
(-0.48371 0.54507 -1.03390)
(-0.49955 0.55024 -1.02540)
(-0.52888 0.53604 -0.97096)
(-0.55187 0.53222 -0.95168)
(-0.53655 0.51763 -0.92898)
(-0.55178 0.49956 -0.88065)
(-0.53400 0.46632 -0.80532)
(-0.52833 0.43021 -0.74139)
(-0.47157 0.35679 -0.61103)
(-0.42934 0.29707 -0.50325)
(-0.41192 0.27906 -0.46423)
(-0.37894 0.24707 -0.35488)
(-0.30406 0.17186 -0.16151)
(-0.25082 0.12008 -0.05199)
(-0.24940 0.11395 -0.03560)
(-0.24254 0.10629 -0.01409)
(-0.16177 0.06945 0.00097)
(-0.02716 0.01038 0.00719)
(0.02167 -0.00811 -0.00687)
(-0.00019 -0.00024 0.00056)
(-0.00231 -0.00307 0.00680)
(-0.01197 -0.02020 0.02606)
(-0.00634 -0.01095 0.01671)
(-0.01229 -0.02521 0.02652)
(-0.00467 -0.03567 0.03380)
(-0.00258 -0.04140 0.03453)
(-0.00198 -0.04590 0.04877)
(-0.00503 -0.04345 0.05308)
(0.00436 -0.05861 0.07678)
(0.00927 -0.07161 0.08391)
(-0.01071 -0.04515 0.07526)
(-0.01715 -0.03603 0.10895)
(-0.06152 0.00970 0.08089)
(-0.08387 0.05467 0.07385)
(-0.11650 0.09231 0.04921)
(-0.21808 0.21435 -0.04472)
(-0.11371 0.13172 0.08650)
(-0.21403 0.24091 -0.02447)
(-0.34477 0.41180 -0.19192)
(-0.36132 0.47564 -0.26480)
(-0.41079 0.59532 -0.35247)
(-0.45342 0.67246 -0.43266)
(-0.43091 0.73006 -0.52157)
(-0.45135 0.76796 -0.56801)
(-0.45183 0.81215 -0.62967)
(-0.41211 0.78317 -0.72194)
(-0.39968 0.76023 -0.77041)
(-0.38914 0.74779 -0.81185)
(-0.36793 0.68635 -0.88635)
(-0.35960 0.63605 -0.93417)
(-0.35433 0.60117 -0.98300)
(-0.38542 0.58016 -1.00040)
(-0.39714 0.56781 -1.00930)
(-0.42471 0.55268 -1.02860)
(-0.46622 0.56397 -1.00590)
(-0.48598 0.54817 -1.02790)
(-0.53754 0.57157 -1.00180)
(-0.56329 0.56654 -0.98279)
(-0.60934 0.57799 -0.94991)
(-0.60322 0.54401 -0.90390)
(-0.59909 0.53051 -0.88784)
(-0.58128 0.48318 -0.80768)
(-0.54512 0.43245 -0.73713)
(-0.49834 0.38006 -0.64272)
(-0.48017 0.34625 -0.56336)
(-0.42482 0.28422 -0.46348)
(-0.38002 0.22195 -0.25877)
(-0.35431 0.19789 -0.20888)
(-0.35114 0.18106 -0.16706)
(-0.30246 0.12805 -0.02208)
(-0.24859 0.09811 0.02314)
(-0.15099 0.05269 0.03446)
(-0.04275 0.01409 0.01474)
(0.01600 -0.00454 -0.00960)
(-0.00113 -0.00147 0.00369)
(-0.00627 -0.00929 0.01972)
(-0.01361 -0.01735 0.03239)
(-0.01217 -0.02823 0.03480)
(-0.00705 -0.03929 0.03567)
(-0.00406 -0.04237 0.03649)
(-0.01752 -0.02185 0.03344)
(-0.00705 -0.04047 0.04920)
(-0.01577 -0.03257 0.04461)
(-0.02259 -0.02710 0.04667)
(-0.00663 -0.04804 0.06782)
(-0.03660 -0.02124 0.05709)
(-0.04465 -0.01650 0.06186)
(-0.08559 0.01794 0.01176)
(-0.09156 0.02410 0.01470)
(-0.10002 0.06527 0.05356)
(-0.12058 0.05214 0.00108)
(-0.14864 0.11309 0.00801)
(-0.25256 0.22331 -0.09429)
(-0.30143 0.31968 -0.12725)
(-0.37527 0.43219 -0.22338)
(-0.38698 0.46461 -0.23933)
(-0.46242 0.61846 -0.34482)
(-0.54710 0.76202 -0.47854)
(-0.48216 0.76714 -0.51598)
(-0.47911 0.78397 -0.55396)
(-0.47339 0.85287 -0.64273)
(-0.44845 0.82794 -0.68388)
(-0.41933 0.79608 -0.73798)
(-0.39619 0.76809 -0.79418)
(-0.37828 0.70474 -0.85678)
(-0.37038 0.66778 -0.90663)
(-0.35138 0.61264 -0.96541)
(-0.39277 0.60088 -0.95838)
(-0.43326 0.58989 -0.95270)
(-0.43535 0.56316 -1.00140)
(-0.47961 0.57463 -0.98410)
(-0.53208 0.58221 -0.98871)
(-0.57498 0.59475 -0.98600)
(-0.59801 0.58661 -0.96253)
(-0.61908 0.58645 -0.95010)
(-0.65485 0.58178 -0.89449)
(-0.62548 0.53582 -0.86064)
(-0.64731 0.54225 -0.83882)
(-0.57339 0.45452 -0.71477)
(-0.53297 0.40019 -0.64701)
(-0.54411 0.39200 -0.56738)
(-0.52898 0.37316 -0.52909)
(-0.48604 0.32692 -0.46023)
(-0.51675 0.35466 -0.48424)
(-0.42818 0.25459 -0.31030)
(-0.34806 0.15598 -0.11396)
(-0.34005 0.15045 -0.09740)
(-0.28745 0.09781 0.04235)
(-0.08780 0.02611 0.03233)
(-0.01335 0.00316 0.00893)
(0.00513 -0.00120 -0.00355)
(-0.00021 -0.00025 0.00074)
(-0.00329 -0.00422 0.01144)
(-0.00842 -0.01238 0.02842)
(-0.01143 -0.01330 0.03112)
(-0.01105 -0.01526 0.03377)
(-0.01017 -0.02049 0.03200)
(-0.01107 -0.02587 0.03368)
(-0.03038 -0.00677 0.02503)
(-0.03173 -0.00900 0.02620)
(-0.03674 -0.00384 0.02232)
(-0.04679 -0.00644 0.03740)
(-0.09374 0.02601 0.00055)
(-0.10101 0.03238 0.00098)
(-0.11936 0.04853 -0.01277)
(-0.20371 0.14861 -0.06864)
(-0.29884 0.24782 -0.15282)
(-0.33178 0.33492 -0.16188)
(-0.43389 0.45718 -0.26073)
(-0.43601 0.50516 -0.28741)
(-0.49404 0.54520 -0.34929)
(-0.51950 0.66784 -0.40745)
(-0.56383 0.76803 -0.48163)
(-0.55281 0.78813 -0.49759)
(-0.54175 0.80495 -0.53588)
(-0.50161 0.85158 -0.61475)
(-0.46736 0.85127 -0.65942)
(-0.44074 0.82442 -0.70528)
(-0.42466 0.79825 -0.76118)
(-0.38513 0.71975 -0.83902)
(-0.39212 0.68851 -0.86125)
(-0.38180 0.64850 -0.90576)
(-0.40550 0.61025 -0.93690)
(-0.43767 0.59354 -0.94202)
(-0.44726 0.58853 -0.95138)
(-0.48072 0.58270 -0.95445)
(-0.54540 0.58883 -0.97758)
(-0.58790 0.60226 -0.95712)
(-0.65065 0.63156 -0.91572)
(-0.64450 0.60622 -0.92254)
(-0.67541 0.59055 -0.85875)
(-0.66724 0.57497 -0.84698)
(-0.66651 0.56804 -0.83183)
(-0.61579 0.49901 -0.72818)
(-0.56553 0.41583 -0.58697)
(-0.52979 0.37011 -0.50751)
(-0.48774 0.31153 -0.39339)
(-0.43041 0.24049 -0.27400)
(-0.39802 0.21045 -0.18350)
(-0.36326 0.16756 -0.11919)
(-0.33558 0.14204 -0.05659)
(-0.27306 0.08437 0.03902)
(-0.09220 0.02067 0.04468)
(-0.00659 0.00120 0.00338)
(-0.00016 0.00001 0.00064)
(-0.00462 0.00006 0.01897)
(-0.01148 0.00209 0.03528)
(-0.01285 0.00121 0.03783)
(-0.01128 -0.00091 0.03315)
(-0.01101 -0.01481 0.03823)
(-0.02182 -0.00418 0.02930)
(-0.01098 -0.01801 0.03843)
(-0.03168 -0.00112 0.02300)
(-0.03442 -0.00237 0.02240)
(-0.03644 0.00373 0.01981)
(-0.04043 0.00324 0.01775)
(-0.04383 0.00348 0.01650)
(-0.11024 0.04869 -0.02734)
(-0.10880 0.03970 -0.01078)
(-0.12772 0.05582 -0.02574)
(-0.24883 0.18593 -0.11350)
(-0.30365 0.24675 -0.16558)
(-0.39863 0.37600 -0.23878)
(-0.49854 0.49566 -0.33068)
(-0.52454 0.53172 -0.35404)
(-0.52962 0.66732 -0.42271)
(-0.58187 0.77541 -0.48896)
(-0.56847 0.79218 -0.49899)
(-0.56988 0.81181 -0.51412)
(-0.54599 0.86422 -0.60656)
(-0.47945 0.86129 -0.65260)
(-0.47395 0.84772 -0.68087)
(-0.41994 0.76776 -0.79431)
(-0.39422 0.67516 -0.86817)
(-0.42063 0.65531 -0.88179)
(-0.45171 0.59240 -0.94068)
(-0.55492 0.60571 -0.93475)
(-0.60822 0.62433 -0.92709)
(-0.67082 0.63664 -0.90161)
(-0.67618 0.58535 -0.84339)
(-0.66548 0.56208 -0.81668)
(-0.54355 0.38759 -0.53095)
(-0.44662 0.25963 -0.28581)
(-0.10389 0.02317 0.04075)
(-0.00090 0.00058 0.00371)
(-0.00724 0.00462 0.02744)
(-0.01444 0.00915 0.04614)
(-0.01066 0.00961 0.04095)
(-0.01441 0.01238 0.04599)
(-0.01442 0.01018 0.04383)
(-0.02424 0.01336 0.02627)
(-0.03277 0.00454 0.02151)
(-0.03804 0.01006 0.01817)
(-0.04367 0.01005 0.01432)
(-0.05648 0.02168 0.00534)
(-0.13170 0.07844 -0.05763)
(-0.16135 0.10767 -0.07763)
(-0.15906 0.08687 -0.06775)
(-0.28544 0.20056 -0.16568)
(-0.25300 0.17681 -0.12221)
(-0.33954 0.26448 -0.20668)
(-0.42968 0.38400 -0.27787)
(-0.43792 0.37597 -0.29172)
(-0.50526 0.49330 -0.33795)
(-0.53230 0.53200 -0.36135)
(-0.55275 0.61984 -0.40472)
(-0.61828 0.76145 -0.49014)
(-0.59413 0.79678 -0.50591)
(-0.58300 0.81445 -0.51833)
(-0.52907 0.87321 -0.63618)
(0.00133 -0.00208 -0.00556)
(-0.00356 0.00586 0.01528)
(-0.01031 0.02047 0.04899)
(-0.01037 0.01487 0.04677)
(-0.01446 0.01737 0.04434)
(-0.01399 0.02117 0.03828)
(-0.02355 0.01986 0.02655)
(-0.02831 0.02219 0.02424)
(-0.02685 0.02589 0.02471)
(-0.04165 0.02901 0.01387)
(-0.06054 0.04144 -0.00070)
(-0.09394 0.06703 -0.02849)
(-0.14855 0.09905 -0.07350)
(-0.15397 0.10292 -0.07721)
(-0.22847 0.16015 -0.12910)
(-0.29053 0.21374 -0.17457)
(-0.36579 0.29203 -0.23436)
(-0.45090 0.38394 -0.30372)
(-0.52158 0.49181 -0.35347)
(-0.60422 0.62882 -0.42767)
(-0.64650 0.72176 -0.48423)
(0.00111 -0.00230 -0.00517)
(-0.00077 0.00164 0.00364)
(-0.00525 0.01312 0.02514)
(-0.00944 0.02889 0.04557)
(-0.01010 0.02972 0.04355)
(-0.01186 0.03430 0.03903)
(-0.02876 0.04086 0.02759)
(-0.04719 0.04973 0.00909)
(-0.06322 0.05702 -0.00306)
(-0.10046 0.08073 -0.03534)
(-0.14157 0.09942 -0.06768)
(-0.17439 0.12317 -0.09578)
(-0.23302 0.17008 -0.14070)
(-0.34743 0.26663 -0.22994)
(-0.36403 0.27685 -0.23361)
(-0.43535 0.33883 -0.29506)
(-0.50400 0.44008 -0.34496)
(-0.00025 0.00064 0.00118)
(-0.00542 0.01711 0.02594)
(-0.00695 0.02368 0.03694)
(-0.00927 0.03076 0.04611)
(-0.01067 0.03206 0.04333)
(-0.01124 0.03391 0.04307)
(-0.02321 0.04863 0.03204)
(-0.03702 0.05746 0.01876)
(-0.05301 0.06382 0.00497)
(-0.05658 0.07192 0.00462)
(-0.10117 0.10291 -0.03201)
(-0.13051 0.12115 -0.05737)
(-0.14199 0.11460 -0.07032)
(-0.15496 0.14054 -0.07533)
(-0.18618 0.15251 -0.10281)
(-0.27156 0.20800 -0.17145)
(-0.00085 0.00202 0.00324)
(-0.00746 0.02376 0.03649)
(-0.00934 0.03246 0.04612)
(-0.00980 0.03984 0.05217)
(-0.00931 0.03640 0.04704)
(-0.02001 0.04777 0.03855)
(-0.03463 0.06405 0.02300)
(-0.05510 0.07214 0.00623)
(-0.11231 0.11642 -0.03767)
(-0.14269 0.13528 -0.06450)
(0.00013 -0.00044 -0.00068)
(-0.00320 0.01195 0.01846)
(-0.00700 0.03273 0.04174)
(-0.45757 0.83128 -0.73285)
(-0.39808 0.69702 -0.85112)
(-0.44230 0.59607 -0.93019)
(-0.50064 0.60028 -0.92398)
(-0.66422 0.64267 -0.89657)
(-0.67764 0.60187 -0.85621)
(-0.67459 0.57858 -0.82797)
(-0.61348 0.47491 -0.64196)
(-0.50574 0.36283 -0.45781)
(-0.42022 0.22677 -0.20356)
(-0.38794 0.20073 -0.15597)
(-0.27657 0.08085 0.04920)
(-0.26662 0.07315 0.06161)
(-0.25558 0.06473 0.07579)
(-0.02305 0.00477 0.01015)
(-0.57641 0.86777 -0.59044)
(-0.50113 0.86717 -0.67961)
(-0.47130 0.83434 -0.72182)
(-0.44623 0.79956 -0.76176)
(-0.40395 0.71694 -0.83457)
(-0.40050 0.68175 -0.85817)
(-0.42437 0.65315 -0.86800)
(-0.45757 0.61618 -0.88068)
(-0.45531 0.59500 -0.92930)
(-0.52545 0.61455 -0.89527)
(-0.56350 0.60985 -0.92393)
(-0.63094 0.63574 -0.90630)
(-0.66710 0.64632 -0.88943)
(-0.67812 0.64955 -0.89208)
(-0.70111 0.64662 -0.86239)
(-0.68503 0.59693 -0.83887)
(-0.68228 0.58956 -0.82313)
(-0.67631 0.56999 -0.79598)
(-0.63012 0.52028 -0.67281)
(-0.56039 0.42310 -0.56026)
(-0.51187 0.37123 -0.44117)
(-0.45569 0.28546 -0.30417)
(-0.42133 0.24382 -0.19522)
(-0.33706 0.15076 -0.04769)
(-0.26974 0.07897 0.05498)
(-0.25175 0.06444 0.07444)
(-0.09286 0.02036 0.03611)
(-0.00907 0.00180 0.00397)
(-0.68869 0.80677 -0.53075)
(-0.63846 0.85860 -0.56397)
(-0.62599 0.87065 -0.57651)
(-0.57176 0.90536 -0.62754)
(-0.54616 0.88237 -0.64963)
(-0.49839 0.85616 -0.70561)
(-0.44794 0.80813 -0.76129)
(-0.43961 0.76294 -0.78846)
(-0.40483 0.68888 -0.84962)
(-0.42537 0.71067 -0.81865)
(-0.41681 0.65588 -0.85681)
(-0.46385 0.61424 -0.85452)
(-0.49954 0.61099 -0.88200)
(-0.52599 0.61446 -0.88537)
(-0.58034 0.62115 -0.89678)
(-0.62657 0.63931 -0.88042)
(-0.66346 0.65673 -0.87335)
(-0.69165 0.66104 -0.88217)
(-0.71664 0.66781 -0.84944)
(-0.70892 0.63593 -0.82763)
(-0.70008 0.62348 -0.78642)
(-0.66987 0.57810 -0.75555)
(-0.65070 0.54415 -0.67620)
(-0.59997 0.49157 -0.59576)
(-0.51167 0.37164 -0.39834)
(-0.45280 0.28405 -0.27295)
(-0.45357 0.31778 -0.28537)
(-0.39015 0.22660 -0.15016)
(-0.36274 0.19344 -0.11143)
(-0.34340 0.18626 -0.10343)
(-0.27914 0.09183 0.04247)
(-0.24218 0.06241 0.07088)
(-0.11249 0.02226 0.04549)
(-0.02380 0.00332 0.01382)
(0.00899 -0.00109 -0.00551)
(-0.59498 0.55139 -0.42453)
(-0.64288 0.65188 -0.46239)
(-0.66308 0.71877 -0.49652)
(-0.68578 0.79348 -0.53406)
(-0.66050 0.84910 -0.56151)
(-0.65256 0.87451 -0.60025)
(-0.58561 0.89635 -0.62739)
(-0.56716 0.87489 -0.65591)
(-0.50663 0.84993 -0.71372)
(-0.48694 0.83168 -0.73166)
(-0.46016 0.78014 -0.76906)
(-0.45201 0.72931 -0.80663)
(-0.45158 0.67699 -0.83831)
(-0.46140 0.65805 -0.84168)
(-0.47109 0.61422 -0.85612)
(-0.54253 0.61856 -0.86031)
(-0.58804 0.63355 -0.85150)
(-0.60407 0.63250 -0.87448)
(-0.63044 0.64598 -0.86564)
(-0.69277 0.67298 -0.85823)
(-0.70674 0.67411 -0.85717)
(-0.71531 0.67732 -0.82511)
(-0.72610 0.67570 -0.82134)
(-0.69330 0.63879 -0.77516)
(-0.67286 0.59943 -0.75239)
(-0.65141 0.60592 -0.71837)
(-0.62943 0.55157 -0.66241)
(-0.55165 0.46183 -0.49720)
(-0.51637 0.40626 -0.43808)
(-0.45640 0.35151 -0.32981)
(-0.39712 0.25172 -0.19110)
(-0.30509 0.14505 -0.04286)
(-0.33638 0.20561 -0.11051)
(-0.25663 0.09528 0.02407)
(-0.21754 0.07242 0.03441)
(-0.02151 0.00385 0.01184)
(0.01701 -0.00212 -0.01120)
(-0.15957 0.06190 0.02993)
(-0.34883 0.26934 -0.23157)
(-0.37485 0.29030 -0.25084)
(-0.40124 0.31359 -0.27034)
(-0.50644 0.43730 -0.35369)
(-0.59600 0.54586 -0.42356)
(-0.63702 0.59388 -0.44475)
(-0.61638 0.59267 -0.44498)
(-0.66284 0.67524 -0.48486)
(-0.69073 0.75901 -0.52675)
(-0.67646 0.82152 -0.56540)
(-0.66012 0.87111 -0.60202)
(-0.63972 0.88012 -0.61375)
(-0.57120 0.86760 -0.66645)
(-0.49476 0.83610 -0.72670)
(-0.48309 0.82028 -0.73945)
(-0.47682 0.74891 -0.79351)
(-0.44707 0.70499 -0.82049)
(-0.49569 0.66804 -0.83867)
(-0.48908 0.63528 -0.84614)
(-0.51057 0.66097 -0.83652)
(-0.56746 0.62861 -0.84949)
(-0.58521 0.63434 -0.84943)
(-0.60296 0.63932 -0.84936)
(-0.68024 0.67015 -0.84653)
(-0.70357 0.67941 -0.85431)
(-0.69987 0.67786 -0.85237)
(-0.71345 0.69009 -0.83203)
(-0.72356 0.67871 -0.80150)
(-0.70743 0.67537 -0.79279)
(-0.68133 0.64843 -0.74717)
(-0.64074 0.61513 -0.69690)
(-0.63329 0.59291 -0.68502)
(-0.52329 0.44959 -0.47029)
(-0.47740 0.38224 -0.38122)
(-0.45034 0.35239 -0.33365)
(-0.42800 0.32085 -0.28372)
(-0.28674 0.18191 -0.09790)
(-0.26058 0.14409 -0.04663)
(-0.21840 0.09919 0.01144)
(-0.11244 0.03682 0.03634)
(-0.01319 0.00346 0.00574)
(-0.05284 0.01310 0.02955)
(-0.00984 0.00211 0.00608)
(-0.15579 0.14392 -0.07570)
(-0.16785 0.14948 -0.08652)
(-0.22865 0.19270 -0.13452)
(-0.34989 0.27160 -0.23315)
(-0.37296 0.29032 -0.24993)
(-0.37038 0.28965 -0.24886)
(-0.39855 0.31274 -0.26878)
(-0.52812 0.46142 -0.37069)
(-0.48132 0.38766 -0.32366)
(-0.57999 0.51077 -0.39671)
(-0.63678 0.57276 -0.43480)
(-0.70811 0.71190 -0.50190)
(-0.71940 0.73432 -0.50982)
(-0.68770 0.79966 -0.54669)
(-0.66705 0.86902 -0.59899)
(-0.64872 0.87588 -0.61038)
(-0.63815 0.87858 -0.61887)
(-0.60065 0.86989 -0.65112)
(-0.50156 0.84083 -0.72244)
(-0.49038 0.82660 -0.73402)
(-0.48641 0.77977 -0.78232)
(-0.46616 0.71530 -0.81572)
(-0.50668 0.67606 -0.83281)
(-0.51498 0.66823 -0.83567)
(-0.54767 0.64390 -0.84240)
(-0.58344 0.63502 -0.84824)
(-0.60064 0.63989 -0.84783)
(-0.59829 0.64026 -0.84684)
(-0.66754 0.66742 -0.83676)
(-0.67887 0.67915 -0.81679)
(-0.69472 0.68930 -0.80937)
(-0.70416 0.69679 -0.79040)
(-0.65339 0.63182 -0.70951)
(-0.63529 0.61583 -0.69400)
(-0.62369 0.60019 -0.68213)
(-0.52738 0.48131 -0.51448)
(-0.47012 0.38220 -0.38197)
(-0.44507 0.35345 -0.33701)
(-0.42315 0.32129 -0.28691)
(-0.36595 0.27638 -0.22207)
(-0.26392 0.16854 -0.08359)
(-0.17527 0.07208 0.03007)
(-0.04361 0.01187 0.02043)
(0.00881 -0.00173 -0.00509)
(-0.00312 0.00073 0.00166)
(-0.01099 0.04412 0.05699)
(-0.02112 0.06001 0.04367)
(-0.02313 0.05723 0.03805)
(-0.03778 0.07353 0.02498)
(-0.04549 0.07858 0.02747)
(-0.05625 0.08707 0.01246)
(-0.10290 0.11237 -0.02913)
(-0.14283 0.13767 -0.06422)
(-0.14352 0.14069 -0.06422)
(-0.15663 0.14726 -0.07594)
(-0.17044 0.15406 -0.08844)
(-0.24025 0.20666 -0.14448)
(-0.32831 0.26474 -0.21548)
(-0.36149 0.28811 -0.22592)
(-0.48378 0.39218 -0.31831)
(-0.58869 0.50496 -0.39873)
(-0.63540 0.57208 -0.44351)
(-0.71043 0.70178 -0.49725)
(-0.71819 0.72494 -0.50572)
(-0.70648 0.77200 -0.52963)
(-0.69707 0.81398 -0.55891)
(-0.65697 0.87334 -0.60669)
(-0.64501 0.87633 -0.61618)
(-0.61366 0.85221 -0.66873)
(-0.54633 0.84847 -0.70595)
(-0.52314 0.81772 -0.74684)
(-0.51522 0.78489 -0.77835)
(-0.48521 0.73688 -0.79985)
(-0.50817 0.68343 -0.83159)
(-0.51916 0.67566 -0.83493)
(-0.54233 0.66131 -0.83993)
(-0.58382 0.64726 -0.84385)
(-0.59148 0.64295 -0.84187)
(-0.63171 0.65640 -0.83424)
(-0.66932 0.67306 -0.81881)
(-0.67065 0.67940 -0.80026)
(-0.69110 0.69041 -0.79328)
(-0.69376 0.69745 -0.77172)
(-0.68223 0.68090 -0.76013)
(-0.67544 0.65452 -0.73617)
(-0.63870 0.62453 -0.69891)
(-0.61887 0.60733 -0.68174)
(-0.61563 0.59888 -0.67694)
(-0.54590 0.52812 -0.58675)
(-0.46478 0.39818 -0.41491)
(-0.44166 0.42886 -0.42589)
(-0.39511 0.34127 -0.32300)
(-0.29725 0.26427 -0.18293)
(-0.26224 0.18134 -0.10203)
(-0.22372 0.13031 -0.03814)
(-0.20297 0.11173 -0.02159)
(-0.11505 0.04340 0.03420)
(-0.02383 0.00679 0.01125)
(-0.00058 0.00253 0.00374)
(-0.00105 0.00664 0.00954)
(-0.01592 0.04809 0.04942)
(-0.02558 0.05867 0.04433)
(-0.03072 0.05758 0.04736)
(-0.04276 0.07164 0.03421)
(-0.05148 0.07913 0.02810)
(-0.06605 0.08560 0.01489)
(-0.09447 0.10594 -0.00915)
(-0.09652 0.10682 -0.01214)
(-0.15276 0.14749 -0.06573)
(-0.19257 0.16862 -0.08824)
(-0.22417 0.19263 -0.12089)
(-0.30404 0.24706 -0.18278)
(-0.34683 0.28058 -0.22113)
(-0.45483 0.36009 -0.29666)
(-0.48369 0.38398 -0.31558)
(-0.57696 0.48352 -0.39604)
(-0.64005 0.55870 -0.43906)
(-0.69408 0.64890 -0.48649)
(-0.69570 0.65139 -0.50818)
(-0.72659 0.75947 -0.54609)
(-0.69943 0.77869 -0.58178)
(-0.67451 0.84280 -0.60918)
(-0.65784 0.83122 -0.63976)
(-0.65069 0.82840 -0.66002)
(-0.57489 0.85326 -0.70193)
(-0.56795 0.82127 -0.72789)
(-0.55586 0.77814 -0.77489)
(-0.52232 0.75042 -0.79725)
(-0.54101 0.72242 -0.81208)
(-0.54222 0.69432 -0.82930)
(-0.53933 0.66224 -0.83940)
(-0.56890 0.65825 -0.83658)
(-0.59735 0.65591 -0.84135)
(-0.62344 0.65746 -0.82679)
(-0.66551 0.67414 -0.81770)
(-0.64209 0.66168 -0.78993)
(-0.67355 0.68491 -0.78243)
(-0.64327 0.67157 -0.73190)
(-0.62376 0.64547 -0.70717)
(-0.58945 0.60954 -0.66046)
(-0.50701 0.52055 -0.54721)
(-0.50165 0.55212 -0.56604)
(-0.45461 0.48023 -0.51491)
(-0.38139 0.41715 -0.39021)
(-0.34544 0.34138 -0.28288)
(-0.28915 0.28444 -0.19136)
(-0.23472 0.18434 -0.08155)
(-0.19436 0.15693 -0.05906)
(-0.10399 0.07852 0.00928)
(-0.05060 0.03842 0.00658)
(-0.01869 0.01415 0.00299)
(-0.00059 0.00174 0.00308)
(-0.01661 0.04183 0.04136)
(-0.02793 0.05500 0.05121)
(-0.03833 0.05642 0.04999)
(-0.04041 0.05825 0.04818)
(-0.04464 0.06180 0.04460)
(-0.06069 0.08529 0.02348)
(-0.05535 0.07029 0.03717)
(-0.09444 0.10660 -0.00336)
(-0.11754 0.12220 -0.02488)
(-0.15196 0.13814 -0.04474)
(-0.18313 0.15913 -0.05823)
(-0.24901 0.20511 -0.12350)
(-0.31720 0.25948 -0.19195)
(-0.35121 0.28267 -0.20299)
(-0.43673 0.34585 -0.28024)
(-0.50447 0.40019 -0.30380)
(-0.57429 0.46024 -0.37802)
(-0.65427 0.58427 -0.45516)
(-0.68635 0.62668 -0.52994)
(-0.70744 0.69940 -0.54960)
(-0.69809 0.72919 -0.56935)
(-0.70285 0.80634 -0.60321)
(-0.70320 0.75338 -0.59251)
(-0.68560 0.81810 -0.62882)
(-0.66713 0.80625 -0.66157)
(-0.58487 0.84740 -0.70174)
(-0.59147 0.81291 -0.72138)
(-0.59423 0.74937 -0.77450)
(-0.55760 0.74656 -0.79387)
(-0.59431 0.73646 -0.78428)
(-0.55292 0.72662 -0.81078)
(-0.56846 0.70210 -0.82571)
(-0.56543 0.68115 -0.83564)
(-0.56132 0.67544 -0.83833)
(-0.58247 0.66741 -0.83615)
(-0.59674 0.65945 -0.83842)
(-0.58713 0.64541 -0.81310)
(-0.60999 0.65425 -0.82789)
(-0.61337 0.65154 -0.80105)
(-0.63277 0.66093 -0.78397)
(-0.63267 0.66107 -0.76482)
(-0.61328 0.65267 -0.76214)
(-0.58998 0.64054 -0.71699)
(-0.58566 0.64127 -0.69376)
(-0.56447 0.61716 -0.64668)
(-0.48445 0.55404 -0.54808)
(-0.43579 0.47825 -0.48250)
(-0.43208 0.51564 -0.49595)
(-0.38554 0.44196 -0.41095)
(-0.23565 0.31674 -0.21078)
(-0.26994 0.31276 -0.22161)
(-0.20392 0.26840 -0.14913)
(-0.19110 0.18311 -0.08009)
(-0.17269 0.16214 -0.06050)
(-0.19416 0.25996 -0.13775)
(-0.13105 0.12469 -0.04178)
(-0.01946 0.01950 0.00406)
(-0.00021 0.00048 0.00089)
(-0.01933 0.03379 0.03499)
(-0.03012 0.04153 0.03932)
(-0.04376 0.05906 0.04770)
(-0.04989 0.06477 0.04223)
(-0.04950 0.06199 0.04496)
(-0.05483 0.06699 0.04037)
(-0.09885 0.10457 -0.00138)
(-0.15775 0.14786 -0.03267)
(-0.17733 0.15370 -0.04085)
(-0.24640 0.20745 -0.10215)
(-0.29402 0.23858 -0.12274)
(-0.33206 0.26346 -0.16040)
(-0.42047 0.33511 -0.24325)
(-0.50533 0.39689 -0.30029)
(-0.53320 0.42196 -0.32711)
(-0.54846 0.43461 -0.33821)
(-0.63946 0.56439 -0.44213)
(-0.68205 0.61190 -0.52667)
(-0.68900 0.63868 -0.54068)
(-0.69400 0.66189 -0.55817)
(-0.69282 0.70420 -0.60071)
(-0.69869 0.74503 -0.63436)
(-0.67839 0.74352 -0.67025)
(-0.64833 0.78606 -0.69167)
(-0.63128 0.76407 -0.71586)
(-0.60583 0.74015 -0.77475)
(-0.60603 0.73077 -0.78120)
(-0.59489 0.72908 -0.79154)
(-0.59073 0.70105 -0.81300)
(-0.57043 0.68407 -0.82964)
(-0.56958 0.67213 -0.83435)
(-0.58532 0.65657 -0.82526)
(-0.59205 0.65515 -0.81037)
(-0.58129 0.63779 -0.78145)
(-0.57865 0.63573 -0.77228)
(-0.59390 0.64238 -0.75393)
(-0.57722 0.63375 -0.71095)
(-0.56604 0.62853 -0.69629)
(-0.53007 0.60947 -0.61880)
(-0.52059 0.60017 -0.62760)
(-0.50830 0.58180 -0.59108)
(-0.34877 0.47560 -0.40661)
(-0.37383 0.45183 -0.40459)
(-0.32907 0.45941 -0.38095)
(-0.26189 0.35306 -0.25246)
(-0.20520 0.29976 -0.17594)
(-0.19392 0.27595 -0.15144)
(-0.15929 0.18724 -0.07804)
(-0.11437 0.12663 -0.04961)
(-0.16596 0.24509 -0.12440)
(-0.02699 0.03326 -0.00262)
(-0.00528 0.00661 -0.00042)
(0.00025 -0.00056 -0.00134)
(-0.01375 0.01899 0.02121)
(-0.02023 0.02609 0.03181)
(-0.04463 0.05703 0.04957)
(-0.05139 0.06043 0.04618)
(-0.09829 0.10343 0.02473)
(-0.13655 0.12784 -0.00619)
(-0.15753 0.13705 -0.01497)
(-0.27168 0.22583 -0.08546)
(-0.28334 0.23174 -0.08741)
(-0.30148 0.24435 -0.10240)
(-0.38303 0.29869 -0.19913)
(-0.49735 0.38816 -0.28359)
(-0.52190 0.41015 -0.31127)
(-0.53556 0.42132 -0.32289)
(-0.63056 0.53459 -0.43767)
(-0.68189 0.61714 -0.53607)
(-0.67027 0.60822 -0.54569)
(-0.67974 0.63204 -0.58198)
(-0.68731 0.69568 -0.62578)
(-0.66762 0.68019 -0.65566)
(-0.66646 0.73269 -0.69248)
(-0.66280 0.72928 -0.70156)
(-0.64580 0.70826 -0.74565)
(-0.61514 0.71909 -0.77781)
(-0.60500 0.72359 -0.78720)
(-0.59483 0.68748 -0.79861)
(-0.59614 0.68104 -0.80611)
(-0.56944 0.66178 -0.81352)
(-0.58657 0.65643 -0.80737)
(-0.58226 0.65155 -0.80798)
(-0.58071 0.64099 -0.80555)
(-0.56106 0.62760 -0.77540)
(-0.57045 0.63264 -0.77855)
(-0.56561 0.62881 -0.76785)
(-0.55722 0.62337 -0.75440)
(-0.52310 0.60330 -0.68646)
(-0.56212 0.62494 -0.70319)
(-0.55058 0.61903 -0.68795)
(-0.47817 0.57456 -0.59997)
(-0.45891 0.56110 -0.55140)
(-0.43995 0.55010 -0.53477)
(-0.33909 0.47319 -0.39772)
(-0.31914 0.45697 -0.37088)
(-0.29410 0.41537 -0.31395)
(-0.29970 0.44122 -0.34453)
(-0.20195 0.30839 -0.17912)
(-0.19138 0.28758 -0.15915)
(-0.18793 0.29635 -0.16274)
(-0.14618 0.23183 -0.11713)
(-0.08044 0.12245 -0.05421)
(-0.00995 0.01731 -0.00359)
(0.00513 -0.00968 0.00179)
(0.00178 -0.00259 -0.00594)
(-0.00055 0.00090 0.00219)
(-0.01216 0.01630 0.02626)
(-0.03935 0.04970 0.05636)
(-0.05741 0.06012 0.05478)
(-0.09250 0.09157 0.03330)
(-0.10669 0.09611 0.03158)
(-0.12666 0.11202 0.01912)
(-0.18308 0.15146 -0.01622)
(-0.26238 0.21652 -0.07187)
(-0.27471 0.22447 -0.07451)
(-0.29469 0.23845 -0.08852)
(-0.32224 0.25377 -0.09294)
(-0.35298 0.27269 -0.15897)
(-0.38511 0.29225 -0.17399)
(-0.50908 0.39796 -0.29122)
(-0.52093 0.40775 -0.30262)
(-0.56723 0.44538 -0.34522)
(-0.60110 0.48423 -0.41704)
(-0.65357 0.56493 -0.51340)
(-0.58892 0.49254 -0.41338)
(-0.66192 0.58116 -0.53826)
(-0.66603 0.61124 -0.55492)
(-0.67484 0.63419 -0.60052)
(-0.65353 0.61848 -0.62287)
(-0.67007 0.71197 -0.69184)
(-0.66708 0.71048 -0.69967)
(-0.65425 0.68619 -0.72646)
(-0.62917 0.65775 -0.74432)
(-0.61315 0.71424 -0.78239)
(-0.62999 0.64582 -0.75974)
(-0.61196 0.68192 -0.78992)
(-0.60859 0.66196 -0.79911)
(-0.59186 0.64029 -0.79923)
(-0.58095 0.64857 -0.80332)
(-0.57479 0.64324 -0.80054)
(-0.54046 0.60755 -0.76931)
(-0.51550 0.59234 -0.74645)
(-0.55527 0.62269 -0.76412)
(-0.54465 0.61545 -0.74829)
(-0.46549 0.56078 -0.65188)
(-0.47600 0.56671 -0.63859)
(-0.42927 0.53751 -0.56559)
(-0.39784 0.52101 -0.50855)
(-0.33882 0.48121 -0.41581)
(-0.30346 0.45810 -0.38886)
(-0.31124 0.45366 -0.36444)
(-0.29242 0.43771 -0.33790)
(-0.18725 0.33866 -0.20792)
(-0.19843 0.34095 -0.20857)
(-0.15711 0.29677 -0.15404)
(-0.16928 0.27974 -0.14275)
(-0.04219 0.08256 -0.02839)
(-0.03419 0.08583 -0.02603)
(-0.00060 0.00144 -0.00034)
(0.00240 -0.00392 -0.00976)
(-0.02365 0.02924 0.04155)
(-0.04465 0.04866 0.05949)
(0.00189 -0.00279 -0.00891)
(-0.00298 0.00430 0.01227)
(-0.05029 0.05495 0.06478)
(-0.05756 0.05969 0.06125)
(-0.06475 0.06478 0.05472)
(-0.06852 0.06612 0.06248)
(-0.12151 0.10587 0.02693)
(-0.16411 0.13659 0.01107)
(-0.20675 0.17077 -0.02422)
(-0.16361 0.13807 0.01830)
(-0.20264 0.16820 -0.01421)
(-0.28712 0.23316 -0.07659)
(-0.27925 0.21475 -0.05430)
(-0.35752 0.27381 -0.13376)
(-0.42710 0.33336 -0.19772)
(-0.37732 0.29837 -0.12876)
(-0.44112 0.35429 -0.20462)
(-0.46985 0.38151 -0.25083)
(-0.54670 0.44639 -0.35807)
(-0.56842 0.45754 -0.38996)
(-0.59324 0.50753 -0.43710)
(-0.57733 0.52260 -0.45478)
(-0.65352 0.60522 -0.56706)
(-0.63065 0.59293 -0.59572)
(-0.67106 0.67995 -0.68263)
(-0.65107 0.67436 -0.67287)
(-0.64770 0.65686 -0.70982)
(-0.64239 0.60884 -0.72776)
(-0.64030 0.60855 -0.73060)
(-0.61485 0.63203 -0.76693)
(-0.60712 0.63971 -0.78302)
(-0.57384 0.59925 -0.77143)
(-0.55388 0.59614 -0.77753)
(-0.57372 0.63013 -0.79988)
(-0.57121 0.63447 -0.80393)
(-0.52222 0.58529 -0.76176)
(-0.50401 0.57273 -0.75205)
(-0.45053 0.53329 -0.68725)
(-0.49753 0.58018 -0.72220)
(-0.45229 0.55149 -0.65568)
(-0.38863 0.51231 -0.57996)
(-0.37623 0.49774 -0.54664)
(-0.39293 0.51155 -0.54154)
(-0.35803 0.48857 -0.46787)
(-0.34647 0.47791 -0.47643)
(-0.29582 0.44687 -0.38946)
(-0.29966 0.45119 -0.36557)
(-0.26778 0.42267 -0.34683)
(-0.22660 0.38496 -0.27918)
(-0.28745 0.43465 -0.33479)
(-0.21552 0.36818 -0.24372)
(-0.15734 0.30557 -0.16511)
(-0.11304 0.27482 -0.10481)
(-0.11298 0.25889 -0.09654)
(-0.03713 0.09529 -0.02795)
(0.00247 -0.00690 0.00187)
(-0.00373 0.01002 -0.00273)
(-0.00227 0.00283 0.00600)
(-0.02267 0.02466 0.04404)
(-0.02856 0.03089 0.05514)
(-0.04780 0.04857 0.07846)
(-0.05536 0.05434 0.07784)
(-0.13865 0.12058 0.02756)
(-0.12619 0.10333 0.04668)
(-0.18244 0.14876 0.02301)
(-0.18585 0.14289 0.02461)
(-0.29274 0.23412 -0.06040)
(-0.31254 0.25203 -0.06975)
(-0.37524 0.30127 -0.13628)
(-0.34762 0.29564 -0.13312)
(-0.46773 0.38802 -0.25959)
(-0.43118 0.37429 -0.25274)
(-0.54011 0.45825 -0.37653)
(-0.51717 0.46095 -0.41469)
(-0.53267 0.47616 -0.44991)
(-0.53281 0.47933 -0.45743)
(-0.63212 0.59428 -0.60363)
(-0.56914 0.51232 -0.53182)
(-0.62310 0.58228 -0.64633)
(-0.62917 0.59997 -0.67258)
(-0.62141 0.58494 -0.68670)
(-0.60056 0.57053 -0.68205)
(-0.58795 0.54782 -0.70356)
(-0.61440 0.60252 -0.74594)
(-0.57557 0.56563 -0.74438)
(-0.56798 0.56988 -0.75334)
(-0.55315 0.55485 -0.74872)
(-0.51200 0.53831 -0.75731)
(-0.52180 0.56005 -0.76804)
(-0.51157 0.55727 -0.75574)
(-0.48311 0.53721 -0.71856)
(-0.45991 0.53121 -0.69738)
(-0.40372 0.49187 -0.63498)
(-0.43897 0.52525 -0.65053)
(-0.39269 0.49488 -0.58787)
(-0.37099 0.48763 -0.55220)
(-0.30359 0.43713 -0.44403)
(-0.24006 0.38368 -0.36802)
(-0.28284 0.42563 -0.40063)
(-0.26235 0.41565 -0.34395)
(-0.20983 0.37420 -0.27252)
(-0.16215 0.32839 -0.20105)
(-0.13410 0.29075 -0.13676)
(-0.14430 0.29614 -0.15744)
(-0.10948 0.26622 -0.10184)
(-0.10524 0.25922 -0.09629)
(-0.07201 0.18422 -0.06348)
(-0.02510 0.07194 -0.02062)
(0.00103 -0.00390 0.00066)
(0.00826 -0.02268 0.00598)
(-0.00302 0.00345 0.00666)
(-0.01406 0.01570 0.02935)
(-0.01959 0.02193 0.03952)
(-0.04656 0.04917 0.08082)
(-0.05422 0.05522 0.08084)
(-0.09012 0.08220 0.06457)
(-0.05036 0.05267 0.08187)
(-0.10356 0.09339 0.06437)
(-0.14030 0.11526 0.04605)
(-0.16859 0.13123 0.03461)
(-0.14641 0.12093 0.04284)
(-0.17288 0.13492 0.03338)
(-0.21528 0.17702 0.00479)
(-0.23780 0.20089 -0.02866)
(-0.29363 0.24906 -0.06582)
(-0.31719 0.28689 -0.11628)
(-0.34422 0.30855 -0.14823)
(-0.34269 0.31121 -0.15327)
(-0.44398 0.39003 -0.28353)
(-0.49512 0.44785 -0.38650)
(-0.51280 0.46275 -0.41910)
(-0.50985 0.46404 -0.42363)
(-0.51780 0.47204 -0.44270)
(-0.59562 0.54012 -0.60860)
(-0.59504 0.54312 -0.62889)
(-0.57743 0.51982 -0.62984)
(-0.56671 0.51174 -0.62743)
(-0.55667 0.51292 -0.65318)
(-0.54540 0.51140 -0.69534)
(-0.53844 0.50794 -0.69771)
(-0.53276 0.50417 -0.69937)
(-0.51034 0.51871 -0.73198)
(-0.49968 0.52755 -0.75090)
(-0.47543 0.51553 -0.72109)
(-0.41756 0.47362 -0.65594)
(-0.39825 0.46611 -0.62152)
(-0.32260 0.40486 -0.52187)
(-0.35481 0.44905 -0.56687)
(-0.31049 0.39753 -0.50362)
(-0.30830 0.40655 -0.49049)
(-0.28598 0.41989 -0.44327)
(-0.23872 0.37961 -0.37220)
(-0.22668 0.36956 -0.35067)
(-0.22735 0.37333 -0.34502)
(-0.21459 0.35955 -0.32911)
(-0.19855 0.34852 -0.28433)
(-0.17082 0.31998 -0.20432)
(-0.13507 0.26858 -0.15490)
(-0.14317 0.28840 -0.15458)
(-0.12884 0.28258 -0.13948)
(-0.08921 0.22898 -0.08911)
(-0.06317 0.16802 -0.05901)
(-0.03989 0.11478 -0.03112)
(-0.00374 0.01510 -0.00209)
(0.00118 -0.00768 -0.00032)
(-0.00489 0.00566 0.01068)
(-0.00437 0.00513 0.00959)
(-0.03011 0.03336 0.05761)
(-0.04819 0.05206 0.08484)
(-0.09599 0.08801 0.06709)
(-0.08162 0.08286 0.06904)
(-0.08946 0.08852 0.06543)
(-0.11374 0.10565 0.05372)
(-0.15988 0.14760 0.02341)
(-0.14460 0.14645 0.03136)
(-0.24053 0.21604 -0.03344)
(-0.26909 0.24988 -0.08004)
(-0.31412 0.28856 -0.12234)
(-0.31255 0.29126 -0.12723)
(-0.33915 0.31267 -0.15479)
(-0.36518 0.34529 -0.22174)
(-0.48772 0.44646 -0.38556)
(-0.48167 0.44535 -0.38604)
(-0.46330 0.43847 -0.38602)
(-0.52448 0.48261 -0.50579)
(-0.54283 0.49600 -0.55120)
(-0.51639 0.46432 -0.54229)
(-0.51369 0.46113 -0.54941)
(-0.50976 0.45644 -0.55318)
(-0.53402 0.49611 -0.68060)
(-0.49602 0.46195 -0.60752)
(-0.52699 0.49155 -0.68235)
(-0.52043 0.48730 -0.68541)
(-0.48052 0.46962 -0.68469)
(-0.43593 0.42912 -0.63844)
(-0.44110 0.44003 -0.66149)
(-0.48706 0.51787 -0.74455)
(-0.42189 0.45620 -0.66419)
(-0.37987 0.39158 -0.59417)
(-0.39896 0.45260 -0.63791)
(-0.31875 0.39581 -0.52200)
(-0.30729 0.38848 -0.50295)
(-0.29641 0.38242 -0.48583)
(-0.26933 0.36300 -0.44366)
(-0.23589 0.37484 -0.37406)
(-0.22573 0.36576 -0.35573)
(-0.21906 0.34524 -0.35238)
(-0.21472 0.35670 -0.33586)
(-0.16021 0.29820 -0.20768)
(-0.17342 0.30819 -0.26648)
(-0.14265 0.27053 -0.18172)
(-0.11721 0.23890 -0.13043)
(-0.12717 0.25443 -0.15856)
(-0.08120 0.18379 -0.06465)
(-0.07522 0.17490 -0.05414)
(-0.01949 0.06420 -0.01481)
(-0.02429 0.05746 -0.01588)
(-0.00308 0.01042 -0.00220)
(-0.02435 0.02743 0.04799)
(-0.00583 0.00685 0.01268)
(-0.01692 0.02451 0.04949)
(-0.05307 0.05853 0.08498)
(-0.07227 0.07848 0.08140)
(-0.09069 0.09155 0.07040)
(-0.09907 0.10155 0.06155)
(-0.12851 0.13393 0.04004)
(-0.12599 0.13313 0.03879)
(-0.16298 0.16050 0.02234)
(-0.16764 0.17370 0.00444)
(-0.28390 0.26918 -0.10311)
(-0.30159 0.29459 -0.13780)
(-0.37680 0.36743 -0.25854)
(-0.32704 0.33997 -0.22139)
(-0.38772 0.38553 -0.28854)
(-0.48895 0.45744 -0.45495)
(-0.48882 0.45919 -0.46290)
(-0.48899 0.44719 -0.49868)
(-0.49584 0.44715 -0.52226)
(-0.49249 0.44188 -0.52883)
(-0.46051 0.41954 -0.55232)
(-0.51255 0.47382 -0.66231)
(-0.43275 0.39161 -0.53917)
(-0.44384 0.40059 -0.57735)
(-0.50706 0.47037 -0.66741)
(-0.45584 0.41841 -0.62209)
(-0.42612 0.39846 -0.62180)
(-0.39695 0.37592 -0.59981)
(-0.37685 0.36714 -0.57747)
(-0.34836 0.35630 -0.54634)
(-0.36416 0.39240 -0.58428)
(-0.32241 0.35133 -0.52639)
(-0.31647 0.37511 -0.53528)
(-0.30418 0.37943 -0.50289)
(-0.29257 0.36910 -0.48405)
(-0.28116 0.35988 -0.46647)
(-0.28241 0.36769 -0.46714)
(-0.23568 0.33076 -0.39961)
(-0.19174 0.30173 -0.31005)
(-0.21382 0.35261 -0.34130)
(-0.16868 0.28848 -0.27063)
(-0.16333 0.28320 -0.24648)
(-0.14400 0.26658 -0.19237)
(-0.11064 0.22936 -0.15813)
(-0.09390 0.20653 -0.10278)
(-0.06403 0.14639 -0.04842)
(-0.05671 0.12921 -0.05205)
(-0.04849 0.11139 -0.03565)
(-0.01256 0.02917 -0.00856)
(-0.00421 0.01002 -0.00263)
(-0.00016 0.00030 0.00066)
(-0.00465 0.00812 0.01779)
(-0.00137 0.00193 0.00355)
(-0.03228 0.03900 0.06624)
(-0.08362 0.09070 0.07085)
(-0.01832 0.03133 0.05068)
(-0.04813 0.06476 0.08597)
(-0.07296 0.08914 0.06910)
(-0.11491 0.12481 0.04363)
(-0.09152 0.10573 0.04412)
(-0.11690 0.12294 0.04071)
(-0.10643 0.12494 0.02707)
(-0.15462 0.17022 -0.00184)
(-0.14317 0.17118 -0.00654)
(-0.19954 0.22254 -0.06155)
(-0.19858 0.22911 -0.06513)
(-0.26031 0.29109 -0.12999)
(-0.25772 0.29169 -0.12782)
(-0.27740 0.30794 -0.16216)
(-0.40024 0.39843 -0.33307)
(-0.31705 0.33884 -0.23149)
(-0.40471 0.40286 -0.36341)
(-0.41210 0.39634 -0.38710)
(-0.41063 0.39018 -0.40407)
(-0.44318 0.39933 -0.46550)
(-0.39555 0.36397 -0.43497)
(-0.36954 0.32962 -0.43128)
(-0.35257 0.31089 -0.44149)
(-0.34314 0.30016 -0.45056)
(-0.38023 0.33531 -0.51378)
(-0.37899 0.34246 -0.56322)
(-0.34031 0.29843 -0.46178)
(-0.36010 0.32815 -0.57272)
(-0.35066 0.32861 -0.53312)
(-0.30610 0.30778 -0.48940)
(-0.31904 0.33052 -0.51025)
(-0.25542 0.29101 -0.43973)
(-0.24708 0.28548 -0.42545)
(-0.24467 0.30682 -0.41881)
(-0.19553 0.27077 -0.36005)
(-0.20238 0.28926 -0.34895)
(-0.17149 0.27152 -0.30229)
(-0.14671 0.24855 -0.27822)
(-0.15258 0.26051 -0.26623)
(-0.12755 0.24156 -0.22052)
(-0.10732 0.21631 -0.18169)
(-0.11010 0.21720 -0.15165)
(-0.08859 0.19883 -0.12426)
(-0.05531 0.12217 -0.07511)
(-0.05385 0.12447 -0.07094)
(-0.01293 0.03174 -0.01750)
(-0.00997 0.02458 -0.00885)
(0.00418 -0.00890 -0.01690)
(-0.00050 0.00094 0.00176)
(-0.03085 0.04853 0.06546)
(0.00017 -0.00055 -0.00106)
(-0.00448 0.01268 0.02361)
(-0.01742 0.04479 0.07450)
(-0.02526 0.05339 0.07969)
(-0.04941 0.08046 0.05600)
(-0.01970 0.05151 0.07789)
(-0.02328 0.05422 0.07631)
(-0.07374 0.10610 0.03373)
(-0.08542 0.12665 0.01904)
(-0.12357 0.16603 -0.00453)
(-0.11759 0.16531 -0.00494)
(-0.20707 0.24668 -0.09495)
(-0.18697 0.23036 -0.07962)
(-0.18831 0.24015 -0.09213)
(-0.19104 0.24247 -0.09892)
(-0.28398 0.31235 -0.20753)
(-0.19654 0.24561 -0.10788)
(-0.34357 0.34532 -0.29972)
(-0.34758 0.34345 -0.31589)
(-0.31289 0.30631 -0.29529)
(-0.32489 0.30797 -0.33610)
(-0.31240 0.28813 -0.35054)
(-0.32350 0.28576 -0.38822)
(-0.29406 0.25087 -0.35817)
(-0.25744 0.21616 -0.34033)
(-0.20360 0.16133 -0.28373)
(-0.33015 0.29781 -0.50184)
(-0.30542 0.27504 -0.47191)
(-0.21642 0.18282 -0.32422)
(-0.22892 0.19626 -0.35754)
(-0.25487 0.23856 -0.40852)
(-0.22434 0.21798 -0.36945)
(-0.18522 0.17334 -0.31655)
(-0.17941 0.17336 -0.31150)
(-0.20257 0.20503 -0.34857)
(-0.24046 0.27336 -0.41343)
(-0.20520 0.22289 -0.35684)
(-0.18429 0.22879 -0.33753)
(-0.18674 0.24930 -0.35369)
(-0.15323 0.20821 -0.29700)
(-0.15479 0.21585 -0.27554)
(-0.13561 0.22512 -0.25528)
(-0.14454 0.24322 -0.26931)
(-0.10883 0.19670 -0.20642)
(-0.11222 0.21219 -0.20750)
(-0.06176 0.14841 -0.11802)
(-0.03876 0.10085 -0.08872)
(-0.02128 0.05906 -0.04835)
(-0.01616 0.04185 -0.02979)
(-0.00602 0.01518 -0.00956)
(0.00136 -0.00359 0.00161)
(0.00442 -0.01207 0.00751)
(0.00374 -0.00991 0.00443)
(0.00194 -0.00653 -0.01271)
(-0.00068 0.00252 0.00473)
(-0.00771 0.02337 0.04151)
(0.00103 -0.00654 -0.01336)
(-0.00381 0.01495 0.02649)
(-0.01301 0.03985 0.06503)
(-0.01756 0.05800 0.06818)
(-0.00990 0.03636 0.05822)
(-0.01445 0.04740 0.07243)
(-0.03168 0.08173 0.04754)
(-0.04430 0.09446 0.03790)
(-0.06101 0.12057 0.02743)
(-0.10652 0.16427 -0.00433)
(-0.07002 0.13792 0.01407)
(-0.12380 0.18911 -0.04154)
(-0.16819 0.22391 -0.07610)
(-0.17201 0.22593 -0.08149)
(-0.17672 0.22807 -0.08734)
(-0.20189 0.24790 -0.11481)
(-0.27455 0.29577 -0.22079)
(-0.25828 0.27204 -0.22011)
(-0.27097 0.27673 -0.25465)
(-0.26352 0.25363 -0.26276)
(-0.23301 0.21841 -0.26326)
(-0.21913 0.19794 -0.25734)
(-0.18539 0.15205 -0.23970)
(-0.16100 0.12601 -0.21303)
(-0.16004 0.12342 -0.21680)
(-0.17318 0.14322 -0.25241)
(-0.17382 0.15760 -0.29288)
(-0.16935 0.15760 -0.28908)
(-0.15553 0.14435 -0.26704)
(-0.16050 0.15465 -0.28026)
(-0.16116 0.16344 -0.29006)
(-0.13149 0.14971 -0.23847)
(-0.10935 0.12680 -0.20033)
(-0.11853 0.15377 -0.23002)
(-0.13934 0.18732 -0.25491)
(-0.10614 0.14967 -0.19873)
(-0.10079 0.15436 -0.18973)
(-0.09741 0.16014 -0.18410)
(-0.09740 0.17633 -0.19993)
(-0.05122 0.10972 -0.11831)
(-0.01876 0.05079 -0.04568)
(-0.00873 0.02448 -0.02093)
(0.00027 -0.00079 0.00064)
(0.00311 -0.00912 0.00771)
(0.00400 -0.01178 0.00950)
(0.00002 -0.00012 -0.00023)
(0.00002 -0.00157 -0.00290)
(-0.00180 0.00951 0.01683)
(-0.00092 0.03848 0.05303)
(0.00663 0.01349 0.02404)
(-0.01250 0.06987 0.04824)
(-0.03327 0.08781 0.04355)
(-0.04564 0.11298 0.02957)
(-0.02083 0.08742 0.04597)
(-0.04571 0.11451 0.03020)
(-0.05183 0.12093 0.02644)
(-0.05516 0.12530 0.02621)
(-0.09201 0.15584 -0.00322)
(-0.14891 0.20633 -0.05773)
(-0.15365 0.20908 -0.06299)
(-0.15657 0.20975 -0.06629)
(-0.17992 0.22846 -0.09094)
(-0.19112 0.21994 -0.12673)
(-0.17629 0.20498 -0.13562)
(-0.18518 0.20292 -0.16949)
(-0.16393 0.17287 -0.16088)
(-0.16382 0.15073 -0.17877)
(-0.16290 0.14822 -0.18494)
(-0.14286 0.11108 -0.18231)
(-0.14144 0.10766 -0.18415)
(-0.12418 0.09137 -0.15925)
(-0.13174 0.09570 -0.17198)
(-0.13146 0.10118 -0.18447)
(-0.15686 0.14090 -0.26462)
(-0.10014 0.07056 -0.14804)
(-0.14063 0.12505 -0.23941)
(-0.14224 0.13201 -0.24733)
(-0.10092 0.09986 -0.18162)
(-0.08995 0.09806 -0.16744)
(-0.09711 0.11566 -0.18272)
(-0.08920 0.10846 -0.17155)
(-0.06022 0.08768 -0.11355)
(-0.06504 0.09745 -0.12105)
(-0.05575 0.08667 -0.10606)
(-0.03060 0.04926 -0.05945)
(-0.01604 0.02724 -0.03157)
(-0.00772 0.01881 -0.01946)
(-0.00045 0.00129 -0.00114)
(0.00239 -0.00754 0.00714)
(0.00321 -0.00944 0.00830)
(0.00164 0.00307 0.00565)
(0.00329 0.00867 0.01283)
(0.00806 0.02422 0.03421)
(0.00500 0.01071 0.01422)
(-0.01003 0.05384 0.03264)
(-0.03187 0.09372 0.03340)
(-0.00723 0.03233 0.01769)
(-0.02096 0.06201 0.02308)
(-0.04080 0.11025 0.03485)
(-0.04443 0.11488 0.03513)
(-0.06746 0.13717 0.01990)
(-0.05037 0.11707 0.03822)
(-0.09077 0.15485 0.00327)
(-0.14106 0.19785 -0.04980)
(-0.07327 0.14508 0.00548)
(-0.06789 0.13912 0.00501)
(-0.12167 0.17206 -0.04720)
(-0.13648 0.17807 -0.08045)
(-0.08307 0.13219 -0.02999)
(-0.10201 0.13864 -0.06208)
(-0.10128 0.12067 -0.07513)
(-0.08989 0.11296 -0.06241)
(-0.08825 0.10684 -0.06667)
(-0.09685 0.10701 -0.07686)
(-0.10539 0.10840 -0.09490)
(-0.11838 0.09738 -0.13808)
(-0.06290 0.06258 -0.05885)
(-0.11673 0.08801 -0.14654)
(-0.10985 0.07861 -0.13891)
(-0.07860 0.04547 -0.10018)
(-0.05570 0.02724 -0.08806)
(-0.07308 0.05565 -0.13236)
(-0.02425 -0.00149 -0.04843)
(-0.02160 0.00725 -0.05048)
(-0.04508 0.03346 -0.08839)
(-0.05141 0.03896 -0.09026)
(-0.03102 0.02373 -0.06019)
(-0.02099 0.02840 -0.05615)
(-0.03856 0.05922 -0.09106)
(-0.03948 0.06034 -0.07665)
(-0.00689 0.01381 -0.02036)
(-0.01038 0.01664 -0.02059)
(-0.00803 0.01345 -0.01597)
(0.00160 -0.00280 0.00322)
(0.00102 0.00208 0.00283)
(0.00336 0.00682 0.00808)
(0.00049 0.00958 0.00747)
(0.00084 0.00498 0.00430)
(-0.00011 0.01217 0.01045)
(-0.02174 0.06952 0.03213)
(-0.03114 0.09379 0.03267)
(-0.00124 0.01976 0.01949)
(-0.00763 0.04215 0.02588)
(-0.03001 0.07753 0.01686)
(-0.03578 0.10953 0.02017)
(-0.01953 0.06709 0.01497)
(-0.04463 0.11113 0.01616)
(-0.05619 0.11471 0.00677)
(-0.02130 0.09174 0.01566)
(-0.03344 0.08554 0.01420)
(-0.05973 0.09829 -0.03576)
(-0.06568 0.08900 -0.04897)
(-0.01690 0.05509 -0.01609)
(-0.01246 0.03999 -0.01176)
(-0.02016 0.03920 -0.02452)
(-0.00854 0.02957 -0.01194)
(0.02751 -0.00642 0.01795)
(-0.04631 0.04059 -0.05431)
(-0.00872 0.00456 -0.00806)
(0.01519 -0.00877 0.00860)
(-0.00315 -0.01583 0.00250)
(0.01481 -0.03708 0.02062)
(-0.00153 -0.01380 -0.01047)
(0.00510 -0.01191 0.00641)
(0.00494 -0.01056 0.00482)
(-0.00014 -0.00134 -0.00416)
(-0.00375 0.00096 -0.00970)
(-0.00011 0.00009 0.00023)
(-0.00003 0.00110 -0.00296)
(-0.00053 0.00129 -0.00216)
(-0.00203 -0.01350 -0.01256)
(0.00046 -0.01206 -0.01229)
(0.00112 0.01180 0.01048)
(-0.00133 -0.01039 -0.00949)
(-0.00081 -0.00378 -0.00329)
(-0.00941 0.03569 0.00890)
(0.00408 0.02927 0.01499)
(-0.00028 -0.00038 -0.00040)
(-0.00020 -0.00031 -0.00026)
(0.00021 0.03035 0.01037)
(-0.00009 0.04675 0.01628)
(0.00534 0.00749 0.00678)
(0.02060 0.01270 0.01671)
(0.03448 0.01769 0.02754)
(0.01313 0.00593 0.01001)
(0.01681 0.00633 0.01410)
(0.02213 -0.00457 0.01750)
(0.02062 -0.00565 0.01429)
(0.00329 -0.00087 0.00268)
(0.00473 -0.00154 0.00318)
(-0.00084 0.00046 -0.00059)
(0.01126 -0.00636 0.00676)
(0.00857 -0.00745 0.00614)
(-0.00577 0.00460 -0.00411)
(-0.00184 0.00223 -0.00168)
(-0.00372 0.00319 -0.00305)
(-0.00193 0.00240 0.00032)
(0.00279 0.00156 0.00216)
(0.00487 0.00212 0.00365)
(0.00520 0.00091 0.00350)
(-0.00224 0.00069 -0.00179)
)