/*--------------------------------*- C++ -*----------------------------------*\ 
| =========                 |                                                 | 
| \\      /  F ield         | OpenFOAM: The Open Source CFD Toolbox           | 
|  \\    /   O peration     | Version:  4.0                                   | 
|   \\  /    A nd           | Web:      www.OpenFOAM.org                      | 
|    \\/     M anipulation  |                                                 | 
\*---------------------------------------------------------------------------*/ 
FoamFile 
{ 
    version     2.0; 
    format      ascii; 
    class       vectorAverageField; 
    object      values; 
} 
// * * * * * * * * * * * * * * * * * * * * * * * * * * * * * * * * * * * * * // 
 
// Average 
(0 0 0) 
 
// Velocity data on points 
2447
(
(0.00194 0.00106 0.00056)
(-0.00158 0.00013 -0.00191)
(-0.00408 0.00142 -0.00887)
(-0.00038 0.00027 -0.00344)
(-0.00012 -0.00049 0.00650)
(-0.00532 0.00447 -0.03237)
(0.00027 0.00096 -0.01205)
(0.00192 0.01403 -0.05434)
(0.00028 0.00137 -0.00544)
(-0.00059 -0.00208 0.00807)
(0.00203 0.00986 -0.03692)
(0.00064 0.00205 -0.00756)
(-0.00192 -0.00144 0.00588)
(0.00660 0.01442 -0.04418)
(0.00110 0.00039 -0.00167)
(-0.00360 -0.00118 0.00479)
(0.01195 0.00487 -0.01792)
(0.00074 0.00047 -0.00110)
(-0.00628 -0.00474 0.00722)
(0.00127 0.00097 -0.00148)
(0.00424 0.00446 -0.00233)
(-0.00095 -0.00090 0.00025)
(0.00088 0.00060 -0.00007)
(0.00024 0.00029 0.00006)
(-0.00100 -0.01614 -0.00290)
(-0.00449 -0.00948 -0.00557)
(-0.01400 0.00128 -0.03105)
(-0.01831 0.00822 -0.04356)
(-0.02762 0.00611 -0.07019)
(-0.03362 0.01620 -0.08261)
(-0.01422 0.01307 -0.08744)
(0.00414 0.01634 -0.08721)
(-0.01441 0.03494 -0.14537)
(0.00089 0.03472 -0.12931)
(0.00293 0.03000 -0.10744)
(0.00456 0.02568 -0.08856)
(0.00036 0.04453 -0.15399)
(0.00471 0.04562 -0.15142)
(0.01671 0.05810 -0.16774)
(0.01202 0.03196 -0.09523)
(0.02084 0.02505 -0.07661)
(0.01039 0.10587 -0.26511)
(0.01277 0.09532 -0.23681)
(0.02763 0.04692 -0.10715)
(0.02217 0.03441 -0.06742)
(0.04475 0.08738 -0.16428)
(0.03220 0.02918 -0.04258)
(0.01106 0.00944 -0.01235)
(0.04159 0.07185 -0.10628)
(0.00949 0.00914 -0.00956)
(-0.00168 -0.00146 0.00102)
(0.00236 0.00260 -0.00298)
(-0.00044 -0.00151 0.00129)
(-0.00216 -0.00513 0.00397)
(-0.00989 -0.00990 0.00601)
(-0.02521 -0.02544 0.01568)
(-0.01666 -0.02010 0.00414)
(0.00734 -0.03648 -0.00818)
(-0.02754 -0.01625 -0.03774)
(-0.02148 -0.01079 -0.04489)
(-0.03328 0.00912 -0.07072)
(-0.04733 0.03822 -0.15766)
(-0.05025 0.05183 -0.20604)
(-0.03461 0.05569 -0.21105)
(-0.03107 0.06960 -0.23688)
(-0.04330 0.06396 -0.23218)
(-0.05065 0.07892 -0.26015)
(-0.03118 0.07597 -0.24893)
(-0.01117 0.07745 -0.24017)
(-0.04507 0.13192 -0.35859)
(-0.00654 0.13184 -0.32999)
(-0.00614 0.14509 -0.34827)
(0.00027 0.14798 -0.36326)
(0.00805 0.14958 -0.32753)
(0.02564 0.14184 -0.28451)
(0.04872 0.13509 -0.22824)
(0.02162 0.17495 -0.31886)
(0.06859 0.15554 -0.22823)
(0.07064 0.09456 -0.11820)
(0.04491 0.05773 -0.06825)
(0.06779 0.17822 -0.25495)
(0.06529 0.11390 -0.14120)
(0.03591 0.04183 -0.03737)
(0.00267 0.00234 -0.00151)
(0.02320 0.02533 -0.01557)
(-0.00897 -0.00902 0.00426)
(-0.01785 -0.01736 0.00742)
(0.00018 0.00009 -0.00017)
(-0.00515 -0.00355 0.00546)
(-0.00928 -0.01344 0.01475)
(-0.00365 -0.02967 0.02494)
(-0.01530 -0.04135 0.04206)
(-0.00803 -0.04451 0.03909)
(-0.01576 -0.04990 0.05041)
(-0.02893 -0.03684 0.02949)
(-0.03250 -0.03015 0.01932)
(-0.01975 -0.03107 0.01211)
(-0.07010 -0.00154 -0.02158)
(-0.05164 -0.00710 -0.03181)
(-0.04323 -0.00465 -0.05185)
(-0.05235 0.01513 -0.10479)
(-0.06096 0.03014 -0.13452)
(-0.07967 0.05888 -0.21960)
(-0.08728 0.07064 -0.25004)
(-0.09179 0.08209 -0.28033)
(-0.05694 0.07890 -0.27609)
(-0.09018 0.12996 -0.36446)
(-0.08907 0.14649 -0.40361)
(-0.07532 0.17091 -0.43118)
(-0.03889 0.16126 -0.40987)
(-0.01447 0.15644 -0.37318)
(-0.03026 0.19692 -0.41967)
(-0.03234 0.23008 -0.45169)
(-0.03604 0.26120 -0.49668)
(0.04102 0.18835 -0.30171)
(-0.00153 0.24420 -0.43976)
(0.06141 0.19144 -0.27927)
(0.08583 0.19507 -0.25260)
(0.07927 0.19709 -0.24129)
(0.08179 0.18417 -0.21651)
(0.06782 0.10900 -0.10522)
(0.02526 0.02519 -0.01467)
(0.11204 0.17010 -0.17493)
(0.07761 0.10025 -0.08317)
(0.01337 0.01284 -0.00635)
(0.00435 0.00416 -0.00191)
(0.00352 0.00070 -0.00318)
(-0.00719 -0.00389 0.00867)
(-0.01695 -0.01064 0.02071)
(-0.02922 -0.02482 0.03906)
(-0.03934 -0.02562 0.05123)
(-0.04405 -0.03033 0.05782)
(-0.03561 -0.03785 0.05275)
(-0.03613 -0.03640 0.05083)
(-0.05272 -0.02330 0.03636)
(-0.08118 0.00376 -0.01921)
(-0.07985 0.00518 -0.02747)
(-0.08190 0.00903 -0.03883)
(-0.09170 0.01371 -0.03761)
(-0.09628 0.01917 -0.05187)
(-0.07349 0.02616 -0.11165)
(-0.09895 0.06991 -0.23536)
(-0.09995 0.07570 -0.25517)
(-0.10053 0.08264 -0.27938)
(-0.09884 0.10242 -0.33907)
(-0.13272 0.15909 -0.43808)
(-0.10187 0.14792 -0.41744)
(-0.10351 0.19414 -0.49467)
(-0.12918 0.24137 -0.57559)
(-0.10491 0.23272 -0.53930)
(-0.09552 0.24335 -0.55885)
(-0.06164 0.27577 -0.54869)
(-0.05727 0.28000 -0.54399)
(-0.04949 0.28137 -0.53407)
(-0.04011 0.28239 -0.52407)
(0.00737 0.26715 -0.43111)
(0.07405 0.20446 -0.25829)
(0.07930 0.19879 -0.24037)
(0.07154 0.20676 -0.26130)
(0.09892 0.19867 -0.23161)
(0.11089 0.17133 -0.16787)
(0.11560 0.21273 -0.23940)
(0.09787 0.14312 -0.12709)
(0.05862 0.05760 -0.03263)
(0.00618 0.00597 -0.00317)
(0.11393 0.12412 -0.08291)
(0.02677 0.02790 -0.01678)
(0.00151 0.00155 -0.00089)
(-0.00531 -0.00034 0.00494)
(-0.01398 -0.00369 0.01659)
(-0.03433 -0.02129 0.05674)
(-0.03531 -0.02187 0.06072)
(-0.04991 -0.02513 0.07660)
(-0.05000 -0.02864 0.07972)
(-0.05153 -0.02905 0.07944)
(-0.05443 -0.02634 0.08118)
(-0.05791 -0.02544 0.08070)
(-0.04392 -0.02716 0.05785)
(-0.08140 0.00194 -0.01091)
(-0.09318 0.00993 -0.01790)
(-0.09911 0.01640 -0.03331)
(-0.10526 0.02343 -0.05151)
(-0.11216 0.03069 -0.07054)
(-0.15124 0.08297 -0.21753)
(-0.11470 0.08282 -0.26473)
(-0.20660 0.13481 -0.31726)
(-0.18219 0.13601 -0.35358)
(-0.12179 0.09467 -0.30467)
(-0.11431 0.09491 -0.31388)
(-0.17091 0.18481 -0.47341)
(-0.22591 0.21542 -0.52075)
(-0.22405 0.23194 -0.59531)
(-0.17002 0.19729 -0.51021)
(-0.15469 0.23301 -0.56848)
(-0.19892 0.29950 -0.68772)
(-0.19460 0.30614 -0.69260)
(-0.19195 0.31284 -0.69935)
(-0.09750 0.27718 -0.59814)
(-0.07979 0.29676 -0.58929)
(-0.07300 0.29789 -0.57988)
(-0.06380 0.29774 -0.56845)
(-0.04827 0.30240 -0.54623)
(0.00367 0.28161 -0.44649)
(0.03247 0.28722 -0.44465)
(0.05919 0.24294 -0.33604)
(0.08667 0.25765 -0.34654)
(0.11103 0.22536 -0.25201)
(0.12135 0.21689 -0.22837)
(0.16016 0.18388 -0.13353)
(0.10148 0.11078 -0.07373)
(0.12367 0.13754 -0.09445)
(0.04132 0.04334 -0.02644)
(0.01987 0.02059 -0.01233)
(0.00246 -0.00017 -0.00209)
(-0.00067 0.00004 0.00046)
(-0.02448 -0.00485 0.03362)
(-0.03390 -0.01484 0.06173)
(-0.02510 -0.03036 0.07244)
(-0.04121 -0.02696 0.07883)
(-0.05770 -0.02357 0.08305)
(-0.06059 -0.02322 0.08227)
(-0.06952 -0.01886 0.08253)
(-0.07409 -0.01409 0.07558)
(-0.10654 0.01195 0.01809)
(-0.10687 0.01868 -0.02654)
(-0.13956 0.03768 -0.04034)
(-0.12163 0.03174 -0.05513)
(-0.12183 0.03547 -0.07256)
(-0.15513 0.07327 -0.17865)
(-0.15837 0.06386 -0.12181)
(-0.23513 0.14649 -0.32394)
(-0.24399 0.16478 -0.38316)
(-0.25145 0.20454 -0.47879)
(-0.24007 0.20670 -0.50100)
(-0.27367 0.25926 -0.62222)
(-0.26396 0.28140 -0.71734)
(-0.23843 0.30229 -0.73222)
(-0.21560 0.31794 -0.72195)
(-0.21298 0.32576 -0.72932)
(-0.21031 0.35249 -0.76264)
(-0.15576 0.34920 -0.70939)
(-0.12175 0.33767 -0.68080)
(-0.08954 0.31302 -0.61383)
(-0.08759 0.33777 -0.64249)
(-0.03276 0.31251 -0.53237)
(-0.05152 0.33967 -0.59615)
(0.02625 0.31033 -0.48489)
(0.05806 0.30840 -0.46850)
(0.07818 0.29253 -0.42178)
(0.08669 0.26204 -0.34531)
(0.09742 0.24926 -0.31290)
(0.15408 0.19344 -0.15871)
(0.15907 0.18782 -0.14218)
(0.06385 0.06812 -0.04339)
(0.15815 0.19172 -0.15104)
(0.12639 0.14086 -0.09741)
(0.04509 0.04811 -0.02647)
(0.00298 0.00375 -0.00196)
(0.00453 -0.00089 -0.00288)
(-0.00015 0.00003 0.00010)
(-0.00964 -0.00091 0.01263)
(-0.02069 -0.00438 0.03144)
(-0.02778 -0.01790 0.06685)
(-0.02266 -0.01354 0.05902)
(-0.01700 -0.02731 0.07426)
(-0.03464 -0.02186 0.07063)
(-0.04554 -0.01900 0.09454)
(-0.06110 -0.01778 0.10904)
(-0.05870 -0.02362 0.08789)
(-0.10633 0.00288 0.07474)
(-0.13072 0.02506 0.02494)
(-0.16368 0.04487 0.00088)
(-0.20525 0.08311 -0.08211)
(-0.24349 0.13249 -0.20275)
(-0.24452 0.14329 -0.27245)
(-0.30032 0.19434 -0.44371)
(-0.30078 0.21505 -0.47086)
(-0.29345 0.24289 -0.56380)
(-0.31456 0.27389 -0.65083)
(-0.33925 0.33555 -0.75850)
(-0.32675 0.34913 -0.78888)
(-0.33178 0.37351 -0.82587)
(-0.23590 0.32908 -0.74634)
(-0.23317 0.33739 -0.75215)
(-0.25837 0.37576 -0.81761)
(-0.24703 0.39122 -0.85251)
(-0.25469 0.41502 -0.86746)
(-0.19603 0.40015 -0.80841)
(-0.17741 0.39420 -0.78415)
(-0.11361 0.36547 -0.68819)
(-0.01333 0.33695 -0.56264)
(0.06241 0.30621 -0.46082)
(0.01362 0.30502 -0.46240)
(0.04978 0.27291 -0.36911)
(0.08826 0.25944 -0.32337)
(0.04855 0.27864 -0.38115)
(0.10310 0.24720 -0.28886)
(0.12488 0.22828 -0.23734)
(0.13963 0.19498 -0.15667)
(0.09979 0.23622 -0.25581)
(0.09008 0.12570 -0.08322)
(0.02637 0.03303 -0.01791)
(0.01632 0.01917 -0.01142)
(0.00010 -0.00003 -0.00013)
(-0.00463 0.00176 0.00261)
(-0.01909 -0.00432 0.03748)
(-0.00779 -0.00996 0.04872)
(-0.00753 -0.01322 0.06545)
(-0.00635 -0.01969 0.09577)
(-0.01604 -0.02092 0.08693)
(-0.02685 -0.02441 0.10092)
(-0.01679 -0.02016 0.09737)
(-0.05428 -0.01266 0.10898)
(-0.05998 -0.01146 0.10964)
(-0.08735 -0.00251 0.10851)
(-0.10480 0.00590 0.11202)
(-0.11367 0.01069 0.10337)
(-0.13603 0.02056 0.09206)
(-0.19045 0.05991 -0.01056)
(-0.18801 0.06041 0.01314)
(-0.22006 0.07741 -0.00649)
(-0.21265 0.08371 -0.06339)
(-0.25435 0.13481 -0.18186)
(-0.25764 0.14549 -0.22972)
(-0.29800 0.19136 -0.37138)
(-0.30834 0.22496 -0.46253)
(-0.34730 0.28450 -0.59342)
(-0.38391 0.35723 -0.75608)
(-0.38644 0.36964 -0.78508)
(-0.39364 0.39092 -0.82648)
(-0.36309 0.38552 -0.85108)
(-0.34315 0.40579 -0.89574)
(-0.31292 0.41549 -0.90649)
(-0.29638 0.42103 -0.90877)
(-0.28216 0.43408 -0.91681)
(-0.27577 0.43038 -0.90206)
(-0.24849 0.43187 -0.89865)
(-0.18032 0.40147 -0.78689)
(-0.20285 0.42425 -0.83848)
(-0.12296 0.38472 -0.72049)
(-0.11646 0.37122 -0.67290)
(-0.08828 0.35982 -0.62143)
(-0.10365 0.36452 -0.63501)
(0.01322 0.30969 -0.47051)
(0.01393 0.31468 -0.48061)
(0.04661 0.28856 -0.39814)
(0.02809 0.29550 -0.40901)
(0.06126 0.26770 -0.33070)
(0.07438 0.24445 -0.26643)
(0.10066 0.19434 -0.15653)
(0.03454 0.06496 -0.03877)
(-0.00380 -0.00739 0.00377)
(0.04027 0.16318 -0.14704)
(-0.00007 0.00010 0.00224)
(-0.00103 -0.00113 0.01176)
(0.00833 -0.00160 0.01731)
(0.00363 -0.00712 0.02753)
(0.00720 -0.01624 0.06074)
(-0.00235 -0.01849 0.09126)
(-0.00551 -0.01964 0.10378)
(-0.00946 -0.02007 0.10423)
(-0.01738 -0.01998 0.11520)
(-0.07189 0.00004 0.11338)
(-0.10292 0.00490 0.12155)
(-0.11439 0.01170 0.11382)
(-0.15215 0.03766 0.06566)
(-0.23021 0.10128 -0.03305)
(-0.24930 0.12439 -0.09867)
(-0.31047 0.18667 -0.24378)
(-0.29312 0.18005 -0.25108)
(-0.35965 0.25076 -0.40458)
(-0.36657 0.26512 -0.39027)
(-0.35600 0.26195 -0.47706)
(-0.37482 0.30770 -0.61112)
(-0.39329 0.36740 -0.75435)
(-0.39658 0.37943 -0.77992)
(-0.39944 0.39089 -0.80455)
(-0.39829 0.41585 -0.85535)
(-0.37132 0.41568 -0.90595)
(-0.40666 0.46127 -0.93297)
(-0.35944 0.42915 -0.93494)
(-0.34915 0.44112 -0.95002)
(-0.33006 0.45355 -0.95864)
(-0.32297 0.44982 -0.95069)
(-0.29201 0.45837 -0.95192)
(-0.27180 0.45131 -0.92896)
(-0.27032 0.45295 -0.92912)
(-0.18550 0.41123 -0.80049)
(-0.16776 0.40827 -0.77398)
(-0.12464 0.37727 -0.67334)
(-0.12489 0.37770 -0.66927)
(-0.10069 0.36523 -0.63160)
(-0.06025 0.35256 -0.57714)
(-0.01580 0.32256 -0.47970)
(-0.00704 0.29433 -0.39263)
(-0.03629 0.30972 -0.42618)
(0.02526 0.26463 -0.31038)
(-0.02687 0.29477 -0.38659)
(0.03535 0.24615 -0.25574)
(0.02957 0.13258 -0.09055)
(0.00202 0.00894 -0.00353)
(-0.00043 -0.00326 0.00128)
(-0.00049 0.00003 -0.00091)
(0.00088 -0.00008 0.00147)
(0.00644 -0.00078 0.01092)
(0.02032 -0.00384 0.03303)
(0.02626 -0.01223 0.04409)
(0.02630 -0.00563 0.04195)
(0.01587 -0.01335 0.06951)
(0.00055 -0.01967 0.09956)
(-0.01369 -0.01943 0.11585)
(-0.00882 -0.01941 0.11622)
(-0.02206 -0.01776 0.12955)
(-0.09094 0.00791 0.13427)
(-0.06943 0.00904 0.15035)
(-0.11166 0.01062 0.12714)
(-0.13036 0.02825 0.12339)
(-0.22012 0.09935 0.02633)
(-0.26354 0.13679 -0.07601)
(-0.29690 0.16975 -0.15966)
(-0.36709 0.26731 -0.37531)
(-0.37512 0.28152 -0.43329)
(-0.37656 0.28553 -0.42129)
(-0.38340 0.29728 -0.46839)
(-0.40113 0.37986 -0.75906)
(-0.40470 0.39060 -0.77921)
(-0.40689 0.40030 -0.80179)
(-0.40828 0.42156 -0.84765)
(-0.42218 0.47287 -0.93836)
(-0.39142 0.46256 -0.97111)
(-0.39644 0.50389 -1.01650)
(-0.39099 0.50220 -1.02090)
(-0.38739 0.50122 -1.02520)
(-0.33730 0.47150 -0.98446)
(-0.28981 0.46049 -0.95185)
(-0.27078 0.45546 -0.93190)
(-0.23813 0.44600 -0.88079)
(-0.14601 0.38903 -0.70470)
(-0.14937 0.39005 -0.70328)
(-0.13405 0.38614 -0.67049)
(-0.08157 0.35340 -0.56032)
(-0.10682 0.36883 -0.59227)
(-0.05251 0.32524 -0.47430)
(-0.06899 0.32619 -0.46483)
(-0.05608 0.31539 -0.43778)
(-0.04769 0.30489 -0.41064)
(-0.03997 0.29573 -0.38690)
(-0.02146 0.18521 -0.15332)
(0.00527 0.04836 -0.02095)
(0.00064 0.01902 -0.00817)
(-0.00101 -0.01913 0.00756)
(0.00218 -0.00008 0.00273)
(0.00791 -0.00094 0.01231)
(0.01521 -0.00230 0.02382)
(0.01398 -0.00180 0.02074)
(0.02761 -0.00556 0.04367)
(0.02854 -0.00743 0.04797)
(0.00803 -0.01697 0.10455)
(0.03591 -0.02655 0.10132)
(-0.00257 -0.02014 0.11727)
(-0.01422 -0.01801 0.13086)
(-0.04878 -0.00193 0.16998)
(-0.09388 0.01610 0.20825)
(-0.11838 0.02696 0.16180)
(-0.13066 0.03311 0.19025)
(-0.17735 0.07265 0.09702)
(-0.21423 0.09732 0.04314)
(-0.26678 0.14151 -0.00705)
(-0.28633 0.16706 -0.08925)
(-0.33655 0.23646 -0.27787)
(-0.37767 0.28931 -0.40882)
(-0.38593 0.30475 -0.46474)
(-0.38752 0.30995 -0.45610)
(-0.41191 0.36459 -0.59601)
(-0.42775 0.41975 -0.74958)
(-0.42801 0.44291 -0.80277)
(-0.43390 0.47744 -0.87691)
(-0.44486 0.51244 -0.93490)
(-0.41982 0.49881 -0.98114)
(-0.40860 0.49530 -1.01020)
(-0.39798 0.50751 -1.02730)
(-0.39404 0.50598 -1.03250)
(-0.37266 0.49348 -1.03210)
(-0.30703 0.46703 -0.97267)
(-0.30595 0.46823 -0.97405)
(-0.28896 0.46264 -0.95280)
(-0.28942 0.46526 -0.94197)
(-0.23230 0.44295 -0.86988)
(-0.23775 0.44501 -0.87227)
(-0.20734 0.42323 -0.77531)
(-0.25715 0.45048 -0.85713)
(-0.18721 0.42238 -0.75075)
(-0.16293 0.40130 -0.68676)
(-0.21075 0.43679 -0.77840)
(-0.12569 0.36428 -0.57396)
(-0.09165 0.33619 -0.48781)
(-0.07859 0.32506 -0.46011)
(-0.07809 0.31964 -0.44580)
(-0.07902 0.31488 -0.43326)
(-0.06437 0.30303 -0.40362)
(-0.11094 0.28754 -0.35351)
(-0.04482 0.19836 -0.16528)
(-0.00967 0.06902 -0.04141)
(0.00032 -0.00766 0.00330)
(-0.00013 -0.00000 -0.00016)
(0.00215 -0.00017 0.00259)
(0.01471 -0.00218 0.01684)
(0.02500 -0.00385 0.03767)
(0.04193 -0.01783 0.06096)
(0.05035 -0.02294 0.07131)
(0.05824 -0.02727 0.07743)
(0.03723 -0.02441 0.10446)
(0.02044 -0.02740 0.12769)
(0.03661 -0.03046 0.15533)
(0.03318 -0.03263 0.15852)
(0.00821 -0.03090 0.16877)
(-0.01731 -0.01736 0.19265)
(-0.08069 0.01195 0.21142)
(-0.10866 0.02235 0.23166)
(-0.15385 0.07186 0.15020)
(-0.20299 0.09694 0.10083)
(-0.24606 0.14015 0.00113)
(-0.26119 0.15696 -0.03574)
(-0.30704 0.24483 -0.22005)
(-0.33274 0.28321 -0.30667)
(-0.39874 0.38394 -0.51470)
(-0.41287 0.38461 -0.58084)
(-0.40730 0.41933 -0.58513)
(-0.43928 0.47510 -0.75350)
(-0.45027 0.50251 -0.79854)
(-0.43989 0.50808 -0.87395)
(-0.44369 0.52754 -0.91668)
(-0.43655 0.52307 -0.98041)
(-0.43856 0.54813 -0.97776)
(-0.43767 0.53216 -1.01290)
(-0.41788 0.52256 -1.02840)
(-0.40898 0.51609 -1.04330)
(-0.40370 0.51455 -1.06500)
(-0.37662 0.49729 -1.04500)
(-0.37457 0.49829 -1.06660)
(-0.33990 0.48664 -1.00620)
(-0.34638 0.48868 -1.02120)
(-0.31799 0.47783 -0.96438)
(-0.31969 0.47828 -0.96373)
(-0.32294 0.47220 -0.91576)
(-0.26278 0.45365 -0.84019)
(-0.29542 0.45464 -0.82644)
(-0.23153 0.42392 -0.73116)
(-0.19814 0.39963 -0.66942)
(-0.20129 0.38742 -0.60981)
(-0.21568 0.36831 -0.55431)
(-0.12921 0.31579 -0.42928)
(-0.15592 0.27421 -0.33805)
(-0.11327 0.24216 -0.25897)
(-0.19136 0.30967 -0.43051)
(-0.15557 0.25748 -0.29553)
(-0.04753 0.10332 -0.08495)
(-0.00227 0.00539 -0.00342)
(0.00559 -0.01096 0.00593)
(0.00124 0.00002 0.00137)
(0.00659 -0.00052 0.00792)
(0.04211 -0.00800 0.04359)
(0.06014 -0.02145 0.06070)
(0.06398 -0.02478 0.06718)
(0.06800 -0.03696 0.08901)
(0.07507 -0.03588 0.07960)
(0.04698 -0.03334 0.13252)
(0.03727 -0.03251 0.16468)
(0.01762 -0.02754 0.20348)
(0.00405 -0.02253 0.19353)
(-0.03244 -0.01415 0.22841)
(-0.06494 0.01170 0.22019)
(-0.12502 0.06444 0.17200)
(-0.17359 0.14273 0.05660)
(-0.18871 0.16464 0.01319)
(-0.20821 0.16421 -0.00490)
(-0.28554 0.23359 -0.14406)
(-0.32259 0.28570 -0.28360)
(-0.35239 0.35132 -0.40632)
(-0.38830 0.43185 -0.56396)
(-0.42466 0.47054 -0.69432)
(-0.45438 0.51394 -0.79350)
(-0.44006 0.52784 -0.82844)
(-0.43306 0.57596 -0.92590)
(-0.42969 0.57614 -0.94285)
(-0.42934 0.54152 -1.00170)
(-0.42323 0.53892 -1.03880)
(-0.42893 0.54252 -1.06320)
(-0.42732 0.53981 -1.06860)
(-0.40068 0.51460 -1.08300)
(-0.40022 0.51325 -1.08800)
(-0.35828 0.49269 -1.04120)
(-0.37978 0.49195 -1.04710)
(-0.32666 0.47915 -0.98287)
(-0.33668 0.48069 -0.98468)
(-0.35962 0.48395 -0.95165)
(-0.35623 0.47735 -0.90360)
(-0.35813 0.47612 -0.89219)
(-0.33541 0.46627 -0.85265)
(-0.23573 0.41282 -0.69735)
(-0.32638 0.44878 -0.79868)
(-0.26090 0.41353 -0.68368)
(-0.24942 0.38962 -0.60833)
(-0.26796 0.37728 -0.57669)
(-0.20196 0.31679 -0.44906)
(-0.18554 0.28297 -0.35933)
(-0.16274 0.26213 -0.30614)
(-0.16641 0.23998 -0.27207)
(-0.08781 0.13772 -0.11679)
(-0.01184 0.02280 -0.01335)
(-0.00969 0.01040 -0.00638)
(-0.00194 -0.00008 -0.00242)
(0.00878 -0.00003 0.00942)
(0.00077 0.00002 0.00094)
(0.01080 -0.00015 0.01219)
(0.03250 -0.00529 0.04302)
(0.06801 -0.02860 0.07039)
(0.05425 -0.02166 0.06711)
(0.07223 -0.03463 0.08394)
(0.06900 -0.03817 0.10892)
(0.06922 -0.04079 0.11566)
(0.07805 -0.05146 0.15097)
(0.05583 -0.04221 0.16430)
(0.04874 -0.04462 0.20020)
(0.00711 -0.01881 0.24607)
(-0.01115 -0.00734 0.25205)
(-0.06076 0.02270 0.22654)
(-0.13471 0.11408 0.09063)
(-0.17360 0.15697 0.03416)
(-0.19841 0.18503 -0.02454)
(-0.27547 0.26906 -0.18582)
(-0.31628 0.34595 -0.33397)
(-0.35591 0.41840 -0.47458)
(-0.39496 0.51672 -0.64364)
(-0.39564 0.45276 -0.60848)
(-0.41268 0.51005 -0.72815)
(-0.43684 0.56248 -0.84943)
(-0.42953 0.58236 -0.91639)
(-0.42643 0.58254 -0.93062)
(-0.42656 0.57545 -0.95720)
(-0.42344 0.54794 -1.02260)
(-0.42705 0.54701 -1.06210)
(-0.42666 0.54480 -1.06580)
(-0.41345 0.52493 -1.08710)
(-0.40421 0.51686 -1.08830)
(-0.39126 0.50069 -1.08830)
(-0.39349 0.50131 -1.08300)
(-0.39192 0.50004 -1.07380)
(-0.37660 0.49408 -1.02630)
(-0.37649 0.48624 -0.96529)
(-0.36844 0.48114 -0.91632)
(-0.37146 0.48035 -0.90648)
(-0.36157 0.47558 -0.88289)
(-0.35723 0.47150 -0.86053)
(-0.32278 0.42590 -0.73916)
(-0.28025 0.38784 -0.62035)
(-0.25815 0.35525 -0.56051)
(-0.23654 0.33311 -0.51009)
(-0.24323 0.30522 -0.46497)
(-0.21805 0.27730 -0.37054)
(-0.22615 0.25540 -0.32332)
(-0.12787 0.13545 -0.10145)
(-0.02348 0.02397 -0.01468)
(-0.00176 -0.00009 -0.00241)
(0.00339 0.00005 0.00445)
(0.02482 -0.00160 0.02697)
(0.01813 -0.00125 0.02168)
(0.02509 -0.00254 0.02911)
(0.04775 -0.02412 0.08221)
(0.05914 -0.03251 0.09848)
(0.06309 -0.03998 0.12600)
(0.06267 -0.04954 0.17379)
(0.06625 -0.05446 0.18644)
(0.05493 -0.05059 0.20541)
(0.01886 -0.02594 0.24730)
(0.00901 -0.01780 0.25176)
(-0.00159 -0.00758 0.25426)
(-0.01429 -0.00152 0.25375)
(-0.07302 0.07014 0.14848)
(-0.13809 0.13183 0.07516)
(-0.16956 0.16894 0.01813)
(-0.20802 0.24401 -0.10028)
(-0.20723 0.20704 -0.06369)
(-0.30356 0.35872 -0.32887)
(-0.31226 0.37752 -0.36367)
(-0.38448 0.51474 -0.62417)
(-0.39853 0.53057 -0.67072)
(-0.40016 0.54132 -0.69001)
(-0.42530 0.58962 -0.90810)
(-0.42259 0.58942 -0.91854)
(-0.42352 0.58151 -0.94572)
(-0.42005 0.57998 -0.95994)
(-0.40386 0.56301 -1.02530)
(-0.39777 0.54755 -1.06790)
(-0.40482 0.52395 -1.09500)
(-0.39613 0.52554 -1.10290)
(-0.39244 0.51337 -1.09550)
(-0.39661 0.50190 -1.08860)
(-0.39797 0.50093 -1.08440)
(-0.39767 0.50047 -1.07430)
(-0.40861 0.49895 -1.04530)
(-0.38098 0.48478 -0.92853)
(-0.38483 0.48439 -0.92074)
(-0.37602 0.47999 -0.89668)
(-0.39089 0.47156 -0.86607)
(-0.34589 0.42794 -0.75281)
(-0.33544 0.42042 -0.73211)
(-0.33318 0.38098 -0.63579)
(-0.29521 0.33839 -0.55659)
(-0.28449 0.32769 -0.53202)
(-0.29471 0.32912 -0.54063)
(-0.28525 0.31967 -0.51885)
(-0.27550 0.30808 -0.49356)
(-0.23524 0.25379 -0.32852)
(-0.17535 0.17724 -0.13868)
(-0.16047 0.15376 -0.11486)
(-0.03813 0.03667 -0.02220)
(0.01125 -0.01083 0.00587)
(-0.00062 -0.00004 -0.00096)
(0.00538 0.00003 0.00781)
(0.01846 -0.00843 0.04213)
(0.03303 -0.00999 0.04785)
(0.03076 -0.02073 0.05226)
(0.04859 -0.02635 0.07622)
(0.05814 -0.03822 0.11782)
(0.06127 -0.04858 0.16813)
(0.06496 -0.05374 0.18370)
(0.07250 -0.06689 0.21982)
(0.06234 -0.05221 0.22337)
(0.02037 -0.02488 0.25400)
(0.00996 -0.01446 0.25655)
(-0.00719 0.01245 0.26187)
(-0.01194 0.00499 0.25498)
(-0.07981 0.09413 0.17364)
(-0.11515 0.14156 0.09082)
(-0.16844 0.22501 -0.04105)
(-0.25751 0.32640 -0.22999)
(-0.28833 0.38405 -0.34127)
(-0.34343 0.47252 -0.51262)
(-0.38981 0.52926 -0.65193)
(-0.38202 0.52715 -0.63270)
(-0.39339 0.54254 -0.67658)
(-0.40221 0.58823 -0.79322)
(-0.40787 0.61241 -0.84882)
(-0.42002 0.58771 -0.93321)
(-0.40328 0.58418 -0.97300)
(-0.39777 0.57819 -1.00730)
(-0.38740 0.56970 -1.03600)
(-0.38530 0.53392 -1.08900)
(-0.37722 0.52124 -1.10250)
(-0.39255 0.51873 -1.10510)
(-0.39932 0.50906 -1.09470)
(-0.39777 0.49999 -1.09130)
(-0.40146 0.50076 -1.08020)
(-0.42554 0.50471 -1.05100)
(-0.40722 0.49319 -0.98340)
(-0.43319 0.50260 -0.96825)
(-0.42305 0.48507 -0.91248)
(-0.43564 0.48374 -0.88778)
(-0.39148 0.44816 -0.80633)
(-0.36623 0.42196 -0.72755)
(-0.39982 0.42834 -0.75420)
(-0.35255 0.38764 -0.66701)
(-0.30478 0.33541 -0.55740)
(-0.28851 0.31440 -0.51374)
(-0.28728 0.27950 -0.43997)
(-0.25674 0.23834 -0.32140)
(-0.18193 0.17384 -0.14167)
(-0.19258 0.16819 -0.15261)
(-0.05356 0.04873 -0.02943)
(0.00232 -0.00210 0.00108)
(0.00004 -0.00005 0.00046)
(0.00562 -0.00228 0.01341)
(-0.00104 -0.00109 0.01006)
(0.01978 -0.01692 0.04320)
(0.02385 -0.02059 0.04829)
(0.03628 -0.02619 0.05726)
(0.05135 -0.04076 0.08312)
(0.05510 -0.05257 0.11960)
(0.06646 -0.05432 0.14085)
(0.06098 -0.05115 0.17889)
(0.08277 -0.08206 0.21505)
(0.07353 -0.06740 0.23434)
(0.03839 -0.03384 0.25604)
(0.01614 -0.00325 0.25133)
(-0.04506 0.08083 0.18539)
(-0.05841 0.10778 0.20751)
(-0.11025 0.17171 0.07592)
(-0.23718 0.32862 -0.20037)
(-0.21254 0.30648 -0.13007)
(-0.29258 0.42010 -0.37116)
(-0.31968 0.47639 -0.44019)
(-0.36388 0.54860 -0.56303)
(-0.38723 0.54123 -0.65991)
(-0.38863 0.60250 -0.75735)
(-0.38880 0.63693 -0.80455)
(-0.40717 0.62109 -0.88703)
(-0.39378 0.61881 -0.92788)
(-0.39024 0.59243 -0.98691)
(-0.38693 0.58913 -1.00990)
(-0.37682 0.54578 -1.07320)
(-0.39030 0.54624 -1.08060)
(-0.39615 0.52127 -1.10310)
(-0.39981 0.51643 -1.10030)
(-0.40176 0.50893 -1.10370)
(-0.42040 0.50732 -1.08630)
(-0.43543 0.51075 -1.07020)
(-0.45606 0.51023 -1.03740)
(-0.45851 0.51083 -1.02950)
(-0.44996 0.49599 -0.93426)
(-0.45579 0.49189 -0.91456)
(-0.41836 0.46068 -0.83145)
(-0.42188 0.43097 -0.76884)
(-0.36226 0.38292 -0.64988)
(-0.35125 0.34693 -0.57953)
(-0.29234 0.31033 -0.51397)
(-0.34934 0.30122 -0.49162)
(-0.29366 0.25840 -0.38314)
(-0.26649 0.22705 -0.30848)
(-0.24608 0.17775 -0.23750)
(-0.21220 0.15049 -0.14647)
(-0.08228 0.05450 -0.02802)
(-0.00541 0.00376 -0.00042)
(-0.00030 -0.00025 0.00200)
(0.00187 -0.01049 0.02479)
(0.01019 -0.02076 0.04702)
(0.01711 -0.03998 0.06142)
(0.02560 -0.03976 0.06582)
(0.04582 -0.05332 0.10852)
(0.07518 -0.08784 0.15977)
(0.07532 -0.07569 0.15086)
(0.08391 -0.09337 0.18063)
(0.07798 -0.08663 0.21619)
(0.06572 -0.06055 0.25569)
(0.04250 -0.02428 0.25685)
(-0.01395 0.03345 0.22804)
(0.01027 0.01667 0.22318)
(-0.05692 0.09821 0.17865)
(-0.12730 0.18754 0.06122)
(-0.22374 0.35489 -0.15522)
(-0.25476 0.39487 -0.25537)
(-0.29223 0.47609 -0.37980)
(-0.31871 0.51372 -0.45268)
(-0.36656 0.59456 -0.60945)
(-0.38892 0.63820 -0.69036)
(-0.38835 0.64411 -0.74925)
(-0.39532 0.63887 -0.83321)
(-0.39237 0.63403 -0.89536)
(-0.37214 0.62179 -0.94240)
(-0.37265 0.61445 -0.95961)
(-0.37241 0.56839 -1.03460)
(-0.37962 0.55543 -1.06040)
(-0.38111 0.52782 -1.09430)
(-0.38993 0.51568 -1.10420)
(-0.41444 0.51703 -1.09250)
(-0.42310 0.51105 -1.09050)
(-0.44650 0.51911 -1.06590)
(-0.45785 0.51120 -1.03840)
(-0.48141 0.51964 -1.01490)
(-0.47453 0.50400 -0.96678)
(-0.51098 0.50499 -0.92330)
(-0.47724 0.48639 -0.88510)
(-0.45455 0.43451 -0.77886)
(-0.41842 0.41997 -0.75186)
(-0.39690 0.39229 -0.68489)
(-0.42901 0.37927 -0.64408)
(-0.41584 0.36378 -0.60969)
(-0.35803 0.30772 -0.50518)
(-0.28797 0.22705 -0.35151)
(-0.26274 0.18999 -0.26220)
(-0.24307 0.16940 -0.19601)
(-0.15195 0.09473 -0.06567)
(-0.06996 0.04457 -0.01896)
(-0.01021 0.00642 -0.00180)
(0.00025 0.00061 -0.00133)
(-0.00108 -0.00201 0.00519)
(0.00125 -0.01401 0.01915)
(0.00483 -0.03066 0.04653)
(0.00944 -0.03961 0.05480)
(0.01418 -0.04635 0.06443)
(0.03279 -0.05568 0.10113)
(0.01498 -0.04990 0.07090)
(0.04885 -0.07238 0.14468)
(0.07568 -0.09165 0.17010)
(0.08129 -0.09434 0.18496)
(0.04906 -0.06641 0.19776)
(0.06553 -0.06715 0.23589)
(0.03744 -0.02975 0.22331)
(-0.04188 0.06230 0.15799)
(-0.05303 0.08709 0.17083)
(-0.07863 0.10276 0.13379)
(-0.10127 0.15215 0.08744)
(-0.22761 0.35631 -0.15063)
(-0.24848 0.39283 -0.21326)
(-0.26883 0.42626 -0.26074)
(-0.31672 0.50077 -0.38850)
(-0.36749 0.61552 -0.60469)
(-0.38230 0.64915 -0.63091)
(-0.39818 0.69275 -0.70815)
(-0.38870 0.67820 -0.76097)
(-0.38602 0.65950 -0.81061)
(-0.38156 0.66075 -0.87180)
(-0.37029 0.65292 -0.90111)
(-0.36753 0.64644 -0.91656)
(-0.36772 0.58517 -1.00550)
(-0.37592 0.55951 -1.05360)
(-0.38046 0.54979 -1.06630)
(-0.37944 0.53218 -1.08530)
(-0.41219 0.53154 -1.07020)
(-0.43644 0.52390 -1.07410)
(-0.46565 0.53128 -1.04390)
(-0.47258 0.52732 -1.04570)
(-0.48890 0.52848 -1.01240)
(-0.51442 0.51154 -0.94276)
(-0.51892 0.50867 -0.92665)
(-0.51309 0.50053 -0.90932)
(-0.51468 0.49512 -0.89756)
(-0.44562 0.40338 -0.69551)
(-0.43815 0.38185 -0.64940)
(-0.41595 0.35846 -0.59908)
(-0.40203 0.32479 -0.55774)
(-0.36794 0.29346 -0.48608)
(-0.31872 0.23590 -0.36385)
(-0.31823 0.21855 -0.29798)
(-0.30132 0.20019 -0.26084)
(-0.24219 0.13547 -0.11146)
(-0.14711 0.06795 -0.01325)
(-0.01516 0.00674 0.00075)
(-0.01518 0.00649 0.00116)
(-0.00156 -0.00220 0.00372)
(0.00067 -0.02046 0.02434)
(0.00594 -0.04148 0.05159)
(0.00876 -0.04403 0.05632)
(0.01188 -0.04777 0.06271)
(0.01312 -0.05198 0.06845)
(0.03086 -0.06660 0.12318)
(0.04839 -0.07699 0.14149)
(0.07744 -0.09507 0.17753)
(0.03193 -0.05529 0.17150)
(0.01954 -0.02789 0.19618)
(-0.05922 0.07363 0.14547)
(-0.07997 0.09855 0.12514)
(-0.09763 0.12566 0.11357)
(-0.15578 0.22911 -0.00494)
(-0.24927 0.38882 -0.19750)
(-0.25714 0.39037 -0.19157)
(-0.26957 0.42328 -0.24352)
(-0.33090 0.53003 -0.35944)
(-0.37975 0.62707 -0.49686)
(-0.37165 0.61191 -0.50418)
(-0.38928 0.67216 -0.58358)
(-0.40615 0.71942 -0.66516)
(-0.40438 0.72556 -0.68310)
(-0.38533 0.68372 -0.78403)
(-0.37037 0.66502 -0.88704)
(-0.36757 0.65805 -0.90182)
(-0.36373 0.64015 -0.92887)
(-0.35897 0.59692 -0.99815)
(-0.37717 0.55512 -1.05770)
(-0.38899 0.55171 -1.05370)
(-0.40916 0.53838 -1.06120)
(-0.42713 0.53352 -1.06300)
(-0.46751 0.53478 -1.03900)
(-0.47875 0.53619 -1.03480)
(-0.49093 0.54062 -1.02690)
(-0.52417 0.51621 -0.94169)
(-0.52858 0.51381 -0.92908)
(-0.52186 0.50428 -0.91324)
(-0.52532 0.49892 -0.90065)
(-0.48209 0.43163 -0.74919)
(-0.46666 0.37839 -0.66259)
(-0.42061 0.30360 -0.52071)
(-0.39362 0.27060 -0.45719)
(-0.35503 0.25122 -0.39878)
(-0.31979 0.20217 -0.26018)
(-0.30910 0.19302 -0.24140)
(-0.23406 0.10935 -0.04198)
(-0.17220 0.07700 -0.01005)
(-0.09336 0.04084 0.00074)
(-0.17734 0.07615 -0.00259)
(-0.02474 0.01015 0.00280)
(-0.00039 -0.00059 0.00095)
(-0.00305 -0.00465 0.00729)
(-0.00196 -0.00311 0.00487)
(-0.00754 -0.01205 0.01768)
(-0.00361 -0.03209 0.03533)
(-0.00239 -0.03809 0.04844)
(0.00576 -0.04546 0.05319)
(0.00240 -0.05038 0.05751)
(0.00978 -0.04884 0.06043)
(0.01006 -0.05802 0.07462)
(0.01461 -0.05971 0.09154)
(0.02280 -0.06397 0.11413)
(0.00208 -0.04085 0.12890)
(0.01362 -0.04500 0.15465)
(-0.01562 -0.01454 0.14509)
(-0.04554 0.04509 0.14223)
(-0.08728 0.10024 0.11167)
(-0.10312 0.12667 0.10120)
(-0.15283 0.18282 0.04466)
(-0.31812 0.41296 -0.18294)
(-0.27576 0.42180 -0.23190)
(-0.36522 0.56028 -0.34359)
(-0.42316 0.67709 -0.46694)
(-0.40428 0.69507 -0.57470)
(-0.41596 0.73519 -0.63232)
(-0.40988 0.73565 -0.67134)
(-0.39987 0.72418 -0.73242)
(-0.38371 0.70654 -0.83542)
(-0.36788 0.67167 -0.88759)
(-0.36298 0.64878 -0.91747)
(-0.35998 0.61449 -0.96363)
(-0.36924 0.56553 -1.03030)
(-0.38490 0.55987 -1.02720)
(-0.40263 0.54809 -1.03510)
(-0.42652 0.53760 -1.05170)
(-0.46554 0.53873 -1.03950)
(-0.48220 0.53988 -1.02990)
(-0.49786 0.54500 -1.02100)
(-0.52569 0.52912 -0.96220)
(-0.54785 0.52463 -0.94092)
(-0.53205 0.50928 -0.91618)
(-0.54593 0.49021 -0.86583)
(-0.52693 0.45585 -0.78837)
(-0.52002 0.41899 -0.72377)
(-0.46230 0.34462 -0.59211)
(-0.41928 0.28463 -0.48448)
(-0.40173 0.26650 -0.44556)
(-0.36898 0.23495 -0.33778)
(-0.29484 0.16125 -0.14765)
(-0.24227 0.11036 -0.03990)
(-0.24084 0.10445 -0.02404)
(-0.23415 0.09717 -0.00319)
(-0.15614 0.06339 0.00813)
(-0.02620 0.00941 0.00824)
(0.02090 -0.00734 -0.00769)
(-0.00017 -0.00024 0.00055)
(-0.00208 -0.00311 0.00675)
(-0.01092 -0.02039 0.02612)
(-0.00563 -0.01113 0.01664)
(-0.01106 -0.02556 0.02666)
(-0.00363 -0.03585 0.03459)
(-0.00157 -0.04157 0.03554)
(-0.00078 -0.04620 0.05000)
(-0.00354 -0.04383 0.05461)
(0.00613 -0.05927 0.07912)
(0.01099 -0.07237 0.08710)
(-0.00874 -0.04565 0.07789)
(-0.01532 -0.03618 0.11119)
(-0.05941 0.01004 0.08305)
(-0.08207 0.05487 0.07533)
(-0.11458 0.09261 0.05042)
(-0.21626 0.21451 -0.04426)
(-0.11318 0.13151 0.08500)
(-0.21297 0.24051 -0.02585)
(-0.34232 0.40971 -0.19301)
(-0.35978 0.47281 -0.26730)
(-0.40937 0.59207 -0.35590)
(-0.45172 0.66851 -0.43652)
(-0.42977 0.72446 -0.52622)
(-0.44989 0.76333 -0.57201)
(-0.45052 0.80773 -0.63363)
(-0.41160 0.77850 -0.72607)
(-0.39936 0.75569 -0.77421)
(-0.38864 0.74391 -0.81486)
(-0.36800 0.68211 -0.88903)
(-0.35959 0.63153 -0.93613)
(-0.35408 0.59650 -0.98434)
(-0.38520 0.57573 -1.00100)
(-0.39676 0.56352 -1.00930)
(-0.42426 0.54833 -1.02770)
(-0.46552 0.55973 -1.00420)
(-0.48453 0.54311 -1.02400)
(-0.53574 0.56654 -0.99748)
(-0.56065 0.56075 -0.97652)
(-0.60568 0.57158 -0.94226)
(-0.59774 0.53572 -0.89293)
(-0.59301 0.52161 -0.87546)
(-0.57342 0.47262 -0.79167)
(-0.53647 0.42133 -0.72007)
(-0.48900 0.36811 -0.62471)
(-0.46977 0.33369 -0.54483)
(-0.41421 0.27151 -0.44458)
(-0.36938 0.21009 -0.24319)
(-0.34403 0.18648 -0.19445)
(-0.34025 0.16940 -0.15261)
(-0.29198 0.11776 -0.01120)
(-0.23990 0.08964 0.03188)
(-0.14569 0.04781 0.03949)
(-0.04124 0.01274 0.01609)
(0.01541 -0.00406 -0.01004)
(-0.00098 -0.00152 0.00364)
(-0.00540 -0.00956 0.01952)
(-0.01218 -0.01775 0.03213)
(-0.01070 -0.02868 0.03505)
(-0.00577 -0.03958 0.03633)
(-0.00265 -0.04284 0.03737)
(-0.01535 -0.02269 0.03394)
(-0.00548 -0.04088 0.05056)
(-0.01393 -0.03303 0.04614)
(-0.02020 -0.02782 0.04813)
(-0.00475 -0.04861 0.07009)
(-0.03435 -0.02167 0.05931)
(-0.04226 -0.01677 0.06428)
(-0.08289 0.01793 0.01452)
(-0.08883 0.02420 0.01753)
(-0.09798 0.06549 0.05523)
(-0.11771 0.05260 0.00401)
(-0.14606 0.11331 0.00975)
(-0.24978 0.22374 -0.09217)
(-0.29910 0.31927 -0.12701)
(-0.37280 0.43086 -0.22404)
(-0.38438 0.46217 -0.24064)
(-0.45998 0.61624 -0.34733)
(-0.54400 0.75968 -0.48108)
(-0.47984 0.76259 -0.51995)
(-0.47694 0.77979 -0.55782)
(-0.47154 0.84894 -0.64666)
(-0.44726 0.82409 -0.68758)
(-0.41833 0.79213 -0.74136)
(-0.39529 0.76415 -0.79693)
(-0.37776 0.70063 -0.85905)
(-0.36960 0.66368 -0.90826)
(-0.35105 0.60791 -0.96697)
(-0.39214 0.59664 -0.95881)
(-0.43250 0.58571 -0.95240)
(-0.43492 0.55911 -1.00060)
(-0.47892 0.57055 -0.98238)
(-0.53117 0.57809 -0.98635)
(-0.57381 0.59059 -0.98312)
(-0.59531 0.58119 -0.95718)
(-0.61556 0.58045 -0.94328)
(-0.64932 0.57403 -0.88591)
(-0.61863 0.52670 -0.84831)
(-0.63958 0.53229 -0.82671)
(-0.56437 0.44316 -0.69952)
(-0.52283 0.38773 -0.62955)
(-0.53318 0.37911 -0.55077)
(-0.51789 0.36020 -0.51241)
(-0.47491 0.31411 -0.44375)
(-0.50543 0.34158 -0.46782)
(-0.41697 0.24228 -0.29483)
(-0.33691 0.14482 -0.10116)
(-0.32905 0.13954 -0.08505)
(-0.27761 0.08895 0.05122)
(-0.08474 0.02346 0.03488)
(-0.01287 0.00279 0.00923)
(0.00494 -0.00106 -0.00366)
(-0.00018 -0.00026 0.00073)
(-0.00282 -0.00436 0.01129)
(-0.00719 -0.01274 0.02810)
(-0.00987 -0.01384 0.03064)
(-0.00942 -0.01587 0.03337)
(-0.00848 -0.02120 0.03187)
(-0.00934 -0.02661 0.03379)
(-0.02813 -0.00741 0.02521)
(-0.02939 -0.00969 0.02671)
(-0.03432 -0.00451 0.02280)
(-0.04405 -0.00705 0.03899)
(-0.09105 0.02609 0.00318)
(-0.09828 0.03256 0.00376)
(-0.11662 0.04892 -0.00984)
(-0.20034 0.14889 -0.06610)
(-0.29558 0.24850 -0.15024)
(-0.32865 0.33494 -0.16054)
(-0.43059 0.45728 -0.25995)
(-0.43316 0.50403 -0.28780)
(-0.49041 0.54455 -0.34901)
(-0.51620 0.66596 -0.40907)
(-0.56066 0.76621 -0.48392)
(-0.54973 0.78578 -0.50036)
(-0.53890 0.80262 -0.53873)
(-0.49905 0.84819 -0.61843)
(-0.46560 0.84748 -0.66319)
(-0.43899 0.82064 -0.70861)
(-0.42295 0.79480 -0.76381)
(-0.38373 0.71575 -0.84084)
(-0.39041 0.68469 -0.86220)
(-0.38052 0.64423 -0.90662)
(-0.40458 0.60595 -0.93716)
(-0.43679 0.58942 -0.94164)
(-0.44654 0.58448 -0.95083)
(-0.47992 0.57875 -0.95300)
(-0.54457 0.58479 -0.97529)
(-0.58635 0.59795 -0.95418)
(-0.64844 0.62702 -0.91182)
(-0.64068 0.60001 -0.91644)
(-0.66897 0.58189 -0.84973)
(-0.66025 0.56573 -0.83681)
(-0.65900 0.55824 -0.82109)
(-0.60726 0.48836 -0.71576)
(-0.55471 0.40303 -0.57143)
(-0.51851 0.35696 -0.49120)
(-0.47601 0.29812 -0.37660)
(-0.41906 0.22830 -0.25920)
(-0.38653 0.19804 -0.17043)
(-0.35180 0.15569 -0.10652)
(-0.32434 0.13062 -0.04494)
(-0.26329 0.07514 0.04729)
(-0.08880 0.01788 0.04701)
(-0.00634 0.00101 0.00354)
(-0.00014 0.00000 0.00062)
(-0.00405 -0.00016 0.01856)
(-0.01002 0.00148 0.03430)
(-0.01117 0.00042 0.03664)
(-0.00962 -0.00156 0.03201)
(-0.00926 -0.01547 0.03772)
(-0.02002 -0.00470 0.02878)
(-0.00919 -0.01871 0.03810)
(-0.02943 -0.00173 0.02292)
(-0.03208 -0.00301 0.02259)
(-0.03412 0.00314 0.01971)
(-0.03803 0.00265 0.01794)
(-0.04135 0.00290 0.01692)
(-0.10761 0.04889 -0.02549)
(-0.10612 0.03999 -0.00808)
(-0.12509 0.05636 -0.02282)
(-0.24564 0.18663 -0.11084)
(-0.30066 0.24783 -0.16289)
(-0.39523 0.37658 -0.23679)
(-0.49492 0.49630 -0.32923)
(-0.52091 0.53236 -0.35291)
(-0.52647 0.66649 -0.42362)
(-0.57867 0.77407 -0.49105)
(-0.56532 0.79036 -0.50148)
(-0.56678 0.81007 -0.51674)
(-0.54311 0.86227 -0.60940)
(-0.47754 0.85786 -0.65625)
(-0.47196 0.84466 -0.68390)
(-0.41791 0.76458 -0.79627)
(-0.39245 0.67126 -0.86890)
(-0.41912 0.65152 -0.88218)
(-0.45089 0.58840 -0.94010)
(-0.55413 0.60232 -0.93265)
(-0.60717 0.62065 -0.92455)
(-0.66753 0.63118 -0.89709)
(-0.66922 0.57612 -0.83377)
(-0.65752 0.55174 -0.80550)
(-0.53233 0.37434 -0.51484)
(-0.43467 0.24582 -0.27064)
(-0.09994 0.01963 0.04344)
(-0.00081 0.00056 0.00363)
(-0.00639 0.00430 0.02660)
(-0.01275 0.00841 0.04449)
(-0.00945 0.00912 0.03957)
(-0.01268 0.01163 0.04422)
(-0.01267 0.00943 0.04213)
(-0.02238 0.01281 0.02501)
(-0.03053 0.00396 0.02115)
(-0.03576 0.00952 0.01774)
(-0.04134 0.00954 0.01423)
(-0.05402 0.02130 0.00535)
(-0.12968 0.07907 -0.05676)
(-0.15927 0.10872 -0.07692)
(-0.15673 0.08768 -0.06557)
(-0.28323 0.20260 -0.16281)
(-0.24996 0.17809 -0.11914)
(-0.33664 0.26637 -0.20338)
(-0.42661 0.38541 -0.27516)
(-0.43518 0.37833 -0.28845)
(-0.50174 0.49426 -0.33622)
(-0.52873 0.53290 -0.36002)
(-0.54931 0.62027 -0.40441)
(-0.61504 0.76143 -0.49139)
(-0.59093 0.79568 -0.50804)
(-0.57986 0.81316 -0.52071)
(-0.52645 0.87150 -0.63886)
(0.00119 -0.00203 -0.00540)
(-0.00317 0.00570 0.01478)
(-0.00889 0.01977 0.04709)
(-0.00885 0.01417 0.04501)
(-0.01276 0.01670 0.04236)
(-0.01220 0.02059 0.03613)
(-0.02172 0.01933 0.02488)
(-0.02643 0.02167 0.02257)
(-0.02500 0.02538 0.02278)
(-0.03945 0.02857 0.01230)
(-0.05824 0.04122 -0.00189)
(-0.09193 0.06725 -0.02960)
(-0.14672 0.10015 -0.07323)
(-0.15223 0.10426 -0.07692)
(-0.22636 0.16155 -0.12763)
(-0.28850 0.21586 -0.17238)
(-0.36331 0.29425 -0.23145)
(-0.44846 0.38632 -0.30108)
(-0.51832 0.49325 -0.35137)
(-0.60068 0.62985 -0.42702)
(-0.64326 0.72290 -0.48434)
(0.00098 -0.00224 -0.00501)
(-0.00068 0.00159 0.00352)
(-0.00458 0.01283 0.02430)
(-0.00788 0.02826 0.04325)
(-0.00851 0.02910 0.04115)
(-0.01019 0.03362 0.03632)
(-0.02689 0.04043 0.02497)
(-0.04553 0.04948 0.00650)
(-0.06159 0.05703 -0.00550)
(-0.09895 0.08117 -0.03722)
(-0.13978 0.10040 -0.06788)
(-0.17286 0.12447 -0.09576)
(-0.23141 0.17174 -0.13983)
(-0.34613 0.26919 -0.22839)
(-0.36218 0.27935 -0.23103)
(-0.43366 0.34171 -0.29221)
(-0.50141 0.44246 -0.34244)
(-0.00022 0.00062 0.00115)
(-0.00462 0.01670 0.02480)
(-0.00573 0.02314 0.03510)
(-0.00769 0.03007 0.04371)
(-0.00906 0.03139 0.04081)
(-0.00962 0.03323 0.04044)
(-0.02184 0.04812 0.02864)
(-0.03559 0.05712 0.01539)
(-0.05159 0.06383 0.00185)
(-0.05544 0.07195 0.00103)
(-0.10035 0.10358 -0.03573)
(-0.12982 0.12212 -0.06069)
(-0.14102 0.11555 -0.07238)
(-0.15446 0.14177 -0.07874)
(-0.18536 0.15409 -0.10449)
(-0.27037 0.21017 -0.17089)
(-0.00076 0.00198 0.00313)
(-0.00626 0.02312 0.03497)
(-0.00773 0.03172 0.04362)
(-0.00835 0.03903 0.04958)
(-0.00789 0.03575 0.04436)
(-0.01884 0.04732 0.03529)
(-0.03355 0.06365 0.01885)
(-0.05398 0.07212 0.00256)
(-0.11166 0.11721 -0.04191)
(-0.14219 0.13637 -0.06830)
(0.00011 -0.00043 -0.00066)
(-0.00279 0.01171 0.01784)
(-0.00591 0.03203 0.03972)
(-0.45534 0.82882 -0.73499)
(-0.39619 0.69332 -0.85202)
(-0.44127 0.59198 -0.92972)
(-0.50005 0.59677 -0.92280)
(-0.66202 0.63831 -0.89286)
(-0.67176 0.59369 -0.84815)
(-0.66712 0.56875 -0.81776)
(-0.60349 0.46264 -0.62887)
(-0.49434 0.34874 -0.44256)
(-0.40839 0.21357 -0.19027)
(-0.37653 0.18843 -0.14343)
(-0.26665 0.07129 0.05722)
(-0.25690 0.06395 0.06914)
(-0.24610 0.05594 0.08277)
(-0.02216 0.00399 0.01073)
(-0.57344 0.86691 -0.59282)
(-0.49852 0.86549 -0.68190)
(-0.46862 0.83239 -0.72372)
(-0.44385 0.79701 -0.76355)
(-0.40184 0.71336 -0.83570)
(-0.39857 0.67796 -0.85883)
(-0.42245 0.64935 -0.86800)
(-0.45606 0.61259 -0.88011)
(-0.45436 0.59102 -0.92867)
(-0.52493 0.61154 -0.89389)
(-0.56280 0.60660 -0.92190)
(-0.62993 0.63230 -0.90363)
(-0.66506 0.64210 -0.88585)
(-0.67562 0.64492 -0.88826)
(-0.69665 0.63980 -0.85692)
(-0.67817 0.58774 -0.82975)
(-0.67490 0.57971 -0.81337)
(-0.66787 0.55897 -0.78476)
(-0.61990 0.50649 -0.65956)
(-0.54917 0.40917 -0.54504)
(-0.50023 0.35661 -0.42685)
(-0.44373 0.27101 -0.28970)
(-0.40953 0.22990 -0.18273)
(-0.32639 0.13924 -0.03819)
(-0.25993 0.06932 0.06269)
(-0.24229 0.05542 0.08133)
(-0.08927 0.01705 0.03854)
(-0.00872 0.00148 0.00420)
(-0.68539 0.80780 -0.53168)
(-0.63529 0.85878 -0.56565)
(-0.62289 0.87080 -0.57830)
(-0.56899 0.90518 -0.62987)
(-0.54326 0.88159 -0.65172)
(-0.49582 0.85487 -0.70749)
(-0.44548 0.80603 -0.76282)
(-0.43709 0.76032 -0.78953)
(-0.40276 0.68524 -0.85027)
(-0.42265 0.70741 -0.81915)
(-0.41457 0.65209 -0.85683)
(-0.46187 0.61066 -0.85349)
(-0.49848 0.60773 -0.88077)
(-0.52532 0.61143 -0.88397)
(-0.57999 0.61846 -0.89492)
(-0.62570 0.63611 -0.87795)
(-0.66265 0.65364 -0.87058)
(-0.68905 0.65626 -0.87845)
(-0.71265 0.66131 -0.84463)
(-0.70302 0.62763 -0.82054)
(-0.69254 0.61328 -0.77807)
(-0.66086 0.56572 -0.74483)
(-0.64026 0.52962 -0.66340)
(-0.58938 0.47698 -0.58317)
(-0.50000 0.35635 -0.38462)
(-0.44094 0.26936 -0.25947)
(-0.44193 0.30215 -0.27270)
(-0.37853 0.21225 -0.13862)
(-0.35159 0.18032 -0.10082)
(-0.33236 0.17261 -0.09324)
(-0.26914 0.08152 0.05062)
(-0.23291 0.05325 0.07759)
(-0.10796 0.01791 0.04848)
(-0.02279 0.00237 0.01440)
(0.00861 -0.00073 -0.00572)
(-0.59253 0.55413 -0.42225)
(-0.63989 0.65388 -0.46154)
(-0.65999 0.72048 -0.49632)
(-0.68253 0.79486 -0.53476)
(-0.65732 0.84974 -0.56281)
(-0.64955 0.87544 -0.60153)
(-0.58287 0.89624 -0.62933)
(-0.56432 0.87463 -0.65752)
(-0.50390 0.84904 -0.71507)
(-0.48418 0.83035 -0.73297)
(-0.45739 0.77816 -0.76987)
(-0.44926 0.72663 -0.80698)
(-0.44931 0.67407 -0.83805)
(-0.45923 0.65501 -0.84113)
(-0.46926 0.61075 -0.85503)
(-0.54194 0.61611 -0.85859)
(-0.58793 0.63152 -0.84958)
(-0.60387 0.63005 -0.87236)
(-0.62991 0.64318 -0.86321)
(-0.69157 0.66942 -0.85533)
(-0.70446 0.66951 -0.85375)
(-0.71145 0.67101 -0.82062)
(-0.72083 0.66798 -0.81592)
(-0.68594 0.62831 -0.76749)
(-0.66436 0.58766 -0.74274)
(-0.64258 0.59309 -0.70876)
(-0.61954 0.53779 -0.65090)
(-0.54074 0.44621 -0.48480)
(-0.50469 0.39009 -0.42445)
(-0.44477 0.33499 -0.31727)
(-0.38550 0.23610 -0.17912)
(-0.29418 0.13174 -0.03330)
(-0.32548 0.19114 -0.10077)
(-0.24649 0.08301 0.03198)
(-0.20878 0.06218 0.04092)
(-0.02053 0.00278 0.01237)
(0.01620 -0.00127 -0.01158)
(-0.15297 0.05355 0.03452)
(-0.34761 0.27187 -0.23032)
(-0.37350 0.29293 -0.24912)
(-0.39981 0.31625 -0.26853)
(-0.50448 0.44006 -0.35147)
(-0.59353 0.54857 -0.42126)
(-0.63479 0.59644 -0.44347)
(-0.61391 0.59536 -0.44320)
(-0.66015 0.67754 -0.48399)
(-0.68787 0.76084 -0.52680)
(-0.67352 0.82288 -0.56605)
(-0.65715 0.87201 -0.60301)
(-0.63683 0.88091 -0.61487)
(-0.56843 0.86758 -0.66763)
(-0.49201 0.83497 -0.72794)
(-0.48029 0.81890 -0.74059)
(-0.47407 0.74689 -0.79365)
(-0.44435 0.70196 -0.82068)
(-0.49374 0.66573 -0.83793)
(-0.48750 0.63240 -0.84524)
(-0.50881 0.65898 -0.83547)
(-0.56708 0.62645 -0.84770)
(-0.58511 0.63240 -0.84753)
(-0.60304 0.63744 -0.84733)
(-0.67951 0.66716 -0.84370)
(-0.70194 0.67540 -0.85121)
(-0.69854 0.67417 -0.84934)
(-0.71068 0.68501 -0.82852)
(-0.71841 0.67082 -0.79595)
(-0.70261 0.66798 -0.78752)
(-0.67418 0.63800 -0.73995)
(-0.63213 0.60252 -0.68795)
(-0.62395 0.57904 -0.67470)
(-0.51261 0.43423 -0.45880)
(-0.46582 0.36562 -0.36853)
(-0.43872 0.33570 -0.32121)
(-0.41640 0.30426 -0.27155)
(-0.27659 0.16738 -0.08888)
(-0.25079 0.13030 -0.03836)
(-0.20953 0.08654 0.01826)
(-0.10734 0.03019 0.03935)
(-0.01257 0.00269 0.00608)
(-0.05012 0.00930 0.03073)
(-0.00933 0.00140 0.00629)
(-0.15540 0.14516 -0.07939)
(-0.16745 0.15085 -0.08985)
(-0.22805 0.19443 -0.13656)
(-0.34876 0.27411 -0.23218)
(-0.37170 0.29291 -0.24856)
(-0.36925 0.29220 -0.24783)
(-0.39720 0.31536 -0.26729)
(-0.52626 0.46409 -0.36903)
(-0.47988 0.39028 -0.32225)
(-0.57816 0.51325 -0.39569)
(-0.63448 0.57516 -0.43344)
(-0.70555 0.71378 -0.50195)
(-0.71671 0.73599 -0.51008)
(-0.68463 0.80102 -0.54716)
(-0.66407 0.86994 -0.59989)
(-0.64581 0.87670 -0.61137)
(-0.63531 0.87933 -0.61984)
(-0.59787 0.87022 -0.65198)
(-0.49883 0.83986 -0.72361)
(-0.48761 0.82540 -0.73512)
(-0.48363 0.77823 -0.78266)
(-0.46335 0.71280 -0.81567)
(-0.50470 0.67417 -0.83193)
(-0.51323 0.66641 -0.83465)
(-0.54692 0.64182 -0.84094)
(-0.58337 0.63320 -0.84638)
(-0.60072 0.63809 -0.84583)
(-0.59840 0.63857 -0.84487)
(-0.66726 0.66500 -0.83403)
(-0.67843 0.67661 -0.81429)
(-0.69239 0.68490 -0.80638)
(-0.70079 0.69130 -0.78683)
(-0.64534 0.62007 -0.70141)
(-0.62672 0.60330 -0.68523)
(-0.61461 0.58682 -0.67255)
(-0.51711 0.46630 -0.50385)
(-0.45851 0.36538 -0.36932)
(-0.43346 0.33660 -0.32463)
(-0.41157 0.30459 -0.27485)
(-0.35496 0.25991 -0.21119)
(-0.25434 0.15432 -0.07542)
(-0.16745 0.06041 0.03521)
(-0.04134 0.00842 0.02149)
(0.00834 -0.00104 -0.00530)
(-0.00295 0.00049 0.00173)
(-0.00964 0.04333 0.05446)
(-0.02004 0.05936 0.03989)
(-0.02206 0.05673 0.03434)
(-0.03698 0.07326 0.02040)
(-0.04517 0.07865 0.02273)
(-0.05555 0.08711 0.00773)
(-0.10224 0.11295 -0.03343)
(-0.14243 0.13876 -0.06826)
(-0.14325 0.14179 -0.06855)
(-0.15637 0.14850 -0.07993)
(-0.17016 0.15543 -0.09204)
(-0.24003 0.20843 -0.14742)
(-0.32766 0.26704 -0.21622)
(-0.36225 0.29113 -0.22798)
(-0.48309 0.39485 -0.31846)
(-0.58696 0.50737 -0.39805)
(-0.63423 0.57486 -0.44370)
(-0.70787 0.70355 -0.49730)
(-0.71559 0.72662 -0.50595)
(-0.70360 0.77348 -0.53000)
(-0.69424 0.81519 -0.55950)
(-0.65405 0.87417 -0.60759)
(-0.64215 0.87709 -0.61705)
(-0.61078 0.85271 -0.66935)
(-0.54354 0.84816 -0.70669)
(-0.52033 0.81704 -0.74723)
(-0.51236 0.78389 -0.77834)
(-0.48243 0.73497 -0.79971)
(-0.50612 0.68165 -0.83076)
(-0.51738 0.67398 -0.83393)
(-0.54115 0.65960 -0.83863)
(-0.58362 0.64585 -0.84206)
(-0.59138 0.64162 -0.84004)
(-0.63222 0.65509 -0.83224)
(-0.66952 0.67143 -0.81640)
(-0.66972 0.67663 -0.79773)
(-0.68949 0.68670 -0.79041)
(-0.69091 0.69258 -0.76848)
(-0.67796 0.67437 -0.75572)
(-0.66878 0.64474 -0.72939)
(-0.63041 0.61249 -0.69067)
(-0.61004 0.59440 -0.67277)
(-0.60652 0.58545 -0.66745)
(-0.53578 0.51292 -0.57622)
(-0.45323 0.38091 -0.40246)
(-0.43125 0.41324 -0.41529)
(-0.38451 0.32491 -0.31247)
(-0.28717 0.24858 -0.17421)
(-0.25254 0.16616 -0.09382)
(-0.21469 0.11648 -0.03117)
(-0.19464 0.09900 -0.01557)
(-0.10932 0.03440 0.03739)
(-0.02260 0.00487 0.01182)
(-0.00050 0.00248 0.00361)
(-0.00084 0.00649 0.00917)
(-0.01492 0.04746 0.04678)
(-0.02472 0.05840 0.04088)
(-0.03040 0.05784 0.04417)
(-0.04256 0.07187 0.03011)
(-0.05171 0.07965 0.02333)
(-0.06629 0.08641 0.01023)
(-0.09502 0.10708 -0.01384)
(-0.09695 0.10793 -0.01674)
(-0.15321 0.14904 -0.07048)
(-0.19441 0.17117 -0.09347)
(-0.22580 0.19516 -0.12581)
(-0.30518 0.24979 -0.18623)
(-0.34827 0.28360 -0.22451)
(-0.45640 0.36385 -0.29903)
(-0.48531 0.38787 -0.31794)
(-0.57676 0.48677 -0.39677)
(-0.64075 0.56234 -0.44116)
(-0.69297 0.65159 -0.48751)
(-0.69614 0.65510 -0.51032)
(-0.72439 0.76150 -0.54665)
(-0.69763 0.78070 -0.58281)
(-0.67214 0.84410 -0.61021)
(-0.65555 0.83245 -0.64080)
(-0.64834 0.82970 -0.66088)
(-0.57221 0.85358 -0.70233)
(-0.56512 0.82126 -0.72813)
(-0.55274 0.77778 -0.77471)
(-0.51927 0.74924 -0.79684)
(-0.53825 0.72143 -0.81143)
(-0.53971 0.69314 -0.82848)
(-0.53790 0.66089 -0.83819)
(-0.56841 0.65731 -0.83541)
(-0.59744 0.65528 -0.83999)
(-0.62398 0.65652 -0.82526)
(-0.66588 0.67278 -0.81565)
(-0.64157 0.65967 -0.78764)
(-0.67194 0.68150 -0.77975)
(-0.64017 0.66674 -0.72875)
(-0.61886 0.63818 -0.70224)
(-0.58184 0.59859 -0.65319)
(-0.49774 0.50669 -0.53803)
(-0.49374 0.54053 -0.55853)
(-0.44347 0.46275 -0.50303)
(-0.37205 0.40256 -0.38157)
(-0.33576 0.32651 -0.27394)
(-0.27985 0.27000 -0.18351)
(-0.22572 0.17022 -0.07473)
(-0.18643 0.14406 -0.05389)
(-0.09885 0.07026 0.01180)
(-0.04806 0.03434 0.00774)
(-0.01774 0.01263 0.00340)
(-0.00054 0.00173 0.00300)
(-0.01601 0.04164 0.03924)
(-0.02767 0.05524 0.04827)
(-0.03880 0.05743 0.04699)
(-0.04093 0.05929 0.04505)
(-0.04524 0.06293 0.04124)
(-0.06138 0.08619 0.01842)
(-0.05630 0.07169 0.03332)
(-0.09558 0.10800 -0.00826)
(-0.11875 0.12393 -0.02996)
(-0.15418 0.14066 -0.05039)
(-0.18621 0.16233 -0.06404)
(-0.25152 0.20824 -0.12872)
(-0.31875 0.26239 -0.19588)
(-0.35425 0.28658 -0.20758)
(-0.43929 0.34983 -0.28418)
(-0.50947 0.40569 -0.30943)
(-0.57773 0.46529 -0.38221)
(-0.65514 0.58801 -0.45750)
(-0.68845 0.63138 -0.53327)
(-0.70759 0.70284 -0.55160)
(-0.69797 0.73228 -0.57122)
(-0.70118 0.80829 -0.60446)
(-0.70319 0.75652 -0.59470)
(-0.68342 0.81965 -0.62996)
(-0.66496 0.80791 -0.66265)
(-0.58212 0.84777 -0.70212)
(-0.58881 0.81325 -0.72181)
(-0.59123 0.74956 -0.77458)
(-0.55431 0.74608 -0.79360)
(-0.59125 0.73655 -0.78428)
(-0.55012 0.72582 -0.81008)
(-0.56575 0.70140 -0.82474)
(-0.56301 0.68025 -0.83464)
(-0.55960 0.67455 -0.83723)
(-0.58166 0.66678 -0.83508)
(-0.59687 0.65912 -0.83713)
(-0.58687 0.64508 -0.81221)
(-0.61021 0.65344 -0.82656)
(-0.61359 0.65090 -0.79975)
(-0.63279 0.65981 -0.78241)
(-0.63152 0.65860 -0.76253)
(-0.61235 0.65065 -0.76017)
(-0.58818 0.63769 -0.71478)
(-0.58313 0.63766 -0.69126)
(-0.55903 0.60953 -0.64168)
(-0.47745 0.54423 -0.54237)
(-0.42637 0.46385 -0.47299)
(-0.42447 0.50472 -0.48944)
(-0.37639 0.42829 -0.40255)
(-0.22847 0.30580 -0.20591)
(-0.26157 0.29968 -0.21506)
(-0.19698 0.25762 -0.14492)
(-0.18329 0.17046 -0.07511)
(-0.16548 0.15043 -0.05631)
(-0.18742 0.24942 -0.13386)
(-0.12549 0.11560 -0.03875)
(-0.01836 0.01772 0.00441)
(-0.00020 0.00049 0.00087)
(-0.01923 0.03409 0.03339)
(-0.03062 0.04250 0.03719)
(-0.04450 0.06035 0.04456)
(-0.05074 0.06612 0.03871)
(-0.05049 0.06351 0.04165)
(-0.05593 0.06857 0.03673)
(-0.10038 0.10653 -0.00600)
(-0.16120 0.15098 -0.03908)
(-0.18119 0.15743 -0.04707)
(-0.25008 0.21114 -0.10859)
(-0.29955 0.24359 -0.12981)
(-0.33683 0.26829 -0.16633)
(-0.42506 0.34008 -0.24904)
(-0.51216 0.40350 -0.30726)
(-0.53938 0.42834 -0.33350)
(-0.55500 0.44124 -0.34486)
(-0.64199 0.56894 -0.44604)
(-0.68502 0.61711 -0.53064)
(-0.69120 0.64342 -0.54415)
(-0.69584 0.66644 -0.56150)
(-0.69415 0.70800 -0.60402)
(-0.69798 0.74751 -0.63638)
(-0.67733 0.74561 -0.67226)
(-0.64633 0.78760 -0.69289)
(-0.62917 0.76529 -0.71685)
(-0.60284 0.74051 -0.77491)
(-0.60302 0.73106 -0.78132)
(-0.59181 0.72912 -0.79145)
(-0.58804 0.70092 -0.81250)
(-0.56767 0.68339 -0.82896)
(-0.56797 0.67139 -0.83361)
(-0.58414 0.65629 -0.82435)
(-0.59150 0.65517 -0.80960)
(-0.58101 0.63778 -0.78070)
(-0.57835 0.63569 -0.77156)
(-0.59285 0.64102 -0.75266)
(-0.57576 0.63140 -0.70900)
(-0.56418 0.62581 -0.69421)
(-0.52537 0.60302 -0.61520)
(-0.51662 0.59484 -0.62454)
(-0.50253 0.57390 -0.58618)
(-0.34303 0.46823 -0.40296)
(-0.36626 0.44107 -0.39844)
(-0.32328 0.45190 -0.37723)
(-0.25504 0.34294 -0.24802)
(-0.19875 0.29013 -0.17228)
(-0.18743 0.26601 -0.14785)
(-0.15283 0.17724 -0.07488)
(-0.10958 0.11894 -0.04728)
(-0.16017 0.23617 -0.12151)
(-0.02559 0.03096 -0.00219)
(-0.00500 0.00615 -0.00034)
(0.00025 -0.00057 -0.00132)
(-0.01392 0.01943 0.02029)
(-0.02073 0.02701 0.03062)
(-0.04552 0.05854 0.04661)
(-0.05258 0.06218 0.04296)
(-0.10121 0.10637 0.01946)
(-0.14015 0.13126 -0.01205)
(-0.16183 0.14108 -0.02114)
(-0.27845 0.23149 -0.09367)
(-0.29075 0.23783 -0.09590)
(-0.30900 0.25053 -0.11092)
(-0.38978 0.30481 -0.20655)
(-0.50530 0.39539 -0.29137)
(-0.52920 0.41711 -0.31854)
(-0.54327 0.42860 -0.33040)
(-0.63657 0.54119 -0.44388)
(-0.68508 0.62249 -0.54022)
(-0.67457 0.61375 -0.55074)
(-0.68398 0.63741 -0.58714)
(-0.68839 0.69934 -0.62902)
(-0.66891 0.68361 -0.65938)
(-0.66548 0.73470 -0.69453)
(-0.66167 0.73118 -0.70353)
(-0.64414 0.70974 -0.74706)
(-0.61227 0.71953 -0.77817)
(-0.60195 0.72382 -0.78725)
(-0.59176 0.68779 -0.79858)
(-0.59333 0.68135 -0.80605)
(-0.56708 0.66174 -0.81330)
(-0.58374 0.65705 -0.80711)
(-0.58033 0.65214 -0.80792)
(-0.57932 0.64144 -0.80513)
(-0.56026 0.62780 -0.77490)
(-0.56994 0.63273 -0.77796)
(-0.56509 0.62889 -0.76728)
(-0.55669 0.62345 -0.75385)
(-0.52201 0.60262 -0.68567)
(-0.56086 0.62300 -0.70146)
(-0.54906 0.61687 -0.68614)
(-0.47571 0.57177 -0.59845)
(-0.45499 0.55617 -0.54855)
(-0.43655 0.54598 -0.53233)
(-0.33391 0.46682 -0.39471)
(-0.31390 0.45048 -0.36785)
(-0.28795 0.40724 -0.31022)
(-0.29449 0.43482 -0.34166)
(-0.19582 0.29948 -0.17581)
(-0.18517 0.27832 -0.15590)
(-0.18201 0.28784 -0.15984)
(-0.14112 0.22433 -0.11485)
(-0.07740 0.11770 -0.05296)
(-0.00944 0.01650 -0.00348)
(0.00483 -0.00923 0.00175)
(0.00180 -0.00272 -0.00586)
(-0.00056 0.00095 0.00216)
(-0.01244 0.01702 0.02556)
(-0.04052 0.05164 0.05381)
(-0.05977 0.06307 0.05144)
(-0.09539 0.09468 0.02877)
(-0.11081 0.10005 0.02631)
(-0.13138 0.11627 0.01312)
(-0.18913 0.15672 -0.02299)
(-0.26948 0.22243 -0.08013)
(-0.28245 0.23079 -0.08310)
(-0.30280 0.24499 -0.09736)
(-0.33179 0.26134 -0.10216)
(-0.36203 0.28016 -0.16811)
(-0.39554 0.30072 -0.18353)
(-0.51751 0.40554 -0.29925)
(-0.52977 0.41566 -0.31087)
(-0.57618 0.45355 -0.35356)
(-0.61062 0.49286 -0.42550)
(-0.65989 0.57190 -0.51949)
(-0.60015 0.50236 -0.42338)
(-0.66837 0.58768 -0.54514)
(-0.67145 0.61704 -0.56110)
(-0.67842 0.63899 -0.60559)
(-0.65754 0.62330 -0.62871)
(-0.66959 0.71425 -0.69435)
(-0.66635 0.71257 -0.70205)
(-0.65329 0.68811 -0.72876)
(-0.62822 0.65906 -0.74655)
(-0.61022 0.71463 -0.78267)
(-0.62858 0.64703 -0.76153)
(-0.60892 0.68257 -0.79023)
(-0.60585 0.66302 -0.79937)
(-0.58949 0.64143 -0.79945)
(-0.57874 0.64927 -0.80338)
(-0.57263 0.64397 -0.80061)
(-0.53872 0.60841 -0.76932)
(-0.51452 0.59342 -0.74654)
(-0.55451 0.62291 -0.76365)
(-0.54392 0.61566 -0.74782)
(-0.46446 0.56110 -0.65146)
(-0.47478 0.56617 -0.63770)
(-0.42782 0.53644 -0.56468)
(-0.39571 0.51920 -0.50766)
(-0.33467 0.47681 -0.41352)
(-0.30073 0.45625 -0.38788)
(-0.30644 0.44797 -0.36188)
(-0.28757 0.43199 -0.33544)
(-0.18337 0.33479 -0.20646)
(-0.19376 0.33485 -0.20653)
(-0.15267 0.29156 -0.15271)
(-0.16363 0.27170 -0.14035)
(-0.04034 0.08000 -0.02802)
(-0.03259 0.08411 -0.02620)
(-0.00057 0.00138 -0.00034)
(0.00244 -0.00415 -0.00962)
(-0.02441 0.03074 0.04022)
(-0.04625 0.05110 0.05708)
(0.00190 -0.00303 -0.00887)
(-0.00303 0.00462 0.01216)
(-0.05208 0.05762 0.06193)
(-0.05986 0.06254 0.05787)
(-0.06758 0.06796 0.05078)
(-0.07127 0.06956 0.05853)
(-0.12622 0.11035 0.02108)
(-0.17051 0.14209 0.00403)
(-0.21374 0.17660 -0.03195)
(-0.17011 0.14376 0.01120)
(-0.20971 0.17422 -0.02190)
(-0.29556 0.23994 -0.08553)
(-0.28986 0.22314 -0.06363)
(-0.36906 0.28305 -0.14363)
(-0.43794 0.34228 -0.20728)
(-0.39179 0.30943 -0.14005)
(-0.45451 0.36497 -0.21583)
(-0.48312 0.39210 -0.26197)
(-0.55931 0.45689 -0.36883)
(-0.58122 0.46832 -0.40105)
(-0.60339 0.51632 -0.44666)
(-0.58693 0.53067 -0.46463)
(-0.65910 0.61095 -0.57381)
(-0.63588 0.59797 -0.60292)
(-0.67155 0.68256 -0.68610)
(-0.65177 0.67682 -0.67680)
(-0.64808 0.65914 -0.71323)
(-0.64254 0.61075 -0.73125)
(-0.64010 0.61014 -0.73392)
(-0.61358 0.63376 -0.76846)
(-0.60499 0.64113 -0.78373)
(-0.57229 0.60119 -0.77280)
(-0.55224 0.59833 -0.77859)
(-0.57157 0.63147 -0.79996)
(-0.56902 0.63567 -0.80386)
(-0.52058 0.58722 -0.76193)
(-0.50258 0.57469 -0.75214)
(-0.44913 0.53523 -0.68778)
(-0.49644 0.58129 -0.72246)
(-0.45095 0.55209 -0.65552)
(-0.38720 0.51288 -0.57959)
(-0.37490 0.49826 -0.54628)
(-0.39129 0.51097 -0.54076)
(-0.35626 0.48780 -0.46691)
(-0.34476 0.47760 -0.47545)
(-0.29338 0.44556 -0.38850)
(-0.29576 0.44733 -0.36333)
(-0.26524 0.42139 -0.34608)
(-0.22395 0.38382 -0.27851)
(-0.28289 0.42949 -0.33262)
(-0.21149 0.36430 -0.24228)
(-0.15358 0.30253 -0.16451)
(-0.10959 0.27276 -0.10538)
(-0.10933 0.25586 -0.09687)
(-0.03549 0.09389 -0.02820)
(0.00234 -0.00676 0.00189)
(-0.00355 0.00987 -0.00276)
(-0.00234 0.00301 0.00588)
(-0.02356 0.02620 0.04285)
(-0.02967 0.03285 0.05339)
(-0.04980 0.05167 0.07560)
(-0.05782 0.05774 0.07453)
(-0.14427 0.12576 0.02119)
(-0.13222 0.10897 0.04065)
(-0.19086 0.15590 0.01508)
(-0.19564 0.15085 0.01607)
(-0.30520 0.24386 -0.07045)
(-0.32603 0.26245 -0.08034)
(-0.38991 0.31267 -0.14814)
(-0.36364 0.30804 -0.14527)
(-0.48211 0.39949 -0.27115)
(-0.44661 0.38627 -0.26518)
(-0.55250 0.46813 -0.38778)
(-0.52968 0.47027 -0.42722)
(-0.54407 0.48470 -0.46180)
(-0.54385 0.48741 -0.46931)
(-0.63698 0.59891 -0.61075)
(-0.57781 0.51856 -0.54198)
(-0.62688 0.58587 -0.65329)
(-0.63134 0.60278 -0.67795)
(-0.62341 0.58748 -0.69195)
(-0.60215 0.57271 -0.68699)
(-0.58940 0.55046 -0.70776)
(-0.61401 0.60474 -0.74845)
(-0.57594 0.56832 -0.74720)
(-0.56793 0.57242 -0.75574)
(-0.55251 0.55773 -0.75077)
(-0.51141 0.54195 -0.75870)
(-0.52066 0.56311 -0.76916)
(-0.51042 0.56017 -0.75689)
(-0.48186 0.54010 -0.71974)
(-0.45830 0.53391 -0.69793)
(-0.40226 0.49401 -0.63552)
(-0.43787 0.52678 -0.65103)
(-0.39163 0.49632 -0.58811)
(-0.36981 0.48842 -0.55206)
(-0.30251 0.43787 -0.44371)
(-0.23890 0.38473 -0.36774)
(-0.28101 0.42559 -0.39966)
(-0.25991 0.41459 -0.34325)
(-0.20761 0.37362 -0.27214)
(-0.16036 0.32883 -0.20080)
(-0.13109 0.28922 -0.13718)
(-0.14186 0.29577 -0.15761)
(-0.10632 0.26479 -0.10257)
(-0.10209 0.25787 -0.09709)
(-0.06967 0.18318 -0.06414)
(-0.02401 0.07146 -0.02099)
(0.00097 -0.00389 0.00070)
(0.00785 -0.02234 0.00606)
(-0.00312 0.00366 0.00647)
(-0.01459 0.01669 0.02848)
(-0.02034 0.02329 0.03826)
(-0.04850 0.05223 0.07791)
(-0.05662 0.05862 0.07748)
(-0.09445 0.08683 0.05987)
(-0.05252 0.05592 0.07870)
(-0.10920 0.09900 0.05877)
(-0.14772 0.12190 0.03910)
(-0.17766 0.13879 0.02653)
(-0.15523 0.12859 0.03521)
(-0.18230 0.14275 0.02515)
(-0.22747 0.18662 -0.00484)
(-0.25106 0.21157 -0.03862)
(-0.30907 0.26122 -0.07755)
(-0.33370 0.29964 -0.12861)
(-0.36073 0.32128 -0.16084)
(-0.35926 0.32394 -0.16609)
(-0.45862 0.40120 -0.29578)
(-0.50827 0.45743 -0.39963)
(-0.52503 0.47168 -0.43167)
(-0.52181 0.47258 -0.43626)
(-0.52909 0.47995 -0.45512)
(-0.60148 0.54424 -0.61708)
(-0.59985 0.54663 -0.63692)
(-0.58159 0.52286 -0.63708)
(-0.57071 0.51450 -0.63458)
(-0.56040 0.51601 -0.65942)
(-0.54742 0.51475 -0.69970)
(-0.54037 0.51147 -0.70193)
(-0.53462 0.50790 -0.70351)
(-0.51043 0.52249 -0.73438)
(-0.49933 0.53141 -0.75242)
(-0.47445 0.51914 -0.72266)
(-0.41693 0.47719 -0.65758)
(-0.39723 0.46928 -0.62309)
(-0.32210 0.40792 -0.52371)
(-0.35381 0.45127 -0.56767)
(-0.31000 0.40037 -0.50537)
(-0.30770 0.40892 -0.49186)
(-0.28458 0.42099 -0.44302)
(-0.23758 0.38077 -0.37200)
(-0.22556 0.37073 -0.35047)
(-0.22619 0.37437 -0.34473)
(-0.21346 0.36073 -0.32890)
(-0.19722 0.34932 -0.28435)
(-0.16896 0.32055 -0.20450)
(-0.13347 0.26969 -0.15552)
(-0.14111 0.28922 -0.15504)
(-0.12675 0.28327 -0.14004)
(-0.08701 0.22963 -0.09004)
(-0.06131 0.16839 -0.05988)
(-0.03848 0.11481 -0.03184)
(-0.00349 0.01513 -0.00226)
(0.00102 -0.00771 -0.00020)
(-0.00507 0.00601 0.01036)
(-0.00453 0.00544 0.00929)
(-0.03131 0.03541 0.05564)
(-0.05019 0.05527 0.08170)
(-0.10120 0.09335 0.06177)
(-0.08719 0.08875 0.06398)
(-0.09552 0.09470 0.06008)
(-0.12244 0.11366 0.04696)
(-0.17160 0.15749 0.01484)
(-0.15645 0.15680 0.02339)
(-0.25458 0.22766 -0.04397)
(-0.28423 0.26195 -0.09139)
(-0.33066 0.30136 -0.13482)
(-0.32918 0.30407 -0.13996)
(-0.35585 0.32538 -0.16787)
(-0.38056 0.35654 -0.23495)
(-0.50076 0.45579 -0.39879)
(-0.49456 0.45439 -0.39939)
(-0.47520 0.44617 -0.39933)
(-0.53298 0.48782 -0.51642)
(-0.54958 0.49997 -0.56108)
(-0.52265 0.46763 -0.55159)
(-0.51973 0.46441 -0.55835)
(-0.51570 0.45973 -0.56189)
(-0.53669 0.49964 -0.68548)
(-0.50050 0.46578 -0.61431)
(-0.52961 0.49527 -0.68711)
(-0.52298 0.49123 -0.69007)
(-0.48238 0.47417 -0.68860)
(-0.43838 0.43423 -0.64271)
(-0.44284 0.44538 -0.66494)
(-0.48690 0.52192 -0.74616)
(-0.42197 0.46054 -0.66679)
(-0.38151 0.39692 -0.59808)
(-0.39880 0.45648 -0.63993)
(-0.31850 0.39920 -0.52415)
(-0.30701 0.39163 -0.50501)
(-0.29608 0.38533 -0.48777)
(-0.26897 0.36578 -0.44541)
(-0.23481 0.37610 -0.37395)
(-0.22467 0.36704 -0.35565)
(-0.21845 0.34693 -0.35308)
(-0.21367 0.35800 -0.33575)
(-0.15872 0.29933 -0.20824)
(-0.17250 0.30967 -0.26665)
(-0.14131 0.27186 -0.18254)
(-0.11565 0.24019 -0.13121)
(-0.12589 0.25593 -0.15942)
(-0.07927 0.18517 -0.06627)
(-0.07322 0.17613 -0.05575)
(-0.01867 0.06457 -0.01538)
(-0.02359 0.05794 -0.01646)
(-0.00295 0.01049 -0.00230)
(-0.02530 0.02911 0.04636)
(-0.00604 0.00727 0.01228)
(-0.01768 0.02605 0.04804)
(-0.05662 0.06314 0.08097)
(-0.07695 0.08387 0.07678)
(-0.09700 0.09809 0.06500)
(-0.10744 0.10970 0.05536)
(-0.13932 0.14366 0.03260)
(-0.13720 0.14319 0.03130)
(-0.17566 0.17143 0.01318)
(-0.18150 0.18532 -0.00554)
(-0.30034 0.28203 -0.11538)
(-0.31847 0.30742 -0.15113)
(-0.39153 0.37775 -0.27260)
(-0.34163 0.34998 -0.23548)
(-0.40131 0.39398 -0.30307)
(-0.49895 0.46325 -0.46698)
(-0.49819 0.46435 -0.47473)
(-0.49645 0.45081 -0.50928)
(-0.50251 0.45061 -0.53186)
(-0.49899 0.44533 -0.53809)
(-0.46691 0.42376 -0.56072)
(-0.51586 0.47767 -0.66766)
(-0.43845 0.39593 -0.54599)
(-0.44895 0.40507 -0.58344)
(-0.51027 0.47444 -0.67262)
(-0.45981 0.42334 -0.62777)
(-0.42987 0.40399 -0.62723)
(-0.40080 0.38202 -0.60537)
(-0.37987 0.37313 -0.58251)
(-0.35059 0.36188 -0.55118)
(-0.36544 0.39747 -0.58762)
(-0.32467 0.35682 -0.53090)
(-0.31734 0.37946 -0.53847)
(-0.30418 0.38290 -0.50531)
(-0.29262 0.37245 -0.48652)
(-0.28123 0.36310 -0.46896)
(-0.28225 0.37065 -0.46927)
(-0.23569 0.33360 -0.40169)
(-0.19143 0.30351 -0.31140)
(-0.21287 0.35403 -0.34136)
(-0.16807 0.29006 -0.27142)
(-0.16267 0.28466 -0.24712)
(-0.14291 0.26823 -0.19320)
(-0.10961 0.23139 -0.15917)
(-0.09245 0.20821 -0.10376)
(-0.06244 0.14757 -0.04980)
(-0.05567 0.13044 -0.05311)
(-0.04727 0.11233 -0.03673)
(-0.01222 0.02943 -0.00886)
(-0.00408 0.01011 -0.00273)
(-0.00017 0.00031 0.00065)
(-0.00490 0.00862 0.01732)
(-0.00146 0.00207 0.00343)
(-0.03415 0.04183 0.06375)
(-0.09048 0.09768 0.06536)
(-0.02040 0.03380 0.04872)
(-0.05292 0.07045 0.08167)
(-0.08019 0.09609 0.06379)
(-0.12544 0.13447 0.03655)
(-0.10131 0.11465 0.03808)
(-0.12756 0.13255 0.03368)
(-0.11769 0.13470 0.01985)
(-0.16896 0.18200 -0.01176)
(-0.15823 0.18348 -0.01711)
(-0.21493 0.23441 -0.07317)
(-0.21410 0.24064 -0.07744)
(-0.27727 0.30272 -0.14522)
(-0.27499 0.30338 -0.14335)
(-0.29254 0.31759 -0.17730)
(-0.41208 0.40513 -0.34675)
(-0.33009 0.34659 -0.24533)
(-0.41552 0.40866 -0.37688)
(-0.42230 0.40152 -0.39994)
(-0.41895 0.39437 -0.41473)
(-0.45042 0.40302 -0.47470)
(-0.40371 0.36831 -0.44454)
(-0.37735 0.33405 -0.43978)
(-0.36045 0.31575 -0.44921)
(-0.35019 0.30561 -0.45720)
(-0.38648 0.34092 -0.52035)
(-0.38438 0.34872 -0.56976)
(-0.34716 0.30418 -0.46823)
(-0.36586 0.33497 -0.57960)
(-0.35531 0.33494 -0.53934)
(-0.31044 0.31416 -0.49545)
(-0.32206 0.33645 -0.51572)
(-0.25842 0.29636 -0.44459)
(-0.24994 0.29063 -0.43026)
(-0.24578 0.31067 -0.42219)
(-0.19691 0.27432 -0.36344)
(-0.20284 0.29199 -0.35161)
(-0.17181 0.27369 -0.30464)
(-0.14726 0.25096 -0.28098)
(-0.15274 0.26255 -0.26816)
(-0.12723 0.24332 -0.22178)
(-0.10712 0.21809 -0.18326)
(-0.10927 0.21903 -0.15302)
(-0.08759 0.20098 -0.12537)
(-0.05493 0.12354 -0.07634)
(-0.05316 0.12599 -0.07202)
(-0.01277 0.03217 -0.01782)
(-0.00971 0.02483 -0.00911)
(0.00461 -0.00942 -0.01640)
(-0.00055 0.00100 0.00171)
(-0.03482 0.05273 0.06233)
(0.00022 -0.00060 -0.00102)
(-0.00547 0.01380 0.02284)
(-0.02217 0.04960 0.07145)
(-0.03109 0.05920 0.07596)
(-0.05815 0.08843 0.05104)
(-0.02558 0.05726 0.07430)
(-0.02957 0.06034 0.07248)
(-0.08464 0.11585 0.02703)
(-0.09771 0.13728 0.01077)
(-0.13788 0.17770 -0.01493)
(-0.13139 0.17619 -0.01592)
(-0.22206 0.25735 -0.10804)
(-0.20109 0.24033 -0.09185)
(-0.20224 0.24926 -0.10526)
(-0.20388 0.25025 -0.11151)
(-0.29590 0.31915 -0.22066)
(-0.20890 0.25290 -0.12028)
(-0.35421 0.35092 -0.31206)
(-0.35729 0.34831 -0.32751)
(-0.32254 0.31102 -0.30587)
(-0.33413 0.31270 -0.34584)
(-0.32148 0.29310 -0.35947)
(-0.33239 0.29074 -0.39707)
(-0.30268 0.25622 -0.36625)
(-0.26642 0.22218 -0.34791)
(-0.21244 0.16759 -0.29046)
(-0.33655 0.30441 -0.50840)
(-0.31125 0.28141 -0.47829)
(-0.22448 0.18924 -0.33061)
(-0.23588 0.20278 -0.36462)
(-0.26063 0.24515 -0.41493)
(-0.22996 0.22429 -0.37557)
(-0.19192 0.17993 -0.32315)
(-0.18583 0.17982 -0.31798)
(-0.20759 0.21105 -0.35459)
(-0.24367 0.27866 -0.41858)
(-0.20944 0.22861 -0.36318)
(-0.18759 0.23373 -0.34277)
(-0.18879 0.25342 -0.35779)
(-0.15617 0.21224 -0.30149)
(-0.15651 0.21864 -0.27906)
(-0.13671 0.22764 -0.25827)
(-0.14511 0.24557 -0.27207)
(-0.10948 0.19866 -0.20894)
(-0.11230 0.21415 -0.20956)
(-0.06194 0.15013 -0.11976)
(-0.03937 0.10215 -0.09038)
(-0.02159 0.05987 -0.04927)
(-0.01618 0.04241 -0.03029)
(-0.00599 0.01540 -0.00973)
(0.00133 -0.00364 0.00165)
(0.00441 -0.01229 0.00769)
(0.00368 -0.01006 0.00454)
(0.00244 -0.00709 -0.01232)
(-0.00094 0.00278 0.00457)
(-0.01014 0.02584 0.03995)
(0.00169 -0.00719 -0.01295)
(-0.00545 0.01654 0.02550)
(-0.01748 0.04422 0.06231)
(-0.02508 0.06513 0.06391)
(-0.01417 0.04040 0.05573)
(-0.02007 0.05276 0.06914)
(-0.04094 0.08943 0.04191)
(-0.05461 0.10313 0.03132)
(-0.07250 0.12930 0.01937)
(-0.11979 0.17435 -0.01503)
(-0.08183 0.14640 0.00517)
(-0.13627 0.19784 -0.05246)
(-0.18072 0.23163 -0.08807)
(-0.18424 0.23330 -0.09332)
(-0.18867 0.23512 -0.09903)
(-0.21391 0.25481 -0.12708)
(-0.28596 0.30185 -0.23325)
(-0.26874 0.27734 -0.23104)
(-0.28141 0.28203 -0.26532)
(-0.27364 0.25867 -0.27185)
(-0.24225 0.22318 -0.27074)
(-0.22807 0.20276 -0.26420)
(-0.19429 0.15740 -0.24606)
(-0.16969 0.13137 -0.21875)
(-0.16863 0.12896 -0.22255)
(-0.18115 0.14897 -0.25799)
(-0.18084 0.16418 -0.29946)
(-0.17615 0.16408 -0.29557)
(-0.16238 0.15070 -0.27335)
(-0.16704 0.16095 -0.28663)
(-0.16687 0.16937 -0.29617)
(-0.13602 0.15447 -0.24399)
(-0.11401 0.13098 -0.20522)
(-0.12238 0.15760 -0.23487)
(-0.14173 0.19046 -0.25897)
(-0.10881 0.15201 -0.20209)
(-0.10301 0.15652 -0.19326)
(-0.09932 0.16227 -0.18728)
(-0.09911 0.17857 -0.20293)
(-0.05261 0.11140 -0.12083)
(-0.01916 0.05143 -0.04661)
(-0.00890 0.02481 -0.02136)
(0.00028 -0.00080 0.00065)
(0.00318 -0.00925 0.00788)
(0.00407 -0.01195 0.00970)
(0.00004 -0.00014 -0.00022)
(0.00019 -0.00170 -0.00280)
(-0.00288 0.01052 0.01620)
(-0.00642 0.04305 0.05026)
(0.00470 0.01486 0.02319)
(-0.02035 0.07603 0.04360)
(-0.04263 0.09507 0.03762)
(-0.05649 0.12107 0.02207)
(-0.02998 0.09405 0.04031)
(-0.05643 0.12231 0.02264)
(-0.06284 0.12890 0.01851)
(-0.06626 0.13318 0.01801)
(-0.10307 0.16267 -0.01243)
(-0.16079 0.21362 -0.06879)
(-0.16537 0.21613 -0.07397)
(-0.16808 0.21655 -0.07706)
(-0.19162 0.23522 -0.10244)
(-0.20168 0.22546 -0.13686)
(-0.18609 0.20946 -0.14405)
(-0.19485 0.20728 -0.17710)
(-0.17313 0.17686 -0.16690)
(-0.17297 0.15553 -0.18484)
(-0.17200 0.15306 -0.19089)
(-0.15160 0.11615 -0.18756)
(-0.15012 0.11290 -0.18947)
(-0.13279 0.09643 -0.16417)
(-0.14036 0.10101 -0.17720)
(-0.13951 0.10658 -0.19006)
(-0.16394 0.14732 -0.27096)
(-0.10788 0.07583 -0.15301)
(-0.14774 0.13128 -0.24540)
(-0.14912 0.13820 -0.25340)
(-0.10748 0.10509 -0.18688)
(-0.09531 0.10228 -0.17221)
(-0.10190 0.11967 -0.18739)
(-0.09405 0.11236 -0.17607)
(-0.06371 0.08968 -0.11737)
(-0.06819 0.09933 -0.12480)
(-0.05873 0.08831 -0.10944)
(-0.03240 0.05017 -0.06140)
(-0.01691 0.02767 -0.03256)
(-0.00801 0.01913 -0.01994)
(-0.00046 0.00131 -0.00116)
(0.00250 -0.00766 0.00731)
(0.00329 -0.00956 0.00848)
(0.00121 0.00336 0.00547)
(0.00214 0.00947 0.01226)
(0.00485 0.02654 0.03261)
(0.00360 0.01149 0.01353)
(-0.01576 0.05789 0.02917)
(-0.04097 0.10021 0.02719)
(-0.01069 0.03480 0.01555)
(-0.02690 0.06616 0.01899)
(-0.05114 0.11758 0.02758)
(-0.05500 0.12230 0.02758)
(-0.07820 0.14396 0.01151)
(-0.06051 0.12348 0.03100)
(-0.10177 0.16152 -0.00578)
(-0.15255 0.20480 -0.06028)
(-0.08379 0.15092 -0.00278)
(-0.07746 0.14424 -0.00249)
(-0.13147 0.17704 -0.05526)
(-0.14623 0.18284 -0.08823)
(-0.09179 0.13645 -0.03568)
(-0.11091 0.14247 -0.06789)
(-0.11000 0.12416 -0.07970)
(-0.09846 0.11632 -0.06664)
(-0.09680 0.11011 -0.07065)
(-0.10531 0.11033 -0.08108)
(-0.11423 0.11226 -0.09969)
(-0.12704 0.10215 -0.14274)
(-0.07120 0.06607 -0.06206)
(-0.12528 0.09275 -0.15112)
(-0.11833 0.08341 -0.14342)
(-0.08699 0.05033 -0.10395)
(-0.06377 0.03167 -0.09151)
(-0.08050 0.06044 -0.13683)
(-0.03138 0.00212 -0.05090)
(-0.02857 0.01107 -0.05355)
(-0.05247 0.03780 -0.09257)
(-0.05824 0.04291 -0.09464)
(-0.03621 0.02649 -0.06323)
(-0.02515 0.03070 -0.05878)
(-0.04240 0.06157 -0.09413)
(-0.04210 0.06171 -0.07933)
(-0.00812 0.01442 -0.02118)
(-0.01116 0.01700 -0.02134)
(-0.00855 0.01369 -0.01651)
(0.00170 -0.00285 0.00332)
(0.00075 0.00223 0.00269)
(0.00244 0.00729 0.00761)
(-0.00057 0.01019 0.00683)
(0.00030 0.00524 0.00398)
(-0.00141 0.01285 0.00970)
(-0.02816 0.07324 0.02787)
(-0.03916 0.09825 0.02705)
(-0.00338 0.02094 0.01828)
(-0.01158 0.04427 0.02335)
(-0.03605 0.08076 0.01242)
(-0.04402 0.11356 0.01425)
(-0.02469 0.06958 0.01133)
(-0.05250 0.11496 0.01059)
(-0.06471 0.11887 0.00177)
(-0.02807 0.09428 0.01166)
(-0.04105 0.08858 0.01078)
(-0.06727 0.10103 -0.03945)
(-0.07364 0.09196 -0.05240)
(-0.02336 0.05675 -0.01819)
(-0.01897 0.04169 -0.01356)
(-0.02705 0.04139 -0.02680)
(-0.01477 0.03127 -0.01377)
(0.02156 -0.00556 0.01732)
(-0.05383 0.04352 -0.05745)
(-0.01559 0.00719 -0.01022)
(0.01104 -0.00791 0.00796)
(-0.00910 -0.01335 0.00119)
(0.01017 -0.03504 0.02009)
(-0.00641 -0.01146 -0.01204)
(0.00351 -0.01123 0.00620)
(0.00304 -0.00983 0.00445)
(-0.00138 -0.00078 -0.00463)
(-0.00562 0.00176 -0.01055)
(-0.00003 0.00005 0.00026)
(-0.00045 0.00127 -0.00315)
(-0.00073 0.00138 -0.00228)
(-0.00056 -0.01412 -0.01175)
(0.00178 -0.01278 -0.01155)
(-0.00012 0.01239 0.00980)
(-0.00023 -0.01091 -0.00889)
(-0.00042 -0.00393 -0.00310)
(-0.01219 0.03701 0.00696)
(0.00170 0.02986 0.01380)
(-0.00025 -0.00038 -0.00038)
(-0.00016 -0.00031 -0.00025)
(-0.00223 0.03103 0.00917)
(-0.00412 0.04772 0.01448)
(0.00452 0.00761 0.00652)
(0.01885 0.01263 0.01632)
(0.03151 0.01755 0.02697)
(0.01215 0.00582 0.00983)
(0.01476 0.00636 0.01383)
(0.01983 -0.00464 0.01757)
(0.01688 -0.00523 0.01396)
(0.00302 -0.00089 0.00270)
(0.00413 -0.00149 0.00314)
(-0.00076 0.00046 -0.00059)
(0.00862 -0.00587 0.00639)
(0.00706 -0.00714 0.00596)
(-0.00507 0.00451 -0.00406)
(-0.00142 0.00209 -0.00164)
(-0.00297 0.00299 -0.00295)
(-0.00115 0.00211 0.00053)
(0.00258 0.00155 0.00211)
(0.00452 0.00207 0.00359)
(0.00486 0.00083 0.00348)
(-0.00210 0.00072 -0.00181)
)