/*--------------------------------*- C++ -*----------------------------------*\ 
| =========                 |                                                 | 
| \\      /  F ield         | OpenFOAM: The Open Source CFD Toolbox           | 
|  \\    /   O peration     | Version:  4.0                                   | 
|   \\  /    A nd           | Web:      www.OpenFOAM.org                      | 
|    \\/     M anipulation  |                                                 | 
\*---------------------------------------------------------------------------*/ 
FoamFile 
{ 
    version     2.0; 
    format      ascii; 
    class       vectorAverageField; 
    object      values; 
} 
// * * * * * * * * * * * * * * * * * * * * * * * * * * * * * * * * * * * * * // 
 
// Average 
(0 0 0) 
 
// Velocity data on points 
2447
(
(0.00277 0.00065 -0.00020)
(-0.00182 0.00020 -0.00111)
(-0.00390 0.00092 -0.00598)
(-0.00061 0.00008 -0.00219)
(-0.00004 0.00009 0.00449)
(-0.00420 0.00223 -0.02308)
(0.00025 -0.00007 -0.00839)
(0.00433 0.00728 -0.03981)
(0.00048 0.00067 -0.00397)
(-0.00088 -0.00098 0.00590)
(0.00358 0.00500 -0.02708)
(0.00092 0.00100 -0.00554)
(-0.00187 -0.00041 0.00413)
(0.00808 0.00797 -0.03193)
(0.00100 0.00003 -0.00113)
(-0.00320 -0.00006 0.00317)
(0.01074 0.00094 -0.01199)
(0.00066 0.00023 -0.00074)
(-0.00514 -0.00277 0.00452)
(0.00104 0.00057 -0.00093)
(0.00787 0.00288 -0.00326)
(-0.00156 -0.00059 0.00043)
(0.00138 0.00036 -0.00028)
(0.00043 0.00019 -0.00006)
(-0.00830 -0.01163 0.00190)
(-0.00891 -0.00721 -0.00091)
(-0.01484 0.00096 -0.02070)
(-0.01595 0.00514 -0.03072)
(-0.02534 0.00332 -0.04916)
(-0.02843 0.01030 -0.05891)
(-0.01012 0.00699 -0.06305)
(0.00746 0.00821 -0.06303)
(-0.00468 0.02223 -0.10737)
(0.00770 0.01939 -0.09540)
(0.00823 0.01653 -0.07924)
(0.00860 0.01415 -0.06528)
(0.00878 0.02592 -0.11413)
(0.01227 0.02662 -0.11198)
(0.02369 0.03570 -0.12221)
(0.01559 0.01860 -0.06908)
(0.02127 0.01279 -0.05493)
(0.02174 0.07563 -0.20270)
(0.02202 0.06763 -0.18113)
(0.02808 0.03035 -0.08037)
(0.02191 0.02324 -0.04993)
(0.04568 0.06161 -0.12249)
(0.02661 0.01840 -0.02707)
(0.00878 0.00602 -0.00748)
(0.03651 0.05159 -0.07335)
(0.00740 0.00635 -0.00561)
(-0.00119 -0.00102 0.00049)
(0.00427 0.00183 -0.00286)
(-0.00135 -0.00111 0.00127)
(-0.00529 -0.00363 0.00407)
(-0.01623 -0.00632 0.00695)
(-0.04091 -0.01626 0.01783)
(-0.02836 -0.01295 0.00853)
(-0.00678 -0.02699 0.00258)
(-0.03756 -0.00714 -0.02705)
(-0.02652 -0.00736 -0.02763)
(-0.02995 0.00707 -0.04982)
(-0.03689 0.03167 -0.12322)
(-0.03450 0.04044 -0.16212)
(-0.01925 0.04141 -0.16409)
(-0.01572 0.04944 -0.18523)
(-0.02554 0.04813 -0.18156)
(-0.02922 0.05946 -0.20432)
(-0.01523 0.05417 -0.19465)
(0.00401 0.05314 -0.18214)
(-0.02087 0.10192 -0.28510)
(0.01228 0.09886 -0.25324)
(0.01304 0.10887 -0.26607)
(0.01983 0.10985 -0.27207)
(0.02314 0.11279 -0.25117)
(0.03494 0.10573 -0.21349)
(0.05034 0.09858 -0.16530)
(0.03136 0.13381 -0.23861)
(0.06195 0.11511 -0.16093)
(0.05889 0.06703 -0.07417)
(0.03607 0.04104 -0.04186)
(0.06285 0.13537 -0.18363)
(0.05546 0.08470 -0.09513)
(0.02620 0.02997 -0.02091)
(0.00189 0.00165 -0.00070)
(0.01802 0.01842 -0.00665)
(-0.00671 -0.00656 0.00123)
(-0.01342 -0.01264 0.00174)
(0.00028 0.00006 -0.00016)
(-0.00838 -0.00245 0.00506)
(-0.01872 -0.00984 0.01397)
(-0.01966 -0.02271 0.02377)
(-0.04051 -0.03117 0.03909)
(-0.03231 -0.03378 0.03704)
(-0.04383 -0.03624 0.04699)
(-0.04891 -0.02538 0.02857)
(-0.05092 -0.01899 0.02161)
(-0.03379 -0.02039 0.01599)
(-0.07900 0.01010 -0.02372)
(-0.05953 0.00168 -0.02760)
(-0.04852 0.00265 -0.04184)
(-0.05167 0.01683 -0.08391)
(-0.05408 0.02990 -0.10951)
(-0.06431 0.05359 -0.18172)
(-0.06862 0.06278 -0.20686)
(-0.06962 0.06891 -0.22987)
(-0.03407 0.06014 -0.21777)
(-0.05854 0.10419 -0.29482)
(-0.05762 0.11736 -0.32754)
(-0.04462 0.13749 -0.35169)
(-0.01415 0.12538 -0.32342)
(0.00710 0.11914 -0.28710)
(-0.00651 0.15599 -0.32983)
(-0.00907 0.18524 -0.35686)
(-0.00922 0.21304 -0.39311)
(0.04590 0.14556 -0.22373)
(0.02030 0.19484 -0.33609)
(0.05951 0.14686 -0.20393)
(0.07735 0.14871 -0.17514)
(0.07817 0.15038 -0.16259)
(0.07832 0.13989 -0.14322)
(0.05752 0.08194 -0.06620)
(0.02036 0.01851 -0.00627)
(0.10450 0.12926 -0.11350)
(0.06530 0.07553 -0.04902)
(0.01074 0.00949 -0.00232)
(0.00358 0.00311 -0.00067)
(0.00520 0.00051 -0.00311)
(-0.01152 -0.00271 0.00811)
(-0.02812 -0.00738 0.01924)
(-0.04998 -0.01753 0.03549)
(-0.06331 -0.01754 0.04644)
(-0.06913 -0.01742 0.04813)
(-0.06183 -0.02401 0.04461)
(-0.06086 -0.02106 0.04306)
(-0.07128 -0.01009 0.02970)
(-0.08972 0.01599 -0.02407)
(-0.08715 0.01666 -0.03018)
(-0.08729 0.01960 -0.03936)
(-0.09704 0.02494 -0.04048)
(-0.09947 0.02928 -0.05245)
(-0.06905 0.02805 -0.09371)
(-0.08187 0.06464 -0.19830)
(-0.08100 0.06865 -0.21396)
(-0.07943 0.07334 -0.23282)
(-0.07347 0.08589 -0.27792)
(-0.09674 0.13363 -0.36270)
(-0.06716 0.12071 -0.34063)
(-0.06643 0.15959 -0.40741)
(-0.08743 0.20214 -0.48117)
(-0.06851 0.19359 -0.44724)
(-0.06016 0.20070 -0.45267)
(-0.02908 0.22741 -0.44053)
(-0.02550 0.23085 -0.43625)
(-0.01896 0.23148 -0.42668)
(-0.01080 0.23165 -0.41671)
(0.02840 0.21558 -0.33539)
(0.07539 0.15680 -0.17681)
(0.07877 0.15188 -0.16186)
(0.07417 0.15893 -0.17953)
(0.09755 0.15194 -0.15478)
(0.10289 0.13190 -0.10987)
(0.11624 0.16483 -0.16510)
(0.09163 0.11011 -0.07945)
(0.05162 0.04417 -0.01464)
(0.00540 0.00459 -0.00132)
(0.10677 0.09710 -0.04266)
(0.02470 0.02197 -0.00782)
(0.00138 0.00122 -0.00040)
(-0.00723 -0.00016 0.00468)
(-0.02020 -0.00241 0.01554)
(-0.05366 -0.01492 0.05061)
(-0.05648 -0.01670 0.05521)
(-0.07313 -0.01392 0.06345)
(-0.07105 -0.01527 0.06511)
(-0.07239 -0.01480 0.06392)
(-0.07452 -0.01249 0.06515)
(-0.07769 -0.01075 0.06365)
(-0.06374 -0.01263 0.04492)
(-0.09111 0.01483 -0.01777)
(-0.10119 0.02299 -0.02552)
(-0.10499 0.02862 -0.03874)
(-0.10879 0.03449 -0.05433)
(-0.11335 0.04045 -0.07074)
(-0.13660 0.08280 -0.19365)
(-0.09563 0.07677 -0.22553)
(-0.19008 0.13303 -0.29053)
(-0.16105 0.12928 -0.31482)
(-0.10006 0.08640 -0.25913)
(-0.09126 0.08466 -0.26395)
(-0.13538 0.16092 -0.40970)
(-0.19149 0.19536 -0.46590)
(-0.18096 0.20515 -0.51992)
(-0.13227 0.17073 -0.43654)
(-0.11360 0.19903 -0.48334)
(-0.15087 0.25806 -0.59240)
(-0.14660 0.26388 -0.59595)
(-0.14373 0.26984 -0.60155)
(-0.05964 0.23105 -0.48835)
(-0.04388 0.24750 -0.47915)
(-0.03800 0.24790 -0.47001)
(-0.02978 0.24695 -0.45828)
(-0.01324 0.24961 -0.43684)
(0.02662 0.22868 -0.34934)
(0.05476 0.23279 -0.34684)
(0.06870 0.19287 -0.25226)
(0.09839 0.20642 -0.26482)
(0.12101 0.17572 -0.17374)
(0.12596 0.17016 -0.15689)
(0.15386 0.14454 -0.07312)
(0.09561 0.08726 -0.03770)
(0.11803 0.10911 -0.04935)
(0.03858 0.03439 -0.01236)
(0.01864 0.01645 -0.00557)
(0.00327 -0.00003 -0.00224)
(-0.00088 0.00004 0.00046)
(-0.03532 -0.00593 0.03323)
(-0.05314 -0.01221 0.05689)
(-0.04783 -0.02452 0.06497)
(-0.06197 -0.01762 0.06470)
(-0.07689 -0.01007 0.06642)
(-0.07981 -0.00882 0.06485)
(-0.08789 -0.00363 0.06362)
(-0.09142 0.00167 0.05607)
(-0.11803 0.02782 0.00110)
(-0.11351 0.03217 -0.03496)
(-0.14361 0.05202 -0.05185)
(-0.12525 0.04423 -0.06077)
(-0.12357 0.04639 -0.07484)
(-0.14692 0.07894 -0.16745)
(-0.15463 0.07398 -0.12233)
(-0.22465 0.14977 -0.31065)
(-0.22899 0.16334 -0.35911)
(-0.22794 0.19416 -0.44272)
(-0.21039 0.19250 -0.45342)
(-0.23697 0.23627 -0.56558)
(-0.21679 0.24978 -0.63176)
(-0.18966 0.26460 -0.64029)
(-0.16626 0.27628 -0.62729)
(-0.16322 0.28329 -0.63330)
(-0.15926 0.30783 -0.66288)
(-0.11082 0.30001 -0.60186)
(-0.07737 0.28673 -0.56565)
(-0.05151 0.26288 -0.50298)
(-0.04776 0.28518 -0.52969)
(-0.00165 0.25923 -0.43036)
(-0.01347 0.28386 -0.48866)
(0.05491 0.25376 -0.38298)
(0.08483 0.25274 -0.37341)
(0.10138 0.23758 -0.33123)
(0.10656 0.21077 -0.26155)
(0.11681 0.20198 -0.23252)
(0.15292 0.15308 -0.09441)
(0.15488 0.14907 -0.08013)
(0.06058 0.05443 -0.02092)
(0.15583 0.15335 -0.08724)
(0.12165 0.11259 -0.05073)
(0.04349 0.03910 -0.01065)
(0.00296 0.00313 -0.00070)
(0.00669 0.00004 -0.00417)
(-0.00022 -0.00000 0.00014)
(-0.01441 -0.00234 0.01386)
(-0.03120 -0.00644 0.03249)
(-0.04620 -0.01844 0.06265)
(-0.03885 -0.01649 0.05868)
(-0.03434 -0.02592 0.06777)
(-0.05357 -0.01656 0.05963)
(-0.06387 -0.01146 0.07792)
(-0.07931 -0.00634 0.08682)
(-0.07499 -0.01106 0.06664)
(-0.12474 0.02092 0.04163)
(-0.14457 0.04313 -0.00326)
(-0.17638 0.06630 -0.02713)
(-0.21268 0.10273 -0.10395)
(-0.24837 0.14652 -0.21828)
(-0.23873 0.15016 -0.27286)
(-0.28323 0.19618 -0.42245)
(-0.28313 0.21270 -0.44990)
(-0.27029 0.22967 -0.52902)
(-0.28695 0.25511 -0.60696)
(-0.30379 0.30822 -0.70573)
(-0.28716 0.31823 -0.72553)
(-0.28985 0.33862 -0.76028)
(-0.18614 0.28813 -0.65543)
(-0.18285 0.29554 -0.66011)
(-0.20757 0.33310 -0.72725)
(-0.19646 0.34826 -0.75813)
(-0.20236 0.36961 -0.77090)
(-0.14719 0.34990 -0.70402)
(-0.12975 0.34245 -0.67750)
(-0.06708 0.31128 -0.57715)
(0.02275 0.28002 -0.46088)
(0.08942 0.25074 -0.36700)
(0.04788 0.24833 -0.36745)
(0.07739 0.22103 -0.28274)
(0.10916 0.21040 -0.24357)
(0.07716 0.22646 -0.29334)
(0.12303 0.19879 -0.20902)
(0.13556 0.18364 -0.16302)
(0.14410 0.15750 -0.08994)
(0.11811 0.19122 -0.17781)
(0.09530 0.10455 -0.03921)
(0.02636 0.02764 -0.00663)
(0.01700 0.01626 -0.00437)
(0.00018 0.00002 -0.00021)
(-0.00742 -0.00026 0.00526)
(-0.02993 -0.00890 0.04070)
(-0.01961 -0.01593 0.05336)
(-0.02010 -0.01868 0.06746)
(-0.01933 -0.02244 0.08970)
(-0.03159 -0.02185 0.07977)
(-0.04400 -0.02216 0.08847)
(-0.03031 -0.02105 0.08768)
(-0.06874 -0.00696 0.09023)
(-0.07456 -0.00448 0.08951)
(-0.10528 0.01174 0.07419)
(-0.12330 0.02115 0.07281)
(-0.13230 0.02722 0.06316)
(-0.15349 0.04009 0.05156)
(-0.20480 0.08234 -0.04431)
(-0.20600 0.08218 -0.02508)
(-0.23696 0.10248 -0.04726)
(-0.22552 0.10580 -0.09595)
(-0.26544 0.15393 -0.20643)
(-0.26282 0.15935 -0.24511)
(-0.29435 0.19938 -0.36935)
(-0.29768 0.22400 -0.44825)
(-0.33255 0.27493 -0.57398)
(-0.36764 0.33893 -0.72967)
(-0.36817 0.34865 -0.75601)
(-0.36932 0.36555 -0.79093)
(-0.32759 0.35562 -0.79656)
(-0.29799 0.36742 -0.82670)
(-0.26580 0.37428 -0.82591)
(-0.24613 0.37779 -0.82381)
(-0.22787 0.39047 -0.82682)
(-0.22179 0.38466 -0.81003)
(-0.19741 0.38407 -0.80542)
(-0.13381 0.34956 -0.68359)
(-0.15460 0.37216 -0.74254)
(-0.07616 0.33056 -0.61989)
(-0.06639 0.31383 -0.57106)
(-0.04139 0.30006 -0.52009)
(-0.05392 0.30491 -0.53494)
(0.04840 0.25238 -0.37459)
(0.05348 0.25846 -0.38165)
(0.07994 0.23543 -0.30823)
(0.06384 0.24129 -0.31830)
(0.09076 0.21892 -0.24584)
(0.09610 0.20129 -0.18766)
(0.11092 0.16225 -0.09195)
(0.03714 0.05463 -0.01710)
(-0.00406 -0.00622 0.00138)
(0.05464 0.13584 -0.09339)
(-0.00092 -0.00061 0.00328)
(-0.00630 -0.00470 0.01663)
(0.00326 -0.00697 0.02472)
(-0.00564 -0.01329 0.03450)
(-0.00406 -0.02297 0.06522)
(-0.01487 -0.02233 0.08723)
(-0.01816 -0.02226 0.09698)
(-0.02245 -0.02194 0.09622)
(-0.03068 -0.02019 0.10394)
(-0.08877 0.00832 0.08794)
(-0.12154 0.01965 0.08179)
(-0.13366 0.02791 0.07178)
(-0.17344 0.05774 0.02306)
(-0.25320 0.12534 -0.07528)
(-0.27233 0.14675 -0.13884)
(-0.33151 0.20834 -0.27559)
(-0.31030 0.19920 -0.27678)
(-0.37131 0.26292 -0.42450)
(-0.38762 0.27994 -0.41680)
(-0.36061 0.26816 -0.48154)
(-0.36874 0.30281 -0.60007)
(-0.38057 0.34970 -0.73365)
(-0.38229 0.35937 -0.75735)
(-0.38312 0.36843 -0.78025)
(-0.37310 0.38785 -0.82024)
(-0.33331 0.38130 -0.84784)
(-0.38017 0.42787 -0.89914)
(-0.31925 0.39151 -0.87309)
(-0.30397 0.40119 -0.88123)
(-0.28514 0.41250 -0.88746)
(-0.27624 0.40691 -0.87531)
(-0.24303 0.41179 -0.87273)
(-0.22236 0.40318 -0.84544)
(-0.22128 0.40412 -0.84627)
(-0.13621 0.35947 -0.70751)
(-0.11745 0.35315 -0.67902)
(-0.07403 0.31777 -0.57309)
(-0.07436 0.31767 -0.57001)
(-0.05114 0.30511 -0.53171)
(-0.01429 0.29404 -0.47948)
(0.02774 0.26456 -0.38230)
(0.03058 0.24117 -0.30151)
(0.00239 0.25811 -0.33029)
(0.05538 0.21959 -0.22573)
(0.00942 0.24619 -0.29337)
(0.05984 0.20454 -0.17785)
(0.04028 0.11166 -0.04782)
(0.00264 0.00758 -0.00074)
(-0.00067 -0.00276 0.00028)
(-0.00024 0.00028 -0.00130)
(0.00050 -0.00044 0.00207)
(0.00364 -0.00363 0.01525)
(0.01257 -0.01192 0.04486)
(0.01634 -0.02095 0.05416)
(0.01736 -0.01475 0.05543)
(0.00412 -0.01946 0.07303)
(-0.01179 -0.02321 0.09477)
(-0.02680 -0.02040 0.10547)
(-0.02180 -0.02109 0.10699)
(-0.03580 -0.01731 0.11564)
(-0.10857 0.01872 0.10176)
(-0.09010 0.01718 0.11802)
(-0.13146 0.02617 0.08415)
(-0.15354 0.04624 0.07505)
(-0.25058 0.12479 -0.02607)
(-0.29373 0.16176 -0.12699)
(-0.32512 0.19409 -0.20215)
(-0.39244 0.28367 -0.40660)
(-0.39440 0.29331 -0.45586)
(-0.40014 0.29865 -0.44814)
(-0.40141 0.30642 -0.48833)
(-0.39212 0.36201 -0.74303)
(-0.39456 0.37089 -0.76185)
(-0.39492 0.37847 -0.78266)
(-0.39504 0.39661 -0.82908)
(-0.40267 0.44031 -0.91391)
(-0.35851 0.42553 -0.92951)
(-0.36244 0.46510 -0.97860)
(-0.35596 0.46335 -0.98029)
(-0.35162 0.46234 -0.98287)
(-0.29338 0.42714 -0.91821)
(-0.24177 0.41287 -0.87416)
(-0.22197 0.40602 -0.85007)
(-0.19025 0.39254 -0.79716)
(-0.09492 0.32936 -0.60661)
(-0.09825 0.32985 -0.60638)
(-0.08272 0.32410 -0.56936)
(-0.03548 0.29395 -0.46390)
(-0.05940 0.30803 -0.49401)
(-0.00752 0.26583 -0.37554)
(-0.02706 0.27146 -0.36651)
(-0.01587 0.26271 -0.34105)
(-0.00906 0.25424 -0.31553)
(-0.00282 0.24695 -0.29322)
(-0.00297 0.15601 -0.09731)
(0.00915 0.04098 -0.00588)
(0.00227 0.01612 -0.00226)
(-0.00257 -0.01623 0.00169)
(0.00135 -0.00073 0.00396)
(0.00496 -0.00376 0.01698)
(0.00978 -0.00764 0.03230)
(0.00933 -0.00620 0.02822)
(0.01884 -0.01416 0.05692)
(0.01960 -0.01635 0.06081)
(-0.00273 -0.02063 0.10134)
(0.02365 -0.03005 0.10269)
(-0.01545 -0.02241 0.10944)
(-0.02797 -0.01860 0.11864)
(-0.06738 0.00341 0.14302)
(-0.11942 0.02903 0.16414)
(-0.14223 0.04244 0.11672)
(-0.15881 0.05211 0.14056)
(-0.20730 0.09336 0.04793)
(-0.24519 0.12160 -0.00885)
(-0.30374 0.17051 -0.06469)
(-0.32343 0.19391 -0.14403)
(-0.36881 0.25572 -0.31792)
(-0.40547 0.30391 -0.43899)
(-0.40788 0.31442 -0.48811)
(-0.41331 0.32070 -0.48218)
(-0.43061 0.36441 -0.61187)
(-0.43217 0.40388 -0.74870)
(-0.42687 0.42092 -0.79955)
(-0.43132 0.45047 -0.87424)
(-0.43878 0.48004 -0.92928)
(-0.39743 0.46195 -0.95566)
(-0.38027 0.45735 -0.97964)
(-0.36612 0.46892 -0.99181)
(-0.36100 0.46734 -0.99494)
(-0.33546 0.45149 -0.98295)
(-0.26054 0.42068 -0.90032)
(-0.25983 0.42132 -0.90288)
(-0.24114 0.41392 -0.87629)
(-0.24211 0.41275 -0.86700)
(-0.18418 0.38663 -0.78592)
(-0.18960 0.38830 -0.78975)
(-0.15610 0.36148 -0.68100)
(-0.20867 0.39106 -0.77418)
(-0.13620 0.35897 -0.65541)
(-0.11230 0.33772 -0.58979)
(-0.16045 0.37128 -0.68326)
(-0.07879 0.30428 -0.47561)
(-0.04808 0.27998 -0.38789)
(-0.03657 0.27082 -0.36169)
(-0.03667 0.26649 -0.34789)
(-0.03802 0.26268 -0.33565)
(-0.02510 0.25287 -0.30789)
(-0.07230 0.23926 -0.25917)
(-0.02164 0.16804 -0.10104)
(-0.00175 0.05850 -0.01862)
(-0.00038 -0.00649 0.00091)
(-0.00009 0.00002 -0.00022)
(0.00158 -0.00049 0.00345)
(0.01104 -0.00406 0.02225)
(0.01727 -0.01124 0.04990)
(0.03183 -0.02263 0.07250)
(0.04028 -0.02892 0.08207)
(0.04870 -0.03066 0.08739)
(0.02458 -0.02730 0.10762)
(0.00761 -0.02858 0.12320)
(0.02181 -0.03028 0.15144)
(0.01817 -0.03202 0.15151)
(-0.00727 -0.02774 0.15538)
(-0.03879 -0.00926 0.16856)
(-0.10644 0.02478 0.17001)
(-0.13750 0.03803 0.18026)
(-0.18965 0.09142 0.09807)
(-0.24017 0.12247 0.04546)
(-0.28635 0.16662 -0.06120)
(-0.30359 0.18429 -0.09821)
(-0.35044 0.26229 -0.27518)
(-0.37740 0.29874 -0.35739)
(-0.43572 0.38625 -0.54993)
(-0.43773 0.38294 -0.60374)
(-0.43997 0.41442 -0.61603)
(-0.45730 0.45625 -0.76512)
(-0.46581 0.47925 -0.80926)
(-0.44397 0.47823 -0.87884)
(-0.44319 0.49405 -0.91799)
(-0.42522 0.48664 -0.96852)
(-0.43681 0.51272 -0.97824)
(-0.42215 0.49454 -0.99862)
(-0.39381 0.48367 -1.00390)
(-0.38186 0.47768 -1.01410)
(-0.37718 0.47620 -1.03400)
(-0.34185 0.45558 -1.00200)
(-0.34218 0.45704 -1.02820)
(-0.29658 0.43853 -0.94714)
(-0.30724 0.44136 -0.96845)
(-0.27087 0.42284 -0.89845)
(-0.27247 0.42300 -0.89812)
(-0.27647 0.41283 -0.84026)
(-0.21541 0.39126 -0.75686)
(-0.24873 0.39071 -0.73958)
(-0.18259 0.35856 -0.63478)
(-0.14869 0.33591 -0.57246)
(-0.15289 0.32339 -0.50482)
(-0.17007 0.30746 -0.44900)
(-0.08723 0.26220 -0.32759)
(-0.11573 0.22675 -0.24080)
(-0.07912 0.20137 -0.17020)
(-0.14951 0.25700 -0.32656)
(-0.11672 0.21367 -0.19873)
(-0.03342 0.08564 -0.04728)
(-0.00155 0.00448 -0.00154)
(0.00405 -0.00907 0.00206)
(0.00103 -0.00005 0.00179)
(0.00504 -0.00135 0.01029)
(0.03414 -0.01229 0.05547)
(0.05177 -0.02196 0.06943)
(0.05456 -0.02643 0.07705)
(0.05713 -0.03796 0.09713)
(0.06412 -0.03498 0.08763)
(0.03301 -0.03193 0.13177)
(0.02179 -0.03162 0.15985)
(-0.00521 -0.01992 0.18613)
(-0.01926 -0.01498 0.17231)
(-0.05865 -0.00099 0.19495)
(-0.09455 0.02719 0.17673)
(-0.16036 0.08272 0.12254)
(-0.22018 0.15956 -0.00733)
(-0.23718 0.18116 -0.05082)
(-0.25426 0.18325 -0.06817)
(-0.33725 0.25410 -0.20719)
(-0.37082 0.29968 -0.33547)
(-0.39881 0.35716 -0.45260)
(-0.42773 0.42437 -0.59955)
(-0.45086 0.45403 -0.71822)
(-0.47606 0.49073 -0.80768)
(-0.45630 0.50115 -0.84350)
(-0.44342 0.53956 -0.94007)
(-0.43805 0.53927 -0.95606)
(-0.42020 0.50517 -0.99476)
(-0.40765 0.50107 -1.02760)
(-0.41699 0.50476 -1.05370)
(-0.41382 0.50199 -1.05760)
(-0.37562 0.47592 -1.05590)
(-0.37341 0.47356 -1.06100)
(-0.32222 0.44776 -0.99456)
(-0.34449 0.44613 -1.00430)
(-0.28296 0.42638 -0.92186)
(-0.29521 0.42839 -0.92446)
(-0.31764 0.42693 -0.88761)
(-0.31253 0.41652 -0.82724)
(-0.31469 0.41468 -0.81283)
(-0.28951 0.40235 -0.76218)
(-0.18769 0.34954 -0.59902)
(-0.28115 0.38682 -0.70458)
(-0.21272 0.34962 -0.58130)
(-0.20115 0.32484 -0.49990)
(-0.22151 0.31422 -0.46797)
(-0.15995 0.26297 -0.34401)
(-0.14687 0.23563 -0.26022)
(-0.12281 0.21780 -0.20690)
(-0.12841 0.19536 -0.17842)
(-0.06596 0.11294 -0.06379)
(-0.00863 0.01885 -0.00521)
(-0.00774 0.00816 -0.00205)
(-0.00162 0.00002 -0.00308)
(0.00742 -0.00043 0.01222)
(0.00065 -0.00001 0.00120)
(0.00918 -0.00054 0.01551)
(0.02743 -0.00629 0.05076)
(0.05816 -0.02824 0.07943)
(0.04665 -0.02041 0.07427)
(0.06104 -0.03197 0.09111)
(0.05554 -0.03365 0.11239)
(0.05518 -0.03782 0.11896)
(0.06203 -0.04535 0.15030)
(0.03917 -0.03678 0.15879)
(0.02763 -0.03695 0.18889)
(-0.02182 -0.00527 0.21699)
(-0.04183 0.00736 0.21760)
(-0.09561 0.04035 0.18061)
(-0.17727 0.12904 0.03488)
(-0.22134 0.17258 -0.02909)
(-0.24802 0.20012 -0.08727)
(-0.32545 0.28001 -0.24455)
(-0.36502 0.34881 -0.38599)
(-0.40030 0.41056 -0.52010)
(-0.42858 0.49404 -0.67367)
(-0.43165 0.44037 -0.64166)
(-0.43990 0.48683 -0.75151)
(-0.45528 0.53123 -0.86741)
(-0.44115 0.54538 -0.93320)
(-0.43653 0.54536 -0.94669)
(-0.43355 0.53848 -0.96982)
(-0.41957 0.51220 -1.02170)
(-0.41740 0.50955 -1.05610)
(-0.41588 0.50729 -1.05880)
(-0.39737 0.48837 -1.07260)
(-0.38490 0.47843 -1.06940)
(-0.36370 0.45957 -1.05800)
(-0.36778 0.45918 -1.05240)
(-0.36458 0.45662 -1.04000)
(-0.34322 0.44560 -0.98262)
(-0.33893 0.43165 -0.90252)
(-0.32644 0.42139 -0.84226)
(-0.32982 0.42012 -0.82952)
(-0.31841 0.41380 -0.80049)
(-0.31357 0.40866 -0.76914)
(-0.27878 0.36194 -0.63498)
(-0.23417 0.32257 -0.50858)
(-0.21367 0.29318 -0.45106)
(-0.19263 0.27409 -0.39949)
(-0.20074 0.24727 -0.35378)
(-0.17761 0.22598 -0.26882)
(-0.18780 0.20714 -0.22624)
(-0.10255 0.10571 -0.04358)
(-0.01885 0.01857 -0.00446)
(-0.00147 -0.00001 -0.00301)
(0.00286 -0.00007 0.00554)
(0.02134 -0.00213 0.03399)
(0.01552 -0.00152 0.02691)
(0.02155 -0.00271 0.03605)
(0.03944 -0.02039 0.08784)
(0.04836 -0.02779 0.10472)
(0.05065 -0.03382 0.12934)
(0.04639 -0.03984 0.17116)
(0.04874 -0.04391 0.18251)
(0.03360 -0.04029 0.19433)
(-0.01000 -0.01196 0.22000)
(-0.02096 -0.00319 0.22112)
(-0.03275 0.00741 0.22013)
(-0.04612 0.01378 0.21724)
(-0.10958 0.08325 0.10866)
(-0.18256 0.14633 0.01648)
(-0.21718 0.18223 -0.04400)
(-0.25203 0.24790 -0.15809)
(-0.25747 0.21975 -0.12508)
(-0.34866 0.35540 -0.38093)
(-0.35604 0.37109 -0.41392)
(-0.41850 0.49107 -0.65620)
(-0.42949 0.50475 -0.70019)
(-0.42921 0.51336 -0.71924)
(-0.43757 0.55171 -0.92735)
(-0.43373 0.55164 -0.93707)
(-0.43227 0.54438 -0.96106)
(-0.42780 0.54309 -0.97487)
(-0.40430 0.52798 -1.03240)
(-0.39589 0.51451 -1.06980)
(-0.39219 0.48846 -1.08340)
(-0.38782 0.49184 -1.09560)
(-0.37437 0.47501 -1.08040)
(-0.37333 0.46077 -1.06070)
(-0.37439 0.45926 -1.05450)
(-0.37161 0.45722 -1.04060)
(-0.38224 0.45330 -1.00200)
(-0.34100 0.42626 -0.85689)
(-0.34536 0.42559 -0.84639)
(-0.33470 0.41933 -0.81647)
(-0.35007 0.40933 -0.77473)
(-0.30320 0.36409 -0.64645)
(-0.29199 0.35641 -0.62410)
(-0.28909 0.31550 -0.51763)
(-0.25227 0.27741 -0.43858)
(-0.24154 0.26749 -0.41460)
(-0.25196 0.26794 -0.42230)
(-0.24248 0.25910 -0.40104)
(-0.23281 0.24824 -0.37653)
(-0.19679 0.20388 -0.23030)
(-0.14155 0.13647 -0.06090)
(-0.12984 0.11643 -0.04578)
(-0.03075 0.02788 -0.00612)
(0.00907 -0.00825 0.00117)
(-0.00052 -0.00001 -0.00118)
(0.00456 -0.00011 0.00959)
(0.01610 -0.00669 0.04696)
(0.02875 -0.00852 0.05522)
(0.02695 -0.01770 0.05913)
(0.04051 -0.02112 0.08225)
(0.04725 -0.03120 0.12086)
(0.04560 -0.03860 0.16613)
(0.04794 -0.04291 0.18013)
(0.05092 -0.05386 0.21164)
(0.03900 -0.03978 0.21059)
(-0.00893 -0.01023 0.22536)
(-0.02022 0.00030 0.22465)
(-0.03928 0.02789 0.22368)
(-0.04422 0.01999 0.21727)
(-0.11387 0.10332 0.12440)
(-0.15381 0.14989 0.03785)
(-0.20814 0.22622 -0.09354)
(-0.30110 0.32194 -0.28312)
(-0.33267 0.37319 -0.39250)
(-0.37867 0.45072 -0.54955)
(-0.42105 0.50282 -0.68302)
(-0.41316 0.49998 -0.66471)
(-0.42230 0.51382 -0.70710)
(-0.42155 0.54996 -0.82183)
(-0.42079 0.57236 -0.87320)
(-0.43001 0.55024 -0.95090)
(-0.41116 0.54786 -0.98847)
(-0.40338 0.54395 -1.02050)
(-0.39095 0.53679 -1.04610)
(-0.38256 0.50197 -1.08700)
(-0.37265 0.49029 -1.09750)
(-0.38199 0.48396 -1.09730)
(-0.38235 0.47063 -1.07570)
(-0.37649 0.45949 -1.06300)
(-0.37763 0.45859 -1.04810)
(-0.40242 0.46109 -1.00990)
(-0.37480 0.44063 -0.92201)
(-0.40092 0.45028 -0.90379)
(-0.38635 0.42729 -0.83039)
(-0.39843 0.42437 -0.79503)
(-0.35172 0.38425 -0.69965)
(-0.32528 0.35822 -0.61521)
(-0.35981 0.36362 -0.64392)
(-0.31158 0.32533 -0.55159)
(-0.26215 0.27365 -0.43851)
(-0.24570 0.25318 -0.39545)
(-0.24509 0.22003 -0.32420)
(-0.21776 0.18569 -0.22161)
(-0.14754 0.13138 -0.06275)
(-0.15644 0.12278 -0.07118)
(-0.04328 0.03632 -0.00743)
(0.00187 -0.00157 0.00014)
(0.00004 -0.00004 0.00052)
(0.00531 -0.00214 0.01563)
(-0.00085 -0.00098 0.01116)
(0.01756 -0.01501 0.04904)
(0.02099 -0.01809 0.05473)
(0.03171 -0.02207 0.06452)
(0.04280 -0.03327 0.08963)
(0.04551 -0.04444 0.12454)
(0.05322 -0.04535 0.14339)
(0.04481 -0.04037 0.17584)
(0.06528 -0.06893 0.21146)
(0.05235 -0.05406 0.22338)
(0.01234 -0.02027 0.23188)
(-0.00918 0.01013 0.22167)
(-0.07756 0.08973 0.14200)
(-0.09228 0.11485 0.15489)
(-0.14187 0.17205 0.02883)
(-0.27753 0.32034 -0.25493)
(-0.24641 0.29829 -0.17709)
(-0.32826 0.40066 -0.41364)
(-0.34890 0.45054 -0.47955)
(-0.39162 0.51644 -0.59808)
(-0.41586 0.51205 -0.69092)
(-0.40708 0.56313 -0.78784)
(-0.40249 0.59666 -0.83176)
(-0.41968 0.58344 -0.90876)
(-0.40483 0.58273 -0.94708)
(-0.39864 0.55966 -1.00170)
(-0.39414 0.55658 -1.02420)
(-0.37741 0.51495 -1.07590)
(-0.38967 0.51436 -1.08300)
(-0.38868 0.48777 -1.09680)
(-0.39202 0.48255 -1.08870)
(-0.39428 0.47511 -1.08800)
(-0.40468 0.46879 -1.05960)
(-0.41780 0.47102 -1.03690)
(-0.43371 0.46608 -0.98812)
(-0.43566 0.46621 -0.97829)
(-0.41681 0.44117 -0.85849)
(-0.42275 0.43775 -0.82906)
(-0.38016 0.39874 -0.72956)
(-0.38209 0.36946 -0.65970)
(-0.31983 0.31889 -0.53103)
(-0.30619 0.28391 -0.46395)
(-0.24929 0.24857 -0.39543)
(-0.30255 0.23603 -0.36996)
(-0.24929 0.19727 -0.27102)
(-0.22378 0.17088 -0.20895)
(-0.20182 0.12194 -0.14397)
(-0.17127 0.10069 -0.06674)
(-0.06640 0.03562 -0.00051)
(-0.00440 0.00253 0.00136)
(-0.00025 -0.00024 0.00222)
(0.00156 -0.00952 0.02735)
(0.00836 -0.01809 0.05216)
(0.01504 -0.03583 0.06934)
(0.02260 -0.03556 0.07459)
(0.03835 -0.04621 0.11471)
(0.06444 -0.07723 0.16572)
(0.06265 -0.06462 0.15554)
(0.07150 -0.08186 0.18433)
(0.06350 -0.07392 0.21403)
(0.04548 -0.04662 0.23975)
(0.02142 -0.01248 0.23421)
(-0.03900 0.04380 0.19271)
(-0.00964 0.02457 0.19555)
(-0.08694 0.10425 0.13374)
(-0.15395 0.18617 0.01869)
(-0.24325 0.33602 -0.19440)
(-0.28284 0.37549 -0.29660)
(-0.31425 0.44476 -0.42036)
(-0.33880 0.47799 -0.49159)
(-0.38698 0.55464 -0.64378)
(-0.40522 0.59375 -0.72574)
(-0.40321 0.60250 -0.78021)
(-0.40857 0.59917 -0.85873)
(-0.40516 0.59736 -0.91648)
(-0.38081 0.58798 -0.95734)
(-0.38078 0.58130 -0.97335)
(-0.37661 0.53595 -1.04280)
(-0.38359 0.52472 -1.06370)
(-0.37862 0.49659 -1.08940)
(-0.38745 0.48446 -1.09420)
(-0.40797 0.48424 -1.07660)
(-0.41153 0.47583 -1.06810)
(-0.43220 0.48181 -1.03710)
(-0.43607 0.46757 -0.98975)
(-0.45752 0.47513 -0.96276)
(-0.44537 0.45347 -0.89799)
(-0.47947 0.45405 -0.84216)
(-0.44191 0.43060 -0.79065)
(-0.41545 0.37475 -0.67290)
(-0.37761 0.35806 -0.64080)
(-0.35309 0.32696 -0.56422)
(-0.38236 0.31347 -0.52605)
(-0.36904 0.29665 -0.48657)
(-0.31071 0.24226 -0.38299)
(-0.24188 0.16517 -0.24338)
(-0.21590 0.12966 -0.16294)
(-0.19844 0.11452 -0.11017)
(-0.12278 0.05979 -0.01527)
(-0.05636 0.02855 0.00353)
(-0.00823 0.00409 0.00139)
(0.00017 0.00061 -0.00143)
(-0.00085 -0.00195 0.00571)
(0.00166 -0.01324 0.02164)
(0.00393 -0.02776 0.05150)
(0.00887 -0.03642 0.06216)
(0.01296 -0.04248 0.07273)
(0.02743 -0.04943 0.10687)
(0.01380 -0.04594 0.07984)
(0.04157 -0.06427 0.15064)
(0.06534 -0.08121 0.17570)
(0.07004 -0.08342 0.18876)
(0.04188 -0.05645 0.19672)
(0.05113 -0.05571 0.22597)
(0.02390 -0.01885 0.21015)
(-0.05127 0.06586 0.13812)
(-0.06941 0.09031 0.14056)
(-0.08598 0.10369 0.11084)
(-0.11762 0.15014 0.05387)
(-0.24461 0.33733 -0.18774)
(-0.26665 0.37006 -0.25078)
(-0.28578 0.40000 -0.29685)
(-0.33129 0.46725 -0.42330)
(-0.38444 0.57133 -0.63931)
(-0.39664 0.60346 -0.66538)
(-0.40697 0.64824 -0.73532)
(-0.39753 0.63641 -0.78553)
(-0.39789 0.61982 -0.83558)
(-0.39275 0.62419 -0.89240)
(-0.37938 0.61892 -0.91597)
(-0.37642 0.61327 -0.92984)
(-0.37457 0.55431 -1.01260)
(-0.38048 0.52893 -1.05670)
(-0.38365 0.51902 -1.06750)
(-0.38072 0.50175 -1.08210)
(-0.40881 0.50071 -1.05610)
(-0.42802 0.49032 -1.05570)
(-0.45333 0.49770 -1.01220)
(-0.45602 0.48995 -1.01080)
(-0.46990 0.48829 -0.96518)
(-0.48482 0.46283 -0.86844)
(-0.48749 0.45873 -0.84769)
(-0.47992 0.44841 -0.82375)
(-0.47987 0.44201 -0.80790)
(-0.40068 0.33978 -0.58236)
(-0.39056 0.31623 -0.53199)
(-0.36819 0.29120 -0.47661)
(-0.35064 0.25795 -0.43947)
(-0.31723 0.22681 -0.36691)
(-0.26929 0.17220 -0.25412)
(-0.26699 0.15684 -0.20059)
(-0.25047 0.14038 -0.17129)
(-0.19553 0.08156 -0.03933)
(-0.11742 0.03646 0.02303)
(-0.01211 0.00353 0.00427)
(-0.01211 0.00335 0.00450)
(-0.00113 -0.00229 0.00378)
(0.00189 -0.02002 0.02629)
(0.00624 -0.03887 0.05899)
(0.00862 -0.04099 0.06418)
(0.01139 -0.04437 0.07126)
(0.01295 -0.04872 0.07801)
(0.02799 -0.06102 0.13070)
(0.04586 -0.07027 0.14969)
(0.06781 -0.08506 0.18298)
(0.02987 -0.04746 0.17275)
(0.01272 -0.01994 0.18900)
(-0.06440 0.07550 0.12734)
(-0.08467 0.09920 0.10590)
(-0.10443 0.12519 0.08992)
(-0.16207 0.21979 -0.02996)
(-0.26477 0.36655 -0.23320)
(-0.26956 0.36839 -0.22430)
(-0.28379 0.39754 -0.27815)
(-0.33873 0.49690 -0.39053)
(-0.38384 0.58601 -0.52628)
(-0.37884 0.57192 -0.53400)
(-0.39704 0.62819 -0.61355)
(-0.40815 0.67700 -0.68725)
(-0.40672 0.68388 -0.70462)
(-0.39350 0.64426 -0.80581)
(-0.37896 0.63055 -0.90163)
(-0.37596 0.62439 -0.91482)
(-0.37227 0.60755 -0.94038)
(-0.36509 0.56708 -1.00000)
(-0.38105 0.52440 -1.05910)
(-0.39140 0.52133 -1.05160)
(-0.40771 0.50864 -1.05070)
(-0.42218 0.50176 -1.04720)
(-0.45597 0.50194 -1.00900)
(-0.46524 0.50223 -1.00150)
(-0.47628 0.50648 -0.99222)
(-0.49453 0.46838 -0.86892)
(-0.49728 0.46504 -0.85257)
(-0.48864 0.45318 -0.82987)
(-0.49006 0.44667 -0.81267)
(-0.43788 0.37194 -0.64553)
(-0.41241 0.31148 -0.54663)
(-0.36312 0.23706 -0.40924)
(-0.33423 0.20330 -0.34459)
(-0.30029 0.18510 -0.28713)
(-0.26555 0.14224 -0.17535)
(-0.25582 0.13401 -0.15855)
(-0.18686 0.06020 0.01509)
(-0.13739 0.04108 0.02997)
(-0.07449 0.02144 0.02185)
(-0.14151 0.04024 0.03605)
(-0.01973 0.00519 0.00790)
(-0.00028 -0.00061 0.00096)
(-0.00217 -0.00486 0.00737)
(-0.00136 -0.00326 0.00486)
(-0.00537 -0.01253 0.01794)
(-0.00081 -0.03222 0.03970)
(-0.00028 -0.03699 0.05371)
(0.00651 -0.04298 0.06101)
(0.00423 -0.04844 0.06619)
(0.01003 -0.04594 0.06916)
(0.01446 -0.05710 0.08592)
(0.01766 -0.05686 0.10260)
(0.02557 -0.06152 0.12416)
(0.00684 -0.03718 0.13573)
(0.01602 -0.03916 0.15770)
(-0.01160 -0.01056 0.14623)
(-0.04679 0.04733 0.13346)
(-0.08929 0.10041 0.09568)
(-0.10724 0.12576 0.08120)
(-0.15410 0.17815 0.02493)
(-0.31403 0.39557 -0.20161)
(-0.28690 0.39671 -0.26388)
(-0.36194 0.52657 -0.36974)
(-0.41727 0.63573 -0.49359)
(-0.40372 0.65082 -0.59904)
(-0.41419 0.68981 -0.65667)
(-0.41050 0.69384 -0.69266)
(-0.40434 0.68404 -0.75413)
(-0.38894 0.67152 -0.84992)
(-0.37537 0.63770 -0.90022)
(-0.37085 0.61559 -0.92856)
(-0.36409 0.58350 -0.96516)
(-0.37335 0.53527 -1.02970)
(-0.38712 0.53037 -1.02130)
(-0.40236 0.52010 -1.02490)
(-0.42285 0.50663 -1.03550)
(-0.45659 0.50778 -1.01450)
(-0.46922 0.50672 -0.99791)
(-0.48325 0.51158 -0.98712)
(-0.50113 0.48697 -0.90394)
(-0.51730 0.47902 -0.87151)
(-0.49878 0.45933 -0.83514)
(-0.50501 0.43589 -0.77315)
(-0.47927 0.39595 -0.68466)
(-0.46591 0.35647 -0.61779)
(-0.40410 0.27827 -0.48155)
(-0.35783 0.21853 -0.37746)
(-0.33991 0.19998 -0.34049)
(-0.30940 0.17114 -0.24553)
(-0.24123 0.10635 -0.07930)
(-0.19358 0.06093 0.01609)
(-0.19242 0.05646 0.02863)
(-0.18698 0.05121 0.04549)
(-0.12462 0.03289 0.03966)
(-0.02089 0.00456 0.01251)
(0.01667 -0.00350 -0.01098)
(-0.00010 -0.00026 0.00052)
(-0.00118 -0.00334 0.00637)
(-0.00685 -0.02125 0.02629)
(-0.00278 -0.01215 0.01619)
(-0.00596 -0.02730 0.02735)
(0.00022 -0.03614 0.03871)
(0.00209 -0.04156 0.04086)
(0.00439 -0.04687 0.05625)
(0.00363 -0.04486 0.06249)
(0.01477 -0.06104 0.09084)
(0.01919 -0.07402 0.10349)
(0.00076 -0.04637 0.09082)
(-0.00723 -0.03466 0.12065)
(-0.04938 0.01363 0.09231)
(-0.07491 0.05707 0.07940)
(-0.10654 0.09465 0.05328)
(-0.20810 0.21367 -0.04526)
(-0.11453 0.13003 0.06831)
(-0.21016 0.23598 -0.03937)
(-0.32995 0.39215 -0.20145)
(-0.35294 0.44941 -0.28314)
(-0.40306 0.56368 -0.37636)
(-0.44281 0.63433 -0.45802)
(-0.42558 0.67953 -0.55132)
(-0.44310 0.72355 -0.59273)
(-0.44535 0.76904 -0.65326)
(-0.41173 0.73935 -0.74516)
(-0.40089 0.71836 -0.79035)
(-0.38865 0.71072 -0.82508)
(-0.37204 0.64925 -0.89614)
(-0.36278 0.59872 -0.93812)
(-0.35564 0.56421 -0.98198)
(-0.38581 0.54577 -0.99473)
(-0.39566 0.53479 -0.99902)
(-0.42110 0.51960 -1.01300)
(-0.45955 0.53166 -0.98560)
(-0.47198 0.51064 -0.99303)
(-0.51996 0.53433 -0.96490)
(-0.53913 0.52498 -0.93286)
(-0.57688 0.53246 -0.89189)
(-0.55862 0.48725 -0.82360)
(-0.55058 0.47014 -0.79784)
(-0.52096 0.41303 -0.69392)
(-0.48070 0.35974 -0.61769)
(-0.43026 0.30285 -0.51934)
(-0.40598 0.26613 -0.43832)
(-0.35021 0.20416 -0.33841)
(-0.30743 0.14860 -0.16282)
(-0.28460 0.12771 -0.12188)
(-0.27809 0.10995 -0.08143)
(-0.23417 0.06641 0.03587)
(-0.19237 0.04762 0.06799)
(-0.11711 0.02390 0.05964)
(-0.03311 0.00614 0.02125)
(0.01228 -0.00171 -0.01152)
(-0.00030 -0.00184 0.00337)
(-0.00162 -0.01130 0.01831)
(-0.00577 -0.02010 0.03039)
(-0.00396 -0.03079 0.03610)
(-0.00032 -0.04037 0.03966)
(0.00372 -0.04481 0.04208)
(-0.00360 -0.02739 0.03663)
(0.00224 -0.04230 0.05757)
(-0.00400 -0.03501 0.05453)
(-0.00715 -0.03124 0.05613)
(0.00481 -0.05020 0.08188)
(-0.02230 -0.02268 0.07076)
(-0.02992 -0.01662 0.07671)
(-0.06786 0.01844 0.03119)
(-0.07404 0.02547 0.03423)
(-0.08889 0.06749 0.06137)
(-0.10192 0.05573 0.02137)
(-0.13353 0.11457 0.01718)
(-0.23481 0.22390 -0.07998)
(-0.28691 0.31289 -0.12756)
(-0.35907 0.41679 -0.22828)
(-0.37040 0.44153 -0.24930)
(-0.44598 0.59325 -0.36240)
(-0.52482 0.73301 -0.49347)
(-0.46744 0.72328 -0.54160)
(-0.46549 0.74231 -0.57809)
(-0.46351 0.81278 -0.66615)
(-0.44328 0.78897 -0.70464)
(-0.41566 0.75734 -0.75523)
(-0.39324 0.73054 -0.80579)
(-0.37798 0.66804 -0.86410)
(-0.36828 0.63262 -0.90860)
(-0.35251 0.57491 -0.96596)
(-0.39021 0.56710 -0.95180)
(-0.42864 0.55751 -0.94174)
(-0.43189 0.53198 -0.98624)
(-0.47285 0.54326 -0.96390)
(-0.52210 0.55096 -0.96513)
(-0.56216 0.56361 -0.95975)
(-0.57337 0.54762 -0.91961)
(-0.58750 0.54389 -0.89737)
(-0.60955 0.52864 -0.83161)
(-0.57167 0.47482 -0.77120)
(-0.58774 0.47610 -0.75200)
(-0.50631 0.38051 -0.60874)
(-0.45947 0.32001 -0.52682)
(-0.46637 0.30987 -0.45698)
(-0.45055 0.29085 -0.41947)
(-0.40825 0.24644 -0.35412)
(-0.43735 0.27213 -0.37790)
(-0.35153 0.17852 -0.21408)
(-0.27485 0.08976 -0.04107)
(-0.26810 0.08580 -0.02770)
(-0.22485 0.04657 0.08669)
(-0.06858 0.01090 0.04424)
(-0.01039 0.00104 0.01012)
(0.00399 -0.00039 -0.00399)
(-0.00005 -0.00032 0.00067)
(-0.00079 -0.00530 0.01034)
(-0.00182 -0.01516 0.02611)
(-0.00269 -0.01724 0.02771)
(-0.00164 -0.01951 0.03068)
(-0.00024 -0.02540 0.03087)
(-0.00072 -0.03073 0.03411)
(-0.01545 -0.01153 0.02652)
(-0.01605 -0.01395 0.02991)
(-0.02028 -0.00879 0.02611)
(-0.02876 -0.00999 0.04775)
(-0.07567 0.02673 0.01972)
(-0.08296 0.03389 0.02090)
(-0.10109 0.05115 0.00855)
(-0.18069 0.14904 -0.05000)
(-0.27506 0.24878 -0.13233)
(-0.31044 0.33027 -0.15244)
(-0.40961 0.45031 -0.25343)
(-0.41607 0.48941 -0.28888)
(-0.46617 0.53134 -0.34371)
(-0.49537 0.64374 -0.41640)
(-0.54053 0.74236 -0.49459)
(-0.53075 0.75854 -0.51399)
(-0.52156 0.77529 -0.55238)
(-0.48541 0.81452 -0.63679)
(-0.45829 0.81236 -0.68135)
(-0.43177 0.78635 -0.72303)
(-0.41610 0.76370 -0.77291)
(-0.37876 0.68366 -0.84361)
(-0.38299 0.65489 -0.85937)
(-0.37564 0.61305 -0.90252)
(-0.40072 0.57600 -0.92965)
(-0.43215 0.56142 -0.93071)
(-0.44241 0.55712 -0.93890)
(-0.47379 0.55239 -0.93620)
(-0.53608 0.55832 -0.95469)
(-0.57203 0.56998 -0.93064)
(-0.62809 0.59755 -0.88416)
(-0.61116 0.56216 -0.87618)
(-0.62379 0.53177 -0.79366)
(-0.61202 0.51274 -0.77403)
(-0.60801 0.50245 -0.75517)
(-0.55167 0.42910 -0.64252)
(-0.48803 0.33391 -0.48374)
(-0.45040 0.28691 -0.40123)
(-0.40647 0.22788 -0.28678)
(-0.35367 0.16650 -0.18367)
(-0.32243 0.13661 -0.10740)
(-0.28883 0.09799 -0.04724)
(-0.26355 0.07573 0.00660)
(-0.21271 0.03315 0.07995)
(-0.07150 0.00553 0.05465)
(-0.00511 0.00018 0.00404)
(-0.00006 -0.00004 0.00054)
(-0.00173 -0.00160 0.01605)
(-0.00344 -0.00273 0.02836)
(-0.00364 -0.00478 0.02943)
(-0.00205 -0.00597 0.02517)
(-0.00059 -0.01953 0.03438)
(-0.01060 -0.00839 0.02582)
(-0.00021 -0.02295 0.03582)
(-0.01665 -0.00599 0.02273)
(-0.01869 -0.00731 0.02409)
(-0.02083 -0.00115 0.01958)
(-0.02410 -0.00151 0.01969)
(-0.02674 -0.00112 0.02010)
(-0.09165 0.04903 -0.01224)
(-0.09070 0.04156 0.00924)
(-0.10976 0.05907 -0.00369)
(-0.22559 0.18782 -0.09224)
(-0.28100 0.24990 -0.14304)
(-0.37265 0.37353 -0.22158)
(-0.46907 0.49086 -0.31567)
(-0.49471 0.52618 -0.34109)
(-0.50601 0.65021 -0.42559)
(-0.55780 0.75284 -0.50019)
(-0.54545 0.76614 -0.51324)
(-0.54736 0.78603 -0.52920)
(-0.52640 0.83674 -0.62234)
(-0.46925 0.82471 -0.67379)
(-0.46316 0.81449 -0.69708)
(-0.40877 0.73595 -0.80046)
(-0.38459 0.64151 -0.86474)
(-0.41186 0.62337 -0.87626)
(-0.44614 0.56124 -0.92819)
(-0.54558 0.57912 -0.91337)
(-0.59542 0.59599 -0.90371)
(-0.64089 0.59717 -0.86671)
(-0.62110 0.52305 -0.77458)
(-0.60412 0.49321 -0.73724)
(-0.46426 0.30351 -0.42549)
(-0.36660 0.17664 -0.19397)
(-0.08033 0.00444 0.05253)
(-0.00045 0.00037 0.00314)
(-0.00289 0.00203 0.02146)
(-0.00524 0.00345 0.03449)
(-0.00466 0.00578 0.03124)
(-0.00496 0.00639 0.03348)
(-0.00461 0.00424 0.03181)
(-0.01284 0.00835 0.01786)
(-0.01780 -0.00037 0.01932)
(-0.02268 0.00527 0.01572)
(-0.02766 0.00559 0.01446)
(-0.03917 0.01771 0.00667)
(-0.11590 0.08009 -0.04768)
(-0.14473 0.11151 -0.06825)
(-0.14152 0.09041 -0.04877)
(-0.26657 0.20987 -0.13895)
(-0.22995 0.18229 -0.09687)
(-0.31592 0.27201 -0.17730)
(-0.40480 0.38663 -0.25332)
(-0.41384 0.38431 -0.26131)
(-0.47597 0.49052 -0.32030)
(-0.50237 0.52804 -0.34661)
(-0.52504 0.61169 -0.39785)
(-0.59189 0.74759 -0.49443)
(-0.56994 0.77549 -0.51729)
(-0.55995 0.79173 -0.53159)
(-0.51200 0.84758 -0.65030)
(0.00064 -0.00164 -0.00447)
(-0.00172 0.00456 0.01180)
(-0.00354 0.01492 0.03565)
(-0.00282 0.00935 0.03438)
(-0.00508 0.01170 0.03036)
(-0.00364 0.01573 0.02297)
(-0.01232 0.01471 0.01515)
(-0.01660 0.01700 0.01298)
(-0.01538 0.02066 0.01148)
(-0.02681 0.02411 0.00354)
(-0.04429 0.03770 -0.00759)
(-0.07877 0.06558 -0.03356)
(-0.13342 0.10306 -0.06687)
(-0.13924 0.10833 -0.07013)
(-0.21024 0.16536 -0.11313)
(-0.27205 0.22280 -0.15218)
(-0.34382 0.30072 -0.20643)
(-0.42775 0.39171 -0.27705)
(-0.49297 0.49177 -0.33203)
(-0.57356 0.62370 -0.41710)
(-0.61823 0.71623 -0.47936)
(0.00050 -0.00186 -0.00406)
(-0.00034 0.00132 0.00284)
(-0.00209 0.01077 0.01940)
(-0.00161 0.02333 0.02927)
(-0.00194 0.02407 0.02666)
(-0.00288 0.02796 0.01985)
(-0.01733 0.03575 0.00943)
(-0.03633 0.04539 -0.00801)
(-0.05185 0.05406 -0.01858)
(-0.08883 0.08030 -0.04563)
(-0.12702 0.10246 -0.06470)
(-0.16070 0.12786 -0.09011)
(-0.21786 0.17628 -0.12800)
(-0.33210 0.27673 -0.21002)
(-0.34540 0.28695 -0.20721)
(-0.41608 0.34973 -0.26496)
(-0.47893 0.44669 -0.31889)
(-0.00010 0.00051 0.00094)
(-0.00162 0.01385 0.01800)
(-0.00096 0.01903 0.02401)
(-0.00143 0.02476 0.02924)
(-0.00239 0.02610 0.02556)
(-0.00285 0.02774 0.02457)
(-0.01602 0.04290 0.00841)
(-0.02874 0.05255 -0.00423)
(-0.04388 0.06088 -0.01578)
(-0.04965 0.06892 -0.01913)
(-0.09457 0.10318 -0.05537)
(-0.12397 0.12300 -0.07679)
(-0.13292 0.11659 -0.08030)
(-0.14902 0.14371 -0.09456)
(-0.17742 0.15804 -0.10884)
(-0.25853 0.21664 -0.15983)
(-0.00045 0.00168 0.00252)
(-0.00169 0.01870 0.02608)
(-0.00142 0.02611 0.02864)
(-0.00360 0.03315 0.03440)
(-0.00282 0.03052 0.02840)
(-0.01475 0.04273 0.01609)
(-0.02924 0.05853 -0.00544)
(-0.04845 0.06889 -0.01819)
(-0.10670 0.11712 -0.06431)
(-0.13714 0.13752 -0.08694)
(0.00007 -0.00037 -0.00053)
(-0.00164 0.01007 0.01430)
(-0.00266 0.02717 0.02791)
(-0.44493 0.80293 -0.74147)
(-0.38774 0.66415 -0.84914)
(-0.43560 0.56412 -0.91857)
(-0.49499 0.57267 -0.90819)
(-0.64161 0.60986 -0.86650)
(-0.63000 0.54592 -0.79784)
(-0.61622 0.51261 -0.75536)
(-0.54038 0.39574 -0.55424)
(-0.42709 0.27463 -0.36021)
(-0.34273 0.14905 -0.12644)
(-0.31342 0.12798 -0.08418)
(-0.21595 0.02888 0.08752)
(-0.20761 0.02345 0.09688)
(-0.19840 0.01765 0.10762)
(-0.01779 0.00067 0.01264)
(-0.55574 0.84779 -0.60295)
(-0.48489 0.84259 -0.69032)
(-0.45463 0.80886 -0.72883)
(-0.43245 0.77139 -0.76738)
(-0.39227 0.68456 -0.83447)
(-0.38968 0.64882 -0.85454)
(-0.41261 0.62136 -0.86003)
(-0.44723 0.58719 -0.86927)
(-0.44873 0.56396 -0.91673)
(-0.51958 0.59010 -0.87876)
(-0.55469 0.58416 -0.90323)
(-0.61787 0.60888 -0.88254)
(-0.64551 0.61434 -0.86032)
(-0.65303 0.61495 -0.86164)
(-0.66243 0.59849 -0.82237)
(-0.63037 0.53464 -0.77378)
(-0.62424 0.52323 -0.75387)
(-0.61165 0.49662 -0.71708)
(-0.55522 0.43024 -0.58279)
(-0.48117 0.33417 -0.45972)
(-0.43235 0.28018 -0.35072)
(-0.37610 0.19835 -0.21642)
(-0.34438 0.16140 -0.12397)
(-0.27004 0.08565 0.00120)
(-0.21030 0.02686 0.09129)
(-0.19514 0.01647 0.10570)
(-0.07162 0.00301 0.04669)
(-0.00698 0.00013 0.00496)
(-0.66004 0.79910 -0.53213)
(-0.61370 0.84529 -0.57136)
(-0.60256 0.85722 -0.58470)
(-0.55365 0.89006 -0.63948)
(-0.52711 0.86353 -0.65940)
(-0.48281 0.83513 -0.71291)
(-0.43401 0.78319 -0.76500)
(-0.42481 0.73599 -0.78887)
(-0.39297 0.65677 -0.84605)
(-0.40894 0.68114 -0.81497)
(-0.40304 0.62400 -0.84915)
(-0.44975 0.58537 -0.84054)
(-0.49068 0.58468 -0.86649)
(-0.51906 0.58990 -0.86888)
(-0.57375 0.59906 -0.87766)
(-0.61462 0.61378 -0.85816)
(-0.65068 0.63184 -0.84971)
(-0.66556 0.62533 -0.85293)
(-0.68042 0.62121 -0.81406)
(-0.66004 0.57861 -0.77714)
(-0.64042 0.55409 -0.72820)
(-0.60191 0.49578 -0.68107)
(-0.57375 0.44877 -0.58936)
(-0.52422 0.39778 -0.51273)
(-0.43199 0.27661 -0.31289)
(-0.37432 0.19599 -0.19316)
(-0.37671 0.22307 -0.21109)
(-0.31589 0.14269 -0.08710)
(-0.29229 0.11784 -0.05421)
(-0.27479 0.10842 -0.04923)
(-0.21844 0.03572 0.08144)
(-0.18719 0.01403 0.10118)
(-0.08621 -0.00002 0.05847)
(-0.01811 -0.00138 0.01610)
(0.00683 0.00068 -0.00635)
(-0.56985 0.55824 -0.39955)
(-0.61448 0.65230 -0.44906)
(-0.63481 0.71669 -0.48858)
(-0.65731 0.78838 -0.53336)
(-0.63492 0.83913 -0.56601)
(-0.62892 0.86660 -0.60434)
(-0.56683 0.88174 -0.63633)
(-0.54772 0.85998 -0.66200)
(-0.49004 0.83244 -0.71727)
(-0.47041 0.81183 -0.73463)
(-0.44322 0.75720 -0.76803)
(-0.43480 0.70332 -0.80221)
(-0.43653 0.65055 -0.82936)
(-0.44663 0.63150 -0.83097)
(-0.45780 0.58613 -0.84179)
(-0.53526 0.59772 -0.84210)
(-0.58278 0.61567 -0.83248)
(-0.59782 0.61206 -0.85409)
(-0.62092 0.62315 -0.84381)
(-0.67680 0.64522 -0.83463)
(-0.68277 0.63963 -0.83056)
(-0.67986 0.63171 -0.79224)
(-0.68071 0.62109 -0.78306)
(-0.63501 0.56700 -0.72208)
(-0.60783 0.52035 -0.68545)
(-0.58464 0.51953 -0.65239)
(-0.55672 0.46063 -0.58462)
(-0.47557 0.36210 -0.41791)
(-0.43669 0.30467 -0.35154)
(-0.37985 0.25030 -0.25445)
(-0.32322 0.16046 -0.12445)
(-0.23875 0.07081 0.00580)
(-0.26929 0.12251 -0.05881)
(-0.19748 0.02992 0.06107)
(-0.16683 0.01861 0.06429)
(-0.01616 -0.00145 0.01388)
(0.01266 0.00199 -0.01255)
(-0.12198 0.01746 0.05055)
(-0.33389 0.27907 -0.21369)
(-0.35873 0.30041 -0.22939)
(-0.38396 0.32334 -0.24798)
(-0.48501 0.44594 -0.32866)
(-0.57034 0.55243 -0.39829)
(-0.61251 0.59904 -0.42709)
(-0.59143 0.59876 -0.42398)
(-0.63629 0.67763 -0.47117)
(-0.66375 0.75738 -0.52047)
(-0.65105 0.81662 -0.56424)
(-0.63632 0.86318 -0.60387)
(-0.61747 0.87156 -0.61660)
(-0.55217 0.85483 -0.66919)
(-0.47810 0.81740 -0.72927)
(-0.46610 0.80043 -0.74115)
(-0.45884 0.72676 -0.78784)
(-0.42981 0.67726 -0.81489)
(-0.48122 0.64636 -0.82689)
(-0.47719 0.61084 -0.83329)
(-0.49666 0.64164 -0.82284)
(-0.56090 0.60984 -0.83122)
(-0.58000 0.61705 -0.83059)
(-0.59845 0.62243 -0.82975)
(-0.66767 0.64601 -0.82307)
(-0.68416 0.64864 -0.82982)
(-0.68258 0.64918 -0.82812)
(-0.68540 0.65206 -0.80569)
(-0.67901 0.62283 -0.76238)
(-0.66543 0.62271 -0.75539)
(-0.62439 0.57656 -0.69727)
(-0.57541 0.52977 -0.63536)
(-0.56379 0.49999 -0.61405)
(-0.44978 0.35223 -0.39777)
(-0.40019 0.27909 -0.30301)
(-0.37413 0.25013 -0.25864)
(-0.35294 0.22075 -0.21235)
(-0.22599 0.09924 -0.04957)
(-0.20322 0.06759 -0.00455)
(-0.16808 0.03108 0.04333)
(-0.08429 0.00239 0.04855)
(-0.00982 -0.00046 0.00703)
(-0.03846 -0.00618 0.03310)
(-0.00714 -0.00146 0.00667)
(-0.15065 0.14695 -0.09691)
(-0.16225 0.15328 -0.10471)
(-0.22047 0.19823 -0.14243)
(-0.33550 0.28107 -0.21714)
(-0.35732 0.29999 -0.23089)
(-0.35548 0.29902 -0.23220)
(-0.38173 0.32210 -0.24863)
(-0.50655 0.46870 -0.34923)
(-0.46229 0.39575 -0.30370)
(-0.55756 0.51618 -0.38013)
(-0.61067 0.57681 -0.41631)
(-0.68071 0.71086 -0.49483)
(-0.69107 0.73166 -0.50462)
(-0.66005 0.79454 -0.54407)
(-0.64284 0.86119 -0.60022)
(-0.62589 0.86754 -0.61224)
(-0.61618 0.86996 -0.62050)
(-0.58036 0.85926 -0.65173)
(-0.48489 0.82312 -0.72461)
(-0.47344 0.80772 -0.73553)
(-0.46834 0.75999 -0.77804)
(-0.44756 0.69083 -0.80865)
(-0.49151 0.65696 -0.82024)
(-0.50106 0.64982 -0.82219)
(-0.53937 0.62505 -0.82628)
(-0.57850 0.61846 -0.82959)
(-0.59621 0.62351 -0.82839)
(-0.59409 0.62455 -0.82761)
(-0.65824 0.64693 -0.81362)
(-0.66758 0.65746 -0.79591)
(-0.66976 0.65540 -0.78658)
(-0.67147 0.65566 -0.76438)
(-0.59116 0.55155 -0.65380)
(-0.57031 0.53085 -0.63369)
(-0.55592 0.51019 -0.61624)
(-0.45614 0.38514 -0.44611)
(-0.39301 0.27776 -0.30379)
(-0.36908 0.25016 -0.26215)
(-0.34845 0.22047 -0.21599)
(-0.29686 0.17833 -0.15984)
(-0.20730 0.08797 -0.04055)
(-0.13232 0.01045 0.05207)
(-0.03181 -0.00566 0.02393)
(0.00638 0.00173 -0.00572)
(-0.00227 -0.00052 0.00188)
(-0.00575 0.03769 0.03969)
(-0.01724 0.05361 0.01789)
(-0.01870 0.05165 0.01258)
(-0.03451 0.06871 -0.00628)
(-0.04535 0.07596 -0.00474)
(-0.05294 0.08381 -0.01921)
(-0.09785 0.11190 -0.05645)
(-0.13801 0.13982 -0.08840)
(-0.13965 0.14284 -0.09040)
(-0.15239 0.15021 -0.09920)
(-0.16565 0.15778 -0.10843)
(-0.23412 0.21184 -0.15829)
(-0.31735 0.27256 -0.21194)
(-0.35916 0.30033 -0.23117)
(-0.46928 0.40034 -0.30910)
(-0.56581 0.50951 -0.38413)
(-0.61602 0.57811 -0.43469)
(-0.68228 0.69999 -0.49000)
(-0.69019 0.72247 -0.50010)
(-0.67855 0.76791 -0.52583)
(-0.67100 0.80822 -0.55719)
(-0.63364 0.86513 -0.60783)
(-0.62264 0.86781 -0.61709)
(-0.59215 0.84361 -0.66703)
(-0.52742 0.83479 -0.70511)
(-0.50421 0.80262 -0.74324)
(-0.49543 0.76857 -0.77167)
(-0.46641 0.71580 -0.79228)
(-0.49260 0.66482 -0.81935)
(-0.50498 0.65802 -0.82161)
(-0.53140 0.64414 -0.82469)
(-0.57801 0.63291 -0.82563)
(-0.58637 0.62959 -0.82372)
(-0.62891 0.64299 -0.81539)
(-0.66316 0.65760 -0.79826)
(-0.65616 0.65618 -0.77982)
(-0.67086 0.66082 -0.77097)
(-0.66448 0.66010 -0.74785)
(-0.64410 0.63323 -0.72894)
(-0.62166 0.58659 -0.68912)
(-0.57534 0.54246 -0.64220)
(-0.55275 0.51987 -0.62003)
(-0.54796 0.50849 -0.61168)
(-0.47454 0.42873 -0.51617)
(-0.38827 0.29036 -0.33640)
(-0.37206 0.32948 -0.35779)
(-0.32674 0.24093 -0.25880)
(-0.23503 0.17032 -0.13357)
(-0.20516 0.09484 -0.05877)
(-0.17231 0.05407 -0.00389)
(-0.15590 0.04210 0.00715)
(-0.08475 -0.00345 0.04632)
(-0.01741 -0.00300 0.01302)
(-0.00026 0.00210 0.00288)
(-0.00029 0.00546 0.00705)
(-0.01277 0.04254 0.03159)
(-0.02274 0.05475 0.02073)
(-0.03115 0.05740 0.02568)
(-0.04355 0.07049 0.00641)
(-0.05499 0.07968 -0.00415)
(-0.06872 0.08771 -0.01622)
(-0.09839 0.10975 -0.03947)
(-0.09947 0.11034 -0.04174)
(-0.15375 0.15261 -0.09456)
(-0.20177 0.18009 -0.11942)
(-0.23086 0.20313 -0.14875)
(-0.30525 0.25795 -0.19863)
(-0.34892 0.29258 -0.23504)
(-0.45557 0.37578 -0.30221)
(-0.48414 0.40004 -0.32084)
(-0.56384 0.49350 -0.38957)
(-0.63170 0.56991 -0.44212)
(-0.67447 0.65329 -0.48394)
(-0.68618 0.66211 -0.51207)
(-0.70218 0.75909 -0.54238)
(-0.67930 0.77843 -0.58071)
(-0.65330 0.83785 -0.60969)
(-0.63818 0.82700 -0.63961)
(-0.63057 0.82513 -0.65847)
(-0.55613 0.84401 -0.69839)
(-0.54774 0.81072 -0.72298)
(-0.53387 0.76707 -0.76664)
(-0.50087 0.73420 -0.78771)
(-0.52089 0.70849 -0.80091)
(-0.52361 0.68011 -0.81692)
(-0.52710 0.64741 -0.82482)
(-0.56207 0.64665 -0.82258)
(-0.59363 0.64676 -0.82622)
(-0.62138 0.64648 -0.81141)
(-0.66068 0.66039 -0.79954)
(-0.63165 0.64392 -0.77098)
(-0.65426 0.65740 -0.76197)
(-0.61414 0.63497 -0.70926)
(-0.58337 0.59355 -0.67262)
(-0.53196 0.53466 -0.61055)
(-0.44174 0.42919 -0.48554)
(-0.44474 0.47375 -0.51444)
(-0.37969 0.36615 -0.43419)
(-0.31927 0.32310 -0.33352)
(-0.28316 0.24892 -0.22826)
(-0.23133 0.19687 -0.14643)
(-0.18167 0.10327 -0.04668)
(-0.14860 0.08377 -0.03376)
(-0.07515 0.03277 0.01906)
(-0.03640 0.01584 0.01084)
(-0.01340 0.00575 0.00444)
(-0.00043 0.00164 0.00257)
(-0.01520 0.03944 0.02720)
(-0.02912 0.05493 0.03130)
(-0.04381 0.06153 0.02980)
(-0.04610 0.06350 0.02712)
(-0.05070 0.06738 0.02195)
(-0.06687 0.08815 -0.01062)
(-0.06326 0.07733 0.01140)
(-0.10271 0.11232 -0.03510)
(-0.12522 0.12935 -0.05719)
(-0.16512 0.15024 -0.08040)
(-0.20110 0.17537 -0.09434)
(-0.26118 0.21989 -0.15329)
(-0.32095 0.27124 -0.21080)
(-0.36393 0.30043 -0.22607)
(-0.44415 0.36309 -0.29669)
(-0.52654 0.42615 -0.33189)
(-0.58406 0.48182 -0.39438)
(-0.64707 0.59583 -0.46006)
(-0.68738 0.64405 -0.53971)
(-0.69715 0.70838 -0.55267)
(-0.68731 0.73601 -0.57204)
(-0.68420 0.80600 -0.60369)
(-0.69359 0.76076 -0.59738)
(-0.66513 0.81607 -0.62888)
(-0.64722 0.80564 -0.66063)
(-0.56528 0.83871 -0.69791)
(-0.57181 0.80503 -0.71732)
(-0.57216 0.74313 -0.76720)
(-0.53432 0.73576 -0.78481)
(-0.57175 0.73000 -0.77641)
(-0.53229 0.71399 -0.79925)
(-0.54798 0.69107 -0.81246)
(-0.54746 0.66976 -0.82254)
(-0.54729 0.66378 -0.82461)
(-0.57381 0.65796 -0.82300)
(-0.59339 0.65221 -0.82382)
(-0.58136 0.63851 -0.80222)
(-0.60661 0.64417 -0.81384)
(-0.60981 0.64294 -0.78813)
(-0.62662 0.64899 -0.77004)
(-0.61814 0.64027 -0.74702)
(-0.60094 0.63488 -0.74644)
(-0.57209 0.61752 -0.70055)
(-0.56241 0.61311 -0.67575)
(-0.52173 0.56300 -0.61190)
(-0.43359 0.48692 -0.50884)
(-0.37211 0.38412 -0.41864)
(-0.37890 0.44196 -0.45128)
(-0.32370 0.35228 -0.35474)
(-0.18937 0.24667 -0.18065)
(-0.21716 0.23148 -0.18228)
(-0.16034 0.20124 -0.12529)
(-0.14509 0.10934 -0.05482)
(-0.13048 0.09430 -0.04007)
(-0.15198 0.19442 -0.11606)
(-0.09862 0.07209 -0.02734)
(-0.01320 0.00942 0.00508)
(-0.00018 0.00049 0.00078)
(-0.02047 0.03480 0.02434)
(-0.03509 0.04684 0.02501)
(-0.05074 0.06592 0.02667)
(-0.05741 0.07178 0.01868)
(-0.05790 0.07032 0.02278)
(-0.06385 0.07547 0.01605)
(-0.10930 0.11423 -0.03119)
(-0.17941 0.16401 -0.07371)
(-0.20068 0.17382 -0.08050)
(-0.26660 0.22600 -0.14104)
(-0.32512 0.26483 -0.16528)
(-0.35711 0.28807 -0.19450)
(-0.44185 0.35883 -0.27385)
(-0.53892 0.42974 -0.33702)
(-0.56187 0.45274 -0.35938)
(-0.57905 0.46673 -0.37196)
(-0.64315 0.58138 -0.45680)
(-0.68836 0.63254 -0.54009)
(-0.69100 0.65628 -0.55137)
(-0.69404 0.67850 -0.56813)
(-0.69093 0.71620 -0.61109)
(-0.68542 0.74952 -0.63749)
(-0.66396 0.74666 -0.67338)
(-0.63044 0.78591 -0.69104)
(-0.61283 0.76264 -0.71345)
(-0.58360 0.73534 -0.76775)
(-0.58353 0.72586 -0.77387)
(-0.57214 0.72246 -0.78308)
(-0.57022 0.69410 -0.80240)
(-0.55022 0.67416 -0.81829)
(-0.55648 0.66180 -0.82336)
(-0.57431 0.64982 -0.81345)
(-0.58448 0.65035 -0.80035)
(-0.57554 0.63338 -0.77248)
(-0.57268 0.63113 -0.76379)
(-0.58142 0.62897 -0.74254)
(-0.56213 0.61415 -0.69628)
(-0.54841 0.60659 -0.68100)
(-0.49319 0.56286 -0.59357)
(-0.48963 0.56158 -0.60641)
(-0.46518 0.52645 -0.55710)
(-0.30868 0.42470 -0.38181)
(-0.32250 0.38093 -0.36406)
(-0.28903 0.40769 -0.35565)
(-0.21652 0.28705 -0.22439)
(-0.16364 0.23774 -0.15378)
(-0.15266 0.21298 -0.13066)
(-0.12025 0.12743 -0.06200)
(-0.08575 0.08092 -0.03796)
(-0.12917 0.18858 -0.10812)
(-0.01882 0.01982 -0.00118)
(-0.00366 0.00394 -0.00016)
(0.00025 -0.00064 -0.00126)
(-0.01570 0.02138 0.01505)
(-0.02460 0.03168 0.02395)
(-0.05247 0.06549 0.02974)
(-0.06098 0.07044 0.02462)
(-0.11803 0.11994 -0.01039)
(-0.15962 0.14681 -0.04431)
(-0.18448 0.15998 -0.05505)
(-0.31186 0.25689 -0.13742)
(-0.32737 0.26551 -0.14125)
(-0.34573 0.27835 -0.15594)
(-0.41967 0.33067 -0.24172)
(-0.53848 0.42508 -0.32637)
(-0.55810 0.44487 -0.34974)
(-0.57394 0.45769 -0.36259)
(-0.65643 0.56487 -0.46662)
(-0.68984 0.63869 -0.55051)
(-0.68530 0.63085 -0.56545)
(-0.69476 0.65403 -0.60222)
(-0.68448 0.70771 -0.63531)
(-0.66709 0.69201 -0.66770)
(-0.65310 0.73622 -0.69547)
(-0.64876 0.73251 -0.70407)
(-0.62952 0.71037 -0.74488)
(-0.59332 0.71553 -0.77176)
(-0.58230 0.71850 -0.77947)
(-0.57177 0.68367 -0.79041)
(-0.57481 0.67755 -0.79786)
(-0.55145 0.65635 -0.80509)
(-0.56548 0.65572 -0.79833)
(-0.56657 0.65044 -0.80084)
(-0.56849 0.63927 -0.79677)
(-0.55277 0.62470 -0.76811)
(-0.56365 0.62898 -0.77060)
(-0.55877 0.62513 -0.76040)
(-0.55041 0.61977 -0.74748)
(-0.51246 0.59506 -0.67929)
(-0.54899 0.60818 -0.69010)
(-0.53593 0.60092 -0.67449)
(-0.45838 0.55288 -0.58932)
(-0.42918 0.52518 -0.53168)
(-0.41434 0.51973 -0.51798)
(-0.30285 0.42878 -0.37738)
(-0.28271 0.41179 -0.35038)
(-0.25258 0.36079 -0.28983)
(-0.26367 0.39665 -0.32505)
(-0.16200 0.25025 -0.15877)
(-0.15136 0.22796 -0.13984)
(-0.14941 0.24081 -0.14522)
(-0.11355 0.18341 -0.10400)
(-0.06126 0.09261 -0.04762)
(-0.00679 0.01234 -0.00331)
(0.00328 -0.00690 0.00172)
(0.00208 -0.00339 -0.00542)
(-0.00066 0.00124 0.00198)
(-0.01462 0.02086 0.02159)
(-0.04909 0.06170 0.03939)
(-0.07424 0.07852 0.03214)
(-0.11206 0.10975 0.00314)
(-0.13402 0.12011 -0.00350)
(-0.15774 0.13750 -0.02069)
(-0.22091 0.18211 -0.06043)
(-0.30507 0.24955 -0.12465)
(-0.32115 0.25997 -0.12953)
(-0.34299 0.27496 -0.14482)
(-0.37915 0.29660 -0.15188)
(-0.40520 0.31376 -0.21424)
(-0.44523 0.33933 -0.23144)
(-0.55293 0.43677 -0.33547)
(-0.56690 0.44825 -0.34778)
(-0.61261 0.48672 -0.38967)
(-0.64860 0.52688 -0.45934)
(-0.68072 0.59652 -0.53908)
(-0.64821 0.54275 -0.46692)
(-0.69011 0.61020 -0.56904)
(-0.68807 0.63579 -0.58185)
(-0.68637 0.65349 -0.62033)
(-0.66876 0.63882 -0.64710)
(-0.65928 0.71729 -0.69703)
(-0.65512 0.71501 -0.70427)
(-0.64166 0.69102 -0.73057)
(-0.61780 0.66033 -0.74815)
(-0.59106 0.71049 -0.77595)
(-0.61608 0.64879 -0.76086)
(-0.58889 0.68071 -0.78325)
(-0.58777 0.66394 -0.79203)
(-0.57363 0.64324 -0.79221)
(-0.56357 0.64821 -0.79681)
(-0.55785 0.64320 -0.79435)
(-0.52715 0.60926 -0.76409)
(-0.50663 0.59527 -0.74240)
(-0.54723 0.62003 -0.75731)
(-0.53694 0.61288 -0.74196)
(-0.45700 0.55992 -0.64733)
(-0.46545 0.56001 -0.63155)
(-0.41748 0.52766 -0.55930)
(-0.38169 0.50639 -0.50279)
(-0.30964 0.44956 -0.40045)
(-0.28432 0.44351 -0.38279)
(-0.27785 0.41374 -0.34722)
(-0.25870 0.39758 -0.32131)
(-0.16050 0.31054 -0.19831)
(-0.16705 0.29901 -0.19513)
(-0.12678 0.26038 -0.14556)
(-0.13243 0.22716 -0.12857)
(-0.03027 0.06599 -0.02687)
(-0.02316 0.07355 -0.02746)
(-0.00036 0.00109 -0.00034)
(0.00287 -0.00544 -0.00886)
(-0.02929 0.03882 0.03250)
(-0.05619 0.06398 0.04305)
(0.00213 -0.00439 -0.00861)
(-0.00352 0.00652 0.01154)
(-0.06291 0.07171 0.04524)
(-0.07358 0.07749 0.03813)
(-0.08452 0.08474 0.02802)
(-0.08667 0.08776 0.03514)
(-0.15202 0.13331 -0.01216)
(-0.20471 0.16938 -0.03593)
(-0.24994 0.20445 -0.07492)
(-0.20430 0.17195 -0.02960)
(-0.24605 0.20316 -0.06515)
(-0.33774 0.27128 -0.13408)
(-0.34443 0.26420 -0.11571)
(-0.42583 0.32631 -0.19541)
(-0.48898 0.38246 -0.25557)
(-0.46438 0.36156 -0.20085)
(-0.51979 0.41427 -0.27420)
(-0.54640 0.43973 -0.31787)
(-0.61606 0.50180 -0.41808)
(-0.63759 0.51398 -0.45055)
(-0.64624 0.55159 -0.48817)
(-0.62855 0.56281 -0.50851)
(-0.67698 0.62965 -0.59712)
(-0.65386 0.61468 -0.62889)
(-0.66575 0.68739 -0.69295)
(-0.64782 0.68124 -0.68704)
(-0.64299 0.66396 -0.71985)
(-0.63690 0.61571 -0.73817)
(-0.63311 0.61389 -0.74053)
(-0.60203 0.63843 -0.76590)
(-0.58950 0.64424 -0.77789)
(-0.56005 0.60744 -0.77002)
(-0.53988 0.60575 -0.77431)
(-0.55675 0.63419 -0.79211)
(-0.55401 0.63747 -0.79644)
(-0.50906 0.59375 -0.75611)
(-0.49233 0.58146 -0.74665)
(-0.43976 0.54264 -0.68610)
(-0.48824 0.58355 -0.71985)
(-0.44217 0.55251 -0.65285)
(-0.37974 0.51437 -0.57776)
(-0.36698 0.49916 -0.54401)
(-0.38054 0.50538 -0.53628)
(-0.34477 0.48134 -0.46206)
(-0.33391 0.47396 -0.47037)
(-0.27875 0.43610 -0.38373)
(-0.27239 0.42326 -0.35075)
(-0.24980 0.41195 -0.34249)
(-0.20744 0.37468 -0.27546)
(-0.25577 0.39827 -0.32030)
(-0.18773 0.34010 -0.23440)
(-0.13094 0.28266 -0.16143)
(-0.08823 0.25764 -0.10897)
(-0.08744 0.23621 -0.09962)
(-0.02562 0.08473 -0.03002)
(0.00155 -0.00589 0.00204)
(-0.00247 0.00887 -0.00299)
(-0.00281 0.00400 0.00512)
(-0.02902 0.03461 0.03571)
(-0.03572 0.04369 0.04261)
(-0.06067 0.06871 0.05815)
(-0.07110 0.07628 0.05426)
(-0.17416 0.15183 -0.01551)
(-0.16442 0.13822 0.00506)
(-0.23526 0.19198 -0.03116)
(-0.24762 0.19156 -0.03408)
(-0.36917 0.29124 -0.12664)
(-0.39506 0.31280 -0.13954)
(-0.46390 0.36687 -0.21240)
(-0.44574 0.36784 -0.21192)
(-0.55119 0.45127 -0.32929)
(-0.52337 0.44145 -0.32927)
(-0.60918 0.51015 -0.44105)
(-0.58824 0.50985 -0.48622)
(-0.59637 0.52018 -0.51620)
(-0.59441 0.52062 -0.52363)
(-0.65311 0.61377 -0.63648)
(-0.61499 0.54206 -0.58470)
(-0.63846 0.59714 -0.67752)
(-0.63496 0.61084 -0.69425)
(-0.62691 0.59502 -0.70756)
(-0.60451 0.57935 -0.70206)
(-0.59125 0.56038 -0.71776)
(-0.60666 0.61233 -0.75006)
(-0.57280 0.57858 -0.74972)
(-0.56302 0.58193 -0.75656)
(-0.54469 0.56946 -0.75022)
(-0.50456 0.55768 -0.75482)
(-0.51109 0.57562 -0.76482)
(-0.50083 0.57176 -0.75397)
(-0.47208 0.55205 -0.71856)
(-0.44702 0.54508 -0.69501)
(-0.39275 0.50303 -0.63430)
(-0.42977 0.53211 -0.65028)
(-0.38456 0.50183 -0.58725)
(-0.36254 0.49074 -0.55071)
(-0.29577 0.44031 -0.44227)
(-0.23228 0.38935 -0.36686)
(-0.27016 0.42391 -0.39497)
(-0.24510 0.40654 -0.34008)
(-0.19440 0.36831 -0.27091)
(-0.14927 0.32851 -0.20033)
(-0.11262 0.27752 -0.14028)
(-0.12675 0.29071 -0.15946)
(-0.08665 0.25347 -0.10742)
(-0.08239 0.24697 -0.10237)
(-0.05494 0.17461 -0.06848)
(-0.01711 0.06745 -0.02328)
(0.00056 -0.00378 0.00092)
(0.00536 -0.02006 0.00662)
(-0.00370 0.00486 0.00530)
(-0.01742 0.02218 0.02309)
(-0.02431 0.03074 0.03041)
(-0.05881 0.06903 0.05997)
(-0.06934 0.07705 0.05674)
(-0.11732 0.11118 0.03162)
(-0.06389 0.07356 0.05904)
(-0.13907 0.12835 0.02481)
(-0.18732 0.15634 -0.00224)
(-0.22596 0.17776 -0.02125)
(-0.20276 0.16871 -0.01045)
(-0.23239 0.18302 -0.02348)
(-0.29236 0.23511 -0.06127)
(-0.32097 0.26531 -0.09587)
(-0.39003 0.32153 -0.14457)
(-0.42015 0.36206 -0.19753)
(-0.44618 0.38269 -0.23001)
(-0.44530 0.38542 -0.23649)
(-0.53108 0.45213 -0.35831)
(-0.57133 0.49888 -0.46343)
(-0.58256 0.50939 -0.49103)
(-0.57816 0.50847 -0.49599)
(-0.58168 0.51255 -0.51316)
(-0.62334 0.55777 -0.64928)
(-0.61701 0.55807 -0.66678)
(-0.59581 0.53323 -0.66291)
(-0.58464 0.52410 -0.66047)
(-0.57412 0.52776 -0.68019)
(-0.55268 0.52894 -0.70970)
(-0.54528 0.52668 -0.71103)
(-0.53912 0.52410 -0.71195)
(-0.50635 0.53905 -0.73456)
(-0.49367 0.54831 -0.74906)
(-0.46561 0.53490 -0.72160)
(-0.41036 0.49323 -0.65901)
(-0.38893 0.48342 -0.62578)
(-0.31690 0.42216 -0.52993)
(-0.34681 0.46117 -0.56884)
(-0.30505 0.41362 -0.51169)
(-0.30268 0.41981 -0.49689)
(-0.27664 0.42574 -0.44160)
(-0.23100 0.38595 -0.37148)
(-0.21898 0.37598 -0.35003)
(-0.21947 0.37896 -0.34392)
(-0.20677 0.36609 -0.32855)
(-0.18926 0.35235 -0.28559)
(-0.15696 0.32122 -0.20706)
(-0.12262 0.27334 -0.16114)
(-0.12768 0.29049 -0.15909)
(-0.11320 0.28355 -0.14410)
(-0.07244 0.22955 -0.09621)
(-0.04894 0.16754 -0.06566)
(-0.02904 0.11269 -0.03646)
(-0.00184 0.01499 -0.00332)
(-0.00004 -0.00762 0.00054)
(-0.00600 0.00792 0.00836)
(-0.00532 0.00714 0.00744)
(-0.03748 0.04659 0.04337)
(-0.06037 0.07268 0.06207)
(-0.12867 0.12145 0.02943)
(-0.11655 0.12045 0.03269)
(-0.12766 0.12778 0.02714)
(-0.16941 0.15653 0.00577)
(-0.23473 0.20935 -0.03659)
(-0.22062 0.21131 -0.02516)
(-0.32893 0.28631 -0.10518)
(-0.36431 0.32203 -0.15591)
(-0.41752 0.36410 -0.20460)
(-0.41680 0.36697 -0.21113)
(-0.44293 0.38685 -0.23987)
(-0.46023 0.40999 -0.30571)
(-0.56379 0.49615 -0.46336)
(-0.55721 0.49351 -0.46470)
(-0.53312 0.47871 -0.46505)
(-0.57057 0.50735 -0.56316)
(-0.57723 0.51346 -0.60246)
(-0.54827 0.47932 -0.59049)
(-0.54441 0.47630 -0.59515)
(-0.53994 0.47194 -0.59730)
(-0.54526 0.51476 -0.69793)
(-0.51883 0.48198 -0.63853)
(-0.53794 0.51145 -0.69875)
(-0.53095 0.50857 -0.70087)
(-0.48710 0.49485 -0.69575)
(-0.44644 0.45808 -0.65331)
(-0.44730 0.47075 -0.67172)
(-0.48228 0.53985 -0.74322)
(-0.41829 0.48032 -0.67120)
(-0.38525 0.42228 -0.60952)
(-0.39461 0.47426 -0.64293)
(-0.31440 0.41509 -0.53135)
(-0.30292 0.40642 -0.51244)
(-0.29188 0.39903 -0.49512)
(-0.26467 0.37888 -0.45259)
(-0.22838 0.38181 -0.37375)
(-0.21831 0.37286 -0.35570)
(-0.21399 0.35478 -0.35710)
(-0.20728 0.36399 -0.33583)
(-0.14876 0.30355 -0.21304)
(-0.16634 0.31635 -0.26861)
(-0.13186 0.27691 -0.18895)
(-0.10486 0.24470 -0.13773)
(-0.11664 0.26178 -0.16617)
(-0.06535 0.18959 -0.07772)
(-0.05897 0.17969 -0.06707)
(-0.01300 0.06523 -0.01916)
(-0.01862 0.05943 -0.02057)
(-0.00199 0.01062 -0.00296)
(-0.03002 0.03827 0.03611)
(-0.00706 0.00954 0.00974)
(-0.02064 0.03453 0.03849)
(-0.07480 0.08838 0.05572)
(-0.10036 0.11284 0.04747)
(-0.12982 0.13301 0.03135)
(-0.15230 0.15356 0.01687)
(-0.19772 0.19518 -0.01296)
(-0.19799 0.19666 -0.01464)
(-0.24420 0.22862 -0.04245)
(-0.25718 0.24633 -0.06571)
(-0.38786 0.34611 -0.18486)
(-0.40852 0.37074 -0.22578)
(-0.46742 0.42585 -0.34698)
(-0.41895 0.39796 -0.31178)
(-0.47062 0.43165 -0.37955)
(-0.54529 0.48590 -0.52236)
(-0.54150 0.48412 -0.52948)
(-0.52904 0.46360 -0.55634)
(-0.53069 0.46328 -0.57281)
(-0.52636 0.45830 -0.57692)
(-0.49528 0.44195 -0.59371)
(-0.52779 0.49457 -0.68240)
(-0.46356 0.41543 -0.57069)
(-0.47080 0.42563 -0.60263)
(-0.52167 0.49249 -0.68627)
(-0.47513 0.44621 -0.64447)
(-0.44408 0.43012 -0.64203)
(-0.41571 0.41146 -0.62179)
(-0.39053 0.40212 -0.59821)
(-0.35725 0.38863 -0.56779)
(-0.36778 0.42157 -0.59694)
(-0.33223 0.38345 -0.54710)
(-0.31857 0.40012 -0.54863)
(-0.30126 0.39929 -0.51402)
(-0.28997 0.38828 -0.49607)
(-0.27873 0.37834 -0.47906)
(-0.27876 0.38459 -0.47782)
(-0.23325 0.34710 -0.41098)
(-0.18770 0.31154 -0.31923)
(-0.20689 0.36054 -0.34218)
(-0.16282 0.29708 -0.27656)
(-0.15732 0.29093 -0.25195)
(-0.13483 0.27520 -0.19962)
(-0.10164 0.24033 -0.16675)
(-0.08186 0.21482 -0.11158)
(-0.05093 0.15144 -0.05953)
(-0.04772 0.13508 -0.06072)
(-0.03833 0.11541 -0.04438)
(-0.00976 0.03032 -0.01103)
(-0.00319 0.01039 -0.00348)
(-0.00020 0.00042 0.00053)
(-0.00574 0.01142 0.01422)
(-0.00187 0.00284 0.00264)
(-0.04263 0.05730 0.04750)
(-0.12648 0.13542 0.03091)
(-0.03001 0.04769 0.03573)
(-0.07764 0.10198 0.05383)
(-0.11761 0.13406 0.03014)
(-0.18239 0.18608 -0.00708)
(-0.15382 0.16272 0.00108)
(-0.18523 0.18361 -0.00929)
(-0.17913 0.18706 -0.02387)
(-0.24754 0.24439 -0.07138)
(-0.24224 0.24916 -0.08082)
(-0.29927 0.29582 -0.14063)
(-0.29949 0.29990 -0.14900)
(-0.37102 0.36084 -0.23194)
(-0.37111 0.36194 -0.23199)
(-0.37445 0.36436 -0.26205)
(-0.47085 0.43351 -0.41621)
(-0.39842 0.38237 -0.31958)
(-0.46901 0.43311 -0.44417)
(-0.47199 0.42309 -0.46280)
(-0.45815 0.41144 -0.46512)
(-0.48267 0.41761 -0.51474)
(-0.44254 0.38733 -0.48768)
(-0.41397 0.35398 -0.47566)
(-0.39751 0.33837 -0.48007)
(-0.38289 0.33207 -0.48260)
(-0.41421 0.36790 -0.54384)
(-0.40738 0.37914 -0.59105)
(-0.37877 0.33231 -0.49213)
(-0.39091 0.36827 -0.60108)
(-0.37481 0.36600 -0.56154)
(-0.32870 0.34561 -0.51930)
(-0.33312 0.36530 -0.53670)
(-0.27045 0.32275 -0.46470)
(-0.26126 0.31607 -0.45077)
(-0.24846 0.32931 -0.43668)
(-0.20154 0.29168 -0.37883)
(-0.20258 0.30463 -0.36448)
(-0.17112 0.28350 -0.31734)
(-0.14753 0.26188 -0.29562)
(-0.15133 0.27181 -0.27895)
(-0.12360 0.25107 -0.22967)
(-0.10397 0.22578 -0.19328)
(-0.10208 0.22668 -0.16261)
(-0.07968 0.21036 -0.13354)
(-0.05092 0.12917 -0.08466)
(-0.04736 0.13241 -0.07947)
(-0.01138 0.03399 -0.02004)
(-0.00782 0.02572 -0.01091)
(0.00615 -0.01242 -0.01307)
(-0.00075 0.00137 0.00134)
(-0.05446 0.07624 0.04185)
(0.00040 -0.00088 -0.00080)
(-0.00990 0.02027 0.01759)
(-0.04579 0.07719 0.05143)
(-0.06080 0.09228 0.05170)
(-0.10508 0.13262 0.01993)
(-0.05557 0.09022 0.05096)
(-0.06205 0.09527 0.04766)
(-0.14497 0.16920 -0.01404)
(-0.16597 0.19535 -0.03942)
(-0.21778 0.24042 -0.07732)
(-0.20834 0.23469 -0.08175)
(-0.30425 0.31178 -0.18293)
(-0.27808 0.29160 -0.16184)
(-0.27927 0.29588 -0.18035)
(-0.27404 0.28936 -0.18283)
(-0.35891 0.35094 -0.29157)
(-0.27590 0.28917 -0.19009)
(-0.40778 0.37561 -0.37518)
(-0.40492 0.36910 -0.38587)
(-0.37064 0.33202 -0.35825)
(-0.37973 0.33420 -0.39215)
(-0.36591 0.31618 -0.40004)
(-0.37514 0.31406 -0.43582)
(-0.34398 0.28212 -0.40170)
(-0.31017 0.25220 -0.38064)
(-0.25584 0.19950 -0.31980)
(-0.36548 0.33682 -0.53134)
(-0.33729 0.31302 -0.50152)
(-0.26356 0.22185 -0.35725)
(-0.26824 0.23578 -0.39498)
(-0.28666 0.27835 -0.44113)
(-0.25572 0.25635 -0.40170)
(-0.22368 0.21388 -0.35286)
(-0.21618 0.21305 -0.34752)
(-0.23009 0.24153 -0.38116)
(-0.25675 0.30495 -0.44092)
(-0.22759 0.25720 -0.39234)
(-0.20157 0.25841 -0.36780)
(-0.19671 0.27366 -0.37639)
(-0.16866 0.23208 -0.32319)
(-0.16239 0.23164 -0.29687)
(-0.14007 0.23936 -0.27434)
(-0.14551 0.25616 -0.28685)
(-0.11070 0.20717 -0.22319)
(-0.11039 0.22253 -0.22165)
(-0.06111 0.15755 -0.13057)
(-0.04139 0.10757 -0.10041)
(-0.02247 0.06333 -0.05496)
(-0.01573 0.04483 -0.03347)
(-0.00560 0.01633 -0.01091)
(0.00115 -0.00385 0.00192)
(0.00413 -0.01323 0.00888)
(0.00316 -0.01066 0.00530)
(0.00459 -0.01035 -0.00966)
(-0.00216 0.00428 0.00348)
(-0.02198 0.04009 0.02966)
(0.00471 -0.01102 -0.01019)
(-0.01342 0.02574 0.01898)
(-0.03985 0.06940 0.04451)
(-0.06479 0.10577 0.03669)
(-0.03565 0.06378 0.03949)
(-0.04869 0.08359 0.04776)
(-0.09077 0.13318 0.00739)
(-0.11104 0.15190 -0.00856)
(-0.13544 0.17776 -0.02913)
(-0.19341 0.22865 -0.07893)
(-0.14657 0.19307 -0.04782)
(-0.20511 0.24431 -0.11567)
(-0.24938 0.27101 -0.15641)
(-0.25088 0.27066 -0.16063)
(-0.25348 0.27054 -0.16527)
(-0.27866 0.28884 -0.19580)
(-0.34573 0.33002 -0.29979)
(-0.32293 0.30182 -0.28818)
(-0.33521 0.30677 -0.31971)
(-0.32494 0.28218 -0.31638)
(-0.28880 0.24594 -0.30552)
(-0.27299 0.22624 -0.29544)
(-0.23847 0.18429 -0.27495)
(-0.21302 0.15876 -0.24477)
(-0.21133 0.15742 -0.24872)
(-0.22033 0.17835 -0.28253)
(-0.21437 0.19829 -0.32967)
(-0.20859 0.19764 -0.32565)
(-0.19534 0.18372 -0.30312)
(-0.19824 0.19357 -0.31656)
(-0.19343 0.19974 -0.32443)
(-0.15636 0.17845 -0.27167)
(-0.13564 0.15219 -0.23005)
(-0.13977 0.17660 -0.25896)
(-0.15101 0.20528 -0.27950)
(-0.12049 0.16292 -0.21937)
(-0.11220 0.16634 -0.21258)
(-0.10698 0.17190 -0.20486)
(-0.10624 0.18885 -0.21921)
(-0.05863 0.11904 -0.13476)
(-0.02068 0.05404 -0.05216)
(-0.00950 0.02615 -0.02398)
(0.00029 -0.00085 0.00073)
(0.00343 -0.00976 0.00889)
(0.00430 -0.01266 0.01095)
(0.00010 -0.00021 -0.00017)
(0.00097 -0.00252 -0.00218)
(-0.00816 0.01638 0.01209)
(-0.03446 0.06986 0.03277)
(-0.00442 0.02328 0.01775)
(-0.06146 0.11178 0.01531)
(-0.09299 0.13644 0.00174)
(-0.11542 0.16640 -0.02297)
(-0.07831 0.13242 0.00623)
(-0.11450 0.16607 -0.02263)
(-0.12267 0.17337 -0.02897)
(-0.12661 0.17705 -0.03096)
(-0.16303 0.19954 -0.06653)
(-0.22566 0.25122 -0.13225)
(-0.22915 0.25225 -0.13680)
(-0.23059 0.25113 -0.13855)
(-0.25480 0.26891 -0.16744)
(-0.25720 0.25216 -0.19226)
(-0.23728 0.23049 -0.18895)
(-0.24490 0.22784 -0.21628)
(-0.22041 0.19588 -0.19703)
(-0.21993 0.17930 -0.21409)
(-0.21861 0.17714 -0.21919)
(-0.19566 0.14216 -0.21192)
(-0.19371 0.13987 -0.21424)
(-0.17621 0.12262 -0.18752)
(-0.18355 0.12858 -0.20191)
(-0.17940 0.13460 -0.21694)
(-0.19811 0.18083 -0.30079)
(-0.14619 0.10359 -0.17771)
(-0.18235 0.16392 -0.27394)
(-0.18251 0.17056 -0.28234)
(-0.13990 0.13277 -0.21359)
(-0.12096 0.12413 -0.19653)
(-0.12444 0.14018 -0.21120)
(-0.11719 0.13241 -0.19923)
(-0.07985 0.09921 -0.13856)
(-0.08249 0.10795 -0.14562)
(-0.07243 0.09581 -0.12834)
(-0.04072 0.05431 -0.07235)
(-0.02093 0.02952 -0.03815)
(-0.00928 0.02056 -0.02263)
(-0.00050 0.00137 -0.00131)
(0.00304 -0.00816 0.00833)
(0.00364 -0.01005 0.00958)
(-0.00082 0.00522 0.00426)
(-0.00347 0.01445 0.00876)
(-0.01105 0.04077 0.02265)
(-0.00330 0.01651 0.00928)
(-0.04570 0.08153 0.00826)
(-0.08967 0.13711 -0.01005)
(-0.02897 0.04919 0.00275)
(-0.05860 0.08973 -0.00554)
(-0.10677 0.15895 -0.01597)
(-0.11193 0.16405 -0.01766)
(-0.13651 0.18143 -0.03821)
(-0.11498 0.15942 -0.01210)
(-0.16117 0.19754 -0.05911)
(-0.21497 0.24074 -0.12043)
(-0.14038 0.18303 -0.05159)
(-0.12867 0.17160 -0.04697)
(-0.18381 0.20196 -0.10115)
(-0.19785 0.20628 -0.13124)
(-0.13843 0.15880 -0.06781)
(-0.15823 0.16128 -0.09987)
(-0.15542 0.14101 -0.10375)
(-0.14319 0.13260 -0.08912)
(-0.14141 0.12598 -0.09148)
(-0.14936 0.12662 -0.10294)
(-0.16018 0.13166 -0.12453)
(-0.17154 0.12677 -0.16503)
(-0.11464 0.08431 -0.07861)
(-0.16870 0.11724 -0.17287)
(-0.16133 0.10841 -0.16506)
(-0.12981 0.07620 -0.12258)
(-0.10478 0.05582 -0.10880)
(-0.11766 0.08634 -0.15928)
(-0.06817 0.02265 -0.06346)
(-0.06446 0.03262 -0.07040)
(-0.09002 0.06186 -0.11524)
(-0.09221 0.06447 -0.11856)
(-0.06199 0.04165 -0.07981)
(-0.04614 0.04329 -0.07298)
(-0.06153 0.07385 -0.11055)
(-0.05440 0.06820 -0.09429)
(-0.01444 0.01767 -0.02569)
(-0.01489 0.01870 -0.02556)
(-0.01101 0.01477 -0.01956)
(0.00215 -0.00303 0.00391)
(-0.00059 0.00319 0.00187)
(-0.00226 0.01037 0.00480)
(-0.00606 0.01388 0.00298)
(-0.00246 0.00686 0.00205)
(-0.00807 0.01700 0.00513)
(-0.06222 0.09488 0.00239)
(-0.08178 0.12395 -0.00659)
(-0.01437 0.02807 0.01082)
(-0.03220 0.05689 0.00799)
(-0.06807 0.09910 -0.01400)
(-0.08777 0.13661 -0.02104)
(-0.05200 0.08395 -0.01036)
(-0.09432 0.13584 -0.02265)
(-0.11086 0.14111 -0.02749)
(-0.06409 0.10872 -0.01206)
(-0.08153 0.10493 -0.00928)
(-0.10687 0.11508 -0.05948)
(-0.11558 0.10684 -0.07050)
(-0.05763 0.06606 -0.02937)
(-0.05353 0.05127 -0.02306)
(-0.06352 0.05357 -0.03895)
(-0.04766 0.04089 -0.02373)
(-0.01009 0.00049 0.01309)
(-0.09251 0.05925 -0.07416)
(-0.05152 0.02220 -0.02268)
(-0.01069 -0.00214 0.00380)
(-0.04042 0.00089 -0.00643)
(-0.01443 -0.02286 0.01684)
(-0.03172 0.00211 -0.02098)
(-0.00490 -0.00718 0.00493)
(-0.00700 -0.00545 0.00218)
(-0.00792 0.00250 -0.00724)
(-0.01506 0.00635 -0.01539)
(0.00039 -0.00014 0.00042)
(-0.00263 0.00223 -0.00422)
(-0.00178 0.00185 -0.00294)
(0.00695 -0.01817 -0.00686)
(0.00855 -0.01715 -0.00701)
(-0.00649 0.01606 0.00560)
(0.00543 -0.01414 -0.00520)
(0.00157 -0.00490 -0.00187)
(-0.02690 0.04473 -0.00460)
(-0.01044 0.03386 0.00650)
(-0.00005 -0.00044 -0.00029)
(-0.00000 -0.00036 -0.00018)
(-0.01491 0.03523 0.00198)
(-0.02533 0.05352 0.00361)
(0.00022 0.00853 0.00489)
(0.00940 0.01306 0.01365)
(0.01545 0.01813 0.02305)
(0.00684 0.00574 0.00855)
(0.00379 0.00702 0.01199)
(0.00763 -0.00436 0.01749)
(-0.00300 -0.00201 0.01166)
(0.00154 -0.00092 0.00274)
(0.00090 -0.00102 0.00285)
(-0.00031 0.00042 -0.00058)
(-0.00527 -0.00242 0.00392)
(-0.00091 -0.00489 0.00470)
(-0.00141 0.00370 -0.00358)
(0.00077 0.00125 -0.00132)
(0.00099 0.00166 -0.00233)
(0.00300 0.00031 0.00177)
(0.00143 0.00155 0.00179)
(0.00264 0.00201 0.00313)
(0.00302 0.00051 0.00330)
(-0.00135 0.00080 -0.00186)
)