/*--------------------------------*- C++ -*----------------------------------*\ 
| =========                 |                                                 | 
| \\      /  F ield         | OpenFOAM: The Open Source CFD Toolbox           | 
|  \\    /   O peration     | Version:  4.0                                   | 
|   \\  /    A nd           | Web:      www.OpenFOAM.org                      | 
|    \\/     M anipulation  |                                                 | 
\*---------------------------------------------------------------------------*/ 
FoamFile 
{ 
    version     2.0; 
    format      ascii; 
    class       vectorAverageField; 
    object      values; 
} 
// * * * * * * * * * * * * * * * * * * * * * * * * * * * * * * * * * * * * * // 
 
// Average 
(0 0 0) 
 
// Velocity data on points 
2447
(
(0.00296 0.00057 -0.00037)
(-0.00188 0.00021 -0.00093)
(-0.00388 0.00080 -0.00533)
(-0.00067 0.00003 -0.00191)
(0.00000 0.00022 0.00405)
(-0.00404 0.00170 -0.02100)
(0.00020 -0.00031 -0.00758)
(0.00466 0.00582 -0.03661)
(0.00050 0.00052 -0.00364)
(-0.00091 -0.00074 0.00542)
(0.00378 0.00396 -0.02492)
(0.00095 0.00078 -0.00510)
(-0.00182 -0.00019 0.00376)
(0.00818 0.00662 -0.02926)
(0.00096 -0.00004 -0.00101)
(-0.00306 0.00017 0.00283)
(0.01030 0.00015 -0.01073)
(0.00064 0.00018 -0.00067)
(-0.00481 -0.00236 0.00396)
(0.00097 0.00049 -0.00082)
(0.00869 0.00254 -0.00348)
(-0.00170 -0.00053 0.00048)
(0.00149 0.00031 -0.00033)
(0.00047 0.00017 -0.00009)
(-0.01005 -0.01070 0.00303)
(-0.00997 -0.00676 0.00016)
(-0.01512 0.00082 -0.01834)
(-0.01556 0.00440 -0.02782)
(-0.02507 0.00260 -0.04434)
(-0.02754 0.00890 -0.05355)
(-0.00947 0.00557 -0.05757)
(0.00789 0.00643 -0.05764)
(-0.00299 0.01942 -0.09883)
(0.00874 0.01609 -0.08789)
(0.00899 0.01365 -0.07302)
(0.00913 0.01169 -0.06015)
(0.01007 0.02194 -0.10529)
(0.01334 0.02258 -0.10326)
(0.02445 0.03101 -0.11219)
(0.01591 0.01581 -0.06335)
(0.02091 0.01027 -0.05022)
(0.02326 0.06928 -0.18876)
(0.02316 0.06183 -0.16873)
(0.02756 0.02691 -0.07455)
(0.02143 0.02091 -0.04615)
(0.04496 0.05619 -0.11342)
(0.02497 0.01616 -0.02384)
(0.00815 0.00531 -0.00648)
(0.03471 0.04732 -0.06630)
(0.00683 0.00576 -0.00480)
(-0.00107 -0.00093 0.00039)
(0.00471 0.00166 -0.00285)
(-0.00156 -0.00103 0.00127)
(-0.00601 -0.00330 0.00410)
(-0.01771 -0.00556 0.00721)
(-0.04458 -0.01434 0.01844)
(-0.03110 -0.01146 0.00960)
(-0.01022 -0.02502 0.00511)
(-0.04000 -0.00535 -0.02441)
(-0.02795 -0.00672 -0.02360)
(-0.02946 0.00647 -0.04500)
(-0.03482 0.03007 -0.11525)
(-0.03134 0.03783 -0.15200)
(-0.01627 0.03823 -0.15337)
(-0.01284 0.04505 -0.17352)
(-0.02206 0.04462 -0.16996)
(-0.02495 0.05517 -0.19155)
(-0.01227 0.04946 -0.18235)
(0.00663 0.04800 -0.16911)
(-0.01631 0.09545 -0.26834)
(0.01541 0.09184 -0.23598)
(0.01615 0.10119 -0.24760)
(0.02290 0.10178 -0.25159)
(0.02532 0.10497 -0.23409)
(0.03587 0.09809 -0.19778)
(0.04949 0.09087 -0.15161)
(0.03227 0.12507 -0.22085)
(0.05919 0.10653 -0.14642)
(0.05538 0.06122 -0.06490)
(0.03356 0.03753 -0.03634)
(0.06046 0.12622 -0.16827)
(0.05240 0.07848 -0.08540)
(0.02370 0.02745 -0.01756)
(0.00170 0.00150 -0.00054)
(0.01667 0.01695 -0.00490)
(-0.00614 -0.00603 0.00065)
(-0.01231 -0.01163 0.00066)
(0.00031 0.00005 -0.00016)
(-0.00913 -0.00221 0.00499)
(-0.02092 -0.00905 0.01385)
(-0.02342 -0.02116 0.02358)
(-0.04643 -0.02894 0.03858)
(-0.03800 -0.03140 0.03669)
(-0.05041 -0.03327 0.04638)
(-0.05367 -0.02294 0.02856)
(-0.05525 -0.01666 0.02231)
(-0.03719 -0.01819 0.01705)
(-0.08113 0.01238 -0.02374)
(-0.06146 0.00336 -0.02628)
(-0.04989 0.00401 -0.03930)
(-0.05174 0.01697 -0.07885)
(-0.05279 0.02959 -0.10349)
(-0.06110 0.05216 -0.17268)
(-0.06469 0.06079 -0.19659)
(-0.06499 0.06583 -0.21801)
(-0.02953 0.05601 -0.20435)
(-0.05208 0.09850 -0.27874)
(-0.05127 0.11098 -0.30999)
(-0.03860 0.13018 -0.33342)
(-0.00966 0.11770 -0.30376)
(0.01073 0.11120 -0.26769)
(-0.00235 0.14722 -0.30958)
(-0.00509 0.17561 -0.33554)
(-0.00451 0.20267 -0.36982)
(0.04567 0.13645 -0.20666)
(0.02378 0.18422 -0.31297)
(0.05778 0.13730 -0.18762)
(0.07414 0.13877 -0.15860)
(0.07661 0.14041 -0.14593)
(0.07630 0.13044 -0.12779)
(0.05448 0.07617 -0.05823)
(0.01909 0.01707 -0.00465)
(0.10164 0.12050 -0.10089)
(0.06189 0.07022 -0.04219)
(0.01007 0.00876 -0.00156)
(0.00338 0.00288 -0.00044)
(0.00559 0.00047 -0.00311)
(-0.01253 -0.00247 0.00801)
(-0.03072 -0.00670 0.01899)
(-0.05483 -0.01596 0.03483)
(-0.06893 -0.01585 0.04554)
(-0.07497 -0.01472 0.04622)
(-0.06796 -0.02107 0.04306)
(-0.06661 -0.01782 0.04158)
(-0.07563 -0.00735 0.02850)
(-0.09173 0.01837 -0.02466)
(-0.08888 0.01887 -0.03029)
(-0.08860 0.02159 -0.03898)
(-0.09829 0.02706 -0.04058)
(-0.10023 0.03113 -0.05203)
(-0.06828 0.02818 -0.08925)
(-0.07821 0.06315 -0.18936)
(-0.07695 0.06679 -0.20407)
(-0.07493 0.07101 -0.22172)
(-0.06818 0.08208 -0.26355)
(-0.08916 0.12786 -0.34503)
(-0.06000 0.11468 -0.32282)
(-0.05893 0.15197 -0.38719)
(-0.07894 0.19353 -0.45926)
(-0.06128 0.18506 -0.42603)
(-0.05327 0.19150 -0.42835)
(-0.02304 0.21698 -0.41604)
(-0.01965 0.22024 -0.41191)
(-0.01341 0.22070 -0.40248)
(-0.00556 0.22068 -0.39258)
(0.03170 0.20443 -0.31430)
(0.07437 0.14660 -0.15949)
(0.07735 0.14186 -0.14528)
(0.07344 0.14869 -0.16217)
(0.09594 0.14191 -0.13871)
(0.10003 0.12341 -0.09803)
(0.11502 0.15451 -0.14968)
(0.08934 0.10300 -0.06984)
(0.04968 0.04128 -0.01118)
(0.00518 0.00429 -0.00097)
(0.10437 0.09127 -0.03474)
(0.02406 0.02069 -0.00606)
(0.00134 0.00115 -0.00030)
(-0.00768 -0.00014 0.00464)
(-0.02165 -0.00218 0.01536)
(-0.05818 -0.01361 0.04941)
(-0.06148 -0.01568 0.05419)
(-0.07854 -0.01165 0.06085)
(-0.07596 -0.01253 0.06215)
(-0.07725 -0.01187 0.06077)
(-0.07920 -0.00967 0.06190)
(-0.08228 -0.00775 0.06019)
(-0.06838 -0.00964 0.04238)
(-0.09337 0.01736 -0.01879)
(-0.10302 0.02551 -0.02667)
(-0.10632 0.03092 -0.03938)
(-0.10958 0.03652 -0.05436)
(-0.11360 0.04218 -0.07016)
(-0.13331 0.08232 -0.18746)
(-0.09148 0.07507 -0.21601)
(-0.18608 0.13199 -0.28343)
(-0.15616 0.12723 -0.30512)
(-0.09531 0.08422 -0.24813)
(-0.08628 0.08210 -0.25199)
(-0.12769 0.15534 -0.39453)
(-0.18370 0.19040 -0.45250)
(-0.17144 0.19889 -0.50181)
(-0.12415 0.16464 -0.41912)
(-0.10497 0.19138 -0.46339)
(-0.14075 0.24881 -0.57001)
(-0.13653 0.25448 -0.57328)
(-0.13365 0.26030 -0.57865)
(-0.05224 0.22106 -0.46324)
(-0.03705 0.23685 -0.45415)
(-0.03140 0.23709 -0.44513)
(-0.02344 0.23596 -0.43340)
(-0.00674 0.23821 -0.41234)
(0.03035 0.21722 -0.32796)
(0.05832 0.22096 -0.32545)
(0.06952 0.18205 -0.23429)
(0.09963 0.19528 -0.24744)
(0.12181 0.16499 -0.15750)
(0.12566 0.16005 -0.14217)
(0.15126 0.13606 -0.06113)
(0.09360 0.08219 -0.03060)
(0.11590 0.10298 -0.04041)
(0.03770 0.03246 -0.00959)
(0.01824 0.01555 -0.00424)
(0.00346 0.00001 -0.00228)
(-0.00092 0.00004 0.00046)
(-0.03790 -0.00628 0.03330)
(-0.05772 -0.01182 0.05605)
(-0.05327 -0.02337 0.06357)
(-0.06687 -0.01574 0.06194)
(-0.08136 -0.00735 0.06306)
(-0.08426 -0.00590 0.06132)
(-0.09211 -0.00056 0.05978)
(-0.09538 0.00484 0.05216)
(-0.12053 0.03090 -0.00206)
(-0.11497 0.03474 -0.03623)
(-0.14436 0.05469 -0.05371)
(-0.12597 0.04652 -0.06136)
(-0.12389 0.04833 -0.07467)
(-0.14493 0.07965 -0.16405)
(-0.15355 0.07561 -0.12157)
(-0.22172 0.14969 -0.30639)
(-0.22507 0.16222 -0.35234)
(-0.22219 0.19114 -0.43329)
(-0.20346 0.18874 -0.44152)
(-0.22852 0.23063 -0.55155)
(-0.20629 0.24242 -0.61111)
(-0.17909 0.25612 -0.61848)
(-0.15578 0.26696 -0.60499)
(-0.15270 0.27381 -0.61072)
(-0.14853 0.29792 -0.63953)
(-0.10169 0.28925 -0.57712)
(-0.06855 0.27567 -0.53934)
(-0.04419 0.25203 -0.47783)
(-0.04005 0.27378 -0.50412)
(0.00399 0.24768 -0.40767)
(-0.00620 0.27173 -0.46473)
(0.05986 0.24144 -0.36063)
(0.08933 0.24057 -0.35273)
(0.10506 0.22557 -0.31174)
(0.10954 0.19965 -0.24380)
(0.11972 0.19178 -0.21561)
(0.15143 0.14439 -0.08148)
(0.15276 0.14072 -0.06773)
(0.05942 0.05149 -0.01647)
(0.15410 0.14509 -0.07440)
(0.11970 0.10651 -0.04144)
(0.04283 0.03717 -0.00751)
(0.00293 0.00300 -0.00044)
(0.00720 0.00027 -0.00448)
(-0.00024 -0.00001 0.00015)
(-0.01556 -0.00271 0.01420)
(-0.03372 -0.00702 0.03288)
(-0.05064 -0.01874 0.06203)
(-0.04279 -0.01733 0.05888)
(-0.03858 -0.02578 0.06664)
(-0.05812 -0.01558 0.05756)
(-0.06816 -0.01006 0.07461)
(-0.08348 -0.00413 0.08230)
(-0.07873 -0.00856 0.06234)
(-0.12868 0.02449 0.03490)
(-0.14739 0.04661 -0.00879)
(-0.17881 0.07043 -0.03254)
(-0.21377 0.10634 -0.10783)
(-0.24868 0.14876 -0.22053)
(-0.23675 0.15080 -0.27166)
(-0.27850 0.19552 -0.41595)
(-0.27836 0.21121 -0.44358)
(-0.26448 0.22599 -0.51970)
(-0.28016 0.25026 -0.59553)
(-0.29536 0.30153 -0.69231)
(-0.27800 0.31090 -0.70983)
(-0.28024 0.33048 -0.74414)
(-0.17546 0.27890 -0.63390)
(-0.17209 0.28616 -0.63835)
(-0.19661 0.32356 -0.70589)
(-0.18563 0.33877 -0.73592)
(-0.19116 0.35964 -0.74830)
(-0.13700 0.33891 -0.67995)
(-0.11990 0.33114 -0.65303)
(-0.05777 0.29954 -0.55211)
(0.02948 0.26762 -0.43841)
(0.09396 0.23861 -0.34664)
(0.05423 0.23606 -0.34690)
(0.08223 0.20982 -0.26434)
(0.11249 0.19979 -0.22674)
(0.08223 0.21519 -0.27457)
(0.12611 0.18836 -0.19227)
(0.13666 0.17401 -0.14764)
(0.14391 0.14951 -0.07642)
(0.12095 0.18158 -0.16155)
(0.09567 0.10013 -0.03027)
(0.02616 0.02652 -0.00436)
(0.01702 0.01566 -0.00293)
(0.00020 0.00003 -0.00022)
(-0.00811 -0.00074 0.00588)
(-0.03259 -0.01008 0.04162)
(-0.02254 -0.01742 0.05460)
(-0.02321 -0.02010 0.06815)
(-0.02250 -0.02327 0.08862)
(-0.03536 -0.02226 0.07849)
(-0.04809 -0.02188 0.08606)
(-0.03360 -0.02147 0.08588)
(-0.07207 -0.00600 0.08651)
(-0.07790 -0.00326 0.08551)
(-0.10914 0.01448 0.06716)
(-0.12718 0.02407 0.06478)
(-0.13616 0.03039 0.05494)
(-0.15703 0.04387 0.04325)
(-0.20743 0.08661 -0.05087)
(-0.20936 0.08629 -0.03262)
(-0.23991 0.10723 -0.05527)
(-0.22765 0.10991 -0.10212)
(-0.26700 0.15724 -0.21065)
(-0.26312 0.16150 -0.24725)
(-0.29253 0.20014 -0.36730)
(-0.29436 0.22274 -0.44340)
(-0.32827 0.27184 -0.56792)
(-0.36292 0.33393 -0.72189)
(-0.36306 0.34310 -0.74765)
(-0.36298 0.35910 -0.78121)
(-0.31910 0.34846 -0.78274)
(-0.28770 0.35865 -0.80982)
(-0.25532 0.36498 -0.80653)
(-0.23509 0.36818 -0.80358)
(-0.21611 0.38085 -0.80557)
(-0.21010 0.37459 -0.78844)
(-0.18647 0.37357 -0.78365)
(-0.12415 0.33823 -0.65998)
(-0.14443 0.36074 -0.72049)
(-0.06667 0.31877 -0.59715)
(-0.05619 0.30139 -0.54833)
(-0.03198 0.28709 -0.49760)
(-0.04380 0.29199 -0.51272)
(0.05496 0.23998 -0.35379)
(0.06098 0.24631 -0.36009)
(0.08605 0.22395 -0.28893)
(0.07058 0.22962 -0.29879)
(0.09612 0.20849 -0.22785)
(0.09980 0.19212 -0.17114)
(0.11218 0.15551 -0.07864)
(0.03739 0.05248 -0.01271)
(-0.00409 -0.00598 0.00090)
(0.05713 0.13011 -0.08226)
(-0.00113 -0.00079 0.00352)
(-0.00761 -0.00556 0.01776)
(0.00197 -0.00827 0.02639)
(-0.00796 -0.01477 0.03617)
(-0.00691 -0.02464 0.06642)
(-0.01793 -0.02339 0.08658)
(-0.02121 -0.02306 0.09571)
(-0.02559 -0.02259 0.09472)
(-0.03385 -0.02048 0.10174)
(-0.09245 0.00976 0.08277)
(-0.12544 0.02246 0.07361)
(-0.13764 0.03101 0.06313)
(-0.17766 0.06158 0.01442)
(-0.25742 0.12980 -0.08357)
(-0.27643 0.15079 -0.14652)
(-0.33496 0.21205 -0.28116)
(-0.31297 0.20238 -0.28105)
(-0.37248 0.26437 -0.42718)
(-0.39081 0.28194 -0.42098)
(-0.36031 0.26835 -0.48070)
(-0.36615 0.30064 -0.59577)
(-0.37657 0.34476 -0.72714)
(-0.37798 0.35396 -0.75043)
(-0.37840 0.36254 -0.77298)
(-0.36663 0.38089 -0.81068)
(-0.32433 0.37328 -0.83332)
(-0.37351 0.41986 -0.88992)
(-0.30992 0.38290 -0.85777)
(-0.29368 0.39217 -0.86445)
(-0.27507 0.40332 -0.87029)
(-0.26581 0.39736 -0.85733)
(-0.23225 0.40151 -0.85409)
(-0.21158 0.39258 -0.82590)
(-0.21058 0.39335 -0.82690)
(-0.12585 0.34816 -0.68629)
(-0.10691 0.34111 -0.65742)
(-0.06363 0.30485 -0.55071)
(-0.06396 0.30463 -0.54787)
(-0.04106 0.29207 -0.50953)
(-0.00508 0.28137 -0.45789)
(0.03626 0.25210 -0.36106)
(0.03791 0.22980 -0.28192)
(0.01017 0.24713 -0.30950)
(0.06110 0.21007 -0.20778)
(0.01667 0.23590 -0.27329)
(0.06437 0.19578 -0.16149)
(0.04212 0.10735 -0.03912)
(0.00274 0.00731 -0.00019)
(-0.00072 -0.00266 0.00008)
(-0.00018 0.00034 -0.00138)
(0.00041 -0.00053 0.00220)
(0.00293 -0.00431 0.01623)
(0.01058 -0.01388 0.04752)
(0.01377 -0.02304 0.05651)
(0.01506 -0.01696 0.05845)
(0.00121 -0.02100 0.07394)
(-0.01479 -0.02422 0.09394)
(-0.02992 -0.02086 0.10344)
(-0.02488 -0.02170 0.10519)
(-0.03900 -0.01748 0.11283)
(-0.11227 0.02065 0.09504)
(-0.09450 0.01854 0.11116)
(-0.13555 0.02912 0.07526)
(-0.15824 0.04966 0.06494)
(-0.25642 0.12956 -0.03682)
(-0.29927 0.16632 -0.13708)
(-0.33013 0.19842 -0.21018)
(-0.39656 0.28602 -0.41184)
(-0.39717 0.29462 -0.45910)
(-0.40384 0.30025 -0.45235)
(-0.40388 0.30711 -0.49095)
(-0.38887 0.35700 -0.73754)
(-0.39109 0.36550 -0.75608)
(-0.39109 0.37267 -0.77652)
(-0.39102 0.39021 -0.82306)
(-0.39742 0.43240 -0.90671)
(-0.35062 0.41693 -0.91860)
(-0.35438 0.45614 -0.96860)
(-0.34770 0.45442 -0.96971)
(-0.34322 0.45343 -0.97192)
(-0.28345 0.41727 -0.90233)
(-0.23119 0.40234 -0.85588)
(-0.21131 0.39510 -0.83094)
(-0.17988 0.38076 -0.77779)
(-0.08430 0.31637 -0.58463)
(-0.08760 0.31674 -0.58467)
(-0.07203 0.31061 -0.54678)
(-0.02609 0.28111 -0.44264)
(-0.04958 0.29487 -0.47222)
(0.00155 0.25307 -0.35402)
(-0.01845 0.25977 -0.34508)
(-0.00767 0.25150 -0.32006)
(-0.00122 0.24350 -0.29498)
(0.00469 0.23664 -0.27306)
(0.00068 0.14995 -0.08578)
(0.00985 0.03948 -0.00289)
(0.00257 0.01554 -0.00109)
(-0.00286 -0.01564 0.00053)
(0.00113 -0.00089 0.00423)
(0.00421 -0.00445 0.01803)
(0.00838 -0.00894 0.03420)
(0.00814 -0.00727 0.02988)
(0.01660 -0.01625 0.05987)
(0.01731 -0.01851 0.06368)
(-0.00532 -0.02167 0.10077)
(0.02065 -0.03100 0.10301)
(-0.01851 -0.02315 0.10791)
(-0.03117 -0.01899 0.11616)
(-0.07142 0.00420 0.13723)
(-0.12468 0.03134 0.15461)
(-0.14712 0.04530 0.10715)
(-0.16448 0.05568 0.12987)
(-0.21326 0.09722 0.03763)
(-0.25112 0.12614 -0.01961)
(-0.31078 0.17592 -0.07652)
(-0.33039 0.19880 -0.15503)
(-0.37455 0.25879 -0.32525)
(-0.41010 0.30582 -0.44395)
(-0.41120 0.31523 -0.49151)
(-0.41748 0.32173 -0.48620)
(-0.43318 0.36304 -0.61350)
(-0.43174 0.39916 -0.74661)
(-0.42533 0.41493 -0.79695)
(-0.42957 0.44351 -0.87176)
(-0.43642 0.47203 -0.92619)
(-0.39168 0.45325 -0.94830)
(-0.37334 0.44855 -0.97119)
(-0.35851 0.46001 -0.98232)
(-0.35316 0.45845 -0.98503)
(-0.32681 0.44203 -0.97067)
(-0.25020 0.41041 -0.88317)
(-0.24956 0.41091 -0.88600)
(-0.23059 0.40313 -0.85829)
(-0.23162 0.40113 -0.84939)
(-0.17379 0.37424 -0.76650)
(-0.17915 0.37581 -0.77065)
(-0.14510 0.34796 -0.65959)
(-0.19802 0.37794 -0.75505)
(-0.12531 0.34510 -0.63380)
(-0.10158 0.32388 -0.56801)
(-0.14955 0.35689 -0.66161)
(-0.06892 0.29133 -0.45385)
(-0.03901 0.26795 -0.36603)
(-0.02788 0.25925 -0.34025)
(-0.02810 0.25519 -0.32662)
(-0.02953 0.25159 -0.31450)
(-0.01703 0.24226 -0.28725)
(-0.06410 0.22910 -0.23908)
(-0.01690 0.16184 -0.08782)
(-0.00017 0.05638 -0.01405)
(-0.00052 -0.00626 0.00044)
(-0.00008 0.00003 -0.00023)
(0.00143 -0.00057 0.00363)
(0.01009 -0.00455 0.02344)
(0.01529 -0.01304 0.05262)
(0.02927 -0.02384 0.07499)
(0.03771 -0.03040 0.08440)
(0.04626 -0.03154 0.08949)
(0.02152 -0.02813 0.10827)
(0.00458 -0.02905 0.12225)
(0.01842 -0.03047 0.15040)
(0.01473 -0.03210 0.14983)
(-0.01077 -0.02731 0.15239)
(-0.04348 -0.00783 0.16317)
(-0.11176 0.02708 0.16095)
(-0.14341 0.04090 0.16910)
(-0.19688 0.09499 0.08688)
(-0.24751 0.12726 0.03372)
(-0.29420 0.17151 -0.07418)
(-0.31184 0.18933 -0.11112)
(-0.35882 0.26502 -0.28623)
(-0.38598 0.30096 -0.36731)
(-0.44249 0.38541 -0.55608)
(-0.44172 0.38119 -0.60696)
(-0.44586 0.41199 -0.62117)
(-0.45989 0.45072 -0.76578)
(-0.46788 0.47278 -0.80976)
(-0.44376 0.47061 -0.87804)
(-0.44211 0.48575 -0.91644)
(-0.42183 0.47793 -0.96409)
(-0.43560 0.50410 -0.97646)
(-0.41789 0.48563 -0.99368)
(-0.38786 0.47465 -0.99675)
(-0.37529 0.46882 -1.00600)
(-0.37079 0.46744 -1.02550)
(-0.33373 0.44615 -0.99103)
(-0.33459 0.44770 -1.01830)
(-0.28671 0.42776 -0.93295)
(-0.29828 0.43073 -0.95555)
(-0.26024 0.41060 -0.88286)
(-0.26180 0.41070 -0.88259)
(-0.26596 0.39962 -0.82267)
(-0.20496 0.37746 -0.73770)
(-0.23825 0.37654 -0.71970)
(-0.17188 0.34423 -0.61305)
(-0.13798 0.32206 -0.55079)
(-0.14236 0.30947 -0.48158)
(-0.16000 0.29429 -0.42594)
(-0.07827 0.25081 -0.30564)
(-0.10694 0.21687 -0.22020)
(-0.07180 0.19299 -0.15169)
(-0.14027 0.24585 -0.30420)
(-0.10819 0.20464 -0.17839)
(-0.03040 0.08205 -0.03960)
(-0.00140 0.00429 -0.00116)
(0.00373 -0.00869 0.00130)
(0.00097 -0.00007 0.00188)
(0.00463 -0.00158 0.01081)
(0.03205 -0.01339 0.05806)
(0.04956 -0.02218 0.07126)
(0.05211 -0.02691 0.07913)
(0.05436 -0.03829 0.09880)
(0.06130 -0.03487 0.08928)
(0.02973 -0.03181 0.13142)
(0.01827 -0.03165 0.15857)
(-0.01027 -0.01852 0.18194)
(-0.02439 -0.01363 0.16743)
(-0.06427 0.00151 0.18740)
(-0.10081 0.03011 0.16703)
(-0.16763 0.08607 0.11164)
(-0.22985 0.16245 -0.02124)
(-0.24723 0.18394 -0.06466)
(-0.26368 0.18656 -0.08168)
(-0.34755 0.25752 -0.22026)
(-0.38023 0.30156 -0.34576)
(-0.40786 0.35723 -0.46154)
(-0.43531 0.42146 -0.60588)
(-0.45536 0.44906 -0.72175)
(-0.47945 0.48420 -0.80892)
(-0.45878 0.49408 -0.84499)
(-0.44495 0.53057 -0.94138)
(-0.43920 0.53024 -0.95716)
(-0.41743 0.49647 -0.99143)
(-0.40357 0.49219 -1.02340)
(-0.41376 0.49599 -1.05000)
(-0.41024 0.49323 -1.05360)
(-0.36954 0.46707 -1.04830)
(-0.36696 0.46449 -1.05350)
(-0.31389 0.43763 -0.98293)
(-0.33623 0.43580 -0.99349)
(-0.27305 0.41460 -0.90727)
(-0.28576 0.41669 -0.91000)
(-0.30794 0.41417 -0.87244)
(-0.30245 0.40293 -0.80948)
(-0.30466 0.40095 -0.79442)
(-0.27902 0.38814 -0.74138)
(-0.17711 0.33570 -0.57696)
(-0.27080 0.37310 -0.68315)
(-0.20197 0.33565 -0.55839)
(-0.19040 0.31074 -0.47597)
(-0.21107 0.30053 -0.44412)
(-0.15064 0.25155 -0.32136)
(-0.13829 0.22571 -0.23917)
(-0.11400 0.20866 -0.18601)
(-0.12004 0.18620 -0.15889)
(-0.06117 0.10795 -0.05303)
(-0.00793 0.01806 -0.00360)
(-0.00731 0.00771 -0.00119)
(-0.00152 0.00005 -0.00322)
(0.00702 -0.00056 0.01282)
(0.00061 -0.00003 0.00125)
(0.00870 -0.00068 0.01623)
(0.02605 -0.00664 0.05240)
(0.05560 -0.02825 0.08130)
(0.04466 -0.02024 0.07570)
(0.05819 -0.03146 0.09252)
(0.05225 -0.03276 0.11288)
(0.05178 -0.03728 0.11943)
(0.05819 -0.04407 0.14971)
(0.03529 -0.03572 0.15723)
(0.02280 -0.03543 0.18599)
(-0.02818 -0.00259 0.20998)
(-0.04851 0.01024 0.20943)
(-0.10299 0.04372 0.17016)
(-0.18617 0.13162 0.02256)
(-0.23131 0.17519 -0.04290)
(-0.25832 0.20256 -0.10080)
(-0.33557 0.28134 -0.25680)
(-0.37488 0.34830 -0.39657)
(-0.40922 0.40763 -0.52898)
(-0.43526 0.48779 -0.67900)
(-0.43848 0.43638 -0.64742)
(-0.44492 0.48048 -0.75506)
(-0.45845 0.52323 -0.86961)
(-0.44301 0.53624 -0.93513)
(-0.43811 0.53623 -0.94845)
(-0.43445 0.52947 -0.97077)
(-0.41806 0.50367 -1.01970)
(-0.41469 0.50081 -1.05310)
(-0.41294 0.49856 -1.05550)
(-0.39326 0.47990 -1.06770)
(-0.38013 0.46959 -1.06370)
(-0.35712 0.45021 -1.04980)
(-0.36159 0.44955 -1.04410)
(-0.35803 0.44672 -1.03110)
(-0.33539 0.43463 -0.97165)
(-0.33013 0.41936 -0.88754)
(-0.31669 0.40800 -0.82497)
(-0.32013 0.40662 -0.81161)
(-0.30841 0.39999 -0.78143)
(-0.30347 0.39463 -0.74811)
(-0.26868 0.34785 -0.61151)
(-0.22377 0.30835 -0.48386)
(-0.20364 0.27979 -0.42709)
(-0.18279 0.26147 -0.37538)
(-0.19116 0.23496 -0.32973)
(-0.16854 0.21520 -0.24719)
(-0.17912 0.19708 -0.20583)
(-0.09687 0.09974 -0.03200)
(-0.01781 0.01749 -0.00245)
(-0.00138 0.00001 -0.00314)
(0.00270 -0.00012 0.00578)
(0.02032 -0.00235 0.03550)
(0.01474 -0.00166 0.02803)
(0.02050 -0.00285 0.03753)
(0.03731 -0.01963 0.08883)
(0.04566 -0.02681 0.10581)
(0.04759 -0.03248 0.12966)
(0.04257 -0.03773 0.16997)
(0.04464 -0.04160 0.18098)
(0.02872 -0.03816 0.19139)
(-0.01640 -0.00914 0.21333)
(-0.02758 -0.00026 0.21369)
(-0.03962 0.01039 0.21191)
(-0.05307 0.01678 0.20856)
(-0.11744 0.08560 0.09948)
(-0.19198 0.14883 0.00344)
(-0.22722 0.18435 -0.05762)
(-0.26135 0.24792 -0.17075)
(-0.26795 0.22164 -0.13828)
(-0.35790 0.35358 -0.39169)
(-0.36502 0.36857 -0.42424)
(-0.42536 0.48464 -0.66208)
(-0.43561 0.49782 -0.70536)
(-0.43493 0.50597 -0.72434)
(-0.43965 0.54236 -0.92986)
(-0.43560 0.54236 -0.93942)
(-0.43360 0.53531 -0.96265)
(-0.42894 0.53410 -0.97635)
(-0.40396 0.51957 -1.03210)
(-0.39505 0.50664 -1.06830)
(-0.38894 0.48023 -1.07910)
(-0.38559 0.48394 -1.09220)
(-0.36992 0.46613 -1.07540)
(-0.36769 0.45135 -1.05290)
(-0.36866 0.44972 -1.04630)
(-0.36533 0.44734 -1.03170)
(-0.37583 0.44287 -0.99105)
(-0.33164 0.41311 -0.84009)
(-0.33609 0.41237 -0.82901)
(-0.32505 0.40573 -0.79786)
(-0.34045 0.39539 -0.75367)
(-0.29329 0.34999 -0.62242)
(-0.28195 0.34232 -0.59977)
(-0.27886 0.30121 -0.49141)
(-0.24238 0.26431 -0.41262)
(-0.23168 0.25461 -0.38886)
(-0.24212 0.25483 -0.39633)
(-0.23265 0.24616 -0.37529)
(-0.22303 0.23551 -0.35105)
(-0.18806 0.19346 -0.20965)
(-0.13396 0.12827 -0.04531)
(-0.12296 0.10894 -0.03200)
(-0.02910 0.02613 -0.00295)
(0.00857 -0.00774 0.00025)
(-0.00049 -0.00000 -0.00123)
(0.00431 -0.00018 0.00998)
(0.01535 -0.00633 0.04790)
(0.02751 -0.00825 0.05670)
(0.02581 -0.01702 0.06047)
(0.03842 -0.02000 0.08331)
(0.04453 -0.02965 0.12111)
(0.04190 -0.03641 0.16507)
(0.04394 -0.04053 0.17867)
(0.04589 -0.05097 0.20909)
(0.03358 -0.03709 0.20702)
(-0.01545 -0.00724 0.21831)
(-0.02692 0.00328 0.21686)
(-0.04653 0.03101 0.21434)
(-0.05133 0.02294 0.20823)
(-0.12136 0.10487 0.11280)
(-0.16232 0.15117 0.02564)
(-0.21684 0.22579 -0.10544)
(-0.31033 0.32002 -0.29465)
(-0.34204 0.36977 -0.40330)
(-0.38600 0.44478 -0.55686)
(-0.42732 0.49579 -0.68864)
(-0.41948 0.49279 -0.67062)
(-0.42807 0.50628 -0.71256)
(-0.42539 0.54044 -0.82674)
(-0.42326 0.56246 -0.87708)
(-0.43166 0.54106 -0.95305)
(-0.41250 0.53904 -0.99009)
(-0.40431 0.53564 -1.02170)
(-0.39149 0.52884 -1.04660)
(-0.38160 0.49439 -1.08470)
(-0.37130 0.48295 -1.09460)
(-0.37924 0.47581 -1.09390)
(-0.37812 0.46173 -1.06990)
(-0.37128 0.45021 -1.05510)
(-0.37183 0.44894 -1.03940)
(-0.39667 0.45106 -0.99938)
(-0.36702 0.42871 -0.90727)
(-0.39305 0.43836 -0.88839)
(-0.37750 0.41426 -0.81119)
(-0.38942 0.41097 -0.77356)
(-0.34228 0.37000 -0.67537)
(-0.31564 0.34413 -0.58996)
(-0.35026 0.34924 -0.61908)
(-0.30196 0.31169 -0.52580)
(-0.25229 0.26038 -0.41234)
(-0.23586 0.24011 -0.36960)
(-0.23536 0.20746 -0.29925)
(-0.20884 0.17470 -0.20058)
(-0.13980 0.12282 -0.04690)
(-0.14830 0.11361 -0.05475)
(-0.04097 0.03384 -0.00310)
(0.00177 -0.00146 -0.00004)
(0.00004 -0.00004 0.00053)
(0.00512 -0.00213 0.01609)
(-0.00089 -0.00096 0.01138)
(0.01680 -0.01459 0.05020)
(0.02007 -0.01753 0.05599)
(0.03041 -0.02114 0.06591)
(0.04058 -0.03158 0.09075)
(0.04307 -0.04254 0.12513)
(0.04997 -0.04331 0.14342)
(0.04100 -0.03798 0.17449)
(0.06102 -0.06588 0.20980)
(0.04727 -0.05103 0.22005)
(0.00634 -0.01736 0.22560)
(-0.01513 0.01300 0.21400)
(-0.08497 0.09134 0.13146)
(-0.10007 0.11598 0.14223)
(-0.14910 0.17164 0.01764)
(-0.28625 0.31762 -0.26690)
(-0.25396 0.29573 -0.18775)
(-0.33599 0.39541 -0.42263)
(-0.35521 0.44379 -0.48772)
(-0.39753 0.50816 -0.60494)
(-0.42164 0.50442 -0.69656)
(-0.41086 0.55328 -0.79331)
(-0.40533 0.58658 -0.83645)
(-0.42206 0.57406 -0.91196)
(-0.40706 0.57381 -0.94969)
(-0.40026 0.55158 -1.00320)
(-0.39554 0.54859 -1.02570)
(-0.37729 0.50755 -1.07460)
(-0.38928 0.50677 -1.08170)
(-0.38666 0.47991 -1.09370)
(-0.38991 0.47462 -1.08440)
(-0.39222 0.46723 -1.08280)
(-0.40066 0.45987 -1.05210)
(-0.41326 0.46182 -1.02790)
(-0.42797 0.45588 -0.97575)
(-0.42980 0.45591 -0.96552)
(-0.40867 0.42871 -0.84067)
(-0.41460 0.42546 -0.80904)
(-0.37097 0.38487 -0.70626)
(-0.37253 0.35582 -0.63493)
(-0.30987 0.30489 -0.50459)
(-0.29570 0.27032 -0.43848)
(-0.23938 0.23540 -0.36950)
(-0.29172 0.22212 -0.34350)
(-0.23913 0.18436 -0.24704)
(-0.21406 0.15918 -0.18800)
(-0.19186 0.11050 -0.12457)
(-0.16211 0.09062 -0.05070)
(-0.06287 0.03182 0.00483)
(-0.00418 0.00228 0.00170)
(-0.00026 -0.00024 0.00226)
(0.00135 -0.00929 0.02784)
(0.00770 -0.01747 0.05312)
(0.01432 -0.03477 0.07083)
(0.02165 -0.03450 0.07626)
(0.03638 -0.04449 0.11564)
(0.06160 -0.07458 0.16632)
(0.05946 -0.06200 0.15594)
(0.06826 -0.07901 0.18435)
(0.05986 -0.07085 0.21260)
(0.04058 -0.04341 0.23511)
(0.01625 -0.00981 0.22799)
(-0.04489 0.04594 0.18377)
(-0.01463 0.02636 0.18822)
(-0.09394 0.10529 0.12278)
(-0.16009 0.18541 0.00851)
(-0.24792 0.33117 -0.20345)
(-0.28920 0.37035 -0.30574)
(-0.31925 0.43686 -0.42911)
(-0.34331 0.46909 -0.49977)
(-0.39144 0.54465 -0.65052)
(-0.40874 0.58276 -0.73252)
(-0.40640 0.59212 -0.78588)
(-0.41133 0.58928 -0.86299)
(-0.40782 0.58823 -0.91961)
(-0.38270 0.57955 -0.95902)
(-0.38255 0.57305 -0.97478)
(-0.37742 0.52810 -1.04290)
(-0.38438 0.51736 -1.06260)
(-0.37785 0.48922 -1.08650)
(-0.38661 0.47713 -1.09010)
(-0.40611 0.47654 -1.07130)
(-0.40842 0.46759 -1.06150)
(-0.42838 0.47309 -1.02910)
(-0.43045 0.45748 -0.97751)
(-0.45135 0.46482 -0.94987)
(-0.43803 0.44190 -0.88155)
(-0.47149 0.44242 -0.82306)
(-0.43318 0.41798 -0.76872)
(-0.40594 0.36148 -0.64882)
(-0.36784 0.34440 -0.61564)
(-0.34273 0.31266 -0.53721)
(-0.37131 0.29910 -0.49980)
(-0.35802 0.28205 -0.45939)
(-0.29974 0.22827 -0.35635)
(-0.23140 0.15222 -0.22038)
(-0.20538 0.11717 -0.14215)
(-0.18847 0.10327 -0.09256)
(-0.11633 0.05272 -0.00534)
(-0.05335 0.02532 0.00787)
(-0.00779 0.00362 0.00200)
(0.00016 0.00061 -0.00145)
(-0.00083 -0.00194 0.00582)
(0.00160 -0.01305 0.02214)
(0.00348 -0.02703 0.05243)
(0.00849 -0.03557 0.06357)
(0.01243 -0.04144 0.07430)
(0.02595 -0.04786 0.10773)
(0.01328 -0.04485 0.08152)
(0.03956 -0.06218 0.15132)
(0.06257 -0.07857 0.17618)
(0.06703 -0.08067 0.18877)
(0.03978 -0.05389 0.19548)
(0.04744 -0.05291 0.22266)
(0.02031 -0.01623 0.20604)
(-0.05389 0.06670 0.13259)
(-0.07358 0.09096 0.13271)
(-0.08815 0.10390 0.10460)
(-0.12174 0.14952 0.04539)
(-0.24875 0.33248 -0.19638)
(-0.27100 0.36429 -0.25933)
(-0.28982 0.39339 -0.30496)
(-0.33464 0.45886 -0.43074)
(-0.38824 0.56036 -0.64615)
(-0.39985 0.59213 -0.67213)
(-0.40889 0.63706 -0.74028)
(-0.39945 0.62587 -0.78981)
(-0.40045 0.60984 -0.83983)
(-0.39520 0.61495 -0.89553)
(-0.38145 0.61030 -0.91776)
(-0.37845 0.60487 -0.93124)
(-0.37602 0.54670 -1.01240)
(-0.38143 0.52159 -1.05550)
(-0.38426 0.51169 -1.06590)
(-0.38085 0.49455 -1.07950)
(-0.40772 0.49340 -1.05120)
(-0.42564 0.48242 -1.04990)
(-0.44991 0.48978 -1.00350)
(-0.45158 0.48120 -1.00150)
(-0.46484 0.47889 -0.95329)
(-0.47726 0.45167 -0.85078)
(-0.47951 0.44733 -0.82906)
(-0.47156 0.43656 -0.80370)
(-0.47114 0.42999 -0.78696)
(-0.38995 0.32582 -0.55697)
(-0.37929 0.30191 -0.50585)
(-0.35698 0.27659 -0.44960)
(-0.33875 0.24360 -0.41351)
(-0.30558 0.21260 -0.34100)
(-0.25804 0.15884 -0.23067)
(-0.25547 0.14395 -0.18009)
(-0.23906 0.12797 -0.15261)
(-0.18524 0.07056 -0.02497)
(-0.11095 0.03011 0.02991)
(-0.01145 0.00288 0.00493)
(-0.01145 0.00272 0.00511)
(-0.00107 -0.00231 0.00380)
(0.00195 -0.01988 0.02668)
(0.00605 -0.03813 0.06044)
(0.00834 -0.04015 0.06570)
(0.01102 -0.04343 0.07289)
(0.01265 -0.04777 0.07985)
(0.02698 -0.05946 0.13179)
(0.04488 -0.06842 0.15084)
(0.06516 -0.08248 0.18338)
(0.02894 -0.04538 0.17212)
(0.01060 -0.01787 0.18627)
(-0.06611 0.07602 0.12217)
(-0.08626 0.09938 0.10051)
(-0.10646 0.12504 0.08356)
(-0.16395 0.21745 -0.03630)
(-0.26856 0.36092 -0.24141)
(-0.27267 0.36285 -0.23187)
(-0.28726 0.39107 -0.28598)
(-0.34069 0.48855 -0.39732)
(-0.38482 0.57566 -0.53232)
(-0.38050 0.56184 -0.54010)
(-0.39881 0.61706 -0.61947)
(-0.40858 0.66610 -0.69125)
(-0.40723 0.67313 -0.70845)
(-0.39536 0.63425 -0.80946)
(-0.38093 0.62178 -0.90339)
(-0.37790 0.61585 -0.91619)
(-0.37424 0.59932 -0.94134)
(-0.36650 0.55969 -0.99866)
(-0.38185 0.51706 -1.05760)
(-0.39182 0.51408 -1.04930)
(-0.40711 0.50156 -1.04650)
(-0.42069 0.49424 -1.04190)
(-0.45275 0.49418 -1.00060)
(-0.46150 0.49421 -0.99244)
(-0.47224 0.49840 -0.98292)
(-0.48693 0.45742 -0.85161)
(-0.48930 0.45390 -0.83446)
(-0.48025 0.44156 -0.81028)
(-0.48122 0.43484 -0.79209)
(-0.42722 0.35877 -0.62199)
(-0.39972 0.29702 -0.52066)
(-0.34999 0.22297 -0.38485)
(-0.32079 0.18919 -0.32014)
(-0.28789 0.17121 -0.26320)
(-0.25343 0.12982 -0.15768)
(-0.24394 0.12181 -0.14137)
(-0.17659 0.05025 0.02604)
(-0.12984 0.03383 0.03750)
(-0.07040 0.01753 0.02578)
(-0.13376 0.03300 0.04326)
(-0.01866 0.00419 0.00883)
(-0.00026 -0.00062 0.00096)
(-0.00203 -0.00490 0.00739)
(-0.00127 -0.00329 0.00485)
(-0.00504 -0.01261 0.01800)
(-0.00044 -0.03215 0.04059)
(-0.00006 -0.03660 0.05473)
(0.00643 -0.04225 0.06254)
(0.00439 -0.04779 0.06789)
(0.00983 -0.04509 0.07086)
(0.01514 -0.05660 0.08811)
(0.01801 -0.05590 0.10463)
(0.02585 -0.06061 0.12585)
(0.00754 -0.03603 0.13657)
(0.01609 -0.03749 0.15750)
(-0.01125 -0.00933 0.14557)
(-0.04765 0.04803 0.13046)
(-0.09028 0.10051 0.09106)
(-0.10868 0.12555 0.07569)
(-0.15488 0.17699 0.01961)
(-0.31332 0.39100 -0.20601)
(-0.28969 0.39041 -0.27116)
(-0.36140 0.51803 -0.37549)
(-0.41604 0.62522 -0.49913)
(-0.40367 0.63960 -0.60373)
(-0.41381 0.67822 -0.66128)
(-0.41063 0.68303 -0.69648)
(-0.40539 0.67372 -0.75791)
(-0.39018 0.66246 -0.85181)
(-0.37714 0.62903 -0.90155)
(-0.37271 0.60721 -0.92945)
(-0.36515 0.57583 -0.96379)
(-0.37429 0.52799 -1.02780)
(-0.38757 0.52330 -1.01820)
(-0.40215 0.51339 -1.02080)
(-0.42168 0.49929 -1.03020)
(-0.45401 0.50042 -1.00730)
(-0.46561 0.49887 -0.98920)
(-0.47921 0.50366 -0.97803)
(-0.49474 0.47723 -0.88970)
(-0.50944 0.46857 -0.85491)
(-0.49036 0.44796 -0.81607)
(-0.49494 0.42375 -0.75163)
(-0.46780 0.38272 -0.66096)
(-0.45314 0.34290 -0.59385)
(-0.39066 0.26412 -0.45703)
(-0.34389 0.20468 -0.35408)
(-0.32594 0.18609 -0.31771)
(-0.29606 0.15786 -0.22597)
(-0.22943 0.09508 -0.06559)
(-0.18300 0.05092 0.02680)
(-0.18193 0.04677 0.03857)
(-0.17679 0.04196 0.05453)
(-0.11784 0.02675 0.04544)
(-0.01976 0.00358 0.01323)
(0.01577 -0.00273 -0.01152)
(-0.00008 -0.00027 0.00051)
(-0.00103 -0.00340 0.00629)
(-0.00618 -0.02139 0.02633)
(-0.00230 -0.01235 0.01610)
(-0.00508 -0.02763 0.02752)
(0.00083 -0.03610 0.03956)
(0.00264 -0.04141 0.04196)
(0.00530 -0.04684 0.05751)
(0.00500 -0.04490 0.06407)
(0.01640 -0.06110 0.09312)
(0.02071 -0.07395 0.10673)
(0.00256 -0.04618 0.09328)
(-0.00582 -0.03397 0.12215)
(-0.04750 0.01466 0.09377)
(-0.07377 0.05772 0.07959)
(-0.10516 0.09516 0.05324)
(-0.20655 0.21325 -0.04603)
(-0.11533 0.12970 0.06360)
(-0.20986 0.23469 -0.04305)
(-0.32734 0.38761 -0.20354)
(-0.35155 0.44340 -0.28670)
(-0.40173 0.55624 -0.38078)
(-0.44079 0.62539 -0.46244)
(-0.42474 0.66809 -0.55633)
(-0.44163 0.71313 -0.59669)
(-0.44432 0.75882 -0.65686)
(-0.41193 0.72914 -0.74838)
(-0.40142 0.70867 -0.79278)
(-0.38884 0.70197 -0.82606)
(-0.37317 0.64088 -0.89623)
(-0.36369 0.59058 -0.93694)
(-0.35617 0.55638 -0.97971)
(-0.38599 0.53856 -0.99159)
(-0.39537 0.52790 -0.99498)
(-0.42012 0.51272 -1.00800)
(-0.45777 0.52489 -0.97984)
(-0.46847 0.50294 -0.98453)
(-0.51556 0.52663 -0.95618)
(-0.53335 0.51658 -0.92179)
(-0.56933 0.52334 -0.87953)
(-0.54887 0.47630 -0.80724)
(-0.54013 0.45861 -0.77969)
(-0.50839 0.39994 -0.67159)
(-0.46759 0.34639 -0.59458)
(-0.41667 0.28889 -0.49593)
(-0.39145 0.25183 -0.41494)
(-0.33580 0.19009 -0.31543)
(-0.29375 0.13593 -0.14627)
(-0.27152 0.11567 -0.10716)
(-0.26454 0.09785 -0.06722)
(-0.22182 0.05612 0.04442)
(-0.18226 0.03924 0.07427)
(-0.11108 0.01917 0.06302)
(-0.03141 0.00484 0.02207)
(0.01163 -0.00124 -0.01172)
(-0.00019 -0.00191 0.00332)
(-0.00096 -0.01169 0.01806)
(-0.00461 -0.02060 0.03002)
(-0.00271 -0.03116 0.03631)
(0.00064 -0.04041 0.04035)
(0.00488 -0.04510 0.04308)
(-0.00118 -0.02835 0.03720)
(0.00374 -0.04244 0.05899)
(-0.00197 -0.03530 0.05628)
(-0.00446 -0.03184 0.05778)
(0.00669 -0.05027 0.08423)
(-0.01983 -0.02267 0.07301)
(-0.02746 -0.01633 0.07912)
(-0.06469 0.01867 0.03476)
(-0.07096 0.02587 0.03775)
(-0.08725 0.06806 0.06212)
(-0.09859 0.05648 0.02502)
(-0.13108 0.11485 0.01832)
(-0.23163 0.22364 -0.07748)
(-0.28432 0.31097 -0.12799)
(-0.35601 0.41288 -0.22928)
(-0.36734 0.43618 -0.25130)
(-0.44278 0.58690 -0.36563)
(-0.52030 0.72546 -0.49571)
(-0.46467 0.71299 -0.54592)
(-0.46293 0.73237 -0.58201)
(-0.46189 0.80304 -0.66971)
(-0.44256 0.77953 -0.70753)
(-0.41528 0.74808 -0.75724)
(-0.39303 0.72168 -0.80652)
(-0.37826 0.65967 -0.86381)
(-0.36824 0.62479 -0.90713)
(-0.35309 0.56689 -0.96402)
(-0.38984 0.55989 -0.94859)
(-0.42770 0.55069 -0.93778)
(-0.43096 0.52544 -0.98135)
(-0.47103 0.53664 -0.95821)
(-0.51937 0.54438 -0.95892)
(-0.55869 0.55704 -0.95316)
(-0.56747 0.53970 -0.90997)
(-0.58009 0.53533 -0.88593)
(-0.59959 0.51833 -0.81865)
(-0.56023 0.46330 -0.75323)
(-0.57526 0.46370 -0.73474)
(-0.49268 0.36697 -0.58830)
(-0.44486 0.30556 -0.50395)
(-0.45114 0.29521 -0.43657)
(-0.43527 0.27621 -0.39939)
(-0.39325 0.23229 -0.33502)
(-0.42198 0.25755 -0.35867)
(-0.33703 0.16537 -0.19733)
(-0.26150 0.07879 -0.02947)
(-0.25501 0.07510 -0.01672)
(-0.21375 0.03830 0.09265)
(-0.06521 0.00847 0.04568)
(-0.00988 0.00071 0.01021)
(0.00379 -0.00026 -0.00402)
(-0.00003 -0.00033 0.00065)
(-0.00044 -0.00552 0.01015)
(-0.00087 -0.01571 0.02570)
(-0.00136 -0.01800 0.02710)
(-0.00017 -0.02030 0.03009)
(0.00134 -0.02629 0.03067)
(0.00097 -0.03157 0.03418)
(-0.01277 -0.01245 0.02685)
(-0.01321 -0.01487 0.03064)
(-0.01727 -0.00974 0.02689)
(-0.02554 -0.01050 0.04954)
(-0.07237 0.02693 0.02334)
(-0.07970 0.03424 0.02460)
(-0.09775 0.05166 0.01257)
(-0.17637 0.14888 -0.04650)
(-0.27032 0.24836 -0.12822)
(-0.30637 0.32863 -0.15074)
(-0.40467 0.44779 -0.25181)
(-0.41212 0.48515 -0.28897)
(-0.46035 0.52721 -0.34210)
(-0.49044 0.63739 -0.41765)
(-0.53573 0.73539 -0.49643)
(-0.52628 0.75078 -0.51648)
(-0.51749 0.76747 -0.55480)
(-0.48240 0.80526 -0.64016)
(-0.45685 0.80288 -0.68457)
(-0.43039 0.77715 -0.72527)
(-0.41484 0.75535 -0.77381)
(-0.37793 0.67538 -0.84288)
(-0.38158 0.64729 -0.85732)
(-0.37477 0.60531 -0.90007)
(-0.39991 0.56869 -0.92640)
(-0.43103 0.55465 -0.92673)
(-0.44133 0.55050 -0.93468)
(-0.47205 0.54600 -0.93093)
(-0.53348 0.55190 -0.94866)
(-0.56796 0.56319 -0.92405)
(-0.62240 0.59037 -0.87685)
(-0.60348 0.55332 -0.86618)
(-0.61264 0.52050 -0.78045)
(-0.60024 0.50091 -0.75938)
(-0.59566 0.49007 -0.73990)
(-0.53852 0.41619 -0.62600)
(-0.47277 0.31922 -0.46461)
(-0.43499 0.27217 -0.38192)
(-0.39093 0.21329 -0.26787)
(-0.33928 0.15392 -0.16821)
(-0.30860 0.12433 -0.09499)
(-0.27538 0.08660 -0.03583)
(-0.25069 0.06499 0.01611)
(-0.20228 0.02527 0.08534)
(-0.06798 0.00326 0.05564)
(-0.00486 0.00004 0.00411)
(-0.00005 -0.00006 0.00052)
(-0.00135 -0.00194 0.01551)
(-0.00224 -0.00371 0.02708)
(-0.00229 -0.00596 0.02788)
(-0.00066 -0.00699 0.02371)
(0.00109 -0.02042 0.03366)
(-0.00870 -0.00926 0.02522)
(0.00154 -0.02385 0.03532)
(-0.01394 -0.00697 0.02274)
(-0.01583 -0.00829 0.02447)
(-0.01799 -0.00216 0.01962)
(-0.02110 -0.00248 0.02015)
(-0.02358 -0.00205 0.02088)
(-0.08809 0.04894 -0.00916)
(-0.08737 0.04192 0.01306)
(-0.10642 0.05962 0.00057)
(-0.22098 0.18770 -0.08797)
(-0.27636 0.24980 -0.13835)
(-0.36727 0.37203 -0.21792)
(-0.46270 0.48847 -0.31214)
(-0.48822 0.52352 -0.33790)
(-0.50110 0.64512 -0.42553)
(-0.55278 0.74640 -0.50165)
(-0.54073 0.75902 -0.51531)
(-0.54276 0.77891 -0.53140)
(-0.52257 0.82923 -0.62447)
(-0.46759 0.81564 -0.67688)
(-0.46139 0.80616 -0.69912)
(-0.40698 0.72827 -0.80016)
(-0.38306 0.63398 -0.86239)
(-0.41035 0.61631 -0.87352)
(-0.44493 0.55466 -0.92401)
(-0.54296 0.57334 -0.90768)
(-0.59187 0.58988 -0.89777)
(-0.63382 0.58909 -0.85894)
(-0.60933 0.51119 -0.76076)
(-0.59127 0.48029 -0.72152)
(-0.44882 0.28857 -0.40623)
(-0.35174 0.16271 -0.17841)
(-0.07640 0.00173 0.05375)
(-0.00039 0.00033 0.00303)
(-0.00230 0.00149 0.02035)
(-0.00390 0.00230 0.03232)
(-0.00390 0.00499 0.02943)
(-0.00358 0.00516 0.03115)
(-0.00314 0.00301 0.02957)
(-0.01094 0.00723 0.01637)
(-0.01511 -0.00141 0.01898)
(-0.01989 0.00423 0.01535)
(-0.02471 0.00462 0.01460)
(-0.03589 0.01676 0.00711)
(-0.11262 0.07997 -0.04529)
(-0.14121 0.11166 -0.06590)
(-0.13798 0.09076 -0.04474)
(-0.26239 0.21084 -0.13307)
(-0.22525 0.18277 -0.09166)
(-0.31082 0.27252 -0.17097)
(-0.39942 0.38597 -0.24795)
(-0.40837 0.38456 -0.25457)
(-0.46956 0.48846 -0.31618)
(-0.49578 0.52564 -0.34302)
(-0.51904 0.60833 -0.39581)
(-0.58610 0.74273 -0.49444)
(-0.56486 0.76922 -0.51875)
(-0.55520 0.78516 -0.53342)
(-0.50876 0.84042 -0.65201)
(0.00056 -0.00155 -0.00428)
(-0.00150 0.00429 0.01115)
(-0.00274 0.01377 0.03316)
(-0.00186 0.00821 0.03208)
(-0.00370 0.01049 0.02775)
(-0.00204 0.01451 0.02011)
(-0.01046 0.01352 0.01310)
(-0.01462 0.01579 0.01097)
(-0.01345 0.01942 0.00909)
(-0.02411 0.02291 0.00172)
(-0.04121 0.03664 -0.00866)
(-0.07572 0.06483 -0.03412)
(-0.13016 0.10321 -0.06498)
(-0.13601 0.10870 -0.06813)
(-0.20619 0.16560 -0.10937)
(-0.26780 0.22358 -0.14703)
(-0.33882 0.30125 -0.20017)
(-0.42229 0.39175 -0.27088)
(-0.48650 0.49014 -0.32702)
(-0.56665 0.62075 -0.41416)
(-0.61181 0.71297 -0.47747)
(0.00043 -0.00176 -0.00385)
(-0.00029 0.00125 0.00269)
(-0.00173 0.01028 0.01834)
(-0.00061 0.02211 0.02623)
(-0.00086 0.02281 0.02351)
(-0.00161 0.02652 0.01628)
(-0.01542 0.03446 0.00610)
(-0.03440 0.04417 -0.01103)
(-0.04971 0.05304 -0.02124)
(-0.08644 0.07966 -0.04714)
(-0.12391 0.10242 -0.06354)
(-0.15760 0.12803 -0.08829)
(-0.21432 0.17658 -0.12471)
(-0.32812 0.27738 -0.20502)
(-0.34087 0.28766 -0.20111)
(-0.41114 0.35031 -0.25790)
(-0.47295 0.44633 -0.31278)
(-0.00008 0.00049 0.00090)
(-0.00117 0.01317 0.01653)
(-0.00023 0.01802 0.02160)
(-0.00045 0.02346 0.02609)
(-0.00129 0.02476 0.02224)
(-0.00173 0.02636 0.02112)
(-0.01503 0.04149 0.00405)
(-0.02744 0.05123 -0.00841)
(-0.04227 0.05985 -0.01948)
(-0.04848 0.06786 -0.02337)
(-0.09316 0.10253 -0.05935)
(-0.12242 0.12258 -0.07987)
(-0.13081 0.11623 -0.08153)
(-0.14747 0.14344 -0.09749)
(-0.17523 0.15819 -0.10917)
(-0.25524 0.21721 -0.15658)
(-0.00041 0.00161 0.00239)
(-0.00100 0.01765 0.02416)
(-0.00043 0.02473 0.02539)
(-0.00301 0.03173 0.03111)
(-0.00211 0.02921 0.02493)
(-0.01419 0.04150 0.01195)
(-0.02854 0.05708 -0.01065)
(-0.04736 0.06779 -0.02255)
(-0.10543 0.11649 -0.06886)
(-0.13573 0.13710 -0.09054)
(0.00006 -0.00035 -0.00050)
(-0.00153 0.00968 0.01354)
(-0.00232 0.02602 0.02536)
(-0.44284 0.79563 -0.74185)
(-0.38610 0.65667 -0.84713)
(-0.43424 0.55737 -0.91457)
(-0.49348 0.56673 -0.90349)
(-0.63590 0.60289 -0.85950)
(-0.61962 0.53511 -0.78591)
(-0.60388 0.50014 -0.74090)
(-0.52572 0.38140 -0.53781)
(-0.41210 0.25920 -0.34274)
(-0.32859 0.13627 -0.11393)
(-0.29987 0.11596 -0.07270)
(-0.20558 0.02108 0.09229)
(-0.19758 0.01605 0.10111)
(-0.18876 0.01071 0.11125)
(-0.01692 0.00008 0.01289)
(-0.55163 0.84166 -0.60445)
(-0.48196 0.83577 -0.69127)
(-0.45166 0.80203 -0.72891)
(-0.43014 0.76428 -0.76708)
(-0.39042 0.67711 -0.83287)
(-0.38792 0.64141 -0.85220)
(-0.41053 0.61436 -0.85688)
(-0.44516 0.58093 -0.86551)
(-0.44732 0.55739 -0.91257)
(-0.51791 0.58470 -0.87405)
(-0.55216 0.57854 -0.89771)
(-0.61417 0.60300 -0.87662)
(-0.63998 0.60752 -0.85353)
(-0.64678 0.60765 -0.85464)
(-0.65362 0.58889 -0.81390)
(-0.61866 0.52274 -0.76070)
(-0.61193 0.51065 -0.74008)
(-0.59819 0.48291 -0.70160)
(-0.54022 0.41382 -0.56578)
(-0.46576 0.31831 -0.44123)
(-0.41730 0.26434 -0.33472)
(-0.36139 0.18369 -0.20152)
(-0.33041 0.14778 -0.11261)
(-0.25828 0.07541 0.00805)
(-0.20024 0.01911 0.09568)
(-0.18567 0.00946 0.10921)
(-0.06811 0.00053 0.04777)
(-0.00664 -0.00011 0.00505)
(-0.65351 0.79520 -0.53144)
(-0.60839 0.84033 -0.57188)
(-0.59762 0.85225 -0.58537)
(-0.55019 0.88478 -0.64081)
(-0.52350 0.85770 -0.66025)
(-0.48006 0.82908 -0.71311)
(-0.43173 0.77669 -0.76433)
(-0.42232 0.72936 -0.78752)
(-0.39101 0.64950 -0.84376)
(-0.40612 0.67434 -0.81280)
(-0.40062 0.61697 -0.84611)
(-0.44691 0.57915 -0.83641)
(-0.48860 0.57895 -0.86200)
(-0.51720 0.58450 -0.86420)
(-0.57160 0.59409 -0.87251)
(-0.61119 0.60812 -0.85257)
(-0.64687 0.62626 -0.84393)
(-0.65908 0.61781 -0.84623)
(-0.67197 0.61180 -0.80646)
(-0.64930 0.56744 -0.76686)
(-0.62776 0.54086 -0.71669)
(-0.58797 0.48048 -0.66662)
(-0.55829 0.43133 -0.57300)
(-0.50934 0.38095 -0.49743)
(-0.41695 0.26015 -0.29799)
(-0.35989 0.18126 -0.17992)
(-0.36262 0.20706 -0.19886)
(-0.30268 0.12903 -0.07751)
(-0.27986 0.10572 -0.04567)
(-0.26289 0.09610 -0.04128)
(-0.20815 0.02730 0.08628)
(-0.17807 0.00704 0.10456)
(-0.08196 -0.00311 0.05978)
(-0.01722 -0.00200 0.01627)
(0.00649 0.00091 -0.00641)
(-0.56366 0.55755 -0.39350)
(-0.60775 0.65019 -0.44538)
(-0.62821 0.71400 -0.48598)
(-0.65080 0.78498 -0.53220)
(-0.62933 0.83482 -0.56595)
(-0.62381 0.86267 -0.60411)
(-0.56311 0.87661 -0.63705)
(-0.54390 0.85492 -0.66208)
(-0.48710 0.82717 -0.71673)
(-0.46755 0.80623 -0.73394)
(-0.44025 0.75127 -0.76647)
(-0.43174 0.69710 -0.79995)
(-0.43370 0.64446 -0.82617)
(-0.44377 0.62549 -0.82747)
(-0.45508 0.58005 -0.83759)
(-0.53320 0.59298 -0.83720)
(-0.58085 0.61145 -0.82748)
(-0.59561 0.60737 -0.84880)
(-0.61795 0.61800 -0.83834)
(-0.67230 0.63913 -0.82901)
(-0.67670 0.63234 -0.82445)
(-0.67156 0.62243 -0.78517)
(-0.67050 0.61023 -0.77514)
(-0.62264 0.55325 -0.71157)
(-0.59437 0.50551 -0.67240)
(-0.57099 0.50335 -0.63964)
(-0.54215 0.44392 -0.56992)
(-0.46097 0.34438 -0.40368)
(-0.42168 0.28692 -0.33619)
(-0.36587 0.23304 -0.24173)
(-0.31014 0.14562 -0.11410)
(-0.22751 0.05935 0.01252)
(-0.25779 0.10926 -0.05125)
(-0.18787 0.02039 0.06551)
(-0.15867 0.01089 0.06774)
(-0.01535 -0.00215 0.01402)
(0.01201 0.00252 -0.01261)
(-0.11605 0.01101 0.05282)
(-0.32997 0.27962 -0.20905)
(-0.35452 0.30097 -0.22403)
(-0.37944 0.32375 -0.24241)
(-0.47959 0.44584 -0.32257)
(-0.56400 0.55168 -0.39216)
(-0.60628 0.59792 -0.42242)
(-0.58531 0.59784 -0.41872)
(-0.62985 0.67584 -0.46735)
(-0.65733 0.75468 -0.51813)
(-0.64526 0.81328 -0.56295)
(-0.63110 0.85927 -0.60319)
(-0.61271 0.86755 -0.61610)
(-0.54841 0.85024 -0.66857)
(-0.47517 0.81198 -0.72851)
(-0.46313 0.79488 -0.74019)
(-0.45551 0.72115 -0.78538)
(-0.42671 0.67084 -0.81239)
(-0.47822 0.64124 -0.82324)
(-0.47466 0.60537 -0.82942)
(-0.49364 0.63698 -0.81886)
(-0.55884 0.60547 -0.82637)
(-0.57809 0.61293 -0.82564)
(-0.59657 0.61837 -0.82467)
(-0.66385 0.64057 -0.81744)
(-0.67895 0.64199 -0.82410)
(-0.67778 0.64291 -0.82241)
(-0.67847 0.64407 -0.79977)
(-0.66897 0.61173 -0.75433)
(-0.65593 0.61218 -0.74762)
(-0.61229 0.56275 -0.68737)
(-0.56202 0.51370 -0.62341)
(-0.54976 0.48271 -0.60039)
(-0.43583 0.33504 -0.38487)
(-0.38593 0.26128 -0.28949)
(-0.36026 0.23270 -0.24594)
(-0.33944 0.20394 -0.20059)
(-0.21587 0.08622 -0.04243)
(-0.19388 0.05588 0.00125)
(-0.16017 0.02104 0.04716)
(-0.08000 -0.00244 0.04960)
(-0.00932 -0.00099 0.00712)
(-0.03640 -0.00879 0.03310)
(-0.00676 -0.00194 0.00666)
(-0.14926 0.14663 -0.10021)
(-0.16070 0.15309 -0.10737)
(-0.21824 0.19822 -0.14300)
(-0.33166 0.28156 -0.21283)
(-0.35318 0.30046 -0.22598)
(-0.35147 0.29943 -0.22772)
(-0.37728 0.32243 -0.24347)
(-0.50098 0.46825 -0.34374)
(-0.45717 0.39562 -0.29848)
(-0.55165 0.51526 -0.37557)
(-0.60398 0.57550 -0.41144)
(-0.67383 0.70831 -0.49223)
(-0.68400 0.72877 -0.50241)
(-0.65363 0.79113 -0.54248)
(-0.63749 0.85730 -0.59941)
(-0.62094 0.86357 -0.61154)
(-0.61147 0.86596 -0.61974)
(-0.57616 0.85502 -0.65072)
(-0.48193 0.81785 -0.72377)
(-0.47045 0.80232 -0.73455)
(-0.46500 0.75467 -0.77587)
(-0.44409 0.68495 -0.80591)
(-0.48830 0.65228 -0.81646)
(-0.49802 0.64530 -0.81824)
(-0.53712 0.62059 -0.82184)
(-0.57665 0.61447 -0.82468)
(-0.59435 0.61955 -0.82334)
(-0.59229 0.62070 -0.82260)
(-0.65507 0.64215 -0.80803)
(-0.66389 0.65236 -0.79085)
(-0.66342 0.64808 -0.78135)
(-0.66361 0.64703 -0.75865)
(-0.57825 0.53630 -0.64290)
(-0.55701 0.51484 -0.62195)
(-0.54222 0.49337 -0.60350)
(-0.44253 0.36798 -0.43369)
(-0.37883 0.25973 -0.29023)
(-0.35529 0.23255 -0.24943)
(-0.33507 0.20354 -0.20427)
(-0.28479 0.16212 -0.14984)
(-0.19801 0.07535 -0.03432)
(-0.12584 0.00161 0.05428)
(-0.03015 -0.00803 0.02403)
(0.00604 0.00219 -0.00573)
(-0.00215 -0.00068 0.00189)
(-0.00536 0.03633 0.03649)
(-0.01704 0.05212 0.01315)
(-0.01832 0.05028 0.00790)
(-0.03422 0.06735 -0.01200)
(-0.04560 0.07500 -0.01063)
(-0.05252 0.08267 -0.02493)
(-0.09678 0.11110 -0.06116)
(-0.13674 0.13937 -0.09233)
(-0.13856 0.14238 -0.09469)
(-0.15116 0.14987 -0.10287)
(-0.16425 0.15756 -0.11142)
(-0.23217 0.21168 -0.15988)
(-0.31418 0.27272 -0.21001)
(-0.35743 0.30122 -0.23083)
(-0.46489 0.40018 -0.30585)
(-0.55965 0.50837 -0.37987)
(-0.61044 0.57707 -0.43146)
(-0.67515 0.69730 -0.48734)
(-0.68314 0.71963 -0.49779)
(-0.67181 0.76472 -0.52396)
(-0.66486 0.80472 -0.55575)
(-0.62854 0.86118 -0.60700)
(-0.61779 0.86382 -0.61620)
(-0.58765 0.83989 -0.66548)
(-0.52375 0.83020 -0.70372)
(-0.50058 0.79797 -0.74125)
(-0.49158 0.76386 -0.76903)
(-0.46283 0.71044 -0.78946)
(-0.48932 0.66019 -0.81564)
(-0.50188 0.65360 -0.81769)
(-0.52874 0.63989 -0.82042)
(-0.57600 0.62927 -0.82082)
(-0.58450 0.62618 -0.81895)
(-0.62712 0.63947 -0.81052)
(-0.66055 0.65368 -0.79322)
(-0.65191 0.65082 -0.77494)
(-0.66537 0.65425 -0.76579)
(-0.65725 0.65211 -0.74253)
(-0.63537 0.62351 -0.72238)
(-0.61013 0.57343 -0.67972)
(-0.56230 0.52692 -0.63111)
(-0.53934 0.50345 -0.60804)
(-0.53432 0.49160 -0.59905)
(-0.46076 0.41069 -0.50289)
(-0.37424 0.27166 -0.32252)
(-0.35922 0.31193 -0.34550)
(-0.31450 0.22384 -0.24778)
(-0.22438 0.15471 -0.12571)
(-0.19584 0.08121 -0.05247)
(-0.16420 0.04251 0.00061)
(-0.14854 0.03165 0.01075)
(-0.08041 -0.01003 0.04718)
(-0.01651 -0.00433 0.01305)
(-0.00024 0.00202 0.00272)
(-0.00025 0.00522 0.00659)
(-0.01272 0.04133 0.02832)
(-0.02265 0.05370 0.01638)
(-0.03159 0.05705 0.02168)
(-0.04399 0.06985 0.00133)
(-0.05591 0.07931 -0.01003)
(-0.06933 0.08757 -0.02184)
(-0.09910 0.10983 -0.04480)
(-0.09997 0.11035 -0.04691)
(-0.15355 0.15269 -0.09932)
(-0.20288 0.18126 -0.12449)
(-0.23133 0.20400 -0.15302)
(-0.30435 0.25871 -0.20040)
(-0.34799 0.29340 -0.23623)
(-0.45401 0.37706 -0.30165)
(-0.48242 0.40131 -0.32019)
(-0.55938 0.49335 -0.38663)
(-0.62790 0.56975 -0.44092)
(-0.66873 0.65176 -0.48191)
(-0.68224 0.66169 -0.51106)
(-0.69593 0.75659 -0.54034)
(-0.67409 0.77599 -0.57905)
(-0.64833 0.83454 -0.60852)
(-0.63367 0.82401 -0.63819)
(-0.62598 0.82239 -0.65674)
(-0.55238 0.84026 -0.69642)
(-0.54368 0.80689 -0.72071)
(-0.52953 0.76348 -0.76365)
(-0.49665 0.72973 -0.78451)
(-0.51680 0.70461 -0.79740)
(-0.51976 0.67635 -0.81318)
(-0.52427 0.64361 -0.82071)
(-0.56005 0.64348 -0.81860)
(-0.59202 0.64407 -0.82203)
(-0.61983 0.64342 -0.80725)
(-0.65835 0.65677 -0.79495)
(-0.62836 0.63962 -0.76638)
(-0.64911 0.65125 -0.75724)
(-0.60724 0.62723 -0.70429)
(-0.57456 0.58323 -0.66553)
(-0.52023 0.52043 -0.60076)
(-0.42914 0.41248 -0.47387)
(-0.43355 0.45906 -0.50443)
(-0.36583 0.34562 -0.41897)
(-0.30788 0.30630 -0.32308)
(-0.27207 0.23295 -0.21885)
(-0.22138 0.18212 -0.13916)
(-0.17301 0.09038 -0.04179)
(-0.14131 0.07228 -0.03043)
(-0.07071 0.02580 0.01983)
(-0.03422 0.01241 0.01112)
(-0.01259 0.00448 0.00452)
(-0.00042 0.00161 0.00248)
(-0.01533 0.03882 0.02461)
(-0.02975 0.05464 0.02764)
(-0.04513 0.06218 0.02609)
(-0.04744 0.06416 0.02325)
(-0.05208 0.06807 0.01780)
(-0.06821 0.08816 -0.01682)
(-0.06491 0.07823 0.00670)
(-0.10427 0.11278 -0.04070)
(-0.12649 0.12995 -0.06278)
(-0.16718 0.15167 -0.08654)
(-0.20388 0.17748 -0.10047)
(-0.26257 0.22156 -0.15791)
(-0.32047 0.27211 -0.21307)
(-0.36491 0.30228 -0.22910)
(-0.44381 0.36467 -0.29817)
(-0.52859 0.42910 -0.33553)
(-0.58357 0.48374 -0.39556)
(-0.64349 0.59567 -0.45923)
(-0.68528 0.64487 -0.53947)
(-0.69324 0.70763 -0.55148)
(-0.68351 0.73487 -0.57083)
(-0.67934 0.80357 -0.60231)
(-0.69008 0.75975 -0.59654)
(-0.66021 0.81349 -0.62743)
(-0.64250 0.80344 -0.65890)
(-0.56132 0.83510 -0.69586)
(-0.56774 0.80175 -0.71514)
(-0.56764 0.74061 -0.76429)
(-0.52973 0.73242 -0.78165)
(-0.56712 0.72752 -0.77339)
(-0.52807 0.71035 -0.79567)
(-0.54371 0.68788 -0.80858)
(-0.54373 0.66666 -0.81875)
(-0.54416 0.66058 -0.82070)
(-0.57149 0.65520 -0.81921)
(-0.59186 0.64986 -0.81974)
(-0.57942 0.63627 -0.79899)
(-0.60497 0.64132 -0.80995)
(-0.60809 0.64038 -0.78459)
(-0.62421 0.64577 -0.76641)
(-0.61415 0.63544 -0.74281)
(-0.59747 0.63063 -0.74263)
(-0.56766 0.61237 -0.69676)
(-0.55692 0.60700 -0.67172)
(-0.51273 0.55231 -0.60486)
(-0.42349 0.47416 -0.50115)
(-0.36025 0.36708 -0.40664)
(-0.36870 0.42818 -0.44264)
(-0.31220 0.33601 -0.34422)
(-0.18114 0.23422 -0.17534)
(-0.20797 0.21745 -0.17558)
(-0.15278 0.18962 -0.12143)
(-0.13759 0.09741 -0.05128)
(-0.12365 0.08342 -0.03737)
(-0.14469 0.18309 -0.11261)
(-0.09340 0.06367 -0.02550)
(-0.01222 0.00784 0.00508)
(-0.00018 0.00049 0.00076)
(-0.02092 0.03483 0.02239)
(-0.03621 0.04761 0.02237)
(-0.05228 0.06687 0.02281)
(-0.05901 0.07271 0.01437)
(-0.05967 0.07152 0.01872)
(-0.06570 0.07667 0.01162)
(-0.11118 0.11544 -0.03644)
(-0.18306 0.16618 -0.08088)
(-0.20448 0.17669 -0.08741)
(-0.26949 0.22836 -0.14746)
(-0.32975 0.26844 -0.17229)
(-0.36048 0.29129 -0.19985)
(-0.44413 0.36159 -0.27816)
(-0.54297 0.43388 -0.34221)
(-0.56492 0.45641 -0.36366)
(-0.58238 0.47060 -0.37646)
(-0.64152 0.58223 -0.45765)
(-0.68716 0.63395 -0.54044)
(-0.68912 0.65714 -0.55128)
(-0.69188 0.67920 -0.56793)
(-0.68864 0.71611 -0.61099)
(-0.68140 0.74823 -0.63621)
(-0.65994 0.74534 -0.67209)
(-0.62623 0.78401 -0.68925)
(-0.60857 0.76067 -0.71128)
(-0.57900 0.73315 -0.76485)
(-0.57887 0.72370 -0.77091)
(-0.56747 0.71999 -0.77995)
(-0.56591 0.69171 -0.79896)
(-0.54608 0.67134 -0.81476)
(-0.55353 0.65888 -0.81999)
(-0.57158 0.64762 -0.80998)
(-0.58224 0.64846 -0.79730)
(-0.57362 0.63164 -0.76976)
(-0.57071 0.62935 -0.76121)
(-0.57802 0.62554 -0.73952)
(-0.55829 0.60963 -0.69282)
(-0.54415 0.60167 -0.67748)
(-0.48541 0.55350 -0.58831)
(-0.48308 0.55378 -0.60196)
(-0.45642 0.51567 -0.55030)
(-0.30099 0.41496 -0.37695)
(-0.31290 0.36795 -0.35648)
(-0.28143 0.39783 -0.35071)
(-0.20825 0.27509 -0.21930)
(-0.15626 0.22666 -0.14994)
(-0.14542 0.20190 -0.12721)
(-0.11373 0.11750 -0.05974)
(-0.08103 0.07340 -0.03635)
(-0.12274 0.17863 -0.10548)
(-0.01751 0.01765 -0.00111)
(-0.00339 0.00351 -0.00016)
(0.00025 -0.00065 -0.00124)
(-0.01617 0.02173 0.01392)
(-0.02553 0.03260 0.02251)
(-0.05415 0.06676 0.02610)
(-0.06295 0.07198 0.02068)
(-0.12162 0.12244 -0.01677)
(-0.16362 0.14964 -0.05110)
(-0.18906 0.16350 -0.06218)
(-0.31830 0.26146 -0.14642)
(-0.33444 0.27055 -0.15060)
(-0.35274 0.28337 -0.16516)
(-0.42488 0.33505 -0.24840)
(-0.54393 0.42997 -0.33276)
(-0.56254 0.44927 -0.35520)
(-0.57868 0.46233 -0.36823)
(-0.65868 0.56812 -0.46994)
(-0.68895 0.64026 -0.55100)
(-0.68567 0.63262 -0.56682)
(-0.69518 0.65575 -0.60360)
(-0.68214 0.70779 -0.63496)
(-0.66533 0.69228 -0.66771)
(-0.64937 0.73511 -0.69407)
(-0.64496 0.73142 -0.70259)
(-0.62554 0.70937 -0.74285)
(-0.58873 0.71368 -0.76899)
(-0.57762 0.71636 -0.77645)
(-0.56699 0.68190 -0.78733)
(-0.57033 0.67588 -0.79478)
(-0.54762 0.65438 -0.80210)
(-0.56110 0.65469 -0.79519)
(-0.56305 0.64928 -0.79812)
(-0.56558 0.63803 -0.79384)
(-0.55056 0.62328 -0.76572)
(-0.56162 0.62739 -0.76808)
(-0.55674 0.62355 -0.75803)
(-0.54840 0.61822 -0.74527)
(-0.50976 0.59270 -0.67725)
(-0.54561 0.60422 -0.68696)
(-0.53232 0.59674 -0.67133)
(-0.45405 0.54818 -0.58688)
(-0.42303 0.51791 -0.52758)
(-0.40904 0.51350 -0.51446)
(-0.29588 0.42019 -0.37336)
(-0.27576 0.40308 -0.34634)
(-0.24487 0.35062 -0.28534)
(-0.25682 0.38805 -0.32122)
(-0.15483 0.23973 -0.15519)
(-0.14425 0.21731 -0.13654)
(-0.14250 0.23076 -0.14217)
(-0.10775 0.17475 -0.10181)
(-0.05792 0.08740 -0.04663)
(-0.00625 0.01149 -0.00331)
(0.00296 -0.00643 0.00173)
(0.00216 -0.00353 -0.00532)
(-0.00069 0.00130 0.00194)
(-0.01516 0.02165 0.02072)
(-0.05113 0.06373 0.03626)
(-0.07746 0.08167 0.02792)
(-0.11561 0.11264 -0.00237)
(-0.13895 0.12413 -0.00991)
(-0.16328 0.14166 -0.02792)
(-0.22734 0.18697 -0.06834)
(-0.31200 0.25454 -0.13389)
(-0.32870 0.26537 -0.13918)
(-0.35077 0.28046 -0.15464)
(-0.38834 0.30316 -0.16221)
(-0.41331 0.31986 -0.22343)
(-0.45457 0.34641 -0.24098)
(-0.55879 0.44193 -0.34210)
(-0.57306 0.45364 -0.35450)
(-0.61843 0.49212 -0.39607)
(-0.65456 0.53228 -0.46490)
(-0.68311 0.59986 -0.54142)
(-0.65639 0.54947 -0.47468)
(-0.69271 0.61315 -0.57225)
(-0.68966 0.63794 -0.58446)
(-0.68631 0.65489 -0.62163)
(-0.66953 0.64058 -0.64909)
(-0.65590 0.71652 -0.69591)
(-0.65160 0.71419 -0.70309)
(-0.63818 0.69049 -0.72928)
(-0.61473 0.65969 -0.74686)
(-0.58644 0.70864 -0.77313)
(-0.61264 0.64839 -0.75909)
(-0.58406 0.67947 -0.78034)
(-0.58337 0.66335 -0.78905)
(-0.56971 0.64290 -0.78929)
(-0.55978 0.64720 -0.79418)
(-0.55415 0.64226 -0.79182)
(-0.52424 0.60878 -0.76196)
(-0.50442 0.59495 -0.74057)
(-0.54506 0.61866 -0.75506)
(-0.53485 0.61155 -0.73987)
(-0.45500 0.55909 -0.64586)
(-0.46295 0.55807 -0.62968)
(-0.41484 0.52522 -0.55774)
(-0.37829 0.50310 -0.50141)
(-0.30398 0.44323 -0.39736)
(-0.28059 0.44033 -0.38152)
(-0.27147 0.40598 -0.34381)
(-0.25228 0.38978 -0.31804)
(-0.15545 0.30494 -0.19644)
(-0.16127 0.29105 -0.19257)
(-0.12113 0.25338 -0.14397)
(-0.12583 0.21763 -0.12614)
(-0.02816 0.06300 -0.02670)
(-0.02109 0.07115 -0.02773)
(-0.00032 0.00103 -0.00034)
(0.00299 -0.00572 -0.00869)
(-0.03041 0.04050 0.03079)
(-0.05843 0.06663 0.03995)
(0.00220 -0.00469 -0.00854)
(-0.00365 0.00692 0.01139)
(-0.06535 0.07462 0.04154)
(-0.07664 0.08057 0.03379)
(-0.08827 0.08819 0.02305)
(-0.09002 0.09155 0.02995)
(-0.15745 0.13792 -0.01933)
(-0.21175 0.17475 -0.04452)
(-0.25723 0.20978 -0.08402)
(-0.21130 0.17751 -0.03844)
(-0.25335 0.20873 -0.07439)
(-0.34597 0.27710 -0.14420)
(-0.35533 0.27218 -0.12679)
(-0.43680 0.33444 -0.20603)
(-0.49848 0.38975 -0.26521)
(-0.47863 0.37143 -0.21354)
(-0.53229 0.42341 -0.28609)
(-0.55830 0.44838 -0.32899)
(-0.62620 0.50960 -0.42725)
(-0.64749 0.52184 -0.45960)
(-0.65340 0.55730 -0.49551)
(-0.63569 0.56796 -0.51640)
(-0.67891 0.63186 -0.60020)
(-0.65607 0.61672 -0.63252)
(-0.66321 0.68703 -0.69259)
(-0.64578 0.68085 -0.68751)
(-0.64077 0.66384 -0.71946)
(-0.63465 0.61592 -0.73783)
(-0.63065 0.61392 -0.74020)
(-0.59881 0.63866 -0.76369)
(-0.58555 0.64415 -0.77512)
(-0.55679 0.60805 -0.76786)
(-0.53666 0.60659 -0.77187)
(-0.55305 0.63401 -0.78908)
(-0.55026 0.63709 -0.79362)
(-0.50610 0.59444 -0.75370)
(-0.48967 0.58223 -0.74439)
(-0.43740 0.54365 -0.68485)
(-0.48603 0.58335 -0.71842)
(-0.43995 0.55206 -0.65171)
(-0.37805 0.51431 -0.57706)
(-0.36509 0.49894 -0.54318)
(-0.37791 0.50370 -0.53497)
(-0.34200 0.47951 -0.46080)
(-0.33131 0.47277 -0.46904)
(-0.27543 0.43366 -0.38255)
(-0.26714 0.41765 -0.34783)
(-0.24630 0.40950 -0.34160)
(-0.20366 0.37225 -0.27472)
(-0.24973 0.39116 -0.31744)
(-0.18248 0.33451 -0.23260)
(-0.12591 0.27796 -0.16071)
(-0.08342 0.25386 -0.10971)
(-0.08260 0.23160 -0.10024)
(-0.02343 0.08257 -0.03042)
(0.00138 -0.00569 0.00207)
(-0.00223 0.00864 -0.00304)
(-0.00291 0.00421 0.00495)
(-0.03027 0.03639 0.03409)
(-0.03706 0.04603 0.04013)
(-0.06306 0.07237 0.05416)
(-0.07399 0.08024 0.04965)
(-0.18034 0.15704 -0.02348)
(-0.17112 0.14420 -0.00279)
(-0.24436 0.19920 -0.04127)
(-0.25832 0.19978 -0.04509)
(-0.38197 0.30044 -0.13862)
(-0.40883 0.32253 -0.15216)
(-0.47848 0.37719 -0.22584)
(-0.46213 0.37937 -0.22598)
(-0.56429 0.46072 -0.34090)
(-0.53833 0.45172 -0.34223)
(-0.61946 0.51740 -0.45117)
(-0.59911 0.51670 -0.49737)
(-0.60591 0.52618 -0.52623)
(-0.60361 0.52618 -0.53364)
(-0.65496 0.61546 -0.64007)
(-0.62132 0.54561 -0.59197)
(-0.63954 0.59836 -0.68068)
(-0.63446 0.61148 -0.69581)
(-0.62649 0.59568 -0.70897)
(-0.60399 0.57996 -0.70351)
(-0.59065 0.56177 -0.71803)
(-0.60422 0.61321 -0.74862)
(-0.57127 0.58003 -0.74841)
(-0.56120 0.58324 -0.75496)
(-0.54229 0.57128 -0.74840)
(-0.50247 0.56031 -0.75234)
(-0.50847 0.57757 -0.76234)
(-0.49820 0.57350 -0.75192)
(-0.46947 0.55393 -0.71707)
(-0.44415 0.54684 -0.69334)
(-0.39042 0.50448 -0.63323)
(-0.42762 0.53269 -0.64937)
(-0.38275 0.50253 -0.58650)
(-0.36077 0.49082 -0.55005)
(-0.29416 0.44049 -0.44176)
(-0.23081 0.39009 -0.36657)
(-0.26770 0.42324 -0.39384)
(-0.24175 0.40442 -0.33928)
(-0.19146 0.36682 -0.27061)
(-0.14676 0.32801 -0.20024)
(-0.10847 0.27453 -0.14094)
(-0.12335 0.28915 -0.15987)
(-0.08221 0.25054 -0.10847)
(-0.07795 0.24413 -0.10353)
(-0.05159 0.17238 -0.06943)
(-0.01555 0.06640 -0.02378)
(0.00047 -0.00374 0.00096)
(0.00481 -0.01952 0.00674)
(-0.00383 0.00512 0.00503)
(-0.01805 0.02337 0.02184)
(-0.02519 0.03236 0.02860)
(-0.06107 0.07264 0.05586)
(-0.07209 0.08099 0.05200)
(-0.12212 0.11623 0.02528)
(-0.06635 0.07734 0.05454)
(-0.14531 0.13443 0.01717)
(-0.19555 0.16338 -0.01140)
(-0.23595 0.18568 -0.03178)
(-0.21267 0.17697 -0.02058)
(-0.24274 0.19120 -0.03420)
(-0.30570 0.24481 -0.07363)
(-0.33524 0.27602 -0.10829)
(-0.40645 0.33340 -0.15903)
(-0.43766 0.37422 -0.21222)
(-0.46334 0.39453 -0.24458)
(-0.46261 0.39728 -0.25133)
(-0.54514 0.46151 -0.37086)
(-0.58327 0.50617 -0.47577)
(-0.59327 0.51589 -0.50227)
(-0.58869 0.51462 -0.50730)
(-0.59139 0.51802 -0.52403)
(-0.62648 0.55942 -0.65412)
(-0.61928 0.55942 -0.67112)
(-0.59754 0.53453 -0.66646)
(-0.58639 0.52534 -0.66409)
(-0.57596 0.52948 -0.68273)
(-0.55286 0.53128 -0.70992)
(-0.54540 0.52923 -0.71104)
(-0.53915 0.52686 -0.71181)
(-0.50473 0.54187 -0.73280)
(-0.49182 0.55119 -0.74668)
(-0.46314 0.53758 -0.71993)
(-0.40844 0.49604 -0.65814)
(-0.38671 0.48589 -0.62537)
(-0.31540 0.42477 -0.53056)
(-0.34503 0.46287 -0.56843)
(-0.30364 0.41605 -0.51242)
(-0.30132 0.42176 -0.49743)
(-0.27485 0.42646 -0.44106)
(-0.22952 0.38681 -0.37125)
(-0.21750 0.37687 -0.34985)
(-0.21797 0.37971 -0.34368)
(-0.20526 0.36700 -0.32841)
(-0.18748 0.35274 -0.28584)
(-0.15420 0.32097 -0.20768)
(-0.12006 0.27375 -0.16251)
(-0.12458 0.29026 -0.16004)
(-0.11009 0.28306 -0.14499)
(-0.06906 0.22899 -0.09758)
(-0.04606 0.16695 -0.06696)
(-0.02685 0.11191 -0.03749)
(-0.00146 0.01490 -0.00356)
(-0.00029 -0.00757 0.00071)
(-0.00620 0.00833 0.00789)
(-0.00549 0.00751 0.00701)
(-0.03883 0.04901 0.04054)
(-0.06256 0.07643 0.05754)
(-0.13442 0.12730 0.02214)
(-0.12268 0.12713 0.02557)
(-0.13437 0.13472 0.01967)
(-0.17923 0.16548 -0.00350)
(-0.24783 0.21999 -0.04801)
(-0.23398 0.22253 -0.03605)
(-0.34413 0.29802 -0.11854)
(-0.38065 0.33390 -0.16980)
(-0.43514 0.37635 -0.21946)
(-0.43461 0.37925 -0.22628)
(-0.46050 0.39871 -0.25507)
(-0.47622 0.42017 -0.32036)
(-0.57580 0.50326 -0.47590)
(-0.56920 0.50039 -0.47740)
(-0.54424 0.48432 -0.47788)
(-0.57720 0.51028 -0.57145)
(-0.58173 0.51522 -0.60944)
(-0.55243 0.48090 -0.59707)
(-0.54840 0.47797 -0.60127)
(-0.54385 0.47372 -0.60311)
(-0.54611 0.51730 -0.69863)
(-0.52173 0.48470 -0.64190)
(-0.53875 0.51421 -0.69927)
(-0.53168 0.51157 -0.70119)
(-0.48722 0.49854 -0.69536)
(-0.44730 0.46247 -0.65386)
(-0.44744 0.47548 -0.67151)
(-0.48066 0.54294 -0.74092)
(-0.41686 0.48387 -0.67072)
(-0.38527 0.42704 -0.61058)
(-0.39318 0.47745 -0.64236)
(-0.31309 0.41802 -0.53210)
(-0.30166 0.40916 -0.51334)
(-0.29062 0.40157 -0.49609)
(-0.26342 0.38132 -0.45362)
(-0.22692 0.38278 -0.37358)
(-0.21687 0.37386 -0.35561)
(-0.21288 0.35620 -0.35780)
(-0.20584 0.36504 -0.33576)
(-0.14643 0.30414 -0.21415)
(-0.16489 0.31754 -0.26904)
(-0.12960 0.27766 -0.19045)
(-0.10229 0.24528 -0.13932)
(-0.11441 0.26267 -0.16776)
(-0.06200 0.19009 -0.08041)
(-0.05555 0.18000 -0.06972)
(-0.01166 0.06517 -0.02003)
(-0.01743 0.05958 -0.02154)
(-0.00177 0.01062 -0.00310)
(-0.03105 0.04026 0.03373)
(-0.00729 0.01003 0.00915)
(-0.02121 0.03640 0.03623)
(-0.07862 0.09381 0.04988)
(-0.10514 0.11899 0.04070)
(-0.13661 0.14034 0.02366)
(-0.16165 0.16276 0.00811)
(-0.20988 0.20584 -0.02322)
(-0.21067 0.20775 -0.02499)
(-0.25843 0.24034 -0.05489)
(-0.27297 0.25883 -0.07909)
(-0.40577 0.35875 -0.19977)
(-0.42697 0.38314 -0.24167)
(-0.48261 0.43488 -0.36225)
(-0.43474 0.40716 -0.32766)
(-0.48442 0.43848 -0.39516)
(-0.55383 0.48948 -0.53261)
(-0.54947 0.48719 -0.53965)
(-0.53473 0.46537 -0.56477)
(-0.53543 0.46511 -0.57988)
(-0.53095 0.46024 -0.58352)
(-0.50026 0.44509 -0.59898)
(-0.52933 0.49748 -0.68358)
(-0.46793 0.41893 -0.57428)
(-0.47447 0.42937 -0.60488)
(-0.52310 0.49565 -0.68719)
(-0.47738 0.45041 -0.64613)
(-0.44613 0.43500 -0.64326)
(-0.41794 0.41706 -0.62348)
(-0.39191 0.40767 -0.59998)
(-0.35786 0.39372 -0.56998)
(-0.36758 0.42610 -0.59765)
(-0.33313 0.38855 -0.54935)
(-0.31828 0.40400 -0.54973)
(-0.30020 0.40235 -0.51512)
(-0.28898 0.39124 -0.49741)
(-0.27779 0.38120 -0.48059)
(-0.27765 0.38719 -0.47906)
(-0.23240 0.34966 -0.41252)
(-0.18666 0.31300 -0.32081)
(-0.20551 0.36169 -0.34225)
(-0.16149 0.29836 -0.27765)
(-0.15596 0.29202 -0.25302)
(-0.13285 0.27638 -0.20112)
(-0.09969 0.24195 -0.16852)
(-0.07929 0.21586 -0.11348)
(-0.04815 0.15190 -0.06182)
(-0.04576 0.13578 -0.06253)
(-0.03617 0.11577 -0.04618)
(-0.00916 0.03043 -0.01154)
(-0.00298 0.01042 -0.00366)
(-0.00020 0.00044 0.00051)
(-0.00589 0.01206 0.01347)
(-0.00194 0.00300 0.00245)
(-0.04433 0.06066 0.04367)
(-0.13394 0.14338 0.02301)
(-0.03189 0.05073 0.03265)
(-0.08279 0.10878 0.04733)
(-0.12528 0.14213 0.02238)
(-0.19427 0.19681 -0.01695)
(-0.16474 0.17280 -0.00732)
(-0.19726 0.19420 -0.01898)
(-0.19199 0.19797 -0.03369)
(-0.26397 0.25724 -0.08463)
(-0.25998 0.26274 -0.09498)
(-0.31689 0.30825 -0.15531)
(-0.31736 0.31185 -0.16457)
(-0.39066 0.37231 -0.25054)
(-0.39132 0.37351 -0.25102)
(-0.39143 0.37341 -0.28004)
(-0.48235 0.43843 -0.43005)
(-0.41232 0.38904 -0.33495)
(-0.47944 0.43732 -0.45742)
(-0.48157 0.42675 -0.47501)
(-0.46550 0.41426 -0.47466)
(-0.48841 0.41993 -0.52182)
(-0.44986 0.39070 -0.49557)
(-0.42081 0.35760 -0.48191)
(-0.40445 0.34259 -0.48519)
(-0.38893 0.33717 -0.48663)
(-0.41911 0.37306 -0.54723)
(-0.41126 0.38496 -0.59375)
(-0.38458 0.33776 -0.49578)
(-0.39524 0.37467 -0.60366)
(-0.37805 0.37201 -0.56473)
(-0.33176 0.35173 -0.52314)
(-0.33467 0.37086 -0.53993)
(-0.27238 0.32790 -0.46805)
(-0.26307 0.32104 -0.45430)
(-0.24857 0.33292 -0.43912)
(-0.20214 0.29508 -0.38159)
(-0.20216 0.30701 -0.36687)
(-0.17068 0.28533 -0.31989)
(-0.14729 0.26395 -0.29855)
(-0.15077 0.27355 -0.28116)
(-0.12262 0.25250 -0.23139)
(-0.10307 0.22719 -0.19551)
(-0.10025 0.22802 -0.16484)
(-0.07773 0.21205 -0.13547)
(-0.04983 0.13014 -0.08659)
(-0.04590 0.13354 -0.08121)
(-0.01102 0.03431 -0.02056)
(-0.00736 0.02584 -0.01134)
(0.00640 -0.01309 -0.01226)
(-0.00079 0.00145 0.00125)
(-0.05842 0.08134 0.03703)
(0.00044 -0.00094 -0.00074)
(-0.01075 0.02172 0.01632)
(-0.05057 0.08327 0.04666)
(-0.06689 0.09952 0.04596)
(-0.11486 0.14206 0.01275)
(-0.06171 0.09745 0.04543)
(-0.06874 0.10291 0.04180)
(-0.15771 0.18046 -0.02333)
(-0.18039 0.20757 -0.05067)
(-0.23467 0.25345 -0.09116)
(-0.22462 0.24684 -0.09634)
(-0.32142 0.32270 -0.19907)
(-0.29414 0.30194 -0.17695)
(-0.29548 0.30526 -0.19653)
(-0.28874 0.29715 -0.19812)
(-0.37181 0.35693 -0.30630)
(-0.28988 0.29635 -0.20500)
(-0.41838 0.38004 -0.38786)
(-0.41419 0.37273 -0.39744)
(-0.38012 0.33583 -0.36858)
(-0.38863 0.33816 -0.40103)
(-0.37453 0.32051 -0.40759)
(-0.38332 0.31845 -0.44282)
(-0.35188 0.28713 -0.40815)
(-0.31865 0.25813 -0.38655)
(-0.26433 0.20593 -0.32521)
(-0.37069 0.34310 -0.53461)
(-0.34194 0.31919 -0.50501)
(-0.27112 0.22838 -0.36196)
(-0.27430 0.24237 -0.40043)
(-0.29138 0.28493 -0.44560)
(-0.26048 0.26275 -0.40633)
(-0.22973 0.22074 -0.35839)
(-0.22196 0.21977 -0.35307)
(-0.23419 0.24764 -0.38599)
(-0.25890 0.31011 -0.44484)
(-0.23078 0.26289 -0.39778)
(-0.20402 0.26332 -0.37257)
(-0.19797 0.27765 -0.37978)
(-0.17086 0.23600 -0.32737)
(-0.16322 0.23413 -0.30040)
(-0.14048 0.24162 -0.27762)
(-0.14528 0.25815 -0.28984)
(-0.11068 0.20875 -0.22620)
(-0.10971 0.22407 -0.22425)
(-0.06072 0.15892 -0.13300)
(-0.04166 0.10858 -0.10265)
(-0.02256 0.06398 -0.05624)
(-0.01557 0.04528 -0.03420)
(-0.00549 0.01650 -0.01118)
(0.00110 -0.00389 0.00199)
(0.00403 -0.01340 0.00915)
(0.00303 -0.01076 0.00549)
(0.00500 -0.01108 -0.00902)
(-0.00240 0.00462 0.00322)
(-0.02435 0.04324 0.02719)
(0.00529 -0.01188 -0.00952)
(-0.01501 0.02779 0.01741)
(-0.04439 0.07496 0.04027)
(-0.07302 0.11460 0.03032)
(-0.04002 0.06895 0.03562)
(-0.05454 0.09038 0.04269)
(-0.10116 0.14263 -0.00047)
(-0.12292 0.16236 -0.01756)
(-0.14867 0.18806 -0.03997)
(-0.20896 0.23995 -0.09308)
(-0.16018 0.20293 -0.05958)
(-0.21963 0.25391 -0.12943)
(-0.26380 0.27894 -0.17114)
(-0.26484 0.27815 -0.17511)
(-0.26702 0.27760 -0.17950)
(-0.29213 0.29554 -0.21044)
(-0.35791 0.33531 -0.31354)
(-0.33391 0.30642 -0.29988)
(-0.34606 0.31144 -0.33067)
(-0.33518 0.28663 -0.32516)
(-0.29805 0.25033 -0.31218)
(-0.28190 0.23083 -0.30135)
(-0.24720 0.18967 -0.28046)
(-0.22162 0.16431 -0.24977)
(-0.21977 0.16320 -0.25375)
(-0.22802 0.18429 -0.28711)
(-0.22082 0.20521 -0.33541)
(-0.21482 0.20446 -0.33139)
(-0.20171 0.19046 -0.30889)
(-0.20424 0.20020 -0.32232)
(-0.19845 0.20588 -0.32979)
(-0.16014 0.18329 -0.27721)
(-0.13977 0.15652 -0.23509)
(-0.14302 0.18043 -0.26375)
(-0.15252 0.20816 -0.28359)
(-0.12263 0.16508 -0.22291)
(-0.11380 0.16826 -0.21666)
(-0.10829 0.17378 -0.20859)
(-0.10750 0.19086 -0.22262)
(-0.05973 0.12053 -0.13774)
(-0.02093 0.05452 -0.05339)
(-0.00959 0.02640 -0.02457)
(0.00029 -0.00086 0.00075)
(0.00347 -0.00985 0.00912)
(0.00433 -0.01279 0.01123)
(0.00011 -0.00023 -0.00016)
(0.00113 -0.00271 -0.00203)
(-0.00922 0.01769 0.01110)
(-0.04016 0.07579 0.02866)
(-0.00620 0.02520 0.01645)
(-0.06994 0.11962 0.00885)
(-0.10350 0.14539 -0.00637)
(-0.12776 0.17610 -0.03305)
(-0.08831 0.14080 -0.00148)
(-0.12665 0.17544 -0.03275)
(-0.13521 0.18285 -0.03956)
(-0.13926 0.18639 -0.04187)
(-0.17559 0.20726 -0.07845)
(-0.23927 0.25885 -0.14598)
(-0.24251 0.25955 -0.15038)
(-0.24368 0.25809 -0.15182)
(-0.26798 0.27560 -0.18138)
(-0.26860 0.25736 -0.20396)
(-0.24777 0.23453 -0.19832)
(-0.25508 0.23180 -0.22430)
(-0.22998 0.19959 -0.20313)
(-0.22942 0.18403 -0.21991)
(-0.22801 0.18193 -0.22477)
(-0.20448 0.14746 -0.21670)
(-0.20241 0.14537 -0.21911)
(-0.18491 0.12800 -0.19219)
(-0.19217 0.13424 -0.20683)
(-0.18731 0.14036 -0.22231)
(-0.20473 0.18768 -0.30657)
(-0.15380 0.10936 -0.18278)
(-0.18912 0.17063 -0.27954)
(-0.18902 0.17720 -0.28800)
(-0.14634 0.13852 -0.21906)
(-0.12597 0.12866 -0.20152)
(-0.12880 0.14439 -0.21607)
(-0.12170 0.13655 -0.20399)
(-0.08296 0.10117 -0.14314)
(-0.08520 0.10970 -0.15012)
(-0.07505 0.09734 -0.13244)
(-0.04233 0.05516 -0.07473)
(-0.02170 0.02990 -0.03937)
(-0.00951 0.02084 -0.02322)
(-0.00051 0.00139 -0.00134)
(0.00315 -0.00826 0.00856)
(0.00370 -0.01014 0.00982)
(-0.00121 0.00564 0.00397)
(-0.00459 0.01558 0.00793)
(-0.01423 0.04399 0.02031)
(-0.00468 0.01768 0.00829)
(-0.05186 0.08672 0.00352)
(-0.09981 0.14506 -0.01840)
(-0.03274 0.05234 -0.00014)
(-0.06519 0.09483 -0.01104)
(-0.11836 0.16784 -0.02572)
(-0.12382 0.17301 -0.02777)
(-0.14876 0.18939 -0.04924)
(-0.12635 0.16713 -0.02173)
(-0.17360 0.20508 -0.07088)
(-0.22805 0.24805 -0.13347)
(-0.15221 0.18983 -0.06239)
(-0.13936 0.17733 -0.05685)
(-0.19470 0.20696 -0.11110)
(-0.20852 0.21093 -0.14042)
(-0.14817 0.16344 -0.07483)
(-0.16806 0.16504 -0.10677)
(-0.16473 0.14436 -0.10887)
(-0.15239 0.13586 -0.09395)
(-0.15058 0.12916 -0.09594)
(-0.15838 0.12989 -0.10757)
(-0.16957 0.13559 -0.12977)
(-0.18056 0.13181 -0.16953)
(-0.12359 0.08812 -0.08219)
(-0.17745 0.12227 -0.17723)
(-0.16998 0.11357 -0.16944)
(-0.13850 0.08163 -0.12649)
(-0.11309 0.06099 -0.11247)
(-0.12511 0.09182 -0.16394)
(-0.07572 0.02716 -0.06624)
(-0.07182 0.03733 -0.07417)
(-0.09764 0.06705 -0.12015)
(-0.09902 0.06910 -0.12373)
(-0.06717 0.04495 -0.08342)
(-0.05042 0.04603 -0.07606)
(-0.06538 0.07645 -0.11403)
(-0.05679 0.06955 -0.09754)
(-0.01574 0.01838 -0.02667)
(-0.01563 0.01906 -0.02648)
(-0.01149 0.01499 -0.02023)
(0.00223 -0.00307 0.00404)
(-0.00085 0.00342 0.00168)
(-0.00323 0.01108 0.00415)
(-0.00719 0.01471 0.00210)
(-0.00302 0.00723 0.00161)
(-0.00943 0.01794 0.00409)
(-0.06930 0.09963 -0.00334)
(-0.09065 0.12955 -0.01412)
(-0.01663 0.02967 0.00911)
(-0.03646 0.05969 0.00451)
(-0.07472 0.10307 -0.01990)
(-0.09688 0.14164 -0.02894)
(-0.05769 0.08711 -0.01522)
(-0.10304 0.14029 -0.03010)
(-0.12058 0.14579 -0.03404)
(-0.07161 0.11188 -0.01742)
(-0.09000 0.10841 -0.01387)
(-0.11506 0.11802 -0.06386)
(-0.12428 0.10990 -0.07441)
(-0.06480 0.06815 -0.03191)
(-0.06076 0.05342 -0.02526)
(-0.07112 0.05625 -0.04171)
(-0.05453 0.04304 -0.02605)
(-0.01673 0.00202 0.01187)
(-0.10042 0.06261 -0.07783)
(-0.05898 0.02553 -0.02563)
(-0.01521 -0.00073 0.00270)
(-0.04693 0.00405 -0.00830)
(-0.01959 -0.02010 0.01591)
(-0.03696 0.00514 -0.02308)
(-0.00666 -0.00626 0.00457)
(-0.00910 -0.00444 0.00160)
(-0.00928 0.00325 -0.00784)
(-0.01699 0.00738 -0.01648)
(0.00048 -0.00019 0.00046)
(-0.00308 0.00245 -0.00446)
(-0.00199 0.00195 -0.00309)
(0.00848 -0.01911 -0.00573)
(0.00994 -0.01813 -0.00597)
(-0.00780 0.01690 0.00464)
(0.00660 -0.01488 -0.00435)
(0.00198 -0.00513 -0.00159)
(-0.02996 0.04643 -0.00720)
(-0.01293 0.03483 0.00480)
(-0.00002 -0.00046 -0.00027)
(0.00003 -0.00037 -0.00016)
(-0.01753 0.03620 0.00033)
(-0.02975 0.05485 0.00108)
(-0.00067 0.00877 0.00449)
(0.00738 0.01330 0.01294)
(0.01202 0.01848 0.02199)
(0.00570 0.00581 0.00819)
(0.00147 0.00726 0.01145)
(0.00507 -0.00417 0.01731)
(-0.00717 -0.00116 0.01095)
(0.00122 -0.00090 0.00272)
(0.00022 -0.00089 0.00275)
(-0.00022 0.00040 -0.00057)
(-0.00816 -0.00157 0.00325)
(-0.00258 -0.00432 0.00434)
(-0.00064 0.00348 -0.00343)
(0.00123 0.00105 -0.00123)
(0.00182 0.00133 -0.00215)
(0.00387 -0.00012 0.00207)
(0.00119 0.00157 0.00170)
(0.00224 0.00203 0.00301)
(0.00263 0.00047 0.00323)
(-0.00119 0.00081 -0.00186)
)