/*--------------------------------*- C++ -*----------------------------------*\ 
| =========                 |                                                 | 
| \\      /  F ield         | OpenFOAM: The Open Source CFD Toolbox           | 
|  \\    /   O peration     | Version:  4.0                                   | 
|   \\  /    A nd           | Web:      www.OpenFOAM.org                      | 
|    \\/     M anipulation  |                                                 | 
\*---------------------------------------------------------------------------*/ 
FoamFile 
{ 
    version     2.0; 
    format      ascii; 
    class       vectorAverageField; 
    object      values; 
} 
// * * * * * * * * * * * * * * * * * * * * * * * * * * * * * * * * * * * * * // 
 
// Average 
(0 0 0) 
 
// Velocity data on points 
2447
(
(0.00395 0.00018 -0.00132)
(-0.00216 0.00023 0.00006)
(-0.00376 0.00003 -0.00178)
(-0.00100 -0.00025 -0.00041)
(0.00025 0.00094 0.00163)
(-0.00327 -0.00125 -0.00962)
(-0.00011 -0.00159 -0.00315)
(0.00592 -0.00191 -0.01921)
(0.00058 -0.00029 -0.00188)
(-0.00099 0.00050 0.00284)
(0.00444 -0.00155 -0.01319)
(0.00103 -0.00040 -0.00270)
(-0.00145 0.00092 0.00173)
(0.00814 -0.00050 -0.01481)
(0.00071 -0.00042 -0.00040)
(-0.00219 0.00133 0.00100)
(0.00751 -0.00393 -0.00401)
(0.00047 -0.00008 -0.00026)
(-0.00287 -0.00021 0.00099)
(0.00058 0.00005 -0.00021)
(0.01305 0.00075 -0.00469)
(-0.00244 -0.00020 0.00072)
(0.00209 0.00005 -0.00061)
(0.00070 0.00006 -0.00024)
(-0.01915 -0.00596 0.00931)
(-0.01549 -0.00457 0.00605)
(-0.01645 -0.00021 -0.00535)
(-0.01337 0.00016 -0.01193)
(-0.02332 -0.00180 -0.01785)
(-0.02259 0.00092 -0.02412)
(-0.00621 -0.00229 -0.02761)
(0.00952 -0.00312 -0.02832)
(0.00539 0.00412 -0.05228)
(0.01323 -0.00150 -0.04710)
(0.01203 -0.00166 -0.03923)
(0.01107 -0.00131 -0.03233)
(0.01565 0.00075 -0.05730)
(0.01762 0.00110 -0.05594)
(0.02660 0.00611 -0.05805)
(0.01644 0.00104 -0.03239)
(0.01784 -0.00296 -0.02481)
(0.02911 0.03527 -0.11279)
(0.02711 0.03076 -0.10109)
(0.02330 0.00865 -0.04292)
(0.01777 0.00848 -0.02564)
(0.03869 0.02716 -0.06421)
(0.01525 0.00427 -0.00670)
(0.00449 0.00153 -0.00116)
(0.02341 0.02440 -0.02856)
(0.00360 0.00260 -0.00054)
(-0.00039 -0.00042 -0.00015)
(0.00707 0.00078 -0.00276)
(-0.00268 -0.00056 0.00127)
(-0.00984 -0.00160 0.00433)
(-0.02541 -0.00173 0.00876)
(-0.06369 -0.00456 0.02219)
(-0.04540 -0.00390 0.01570)
(-0.02816 -0.01509 0.01916)
(-0.05205 0.00336 -0.00929)
(-0.03513 -0.00400 -0.00134)
(-0.02633 0.00253 -0.01834)
(-0.02326 0.02077 -0.07105)
(-0.01419 0.02325 -0.09610)
(-0.00073 0.02082 -0.09444)
(0.00178 0.02135 -0.10927)
(-0.00373 0.02537 -0.10618)
(-0.00256 0.03177 -0.12135)
(0.00266 0.02401 -0.11490)
(0.01893 0.02050 -0.09815)
(0.00667 0.06035 -0.17609)
(0.02973 0.05402 -0.14184)
(0.03008 0.05981 -0.14707)
(0.03629 0.05844 -0.14069)
(0.03422 0.06273 -0.14102)
(0.03789 0.05692 -0.11245)
(0.04180 0.04944 -0.07773)
(0.03404 0.07769 -0.12454)
(0.04128 0.06024 -0.06858)
(0.03425 0.03005 -0.01577)
(0.01886 0.01860 -0.00714)
(0.04435 0.07667 -0.08558)
(0.03367 0.04491 -0.03349)
(0.00956 0.01384 0.00005)
(0.00062 0.00071 0.00027)
(0.00886 0.00905 0.00420)
(-0.00289 -0.00321 -0.00236)
(-0.00596 -0.00621 -0.00493)
(0.00044 0.00002 -0.00015)
(-0.01317 -0.00095 0.00465)
(-0.03275 -0.00490 0.01328)
(-0.04351 -0.01295 0.02262)
(-0.07815 -0.01720 0.03612)
(-0.06842 -0.01884 0.03496)
(-0.08533 -0.01775 0.04339)
(-0.07852 -0.01038 0.02906)
(-0.07767 -0.00485 0.02657)
(-0.05453 -0.00724 0.02330)
(-0.09056 0.02338 -0.02265)
(-0.07036 0.01135 -0.01806)
(-0.05595 0.01034 -0.02450)
(-0.05102 0.01678 -0.05039)
(-0.04470 0.02692 -0.06961)
(-0.04265 0.04343 -0.12185)
(-0.04241 0.04906 -0.13899)
(-0.03931 0.04847 -0.15192)
(-0.00551 0.03341 -0.13045)
(-0.01777 0.06734 -0.18966)
(-0.01782 0.07615 -0.21276)
(-0.00748 0.09030 -0.23197)
(0.01237 0.07609 -0.19583)
(0.02752 0.06837 -0.16189)
(0.01735 0.09948 -0.19863)
(0.01351 0.12298 -0.21852)
(0.01775 0.14587 -0.24194)
(0.04112 0.08704 -0.11425)
(0.03874 0.12633 -0.18693)
(0.04506 0.08547 -0.09964)
(0.05316 0.08490 -0.07004)
(0.06387 0.08657 -0.05688)
(0.06129 0.07951 -0.04549)
(0.03575 0.04504 -0.01595)
(0.01160 0.00936 0.00383)
(0.08170 0.07333 -0.03380)
(0.04118 0.04161 -0.00613)
(0.00611 0.00487 0.00243)
(0.00220 0.00166 0.00078)
(0.00776 0.00028 -0.00309)
(-0.01803 -0.00115 0.00747)
(-0.04485 -0.00304 0.01765)
(-0.08093 -0.00770 0.03148)
(-0.09935 -0.00685 0.04085)
(-0.10576 -0.00074 0.03627)
(-0.10013 -0.00582 0.03503)
(-0.09647 -0.00118 0.03397)
(-0.09774 0.00645 0.02257)
(-0.10027 0.02983 -0.02656)
(-0.09600 0.02944 -0.02959)
(-0.09341 0.03099 -0.03554)
(-0.10261 0.03702 -0.03968)
(-0.10187 0.03966 -0.04818)
(-0.06267 0.02786 -0.06373)
(-0.05693 0.05399 -0.13874)
(-0.05368 0.05569 -0.14831)
(-0.04943 0.05745 -0.15934)
(-0.03909 0.06078 -0.18359)
(-0.04795 0.09590 -0.24641)
(-0.02186 0.08160 -0.22384)
(-0.01944 0.11017 -0.27448)
(-0.03404 0.14607 -0.33653)
(-0.02361 0.13819 -0.30759)
(-0.01782 0.14093 -0.29382)
(0.00672 0.15965 -0.28098)
(0.00897 0.16192 -0.27769)
(0.01341 0.16152 -0.26919)
(0.01941 0.16050 -0.25987)
(0.04539 0.14354 -0.19898)
(0.06440 0.09155 -0.06674)
(0.06525 0.08778 -0.05668)
(0.06500 0.09345 -0.06916)
(0.08238 0.08788 -0.05289)
(0.08039 0.07763 -0.03503)
(0.10313 0.09889 -0.06717)
(0.07321 0.06470 -0.01888)
(0.03752 0.02574 0.00689)
(0.00385 0.00269 0.00087)
(0.08759 0.05990 0.00680)
(0.01977 0.01380 0.00310)
(0.00109 0.00077 0.00020)
(-0.01015 -0.00000 0.00442)
(-0.02962 -0.00088 0.01432)
(-0.08272 -0.00660 0.04279)
(-0.08893 -0.01008 0.04856)
(-0.10717 0.00022 0.04676)
(-0.10149 0.00161 0.04615)
(-0.10231 0.00323 0.04383)
(-0.10329 0.00486 0.04440)
(-0.10569 0.00764 0.04161)
(-0.09198 0.00554 0.02916)
(-0.10324 0.02961 -0.02307)
(-0.11034 0.03762 -0.03150)
(-0.11088 0.04185 -0.04134)
(-0.11117 0.04591 -0.05289)
(-0.11221 0.04990 -0.06521)
(-0.11278 0.07810 -0.15134)
(-0.06726 0.06467 -0.16197)
(-0.16070 0.12434 -0.24113)
(-0.12670 0.11445 -0.24875)
(-0.06795 0.07128 -0.18578)
(-0.05801 0.06722 -0.18462)
(-0.08474 0.12409 -0.30807)
(-0.13879 0.16200 -0.37429)
(-0.11786 0.16357 -0.39798)
(-0.07924 0.13061 -0.32043)
(-0.05821 0.14899 -0.35074)
(-0.08571 0.19736 -0.44278)
(-0.08199 0.20214 -0.44458)
(-0.07920 0.20712 -0.44862)
(-0.01430 0.16593 -0.32400)
(-0.00278 0.17813 -0.31571)
(0.00146 0.17752 -0.30750)
(0.00783 0.17550 -0.29602)
(0.02474 0.17555 -0.27734)
(0.04626 0.15456 -0.21090)
(0.07283 0.15630 -0.20845)
(0.06955 0.12324 -0.13685)
(0.10123 0.13475 -0.15294)
(0.12010 0.10722 -0.07059)
(0.11835 0.10546 -0.06345)
(0.13158 0.09039 0.00190)
(0.07935 0.05486 0.00663)
(0.10018 0.06994 0.00649)
(0.03162 0.02205 0.00486)
(0.01543 0.01074 0.00271)
(0.00455 0.00020 -0.00250)
(-0.00119 0.00004 0.00048)
(-0.05256 -0.00782 0.03354)
(-0.08315 -0.00947 0.05134)
(-0.08307 -0.01706 0.05587)
(-0.09289 -0.00581 0.04700)
(-0.10429 0.00669 0.04491)
(-0.10695 0.00910 0.04233)
(-0.11330 0.01515 0.03920)
(-0.11475 0.02083 0.03136)
(-0.13122 0.04600 -0.01800)
(-0.12003 0.04698 -0.04161)
(-0.14499 0.06719 -0.06194)
(-0.12683 0.05717 -0.06276)
(-0.12262 0.05711 -0.07184)
(-0.13084 0.08170 -0.14276)
(-0.14409 0.08241 -0.11499)
(-0.20100 0.14688 -0.27862)
(-0.19915 0.15389 -0.31073)
(-0.18683 0.17266 -0.37640)
(-0.16236 0.16650 -0.37145)
(-0.17901 0.19824 -0.46821)
(-0.14691 0.20096 -0.49208)
(-0.12039 0.20866 -0.49338)
(-0.09851 0.21494 -0.47756)
(-0.09533 0.22089 -0.48177)
(-0.09033 0.24242 -0.50605)
(-0.05358 0.22928 -0.43781)
(-0.02307 0.21425 -0.39249)
(-0.00720 0.19209 -0.33822)
(-0.00110 0.21061 -0.36193)
(0.03077 0.18420 -0.28235)
(0.02966 0.20474 -0.33199)
(0.08170 0.17400 -0.23809)
(0.10813 0.17404 -0.23914)
(0.11916 0.16015 -0.20507)
(0.11978 0.13939 -0.14750)
(0.12956 0.13648 -0.12425)
(0.13747 0.09756 -0.01322)
(0.13555 0.09572 -0.00246)
(0.05105 0.03558 0.00679)
(0.13898 0.10052 -0.00675)
(0.10482 0.07368 0.00731)
(0.03778 0.02672 0.00887)
(0.00268 0.00229 0.00088)
(0.01029 0.00141 -0.00615)
(-0.00034 -0.00005 0.00021)
(-0.02226 -0.00449 0.01601)
(-0.04824 -0.00965 0.03489)
(-0.07551 -0.01986 0.05847)
(-0.06528 -0.02114 0.05970)
(-0.06218 -0.02454 0.06028)
(-0.08281 -0.01015 0.04641)
(-0.09082 -0.00258 0.05640)
(-0.10469 0.00739 0.05750)
(-0.09750 0.00437 0.03936)
(-0.14689 0.04237 -0.00070)
(-0.15896 0.06360 -0.03731)
(-0.18756 0.09042 -0.06023)
(-0.21465 0.12326 -0.12642)
(-0.24470 0.15813 -0.22883)
(-0.22073 0.15168 -0.26059)
(-0.24689 0.18909 -0.37468)
(-0.24667 0.20040 -0.40287)
(-0.22780 0.20372 -0.46183)
(-0.23814 0.22174 -0.52533)
(-0.24475 0.26279 -0.60999)
(-0.22408 0.26875 -0.61522)
(-0.22406 0.28390 -0.64666)
(-0.11648 0.22727 -0.50996)
(-0.11291 0.23355 -0.51324)
(-0.13576 0.26963 -0.58169)
(-0.12562 0.28487 -0.60699)
(-0.12927 0.30284 -0.61719)
(-0.08187 0.27697 -0.54253)
(-0.06707 0.26762 -0.51401)
(-0.00974 0.23432 -0.41202)
(0.06180 0.19938 -0.31384)
(0.11295 0.17241 -0.23487)
(0.08415 0.16926 -0.23406)
(0.10350 0.14899 -0.16427)
(0.12508 0.14226 -0.13561)
(0.10478 0.15396 -0.17240)
(0.13701 0.13190 -0.10220)
(0.13690 0.12193 -0.06545)
(0.13739 0.10625 -0.00505)
(0.13101 0.12930 -0.07441)
(0.09411 0.07596 0.01671)
(0.02418 0.02034 0.00750)
(0.01654 0.01235 0.00458)
(0.00031 0.00010 -0.00031)
(-0.01232 -0.00316 0.00925)
(-0.04825 -0.01572 0.04646)
(-0.03996 -0.02446 0.06103)
(-0.04130 -0.02687 0.07137)
(-0.04015 -0.02696 0.08197)
(-0.05627 -0.02385 0.07089)
(-0.07019 -0.02005 0.07235)
(-0.05169 -0.02312 0.07533)
(-0.08910 -0.00097 0.06579)
(-0.09475 0.00311 0.06329)
(-0.12751 0.02835 0.02921)
(-0.14507 0.03873 0.02148)
(-0.15372 0.04626 0.01083)
(-0.17235 0.06260 -0.00114)
(-0.21672 0.10742 -0.08452)
(-0.22257 0.10629 -0.07203)
(-0.25008 0.13020 -0.09688)
(-0.23359 0.12949 -0.13292)
(-0.26923 0.17212 -0.22955)
(-0.25874 0.17031 -0.25460)
(-0.27625 0.20127 -0.35071)
(-0.27019 0.21299 -0.41071)
(-0.29854 0.25215 -0.52674)
(-0.33032 0.30356 -0.66928)
(-0.32841 0.30982 -0.69157)
(-0.32200 0.32095 -0.71731)
(-0.26773 0.30669 -0.69691)
(-0.22769 0.30827 -0.70730)
(-0.19539 0.31170 -0.69121)
(-0.17276 0.31309 -0.68381)
(-0.15046 0.32567 -0.68046)
(-0.14491 0.31703 -0.66193)
(-0.12579 0.31377 -0.65652)
(-0.07208 0.27450 -0.52553)
(-0.08882 0.29623 -0.59308)
(-0.01704 0.25308 -0.46836)
(-0.00281 0.23263 -0.42050)
(0.01653 0.21574 -0.37187)
(0.00903 0.22090 -0.38817)
(0.08604 0.17243 -0.23957)
(0.09704 0.18010 -0.24185)
(0.11416 0.16159 -0.18382)
(0.10273 0.16619 -0.19233)
(0.12043 0.15182 -0.13046)
(0.11539 0.14225 -0.08230)
(0.11478 0.11852 -0.00807)
(0.03735 0.04062 0.01041)
(-0.00406 -0.00464 -0.00162)
(0.06807 0.09866 -0.02279)
(-0.00244 -0.00163 0.00479)
(-0.01560 -0.00973 0.02386)
(-0.00613 -0.01463 0.03531)
(-0.02212 -0.02186 0.04515)
(-0.02381 -0.03255 0.07247)
(-0.03520 -0.02831 0.08225)
(-0.03813 -0.02669 0.08792)
(-0.04289 -0.02537 0.08565)
(-0.05100 -0.02150 0.08876)
(-0.11065 0.01713 0.05421)
(-0.14353 0.03659 0.02931)
(-0.15577 0.04648 0.01654)
(-0.19625 0.08065 -0.03157)
(-0.27424 0.15113 -0.12683)
(-0.29222 0.16966 -0.18555)
(-0.34613 0.22850 -0.30700)
(-0.32039 0.21610 -0.29975)
(-0.37076 0.26848 -0.43525)
(-0.39984 0.28879 -0.43775)
(-0.35107 0.26587 -0.46927)
(-0.34471 0.28556 -0.56380)
(-0.34752 0.31464 -0.68126)
(-0.34730 0.32126 -0.70205)
(-0.34561 0.32723 -0.72228)
(-0.32505 0.33976 -0.74723)
(-0.27031 0.32666 -0.74308)
(-0.33107 0.37288 -0.82725)
(-0.25449 0.33311 -0.76297)
(-0.23359 0.33999 -0.76190)
(-0.21680 0.35012 -0.76593)
(-0.20575 0.34227 -0.74890)
(-0.17091 0.34249 -0.74229)
(-0.15081 0.33200 -0.70992)
(-0.15020 0.33188 -0.71181)
(-0.06961 0.28458 -0.56391)
(-0.05007 0.27382 -0.53355)
(-0.00872 0.23351 -0.42463)
(-0.00896 0.23267 -0.42309)
(0.01157 0.22040 -0.38529)
(0.04212 0.21196 -0.33767)
(0.07895 0.18423 -0.24438)
(0.07434 0.16793 -0.17506)
(0.05011 0.18695 -0.19571)
(0.08867 0.15800 -0.11077)
(0.05370 0.17947 -0.16381)
(0.08566 0.14775 -0.07347)
(0.05024 0.08347 0.00709)
(0.00318 0.00578 0.00271)
(-0.00092 -0.00210 -0.00096)
(0.00022 0.00064 -0.00185)
(-0.00020 -0.00097 0.00292)
(-0.00155 -0.00771 0.02140)
(-0.00185 -0.02350 0.06162)
(-0.00199 -0.03317 0.06897)
(0.00076 -0.02782 0.07440)
(-0.01582 -0.02835 0.07831)
(-0.03157 -0.02883 0.08845)
(-0.04685 -0.02275 0.09132)
(-0.04171 -0.02437 0.09426)
(-0.05606 -0.01794 0.09634)
(-0.12978 0.03042 0.05779)
(-0.11651 0.02560 0.07251)
(-0.15435 0.04390 0.02709)
(-0.18004 0.06670 0.00995)
(-0.28227 0.15271 -0.09448)
(-0.32233 0.18783 -0.18949)
(-0.34982 0.21830 -0.25074)
(-0.41049 0.29459 -0.43464)
(-0.40388 0.29768 -0.47034)
(-0.41548 0.30478 -0.46904)
(-0.40889 0.30684 -0.49842)
(-0.36369 0.32633 -0.69708)
(-0.36477 0.33274 -0.71387)
(-0.36288 0.33763 -0.73195)
(-0.36211 0.35192 -0.77849)
(-0.36203 0.38572 -0.85470)
(-0.30201 0.36686 -0.84634)
(-0.30498 0.40370 -0.90076)
(-0.29739 0.40213 -0.89881)
(-0.29223 0.40125 -0.89904)
(-0.22543 0.36012 -0.80435)
(-0.17084 0.34202 -0.74603)
(-0.15102 0.33285 -0.71703)
(-0.12177 0.31422 -0.66367)
(-0.02753 0.24448 -0.46002)
(-0.03047 0.24423 -0.46146)
(-0.01502 0.23641 -0.41958)
(0.02300 0.21074 -0.32423)
(0.00271 0.22262 -0.35042)
(0.04819 0.18364 -0.23568)
(0.02679 0.19570 -0.22719)
(0.03506 0.19003 -0.20491)
(0.03945 0.18457 -0.18260)
(0.04345 0.18003 -0.16310)
(0.01955 0.11630 -0.02374)
(0.01312 0.03112 0.01284)
(0.00404 0.01226 0.00507)
(-0.00425 -0.01236 -0.00557)
(-0.00019 -0.00166 0.00570)
(-0.00049 -0.00785 0.02359)
(-0.00030 -0.01533 0.04426)
(0.00071 -0.01257 0.03874)
(0.00264 -0.02654 0.07547)
(0.00315 -0.02914 0.07873)
(-0.01981 -0.02655 0.09663)
(0.00339 -0.03514 0.10362)
(-0.03530 -0.02644 0.09841)
(-0.04832 -0.02058 0.10136)
(-0.09207 0.00854 0.10381)
(-0.15054 0.04317 0.10029)
(-0.17037 0.05973 0.05392)
(-0.19164 0.07382 0.06968)
(-0.24109 0.11623 -0.01896)
(-0.27776 0.14833 -0.07779)
(-0.34223 0.20195 -0.14012)
(-0.36085 0.22179 -0.21284)
(-0.39762 0.27139 -0.36079)
(-0.42665 0.31193 -0.46508)
(-0.42074 0.31546 -0.50331)
(-0.43153 0.32307 -0.50165)
(-0.43856 0.35129 -0.61414)
(-0.42124 0.36947 -0.72489)
(-0.40922 0.37852 -0.77147)
(-0.41258 0.40185 -0.84585)
(-0.41633 0.42439 -0.89633)
(-0.35392 0.40210 -0.89478)
(-0.32954 0.39703 -0.91142)
(-0.31149 0.40778 -0.91707)
(-0.30497 0.40635 -0.91749)
(-0.27471 0.38688 -0.89079)
(-0.19069 0.35131 -0.77883)
(-0.19046 0.35115 -0.78304)
(-0.17033 0.34147 -0.74989)
(-0.17149 0.33514 -0.74301)
(-0.11571 0.30470 -0.65215)
(-0.12062 0.30575 -0.65784)
(-0.08424 0.27296 -0.53641)
(-0.13775 0.30458 -0.64208)
(-0.06539 0.26851 -0.50996)
(-0.04317 0.24775 -0.44446)
(-0.08894 0.27731 -0.53696)
(-0.01566 0.22020 -0.33234)
(0.00924 0.20198 -0.24547)
(0.01804 0.19581 -0.22240)
(0.01720 0.19314 -0.20985)
(0.01542 0.19076 -0.19854)
(0.02534 0.18401 -0.17447)
(-0.01982 0.17319 -0.12972)
(0.00804 0.12721 -0.01697)
(0.00801 0.04452 0.01022)
(-0.00119 -0.00494 -0.00206)
(-0.00002 0.00006 -0.00030)
(0.00053 -0.00098 0.00465)
(0.00434 -0.00689 0.02983)
(0.00295 -0.02195 0.06704)
(0.01380 -0.02942 0.08777)
(0.02214 -0.03730 0.09613)
(0.03172 -0.03536 0.09987)
(0.00398 -0.03171 0.11046)
(-0.01233 -0.03079 0.11561)
(-0.00042 -0.03063 0.14249)
(-0.00434 -0.03168 0.13856)
(-0.02969 -0.02424 0.13398)
(-0.06843 0.00035 0.13096)
(-0.13841 0.03910 0.10891)
(-0.17228 0.05553 0.10565)
(-0.23214 0.11269 0.02370)
(-0.28223 0.15088 -0.03158)
(-0.33056 0.19507 -0.14419)
(-0.34999 0.21342 -0.18032)
(-0.39718 0.27620 -0.34312)
(-0.42514 0.30915 -0.41729)
(-0.47124 0.37650 -0.58301)
(-0.45499 0.36738 -0.61666)
(-0.47012 0.39454 -0.64172)
(-0.46608 0.41626 -0.75962)
(-0.47130 0.43320 -0.80198)
(-0.43531 0.42515 -0.86156)
(-0.42920 0.43650 -0.89537)
(-0.39643 0.42646 -0.92643)
(-0.42246 0.45298 -0.95352)
(-0.38791 0.43298 -0.95290)
(-0.34942 0.42166 -0.94411)
(-0.33371 0.41673 -0.94819)
(-0.33031 0.41576 -0.96555)
(-0.28451 0.39125 -0.91795)
(-0.28823 0.39342 -0.95012)
(-0.22862 0.36581 -0.84332)
(-0.24507 0.36974 -0.87231)
(-0.19849 0.34128 -0.78636)
(-0.19979 0.34104 -0.78642)
(-0.20483 0.32526 -0.71636)
(-0.14562 0.30050 -0.62470)
(-0.17805 0.29741 -0.60294)
(-0.11173 0.26489 -0.48848)
(-0.07858 0.24572 -0.42778)
(-0.08383 0.23272 -0.35138)
(-0.10347 0.22154 -0.29750)
(-0.02961 0.18830 -0.18542)
(-0.05845 0.16253 -0.10832)
(-0.03200 0.14675 -0.05194)
(-0.08863 0.18435 -0.18154)
(-0.06102 0.15492 -0.06864)
(-0.01395 0.06218 0.00145)
(-0.00057 0.00328 0.00084)
(0.00193 -0.00661 -0.00275)
(0.00063 -0.00018 0.00238)
(0.00217 -0.00266 0.01361)
(0.01946 -0.01866 0.07185)
(0.03658 -0.02281 0.08064)
(0.03760 -0.02872 0.08968)
(0.03823 -0.03911 0.10672)
(0.04490 -0.03343 0.09731)
(0.01129 -0.03028 0.12765)
(-0.00124 -0.03097 0.14922)
(-0.03820 -0.01003 0.15554)
(-0.05226 -0.00567 0.13775)
(-0.09377 0.01524 0.14288)
(-0.13324 0.04572 0.11084)
(-0.20436 0.10316 0.04905)
(-0.27891 0.17640 -0.09881)
(-0.29808 0.19707 -0.14140)
(-0.31038 0.20213 -0.15577)
(-0.39702 0.27267 -0.28982)
(-0.42425 0.30805 -0.39848)
(-0.45007 0.35371 -0.50561)
(-0.46956 0.40147 -0.63377)
(-0.47216 0.41764 -0.73196)
(-0.48990 0.44408 -0.80548)
(-0.46518 0.45123 -0.84227)
(-0.44731 0.47734 -0.93639)
(-0.43963 0.47685 -0.95068)
(-0.39604 0.44507 -0.95976)
(-0.37528 0.43988 -0.98609)
(-0.38996 0.44404 -1.01480)
(-0.38467 0.44136 -1.01680)
(-0.33066 0.41505 -0.99231)
(-0.32620 0.41141 -0.99785)
(-0.26393 0.37926 -0.90612)
(-0.28620 0.37640 -0.92093)
(-0.21508 0.34775 -0.81567)
(-0.23009 0.35016 -0.81903)
(-0.25043 0.34206 -0.77790)
(-0.24292 0.32635 -0.70215)
(-0.24536 0.32364 -0.68391)
(-0.21767 0.30851 -0.61915)
(-0.11758 0.25906 -0.45129)
(-0.21040 0.29626 -0.55860)
(-0.14087 0.25822 -0.42829)
(-0.12955 0.23290 -0.34206)
(-0.15148 0.22467 -0.31103)
(-0.09839 0.18847 -0.19678)
(-0.09029 0.17087 -0.12445)
(-0.06527 0.15828 -0.07320)
(-0.07367 0.13601 -0.05350)
(-0.03481 0.08052 0.00443)
(-0.00416 0.01369 0.00496)
(-0.00488 0.00529 0.00334)
(-0.00098 0.00023 -0.00401)
(0.00473 -0.00127 0.01617)
(0.00040 -0.00009 0.00156)
(0.00598 -0.00144 0.02017)
(0.01821 -0.00842 0.06111)
(0.04068 -0.02764 0.09073)
(0.03332 -0.01896 0.08279)
(0.04178 -0.02809 0.09908)
(0.03346 -0.02721 0.11397)
(0.03223 -0.03340 0.12035)
(0.03589 -0.03591 0.14402)
(0.01337 -0.02900 0.14619)
(-0.00438 -0.02611 0.16670)
(-0.06342 0.01280 0.16689)
(-0.08520 0.02653 0.15981)
(-0.14197 0.06179 0.10904)
(-0.23209 0.14445 -0.04703)
(-0.28237 0.18774 -0.12001)
(-0.31059 0.21374 -0.17553)
(-0.38521 0.28544 -0.32222)
(-0.42297 0.34215 -0.45128)
(-0.45191 0.38803 -0.57233)
(-0.46649 0.45002 -0.70145)
(-0.46883 0.41056 -0.67150)
(-0.46585 0.44182 -0.76567)
(-0.46934 0.47525 -0.87087)
(-0.44747 0.48228 -0.93368)
(-0.44114 0.48234 -0.94584)
(-0.43361 0.47626 -0.96327)
(-0.40393 0.45319 -0.99497)
(-0.39398 0.44910 -1.02200)
(-0.39092 0.44689 -1.02330)
(-0.36511 0.42992 -1.02620)
(-0.34879 0.41788 -1.01760)
(-0.31607 0.39602 -0.99023)
(-0.32281 0.39400 -0.98407)
(-0.31729 0.38969 -0.96758)
(-0.28780 0.37191 -0.89808)
(-0.27718 0.34953 -0.79383)
(-0.25870 0.33240 -0.71981)
(-0.26242 0.33037 -0.70337)
(-0.24924 0.32223 -0.66768)
(-0.24376 0.31569 -0.62450)
(-0.20981 0.26944 -0.47736)
(-0.16406 0.22971 -0.34538)
(-0.14641 0.20603 -0.29351)
(-0.12707 0.19208 -0.24208)
(-0.13678 0.16764 -0.19738)
(-0.11736 0.15601 -0.12909)
(-0.12992 0.14187 -0.09476)
(-0.06523 0.06741 0.02964)
(-0.01204 0.01166 0.00825)
(-0.00089 0.00017 -0.00385)
(0.00181 -0.00037 0.00708)
(0.01454 -0.00357 0.04377)
(0.01041 -0.00247 0.03418)
(0.01467 -0.00366 0.04565)
(0.02542 -0.01527 0.09317)
(0.03039 -0.02102 0.11035)
(0.02997 -0.02452 0.12942)
(0.02070 -0.02538 0.16046)
(0.02109 -0.02806 0.16937)
(0.00122 -0.02555 0.17169)
(-0.05219 0.00716 0.17196)
(-0.06455 0.01659 0.16794)
(-0.07788 0.02746 0.16162)
(-0.09136 0.03376 0.15591)
(-0.15982 0.09829 0.04519)
(-0.24132 0.16141 -0.07050)
(-0.27918 0.19436 -0.13392)
(-0.30985 0.24655 -0.24061)
(-0.32122 0.22978 -0.21088)
(-0.40371 0.34076 -0.44767)
(-0.40937 0.35195 -0.47733)
(-0.45807 0.44605 -0.68786)
(-0.46388 0.45638 -0.72642)
(-0.46120 0.46203 -0.74463)
(-0.44557 0.48730 -0.93174)
(-0.44050 0.48764 -0.94027)
(-0.43536 0.48175 -0.95884)
(-0.42984 0.48105 -0.97173)
(-0.39734 0.46988 -1.01720)
(-0.38563 0.45988 -1.04620)
(-0.36597 0.43179 -1.04110)
(-0.36861 0.43749 -1.05900)
(-0.34084 0.41461 -1.03310)
(-0.33187 0.39691 -0.99585)
(-0.33240 0.39463 -0.98696)
(-0.32596 0.39040 -0.96818)
(-0.33547 0.38272 -0.91723)
(-0.27556 0.33861 -0.73728)
(-0.28039 0.33741 -0.72327)
(-0.26746 0.32883 -0.68615)
(-0.28280 0.31659 -0.62972)
(-0.23501 0.27122 -0.48507)
(-0.22319 0.26378 -0.46127)
(-0.21920 0.22202 -0.34470)
(-0.18536 0.19216 -0.26869)
(-0.17504 0.18381 -0.24659)
(-0.18536 0.18271 -0.25267)
(-0.17622 0.17515 -0.23311)
(-0.16704 0.16581 -0.21079)
(-0.13849 0.13637 -0.09714)
(-0.09159 0.08393 0.03775)
(-0.08456 0.06855 0.04138)
(-0.01987 0.01669 0.01384)
(0.00584 -0.00497 -0.00461)
(-0.00032 0.00005 -0.00149)
(0.00293 -0.00055 0.01209)
(0.01149 -0.00450 0.05267)
(0.02066 -0.00676 0.06440)
(0.01977 -0.01330 0.06723)
(0.02681 -0.01374 0.08808)
(0.02922 -0.02073 0.12061)
(0.02077 -0.02369 0.15638)
(0.02094 -0.02658 0.16743)
(0.01669 -0.03380 0.19082)
(0.00221 -0.02105 0.18280)
(-0.05224 0.01012 0.17452)
(-0.06469 0.02055 0.16878)
(-0.08771 0.04900 0.15689)
(-0.09095 0.03978 0.15320)
(-0.16302 0.11376 0.04421)
(-0.20875 0.15810 -0.04525)
(-0.26381 0.22289 -0.17299)
(-0.35810 0.30781 -0.35704)
(-0.38983 0.34879 -0.45993)
(-0.42237 0.40948 -0.59240)
(-0.45683 0.45389 -0.71253)
(-0.44968 0.45027 -0.69651)
(-0.45500 0.46165 -0.73510)
(-0.44207 0.48481 -0.84400)
(-0.43269 0.50454 -0.88798)
(-0.43544 0.48691 -0.95258)
(-0.41527 0.48701 -0.98640)
(-0.40502 0.48639 -1.01490)
(-0.39033 0.48158 -1.03570)
(-0.37195 0.44959 -1.05760)
(-0.35980 0.43967 -1.06390)
(-0.35974 0.42822 -1.06000)
(-0.35014 0.41004 -1.02330)
(-0.33795 0.39655 -0.99740)
(-0.33506 0.39316 -0.97753)
(-0.35962 0.39270 -0.92800)
(-0.31912 0.36059 -0.81450)
(-0.34415 0.36962 -0.79229)
(-0.32356 0.33992 -0.69605)
(-0.33430 0.33425 -0.64692)
(-0.28558 0.28984 -0.53566)
(-0.25834 0.26512 -0.44673)
(-0.29294 0.26829 -0.47731)
(-0.24530 0.23559 -0.38080)
(-0.19529 0.18726 -0.26734)
(-0.17931 0.16851 -0.22703)
(-0.17959 0.13869 -0.16260)
(-0.15803 0.11485 -0.08616)
(-0.09661 0.07669 0.03759)
(-0.10285 0.06452 0.03298)
(-0.02813 0.02053 0.01987)
(0.00121 -0.00089 -0.00100)
(0.00004 -0.00005 0.00059)
(0.00439 -0.00219 0.01861)
(-0.00072 -0.00106 0.01256)
(0.01301 -0.01228 0.05613)
(0.01537 -0.01440 0.06242)
(0.02344 -0.01595 0.07275)
(0.02844 -0.02207 0.09559)
(0.02898 -0.03131 0.12621)
(0.03141 -0.03136 0.14113)
(0.01911 -0.02407 0.16394)
(0.03544 -0.04735 0.19627)
(0.01696 -0.03259 0.19655)
(-0.02875 0.00025 0.18533)
(-0.05050 0.03043 0.16553)
(-0.12754 0.10111 0.06782)
(-0.14535 0.12324 0.06561)
(-0.19017 0.16998 -0.04839)
(-0.33232 0.30148 -0.33226)
(-0.29505 0.28099 -0.24787)
(-0.37627 0.36498 -0.46976)
(-0.38781 0.40486 -0.52935)
(-0.42709 0.46012 -0.63758)
(-0.44892 0.45941 -0.72050)
(-0.42812 0.49591 -0.81465)
(-0.41803 0.52755 -0.85317)
(-0.43092 0.51856 -0.91870)
(-0.41555 0.52089 -0.95292)
(-0.40525 0.50341 -0.99936)
(-0.39941 0.50091 -1.02080)
(-0.37284 0.46365 -1.05410)
(-0.38317 0.46203 -1.06100)
(-0.37121 0.43388 -1.06210)
(-0.37402 0.42834 -1.04650)
(-0.37670 0.42132 -1.04010)
(-0.37364 0.40796 -0.99659)
(-0.38306 0.40800 -0.96464)
(-0.39034 0.39600 -0.89465)
(-0.39148 0.39540 -0.88240)
(-0.35810 0.35683 -0.73248)
(-0.36393 0.35426 -0.68976)
(-0.31524 0.30608 -0.57116)
(-0.31502 0.27842 -0.49336)
(-0.25123 0.22673 -0.35640)
(-0.23484 0.19476 -0.29651)
(-0.18246 0.16329 -0.22648)
(-0.22945 0.14556 -0.19804)
(-0.18144 0.11408 -0.11627)
(-0.15912 0.09570 -0.07402)
(-0.13632 0.04931 -0.01975)
(-0.11126 0.03698 0.03514)
(-0.04337 0.01163 0.03317)
(-0.00295 0.00098 0.00346)
(-0.00021 -0.00027 0.00250)
(0.00062 -0.00814 0.03035)
(0.00467 -0.01408 0.05794)
(0.01058 -0.02857 0.07803)
(0.01652 -0.02824 0.08430)
(0.02491 -0.03423 0.11868)
(0.04401 -0.05829 0.16612)
(0.04055 -0.04637 0.15513)
(0.04805 -0.06135 0.18047)
(0.03718 -0.05190 0.20005)
(0.01043 -0.02355 0.20364)
(-0.01565 0.00701 0.18736)
(-0.07992 0.05931 0.12840)
(-0.04570 0.03837 0.14157)
(-0.13477 0.11220 0.05640)
(-0.19546 0.18191 -0.05198)
(-0.27489 0.30458 -0.25500)
(-0.32380 0.34120 -0.35593)
(-0.34644 0.39240 -0.47504)
(-0.36724 0.41878 -0.54128)
(-0.41382 0.48720 -0.68177)
(-0.42565 0.51941 -0.76241)
(-0.42133 0.53166 -0.80890)
(-0.42320 0.53113 -0.87691)
(-0.41896 0.53394 -0.92653)
(-0.39035 0.52926 -0.95789)
(-0.38951 0.52381 -0.97194)
(-0.37867 0.48172 -1.03060)
(-0.38548 0.47395 -1.04410)
(-0.37003 0.44604 -1.05690)
(-0.37806 0.43422 -1.05390)
(-0.39157 0.43129 -1.02880)
(-0.38659 0.41919 -1.01110)
(-0.40217 0.42158 -0.97166)
(-0.39351 0.39816 -0.89718)
(-0.41120 0.40388 -0.86642)
(-0.39141 0.37430 -0.78011)
(-0.42097 0.37377 -0.70861)
(-0.37904 0.34463 -0.64013)
(-0.34822 0.28545 -0.51065)
(-0.30939 0.26707 -0.47236)
(-0.28150 0.23251 -0.38543)
(-0.30623 0.21820 -0.35260)
(-0.29352 0.20028 -0.30808)
(-0.23662 0.15109 -0.20968)
(-0.17230 0.08222 -0.09509)
(-0.14683 0.05021 -0.02976)
(-0.13311 0.04306 0.00241)
(-0.08069 0.01513 0.04754)
(-0.03673 0.00821 0.03082)
(-0.00537 0.00115 0.00520)
(0.00008 0.00062 -0.00158)
(-0.00062 -0.00193 0.00643)
(0.00178 -0.01208 0.02485)
(0.00169 -0.02300 0.05711)
(0.00666 -0.03050 0.07058)
(0.00951 -0.03516 0.08193)
(0.01726 -0.03837 0.11065)
(0.01023 -0.03816 0.08957)
(0.02696 -0.04915 0.15194)
(0.04502 -0.06207 0.17494)
(0.04788 -0.06337 0.18459)
(0.02478 -0.03733 0.18361)
(0.02360 -0.03503 0.19886)
(-0.00307 0.00045 0.17746)
(-0.07186 0.07347 0.09654)
(-0.09989 0.09641 0.08335)
(-0.10360 0.10709 0.06465)
(-0.14726 0.14767 -0.00617)
(-0.27299 0.30599 -0.24579)
(-0.29586 0.33238 -0.30720)
(-0.31277 0.35667 -0.34971)
(-0.35297 0.41173 -0.46974)
(-0.40750 0.49766 -0.67819)
(-0.41588 0.52706 -0.70332)
(-0.41773 0.57184 -0.76109)
(-0.40808 0.56391 -0.80593)
(-0.41201 0.55093 -0.85465)
(-0.40599 0.55974 -0.90352)
(-0.39057 0.55852 -0.91862)
(-0.38739 0.55439 -0.92979)
(-0.38113 0.50128 -1.00030)
(-0.38367 0.47826 -1.03710)
(-0.38441 0.46854 -1.04480)
(-0.37849 0.45247 -1.05250)
(-0.39789 0.45013 -1.01160)
(-0.40792 0.43582 -1.00500)
(-0.42609 0.44220 -0.94320)
(-0.42154 0.42892 -0.93728)
(-0.43104 0.42266 -0.87586)
(-0.42900 0.38546 -0.74362)
(-0.42897 0.37975 -0.71703)
(-0.41905 0.36672 -0.68454)
(-0.41669 0.35922 -0.66337)
(-0.32624 0.24656 -0.41331)
(-0.31294 0.22109 -0.35912)
(-0.29153 0.19488 -0.29935)
(-0.27021 0.16388 -0.26950)
(-0.23888 0.13437 -0.19837)
(-0.19461 0.08624 -0.10293)
(-0.19087 0.07391 -0.06843)
(-0.17535 0.06082 -0.05087)
(-0.12849 0.01194 0.05191)
(-0.07558 -0.00360 0.06633)
(-0.00782 -0.00055 0.00836)
(-0.00783 -0.00063 0.00833)
(-0.00060 -0.00244 0.00391)
(0.00287 -0.01919 0.02893)
(0.00524 -0.03362 0.06775)
(0.00687 -0.03499 0.07327)
(0.00893 -0.03759 0.08094)
(0.01072 -0.04174 0.08878)
(0.02002 -0.04933 0.13517)
(0.03705 -0.05624 0.15373)
(0.04791 -0.06606 0.18141)
(0.02040 -0.03156 0.16411)
(-0.00483 -0.00402 0.16554)
(-0.07927 0.08112 0.08804)
(-0.09858 0.10251 0.06535)
(-0.12106 0.12614 0.04310)
(-0.17716 0.20584 -0.07501)
(-0.29055 0.32993 -0.28772)
(-0.29105 0.33240 -0.27494)
(-0.30728 0.35523 -0.32959)
(-0.35203 0.44148 -0.43355)
(-0.39001 0.51650 -0.56237)
(-0.38916 0.50420 -0.57035)
(-0.40772 0.55280 -0.64756)
(-0.40997 0.60199 -0.70825)
(-0.40904 0.60961 -0.72435)
(-0.40367 0.57490 -0.82217)
(-0.38977 0.56903 -0.90461)
(-0.38656 0.56440 -0.91509)
(-0.38296 0.54985 -0.93749)
(-0.37210 0.51544 -0.98118)
(-0.38325 0.47384 -1.03730)
(-0.39104 0.47139 -1.02480)
(-0.40038 0.45961 -1.01170)
(-0.40837 0.44974 -1.00060)
(-0.43012 0.44745 -0.94262)
(-0.43561 0.44576 -0.93045)
(-0.44444 0.44940 -0.91950)
(-0.43843 0.39205 -0.74632)
(-0.43872 0.38752 -0.72520)
(-0.42753 0.37279 -0.69354)
(-0.42604 0.36494 -0.67036)
(-0.36341 0.28293 -0.48706)
(-0.32580 0.21544 -0.37486)
(-0.27504 0.14482 -0.24962)
(-0.24482 0.11168 -0.18565)
(-0.21794 0.09531 -0.13222)
(-0.18581 0.06228 -0.06099)
(-0.17773 0.05564 -0.04756)
(-0.12031 -0.00274 0.08442)
(-0.08853 -0.00470 0.07740)
(-0.04805 -0.00323 0.04651)
(-0.09140 -0.00554 0.08136)
(-0.01277 -0.00112 0.01370)
(-0.00014 -0.00066 0.00098)
(-0.00108 -0.00518 0.00757)
(-0.00063 -0.00350 0.00489)
(-0.00271 -0.01321 0.01852)
(0.00199 -0.03157 0.04550)
(0.00133 -0.03407 0.06001)
(0.00599 -0.03766 0.07033)
(0.00504 -0.04341 0.07650)
(0.00859 -0.03975 0.07928)
(0.01753 -0.05236 0.09865)
(0.01846 -0.04911 0.11376)
(0.02515 -0.05367 0.13250)
(0.00860 -0.02762 0.13768)
(0.01301 -0.02589 0.15198)
(-0.01288 -0.00020 0.13718)
(-0.05614 0.05420 0.10843)
(-0.09925 0.10317 0.06028)
(-0.11999 0.12628 0.04004)
(-0.16222 0.17231 -0.01456)
(-0.31067 0.36558 -0.23227)
(-0.30613 0.35557 -0.31205)
(-0.35931 0.46983 -0.40652)
(-0.40935 0.56490 -0.52710)
(-0.40311 0.57476 -0.62575)
(-0.41114 0.61052 -0.68203)
(-0.41050 0.61910 -0.71260)
(-0.40979 0.61228 -0.77266)
(-0.39551 0.60764 -0.85507)
(-0.38502 0.57668 -0.90070)
(-0.38098 0.55680 -0.92565)
(-0.36947 0.52992 -0.94749)
(-0.37712 0.48508 -1.00630)
(-0.38757 0.48151 -0.99047)
(-0.39826 0.47367 -0.98755)
(-0.41143 0.45577 -0.98885)
(-0.43507 0.45600 -0.95552)
(-0.44049 0.45129 -0.92908)
(-0.45142 0.45540 -0.91586)
(-0.45337 0.41869 -0.80086)
(-0.45946 0.40563 -0.75342)
(-0.43738 0.38035 -0.70194)
(-0.43319 0.35215 -0.62574)
(-0.39909 0.30596 -0.52471)
(-0.37810 0.26493 -0.45757)
(-0.31323 0.18465 -0.31989)
(-0.26481 0.12812 -0.22464)
(-0.24715 0.10970 -0.19193)
(-0.22128 0.08518 -0.11837)
(-0.16416 0.03406 0.00883)
(-0.12504 -0.00248 0.08388)
(-0.12451 -0.00491 0.09149)
(-0.12111 -0.00737 0.10247)
(-0.08075 -0.00595 0.07600)
(-0.01359 -0.00160 0.01699)
(0.01086 0.00136 -0.01435)
(-0.00001 -0.00030 0.00049)
(-0.00012 -0.00376 0.00596)
(-0.00194 -0.02237 0.02710)
(0.00056 -0.01361 0.01599)
(-0.00003 -0.02946 0.02923)
(0.00422 -0.03556 0.04449)
(0.00564 -0.04014 0.04817)
(0.00961 -0.04585 0.06430)
(0.01144 -0.04400 0.07226)
(0.02320 -0.05947 0.10413)
(0.02664 -0.07125 0.12247)
(0.01010 -0.04313 0.10458)
(-0.00104 -0.02790 0.12688)
(-0.04018 0.02233 0.09771)
(-0.07052 0.06313 0.07616)
(-0.10039 0.09949 0.04853)
(-0.19994 0.21167 -0.05408)
(-0.12304 0.12975 0.03253)
(-0.21054 0.22858 -0.06743)
(-0.31425 0.36267 -0.21726)
(-0.34470 0.40974 -0.30716)
(-0.39469 0.51330 -0.40462)
(-0.42945 0.57356 -0.48493)
(-0.41997 0.60200 -0.58084)
(-0.43299 0.65159 -0.61518)
(-0.43805 0.69731 -0.67278)
(-0.41214 0.66749 -0.76081)
(-0.40335 0.65002 -0.80030)
(-0.38902 0.64824 -0.82565)
(-0.37820 0.59014 -0.88948)
(-0.36753 0.54207 -0.92238)
(-0.35793 0.51012 -0.95828)
(-0.38506 0.49591 -0.96474)
(-0.39176 0.48707 -0.96305)
(-0.41166 0.47173 -0.96968)
(-0.44417 0.48388 -0.93746)
(-0.44402 0.45616 -0.92576)
(-0.48543 0.47896 -0.89629)
(-0.49511 0.46471 -0.84950)
(-0.52082 0.46676 -0.80047)
(-0.48873 0.41042 -0.70781)
(-0.47628 0.38974 -0.67122)
(-0.43351 0.32323 -0.54248)
(-0.39051 0.26937 -0.46258)
(-0.33805 0.20985 -0.36386)
(-0.30869 0.17186 -0.28445)
(-0.25463 0.11261 -0.18869)
(-0.21766 0.06669 -0.05573)
(-0.19898 0.05018 -0.02680)
(-0.18980 0.03241 0.00979)
(-0.15428 0.00087 0.09018)
(-0.12712 -0.00566 0.10740)
(-0.07817 -0.00616 0.08055)
(-0.02212 -0.00214 0.02629)
(0.00810 0.00126 -0.01271)
(0.00047 -0.00235 0.00310)
(0.00275 -0.01402 0.01726)
(0.00177 -0.02342 0.02886)
(0.00380 -0.03292 0.03816)
(0.00561 -0.04011 0.04459)
(0.01066 -0.04596 0.04893)
(0.01086 -0.03281 0.04095)
(0.01091 -0.04221 0.06649)
(0.00782 -0.03585 0.06552)
(0.00839 -0.03384 0.06623)
(0.01498 -0.04891 0.09565)
(-0.00831 -0.02110 0.08360)
(-0.01629 -0.01302 0.08978)
(-0.04913 0.02106 0.05220)
(-0.05601 0.02933 0.05445)
(-0.08103 0.07281 0.06201)
(-0.08206 0.06157 0.04207)
(-0.12008 0.11768 0.02047)
(-0.21528 0.22225 -0.06717)
(-0.27127 0.30034 -0.13335)
(-0.33969 0.39059 -0.23657)
(-0.35138 0.40642 -0.26399)
(-0.42501 0.54953 -0.38326)
(-0.49427 0.67966 -0.50603)
(-0.44893 0.65252 -0.56671)
(-0.44826 0.67324 -0.60032)
(-0.45228 0.74352 -0.68528)
(-0.43776 0.72155 -0.71901)
(-0.41248 0.69133 -0.76333)
(-0.39140 0.66720 -0.80533)
(-0.37901 0.60865 -0.85590)
(-0.36737 0.57735 -0.89199)
(-0.35535 0.51947 -0.94489)
(-0.38638 0.51691 -0.92264)
(-0.42053 0.51000 -0.90759)
(-0.42298 0.48628 -0.94436)
(-0.45717 0.49612 -0.91672)
(-0.49929 0.50332 -0.91368)
(-0.53362 0.51529 -0.90553)
(-0.52863 0.49017 -0.84580)
(-0.53235 0.48169 -0.81177)
(-0.53817 0.45530 -0.73723)
(-0.49109 0.39444 -0.64618)
(-0.50064 0.39027 -0.63164)
(-0.41304 0.28891 -0.47045)
(-0.36078 0.22379 -0.37473)
(-0.36415 0.21245 -0.32126)
(-0.34830 0.19394 -0.28638)
(-0.30844 0.15344 -0.22817)
(-0.33492 0.17596 -0.25076)
(-0.25594 0.09308 -0.10500)
(-0.18804 0.01955 0.03329)
(-0.18312 0.01738 0.04259)
(-0.15314 -0.00602 0.12395)
(-0.04685 -0.00453 0.05293)
(-0.00711 -0.00108 0.01061)
(0.00273 0.00042 -0.00416)
(0.00009 -0.00042 0.00060)
(0.00154 -0.00683 0.00936)
(0.00434 -0.01901 0.02424)
(0.00576 -0.02227 0.02478)
(0.00742 -0.02448 0.02787)
(0.00939 -0.03086 0.03054)
(0.00946 -0.03565 0.03548)
(0.00081 -0.01705 0.02947)
(0.00106 -0.01931 0.03524)
(-0.00202 -0.01439 0.03173)
(-0.00986 -0.01202 0.05834)
(-0.05586 0.02891 0.04129)
(-0.06350 0.03719 0.04264)
(-0.08091 0.05523 0.03220)
(-0.15381 0.14834 -0.02999)
(-0.24438 0.24544 -0.10769)
(-0.28460 0.31888 -0.14398)
(-0.37695 0.43207 -0.24421)
(-0.39018 0.46011 -0.29044)
(-0.42716 0.50202 -0.33313)
(-0.46238 0.59925 -0.42352)
(-0.50791 0.69260 -0.50453)
(-0.50043 0.70348 -0.52786)
(-0.49388 0.71935 -0.56537)
(-0.46511 0.74846 -0.65490)
(-0.44823 0.74457 -0.69818)
(-0.42243 0.72053 -0.73320)
(-0.40755 0.70350 -0.77393)
(-0.37312 0.62484 -0.83313)
(-0.37365 0.60100 -0.84029)
(-0.36952 0.55888 -0.87978)
(-0.39417 0.52508 -0.90077)
(-0.42297 0.51411 -0.89671)
(-0.43314 0.51074 -0.90293)
(-0.45925 0.50706 -0.89282)
(-0.51409 0.51169 -0.90473)
(-0.53987 0.52029 -0.87697)
(-0.58459 0.54420 -0.82584)
(-0.55467 0.49818 -0.80024)
(-0.54507 0.45247 -0.69820)
(-0.52938 0.43014 -0.66975)
(-0.52187 0.41656 -0.64724)
(-0.46127 0.34095 -0.52839)
(-0.38543 0.23608 -0.35566)
(-0.34751 0.18956 -0.27322)
(-0.30352 0.13259 -0.16318)
(-0.25890 0.08479 -0.08308)
(-0.23218 0.05760 -0.02710)
(-0.20144 0.02513 0.02593)
(-0.18040 0.00729 0.06722)
(-0.14561 -0.01663 0.11354)
(-0.04890 -0.00881 0.06041)
(-0.00351 -0.00075 0.00440)
(0.00002 -0.00012 0.00043)
(0.00078 -0.00399 0.01279)
(0.00417 -0.00937 0.02094)
(0.00494 -0.01268 0.02051)
(0.00664 -0.01280 0.01695)
(0.00954 -0.02515 0.03076)
(0.00106 -0.01403 0.02305)
(0.01031 -0.02855 0.03359)
(-0.00017 -0.01209 0.02380)
(-0.00131 -0.01322 0.02738)
(-0.00344 -0.00746 0.02084)
(-0.00574 -0.00747 0.02348)
(-0.00738 -0.00673 0.02577)
(-0.06937 0.04864 0.00700)
(-0.07046 0.04455 0.03206)
(-0.08918 0.06311 0.02189)
(-0.19583 0.18657 -0.06650)
(-0.25038 0.24809 -0.11423)
(-0.33694 0.36216 -0.19896)
(-0.42577 0.47252 -0.29276)
(-0.45038 0.50584 -0.32007)
(-0.47263 0.61330 -0.42414)
(-0.52336 0.70632 -0.50756)
(-0.51323 0.71506 -0.52434)
(-0.51592 0.73458 -0.54098)
(-0.50018 0.78170 -0.63260)
(-0.45762 0.75941 -0.68992)
(-0.45087 0.75408 -0.70619)
(-0.39700 0.68041 -0.79345)
(-0.37448 0.58839 -0.84356)
(-0.40122 0.57348 -0.85204)
(-0.43605 0.51508 -0.89275)
(-0.52396 0.53650 -0.86681)
(-0.56672 0.55041 -0.85480)
(-0.58855 0.53797 -0.80526)
(-0.53857 0.44016 -0.67548)
(-0.51499 0.40414 -0.62675)
(-0.36098 0.20465 -0.29749)
(-0.26913 0.08669 -0.09272)
(-0.05516 -0.01258 0.05977)
(-0.00007 0.00003 0.00247)
(0.00089 -0.00183 0.01473)
(0.00322 -0.00450 0.02153)
(0.00032 0.00006 0.02023)
(0.00375 -0.00207 0.01955)
(0.00462 -0.00413 0.01856)
(-0.00102 0.00072 0.00971)
(-0.00131 -0.00695 0.01828)
(-0.00547 -0.00141 0.01452)
(-0.00944 -0.00055 0.01638)
(-0.01879 0.01159 0.01039)
(-0.09421 0.07841 -0.03161)
(-0.12106 0.11109 -0.05246)
(-0.11848 0.09222 -0.02339)
(-0.23774 0.21421 -0.10157)
(-0.19908 0.18448 -0.06473)
(-0.28131 0.27329 -0.13726)
(-0.36805 0.37999 -0.21922)
(-0.37562 0.38279 -0.21789)
(-0.43205 0.47413 -0.29343)
(-0.45710 0.50914 -0.32275)
(-0.48371 0.58588 -0.38355)
(-0.55159 0.71085 -0.49216)
(-0.53493 0.72968 -0.52433)
(-0.52726 0.74376 -0.54085)
(-0.48973 0.79453 -0.65767)
(0.00009 -0.00096 -0.00321)
(-0.00027 0.00256 0.00776)
(0.00170 0.00674 0.02033)
(0.00334 0.00130 0.02046)
(0.00364 0.00321 0.01477)
(0.00631 0.00714 0.00612)
(-0.00069 0.00646 0.00349)
(-0.00416 0.00868 0.00160)
(-0.00325 0.01201 -0.00223)
(-0.00986 0.01590 -0.00644)
(-0.02473 0.03024 -0.01288)
(-0.05876 0.05963 -0.03544)
(-0.11112 0.10229 -0.05355)
(-0.11690 0.10873 -0.05605)
(-0.18248 0.16507 -0.08826)
(-0.24229 0.22541 -0.11876)
(-0.30902 0.30147 -0.16611)
(-0.38893 0.38843 -0.23654)
(-0.44804 0.47769 -0.29902)
(-0.52547 0.60034 -0.39644)
(-0.57286 0.68999 -0.46467)
(0.00004 -0.00118 -0.00276)
(-0.00001 0.00083 0.00191)
(0.00029 0.00718 0.01275)
(0.00473 0.01447 0.01083)
(0.00489 0.01498 0.00765)
(0.00513 0.01774 -0.00157)
(-0.00524 0.02645 -0.01021)
(-0.02382 0.03660 -0.02539)
(-0.03775 0.04646 -0.03352)
(-0.07258 0.07483 -0.05323)
(-0.10578 0.10052 -0.05587)
(-0.13898 0.12696 -0.07690)
(-0.19282 0.17592 -0.10552)
(-0.30264 0.27747 -0.17624)
(-0.31284 0.28847 -0.16724)
(-0.37984 0.34965 -0.21813)
(-0.43636 0.44049 -0.27832)
(0.00001 0.00034 0.00066)
(0.00125 0.00900 0.00888)
(0.00370 0.01180 0.00930)
(0.00480 0.01540 0.01011)
(0.00458 0.01657 0.00552)
(0.00426 0.01791 0.00370)
(-0.00953 0.03282 -0.01775)
(-0.02007 0.04288 -0.02902)
(-0.03304 0.05293 -0.03735)
(-0.04146 0.06079 -0.04407)
(-0.08410 0.09723 -0.07814)
(-0.11213 0.11818 -0.09380)
(-0.11751 0.11231 -0.08575)
(-0.13669 0.13966 -0.11048)
(-0.16086 0.15658 -0.10872)
(-0.23425 0.21736 -0.13731)
(-0.00015 0.00119 0.00169)
(0.00273 0.01137 0.01421)
(0.00485 0.01632 0.00882)
(0.00025 0.02322 0.01396)
(0.00169 0.02124 0.00720)
(-0.01097 0.03381 -0.00906)
(-0.02433 0.04810 -0.03662)
(-0.04074 0.06052 -0.04397)
(-0.09688 0.11116 -0.09058)
(-0.12589 0.13262 -0.10708)
(0.00003 -0.00026 -0.00035)
(-0.00091 0.00735 0.00939)
(-0.00039 0.01920 0.01187)
(-0.43090 0.74909 -0.73970)
(-0.37698 0.61092 -0.83044)
(-0.42499 0.51702 -0.88479)
(-0.48205 0.53017 -0.86928)
(-0.59813 0.55786 -0.81058)
(-0.55650 0.46974 -0.71063)
(-0.53018 0.42608 -0.65248)
(-0.44099 0.29940 -0.44189)
(-0.32774 0.17356 -0.24444)
(-0.25040 0.06687 -0.04532)
(-0.22519 0.05082 -0.00999)
(-0.14928 -0.02025 0.11699)
(-0.14321 -0.02306 0.12281)
(-0.13656 -0.02589 0.12958)
(-0.01221 -0.00302 0.01407)
(-0.52718 0.80157 -0.60933)
(-0.46497 0.79149 -0.69260)
(-0.43496 0.75806 -0.72519)
(-0.41715 0.71908 -0.76092)
(-0.38026 0.63134 -0.81874)
(-0.37807 0.59639 -0.83361)
(-0.39847 0.57205 -0.83350)
(-0.43243 0.54328 -0.83835)
(-0.43750 0.51796 -0.88178)
(-0.50553 0.55088 -0.84043)
(-0.53363 0.54261 -0.85801)
(-0.58802 0.56454 -0.83406)
(-0.60330 0.56328 -0.80588)
(-0.60597 0.56065 -0.80552)
(-0.59890 0.52953 -0.75673)
(-0.54820 0.45145 -0.67933)
(-0.53844 0.43598 -0.65521)
(-0.51883 0.40261 -0.60836)
(-0.45392 0.32072 -0.46643)
(-0.37822 0.22939 -0.33605)
(-0.33296 0.17677 -0.24435)
(-0.27983 0.10381 -0.11909)
(-0.25333 0.07412 -0.05011)
(-0.19391 0.02050 0.04507)
(-0.14568 -0.02186 0.11828)
(-0.13450 -0.02742 0.12696)
(-0.04920 -0.01249 0.05311)
(-0.00479 -0.00135 0.00552)
(-0.61365 0.76790 -0.52430)
(-0.57634 0.80674 -0.57146)
(-0.56780 0.81833 -0.58564)
(-0.52923 0.84845 -0.64441)
(-0.50223 0.81882 -0.66109)
(-0.46390 0.78901 -0.71002)
(-0.41877 0.73458 -0.75620)
(-0.40834 0.68747 -0.77535)
(-0.38010 0.60512 -0.82557)
(-0.39064 0.63241 -0.79583)
(-0.38708 0.57461 -0.82363)
(-0.43023 0.54182 -0.80781)
(-0.47479 0.54374 -0.83029)
(-0.50391 0.55075 -0.83109)
(-0.55531 0.56173 -0.83572)
(-0.58701 0.57118 -0.81268)
(-0.61979 0.58887 -0.80256)
(-0.61695 0.56945 -0.79875)
(-0.61917 0.55333 -0.75420)
(-0.58416 0.49982 -0.70040)
(-0.55287 0.46267 -0.64414)
(-0.50688 0.39239 -0.57930)
(-0.46956 0.33285 -0.47678)
(-0.42465 0.28656 -0.40807)
(-0.33288 0.16976 -0.21404)
(-0.27992 0.10122 -0.10659)
(-0.28481 0.12012 -0.13047)
(-0.23037 0.05562 -0.02480)
(-0.21192 0.04066 0.00092)
(-0.19824 0.03025 0.00212)
(-0.15237 -0.01724 0.11136)
(-0.12898 -0.02969 0.12157)
(-0.05915 -0.01923 0.06616)
(-0.01246 -0.00521 0.01700)
(0.00469 0.00209 -0.00665)
(-0.52501 0.54896 -0.35856)
(-0.56648 0.63360 -0.42288)
(-0.58771 0.69377 -0.46889)
(-0.61099 0.76047 -0.52256)
(-0.59525 0.80486 -0.56219)
(-0.59235 0.83424 -0.59891)
(-0.54040 0.84126 -0.63722)
(-0.52096 0.82021 -0.65847)
(-0.46981 0.79152 -0.70948)
(-0.45097 0.76898 -0.72575)
(-0.42351 0.71303 -0.75329)
(-0.41459 0.65828 -0.78257)
(-0.41762 0.60706 -0.80329)
(-0.42731 0.58887 -0.80277)
(-0.43880 0.54348 -0.80854)
(-0.51880 0.56295 -0.80355)
(-0.56614 0.58355 -0.79290)
(-0.57869 0.57640 -0.81149)
(-0.59637 0.58397 -0.79968)
(-0.64119 0.59880 -0.78839)
(-0.63692 0.58540 -0.78077)
(-0.61986 0.56468 -0.73617)
(-0.60837 0.54372 -0.72096)
(-0.54976 0.47237 -0.64434)
(-0.51592 0.41956 -0.59240)
(-0.49236 0.41056 -0.56155)
(-0.45878 0.34921 -0.48271)
(-0.37913 0.24629 -0.32162)
(-0.33810 0.18955 -0.24938)
(-0.28898 0.13933 -0.17021)
(-0.23876 0.06593 -0.05693)
(-0.16697 -0.00132 0.04858)
(-0.19563 0.03852 -0.00983)
(-0.13656 -0.02952 0.08862)
(-0.11507 -0.02943 0.08549)
(-0.01109 -0.00573 0.01461)
(0.00862 0.00520 -0.01277)
(-0.08456 -0.02275 0.06445)
(-0.30463 0.27916 -0.18205)
(-0.32749 0.30047 -0.19327)
(-0.35046 0.32226 -0.21032)
(-0.44537 0.44102 -0.28759)
(-0.52438 0.54274 -0.35667)
(-0.56685 0.58679 -0.39422)
(-0.54708 0.58785 -0.38791)
(-0.58963 0.66057 -0.44367)
(-0.61731 0.73385 -0.50185)
(-0.60931 0.78851 -0.55213)
(-0.59884 0.83097 -0.59540)
(-0.58331 0.83857 -0.60934)
(-0.52557 0.81817 -0.66103)
(-0.45811 0.77573 -0.71996)
(-0.44600 0.75818 -0.73048)
(-0.43663 0.68549 -0.76707)
(-0.40947 0.63130 -0.79356)
(-0.46064 0.60959 -0.79775)
(-0.45923 0.57186 -0.80229)
(-0.47562 0.60793 -0.79157)
(-0.54398 0.57713 -0.79296)
(-0.56360 0.58566 -0.79144)
(-0.58174 0.59100 -0.78937)
(-0.63680 0.60414 -0.77751)
(-0.64388 0.59844 -0.78268)
(-0.64495 0.60143 -0.78128)
(-0.63414 0.59296 -0.75697)
(-0.60794 0.54425 -0.70000)
(-0.59805 0.54784 -0.69512)
(-0.54136 0.48168 -0.62396)
(-0.48530 0.42170 -0.55004)
(-0.46969 0.38480 -0.51835)
(-0.35803 0.24004 -0.31018)
(-0.30727 0.16423 -0.21297)
(-0.28414 0.13813 -0.17444)
(-0.26565 0.11309 -0.13476)
(-0.16190 0.01718 -0.00352)
(-0.14417 -0.00581 0.03239)
(-0.11838 -0.03146 0.06731)
(-0.05761 -0.02743 0.05473)
(-0.00669 -0.00374 0.00753)
(-0.02593 -0.02211 0.03280)
(-0.00481 -0.00437 0.00652)
(-0.13925 0.14262 -0.11509)
(-0.14969 0.14962 -0.11889)
(-0.20304 0.19546 -0.14341)
(-0.30663 0.28067 -0.18744)
(-0.32644 0.29939 -0.19741)
(-0.32531 0.29796 -0.20129)
(-0.34864 0.32046 -0.21340)
(-0.46547 0.46122 -0.31145)
(-0.42396 0.39067 -0.26751)
(-0.51373 0.50542 -0.34768)
(-0.56166 0.56329 -0.38179)
(-0.63031 0.68853 -0.47403)
(-0.63941 0.70699 -0.48609)
(-0.61379 0.76605 -0.52988)
(-0.60438 0.82912 -0.59095)
(-0.59034 0.83489 -0.60368)
(-0.58230 0.83706 -0.61153)
(-0.55041 0.82495 -0.64098)
(-0.46456 0.78243 -0.71485)
(-0.45310 0.76635 -0.72472)
(-0.44603 0.72020 -0.75922)
(-0.42471 0.64841 -0.78587)
(-0.46948 0.62293 -0.79042)
(-0.47990 0.61693 -0.79120)
(-0.52182 0.59174 -0.79099)
(-0.56256 0.58800 -0.79085)
(-0.57974 0.59273 -0.78837)
(-0.57807 0.59463 -0.78800)
(-0.63198 0.60972 -0.76898)
(-0.63755 0.61783 -0.75438)
(-0.62252 0.60095 -0.74279)
(-0.61461 0.59256 -0.71720)
(-0.50376 0.44823 -0.57477)
(-0.48089 0.42314 -0.54978)
(-0.46417 0.39778 -0.52631)
(-0.36667 0.27277 -0.36083)
(-0.30078 0.16161 -0.21353)
(-0.27976 0.13711 -0.17779)
(-0.26198 0.11214 -0.13862)
(-0.21961 0.07520 -0.09408)
(-0.14867 0.00862 -0.00027)
(-0.09222 -0.04418 0.06574)
(-0.02181 -0.02013 0.02438)
(0.00436 0.00450 -0.00569)
(-0.00155 -0.00153 0.00188)
(-0.00313 0.02811 0.01949)
(-0.01560 0.04317 -0.01134)
(-0.01595 0.04191 -0.01600)
(-0.03208 0.05893 -0.04083)
(-0.04617 0.06860 -0.04061)
(-0.04937 0.07517 -0.05366)
(-0.08943 0.10500 -0.08390)
(-0.12763 0.13474 -0.11056)
(-0.13038 0.13767 -0.11481)
(-0.14202 0.14569 -0.11969)
(-0.15396 0.15388 -0.12458)
(-0.21804 0.20787 -0.16526)
(-0.29269 0.27007 -0.19677)
(-0.34309 0.30235 -0.22586)
(-0.43524 0.39489 -0.28478)
(-0.51991 0.49725 -0.35309)
(-0.57370 0.56623 -0.40995)
(-0.63002 0.67674 -0.46853)
(-0.63855 0.69815 -0.48086)
(-0.62964 0.74103 -0.50963)
(-0.62636 0.77911 -0.54369)
(-0.59691 0.83264 -0.59835)
(-0.58778 0.83505 -0.60720)
(-0.56014 0.81302 -0.65248)
(-0.50187 0.79847 -0.69169)
(-0.47944 0.76646 -0.72575)
(-0.46951 0.73272 -0.74983)
(-0.44251 0.67651 -0.76907)
(-0.47016 0.63108 -0.78998)
(-0.48344 0.62577 -0.79087)
(-0.51183 0.61265 -0.79110)
(-0.56141 0.60487 -0.78796)
(-0.57042 0.60291 -0.78604)
(-0.61207 0.61448 -0.77621)
(-0.64028 0.62568 -0.75724)
(-0.62300 0.61502 -0.73950)
(-0.62917 0.61127 -0.72820)
(-0.61177 0.60127 -0.70383)
(-0.58236 0.56388 -0.67686)
(-0.54245 0.49578 -0.61923)
(-0.48747 0.43750 -0.56225)
(-0.46305 0.40986 -0.53480)
(-0.45684 0.39573 -0.52257)
(-0.38390 0.31025 -0.42449)
(-0.29734 0.17000 -0.24371)
(-0.28884 0.21562 -0.27494)
(-0.24797 0.13127 -0.18521)
(-0.16779 0.07098 -0.08171)
(-0.14669 0.00925 -0.01773)
(-0.12176 -0.01811 0.02499)
(-0.11018 -0.02293 0.03019)
(-0.05834 -0.04382 0.05152)
(-0.01199 -0.01112 0.01310)
(-0.00013 0.00150 0.00187)
(-0.00005 0.00381 0.00411)
(-0.01218 0.03394 0.01105)
(-0.02171 0.04698 -0.00613)
(-0.03357 0.05412 0.00070)
(-0.04556 0.06516 -0.02476)
(-0.06004 0.07619 -0.04028)
(-0.07168 0.08547 -0.05042)
(-0.10140 0.10865 -0.07158)
(-0.10116 0.10879 -0.07286)
(-0.15008 0.15093 -0.12217)
(-0.20580 0.18513 -0.14901)
(-0.23013 0.20584 -0.17275)
(-0.29487 0.25939 -0.20649)
(-0.33756 0.29402 -0.23883)
(-0.43957 0.37982 -0.29498)
(-0.46690 0.40389 -0.31295)
(-0.52864 0.48768 -0.36669)
(-0.60005 0.56358 -0.42975)
(-0.63074 0.63785 -0.46630)
(-0.65381 0.65390 -0.50074)
(-0.65578 0.73690 -0.52467)
(-0.64015 0.75658 -0.56527)
(-0.61681 0.80989 -0.59768)
(-0.60489 0.80142 -0.62562)
(-0.59698 0.80121 -0.64243)
(-0.52950 0.81323 -0.68100)
(-0.51940 0.78008 -0.70347)
(-0.50425 0.73884 -0.74211)
(-0.47262 0.70069 -0.76201)
(-0.49319 0.67929 -0.77292)
(-0.49747 0.65216 -0.78727)
(-0.50710 0.61940 -0.79259)
(-0.54612 0.62224 -0.79081)
(-0.57960 0.62523 -0.79274)
(-0.60650 0.62148 -0.77718)
(-0.63973 0.63069 -0.76160)
(-0.60501 0.61004 -0.73299)
(-0.61535 0.61107 -0.72215)
(-0.56450 0.57841 -0.66795)
(-0.52216 0.52124 -0.61821)
(-0.45318 0.43838 -0.53955)
(-0.35893 0.31891 -0.40458)
(-0.37071 0.37557 -0.44374)
(-0.29061 0.23341 -0.33197)
(-0.24604 0.21397 -0.26266)
(-0.21220 0.14605 -0.16536)
(-0.16835 0.10243 -0.09821)
(-0.12749 0.02189 -0.01465)
(-0.10351 0.01145 -0.01173)
(-0.04798 -0.01087 0.02412)
(-0.02311 -0.00564 0.01268)
(-0.00848 -0.00222 0.00496)
(-0.00038 0.00144 0.00195)
(-0.01582 0.03482 0.01077)
(-0.03277 0.05210 0.00818)
(-0.05187 0.06467 0.00611)
(-0.05427 0.06669 0.00252)
(-0.05902 0.07071 -0.00430)
(-0.07447 0.08704 -0.04872)
(-0.07313 0.08193 -0.01810)
(-0.11114 0.11375 -0.06925)
(-0.13139 0.13141 -0.09085)
(-0.17583 0.15733 -0.11732)
(-0.21592 0.18649 -0.13131)
(-0.26622 0.22771 -0.17984)
(-0.31295 0.27326 -0.22168)
(-0.36477 0.30851 -0.24184)
(-0.43581 0.36908 -0.30200)
(-0.53272 0.44063 -0.35096)
(-0.57350 0.48941 -0.39734)
(-0.61685 0.58947 -0.45001)
(-0.66656 0.64417 -0.53287)
(-0.66520 0.69794 -0.53998)
(-0.65652 0.72286 -0.55924)
(-0.64742 0.78399 -0.58988)
(-0.66472 0.74836 -0.58687)
(-0.62863 0.79329 -0.61461)
(-0.61243 0.78559 -0.64431)
(-0.53717 0.80894 -0.67997)
(-0.54294 0.77811 -0.69824)
(-0.54084 0.72250 -0.74275)
(-0.50325 0.70974 -0.75892)
(-0.53985 0.70988 -0.75117)
(-0.50366 0.68631 -0.77081)
(-0.51906 0.66689 -0.78182)
(-0.52204 0.64649 -0.79227)
(-0.52540 0.63966 -0.79360)
(-0.55617 0.63634 -0.79246)
(-0.58005 0.63304 -0.79134)
(-0.56550 0.62005 -0.77462)
(-0.59181 0.62108 -0.78160)
(-0.59417 0.62133 -0.75785)
(-0.60587 0.62250 -0.73885)
(-0.58726 0.60304 -0.71125)
(-0.57388 0.60194 -0.71369)
(-0.53911 0.57866 -0.66789)
(-0.52255 0.56778 -0.64147)
(-0.46025 0.48888 -0.55865)
(-0.36631 0.40062 -0.45299)
(-0.29526 0.27292 -0.33699)
(-0.31187 0.35008 -0.39053)
(-0.24956 0.24595 -0.28327)
(-0.13720 0.16552 -0.14452)
(-0.15904 0.14100 -0.13730)
(-0.11278 0.12588 -0.09895)
(-0.09849 0.03368 -0.03122)
(-0.08820 0.02543 -0.02196)
(-0.10613 0.12096 -0.09234)
(-0.06635 0.01876 -0.01490)
(-0.00726 -0.00051 0.00510)
(-0.00019 0.00048 0.00064)
(-0.02310 0.03432 0.01184)
(-0.04205 0.05096 0.00804)
(-0.06020 0.07094 0.00205)
(-0.06714 0.07664 -0.00855)
(-0.06875 0.07694 -0.00311)
(-0.07514 0.08201 -0.01205)
(-0.12000 0.12045 -0.06350)
(-0.20016 0.17584 -0.11761)
(-0.22250 0.19005 -0.12285)
(-0.28124 0.23826 -0.17926)
(-0.35004 0.28468 -0.20729)
(-0.37373 0.30532 -0.22575)
(-0.45038 0.37261 -0.29757)
(-0.55770 0.45191 -0.36605)
(-0.57407 0.47181 -0.38243)
(-0.59282 0.48696 -0.39640)
(-0.62515 0.58158 -0.45736)
(-0.67305 0.63654 -0.53693)
(-0.67162 0.65660 -0.54544)
(-0.67302 0.67771 -0.56145)
(-0.66963 0.71041 -0.60489)
(-0.65375 0.73595 -0.62361)
(-0.63304 0.73330 -0.65929)
(-0.59926 0.76823 -0.67405)
(-0.58165 0.74484 -0.69381)
(-0.55158 0.71701 -0.74323)
(-0.55119 0.70796 -0.74892)
(-0.54004 0.70262 -0.75715)
(-0.54065 0.67517 -0.77439)
(-0.52223 0.65269 -0.78969)
(-0.53554 0.63965 -0.79569)
(-0.55421 0.63206 -0.78475)
(-0.56696 0.63435 -0.77403)
(-0.55962 0.61797 -0.74809)
(-0.55634 0.61539 -0.74020)
(-0.55531 0.60195 -0.71553)
(-0.53311 0.57962 -0.66608)
(-0.51686 0.56953 -0.65040)
(-0.43982 0.49733 -0.55223)
(-0.44420 0.50652 -0.57051)
(-0.40597 0.45237 -0.50635)
(-0.25818 0.35856 -0.34623)
(-0.25997 0.29494 -0.31130)
(-0.23929 0.34100 -0.32002)
(-0.16362 0.20834 -0.18902)
(-0.11686 0.16510 -0.12728)
(-0.10701 0.14072 -0.10685)
(-0.07965 0.06380 -0.04653)
(-0.05644 0.03289 -0.02696)
(-0.08864 0.12371 -0.08972)
(-0.01078 0.00596 -0.00062)
(-0.00206 0.00118 -0.00009)
(0.00028 -0.00070 -0.00114)
(-0.01861 0.02323 0.00765)
(-0.03047 0.03700 0.01436)
(-0.06292 0.07255 0.00628)
(-0.07321 0.07920 -0.00076)
(-0.14010 0.13464 -0.05066)
(-0.18351 0.16323 -0.08663)
(-0.21194 0.18066 -0.09954)
(-0.34911 0.28336 -0.19267)
(-0.36854 0.29491 -0.19881)
(-0.38612 0.30744 -0.21241)
(-0.44737 0.35521 -0.28118)
(-0.56618 0.45214 -0.36325)
(-0.57917 0.46873 -0.38050)
(-0.59682 0.48300 -0.39439)
(-0.66294 0.58084 -0.48289)
(-0.67661 0.64375 -0.54823)
(-0.68026 0.63760 -0.56867)
(-0.69006 0.66054 -0.60520)
(-0.66311 0.70340 -0.62724)
(-0.64989 0.68955 -0.66160)
(-0.62427 0.72450 -0.68045)
(-0.61968 0.72104 -0.68848)
(-0.60012 0.70012 -0.72556)
(-0.56120 0.69984 -0.74784)
(-0.54989 0.70086 -0.75410)
(-0.53926 0.66910 -0.76460)
(-0.54416 0.66365 -0.77204)
(-0.52510 0.64057 -0.77985)
(-0.53569 0.64628 -0.77207)
(-0.54198 0.64004 -0.77723)
(-0.54743 0.62817 -0.77142)
(-0.53567 0.61198 -0.74614)
(-0.54744 0.61495 -0.74767)
(-0.54245 0.61107 -0.73836)
(-0.53417 0.60585 -0.72651)
(-0.49168 0.57561 -0.65951)
(-0.52313 0.57746 -0.66224)
(-0.50872 0.56882 -0.64655)
(-0.42752 0.51808 -0.56697)
(-0.38695 0.47384 -0.49910)
(-0.37766 0.47519 -0.48950)
(-0.25686 0.36991 -0.34731)
(-0.23705 0.35232 -0.32062)
(-0.20267 0.29262 -0.25777)
(-0.21886 0.33801 -0.29696)
(-0.11652 0.18094 -0.13390)
(-0.10643 0.15811 -0.11695)
(-0.10563 0.17450 -0.12392)
(-0.07698 0.12654 -0.08858)
(-0.04039 0.05875 -0.04050)
(-0.00347 0.00683 -0.00324)
(0.00133 -0.00381 0.00177)
(0.00260 -0.00419 -0.00469)
(-0.00087 0.00162 0.00167)
(-0.01832 0.02567 0.01555)
(-0.06244 0.07392 0.01855)
(-0.09527 0.09798 0.00431)
(-0.13412 0.12688 -0.03203)
(-0.16551 0.14500 -0.04488)
(-0.19210 0.16273 -0.06678)
(-0.25991 0.21126 -0.11030)
(-0.34588 0.27884 -0.18174)
(-0.36569 0.29179 -0.18930)
(-0.38851 0.30725 -0.20542)
(-0.43333 0.33554 -0.21595)
(-0.45198 0.34969 -0.27028)
(-0.49949 0.38134 -0.28979)
(-0.58314 0.46556 -0.37386)
(-0.59885 0.47849 -0.38676)
(-0.64199 0.51683 -0.42627)
(-0.67849 0.55702 -0.49016)
(-0.68801 0.61325 -0.54867)
(-0.69252 0.58144 -0.51195)
(-0.69884 0.62487 -0.58394)
(-0.69073 0.64521 -0.59293)
(-0.67902 0.65834 -0.62258)
(-0.66730 0.64659 -0.65351)
(-0.63241 0.70811 -0.68366)
(-0.62757 0.70558 -0.69042)
(-0.61484 0.68410 -0.71583)
(-0.59441 0.65332 -0.73342)
(-0.55888 0.69491 -0.75171)
(-0.59052 0.64364 -0.74300)
(-0.55549 0.66965 -0.75830)
(-0.55728 0.65730 -0.76661)
(-0.54630 0.63837 -0.76715)
(-0.53732 0.63890 -0.77381)
(-0.53223 0.63439 -0.77195)
(-0.50665 0.60368 -0.74417)
(-0.49021 0.59020 -0.72441)
(-0.53030 0.60759 -0.73622)
(-0.52050 0.60067 -0.72197)
(-0.44168 0.55120 -0.63214)
(-0.44655 0.54366 -0.61320)
(-0.39806 0.50825 -0.54345)
(-0.35745 0.48136 -0.48862)
(-0.27185 0.40514 -0.37636)
(-0.25895 0.41945 -0.37087)
(-0.23580 0.36031 -0.32159)
(-0.21656 0.34400 -0.29683)
(-0.12779 0.27170 -0.18446)
(-0.12998 0.24532 -0.17662)
(-0.09073 0.21310 -0.13379)
(-0.09060 0.16421 -0.11141)
(-0.01707 0.04624 -0.02532)
(-0.01015 0.05725 -0.02875)
(-0.00009 0.00068 -0.00034)
(0.00377 -0.00715 -0.00753)
(-0.03712 0.04926 0.02074)
(-0.07131 0.08043 0.02212)
(0.00273 -0.00624 -0.00792)
(-0.00458 0.00906 0.01027)
(-0.07997 0.09024 0.02031)
(-0.09446 0.09711 0.00922)
(-0.10956 0.10658 -0.00480)
(-0.11013 0.11230 0.00067)
(-0.18687 0.16211 -0.05834)
(-0.24875 0.20240 -0.09080)
(-0.29458 0.23673 -0.13225)
(-0.24861 0.20659 -0.08619)
(-0.29128 0.23742 -0.12360)
(-0.38644 0.30568 -0.19685)
(-0.41109 0.31326 -0.18567)
(-0.49114 0.37544 -0.26137)
(-0.54386 0.42568 -0.31443)
(-0.55004 0.42152 -0.28009)
(-0.59333 0.46913 -0.34735)
(-0.61577 0.49138 -0.38570)
(-0.67306 0.54755 -0.47235)
(-0.69285 0.56018 -0.50390)
(-0.68446 0.58404 -0.53020)
(-0.66730 0.59199 -0.55374)
(-0.68223 0.63979 -0.61089)
(-0.66178 0.62447 -0.64590)
(-0.64385 0.68132 -0.68425)
(-0.62963 0.67505 -0.68374)
(-0.62380 0.66002 -0.71070)
(-0.61786 0.61495 -0.72909)
(-0.61290 0.61209 -0.73155)
(-0.57804 0.63729 -0.74531)
(-0.56153 0.64099 -0.75388)
(-0.53671 0.60913 -0.75001)
(-0.51712 0.60876 -0.75260)
(-0.53100 0.63036 -0.76645)
(-0.52800 0.63212 -0.77209)
(-0.48811 0.59548 -0.73455)
(-0.47341 0.58373 -0.72608)
(-0.42303 0.54679 -0.67253)
(-0.47182 0.57930 -0.70455)
(-0.42601 0.54682 -0.63995)
(-0.36711 0.51118 -0.56846)
(-0.35314 0.49492 -0.53407)
(-0.36160 0.49129 -0.52279)
(-0.32491 0.46612 -0.44952)
(-0.31542 0.46311 -0.45760)
(-0.25609 0.41722 -0.37254)
(-0.23754 0.38368 -0.32852)
(-0.22618 0.39310 -0.33354)
(-0.18226 0.35585 -0.26815)
(-0.21605 0.34916 -0.29853)
(-0.15353 0.30116 -0.22062)
(-0.09843 0.24969 -0.15526)
(-0.05738 0.23041 -0.11270)
(-0.05658 0.20405 -0.10246)
(-0.01178 0.06991 -0.03214)
(0.00046 -0.00454 0.00221)
(-0.00095 0.00726 -0.00327)
(-0.00365 0.00537 0.00388)
(-0.03814 0.04606 0.02431)
(-0.04639 0.05924 0.02543)
(-0.07891 0.09292 0.03075)
(-0.09254 0.10245 0.02294)
(-0.21390 0.18456 -0.06685)
(-0.20847 0.17649 -0.04628)
(-0.29320 0.23746 -0.09627)
(-0.31587 0.24380 -0.10521)
(-0.44777 0.34812 -0.20255)
(-0.47945 0.37288 -0.21940)
(-0.55179 0.42983 -0.29629)
(-0.54550 0.43870 -0.30024)
(-0.62836 0.50816 -0.40037)
(-0.61289 0.50384 -0.40916)
(-0.66759 0.55283 -0.50131)
(-0.65128 0.55059 -0.55248)
(-0.65098 0.55567 -0.57497)
(-0.64704 0.55340 -0.58214)
(-0.65887 0.62153 -0.65313)
(-0.64938 0.56229 -0.62522)
(-0.63985 0.60259 -0.69091)
(-0.62658 0.61246 -0.69765)
(-0.61931 0.59720 -0.70985)
(-0.59685 0.58143 -0.70484)
(-0.58313 0.56768 -0.71301)
(-0.58712 0.61569 -0.73420)
(-0.55945 0.58594 -0.73509)
(-0.54822 0.58833 -0.74008)
(-0.52651 0.57922 -0.73239)
(-0.48875 0.57227 -0.73281)
(-0.49216 0.58566 -0.74275)
(-0.48193 0.58053 -0.73481)
(-0.45336 0.56181 -0.70324)
(-0.42687 0.55392 -0.67873)
(-0.37658 0.51026 -0.62227)
(-0.41411 0.53327 -0.63894)
(-0.37113 0.50374 -0.57743)
(-0.34953 0.48868 -0.54176)
(-0.28393 0.43902 -0.43540)
(-0.22197 0.39222 -0.36226)
(-0.25316 0.41693 -0.38427)
(-0.22250 0.38995 -0.33188)
(-0.17483 0.35606 -0.26680)
(-0.13261 0.32253 -0.19832)
(-0.08576 0.25535 -0.14319)
(-0.10459 0.27796 -0.16068)
(-0.05810 0.23182 -0.11321)
(-0.05379 0.22593 -0.10885)
(-0.03347 0.15822 -0.07387)
(-0.00714 0.05985 -0.02618)
(-0.00004 -0.00348 0.00121)
(0.00188 -0.01638 0.00730)
(-0.00479 0.00660 0.00341)
(-0.02258 0.03010 0.01443)
(-0.03151 0.04158 0.01791)
(-0.07647 0.09313 0.03176)
(-0.09017 0.10327 0.02458)
(-0.15029 0.14407 -0.01046)
(-0.08299 0.09886 0.02833)
(-0.18130 0.16799 -0.02557)
(-0.24113 0.20154 -0.06194)
(-0.29027 0.22837 -0.08954)
(-0.26711 0.22171 -0.07641)
(-0.29890 0.23528 -0.09303)
(-0.37625 0.29613 -0.14065)
(-0.41019 0.33255 -0.17546)
(-0.49111 0.39499 -0.23619)
(-0.52761 0.43719 -0.29023)
(-0.55093 0.45555 -0.32153)
(-0.55101 0.45840 -0.32957)
(-0.61489 0.50902 -0.43520)
(-0.64147 0.54251 -0.53748)
(-0.64485 0.54803 -0.55776)
(-0.63940 0.54503 -0.56310)
(-0.63790 0.54495 -0.57726)
(-0.63784 0.56630 -0.67363)
(-0.62629 0.56489 -0.68772)
(-0.60196 0.54003 -0.67917)
(-0.59115 0.53068 -0.67734)
(-0.58143 0.53733 -0.69019)
(-0.54993 0.54244 -0.70501)
(-0.54226 0.54151 -0.70513)
(-0.53566 0.54025 -0.70512)
(-0.49326 0.55522 -0.71741)
(-0.47942 0.56445 -0.72775)
(-0.44790 0.54999 -0.70506)
(-0.39636 0.50932 -0.64816)
(-0.37325 0.49744 -0.61815)
(-0.30597 0.43737 -0.52971)
(-0.33412 0.47023 -0.56158)
(-0.29473 0.42774 -0.51228)
(-0.29264 0.43062 -0.49638)
(-0.26417 0.42841 -0.43479)
(-0.22068 0.38972 -0.36726)
(-0.20874 0.37993 -0.34629)
(-0.20909 0.38186 -0.33981)
(-0.19643 0.37024 -0.32530)
(-0.17721 0.35300 -0.28515)
(-0.13872 0.31740 -0.20956)
(-0.10571 0.27431 -0.16904)
(-0.10734 0.28658 -0.16401)
(-0.09283 0.27764 -0.14863)
(-0.05063 0.22351 -0.10420)
(-0.03039 0.16193 -0.07343)
(-0.01492 0.10627 -0.04268)
(0.00059 0.01425 -0.00481)
(-0.00160 -0.00715 0.00159)
(-0.00774 0.01072 0.00515)
(-0.00683 0.00965 0.00446)
(-0.04850 0.06287 0.02393)
(-0.07803 0.09797 0.03117)
(-0.16800 0.15975 -0.01882)
(-0.15847 0.16424 -0.01478)
(-0.17298 0.17305 -0.02246)
(-0.23373 0.21425 -0.05536)
(-0.31826 0.27700 -0.11077)
(-0.30600 0.28261 -0.09625)
(-0.42399 0.35962 -0.19060)
(-0.46569 0.39600 -0.24418)
(-0.52574 0.43976 -0.29830)
(-0.52620 0.44283 -0.30660)
(-0.55033 0.45987 -0.33517)
(-0.55764 0.47249 -0.39672)
(-0.63456 0.53870 -0.53860)
(-0.62807 0.53474 -0.54095)
(-0.59903 0.51227 -0.54208)
(-0.60768 0.52413 -0.61040)
(-0.60103 0.52305 -0.64090)
(-0.57035 0.48825 -0.62683)
(-0.56546 0.48588 -0.62857)
(-0.56057 0.48226 -0.62879)
(-0.54669 0.52965 -0.69644)
(-0.53356 0.49821 -0.65448)
(-0.53922 0.52773 -0.69618)
(-0.53188 0.52635 -0.69709)
(-0.48473 0.51690 -0.68775)
(-0.44920 0.48486 -0.65183)
(-0.44547 0.49946 -0.66520)
(-0.46948 0.55734 -0.72251)
(-0.40722 0.50133 -0.66277)
(-0.38327 0.45155 -0.61162)
(-0.38367 0.49281 -0.63417)
(-0.30466 0.43244 -0.53196)
(-0.29349 0.42259 -0.51412)
(-0.28257 0.41398 -0.49736)
(-0.25559 0.39336 -0.45566)
(-0.21823 0.38640 -0.36988)
(-0.20830 0.37768 -0.35248)
(-0.20611 0.36263 -0.35897)
(-0.19731 0.36910 -0.33298)
(-0.13338 0.30570 -0.21874)
(-0.15641 0.32274 -0.26954)
(-0.11686 0.28038 -0.19735)
(-0.08790 0.24689 -0.14713)
(-0.10183 0.26620 -0.17541)
(-0.04361 0.19155 -0.09455)
(-0.03685 0.18031 -0.08369)
(-0.00444 0.06418 -0.02454)
(-0.01087 0.05995 -0.02664)
(-0.00055 0.01047 -0.00389)
(-0.03863 0.05173 0.01982)
(-0.00904 0.01290 0.00568)
(-0.02666 0.04764 0.02279)
(-0.10305 0.12486 0.01603)
(-0.13443 0.15389 0.00196)
(-0.17591 0.18105 -0.01986)
(-0.21408 0.21308 -0.04129)
(-0.27608 0.26321 -0.08020)
(-0.27958 0.26737 -0.08255)
(-0.33470 0.30290 -0.12312)
(-0.35703 0.32527 -0.15222)
(-0.49847 0.42455 -0.27924)
(-0.52212 0.44742 -0.32578)
(-0.55965 0.48093 -0.44119)
(-0.51607 0.45460 -0.41047)
(-0.55436 0.47310 -0.47528)
(-0.59490 0.50683 -0.58246)
(-0.58771 0.50195 -0.58901)
(-0.56105 0.47374 -0.60473)
(-0.55670 0.47387 -0.61249)
(-0.55140 0.46965 -0.61363)
(-0.52311 0.46105 -0.62208)
(-0.53376 0.51198 -0.68417)
(-0.48798 0.43719 -0.58922)
(-0.49070 0.44887 -0.61246)
(-0.52703 0.51141 -0.68643)
(-0.48615 0.47218 -0.65011)
(-0.45407 0.46031 -0.64510)
(-0.42705 0.44639 -0.62804)
(-0.39683 0.43672 -0.60512)
(-0.35916 0.42040 -0.57761)
(-0.36455 0.44917 -0.59697)
(-0.33602 0.41504 -0.55745)
(-0.31506 0.42361 -0.55140)
(-0.29313 0.41756 -0.51699)
(-0.28235 0.40608 -0.50077)
(-0.27149 0.39558 -0.48505)
(-0.27044 0.40011 -0.48198)
(-0.22685 0.36263 -0.41769)
(-0.18040 0.32035 -0.32710)
(-0.19737 0.36648 -0.34014)
(-0.15379 0.30469 -0.28171)
(-0.14802 0.29713 -0.25723)
(-0.12166 0.28174 -0.20796)
(-0.08875 0.25005 -0.17720)
(-0.06504 0.22038 -0.12328)
(-0.03289 0.15332 -0.07388)
(-0.03489 0.13885 -0.07202)
(-0.02431 0.11695 -0.05567)
(-0.00589 0.03080 -0.01423)
(-0.00180 0.01051 -0.00459)
(-0.00026 0.00058 0.00034)
(-0.00751 0.01587 0.00900)
(-0.00252 0.00400 0.00134)
(-0.05663 0.08040 0.02125)
(-0.17677 0.18755 -0.02183)
(-0.04406 0.06832 0.01446)
(-0.11423 0.14725 0.00973)
(-0.16866 0.18673 -0.02183)
(-0.25920 0.25477 -0.07201)
(-0.22507 0.22827 -0.05533)
(-0.26311 0.25184 -0.07337)
(-0.26199 0.25736 -0.08892)
(-0.35120 0.32558 -0.15732)
(-0.35430 0.33499 -0.17244)
(-0.40980 0.37394 -0.23466)
(-0.41151 0.37481 -0.24840)
(-0.49288 0.43174 -0.34895)
(-0.49647 0.43335 -0.35170)
(-0.47990 0.42028 -0.37468)
(-0.54031 0.46308 -0.50039)
(-0.48419 0.42336 -0.41495)
(-0.53197 0.45842 -0.52424)
(-0.52941 0.44516 -0.53624)
(-0.50184 0.42850 -0.52186)
(-0.51557 0.43174 -0.55552)
(-0.48596 0.40843 -0.53404)
(-0.45462 0.37709 -0.51222)
(-0.43880 0.36536 -0.50962)
(-0.41870 0.36481 -0.50555)
(-0.44234 0.40063 -0.56188)
(-0.42909 0.41576 -0.60419)
(-0.41311 0.36723 -0.51268)
(-0.41553 0.40859 -0.61349)
(-0.39287 0.40395 -0.57805)
(-0.34617 0.38420 -0.54035)
(-0.34103 0.40015 -0.55340)
(-0.28127 0.35527 -0.48297)
(-0.27137 0.34755 -0.47021)
(-0.24815 0.35194 -0.44915)
(-0.20460 0.31335 -0.39395)
(-0.19902 0.31959 -0.37712)
(-0.16767 0.29517 -0.33141)
(-0.14545 0.27541 -0.31219)
(-0.14725 0.28287 -0.29128)
(-0.11681 0.26006 -0.23941)
(-0.09775 0.23495 -0.20663)
(-0.08989 0.23494 -0.17607)
(-0.06677 0.22057 -0.14527)
(-0.04357 0.13543 -0.09673)
(-0.03773 0.13933 -0.09019)
(-0.00897 0.03598 -0.02328)
(-0.00484 0.02638 -0.01358)
(0.00838 -0.01712 -0.00744)
(-0.00106 0.00193 0.00071)
(-0.08208 0.11024 0.00882)
(0.00066 -0.00130 -0.00041)
(-0.01620 0.03006 0.00866)
(-0.07938 0.11843 0.01768)
(-0.10290 0.14104 0.01151)
(-0.16956 0.19454 -0.02916)
(-0.09787 0.13894 0.01199)
(-0.10778 0.14644 0.00666)
(-0.22760 0.24197 -0.07610)
(-0.25877 0.27371 -0.11357)
(-0.32515 0.32302 -0.16712)
(-0.31204 0.31188 -0.17618)
(-0.41178 0.38010 -0.28540)
(-0.37911 0.35664 -0.25826)
(-0.38148 0.35467 -0.28312)
(-0.36695 0.33829 -0.27999)
(-0.43920 0.38810 -0.38347)
(-0.36431 0.33433 -0.28475)
(-0.47256 0.40280 -0.45279)
(-0.46136 0.39144 -0.45640)
(-0.42894 0.35599 -0.42171)
(-0.43402 0.35926 -0.44618)
(-0.41847 0.34391 -0.44586)
(-0.42454 0.34233 -0.47776)
(-0.39198 0.31473 -0.44091)
(-0.36215 0.29101 -0.41706)
(-0.30855 0.24197 -0.35417)
(-0.39602 0.37679 -0.54902)
(-0.36467 0.35253 -0.52091)
(-0.31027 0.26462 -0.38661)
(-0.30527 0.27872 -0.42818)
(-0.31503 0.32069 -0.46738)
(-0.28464 0.29771 -0.42946)
(-0.26100 0.25858 -0.38707)
(-0.25185 0.25679 -0.38180)
(-0.25504 0.28114 -0.41018)
(-0.26909 0.33775 -0.46303)
(-0.24659 0.29392 -0.42463)
(-0.21613 0.29007 -0.39603)
(-0.20389 0.29930 -0.39563)
(-0.18192 0.25768 -0.34816)
(-0.16710 0.24830 -0.31783)
(-0.14219 0.25436 -0.29369)
(-0.14352 0.26927 -0.30399)
(-0.11006 0.21804 -0.24127)
(-0.10550 0.23271 -0.23702)
(-0.05811 0.16677 -0.14564)
(-0.04269 0.11489 -0.11456)
(-0.02278 0.06794 -0.06313)
(-0.01452 0.04777 -0.03803)
(-0.00480 0.01743 -0.01263)
(0.00083 -0.00409 0.00234)
(0.00347 -0.01435 0.01064)
(0.00227 -0.01131 0.00646)
(0.00765 -0.01533 -0.00509)
(-0.00390 0.00657 0.00159)
(-0.03883 0.06159 0.01208)
(0.00896 -0.01695 -0.00532)
(-0.02466 0.03969 0.00775)
(-0.07144 0.10704 0.01440)
(-0.12009 0.16432 -0.00771)
(-0.06587 0.09876 0.01195)
(-0.08894 0.12939 0.01179)
(-0.15906 0.19522 -0.04628)
(-0.18869 0.22011 -0.06927)
(-0.22097 0.24422 -0.10110)
(-0.29262 0.30055 -0.17071)
(-0.23426 0.25648 -0.12526)
(-0.29795 0.30543 -0.20453)
(-0.34098 0.32106 -0.25060)
(-0.33955 0.31798 -0.25315)
(-0.33947 0.31517 -0.25607)
(-0.36376 0.33097 -0.28864)
(-0.42139 0.36295 -0.38528)
(-0.39140 0.33087 -0.36120)
(-0.40260 0.33637 -0.38779)
(-0.38831 0.31088 -0.37103)
(-0.34619 0.27470 -0.34721)
(-0.32840 0.25656 -0.33276)
(-0.29294 0.22029 -0.31033)
(-0.26699 0.19612 -0.27749)
(-0.26433 0.19625 -0.28157)
(-0.26840 0.21786 -0.31204)
(-0.25432 0.24362 -0.36552)
(-0.24723 0.24224 -0.36152)
(-0.23507 0.22799 -0.33944)
(-0.23553 0.23703 -0.35258)
(-0.22457 0.24001 -0.35763)
(-0.17989 0.21073 -0.30628)
(-0.16164 0.18162 -0.26199)
(-0.15998 0.20242 -0.28863)
(-0.16013 0.22474 -0.30443)
(-0.13382 0.17839 -0.24147)
(-0.12213 0.18020 -0.23803)
(-0.11501 0.18532 -0.22808)
(-0.11388 0.20280 -0.24017)
(-0.06541 0.12975 -0.15347)
(-0.02202 0.05767 -0.06001)
(-0.00994 0.02800 -0.02774)
(0.00030 -0.00091 0.00085)
(0.00363 -0.01046 0.01036)
(0.00441 -0.01361 0.01276)
(0.00019 -0.00032 -0.00008)
(0.00206 -0.00381 -0.00110)
(-0.01558 0.02531 0.00496)
(-0.07284 0.10971 0.00331)
(-0.01665 0.03648 0.00806)
(-0.11784 0.16397 -0.02965)
(-0.16205 0.19544 -0.05350)
(-0.19552 0.22930 -0.09032)
(-0.14387 0.18760 -0.04672)
(-0.19343 0.22693 -0.09025)
(-0.20396 0.23482 -0.09942)
(-0.20862 0.23750 -0.10340)
(-0.24407 0.24938 -0.14463)
(-0.31257 0.29969 -0.22061)
(-0.31441 0.29858 -0.22406)
(-0.31409 0.29530 -0.22385)
(-0.33844 0.31118 -0.25639)
(-0.32938 0.28543 -0.26683)
(-0.30365 0.25664 -0.24883)
(-0.30897 0.25380 -0.26739)
(-0.28070 0.22066 -0.23653)
(-0.27971 0.21086 -0.25211)
(-0.27782 0.20920 -0.25571)
(-0.25128 0.17808 -0.24368)
(-0.24858 0.17714 -0.24656)
(-0.23135 0.15930 -0.21896)
(-0.23804 0.16696 -0.23474)
(-0.22934 0.17351 -0.25220)
(-0.23940 0.22585 -0.33729)
(-0.19465 0.14295 -0.21164)
(-0.22478 0.20825 -0.30969)
(-0.22325 0.21433 -0.31829)
(-0.18066 0.17144 -0.24896)
(-0.15282 0.15515 -0.22886)
(-0.15206 0.16904 -0.24235)
(-0.14586 0.16090 -0.22985)
(-0.09974 0.11440 -0.16829)
(-0.09977 0.12166 -0.17466)
(-0.08917 0.10801 -0.15493)
(-0.05100 0.06123 -0.08788)
(-0.02585 0.03269 -0.04609)
(-0.01071 0.02259 -0.02639)
(-0.00054 0.00147 -0.00152)
(0.00367 -0.00891 0.00979)
(0.00396 -0.01075 0.01115)
(-0.00353 0.00815 0.00208)
(-0.01111 0.02221 0.00271)
(-0.03275 0.06276 0.00561)
(-0.01261 0.02452 0.00210)
(-0.08627 0.11593 -0.02456)
(-0.15587 0.18914 -0.06633)
(-0.05385 0.07001 -0.01713)
(-0.10163 0.12303 -0.04260)
(-0.18235 0.21691 -0.08133)
(-0.18934 0.22231 -0.08534)
(-0.21606 0.23307 -0.11133)
(-0.18919 0.20984 -0.07698)
(-0.24142 0.24616 -0.13638)
(-0.29870 0.28732 -0.20464)
(-0.21689 0.22710 -0.12272)
(-0.19816 0.20895 -0.11222)
(-0.25371 0.23437 -0.16613)
(-0.26599 0.23648 -0.19092)
(-0.20165 0.18944 -0.11495)
(-0.22139 0.18638 -0.14563)
(-0.21504 0.16400 -0.13846)
(-0.20225 0.15507 -0.12221)
(-0.20024 0.14812 -0.12225)
(-0.20721 0.14947 -0.13481)
(-0.22010 0.15862 -0.16000)
(-0.22895 0.16113 -0.19571)
(-0.17230 0.11118 -0.10449)
(-0.22422 0.15172 -0.20259)
(-0.21636 0.14384 -0.19500)
(-0.18548 0.11368 -0.15027)
(-0.15815 0.09194 -0.13478)
(-0.16520 0.12392 -0.19047)
(-0.11742 0.05488 -0.08428)
(-0.11230 0.06589 -0.09711)
(-0.13886 0.09794 -0.14837)
(-0.13586 0.09703 -0.15313)
(-0.09540 0.06530 -0.10432)
(-0.07376 0.06294 -0.09381)
(-0.08629 0.09256 -0.13357)
(-0.06976 0.07885 -0.11553)
(-0.02292 0.02307 -0.03244)
(-0.01961 0.02162 -0.03162)
(-0.01408 0.01664 -0.02394)
(0.00270 -0.00335 0.00476)
(-0.00239 0.00473 0.00048)
(-0.00871 0.01528 0.00015)
(-0.01351 0.01943 -0.00309)
(-0.00620 0.00939 -0.00101)
(-0.01715 0.02333 -0.00219)
(-0.10860 0.12617 -0.03665)
(-0.13969 0.16067 -0.05729)
(-0.02937 0.03874 -0.00125)
(-0.06035 0.07550 -0.01594)
(-0.11159 0.12516 -0.05350)
(-0.14758 0.16986 -0.07396)
(-0.08936 0.10487 -0.04306)
(-0.15137 0.16524 -0.07259)
(-0.17440 0.17211 -0.07226)
(-0.11362 0.13019 -0.04882)
(-0.13712 0.12895 -0.04185)
(-0.16015 0.13562 -0.08993)
(-0.17188 0.12847 -0.09811)
(-0.10501 0.08195 -0.04870)
(-0.10133 0.06786 -0.04047)
(-0.11337 0.07353 -0.05972)
(-0.09293 0.05744 -0.04168)
(-0.05387 0.01338 0.00192)
(-0.14374 0.08366 -0.10043)
(-0.10047 0.04673 -0.04501)
(-0.04038 0.00901 -0.00532)
(-0.08297 0.02400 -0.02147)
(-0.04852 -0.00257 0.00776)
(-0.06606 0.02407 -0.03682)
(-0.01655 -0.00037 0.00163)
(-0.02082 0.00211 -0.00261)
(-0.01684 0.00798 -0.01163)
(-0.02769 0.01411 -0.02316)
(0.00098 -0.00048 0.00070)
(-0.00558 0.00391 -0.00593)
(-0.00319 0.00266 -0.00397)
(0.01713 -0.02457 0.00106)
(0.01779 -0.02372 0.00037)
(-0.01523 0.02174 -0.00120)
(0.01319 -0.01916 0.00080)
(0.00430 -0.00645 0.00014)
(-0.04703 0.05604 -0.02211)
(-0.02704 0.04073 -0.00545)
(0.00021 -0.00055 -0.00013)
(0.00022 -0.00044 -0.00005)
(-0.03231 0.04207 -0.00971)
(-0.05465 0.06326 -0.01448)
(-0.00577 0.01040 0.00182)
(-0.00442 0.01552 0.00791)
(-0.00808 0.02211 0.01411)
(-0.00097 0.00678 0.00555)
(-0.01186 0.00973 0.00719)
(-0.00962 -0.00168 0.01474)
(-0.03060 0.00547 0.00495)
(-0.00059 -0.00063 0.00244)
(-0.00367 0.00021 0.00183)
(0.00031 0.00026 -0.00047)
(-0.02428 0.00446 -0.00170)
(-0.01193 -0.00043 0.00156)
(0.00367 0.00185 -0.00222)
(0.00379 -0.00026 -0.00050)
(0.00649 -0.00084 -0.00079)
(0.00875 -0.00292 0.00411)
(-0.00025 0.00180 0.00109)
(-0.00013 0.00234 0.00207)
(0.00036 0.00048 0.00262)
(-0.00024 0.00072 -0.00174)
)