/*--------------------------------*- C++ -*----------------------------------*\ 
| =========                 |                                                 | 
| \\      /  F ield         | OpenFOAM: The Open Source CFD Toolbox           | 
|  \\    /   O peration     | Version:  4.0                                   | 
|   \\  /    A nd           | Web:      www.OpenFOAM.org                      | 
|    \\/     M anipulation  |                                                 | 
\*---------------------------------------------------------------------------*/ 
FoamFile 
{ 
    version     2.0; 
    format      ascii; 
    class       vectorAverageField; 
    object      values; 
} 
// * * * * * * * * * * * * * * * * * * * * * * * * * * * * * * * * * * * * * // 
 
// Average 
(0 0 0) 
 
// Velocity data on points 
2447
(
(0.00425 0.00008 -0.00163)
(-0.00224 0.00023 0.00037)
(-0.00371 -0.00024 -0.00064)
(-0.00112 -0.00035 0.00008)
(0.00036 0.00117 0.00084)
(-0.00307 -0.00223 -0.00598)
(-0.00026 -0.00200 -0.00173)
(0.00610 -0.00435 -0.01370)
(0.00058 -0.00054 -0.00132)
(-0.00098 0.00090 0.00202)
(0.00449 -0.00329 -0.00946)
(0.00101 -0.00077 -0.00194)
(-0.00130 0.00127 0.00109)
(0.00793 -0.00275 -0.01028)
(0.00062 -0.00054 -0.00021)
(-0.00188 0.00169 0.00042)
(0.00650 -0.00520 -0.00190)
(0.00041 -0.00016 -0.00013)
(-0.00223 0.00048 0.00007)
(0.00045 -0.00009 -0.00002)
(0.01439 0.00020 -0.00506)
(-0.00265 -0.00010 0.00080)
(0.00228 -0.00003 -0.00070)
(0.00077 0.00003 -0.00029)
(-0.02174 -0.00465 0.01131)
(-0.01707 -0.00401 0.00796)
(-0.01676 -0.00066 -0.00118)
(-0.01260 -0.00131 -0.00684)
(-0.02252 -0.00343 -0.00939)
(-0.02086 -0.00183 -0.01473)
(-0.00525 -0.00490 -0.01806)
(0.00976 -0.00621 -0.01907)
(0.00784 -0.00088 -0.03762)
(0.01418 -0.00708 -0.03421)
(0.01258 -0.00650 -0.02854)
(0.01132 -0.00542 -0.02354)
(0.01689 -0.00598 -0.04217)
(0.01842 -0.00572 -0.04104)
(0.02664 -0.00183 -0.04117)
(0.01622 -0.00365 -0.02271)
(0.01654 -0.00713 -0.01687)
(0.03033 0.02425 -0.08870)
(0.02780 0.02070 -0.07958)
(0.02153 0.00283 -0.03281)
(0.01629 0.00449 -0.01908)
(0.03600 0.01781 -0.04852)
(0.01198 0.00044 -0.00140)
(0.00328 0.00031 0.00048)
(0.01943 0.01696 -0.01677)
(0.00254 0.00158 0.00078)
(-0.00018 -0.00026 -0.00032)
(0.00779 0.00051 -0.00272)
(-0.00302 -0.00042 0.00126)
(-0.01097 -0.00110 0.00439)
(-0.02758 -0.00063 0.00926)
(-0.06900 -0.00177 0.02338)
(-0.04940 -0.00176 0.01765)
(-0.03314 -0.01245 0.02357)
(-0.05482 0.00562 -0.00431)
(-0.03675 -0.00360 0.00568)
(-0.02487 0.00093 -0.00984)
(-0.01909 0.01746 -0.05677)
(-0.00841 0.01833 -0.07814)
(0.00423 0.01508 -0.07563)
(0.00622 0.01369 -0.08877)
(0.00217 0.01902 -0.08584)
(0.00453 0.02415 -0.09898)
(0.00717 0.01578 -0.09341)
(0.02228 0.01158 -0.07580)
(0.01368 0.04881 -0.14648)
(0.03356 0.04163 -0.11212)
(0.03373 0.04626 -0.11546)
(0.03959 0.04425 -0.10633)
(0.03627 0.04889 -0.11153)
(0.03765 0.04346 -0.08541)
(0.03845 0.03596 -0.05449)
(0.03372 0.06209 -0.09409)
(0.03485 0.04514 -0.04422)
(0.02692 0.01995 -0.00064)
(0.01389 0.01244 0.00184)
(0.03832 0.06046 -0.05948)
(0.02708 0.03395 -0.01725)
(0.00497 0.00940 0.00549)
(0.00027 0.00045 0.00053)
(0.00620 0.00653 0.00703)
(-0.00180 -0.00231 -0.00329)
(-0.00381 -0.00447 -0.00667)
(0.00049 0.00001 -0.00015)
(-0.01439 -0.00057 0.00450)
(-0.03629 -0.00365 0.01300)
(-0.04945 -0.01052 0.02217)
(-0.08753 -0.01371 0.03512)
(-0.07740 -0.01512 0.03421)
(-0.09544 -0.01323 0.04221)
(-0.08528 -0.00681 0.02913)
(-0.08381 -0.00151 0.02793)
(-0.05893 -0.00431 0.02528)
(-0.09166 0.02620 -0.02212)
(-0.07171 0.01333 -0.01521)
(-0.05668 0.01187 -0.01953)
(-0.04975 0.01624 -0.04117)
(-0.04099 0.02558 -0.05866)
(-0.03565 0.04019 -0.10523)
(-0.03424 0.04490 -0.12019)
(-0.03034 0.04260 -0.13050)
(0.00229 0.02596 -0.10693)
(-0.00667 0.05711 -0.16085)
(-0.00712 0.06472 -0.18124)
(0.00231 0.07723 -0.19886)
(0.01895 0.06241 -0.16136)
(0.03210 0.05430 -0.12853)
(0.02294 0.08360 -0.16312)
(0.01876 0.10536 -0.18082)
(0.02402 0.12675 -0.20066)
(0.03873 0.07075 -0.08502)
(0.04226 0.10709 -0.14683)
(0.04004 0.06849 -0.07180)
(0.04526 0.06729 -0.04226)
(0.05806 0.06912 -0.02901)
(0.05485 0.06302 -0.01976)
(0.02896 0.03502 -0.00263)
(0.00894 0.00693 0.00650)
(0.07333 0.05831 -0.01257)
(0.03360 0.03249 0.00530)
(0.00471 0.00365 0.00368)
(0.00177 0.00128 0.00117)
(0.00846 0.00022 -0.00304)
(-0.01975 -0.00073 0.00722)
(-0.04921 -0.00191 0.01705)
(-0.08873 -0.00523 0.03016)
(-0.10858 -0.00410 0.03901)
(-0.11445 0.00335 0.03281)
(-0.10912 -0.00143 0.03219)
(-0.10455 0.00352 0.03133)
(-0.10327 0.01026 0.02054)
(-0.10094 0.03277 -0.02696)
(-0.09627 0.03211 -0.02915)
(-0.09296 0.03330 -0.03418)
(-0.10187 0.03948 -0.03911)
(-0.10030 0.04168 -0.04661)
(-0.05952 0.02727 -0.05534)
(-0.04881 0.05060 -0.12204)
(-0.04500 0.05170 -0.12998)
(-0.04015 0.05269 -0.13893)
(-0.02905 0.05365 -0.15776)
(-0.03411 0.08531 -0.21420)
(-0.00944 0.07073 -0.19164)
(-0.00679 0.09641 -0.23750)
(-0.01946 0.13019 -0.29581)
(-0.01149 0.12249 -0.26845)
(-0.00658 0.12382 -0.25019)
(0.01558 0.14023 -0.23714)
(0.01740 0.14218 -0.23410)
(0.02116 0.14152 -0.22596)
(0.02644 0.14020 -0.21690)
(0.04828 0.12334 -0.16174)
(0.05943 0.07366 -0.03767)
(0.05960 0.07027 -0.02891)
(0.06048 0.07552 -0.03996)
(0.07586 0.07056 -0.02590)
(0.07217 0.06306 -0.01494)
(0.09679 0.08120 -0.04088)
(0.06631 0.05259 -0.00266)
(0.03280 0.02091 0.01264)
(0.00334 0.00219 0.00146)
(0.08020 0.05014 0.02000)
(0.01795 0.01166 0.00601)
(0.00098 0.00065 0.00036)
(-0.01094 0.00005 0.00429)
(-0.03214 -0.00045 0.01381)
(-0.09014 -0.00445 0.04014)
(-0.09740 -0.00828 0.04616)
(-0.11525 0.00371 0.04161)
(-0.10830 0.00575 0.04051)
(-0.10883 0.00761 0.03794)
(-0.10951 0.00907 0.03829)
(-0.11156 0.01207 0.03521)
(-0.09786 0.00975 0.02471)
(-0.10429 0.03278 -0.02426)
(-0.11044 0.04072 -0.03282)
(-0.11010 0.04459 -0.04168)
(-0.10944 0.04818 -0.05205)
(-0.10952 0.05166 -0.06319)
(-0.10409 0.07613 -0.13906)
(-0.05806 0.06089 -0.14403)
(-0.14997 0.12122 -0.22633)
(-0.11516 0.10982 -0.22947)
(-0.05776 0.06668 -0.16510)
(-0.04771 0.06203 -0.16245)
(-0.06974 0.11371 -0.27876)
(-0.12244 0.15248 -0.34685)
(-0.09896 0.15171 -0.36237)
(-0.06376 0.11924 -0.28729)
(-0.04253 0.13484 -0.31291)
(-0.06710 0.17995 -0.39951)
(-0.06360 0.18436 -0.40082)
(-0.06088 0.18900 -0.40439)
(-0.00239 0.14719 -0.27846)
(0.00767 0.15809 -0.27040)
(0.01136 0.15724 -0.26252)
(0.01708 0.15495 -0.25124)
(0.03364 0.15442 -0.23334)
(0.04979 0.13373 -0.17291)
(0.07553 0.13494 -0.17048)
(0.06777 0.10404 -0.10549)
(0.09936 0.11524 -0.12211)
(0.11651 0.08895 -0.04289)
(0.11316 0.08817 -0.03813)
(0.12225 0.07619 0.02194)
(0.07297 0.04636 0.01846)
(0.09288 0.05966 0.02137)
(0.02896 0.01882 0.00945)
(0.01418 0.00924 0.00491)
(0.00493 0.00025 -0.00253)
(-0.00128 0.00004 0.00048)
(-0.05744 -0.00809 0.03318)
(-0.09116 -0.00861 0.04917)
(-0.09214 -0.01506 0.05271)
(-0.10019 -0.00279 0.04162)
(-0.11013 0.01077 0.03854)
(-0.11260 0.01342 0.03574)
(-0.11833 0.01965 0.03211)
(-0.11893 0.02526 0.02431)
(-0.13215 0.05002 -0.02313)
(-0.11926 0.05009 -0.04304)
(-0.14247 0.07032 -0.06419)
(-0.12464 0.05979 -0.06279)
(-0.11982 0.05918 -0.07046)
(-0.12381 0.08164 -0.13506)
(-0.13834 0.08381 -0.11215)
(-0.19118 0.14526 -0.26790)
(-0.18777 0.15052 -0.29560)
(-0.17270 0.16610 -0.35580)
(-0.14674 0.15876 -0.34674)
(-0.16056 0.18728 -0.43807)
(-0.12582 0.18700 -0.45085)
(-0.09999 0.19250 -0.45019)
(-0.07897 0.19721 -0.43378)
(-0.07580 0.20277 -0.43744)
(-0.07064 0.22322 -0.45997)
(-0.03789 0.20849 -0.39088)
(-0.00871 0.19301 -0.34375)
(0.00418 0.17151 -0.29227)
(0.01085 0.18892 -0.31491)
(0.03816 0.16280 -0.24116)
(0.04000 0.18204 -0.28793)
(0.08657 0.15177 -0.19811)
(0.11159 0.15234 -0.20167)
(0.12086 0.13901 -0.16998)
(0.12017 0.12008 -0.11616)
(0.12969 0.11879 -0.09461)
(0.12986 0.08298 0.00850)
(0.12696 0.08171 0.01828)
(0.04722 0.03063 0.01414)
(0.13102 0.08660 0.01472)
(0.09771 0.06345 0.02275)
(0.03534 0.02343 0.01404)
(0.00255 0.00206 0.00130)
(0.01141 0.00170 -0.00662)
(-0.00038 -0.00006 0.00022)
(-0.02459 -0.00490 0.01641)
(-0.05317 -0.01020 0.03512)
(-0.08339 -0.01996 0.05657)
(-0.07267 -0.02192 0.05922)
(-0.06946 -0.02393 0.05748)
(-0.09006 -0.00837 0.04223)
(-0.09710 -0.00025 0.04976)
(-0.11003 0.01083 0.04870)
(-0.10194 0.00821 0.03162)
(-0.15019 0.04731 -0.01228)
(-0.15986 0.06814 -0.04634)
(-0.18708 0.09567 -0.06892)
(-0.21148 0.12756 -0.13180)
(-0.23978 0.16012 -0.23012)
(-0.21213 0.15118 -0.25530)
(-0.23298 0.18634 -0.35913)
(-0.23283 0.19617 -0.38710)
(-0.21271 0.19582 -0.43991)
(-0.22132 0.21185 -0.49896)
(-0.22518 0.24944 -0.57880)
(-0.20376 0.25403 -0.58014)
(-0.20307 0.26761 -0.61027)
(-0.09609 0.20965 -0.46685)
(-0.09251 0.21548 -0.46971)
(-0.11441 0.25063 -0.53751)
(-0.10456 0.26542 -0.56122)
(-0.10765 0.28218 -0.57061)
(-0.06318 0.25490 -0.49484)
(-0.04941 0.24517 -0.46619)
(0.00524 0.21175 -0.36506)
(0.07058 0.17658 -0.27233)
(0.11638 0.15089 -0.19798)
(0.09177 0.14752 -0.19683)
(0.10795 0.12936 -0.13155)
(0.12633 0.12386 -0.10587)
(0.10967 0.13418 -0.13899)
(0.13749 0.11396 -0.07312)
(0.13393 0.10548 -0.03905)
(0.13233 0.09256 0.01760)
(0.13142 0.11260 -0.04635)
(0.09166 0.06810 0.03147)
(0.02306 0.01832 0.01123)
(0.01604 0.01125 0.00692)
(0.00036 0.00011 -0.00034)
(-0.01393 -0.00379 0.01025)
(-0.05373 -0.01706 0.04749)
(-0.04614 -0.02615 0.06247)
(-0.04741 -0.02850 0.07158)
(-0.04567 -0.02773 0.07877)
(-0.06275 -0.02400 0.06748)
(-0.07667 -0.01932 0.06692)
(-0.05712 -0.02329 0.07090)
(-0.09339 0.00058 0.05810)
(-0.09883 0.00501 0.05514)
(-0.13136 0.03236 0.01646)
(-0.14845 0.04287 0.00700)
(-0.15682 0.05070 -0.00379)
(-0.17442 0.06775 -0.01571)
(-0.21629 0.11304 -0.09508)
(-0.22345 0.11169 -0.08476)
(-0.24954 0.13636 -0.11012)
(-0.23176 0.13459 -0.14214)
(-0.26596 0.17569 -0.23428)
(-0.25357 0.17210 -0.25543)
(-0.26710 0.20067 -0.34332)
(-0.25867 0.20905 -0.39767)
(-0.28500 0.24492 -0.50967)
(-0.31560 0.29266 -0.64728)
(-0.31306 0.29792 -0.66818)
(-0.30470 0.30740 -0.69108)
(-0.24759 0.29174 -0.66371)
(-0.20523 0.29025 -0.66837)
(-0.17346 0.29244 -0.64880)
(-0.15030 0.29301 -0.63986)
(-0.12713 0.30529 -0.63490)
(-0.12184 0.29597 -0.61613)
(-0.10446 0.29204 -0.61075)
(-0.05455 0.25186 -0.47901)
(-0.06967 0.27317 -0.54783)
(-0.00120 0.23035 -0.42407)
(0.01407 0.20923 -0.37689)
(0.03149 0.19176 -0.32935)
(0.02560 0.19699 -0.34582)
(0.09405 0.15046 -0.20189)
(0.10649 0.15851 -0.20298)
(0.12074 0.14151 -0.14944)
(0.11098 0.14570 -0.15730)
(0.12579 0.13353 -0.09867)
(0.11809 0.12608 -0.05353)
(0.11335 0.10630 0.01441)
(0.03659 0.03665 0.01773)
(-0.00397 -0.00418 -0.00242)
(0.07024 0.08812 -0.00363)
(-0.00295 -0.00185 0.00517)
(-0.01860 -0.01079 0.02560)
(-0.00927 -0.01631 0.03789)
(-0.02736 -0.02360 0.04767)
(-0.02970 -0.03448 0.07367)
(-0.04072 -0.02942 0.07983)
(-0.04337 -0.02742 0.08429)
(-0.04817 -0.02587 0.08161)
(-0.05604 -0.02151 0.08339)
(-0.11498 0.01924 0.04403)
(-0.14704 0.04062 0.01440)
(-0.15911 0.05084 0.00100)
(-0.19931 0.08597 -0.04667)
(-0.27591 0.15675 -0.14076)
(-0.29334 0.17447 -0.19762)
(-0.34522 0.23235 -0.31394)
(-0.31849 0.21915 -0.30433)
(-0.36554 0.26852 -0.43536)
(-0.39805 0.28957 -0.44106)
(-0.34368 0.26395 -0.46288)
(-0.33344 0.27964 -0.54957)
(-0.33382 0.30378 -0.66136)
(-0.33309 0.30950 -0.68110)
(-0.33071 0.31455 -0.70030)
(-0.30755 0.32494 -0.72081)
(-0.24926 0.30974 -0.70788)
(-0.31328 0.35582 -0.80031)
(-0.23309 0.31497 -0.72612)
(-0.21096 0.32076 -0.72257)
(-0.19502 0.33027 -0.72618)
(-0.18350 0.32180 -0.70800)
(-0.14852 0.32067 -0.70023)
(-0.12893 0.30982 -0.66696)
(-0.12844 0.30945 -0.66911)
(-0.05061 0.26210 -0.52046)
(-0.03108 0.25039 -0.48993)
(0.00888 0.20931 -0.38142)
(0.00871 0.20831 -0.38027)
(0.02807 0.19635 -0.34305)
(0.05639 0.18895 -0.29710)
(0.09118 0.16206 -0.20575)
(0.08456 0.14775 -0.13989)
(0.06196 0.16694 -0.15806)
(0.09583 0.14079 -0.07911)
(0.06453 0.16063 -0.12772)
(0.09088 0.13180 -0.04477)
(0.05195 0.07520 0.02200)
(0.00326 0.00523 0.00365)
(-0.00097 -0.00190 -0.00130)
(0.00037 0.00072 -0.00198)
(-0.00043 -0.00109 0.00313)
(-0.00328 -0.00862 0.02291)
(-0.00661 -0.02609 0.06567)
(-0.00779 -0.03581 0.07245)
(-0.00468 -0.03076 0.07896)
(-0.02172 -0.03018 0.07899)
(-0.03688 -0.02984 0.08560)
(-0.05191 -0.02300 0.08623)
(-0.04681 -0.02484 0.08954)
(-0.06099 -0.01780 0.08973)
(-0.13355 0.03322 0.04462)
(-0.12233 0.02783 0.05864)
(-0.15798 0.04809 0.01090)
(-0.18461 0.07157 -0.00846)
(-0.28719 0.15902 -0.11357)
(-0.32566 0.19339 -0.20606)
(-0.35179 0.22324 -0.26323)
(-0.41024 0.29583 -0.44003)
(-0.40137 0.29730 -0.47160)
(-0.41453 0.30479 -0.47222)
(-0.40585 0.30543 -0.49825)
(-0.35116 0.31524 -0.67887)
(-0.35187 0.32091 -0.69491)
(-0.34936 0.32500 -0.71199)
(-0.34845 0.33808 -0.75812)
(-0.34626 0.36874 -0.83107)
(-0.28232 0.34856 -0.81587)
(-0.28504 0.38418 -0.87130)
(-0.27719 0.38256 -0.86836)
(-0.27183 0.38164 -0.86791)
(-0.20343 0.33873 -0.76603)
(-0.14876 0.31984 -0.70455)
(-0.12925 0.31019 -0.67461)
(-0.10112 0.29052 -0.62173)
(-0.00893 0.21996 -0.41685)
(-0.01169 0.21952 -0.41867)
(0.00344 0.21151 -0.37591)
(0.03830 0.18740 -0.28412)
(0.01954 0.19851 -0.30894)
(0.06220 0.16090 -0.19639)
(0.04081 0.17435 -0.18791)
(0.04809 0.16953 -0.16668)
(0.05173 0.16488 -0.14539)
(0.05503 0.16107 -0.12680)
(0.02524 0.10450 -0.00330)
(0.01394 0.02813 0.01794)
(0.00444 0.01108 0.00707)
(-0.00461 -0.01118 -0.00755)
(-0.00070 -0.00187 0.00615)
(-0.00229 -0.00877 0.02522)
(-0.00362 -0.01707 0.04719)
(-0.00212 -0.01402 0.04134)
(-0.00265 -0.02934 0.07993)
(-0.00218 -0.03201 0.08293)
(-0.02440 -0.02772 0.09420)
(-0.00254 -0.03591 0.10280)
(-0.04045 -0.02710 0.09413)
(-0.05340 -0.02076 0.09528)
(-0.09785 0.01012 0.09135)
(-0.15745 0.04689 0.08063)
(-0.17583 0.06396 0.03539)
(-0.19843 0.07931 0.04838)
(-0.24743 0.12163 -0.03838)
(-0.28325 0.15458 -0.09725)
(-0.34859 0.20896 -0.16127)
(-0.36661 0.22778 -0.23146)
(-0.40053 0.27389 -0.37109)
(-0.42728 0.31237 -0.46990)
(-0.41912 0.31414 -0.50463)
(-0.43138 0.32203 -0.50435)
(-0.43559 0.34603 -0.61096)
(-0.41323 0.35846 -0.71295)
(-0.39957 0.36534 -0.75769)
(-0.40270 0.38676 -0.83120)
(-0.40543 0.40702 -0.87992)
(-0.33739 0.38326 -0.87012)
(-0.31116 0.37792 -0.88434)
(-0.29227 0.38826 -0.88834)
(-0.28540 0.38680 -0.88797)
(-0.25410 0.36612 -0.85748)
(-0.16859 0.32944 -0.73873)
(-0.16851 0.32911 -0.74334)
(-0.14826 0.31892 -0.70880)
(-0.14939 0.31139 -0.70243)
(-0.09522 0.28027 -0.61011)
(-0.09987 0.28116 -0.61615)
(-0.06324 0.24728 -0.49260)
(-0.11624 0.27907 -0.60019)
(-0.04498 0.24264 -0.46617)
(-0.02358 0.22216 -0.40139)
(-0.06799 0.25036 -0.49243)
(0.00172 0.19636 -0.29095)
(0.02452 0.17994 -0.20514)
(0.03240 0.17461 -0.18311)
(0.03136 0.17238 -0.17098)
(0.02947 0.17037 -0.15999)
(0.03839 0.16446 -0.13713)
(-0.00559 0.15420 -0.09357)
(0.01575 0.11494 0.00623)
(0.01045 0.04025 0.01809)
(-0.00139 -0.00447 -0.00287)
(0.00000 0.00007 -0.00032)
(0.00020 -0.00109 0.00497)
(0.00225 -0.00752 0.03178)
(-0.00173 -0.02439 0.07121)
(0.00806 -0.03073 0.09121)
(0.01640 -0.03895 0.09905)
(0.02651 -0.03616 0.10239)
(-0.00208 -0.03239 0.11003)
(-0.01782 -0.03091 0.11218)
(-0.00675 -0.03023 0.13835)
(-0.01068 -0.03103 0.13341)
(-0.03565 -0.02276 0.12641)
(-0.07631 0.00350 0.11845)
(-0.14591 0.04303 0.08993)
(-0.17997 0.06008 0.08290)
(-0.24158 0.11796 0.00115)
(-0.29081 0.15771 -0.05436)
(-0.33895 0.20155 -0.16742)
(-0.35876 0.21996 -0.20309)
(-0.40591 0.27860 -0.36082)
(-0.43398 0.31053 -0.43235)
(-0.47639 0.37224 -0.58937)
(-0.45483 0.36154 -0.61672)
(-0.47400 0.38759 -0.64548)
(-0.46388 0.40372 -0.75345)
(-0.46819 0.41892 -0.79479)
(-0.42838 0.40880 -0.85020)
(-0.42090 0.41876 -0.88213)
(-0.38378 0.40753 -0.90701)
(-0.41419 0.43433 -0.93936)
(-0.37377 0.41348 -0.93220)
(-0.33281 0.40192 -0.91943)
(-0.31609 0.39722 -0.92154)
(-0.31305 0.39614 -0.93803)
(-0.26486 0.37072 -0.88659)
(-0.26951 0.37322 -0.91998)
(-0.20644 0.34307 -0.80691)
(-0.22448 0.34751 -0.83761)
(-0.17543 0.31649 -0.74811)
(-0.17662 0.31614 -0.74822)
(-0.18215 0.29914 -0.67548)
(-0.12436 0.27398 -0.58277)
(-0.15616 0.27014 -0.55986)
(-0.09066 0.23796 -0.44423)
(-0.05825 0.21998 -0.38466)
(-0.06385 0.20686 -0.30674)
(-0.08393 0.19691 -0.25369)
(-0.01376 0.16728 -0.14546)
(-0.04232 0.14389 -0.07141)
(-0.01914 0.13075 -0.01927)
(-0.07101 0.16334 -0.14064)
(-0.04542 0.13776 -0.03271)
(-0.00859 0.05519 0.01485)
(-0.00030 0.00291 0.00150)
(0.00134 -0.00586 -0.00408)
(0.00052 -0.00022 0.00254)
(0.00129 -0.00297 0.01447)
(0.01497 -0.02010 0.07594)
(0.03213 -0.02282 0.08321)
(0.03250 -0.02897 0.09247)
(0.03260 -0.03891 0.10836)
(0.03926 -0.03258 0.09921)
(0.00505 -0.02933 0.12512)
(-0.00780 -0.03030 0.14454)
(-0.04781 -0.00653 0.14462)
(-0.06152 -0.00241 0.12600)
(-0.10306 0.02013 0.12607)
(-0.14321 0.05109 0.09019)
(-0.21520 0.10868 0.02622)
(-0.29355 0.18087 -0.12579)
(-0.31318 0.20120 -0.16788)
(-0.32350 0.20672 -0.18097)
(-0.40989 0.27655 -0.31251)
(-0.43499 0.30902 -0.41488)
(-0.46032 0.35145 -0.51852)
(-0.47714 0.39375 -0.64043)
(-0.47360 0.40607 -0.73147)
(-0.48910 0.42962 -0.80002)
(-0.46341 0.43574 -0.83646)
(-0.44468 0.45828 -0.92889)
(-0.43639 0.45766 -0.94247)
(-0.38508 0.42617 -0.94237)
(-0.36205 0.42052 -0.96628)
(-0.37806 0.42453 -0.99535)
(-0.37219 0.42186 -0.99663)
(-0.31390 0.39545 -0.96571)
(-0.30892 0.39155 -0.97111)
(-0.24427 0.35786 -0.87324)
(-0.26635 0.35470 -0.88905)
(-0.19317 0.32379 -0.77871)
(-0.20888 0.32633 -0.78221)
(-0.22846 0.31662 -0.73999)
(-0.22039 0.29952 -0.66087)
(-0.22293 0.29661 -0.64181)
(-0.19484 0.28086 -0.57414)
(-0.09674 0.23299 -0.40700)
(-0.18809 0.26959 -0.51344)
(-0.11923 0.23188 -0.38267)
(-0.10824 0.20658 -0.29612)
(-0.13034 0.19881 -0.26557)
(-0.08044 0.16694 -0.15513)
(-0.07397 0.15195 -0.08642)
(-0.04914 0.14091 -0.03631)
(-0.05820 0.11882 -0.01892)
(-0.02613 0.07094 0.02320)
(-0.00292 0.01214 0.00777)
(-0.00407 0.00446 0.00483)
(-0.00081 0.00029 -0.00427)
(0.00403 -0.00154 0.01725)
(0.00034 -0.00012 0.00166)
(0.00517 -0.00175 0.02145)
(0.01575 -0.00909 0.06373)
(0.03554 -0.02718 0.09317)
(0.02961 -0.01852 0.08460)
(0.03625 -0.02671 0.10049)
(0.02702 -0.02500 0.11336)
(0.02538 -0.03161 0.11960)
(0.02781 -0.03253 0.14070)
(0.00577 -0.02622 0.14104)
(-0.01401 -0.02230 0.15824)
(-0.07588 0.01879 0.14984)
(-0.09800 0.03277 0.14049)
(-0.15461 0.06818 0.08635)
(-0.24631 0.14883 -0.07167)
(-0.29795 0.19190 -0.14690)
(-0.32617 0.21725 -0.20123)
(-0.39893 0.28612 -0.34375)
(-0.43612 0.33942 -0.46850)
(-0.46302 0.38080 -0.58475)
(-0.47428 0.43691 -0.70628)
(-0.47518 0.40098 -0.67649)
(-0.46939 0.42804 -0.76543)
(-0.46942 0.45800 -0.86640)
(-0.44572 0.46306 -0.92745)
(-0.43895 0.46308 -0.93906)
(-0.42998 0.45709 -0.95456)
(-0.39558 0.43458 -0.97972)
(-0.38321 0.42975 -1.00400)
(-0.37971 0.42755 -1.00480)
(-0.35195 0.41114 -1.00430)
(-0.33486 0.39872 -0.99413)
(-0.29907 0.37610 -0.96216)
(-0.30665 0.37380 -0.95585)
(-0.30050 0.36901 -0.93830)
(-0.26884 0.34937 -0.86599)
(-0.25652 0.32474 -0.75609)
(-0.23655 0.30584 -0.67899)
(-0.24035 0.30361 -0.66175)
(-0.22684 0.29506 -0.62472)
(-0.22123 0.28813 -0.57893)
(-0.18818 0.24260 -0.43000)
(-0.14270 0.20305 -0.29796)
(-0.12613 0.18109 -0.24805)
(-0.10759 0.16864 -0.19732)
(-0.11779 0.14504 -0.15324)
(-0.09972 0.13583 -0.08991)
(-0.11285 0.12299 -0.05789)
(-0.05460 0.05637 0.04977)
(-0.01010 0.00966 0.01174)
(-0.00076 0.00024 -0.00409)
(0.00156 -0.00048 0.00751)
(0.01285 -0.00411 0.04643)
(0.00920 -0.00286 0.03617)
(0.01306 -0.00409 0.04826)
(0.02165 -0.01390 0.09395)
(0.02531 -0.01906 0.11096)
(0.02382 -0.02164 0.12813)
(0.01287 -0.02088 0.15570)
(0.01254 -0.02305 0.16377)
(-0.00859 -0.02070 0.16306)
(-0.06505 0.01354 0.15544)
(-0.07781 0.02319 0.14983)
(-0.09161 0.03416 0.14185)
(-0.10484 0.04032 0.13543)
(-0.17413 0.10322 0.02463)
(-0.25708 0.16595 -0.09684)
(-0.29539 0.19788 -0.16065)
(-0.32523 0.24655 -0.26455)
(-0.33716 0.23232 -0.23573)
(-0.41676 0.33622 -0.46533)
(-0.42192 0.34616 -0.49380)
(-0.46662 0.43282 -0.69391)
(-0.47075 0.44207 -0.73047)
(-0.46748 0.44688 -0.74821)
(-0.44452 0.46778 -0.92668)
(-0.43914 0.46818 -0.93476)
(-0.43276 0.46255 -0.95148)
(-0.42699 0.46199 -0.96395)
(-0.39217 0.45178 -1.00540)
(-0.37939 0.44259 -1.03160)
(-0.35491 0.41376 -1.02040)
(-0.35984 0.42036 -1.04010)
(-0.32803 0.39586 -1.01080)
(-0.31673 0.37715 -0.96857)
(-0.31712 0.37466 -0.95898)
(-0.30961 0.36977 -0.93885)
(-0.31873 0.36098 -0.88497)
(-0.25390 0.31235 -0.69700)
(-0.25883 0.31097 -0.68224)
(-0.24539 0.30184 -0.64361)
(-0.26066 0.28895 -0.58405)
(-0.21332 0.24407 -0.43673)
(-0.20150 0.23681 -0.41283)
(-0.19742 0.19508 -0.29476)
(-0.16493 0.16775 -0.22043)
(-0.15489 0.15992 -0.19904)
(-0.16506 0.15837 -0.20464)
(-0.15616 0.15125 -0.18571)
(-0.14727 0.14242 -0.16417)
(-0.12120 0.11695 -0.05977)
(-0.07733 0.06892 0.06486)
(-0.07162 0.05495 0.06532)
(-0.01678 0.01349 0.01933)
(0.00493 -0.00403 -0.00620)
(-0.00028 0.00008 -0.00158)
(0.00259 -0.00073 0.01278)
(0.01076 -0.00420 0.05404)
(0.01878 -0.00649 0.06667)
(0.01832 -0.01232 0.06914)
(0.02321 -0.01179 0.08909)
(0.02413 -0.01771 0.11938)
(0.01324 -0.01913 0.15195)
(0.01259 -0.02147 0.16199)
(0.00576 -0.02719 0.18240)
(-0.00957 -0.01469 0.17213)
(-0.06566 0.01699 0.15703)
(-0.07847 0.02742 0.14972)
(-0.10294 0.05626 0.13422)
(-0.10522 0.04647 0.13168)
(-0.17807 0.11804 0.01846)
(-0.22485 0.16148 -0.07130)
(-0.27981 0.22294 -0.19712)
(-0.37313 0.30425 -0.37785)
(-0.40438 0.34205 -0.47795)
(-0.43286 0.39776 -0.60259)
(-0.46436 0.43955 -0.71766)
(-0.45767 0.43585 -0.70248)
(-0.46172 0.44636 -0.73953)
(-0.44545 0.46567 -0.84523)
(-0.43370 0.48437 -0.88669)
(-0.43371 0.46759 -0.94648)
(-0.41352 0.46832 -0.97898)
(-0.40257 0.46852 -1.00620)
(-0.38735 0.46429 -1.02530)
(-0.36591 0.43309 -1.04120)
(-0.35333 0.42379 -1.04620)
(-0.35038 0.41092 -1.04070)
(-0.33773 0.39124 -0.99967)
(-0.32373 0.37711 -0.97004)
(-0.31959 0.37294 -0.94875)
(-0.34386 0.37142 -0.89661)
(-0.29994 0.33628 -0.77691)
(-0.32444 0.34479 -0.75382)
(-0.30237 0.31345 -0.65248)
(-0.31264 0.30675 -0.60014)
(-0.26379 0.26195 -0.48602)
(-0.23677 0.23780 -0.39692)
(-0.27103 0.24007 -0.42749)
(-0.22423 0.20942 -0.33123)
(-0.17478 0.16251 -0.21877)
(-0.15921 0.14446 -0.17958)
(-0.15988 0.11557 -0.11749)
(-0.14021 0.09472 -0.04840)
(-0.08204 0.06119 0.06515)
(-0.08750 0.04831 0.06159)
(-0.02382 0.01606 0.02737)
(0.00103 -0.00070 -0.00132)
(0.00005 -0.00006 0.00062)
(0.00452 -0.00238 0.01945)
(-0.00026 -0.00127 0.01299)
(0.01242 -0.01178 0.05788)
(0.01446 -0.01361 0.06429)
(0.02166 -0.01448 0.07462)
(0.02480 -0.01905 0.09650)
(0.02405 -0.02737 0.12541)
(0.02491 -0.02714 0.13902)
(0.01121 -0.01903 0.15877)
(0.02548 -0.04020 0.18946)
(0.00508 -0.02520 0.18583)
(-0.04233 0.00753 0.16870)
(-0.06450 0.03782 0.14590)
(-0.14362 0.10597 0.04326)
(-0.16283 0.12758 0.03582)
(-0.20553 0.17105 -0.07318)
(-0.34744 0.29693 -0.35430)
(-0.30931 0.27719 -0.26922)
(-0.38913 0.35553 -0.48492)
(-0.39816 0.39242 -0.54213)
(-0.43589 0.44428 -0.64651)
(-0.45597 0.44409 -0.72557)
(-0.43229 0.47635 -0.81775)
(-0.42100 0.50709 -0.85460)
(-0.43161 0.49883 -0.91586)
(-0.41628 0.50188 -0.94871)
(-0.40457 0.48587 -0.99211)
(-0.39836 0.48349 -1.01300)
(-0.36889 0.44755 -1.04040)
(-0.37857 0.44575 -1.04710)
(-0.36327 0.41717 -1.04370)
(-0.36598 0.41156 -1.02640)
(-0.36887 0.40476 -1.01850)
(-0.36157 0.38911 -0.97028)
(-0.36978 0.38825 -0.93599)
(-0.37412 0.37388 -0.86035)
(-0.37503 0.37304 -0.84759)
(-0.33784 0.33084 -0.69079)
(-0.34363 0.32831 -0.64521)
(-0.29361 0.27825 -0.52253)
(-0.29304 0.25098 -0.44369)
(-0.22954 0.19977 -0.30589)
(-0.21285 0.16873 -0.24844)
(-0.16222 0.13909 -0.17892)
(-0.20728 0.11954 -0.14993)
(-0.16130 0.09061 -0.07335)
(-0.14011 0.07452 -0.03647)
(-0.11750 0.02929 0.01455)
(-0.09423 0.01946 0.06327)
(-0.03685 0.00502 0.04249)
(-0.00253 0.00055 0.00403)
(-0.00011 -0.00031 0.00259)
(0.00094 -0.00797 0.03115)
(0.00449 -0.01326 0.05935)
(0.00989 -0.02661 0.07994)
(0.01521 -0.02626 0.08642)
(0.02091 -0.03062 0.11863)
(0.03700 -0.05205 0.16418)
(0.03347 -0.04064 0.15324)
(0.03986 -0.05447 0.17704)
(0.02783 -0.04441 0.19343)
(-0.00198 -0.01534 0.18995)
(-0.02885 0.01435 0.17027)
(-0.09389 0.06549 0.10649)
(-0.05876 0.04430 0.12250)
(-0.15056 0.11629 0.03063)
(-0.20900 0.18240 -0.07499)
(-0.28538 0.29727 -0.27361)
(-0.33586 0.33255 -0.37319)
(-0.35609 0.37868 -0.48970)
(-0.37547 0.40291 -0.55381)
(-0.42063 0.46820 -0.68974)
(-0.43040 0.49813 -0.76897)
(-0.42526 0.51092 -0.81286)
(-0.42554 0.51073 -0.87712)
(-0.42081 0.51451 -0.92400)
(-0.39137 0.51106 -0.95272)
(-0.39023 0.50596 -0.96596)
(-0.37713 0.46498 -1.02030)
(-0.38384 0.45828 -1.03190)
(-0.36514 0.43042 -1.04020)
(-0.37279 0.41872 -1.03490)
(-0.38419 0.41485 -1.00760)
(-0.37646 0.40149 -0.98681)
(-0.39043 0.40257 -0.94527)
(-0.37755 0.37621 -0.86320)
(-0.39420 0.38107 -0.83158)
(-0.37223 0.34939 -0.74023)
(-0.40049 0.34796 -0.66560)
(-0.35756 0.31768 -0.59327)
(-0.32597 0.25803 -0.46189)
(-0.28726 0.23972 -0.42244)
(-0.25873 0.20459 -0.33363)
(-0.28221 0.18971 -0.30241)
(-0.26988 0.17179 -0.25708)
(-0.21410 0.12475 -0.16112)
(-0.15188 0.05910 -0.05396)
(-0.12703 0.02836 0.00691)
(-0.11445 0.02335 0.03362)
(-0.06876 0.00292 0.06494)
(-0.03117 0.00262 0.03838)
(-0.00456 0.00034 0.00626)
(0.00000 0.00064 -0.00163)
(-0.00036 -0.00199 0.00666)
(0.00241 -0.01193 0.02580)
(0.00196 -0.02192 0.05855)
(0.00660 -0.02891 0.07260)
(0.00888 -0.03307 0.08400)
(0.01424 -0.03497 0.11072)
(0.00941 -0.03586 0.09167)
(0.02192 -0.04418 0.15052)
(0.03780 -0.05562 0.17249)
(0.03990 -0.05651 0.18096)
(0.01751 -0.03034 0.17704)
(0.01321 -0.02747 0.18796)
(-0.01337 0.00763 0.16469)
(-0.08045 0.07758 0.08142)
(-0.11132 0.10021 0.06331)
(-0.11139 0.11005 0.04815)
(-0.15811 0.14894 -0.02621)
(-0.28264 0.29872 -0.26377)
(-0.30545 0.32321 -0.32411)
(-0.32158 0.34580 -0.36524)
(-0.35983 0.39713 -0.48228)
(-0.41362 0.47706 -0.68648)
(-0.42088 0.50539 -0.71118)
(-0.42021 0.54938 -0.76531)
(-0.41025 0.54229 -0.80809)
(-0.41473 0.53018 -0.85577)
(-0.40829 0.53986 -0.90206)
(-0.39246 0.53966 -0.91498)
(-0.38920 0.53595 -0.92534)
(-0.38116 0.48475 -0.99089)
(-0.38253 0.46261 -1.02520)
(-0.38247 0.45301 -1.03170)
(-0.37578 0.43742 -1.03730)
(-0.39242 0.43431 -0.99228)
(-0.39930 0.41874 -0.98304)
(-0.41541 0.42416 -0.91677)
(-0.40838 0.40922 -0.90887)
(-0.41647 0.40134 -0.84360)
(-0.40925 0.36041 -0.70262)
(-0.40851 0.35418 -0.67475)
(-0.39796 0.34048 -0.64030)
(-0.39503 0.33265 -0.61799)
(-0.30249 0.21831 -0.36371)
(-0.28849 0.19247 -0.30902)
(-0.26767 0.16642 -0.24875)
(-0.24567 0.13633 -0.22113)
(-0.21529 0.10772 -0.15109)
(-0.17270 0.06201 -0.06106)
(-0.16871 0.05045 -0.03150)
(-0.15364 0.03844 -0.01706)
(-0.10953 -0.00708 0.07733)
(-0.06385 -0.01453 0.07849)
(-0.00662 -0.00166 0.00951)
(-0.00663 -0.00172 0.00942)
(-0.00031 -0.00253 0.00398)
(0.00389 -0.01916 0.02980)
(0.00547 -0.03217 0.06994)
(0.00680 -0.03329 0.07546)
(0.00853 -0.03561 0.08317)
(0.01018 -0.03959 0.09119)
(0.01693 -0.04539 0.13493)
(0.03297 -0.05123 0.15287)
(0.04056 -0.05949 0.17856)
(0.01530 -0.02555 0.15905)
(-0.01246 0.00220 0.15553)
(-0.08633 0.08470 0.07353)
(-0.10530 0.10542 0.05053)
(-0.12850 0.12841 0.02648)
(-0.18383 0.20368 -0.09030)
(-0.29932 0.32108 -0.30430)
(-0.29867 0.32376 -0.29062)
(-0.31526 0.34468 -0.34493)
(-0.35683 0.42674 -0.44557)
(-0.39235 0.49720 -0.57131)
(-0.39252 0.48541 -0.57928)
(-0.41087 0.53136 -0.65520)
(-0.41048 0.57976 -0.71205)
(-0.40961 0.58739 -0.72770)
(-0.40567 0.55389 -0.82324)
(-0.39168 0.54979 -0.90138)
(-0.38840 0.54557 -0.91107)
(-0.38473 0.53175 -0.93226)
(-0.37273 0.49922 -0.97106)
(-0.38185 0.45828 -1.02480)
(-0.38890 0.45597 -1.01100)
(-0.39617 0.44431 -0.99431)
(-0.40190 0.43342 -0.98054)
(-0.41993 0.42972 -0.91711)
(-0.42411 0.42725 -0.90344)
(-0.43222 0.43053 -0.89202)
(-0.41863 0.36716 -0.70593)
(-0.41826 0.36221 -0.68375)
(-0.40640 0.34678 -0.65001)
(-0.40413 0.33847 -0.62551)
(-0.33940 0.25520 -0.43956)
(-0.29896 0.18641 -0.32510)
(-0.24863 0.11766 -0.20406)
(-0.21847 0.08517 -0.14102)
(-0.19372 0.06968 -0.08891)
(-0.16281 0.03952 -0.02853)
(-0.15527 0.03343 -0.01609)
(-0.10166 -0.02001 0.10399)
(-0.07484 -0.01723 0.09080)
(-0.04065 -0.00998 0.05349)
(-0.07735 -0.01813 0.09426)
(-0.01082 -0.00285 0.01535)
(-0.00006 -0.00068 0.00099)
(-0.00051 -0.00535 0.00770)
(-0.00026 -0.00362 0.00496)
(-0.00132 -0.01361 0.01889)
(0.00349 -0.03150 0.04722)
(0.00231 -0.03329 0.06168)
(0.00620 -0.03611 0.07268)
(0.00543 -0.04182 0.07903)
(0.00841 -0.03789 0.08168)
(0.01763 -0.05038 0.10138)
(0.01780 -0.04628 0.11575)
(0.02357 -0.05046 0.13331)
(0.00716 -0.02372 0.13620)
(0.00972 -0.02063 0.14782)
(-0.01569 0.00422 0.13184)
(-0.06155 0.05800 0.09795)
(-0.10481 0.10589 0.04699)
(-0.12630 0.12838 0.02510)
(-0.16705 0.17258 -0.02887)
(-0.31128 0.35833 -0.24278)
(-0.31300 0.34539 -0.32670)
(-0.35989 0.45466 -0.41707)
(-0.40789 0.54508 -0.53561)
(-0.40344 0.55300 -0.63182)
(-0.41055 0.58731 -0.68718)
(-0.41053 0.59674 -0.71617)
(-0.41087 0.59047 -0.77515)
(-0.39664 0.58757 -0.85332)
(-0.38674 0.55746 -0.89707)
(-0.38273 0.53836 -0.92073)
(-0.37003 0.51310 -0.93868)
(-0.37663 0.46960 -0.99440)
(-0.38612 0.46638 -0.97666)
(-0.39547 0.45920 -0.97171)
(-0.40584 0.43981 -0.96935)
(-0.42624 0.43916 -0.93224)
(-0.42933 0.43306 -0.90283)
(-0.43924 0.43669 -0.88890)
(-0.43630 0.39614 -0.76586)
(-0.43925 0.38119 -0.71426)
(-0.41616 0.35457 -0.65918)
(-0.40928 0.32499 -0.58006)
(-0.37325 0.27741 -0.47652)
(-0.35063 0.23620 -0.40987)
(-0.28560 0.15645 -0.27317)
(-0.23725 0.10152 -0.18117)
(-0.21991 0.08343 -0.14979)
(-0.19569 0.06037 -0.08209)
(-0.14223 0.01362 0.03410)
(-0.10582 -0.01995 0.10314)
(-0.10546 -0.02185 0.10944)
(-0.10263 -0.02353 0.11879)
(-0.06845 -0.01666 0.08642)
(-0.01155 -0.00330 0.01830)
(0.00923 0.00271 -0.01534)
(0.00003 -0.00032 0.00048)
(0.00034 -0.00396 0.00593)
(0.00027 -0.02299 0.02777)
(0.00194 -0.01423 0.01622)
(0.00226 -0.03031 0.03037)
(0.00581 -0.03546 0.04637)
(0.00699 -0.03973 0.05042)
(0.01086 -0.04526 0.06662)
(0.01308 -0.04330 0.07481)
(0.02414 -0.05802 0.10700)
(0.02710 -0.06930 0.12654)
(0.01112 -0.04112 0.10713)
(-0.00136 -0.02469 0.12652)
(-0.03978 0.02612 0.09674)
(-0.07155 0.06627 0.07240)
(-0.10080 0.10222 0.04427)
(-0.19939 0.21232 -0.05921)
(-0.12808 0.13157 0.01921)
(-0.21271 0.22804 -0.07820)
(-0.31135 0.35560 -0.22373)
(-0.34366 0.39963 -0.31512)
(-0.39322 0.49945 -0.41295)
(-0.42632 0.55648 -0.49208)
(-0.41899 0.57990 -0.58804)
(-0.43042 0.63026 -0.62033)
(-0.43595 0.67526 -0.67684)
(-0.41200 0.64506 -0.76301)
(-0.40361 0.62851 -0.80067)
(-0.38877 0.62808 -0.82362)
(-0.37919 0.57126 -0.88461)
(-0.36816 0.52437 -0.91461)
(-0.35777 0.49340 -0.94771)
(-0.38364 0.48039 -0.95195)
(-0.38942 0.47218 -0.94852)
(-0.40718 0.45665 -0.95209)
(-0.43769 0.46831 -0.91848)
(-0.43316 0.43818 -0.90012)
(-0.47237 0.46005 -0.87015)
(-0.47906 0.44400 -0.81949)
(-0.50122 0.44389 -0.76808)
(-0.46544 0.38466 -0.66942)
(-0.45180 0.36304 -0.63030)
(-0.40566 0.29412 -0.49607)
(-0.36229 0.24072 -0.41602)
(-0.30987 0.18136 -0.31802)
(-0.27967 0.14350 -0.23983)
(-0.22663 0.08584 -0.14624)
(-0.19182 0.04297 -0.02494)
(-0.17442 0.02793 0.00069)
(-0.16471 0.01032 0.03605)
(-0.13180 -0.01765 0.10646)
(-0.10874 -0.02066 0.11922)
(-0.06716 -0.01466 0.08681)
(-0.01902 -0.00448 0.02781)
(0.00693 0.00210 -0.01309)
(0.00076 -0.00254 0.00309)
(0.00434 -0.01502 0.01735)
(0.00434 -0.02461 0.02907)
(0.00612 -0.03357 0.03928)
(0.00737 -0.03994 0.04639)
(0.01248 -0.04603 0.05120)
(0.01425 -0.03391 0.04268)
(0.01280 -0.04176 0.06893)
(0.01023 -0.03554 0.06847)
(0.01144 -0.03383 0.06881)
(0.01645 -0.04761 0.09871)
(-0.00584 -0.01977 0.08618)
(-0.01412 -0.01101 0.09192)
(-0.04530 0.02262 0.05667)
(-0.05245 0.03129 0.05843)
(-0.08094 0.07564 0.05947)
(-0.07790 0.06399 0.04588)
(-0.11821 0.11976 0.01866)
(-0.21097 0.22250 -0.06610)
(-0.26824 0.29775 -0.13731)
(-0.33531 0.38400 -0.24067)
(-0.34736 0.39770 -0.26996)
(-0.41974 0.53726 -0.38968)
(-0.48563 0.66373 -0.50911)
(-0.44407 0.63189 -0.57268)
(-0.44364 0.65263 -0.60538)
(-0.44894 0.72169 -0.68911)
(-0.43590 0.70008 -0.72139)
(-0.41136 0.67022 -0.76378)
(-0.39069 0.64665 -0.80345)
(-0.37882 0.58956 -0.85128)
(-0.36663 0.55965 -0.88468)
(-0.35554 0.50234 -0.93550)
(-0.38450 0.50115 -0.91102)
(-0.41713 0.49498 -0.89448)
(-0.41888 0.47177 -0.92778)
(-0.45065 0.48058 -0.89839)
(-0.49009 0.48706 -0.89324)
(-0.52238 0.49829 -0.88390)
(-0.51258 0.47009 -0.81862)
(-0.51305 0.45969 -0.78102)
(-0.51454 0.43010 -0.70416)
(-0.46504 0.36756 -0.60595)
(-0.47293 0.36187 -0.59229)
(-0.38421 0.25989 -0.42789)
(-0.33087 0.19423 -0.32956)
(-0.33354 0.18255 -0.28030)
(-0.31786 0.16441 -0.24642)
(-0.27905 0.12551 -0.19059)
(-0.30461 0.14687 -0.21258)
(-0.22820 0.06798 -0.07305)
(-0.16336 -0.00064 0.05520)
(-0.15898 -0.00229 0.06334)
(-0.13279 -0.02115 0.13541)
(-0.04068 -0.00897 0.05563)
(-0.00619 -0.00169 0.01079)
(0.00237 0.00065 -0.00422)
(0.00015 -0.00046 0.00059)
(0.00239 -0.00741 0.00929)
(0.00656 -0.02045 0.02427)
(0.00848 -0.02393 0.02469)
(0.01005 -0.02597 0.02784)
(0.01203 -0.03236 0.03118)
(0.01210 -0.03683 0.03659)
(0.00470 -0.01831 0.03095)
(0.00505 -0.02042 0.03722)
(0.00226 -0.01558 0.03379)
(-0.00602 -0.01173 0.06075)
(-0.05158 0.03023 0.04608)
(-0.05937 0.03886 0.04723)
(-0.07647 0.05704 0.03721)
(-0.14743 0.14880 -0.02630)
(-0.23638 0.24480 -0.10249)
(-0.27831 0.31619 -0.14371)
(-0.36811 0.42703 -0.24307)
(-0.38350 0.45223 -0.29228)
(-0.41625 0.49364 -0.33081)
(-0.45326 0.58632 -0.42569)
(-0.49851 0.67754 -0.50688)
(-0.49179 0.68684 -0.53109)
(-0.48594 0.70209 -0.56818)
(-0.45928 0.72770 -0.65853)
(-0.44515 0.72297 -0.70137)
(-0.41973 0.69942 -0.73454)
(-0.40496 0.68384 -0.77261)
(-0.37140 0.60586 -0.82831)
(-0.37090 0.58359 -0.83314)
(-0.36748 0.54175 -0.87098)
(-0.39157 0.50905 -0.88959)
(-0.41933 0.49911 -0.88383)
(-0.42927 0.49596 -0.88919)
(-0.45346 0.49221 -0.87644)
(-0.50512 0.49569 -0.88502)
(-0.52781 0.50284 -0.85593)
(-0.56901 0.52493 -0.80317)
(-0.53530 0.47573 -0.77215)
(-0.51964 0.42564 -0.66486)
(-0.50291 0.40248 -0.63428)
(-0.49455 0.38810 -0.61089)
(-0.43323 0.31259 -0.49143)
(-0.35469 0.20591 -0.31629)
(-0.31699 0.16000 -0.23457)
(-0.27340 0.10430 -0.12687)
(-0.23137 0.06065 -0.05336)
(-0.20625 0.03453 -0.00301)
(-0.17650 0.00400 0.04761)
(-0.15680 -0.01246 0.08540)
(-0.12647 -0.03110 0.12400)
(-0.04245 -0.01302 0.06238)
(-0.00305 -0.00103 0.00453)
(0.00005 -0.00015 0.00040)
(0.00177 -0.00489 0.01203)
(0.00674 -0.01155 0.01945)
(0.00780 -0.01521 0.01878)
(0.00940 -0.01503 0.01554)
(0.01223 -0.02677 0.03052)
(0.00419 -0.01569 0.02311)
(0.01301 -0.03006 0.03372)
(0.00385 -0.01359 0.02487)
(0.00284 -0.01458 0.02894)
(0.00081 -0.00902 0.02196)
(-0.00130 -0.00886 0.02518)
(-0.00275 -0.00797 0.02787)
(-0.06385 0.04885 0.01188)
(-0.06593 0.04600 0.03713)
(-0.08442 0.06476 0.02759)
(-0.18809 0.18648 -0.06082)
(-0.24203 0.24757 -0.10759)
(-0.32705 0.35895 -0.19388)
(-0.41320 0.46695 -0.28702)
(-0.43740 0.49960 -0.31465)
(-0.46302 0.60207 -0.42388)
(-0.51325 0.69204 -0.50913)
(-0.50387 0.69941 -0.52682)
(-0.50673 0.71861 -0.54354)
(-0.49232 0.76388 -0.63423)
(-0.45402 0.73844 -0.69299)
(-0.44702 0.73440 -0.70732)
(-0.39357 0.66210 -0.78997)
(-0.37149 0.57133 -0.83577)
(-0.39779 0.55740 -0.84305)
(-0.43202 0.50034 -0.87936)
(-0.51550 0.52155 -0.84901)
(-0.55575 0.53402 -0.83554)
(-0.57057 0.51683 -0.78121)
(-0.51220 0.41242 -0.64125)
(-0.48696 0.37496 -0.58981)
(-0.33027 0.17455 -0.25855)
(-0.24098 0.06031 -0.06260)
(-0.04795 -0.01760 0.06224)
(0.00008 -0.00012 0.00229)
(0.00234 -0.00326 0.01315)
(0.00607 -0.00719 0.01864)
(0.00234 -0.00214 0.01758)
(0.00666 -0.00491 0.01642)
(0.00759 -0.00689 0.01572)
(0.00235 -0.00170 0.00846)
(0.00278 -0.00866 0.01888)
(-0.00116 -0.00315 0.01508)
(-0.00491 -0.00209 0.01768)
(-0.01369 0.01002 0.01212)
(-0.08811 0.07770 -0.02680)
(-0.11415 0.11053 -0.04778)
(-0.11230 0.09276 -0.01693)
(-0.22907 0.21484 -0.09200)
(-0.19068 0.18505 -0.05704)
(-0.27122 0.27314 -0.12716)
(-0.35727 0.37771 -0.21081)
(-0.36388 0.38145 -0.20656)
(-0.41911 0.46896 -0.28649)
(-0.44367 0.50318 -0.31642)
(-0.47134 0.57763 -0.37962)
(-0.53928 0.69905 -0.49092)
(-0.52450 0.71539 -0.52561)
(-0.51755 0.72868 -0.54269)
(-0.48298 0.77698 -0.65853)
(-0.00014 -0.00068 -0.00287)
(0.00037 0.00177 0.00669)
(0.00396 0.00372 0.01647)
(0.00576 -0.00163 0.01717)
(0.00655 0.00029 0.01130)
(0.00934 0.00426 0.00261)
(0.00270 0.00381 0.00142)
(-0.00058 0.00607 -0.00037)
(0.00029 0.00925 -0.00476)
(-0.00532 0.01350 -0.00788)
(-0.01947 0.02799 -0.01316)
(-0.05299 0.05759 -0.03477)
(-0.10440 0.10145 -0.04918)
(-0.11003 0.10808 -0.05147)
(-0.17416 0.16442 -0.08123)
(-0.23307 0.22531 -0.10977)
(-0.29837 0.30084 -0.15554)
(-0.37662 0.38640 -0.22548)
(-0.43441 0.47291 -0.29013)
(-0.51081 0.59280 -0.39041)
(-0.55866 0.68125 -0.45989)
(-0.00017 -0.00091 -0.00241)
(0.00013 0.00064 0.00166)
(0.00132 0.00579 0.01095)
(0.00715 0.01121 0.00644)
(0.00741 0.01168 0.00323)
(0.00790 0.01424 -0.00635)
(-0.00155 0.02332 -0.01428)
(-0.01999 0.03376 -0.02864)
(-0.03349 0.04400 -0.03605)
(-0.06748 0.07279 -0.05390)
(-0.09932 0.09935 -0.05260)
(-0.13207 0.12594 -0.07245)
(-0.18479 0.17496 -0.09877)
(-0.29253 0.27634 -0.16640)
(-0.30227 0.28782 -0.15630)
(-0.36769 0.34823 -0.20499)
(-0.42281 0.43756 -0.26704)
(0.00006 0.00027 0.00059)
(0.00245 0.00725 0.00655)
(0.00555 0.00917 0.00574)
(0.00722 0.01202 0.00553)
(0.00715 0.01318 0.00087)
(0.00687 0.01445 -0.00114)
(-0.00700 0.02936 -0.02362)
(-0.01698 0.03958 -0.03431)
(-0.02938 0.05008 -0.04166)
(-0.03832 0.05788 -0.04932)
(-0.08007 0.09481 -0.08247)
(-0.10749 0.11595 -0.09662)
(-0.11206 0.11034 -0.08568)
(-0.13168 0.13757 -0.11298)
(-0.15476 0.15513 -0.10737)
(-0.22586 0.21634 -0.13040)
(-0.00001 0.00101 0.00146)
(0.00451 0.00877 0.01118)
(0.00728 0.01283 0.00407)
(0.00214 0.01977 0.00869)
(0.00366 0.01798 0.00204)
(-0.00910 0.03067 -0.01501)
(-0.02207 0.04459 -0.04359)
(-0.03771 0.05755 -0.04945)
(-0.09286 0.10874 -0.09576)
(-0.12124 0.13034 -0.11065)
(0.00001 -0.00022 -0.00030)
(-0.00043 0.00637 0.00797)
(0.00093 0.01647 0.00760)
(-0.42666 0.73094 -0.73801)
(-0.37383 0.59362 -0.82350)
(-0.42103 0.50208 -0.87218)
(-0.47679 0.51607 -0.85475)
(-0.58270 0.53893 -0.78887)
(-0.53268 0.44394 -0.67973)
(-0.50295 0.39745 -0.61732)
(-0.41083 0.26915 -0.40561)
(-0.29859 0.14332 -0.20920)
(-0.22376 0.04272 -0.02073)
(-0.19987 0.02829 0.01239)
(-0.13020 -0.03461 0.12643)
(-0.12478 -0.03668 0.13123)
(-0.11885 -0.03868 0.13684)
(-0.01061 -0.00411 0.01456)
(-0.51835 0.78617 -0.61002)
(-0.45895 0.77418 -0.69210)
(-0.42926 0.74089 -0.72305)
(-0.41261 0.70147 -0.75785)
(-0.37679 0.61392 -0.81277)
(-0.37468 0.57948 -0.82600)
(-0.39418 0.55620 -0.82410)
(-0.42771 0.52931 -0.82738)
(-0.43323 0.50327 -0.86873)
(-0.50002 0.53761 -0.82651)
(-0.52536 0.52798 -0.84079)
(-0.57669 0.54830 -0.81514)
(-0.58828 0.54465 -0.78473)
(-0.58948 0.54092 -0.78350)
(-0.57787 0.50557 -0.73131)
(-0.52197 0.42361 -0.64625)
(-0.51132 0.40715 -0.62108)
(-0.48996 0.37216 -0.57179)
(-0.42346 0.28697 -0.42871)
(-0.34769 0.19760 -0.29784)
(-0.30396 0.14596 -0.21136)
(-0.25208 0.07610 -0.08977)
(-0.22716 0.04867 -0.02733)
(-0.17205 0.00141 0.05922)
(-0.12718 -0.03613 0.12703)
(-0.11713 -0.04033 0.13404)
(-0.04276 -0.01708 0.05532)
(-0.00416 -0.00179 0.00571)
(-0.59886 0.75737 -0.52084)
(-0.56458 0.79371 -0.57035)
(-0.55682 0.80504 -0.58476)
(-0.52134 0.83374 -0.64460)
(-0.49450 0.80339 -0.66042)
(-0.45797 0.77296 -0.70801)
(-0.41413 0.71783 -0.75257)
(-0.40346 0.67116 -0.77025)
(-0.37638 0.58839 -0.81816)
(-0.38544 0.61643 -0.78907)
(-0.38249 0.55884 -0.81474)
(-0.42440 0.52804 -0.79671)
(-0.46924 0.53028 -0.81744)
(-0.49821 0.53757 -0.81749)
(-0.54796 0.54840 -0.82004)
(-0.57665 0.55570 -0.79527)
(-0.60810 0.57275 -0.78418)
(-0.60004 0.54920 -0.77716)
(-0.59881 0.52967 -0.73063)
(-0.55981 0.47314 -0.67201)
(-0.52572 0.43282 -0.61373)
(-0.47792 0.35986 -0.54460)
(-0.43841 0.29747 -0.43957)
(-0.39509 0.25282 -0.37379)
(-0.30407 0.13831 -0.18328)
(-0.25269 0.07353 -0.08004)
(-0.25839 0.09014 -0.10508)
(-0.20598 0.03040 -0.00514)
(-0.18891 0.01818 0.01834)
(-0.17643 0.00758 0.01850)
(-0.13344 -0.03273 0.12096)
(-0.11231 -0.04256 0.12841)
(-0.05136 -0.02496 0.06882)
(-0.01082 -0.00637 0.01736)
(0.00407 0.00252 -0.00677)
(-0.51040 0.54485 -0.34679)
(-0.55122 0.62691 -0.41494)
(-0.57268 0.68570 -0.46247)
(-0.59623 0.75084 -0.51834)
(-0.58257 0.79313 -0.55995)
(-0.58045 0.82270 -0.59600)
(-0.53179 0.82698 -0.63624)
(-0.51240 0.80620 -0.65623)
(-0.46335 0.77699 -0.70611)
(-0.44487 0.75393 -0.72207)
(-0.41763 0.69796 -0.74793)
(-0.40875 0.64337 -0.77565)
(-0.41220 0.59296 -0.79442)
(-0.42169 0.57517 -0.79319)
(-0.43303 0.52991 -0.79723)
(-0.51291 0.55113 -0.79014)
(-0.55967 0.57201 -0.77883)
(-0.57103 0.56342 -0.79573)
(-0.58698 0.56963 -0.78301)
(-0.62808 0.58152 -0.76993)
(-0.62090 0.56574 -0.76077)
(-0.60010 0.54134 -0.71393)
(-0.58515 0.51724 -0.69623)
(-0.52350 0.44172 -0.61560)
(-0.48796 0.38763 -0.56001)
(-0.46478 0.37666 -0.52990)
(-0.42968 0.31508 -0.44878)
(-0.35108 0.21196 -0.29063)
(-0.30963 0.15583 -0.21763)
(-0.26304 0.10715 -0.14374)
(-0.21470 0.03860 -0.03569)
(-0.14665 -0.02211 0.06220)
(-0.17470 0.01425 0.00592)
(-0.11921 -0.04682 0.09779)
(-0.10026 -0.04352 0.09265)
(-0.00963 -0.00702 0.01492)
(0.00745 0.00618 -0.01292)
(-0.07387 -0.03451 0.06929)
(-0.29448 0.27780 -0.17266)
(-0.31677 0.29910 -0.18278)
(-0.33901 0.32053 -0.19933)
(-0.43219 0.43816 -0.27579)
(-0.50939 0.53850 -0.34462)
(-0.55171 0.58182 -0.38419)
(-0.53263 0.58325 -0.37744)
(-0.57440 0.65413 -0.43511)
(-0.60212 0.72536 -0.49537)
(-0.59569 0.77846 -0.54741)
(-0.58656 0.81950 -0.59162)
(-0.57209 0.82671 -0.60595)
(-0.51689 0.80503 -0.65749)
(-0.45181 0.76105 -0.71616)
(-0.43978 0.74344 -0.72628)
(-0.43020 0.67165 -0.75989)
(-0.40369 0.61629 -0.78610)
(-0.45467 0.59770 -0.78791)
(-0.45366 0.55926 -0.79166)
(-0.46949 0.59699 -0.78112)
(-0.53777 0.56572 -0.77954)
(-0.55729 0.57440 -0.77760)
(-0.57503 0.57943 -0.77491)
(-0.62525 0.58846 -0.75990)
(-0.62942 0.57995 -0.76365)
(-0.63124 0.58367 -0.76255)
(-0.61678 0.57176 -0.73695)
(-0.58522 0.51766 -0.67558)
(-0.57653 0.52242 -0.67161)
(-0.51608 0.45120 -0.59690)
(-0.45866 0.38824 -0.52037)
(-0.44196 0.34967 -0.48607)
(-0.33155 0.20683 -0.28176)
(-0.28070 0.13085 -0.18463)
(-0.25852 0.10572 -0.14800)
(-0.24083 0.08199 -0.11036)
(-0.14388 -0.00637 0.01096)
(-0.12748 -0.02697 0.04421)
(-0.10424 -0.04961 0.07539)
(-0.05007 -0.03616 0.05726)
(-0.00580 -0.00471 0.00777)
(-0.02245 -0.02677 0.03322)
(-0.00416 -0.00522 0.00657)
(-0.13443 0.14045 -0.11813)
(-0.14450 0.14757 -0.12091)
(-0.19636 0.19355 -0.14214)
(-0.29649 0.27914 -0.17846)
(-0.31573 0.29780 -0.18748)
(-0.31471 0.29620 -0.19193)
(-0.33722 0.31854 -0.20294)
(-0.45158 0.45756 -0.30017)
(-0.41073 0.38771 -0.25647)
(-0.49882 0.50083 -0.33743)
(-0.54540 0.55797 -0.37098)
(-0.61355 0.68052 -0.46648)
(-0.62226 0.69832 -0.47899)
(-0.59869 0.75597 -0.52435)
(-0.59176 0.81773 -0.58692)
(-0.57865 0.82319 -0.59991)
(-0.57112 0.82522 -0.60766)
(-0.54057 0.81262 -0.63666)
(-0.45811 0.76803 -0.71093)
(-0.44674 0.75184 -0.72049)
(-0.43953 0.70662 -0.75267)
(-0.41834 0.63450 -0.77805)
(-0.46316 0.61184 -0.78043)
(-0.47375 0.60621 -0.78085)
(-0.51568 0.58022 -0.77864)
(-0.55644 0.57709 -0.77722)
(-0.57318 0.58142 -0.77410)
(-0.57171 0.58365 -0.77395)
(-0.62198 0.59570 -0.75226)
(-0.62636 0.60302 -0.73811)
(-0.60655 0.58147 -0.72456)
(-0.59608 0.57042 -0.69767)
(-0.47775 0.41582 -0.54662)
(-0.45454 0.38980 -0.52057)
(-0.43728 0.36340 -0.49566)
(-0.34097 0.23938 -0.33277)
(-0.27451 0.12795 -0.18522)
(-0.25441 0.10447 -0.15134)
(-0.23745 0.08090 -0.11429)
(-0.19792 0.04566 -0.07338)
(-0.13223 -0.01415 0.01261)
(-0.08096 -0.06002 0.07092)
(-0.01905 -0.02435 0.02493)
(0.00379 0.00532 -0.00576)
(-0.00136 -0.00183 0.00191)
(-0.00154 0.02477 0.01407)
(-0.01412 0.03966 -0.01860)
(-0.01427 0.03861 -0.02284)
(-0.03039 0.05568 -0.04880)
(-0.04530 0.06601 -0.04913)
(-0.04727 0.07221 -0.06148)
(-0.08578 0.10232 -0.08954)
(-0.12317 0.13242 -0.11461)
(-0.12616 0.13532 -0.11942)
(-0.13743 0.14346 -0.12329)
(-0.14892 0.15175 -0.12707)
(-0.21139 0.20552 -0.16524)
(-0.28349 0.26795 -0.19119)
(-0.33594 0.30140 -0.22284)
(-0.42285 0.39170 -0.27649)
(-0.50418 0.49217 -0.34283)
(-0.55900 0.56129 -0.40134)
(-0.61259 0.66847 -0.46057)
(-0.62133 0.68956 -0.47352)
(-0.61351 0.73156 -0.50335)
(-0.61158 0.76882 -0.53824)
(-0.58482 0.82104 -0.59429)
(-0.57627 0.82329 -0.60306)
(-0.54966 0.80188 -0.64694)
(-0.49372 0.78543 -0.68668)
(-0.47190 0.75368 -0.71960)
(-0.46193 0.72034 -0.74242)
(-0.43567 0.66346 -0.76117)
(-0.46375 0.62006 -0.78014)
(-0.47722 0.61522 -0.78060)
(-0.50565 0.60203 -0.77964)
(-0.55541 0.59487 -0.77492)
(-0.56445 0.59315 -0.77266)
(-0.60502 0.60350 -0.76183)
(-0.63115 0.61315 -0.74148)
(-0.61123 0.59992 -0.72337)
(-0.61477 0.59336 -0.71087)
(-0.59455 0.58063 -0.68562)
(-0.56285 0.54043 -0.65599)
(-0.51836 0.46643 -0.59345)
(-0.46153 0.40481 -0.53403)
(-0.43684 0.37609 -0.50546)
(-0.43023 0.36132 -0.49226)
(-0.35799 0.27507 -0.39443)
(-0.27161 0.13526 -0.21466)
(-0.26540 0.18236 -0.24875)
(-0.22580 0.09958 -0.16189)
(-0.14935 0.04253 -0.06534)
(-0.13049 -0.01514 -0.00446)
(-0.10763 -0.03882 0.03467)
(-0.09746 -0.04162 0.03815)
(-0.05101 -0.05551 0.05407)
(-0.01050 -0.01349 0.01337)
(-0.00004 0.00129 0.00158)
(0.00017 0.00324 0.00329)
(-0.01106 0.03090 0.00555)
(-0.02046 0.04417 -0.01283)
(-0.03347 0.05262 -0.00579)
(-0.04506 0.06308 -0.03238)
(-0.06039 0.07470 -0.04916)
(-0.07147 0.08429 -0.05858)
(-0.10093 0.10767 -0.07910)
(-0.10033 0.10767 -0.08005)
(-0.14737 0.14955 -0.12786)
(-0.20489 0.18549 -0.15536)
(-0.22750 0.20537 -0.17730)
(-0.28932 0.25832 -0.20674)
(-0.33127 0.29274 -0.23787)
(-0.43208 0.37938 -0.29129)
(-0.45902 0.40340 -0.30903)
(-0.51573 0.48439 -0.35856)
(-0.58789 0.56016 -0.42413)
(-0.61554 0.63190 -0.45929)
(-0.64164 0.65008 -0.49545)
(-0.64006 0.72894 -0.51779)
(-0.62664 0.74859 -0.55911)
(-0.60450 0.79988 -0.59276)
(-0.59349 0.79208 -0.62001)
(-0.58563 0.79223 -0.63628)
(-0.52073 0.80186 -0.67480)
(-0.51044 0.76904 -0.69658)
(-0.49528 0.72876 -0.73361)
(-0.46450 0.68930 -0.75332)
(-0.48522 0.66936 -0.76335)
(-0.49001 0.64284 -0.77711)
(-0.50126 0.61019 -0.78166)
(-0.54082 0.61376 -0.77967)
(-0.57448 0.61741 -0.78083)
(-0.60033 0.61194 -0.76426)
(-0.63124 0.61901 -0.74686)
(-0.59520 0.59721 -0.71795)
(-0.60203 0.59444 -0.70554)
(-0.54843 0.55868 -0.65060)
(-0.50326 0.49748 -0.59738)
(-0.43003 0.40834 -0.51438)
(-0.33525 0.28585 -0.37787)
(-0.34937 0.34555 -0.41984)
(-0.26605 0.19531 -0.30068)
(-0.22575 0.18208 -0.24022)
(-0.19247 0.11617 -0.14554)
(-0.15103 0.07509 -0.08289)
(-0.11257 -0.00155 -0.00401)
(-0.09126 -0.00941 -0.00397)
(-0.04069 -0.02352 0.02657)
(-0.01955 -0.01189 0.01372)
(-0.00716 -0.00454 0.00530)
(-0.00034 0.00135 0.00176)
(-0.01537 0.03306 0.00629)
(-0.03299 0.05071 0.00196)
(-0.05350 0.06498 -0.00047)
(-0.05590 0.06701 -0.00424)
(-0.06067 0.07108 -0.01138)
(-0.07549 0.08622 -0.05810)
(-0.07513 0.08264 -0.02589)
(-0.11214 0.11349 -0.07762)
(-0.13161 0.13127 -0.09871)
(-0.17709 0.15845 -0.12595)
(-0.21811 0.18851 -0.14012)
(-0.26524 0.22865 -0.18540)
(-0.30784 0.27229 -0.22264)
(-0.36188 0.30917 -0.24420)
(-0.43022 0.36913 -0.30141)
(-0.53089 0.44310 -0.35404)
(-0.56702 0.49000 -0.39594)
(-0.60515 0.58613 -0.44503)
(-0.65744 0.64289 -0.52871)
(-0.65319 0.69352 -0.53434)
(-0.64499 0.71752 -0.55367)
(-0.63455 0.77584 -0.58415)
(-0.65376 0.74319 -0.58194)
(-0.61609 0.78489 -0.60879)
(-0.60061 0.77793 -0.63792)
(-0.52793 0.79793 -0.67354)
(-0.53361 0.76827 -0.69129)
(-0.53116 0.71495 -0.73385)
(-0.49407 0.70059 -0.74981)
(-0.53013 0.70261 -0.74198)
(-0.49541 0.67682 -0.76108)
(-0.51089 0.65869 -0.77121)
(-0.51480 0.63863 -0.78148)
(-0.51908 0.63157 -0.78277)
(-0.55051 0.62872 -0.78148)
(-0.57529 0.62604 -0.77986)
(-0.56000 0.61325 -0.76378)
(-0.58608 0.61247 -0.76935)
(-0.58793 0.61284 -0.74573)
(-0.59786 0.61223 -0.72602)
(-0.57641 0.58932 -0.69627)
(-0.56437 0.58987 -0.69989)
(-0.52797 0.56470 -0.65379)
(-0.50948 0.55172 -0.62673)
(-0.44175 0.46496 -0.53863)
(-0.34666 0.37363 -0.43318)
(-0.27371 0.24028 -0.31120)
(-0.29267 0.32208 -0.37016)
(-0.22899 0.21467 -0.26074)
(-0.12300 0.14148 -0.13287)
(-0.14316 0.11460 -0.12297)
(-0.09990 0.10361 -0.09009)
(-0.08586 0.01177 -0.02307)
(-0.07680 0.00545 -0.01542)
(-0.09373 0.09921 -0.08425)
(-0.05767 0.00326 -0.01026)
(-0.00570 -0.00343 0.00533)
(-0.00018 0.00047 0.00059)
(-0.02339 0.03380 0.00831)
(-0.04360 0.05168 0.00320)
(-0.06225 0.07179 -0.00479)
(-0.06919 0.07744 -0.01590)
(-0.07121 0.07823 -0.01028)
(-0.07763 0.08327 -0.01967)
(-0.12189 0.12155 -0.07164)
(-0.20410 0.17821 -0.12851)
(-0.22700 0.19362 -0.13337)
(-0.28292 0.24041 -0.18809)
(-0.35421 0.28881 -0.21722)
(-0.37558 0.30876 -0.23272)
(-0.44951 0.37499 -0.30201)
(-0.55930 0.45663 -0.37193)
(-0.57384 0.47566 -0.38662)
(-0.59299 0.49118 -0.40094)
(-0.61664 0.58005 -0.45523)
(-0.66537 0.63642 -0.53375)
(-0.66291 0.65539 -0.54154)
(-0.66391 0.67613 -0.55740)
(-0.66068 0.70748 -0.60101)
(-0.64216 0.73070 -0.61755)
(-0.62208 0.72817 -0.65318)
(-0.58855 0.76135 -0.66734)
(-0.57114 0.73804 -0.68630)
(-0.54160 0.71022 -0.73419)
(-0.54122 0.70139 -0.73969)
(-0.53038 0.69552 -0.74774)
(-0.53207 0.66856 -0.76427)
(-0.51434 0.64539 -0.77938)
(-0.52939 0.63218 -0.78553)
(-0.54799 0.62567 -0.77399)
(-0.56124 0.62840 -0.76356)
(-0.55396 0.61192 -0.73783)
(-0.55049 0.60919 -0.73004)
(-0.54645 0.59204 -0.70379)
(-0.52312 0.56706 -0.65289)
(-0.50626 0.55622 -0.63703)
(-0.42365 0.47590 -0.53590)
(-0.43016 0.48831 -0.55586)
(-0.38827 0.42867 -0.48760)
(-0.24373 0.33777 -0.33355)
(-0.24221 0.26889 -0.29376)
(-0.22512 0.32015 -0.30761)
(-0.14910 0.18468 -0.17723)
(-0.10416 0.14334 -0.11847)
(-0.09466 0.11920 -0.09878)
(-0.06876 0.04508 -0.04092)
(-0.04861 0.01884 -0.02289)
(-0.07773 0.10437 -0.08330)
(-0.00866 0.00187 -0.00016)
(-0.00164 0.00037 -0.00000)
(0.00029 -0.00071 -0.00109)
(-0.01925 0.02354 0.00547)
(-0.03195 0.03815 0.01138)
(-0.06536 0.07396 -0.00039)
(-0.07616 0.08109 -0.00795)
(-0.14556 0.13813 -0.06143)
(-0.18902 0.16705 -0.09764)
(-0.21844 0.18559 -0.11117)
(-0.35719 0.28955 -0.20648)
(-0.37766 0.30190 -0.21329)
(-0.39481 0.31426 -0.22646)
(-0.45200 0.36071 -0.29027)
(-0.57025 0.45826 -0.37133)
(-0.58137 0.47395 -0.38684)
(-0.59950 0.48868 -0.40100)
(-0.66106 0.58400 -0.48507)
(-0.66952 0.64396 -0.54532)
(-0.67552 0.63855 -0.56728)
(-0.68539 0.66151 -0.60370)
(-0.65421 0.70100 -0.62273)
(-0.64234 0.68790 -0.65753)
(-0.61397 0.71986 -0.67400)
(-0.60939 0.71648 -0.68183)
(-0.59027 0.69604 -0.71773)
(-0.55116 0.69404 -0.73877)
(-0.54001 0.69444 -0.74471)
(-0.52986 0.66392 -0.75493)
(-0.53529 0.65862 -0.76235)
(-0.51756 0.63503 -0.77034)
(-0.52731 0.64268 -0.76208)
(-0.53495 0.63620 -0.76798)
(-0.54110 0.62397 -0.76133)
(-0.53009 0.60704 -0.73663)
(-0.54192 0.60950 -0.73787)
(-0.53682 0.60555 -0.72871)
(-0.52852 0.60034 -0.71711)
(-0.48457 0.56816 -0.65018)
(-0.51411 0.56616 -0.64989)
(-0.49937 0.55709 -0.63416)
(-0.41759 0.50583 -0.55652)
(-0.37403 0.45680 -0.48605)
(-0.36623 0.46014 -0.47783)
(-0.24357 0.35109 -0.33620)
(-0.22395 0.33340 -0.30987)
(-0.18867 0.27155 -0.24671)
(-0.20606 0.31936 -0.28690)
(-0.10414 0.16000 -0.12561)
(-0.09427 0.13715 -0.10920)
(-0.09374 0.15442 -0.11668)
(-0.06714 0.10945 -0.08318)
(-0.03484 0.04865 -0.03782)
(-0.00260 0.00519 -0.00311)
(0.00082 -0.00288 0.00172)
(0.00274 -0.00437 -0.00440)
(-0.00095 0.00172 0.00155)
(-0.01952 0.02685 0.01353)
(-0.06623 0.07693 0.01212)
(-0.10148 0.10309 -0.00404)
(-0.13980 0.13101 -0.04178)
(-0.17435 0.15165 -0.05665)
(-0.20098 0.16912 -0.07953)
(-0.26957 0.21852 -0.12366)
(-0.35519 0.28588 -0.19628)
(-0.37596 0.29952 -0.20454)
(-0.39879 0.31504 -0.22073)
(-0.44592 0.34512 -0.23236)
(-0.46231 0.35861 -0.28417)
(-0.51178 0.39194 -0.30442)
(-0.58790 0.47220 -0.38236)
(-0.60405 0.48558 -0.39543)
(-0.64639 0.52395 -0.43421)
(-0.68298 0.56444 -0.49648)
(-0.68640 0.61694 -0.54905)
(-0.70115 0.59132 -0.52219)
(-0.69769 0.62827 -0.58571)
(-0.68809 0.64710 -0.59372)
(-0.67377 0.65897 -0.62078)
(-0.66401 0.64826 -0.65274)
(-0.62256 0.70440 -0.67758)
(-0.61762 0.70181 -0.68415)
(-0.60535 0.68122 -0.70910)
(-0.58632 0.65061 -0.72669)
(-0.54892 0.68919 -0.74251)
(-0.58199 0.64151 -0.73530)
(-0.54543 0.66550 -0.74876)
(-0.54822 0.65449 -0.75675)
(-0.53819 0.63616 -0.75737)
(-0.52988 0.63542 -0.76467)
(-0.52501 0.63107 -0.76293)
(-0.50072 0.60136 -0.73552)
(-0.48517 0.58780 -0.71621)
(-0.52469 0.60268 -0.72690)
(-0.51496 0.59577 -0.71292)
(-0.43648 0.54725 -0.62463)
(-0.44007 0.53716 -0.60429)
(-0.39155 0.50089 -0.53541)
(-0.34956 0.47219 -0.48125)
(-0.26067 0.39042 -0.36691)
(-0.25112 0.41055 -0.36507)
(-0.22363 0.34307 -0.31203)
(-0.20446 0.32676 -0.28782)
(-0.11860 0.25901 -0.17943)
(-0.11972 0.22853 -0.17015)
(-0.08097 0.19827 -0.12949)
(-0.07930 0.14512 -0.10542)
(-0.01358 0.04021 -0.02450)
(-0.00676 0.05215 -0.02879)
(-0.00002 0.00056 -0.00034)
(0.00413 -0.00758 -0.00701)
(-0.03982 0.05198 0.01694)
(-0.07614 0.08475 0.01556)
(0.00304 -0.00671 -0.00756)
(-0.00506 0.00972 0.00969)
(-0.08586 0.09541 0.01256)
(-0.10127 0.10261 0.00042)
(-0.11733 0.11268 -0.01461)
(-0.11834 0.11945 -0.00969)
(-0.19689 0.16990 -0.07138)
(-0.26061 0.21113 -0.10588)
(-0.30597 0.24506 -0.14748)
(-0.26104 0.21603 -0.10176)
(-0.30334 0.24655 -0.13924)
(-0.39779 0.31412 -0.21287)
(-0.42821 0.32637 -0.20435)
(-0.50691 0.38821 -0.27840)
(-0.55626 0.43670 -0.32907)
(-0.57115 0.43728 -0.30063)
(-0.61059 0.48334 -0.36571)
(-0.63177 0.50481 -0.40254)
(-0.68514 0.55934 -0.48512)
(-0.70447 0.57227 -0.51643)
(-0.69158 0.59234 -0.53949)
(-0.67482 0.59948 -0.56375)
(-0.68055 0.64202 -0.61230)
(-0.66118 0.62686 -0.64804)
(-0.63516 0.67886 -0.67932)
(-0.62225 0.67248 -0.68031)
(-0.61620 0.65825 -0.70553)
(-0.61051 0.61455 -0.72362)
(-0.60533 0.61141 -0.72605)
(-0.57007 0.63625 -0.73692)
(-0.55294 0.63930 -0.74447)
(-0.52963 0.60910 -0.74174)
(-0.51049 0.60906 -0.74392)
(-0.52357 0.62846 -0.75659)
(-0.52059 0.62970 -0.76248)
(-0.48195 0.59511 -0.72563)
(-0.46789 0.58354 -0.71739)
(-0.41813 0.54716 -0.66581)
(-0.46675 0.57712 -0.69698)
(-0.42096 0.54410 -0.63316)
(-0.36282 0.50888 -0.56281)
(-0.34855 0.49236 -0.52844)
(-0.35546 0.48563 -0.51585)
(-0.31840 0.45996 -0.44314)
(-0.30940 0.45832 -0.45131)
(-0.24904 0.41002 -0.36699)
(-0.22724 0.37043 -0.32005)
(-0.21901 0.38593 -0.32891)
(-0.17480 0.34865 -0.26437)
(-0.20460 0.33321 -0.29029)
(-0.14381 0.28836 -0.21536)
(-0.08944 0.23877 -0.15258)
(-0.04905 0.22107 -0.11311)
(-0.04830 0.19347 -0.10249)
(-0.00817 0.06517 -0.03241)
(0.00018 -0.00412 0.00223)
(-0.00056 0.00675 -0.00331)
(-0.00401 0.00574 0.00344)
(-0.04155 0.04927 0.02043)
(-0.05108 0.06392 0.01982)
(-0.08641 0.10015 0.02194)
(-0.10098 0.11029 0.01312)
(-0.22550 0.19362 -0.08120)
(-0.22205 0.18746 -0.06104)
(-0.30972 0.25014 -0.11438)
(-0.33538 0.25869 -0.12513)
(-0.46827 0.36355 -0.22289)
(-0.50132 0.38917 -0.24067)
(-0.57357 0.44645 -0.31794)
(-0.57076 0.45771 -0.32342)
(-0.64669 0.52322 -0.41818)
(-0.63470 0.52053 -0.42941)
(-0.68030 0.56406 -0.51563)
(-0.66570 0.56160 -0.56824)
(-0.66314 0.56533 -0.58862)
(-0.65874 0.56237 -0.59568)
(-0.65775 0.62341 -0.65512)
(-0.65615 0.56798 -0.63381)
(-0.63777 0.60408 -0.69175)
(-0.62198 0.61268 -0.69591)
(-0.61503 0.59773 -0.70768)
(-0.59284 0.58199 -0.70278)
(-0.57905 0.56976 -0.70894)
(-0.58002 0.61618 -0.72703)
(-0.55447 0.58780 -0.72848)
(-0.54312 0.58988 -0.73289)
(-0.52067 0.58175 -0.72477)
(-0.48379 0.57590 -0.72404)
(-0.48650 0.58786 -0.73391)
(-0.47641 0.58245 -0.72669)
(-0.44786 0.56395 -0.69615)
(-0.42099 0.55558 -0.67140)
(-0.37191 0.51155 -0.61610)
(-0.40927 0.53266 -0.63277)
(-0.36670 0.50311 -0.57179)
(-0.34522 0.48692 -0.53639)
(-0.27986 0.43737 -0.43119)
(-0.21855 0.39191 -0.35915)
(-0.24776 0.41337 -0.37903)
(-0.21565 0.38353 -0.32752)
(-0.16894 0.35102 -0.26416)
(-0.12762 0.31923 -0.19677)
(-0.07829 0.24740 -0.14315)
(-0.09832 0.27277 -0.16007)
(-0.05033 0.22408 -0.11419)
(-0.04604 0.21841 -0.11003)
(-0.02771 0.15248 -0.07491)
(-0.00452 0.05725 -0.02678)
(-0.00020 -0.00337 0.00128)
(0.00098 -0.01520 0.00741)
(-0.00530 0.00713 0.00279)
(-0.02493 0.03249 0.01158)
(-0.03481 0.04489 0.01386)
(-0.08402 0.10045 0.02276)
(-0.09867 0.11125 0.01455)
(-0.16158 0.15375 -0.02295)
(-0.09107 0.10661 0.01869)
(-0.19528 0.17975 -0.04028)
(-0.25750 0.21462 -0.07894)
(-0.30910 0.24294 -0.10881)
(-0.28632 0.23701 -0.09513)
(-0.31832 0.25035 -0.11265)
(-0.39928 0.31313 -0.16250)
(-0.43445 0.35122 -0.19729)
(-0.51736 0.41475 -0.26056)
(-0.55524 0.45742 -0.31472)
(-0.57754 0.47511 -0.34549)
(-0.57786 0.47799 -0.35390)
(-0.63516 0.52431 -0.45450)
(-0.65788 0.55427 -0.55537)
(-0.65915 0.55850 -0.57361)
(-0.65349 0.55497 -0.57903)
(-0.65070 0.55383 -0.59232)
(-0.63944 0.56890 -0.67757)
(-0.62657 0.56700 -0.69061)
(-0.60152 0.54225 -0.68097)
(-0.59095 0.53286 -0.67932)
(-0.58152 0.54021 -0.69029)
(-0.54766 0.54635 -0.70120)
(-0.54003 0.54578 -0.70104)
(-0.53340 0.54490 -0.70083)
(-0.48896 0.55956 -0.71025)
(-0.47491 0.56853 -0.71923)
(-0.44275 0.55380 -0.69777)
(-0.39222 0.51337 -0.64260)
(-0.36872 0.50088 -0.61350)
(-0.30261 0.44118 -0.52731)
(-0.33024 0.47206 -0.55694)
(-0.29152 0.43123 -0.51013)
(-0.28938 0.43296 -0.49390)
(-0.26020 0.42808 -0.43075)
(-0.21729 0.38975 -0.36425)
(-0.20540 0.38002 -0.34352)
(-0.20568 0.38157 -0.33696)
(-0.19310 0.37039 -0.32279)
(-0.17346 0.35207 -0.28357)
(-0.13343 0.31509 -0.20914)
(-0.10090 0.27375 -0.17038)
(-0.10158 0.28416 -0.16450)
(-0.08709 0.27444 -0.14908)
(-0.04476 0.22056 -0.10580)
(-0.02546 0.15947 -0.07512)
(-0.01119 0.10380 -0.04412)
(0.00121 0.01396 -0.00518)
(-0.00199 -0.00698 0.00186)
(-0.00858 0.01157 0.00410)
(-0.00758 0.01043 0.00350)
(-0.05354 0.06790 0.01773)
(-0.08598 0.10585 0.02146)
(-0.18136 0.17121 -0.03301)
(-0.17271 0.17725 -0.02891)
(-0.18794 0.18637 -0.03711)
(-0.25340 0.23097 -0.07319)
(-0.34204 0.29602 -0.13162)
(-0.33045 0.30257 -0.11640)
(-0.44975 0.37979 -0.21376)
(-0.49254 0.41624 -0.26788)
(-0.55359 0.46014 -0.32302)
(-0.55432 0.46324 -0.33174)
(-0.57761 0.47945 -0.36005)
(-0.58221 0.48936 -0.42013)
(-0.65121 0.55018 -0.55680)
(-0.64480 0.54588 -0.55942)
(-0.61475 0.52151 -0.56069)
(-0.61558 0.52898 -0.62082)
(-0.60550 0.52605 -0.64876)
(-0.57458 0.49123 -0.63434)
(-0.56942 0.48905 -0.63530)
(-0.56445 0.48566 -0.63503)
(-0.54554 0.53404 -0.69360)
(-0.53608 0.50310 -0.65650)
(-0.53811 0.53250 -0.69309)
(-0.53076 0.53156 -0.69373)
(-0.48315 0.52318 -0.68338)
(-0.44926 0.49268 -0.64942)
(-0.44424 0.50746 -0.66129)
(-0.46538 0.56179 -0.71419)
(-0.40390 0.50703 -0.65799)
(-0.38238 0.45995 -0.61018)
(-0.38031 0.49759 -0.62930)
(-0.30165 0.43692 -0.52986)
(-0.29054 0.42674 -0.51232)
(-0.27965 0.41779 -0.49574)
(-0.25276 0.39706 -0.45442)
(-0.21492 0.38674 -0.36696)
(-0.20505 0.37811 -0.34983)
(-0.20352 0.36419 -0.35773)
(-0.19409 0.36961 -0.33054)
(-0.12893 0.30544 -0.21919)
(-0.15333 0.32388 -0.26848)
(-0.11259 0.28074 -0.19865)
(-0.08317 0.24682 -0.14896)
(-0.09761 0.26686 -0.17710)
(-0.03791 0.19171 -0.09861)
(-0.03106 0.18002 -0.08775)
(-0.00224 0.06358 -0.02587)
(-0.00885 0.05996 -0.02814)
(-0.00018 0.01039 -0.00412)
(-0.04276 0.05594 0.01465)
(-0.01004 0.01396 0.00438)
(-0.03034 0.05199 0.01778)
(-0.11433 0.13623 0.00372)
(-0.14720 0.16656 -0.01168)
(-0.19143 0.19536 -0.03500)
(-0.23342 0.23037 -0.05839)
(-0.29903 0.28242 -0.09940)
(-0.30333 0.28729 -0.10201)
(-0.36024 0.32363 -0.14562)
(-0.38463 0.34710 -0.17618)
(-0.52723 0.44573 -0.30435)
(-0.55129 0.46802 -0.35204)
(-0.58268 0.49572 -0.46507)
(-0.54097 0.46992 -0.43595)
(-0.57519 0.48437 -0.49920)
(-0.60630 0.51281 -0.59649)
(-0.59832 0.50710 -0.60283)
(-0.56804 0.47710 -0.61551)
(-0.56209 0.47735 -0.62098)
(-0.55654 0.47337 -0.62135)
(-0.52911 0.46695 -0.62764)
(-0.53392 0.51720 -0.68235)
(-0.49339 0.44400 -0.59264)
(-0.49490 0.45612 -0.61357)
(-0.52712 0.51704 -0.68421)
(-0.48811 0.48003 -0.64976)
(-0.45597 0.46935 -0.64420)
(-0.42944 0.45672 -0.62807)
(-0.39797 0.44685 -0.60529)
(-0.35943 0.42978 -0.57852)
(-0.36329 0.45688 -0.59496)
(-0.33666 0.42407 -0.55849)
(-0.31370 0.43006 -0.55008)
(-0.29055 0.42238 -0.51561)
(-0.27993 0.41082 -0.49990)
(-0.26918 0.40022 -0.48457)
(-0.26782 0.40417 -0.48096)
(-0.22475 0.36677 -0.41762)
(-0.17815 0.32270 -0.32771)
(-0.19429 0.36731 -0.33790)
(-0.15110 0.30665 -0.28181)
(-0.14518 0.29859 -0.25743)
(-0.11788 0.28315 -0.20918)
(-0.08514 0.25260 -0.17922)
(-0.06050 0.22155 -0.12589)
(-0.02816 0.15356 -0.07738)
(-0.03149 0.13974 -0.07473)
(-0.02064 0.11717 -0.05843)
(-0.00488 0.03089 -0.01502)
(-0.00144 0.01052 -0.00486)
(-0.00030 0.00063 0.00028)
(-0.00870 0.01734 0.00732)
(-0.00285 0.00438 0.00094)
(-0.06334 0.08795 0.01307)
(-0.19338 0.20302 -0.03748)
(-0.04986 0.07477 0.00779)
(-0.12779 0.16105 -0.00376)
(-0.18510 0.20219 -0.03734)
(-0.28190 0.27421 -0.09075)
(-0.24679 0.24763 -0.07248)
(-0.28623 0.27159 -0.09211)
(-0.28622 0.27769 -0.10812)
(-0.37967 0.34802 -0.18138)
(-0.38497 0.35866 -0.19797)
(-0.43959 0.39545 -0.26047)
(-0.44150 0.39535 -0.27543)
(-0.52425 0.45064 -0.37964)
(-0.52863 0.45232 -0.38307)
(-0.50731 0.43540 -0.40404)
(-0.55758 0.47126 -0.52129)
(-0.50639 0.43467 -0.43961)
(-0.54761 0.46554 -0.54389)
(-0.54352 0.45159 -0.55414)
(-0.51254 0.43373 -0.53552)
(-0.52312 0.43640 -0.56486)
(-0.49651 0.41509 -0.54499)
(-0.46469 0.38470 -0.52101)
(-0.44906 0.37407 -0.51668)
(-0.42768 0.37518 -0.51108)
(-0.44906 0.41080 -0.56562)
(-0.43423 0.42689 -0.60639)
(-0.42174 0.37820 -0.51759)
(-0.42158 0.42088 -0.61554)
(-0.39720 0.41535 -0.58109)
(-0.35061 0.39572 -0.54471)
(-0.34283 0.41039 -0.55627)
(-0.28394 0.36483 -0.48651)
(-0.27386 0.35683 -0.47406)
(-0.24790 0.35852 -0.45088)
(-0.20522 0.31978 -0.39668)
(-0.19776 0.32398 -0.37895)
(-0.16651 0.29872 -0.33374)
(-0.14470 0.27970 -0.31526)
(-0.14594 0.28618 -0.29338)
(-0.11474 0.26271 -0.24104)
(-0.09588 0.23786 -0.20939)
(-0.08649 0.23735 -0.17892)
(-0.06319 0.22333 -0.14779)
(-0.04148 0.13741 -0.09958)
(-0.03512 0.14131 -0.09266)
(-0.00830 0.03657 -0.02405)
(-0.00405 0.02654 -0.01423)
(0.00961 -0.01863 -0.00566)
(-0.00121 0.00211 0.00051)
(-0.09206 0.12061 -0.00148)
(0.00077 -0.00143 -0.00029)
(-0.01879 0.03311 0.00575)
(-0.09174 0.13154 0.00636)
(-0.11780 0.15635 -0.00174)
(-0.18971 0.21302 -0.04467)
(-0.11274 0.15422 -0.00101)
(-0.12352 0.16235 -0.00686)
(-0.25208 0.26306 -0.09478)
(-0.28562 0.29601 -0.13527)
(-0.35504 0.34594 -0.19246)
(-0.34104 0.33340 -0.20269)
(-0.44044 0.39880 -0.31300)
(-0.40649 0.37462 -0.28464)
(-0.40907 0.37078 -0.31092)
(-0.39226 0.35190 -0.30640)
(-0.46041 0.39852 -0.40751)
(-0.38847 0.34699 -0.31044)
(-0.48909 0.41060 -0.47239)
(-0.47581 0.39808 -0.47412)
(-0.44416 0.36337 -0.43808)
(-0.44799 0.36706 -0.45992)
(-0.43205 0.35273 -0.45761)
(-0.43716 0.35151 -0.48825)
(-0.40444 0.32534 -0.45114)
(-0.37589 0.30359 -0.42694)
(-0.32292 0.25587 -0.36408)
(-0.40372 0.38911 -0.55287)
(-0.37174 0.36482 -0.52530)
(-0.32297 0.27838 -0.39490)
(-0.31533 0.29240 -0.43687)
(-0.32261 0.33378 -0.47387)
(-0.29246 0.31054 -0.43652)
(-0.27118 0.27258 -0.39620)
(-0.26158 0.27046 -0.39089)
(-0.26180 0.29342 -0.41744)
(-0.27223 0.34752 -0.46769)
(-0.25160 0.30519 -0.43232)
(-0.21990 0.29966 -0.40260)
(-0.20566 0.30705 -0.39965)
(-0.18540 0.26571 -0.35408)
(-0.16835 0.25392 -0.32257)
(-0.14267 0.25924 -0.29785)
(-0.14280 0.27347 -0.30730)
(-0.10971 0.22187 -0.24523)
(-0.10397 0.23609 -0.24020)
(-0.05708 0.16988 -0.14920)
(-0.04283 0.11770 -0.11804)
(-0.02275 0.06966 -0.06515)
(-0.01414 0.04872 -0.03913)
(-0.00457 0.01778 -0.01304)
(0.00074 -0.00416 0.00244)
(0.00328 -0.01472 0.01107)
(0.00202 -0.01150 0.00675)
(0.00895 -0.01688 -0.00359)
(-0.00457 0.00731 0.00095)
(-0.04519 0.06849 0.00612)
(0.01067 -0.01887 -0.00364)
(-0.02885 0.04416 0.00390)
(-0.08282 0.11896 0.00422)
(-0.13827 0.18211 -0.02231)
(-0.07661 0.10983 0.00257)
(-0.10303 0.14380 -0.00035)
(-0.18014 0.21368 -0.06333)
(-0.21225 0.24018 -0.08813)
(-0.24605 0.26337 -0.12270)
(-0.32052 0.32064 -0.19671)
(-0.25966 0.27461 -0.14810)
(-0.32419 0.32264 -0.22966)
(-0.36628 0.33507 -0.27657)
(-0.36407 0.33127 -0.27863)
(-0.36324 0.32777 -0.28103)
(-0.38702 0.34284 -0.31379)
(-0.44123 0.37234 -0.40740)
(-0.40963 0.33958 -0.38044)
(-0.42042 0.34531 -0.40563)
(-0.40501 0.31997 -0.38562)
(-0.36156 0.28417 -0.35862)
(-0.34336 0.26670 -0.34327)
(-0.30788 0.23244 -0.32066)
(-0.28198 0.20883 -0.28739)
(-0.27909 0.20937 -0.29148)
(-0.28175 0.23094 -0.32080)
(-0.26528 0.25793 -0.37528)
(-0.25784 0.25630 -0.37125)
(-0.24605 0.24204 -0.34944)
(-0.24578 0.25073 -0.36232)
(-0.23320 0.25277 -0.36645)
(-0.18646 0.22128 -0.31540)
(-0.16897 0.19160 -0.27065)
(-0.16555 0.21111 -0.29625)
(-0.16264 0.23139 -0.31052)
(-0.13753 0.18425 -0.24712)
(-0.12485 0.18551 -0.24445)
(-0.11719 0.19036 -0.23387)
(-0.11586 0.20774 -0.24522)
(-0.06717 0.13373 -0.15821)
(-0.02226 0.05914 -0.06197)
(-0.01001 0.02873 -0.02868)
(0.00030 -0.00093 0.00088)
(0.00366 -0.01074 0.01073)
(0.00442 -0.01398 0.01321)
(0.00022 -0.00036 -0.00005)
(0.00246 -0.00423 -0.00072)
(-0.01831 0.02819 0.00248)
(-0.08566 0.12212 -0.00694)
(-0.02098 0.04074 0.00447)
(-0.13592 0.17997 -0.04458)
(-0.18337 0.21324 -0.07105)
(-0.21933 0.24757 -0.11089)
(-0.16413 0.20409 -0.06391)
(-0.21697 0.24468 -0.11091)
(-0.22802 0.25264 -0.12074)
(-0.23286 0.25500 -0.12522)
(-0.26757 0.26387 -0.16751)
(-0.33697 0.31339 -0.24540)
(-0.33830 0.31171 -0.24848)
(-0.33746 0.30785 -0.24771)
(-0.36155 0.32316 -0.28082)
(-0.34931 0.29536 -0.28740)
(-0.32193 0.26482 -0.26553)
(-0.32644 0.26217 -0.28163)
(-0.29724 0.22902 -0.24800)
(-0.29624 0.22150 -0.26350)
(-0.29419 0.22004 -0.26670)
(-0.26683 0.19046 -0.25358)
(-0.26394 0.18991 -0.25658)
(-0.24691 0.17200 -0.22894)
(-0.25337 0.18012 -0.24497)
(-0.24339 0.18670 -0.26280)
(-0.25081 0.24016 -0.34742)
(-0.20850 0.15644 -0.22210)
(-0.23660 0.22248 -0.31982)
(-0.23457 0.22831 -0.32835)
(-0.19212 0.18417 -0.25907)
(-0.16188 0.16580 -0.23805)
(-0.15988 0.17893 -0.25096)
(-0.15399 0.17074 -0.23842)
(-0.10545 0.12078 -0.17648)
(-0.10470 0.12754 -0.18253)
(-0.09394 0.11338 -0.16220)
(-0.05393 0.06435 -0.09216)
(-0.02724 0.03418 -0.04826)
(-0.01107 0.02337 -0.02736)
(-0.00055 0.00151 -0.00158)
(0.00383 -0.00921 0.01017)
(0.00403 -0.01104 0.01155)
(-0.00449 0.00911 0.00127)
(-0.01378 0.02471 0.00049)
(-0.04025 0.06977 -0.00057)
(-0.01572 0.02708 -0.00049)
(-0.09898 0.12634 -0.03541)
(-0.17593 0.20453 -0.08389)
(-0.06162 0.07628 -0.02365)
(-0.11470 0.13288 -0.05416)
(-0.20511 0.23392 -0.10151)
(-0.21257 0.23934 -0.10614)
(-0.23955 0.24816 -0.13337)
(-0.21150 0.22478 -0.09724)
(-0.26473 0.26019 -0.15910)
(-0.32237 0.30058 -0.22850)
(-0.23918 0.23989 -0.14370)
(-0.21869 0.21999 -0.13158)
(-0.27367 0.24408 -0.18498)
(-0.28520 0.24570 -0.20813)
(-0.22014 0.19892 -0.12955)
(-0.23941 0.19460 -0.15943)
(-0.23196 0.17207 -0.14948)
(-0.21912 0.16301 -0.13293)
(-0.21703 0.15612 -0.13240)
(-0.22376 0.15781 -0.14524)
(-0.23705 0.16810 -0.17123)
(-0.24522 0.17302 -0.20572)
(-0.18901 0.12107 -0.11368)
(-0.23994 0.16384 -0.21222)
(-0.23200 0.15628 -0.20472)
(-0.20152 0.12689 -0.15980)
(-0.17360 0.10483 -0.14356)
(-0.17885 0.13685 -0.19999)
(-0.13210 0.06681 -0.09186)
(-0.12642 0.07784 -0.10595)
(-0.15284 0.11049 -0.15845)
(-0.14837 0.10860 -0.16342)
(-0.10509 0.07399 -0.11179)
(-0.08174 0.07011 -0.10015)
(-0.09333 0.09950 -0.14026)
(-0.07417 0.08344 -0.12146)
(-0.02539 0.02524 -0.03452)
(-0.02097 0.02293 -0.03333)
(-0.01495 0.01751 -0.02516)
(0.00285 -0.00351 0.00499)
(-0.00299 0.00523 -0.00002)
(-0.01080 0.01683 -0.00148)
(-0.01586 0.02113 -0.00508)
(-0.00739 0.01019 -0.00204)
(-0.02005 0.02530 -0.00468)
(-0.12275 0.13557 -0.04914)
(-0.15712 0.17152 -0.07305)
(-0.03417 0.04199 -0.00539)
(-0.06913 0.08110 -0.02372)
(-0.12471 0.13290 -0.06562)
(-0.16567 0.17987 -0.09012)
(-0.10071 0.11119 -0.05312)
(-0.16846 0.17411 -0.08779)
(-0.19323 0.18166 -0.08660)
(-0.12866 0.13705 -0.06058)
(-0.15387 0.13702 -0.05299)
(-0.17590 0.14293 -0.09998)
(-0.18826 0.13637 -0.10749)
(-0.11952 0.08843 -0.05602)
(-0.11596 0.07480 -0.04741)
(-0.12840 0.08147 -0.06745)
(-0.10674 0.06438 -0.04855)
(-0.06721 0.01941 -0.00307)
(-0.15882 0.09312 -0.10943)
(-0.11523 0.05631 -0.05321)
(-0.04935 0.01376 -0.00897)
(-0.09563 0.03283 -0.02743)
(-0.05890 0.00530 0.00334)
(-0.07638 0.03233 -0.04255)
(-0.02009 0.00228 0.00010)
(-0.02499 0.00509 -0.00453)
(-0.01949 0.01004 -0.01314)
(-0.03143 0.01715 -0.02571)
(0.00116 -0.00062 0.00079)
(-0.00645 0.00458 -0.00650)
(-0.00361 0.00299 -0.00430)
(0.02037 -0.02659 0.00377)
(0.02075 -0.02572 0.00292)
(-0.01802 0.02349 -0.00351)
(0.01568 -0.02072 0.00284)
(0.00517 -0.00694 0.00082)
(-0.05316 0.05946 -0.02751)
(-0.03230 0.04304 -0.00945)
(0.00030 -0.00059 -0.00007)
(0.00029 -0.00048 -0.00001)
(-0.03773 0.04440 -0.01364)
(-0.06376 0.06686 -0.02067)
(-0.00771 0.01113 0.00066)
(-0.00900 0.01683 0.00561)
(-0.01585 0.02438 0.01040)
(-0.00358 0.00746 0.00431)
(-0.01686 0.01135 0.00506)
(-0.01510 0.00014 0.01308)
(-0.03906 0.00914 0.00187)
(-0.00128 -0.00041 0.00225)
(-0.00510 0.00082 0.00134)
(0.00051 0.00018 -0.00041)
(-0.03003 0.00744 -0.00398)
(-0.01530 0.00147 0.00024)
(0.00525 0.00101 -0.00164)
(0.00471 -0.00086 -0.00014)
(0.00815 -0.00186 -0.00015)
(0.01048 -0.00420 0.00496)
(-0.00081 0.00195 0.00081)
(-0.00106 0.00258 0.00163)
(-0.00050 0.00061 0.00231)
(0.00012 0.00062 -0.00164)
)