/*--------------------------------*- C++ -*----------------------------------*\ 
| =========                 |                                                 | 
| \\      /  F ield         | OpenFOAM: The Open Source CFD Toolbox           | 
|  \\    /   O peration     | Version:  4.0                                   | 
|   \\  /    A nd           | Web:      www.OpenFOAM.org                      | 
|    \\/     M anipulation  |                                                 | 
\*---------------------------------------------------------------------------*/ 
FoamFile 
{ 
    version     2.0; 
    format      ascii; 
    class       vectorAverageField; 
    object      values; 
} 
// * * * * * * * * * * * * * * * * * * * * * * * * * * * * * * * * * * * * * // 
 
// Average 
(0 0 0) 
 
// Velocity data on points 
2447
(
(0.00332 0.00112 -0.00142)
(-0.00215 -0.00051 0.00021)
(-0.00668 -0.00145 -0.00064)
(-0.00202 -0.00093 -0.00089)
(0.00295 0.00115 0.00182)
(-0.01616 -0.00270 -0.00644)
(-0.00532 -0.00182 -0.00334)
(-0.01739 -0.00109 -0.02479)
(-0.00178 -0.00021 -0.00257)
(0.00264 0.00024 0.00402)
(-0.01184 -0.00052 -0.01785)
(-0.00242 -0.00009 -0.00387)
(0.00240 -0.00015 0.00372)
(-0.01555 0.00314 -0.02358)
(-0.00075 0.00014 -0.00133)
(0.00237 -0.00055 0.00403)
(-0.00845 0.00220 -0.01416)
(-0.00053 0.00023 -0.00079)
(0.00409 -0.00259 0.00636)
(-0.00084 0.00053 -0.00129)
(0.00641 0.00259 -0.00343)
(-0.00167 -0.00044 0.00096)
(0.00127 0.00040 -0.00062)
(0.00053 0.00019 -0.00028)
(-0.01985 -0.00974 0.01746)
(-0.01928 -0.00656 0.01100)
(-0.02613 -0.00430 0.00327)
(-0.02946 -0.00392 -0.00417)
(-0.05136 -0.00574 0.00458)
(-0.05379 -0.00550 -0.00859)
(-0.04192 -0.00479 -0.01760)
(-0.03042 -0.00229 -0.02864)
(-0.05513 0.00286 -0.04233)
(-0.04025 -0.00003 -0.05626)
(-0.03356 0.00048 -0.04961)
(-0.02747 0.00109 -0.04280)
(-0.04709 0.00275 -0.06838)
(-0.04607 0.00387 -0.07056)
(-0.05563 0.01466 -0.08238)
(-0.03266 0.00752 -0.04894)
(-0.02666 0.00905 -0.04481)
(-0.07161 0.03642 -0.11232)
(-0.06510 0.03373 -0.10234)
(-0.03503 0.01730 -0.05932)
(-0.02474 0.01402 -0.03684)
(-0.05624 0.03562 -0.08580)
(-0.02247 0.01589 -0.03492)
(-0.00717 0.00582 -0.01119)
(-0.04668 0.03627 -0.06294)
(-0.00580 0.00568 -0.00868)
(0.00078 -0.00096 0.00141)
(0.00330 0.00180 -0.00229)
(-0.00146 -0.00083 0.00121)
(-0.00573 -0.00276 0.00489)
(-0.01638 -0.00717 0.01378)
(-0.04244 -0.01871 0.03682)
(-0.03471 -0.01253 0.02659)
(-0.04151 -0.02040 0.03940)
(-0.04785 -0.01813 0.03744)
(-0.05382 -0.01395 0.02318)
(-0.05119 -0.00995 0.00971)
(-0.04791 -0.00258 -0.02016)
(-0.05533 0.00647 -0.04049)
(-0.05549 0.00922 -0.05319)
(-0.05405 0.01165 -0.07941)
(-0.05944 0.01216 -0.05820)
(-0.06224 0.01657 -0.07253)
(-0.05665 0.01414 -0.08582)
(-0.06391 0.01943 -0.09440)
(-0.07712 0.03749 -0.11812)
(-0.08396 0.04308 -0.12514)
(-0.09034 0.04747 -0.13669)
(-0.09595 0.04567 -0.14534)
(-0.08801 0.05287 -0.13070)
(-0.08566 0.05745 -0.12412)
(-0.08532 0.05866 -0.11603)
(-0.09963 0.07125 -0.13526)
(-0.09270 0.07307 -0.12398)
(-0.06178 0.05172 -0.08285)
(-0.03648 0.03337 -0.05137)
(-0.10021 0.08777 -0.12951)
(-0.06696 0.06362 -0.08526)
(-0.02244 0.02524 -0.03716)
(-0.00118 0.00154 -0.00219)
(-0.01444 0.01804 -0.02113)
(0.00470 -0.00685 0.00779)
(0.00881 -0.01310 0.01487)
(0.00019 0.00011 -0.00010)
(-0.00620 -0.00314 0.00389)
(-0.01719 -0.00891 0.01269)
(-0.02461 -0.01524 0.02291)
(-0.04603 -0.02516 0.04112)
(-0.03870 -0.02361 0.03644)
(-0.04530 -0.03251 0.04981)
(-0.05298 -0.02477 0.05060)
(-0.05265 -0.02314 0.04648)
(-0.05067 -0.02340 0.05102)
(-0.04981 -0.02517 0.05391)
(-0.04811 -0.02174 0.04694)
(-0.04820 -0.01633 0.03560)
(-0.05027 -0.01202 0.01521)
(-0.04827 -0.00925 0.00574)
(-0.05063 0.00176 -0.01675)
(-0.05257 0.00564 -0.02782)
(-0.06201 0.01300 -0.04974)
(-0.06815 0.01893 -0.06859)
(-0.08015 0.03506 -0.10179)
(-0.08346 0.04126 -0.11972)
(-0.08527 0.04962 -0.13488)
(-0.09056 0.05310 -0.13832)
(-0.09428 0.05163 -0.14069)
(-0.10811 0.07384 -0.15053)
(-0.11887 0.08972 -0.16174)
(-0.13721 0.11251 -0.16574)
(-0.11076 0.09170 -0.12929)
(-0.13275 0.10596 -0.15521)
(-0.10430 0.09158 -0.13412)
(-0.11010 0.10329 -0.13266)
(-0.11968 0.11600 -0.13264)
(-0.11282 0.11131 -0.12641)
(-0.06324 0.07008 -0.08038)
(-0.01245 0.01740 -0.02141)
(-0.09674 0.10678 -0.12332)
(-0.05117 0.06651 -0.07890)
(-0.00586 0.00885 -0.01074)
(-0.00175 0.00294 -0.00358)
(0.00328 0.00226 -0.00142)
(-0.00786 -0.00524 0.00419)
(-0.02066 -0.01218 0.01221)
(-0.04131 -0.02178 0.02913)
(-0.05202 -0.02626 0.03431)
(-0.05525 -0.03207 0.05337)
(-0.05326 -0.03391 0.05540)
(-0.04634 -0.03492 0.05708)
(-0.05204 -0.03048 0.05538)
(-0.04933 -0.02684 0.05645)
(-0.04985 -0.02502 0.05380)
(-0.05063 -0.02303 0.05099)
(-0.04977 -0.02461 0.05282)
(-0.05071 -0.02237 0.04905)
(-0.05589 -0.00846 0.01734)
(-0.05053 0.00208 -0.01674)
(-0.05199 0.00506 -0.02468)
(-0.05388 0.00850 -0.03453)
(-0.06698 0.02126 -0.06383)
(-0.08218 0.04015 -0.10405)
(-0.08311 0.04288 -0.11065)
(-0.09295 0.05850 -0.13991)
(-0.11038 0.08045 -0.16526)
(-0.11114 0.08160 -0.16198)
(-0.12315 0.09259 -0.16886)
(-0.13986 0.11515 -0.17508)
(-0.14215 0.11898 -0.17411)
(-0.14380 0.12167 -0.17209)
(-0.14509 0.12377 -0.16992)
(-0.14007 0.12618 -0.15971)
(-0.12291 0.11815 -0.13510)
(-0.12032 0.11853 -0.13396)
(-0.12453 0.12125 -0.13661)
(-0.11466 0.11906 -0.14158)
(-0.08804 0.11373 -0.12232)
(-0.11615 0.13426 -0.14548)
(-0.07238 0.09775 -0.10734)
(-0.02493 0.04442 -0.04853)
(-0.00246 0.00468 -0.00513)
(-0.05176 0.09163 -0.10139)
(-0.01064 0.02120 -0.02352)
(-0.00058 0.00119 -0.00132)
(-0.00461 -0.00307 0.00234)
(-0.01357 -0.00955 0.00798)
(-0.03840 -0.03030 0.03001)
(-0.04917 -0.03325 0.03520)
(-0.05022 -0.04316 0.05485)
(-0.05143 -0.04089 0.06162)
(-0.05147 -0.04038 0.06500)
(-0.05190 -0.04132 0.06534)
(-0.05179 -0.04105 0.06829)
(-0.04435 -0.04003 0.06772)
(-0.04879 -0.02872 0.05947)
(-0.04879 -0.02876 0.05992)
(-0.04911 -0.02654 0.05580)
(-0.04931 -0.02422 0.05110)
(-0.04998 -0.02179 0.04627)
(-0.06069 -0.00028 0.00261)
(-0.04962 0.00372 -0.02226)
(-0.05306 0.00165 -0.02100)
(-0.04992 0.00855 -0.03989)
(-0.05068 0.00833 -0.03390)
(-0.05364 0.01134 -0.04095)
(-0.07704 0.04168 -0.10756)
(-0.07084 0.04141 -0.10764)
(-0.08483 0.05773 -0.12928)
(-0.08398 0.04994 -0.12075)
(-0.09256 0.06499 -0.15086)
(-0.11965 0.09497 -0.18662)
(-0.12312 0.09917 -0.19042)
(-0.12644 0.10344 -0.19364)
(-0.13638 0.11315 -0.17466)
(-0.14735 0.12661 -0.18160)
(-0.14915 0.12914 -0.17973)
(-0.15103 0.13157 -0.17704)
(-0.15759 0.14299 -0.17400)
(-0.14695 0.13783 -0.16204)
(-0.14682 0.14804 -0.16323)
(-0.12926 0.13475 -0.15146)
(-0.12735 0.14809 -0.16120)
(-0.12050 0.13975 -0.15707)
(-0.10649 0.14099 -0.15196)
(-0.07836 0.13552 -0.14842)
(-0.04460 0.08281 -0.09146)
(-0.05500 0.10320 -0.11295)
(-0.01633 0.03309 -0.03656)
(-0.00760 0.01583 -0.01739)
(0.00260 0.00132 -0.00101)
(-0.00056 -0.00029 0.00017)
(-0.03495 -0.01837 0.02038)
(-0.05085 -0.03541 0.03787)
(-0.05420 -0.03926 0.04794)
(-0.05430 -0.04005 0.06222)
(-0.05331 -0.04199 0.06602)
(-0.05236 -0.04182 0.06824)
(-0.05307 -0.04219 0.07053)
(-0.04693 -0.04487 0.07407)
(-0.04573 -0.04005 0.07067)
(-0.04891 -0.02879 0.05973)
(-0.04973 -0.02940 0.05942)
(-0.04848 -0.02623 0.05344)
(-0.04826 -0.02372 0.04813)
(-0.04946 -0.01185 0.02451)
(-0.04615 -0.02171 0.04224)
(-0.04099 0.00131 -0.00784)
(-0.04157 0.00558 -0.02691)
(-0.04698 0.02451 -0.06846)
(-0.05873 0.02948 -0.08594)
(-0.07326 0.05758 -0.12580)
(-0.09085 0.07245 -0.16065)
(-0.11389 0.09505 -0.18738)
(-0.12284 0.10241 -0.19368)
(-0.12793 0.10824 -0.19773)
(-0.14166 0.12910 -0.20625)
(-0.15501 0.14047 -0.20390)
(-0.16075 0.14541 -0.19770)
(-0.15660 0.13979 -0.18445)
(-0.16697 0.16107 -0.18551)
(-0.16027 0.15859 -0.17169)
(-0.17265 0.17906 -0.18899)
(-0.15478 0.16568 -0.17103)
(-0.14704 0.16814 -0.17532)
(-0.14000 0.16215 -0.17222)
(-0.13374 0.15996 -0.16423)
(-0.12592 0.16318 -0.16367)
(-0.08539 0.14179 -0.15090)
(-0.07864 0.13928 -0.15019)
(-0.02592 0.05195 -0.05677)
(-0.07998 0.14262 -0.15080)
(-0.05562 0.10634 -0.11505)
(-0.01672 0.03836 -0.04012)
(-0.00121 0.00312 -0.00305)
(0.00814 0.00232 -0.00231)
(-0.00027 -0.00008 0.00008)
(-0.01881 -0.00668 0.00923)
(-0.03857 -0.01611 0.02142)
(-0.05762 -0.03632 0.04800)
(-0.06219 -0.02841 0.04312)
(-0.05820 -0.03549 0.05475)
(-0.05934 -0.03699 0.05792)
(-0.05232 -0.04300 0.06603)
(-0.04764 -0.04766 0.07417)
(-0.04711 -0.04007 0.07999)
(-0.03844 -0.04435 0.08789)
(-0.03379 -0.04252 0.07903)
(-0.03864 -0.04098 0.07281)
(-0.04288 -0.02630 0.05355)
(-0.03576 -0.01213 0.02343)
(-0.03647 -0.00827 0.00944)
(-0.02755 -0.00145 -0.02448)
(-0.03855 0.01307 -0.04527)
(-0.05122 0.04044 -0.08454)
(-0.06276 0.05808 -0.11252)
(-0.08220 0.08186 -0.15928)
(-0.09923 0.09882 -0.17620)
(-0.11151 0.11383 -0.19586)
(-0.12123 0.10402 -0.19677)
(-0.12753 0.11068 -0.20121)
(-0.14369 0.13829 -0.22236)
(-0.15816 0.16204 -0.22493)
(-0.17424 0.18007 -0.23464)
(-0.17783 0.18783 -0.22678)
(-0.17829 0.18840 -0.22156)
(-0.18578 0.19353 -0.19699)
(-0.16849 0.18782 -0.18536)
(-0.14611 0.16973 -0.17557)
(-0.15623 0.18997 -0.17899)
(-0.13806 0.17667 -0.17214)
(-0.12221 0.17124 -0.16688)
(-0.13916 0.18157 -0.17305)
(-0.11763 0.16861 -0.16346)
(-0.10095 0.15831 -0.16093)
(-0.07891 0.14724 -0.15665)
(-0.10279 0.16527 -0.16782)
(-0.04808 0.10064 -0.09841)
(-0.01085 0.02739 -0.02675)
(-0.00679 0.01563 -0.01512)
(0.00036 0.00007 -0.00013)
(-0.01351 -0.00268 0.00401)
(-0.05231 -0.01783 0.03112)
(-0.05963 -0.01628 0.03956)
(-0.06067 -0.02446 0.04853)
(-0.05434 -0.02982 0.05978)
(-0.05622 -0.03424 0.05581)
(-0.05055 -0.04330 0.06380)
(-0.05730 -0.03408 0.06366)
(-0.05115 -0.04450 0.07528)
(-0.05084 -0.04565 0.07712)
(-0.03324 -0.04854 0.08914)
(-0.02940 -0.05127 0.09377)
(-0.02881 -0.05113 0.09481)
(-0.03282 -0.04916 0.09148)
(-0.03951 -0.03706 0.07489)
(-0.02693 -0.04506 0.07500)
(-0.02674 -0.04372 0.07559)
(-0.02962 -0.03117 0.06679)
(-0.02964 -0.01812 0.03235)
(-0.03333 -0.00984 0.01760)
(-0.02940 0.00161 -0.01600)
(-0.03540 0.01334 -0.03628)
(-0.05159 0.04486 -0.07985)
(-0.05810 0.07644 -0.12716)
(-0.06449 0.08496 -0.13958)
(-0.08050 0.09518 -0.16235)
(-0.10181 0.11262 -0.18600)
(-0.13110 0.14517 -0.22054)
(-0.14760 0.15675 -0.23002)
(-0.15983 0.17346 -0.23348)
(-0.17773 0.18920 -0.24267)
(-0.17976 0.19333 -0.24546)
(-0.18270 0.20982 -0.24266)
(-0.18655 0.20362 -0.22280)
(-0.18782 0.22183 -0.22979)
(-0.18260 0.21189 -0.20484)
(-0.18963 0.22658 -0.20700)
(-0.17987 0.21594 -0.19795)
(-0.18208 0.22633 -0.20217)
(-0.15707 0.19440 -0.17990)
(-0.15664 0.20187 -0.18108)
(-0.14089 0.19146 -0.17738)
(-0.13541 0.19511 -0.18524)
(-0.11296 0.18328 -0.17983)
(-0.09736 0.17590 -0.17004)
(-0.06994 0.15004 -0.14388)
(-0.02187 0.05226 -0.05030)
(0.00249 -0.00611 0.00606)
(-0.05996 0.12267 -0.11884)
(-0.00429 -0.00074 0.00210)
(-0.02533 -0.00470 0.01153)
(-0.02834 -0.00495 0.01714)
(-0.04615 -0.00835 0.02729)
(-0.06147 -0.01716 0.04945)
(-0.05443 -0.02726 0.05749)
(-0.05123 -0.02982 0.06116)
(-0.05239 -0.03151 0.06229)
(-0.05079 -0.03479 0.06568)
(-0.03968 -0.04488 0.07553)
(-0.02840 -0.05196 0.09328)
(-0.02582 -0.05206 0.09403)
(-0.02662 -0.04535 0.08446)
(-0.02121 -0.03929 0.06114)
(-0.01733 -0.02911 0.05012)
(-0.02615 -0.01232 0.01494)
(-0.02206 -0.01327 0.01247)
(-0.02712 0.01016 -0.01942)
(-0.02798 0.01149 -0.02274)
(-0.03004 0.01945 -0.03952)
(-0.04613 0.04733 -0.08226)
(-0.05661 0.07741 -0.12502)
(-0.06280 0.08534 -0.13578)
(-0.06948 0.09335 -0.14664)
(-0.09563 0.11343 -0.17551)
(-0.12301 0.14032 -0.21502)
(-0.11964 0.14803 -0.21107)
(-0.13468 0.15728 -0.22591)
(-0.14918 0.17057 -0.24061)
(-0.16868 0.19653 -0.24735)
(-0.17545 0.20478 -0.25240)
(-0.18699 0.23475 -0.25630)
(-0.18810 0.23491 -0.24975)
(-0.18755 0.23839 -0.25013)
(-0.18660 0.22791 -0.22605)
(-0.18127 0.23098 -0.21831)
(-0.18470 0.23070 -0.20791)
(-0.18280 0.23220 -0.20804)
(-0.18059 0.22818 -0.20168)
(-0.16117 0.22284 -0.19333)
(-0.14962 0.21205 -0.18691)
(-0.12690 0.19853 -0.18366)
(-0.11489 0.20498 -0.18939)
(-0.10087 0.18578 -0.18068)
(-0.10670 0.19791 -0.18797)
(-0.08809 0.17831 -0.17384)
(-0.04744 0.10712 -0.10438)
(-0.00298 0.00772 -0.00765)
(0.00109 -0.00282 0.00281)
(0.00134 0.00020 -0.00091)
(-0.00198 -0.00029 0.00145)
(-0.01511 -0.00234 0.01060)
(-0.04241 -0.00705 0.03039)
(-0.05293 -0.01044 0.04302)
(-0.04790 -0.00821 0.03655)
(-0.04879 -0.01564 0.04819)
(-0.05126 -0.02731 0.05910)
(-0.04904 -0.03343 0.06474)
(-0.04735 -0.03193 0.06348)
(-0.04548 -0.03692 0.06734)
(-0.03271 -0.04873 0.07838)
(-0.02642 -0.04613 0.06284)
(-0.02336 -0.05361 0.09333)
(-0.01766 -0.05346 0.08057)
(-0.01348 -0.04393 0.05495)
(-0.01082 -0.02886 0.04924)
(-0.01702 -0.02052 0.02706)
(-0.02603 0.01063 -0.02115)
(-0.02832 0.01745 -0.03327)
(-0.02796 0.01774 -0.03218)
(-0.02957 0.02265 -0.04235)
(-0.05605 0.08034 -0.12398)
(-0.06172 0.08672 -0.13239)
(-0.06824 0.09448 -0.14182)
(-0.08211 0.11282 -0.15851)
(-0.11450 0.14824 -0.20444)
(-0.13444 0.16857 -0.22834)
(-0.15475 0.19627 -0.25410)
(-0.15865 0.20205 -0.25754)
(-0.16118 0.20660 -0.26044)
(-0.18139 0.23301 -0.26186)
(-0.18564 0.23991 -0.25651)
(-0.18678 0.24224 -0.25070)
(-0.18123 0.24821 -0.24051)
(-0.18452 0.23666 -0.21406)
(-0.18245 0.23809 -0.21412)
(-0.17094 0.23559 -0.21052)
(-0.14976 0.22253 -0.19688)
(-0.14705 0.22889 -0.20274)
(-0.13904 0.21026 -0.19018)
(-0.11827 0.21047 -0.19416)
(-0.11432 0.20619 -0.19278)
(-0.10963 0.20166 -0.19182)
(-0.10547 0.19785 -0.19076)
(-0.06266 0.14133 -0.13831)
(-0.01630 0.04143 -0.04163)
(-0.00644 0.01630 -0.01646)
(0.00646 -0.01655 0.01660)
(-0.00399 -0.00027 0.00298)
(-0.01531 -0.00230 0.01179)
(-0.02852 -0.00449 0.02199)
(-0.02382 -0.00359 0.01939)
(-0.04528 -0.00783 0.03697)
(-0.04627 -0.00896 0.03784)
(-0.04366 -0.02269 0.05826)
(-0.03674 -0.01813 0.05141)
(-0.04546 -0.03019 0.06211)
(-0.04245 -0.03489 0.06530)
(-0.02888 -0.04612 0.06098)
(-0.00608 -0.05994 0.06362)
(-0.02057 -0.05411 0.06851)
(-0.00649 -0.05743 0.06102)
(-0.02026 -0.04717 0.05092)
(-0.01322 -0.03957 0.04908)
(-0.01451 -0.03923 0.03227)
(-0.01029 -0.02653 0.02239)
(-0.01856 -0.00089 -0.00123)
(-0.02761 0.01686 -0.03211)
(-0.03028 0.02477 -0.04244)
(-0.03112 0.02495 -0.04267)
(-0.04122 0.05295 -0.07879)
(-0.06065 0.08492 -0.12415)
(-0.07365 0.10284 -0.13898)
(-0.09248 0.13101 -0.16659)
(-0.12071 0.15880 -0.19129)
(-0.13574 0.17586 -0.22260)
(-0.14656 0.19339 -0.24080)
(-0.15622 0.20274 -0.25532)
(-0.15913 0.20800 -0.25963)
(-0.17457 0.23631 -0.26759)
(-0.18400 0.24151 -0.26176)
(-0.18272 0.24465 -0.26087)
(-0.18433 0.24571 -0.25583)
(-0.17632 0.25576 -0.24993)
(-0.17790 0.25806 -0.23284)
(-0.17548 0.25990 -0.23264)
(-0.17219 0.25265 -0.22345)
(-0.16705 0.26041 -0.23552)
(-0.15919 0.25077 -0.21699)
(-0.15460 0.24175 -0.21252)
(-0.15198 0.25240 -0.22237)
(-0.13300 0.22526 -0.20185)
(-0.11912 0.21315 -0.19644)
(-0.11549 0.20894 -0.19556)
(-0.11273 0.20636 -0.19575)
(-0.11036 0.20407 -0.19602)
(-0.10664 0.19980 -0.19455)
(-0.09752 0.19103 -0.19851)
(-0.06878 0.15087 -0.15525)
(-0.02485 0.05671 -0.05940)
(0.00262 -0.00656 0.00666)
(0.00016 0.00004 -0.00018)
(-0.00225 -0.00055 0.00269)
(-0.01419 -0.00325 0.01668)
(-0.03929 -0.00634 0.03320)
(-0.03568 -0.01010 0.03769)
(-0.03736 -0.01239 0.04051)
(-0.02828 -0.01212 0.04206)
(-0.03181 -0.01895 0.04582)
(-0.03470 -0.02577 0.05797)
(-0.01671 -0.02874 0.04750)
(-0.01858 -0.02958 0.05307)
(-0.02444 -0.03762 0.05905)
(-0.01559 -0.04541 0.04904)
(-0.00277 -0.05888 0.05543)
(0.00099 -0.06563 0.06388)
(0.00087 -0.05552 0.03591)
(-0.00475 -0.05011 0.03233)
(-0.01004 -0.03261 0.02564)
(-0.01063 -0.02734 0.02004)
(-0.02028 0.00578 -0.01762)
(-0.02760 0.02083 -0.03540)
(-0.05251 0.05617 -0.07334)
(-0.04773 0.05818 -0.07306)
(-0.06433 0.07350 -0.08849)
(-0.07572 0.09841 -0.11685)
(-0.08605 0.11128 -0.13562)
(-0.10664 0.14549 -0.16098)
(-0.12548 0.16277 -0.18157)
(-0.13638 0.18117 -0.21235)
(-0.14454 0.18407 -0.20336)
(-0.14758 0.19556 -0.23106)
(-0.16070 0.20898 -0.24751)
(-0.16317 0.21628 -0.26708)
(-0.17261 0.23557 -0.27448)
(-0.17536 0.24248 -0.27084)
(-0.17023 0.24969 -0.27682)
(-0.17653 0.25689 -0.27428)
(-0.17030 0.25871 -0.27014)
(-0.17121 0.27322 -0.25524)
(-0.16989 0.27389 -0.25426)
(-0.16198 0.26213 -0.25069)
(-0.15721 0.25614 -0.23318)
(-0.14796 0.24784 -0.23141)
(-0.14045 0.23948 -0.22054)
(-0.13760 0.23580 -0.21853)
(-0.12772 0.22036 -0.21365)
(-0.11416 0.20965 -0.21767)
(-0.10450 0.19849 -0.20379)
(-0.09522 0.18896 -0.20035)
(-0.08543 0.17732 -0.19527)
(-0.10100 0.19400 -0.20465)
(-0.08818 0.18142 -0.20034)
(-0.03756 0.08314 -0.09041)
(-0.00191 0.00469 -0.00495)
(0.00431 -0.00994 0.01073)
(-0.00085 -0.00044 0.00179)
(-0.00586 -0.00171 0.00790)
(-0.03182 -0.00564 0.03889)
(-0.02161 -0.00727 0.03985)
(-0.02500 -0.00968 0.04133)
(-0.02647 -0.01204 0.04372)
(-0.02327 -0.00988 0.04289)
(-0.01710 -0.02393 0.04434)
(-0.01375 -0.03015 0.04777)
(-0.00341 -0.04165 0.03090)
(-0.00955 -0.04223 0.04060)
(-0.00353 -0.05353 0.04615)
(0.00029 -0.05676 0.03718)
(0.00225 -0.05519 0.01594)
(-0.00416 -0.02896 -0.01539)
(-0.00794 -0.02118 -0.02396)
(-0.01122 -0.02251 -0.00933)
(-0.01765 -0.00212 -0.02463)
(-0.02456 0.01821 -0.04261)
(-0.04895 0.05087 -0.06864)
(-0.07320 0.08103 -0.09233)
(-0.07690 0.09612 -0.11087)
(-0.08486 0.11092 -0.12550)
(-0.10975 0.13939 -0.14768)
(-0.14926 0.18392 -0.17877)
(-0.15467 0.19119 -0.18621)
(-0.15129 0.19623 -0.22336)
(-0.16250 0.21268 -0.24198)
(-0.17873 0.23841 -0.26023)
(-0.17989 0.24226 -0.26550)
(-0.16559 0.24441 -0.27610)
(-0.16631 0.25098 -0.28343)
(-0.16960 0.25505 -0.27463)
(-0.17071 0.26154 -0.27961)
(-0.16623 0.26739 -0.25807)
(-0.16322 0.26378 -0.25714)
(-0.15258 0.26103 -0.25471)
(-0.14656 0.25227 -0.24441)
(-0.14393 0.24857 -0.24217)
(-0.14098 0.24579 -0.22947)
(-0.13358 0.23245 -0.21930)
(-0.13358 0.23671 -0.22580)
(-0.12463 0.22545 -0.21998)
(-0.12071 0.21414 -0.22012)
(-0.11819 0.20538 -0.21710)
(-0.10242 0.19558 -0.20513)
(-0.09234 0.18547 -0.20169)
(-0.08859 0.18077 -0.20184)
(-0.09333 0.18326 -0.19944)
(-0.05293 0.11409 -0.12765)
(-0.00892 0.02038 -0.02211)
(-0.00495 0.01058 -0.01116)
(0.00137 0.00085 -0.00311)
(-0.00562 -0.00286 0.01203)
(-0.00053 -0.00032 0.00120)
(-0.00663 -0.00385 0.01521)
(-0.01452 -0.00834 0.03645)
(-0.02266 -0.00823 0.04165)
(-0.01320 -0.01017 0.03923)
(-0.01822 -0.01270 0.04015)
(-0.01291 -0.01909 0.03630)
(-0.01678 -0.01646 0.03857)
(-0.00668 -0.02256 0.03181)
(-0.00716 -0.02771 0.03869)
(-0.00196 -0.03581 0.03546)
(0.00914 -0.05053 0.01010)
(0.01016 -0.05400 0.00667)
(0.01086 -0.05723 0.01179)
(-0.00259 -0.03132 -0.01564)
(-0.00879 -0.02240 -0.02936)
(-0.01375 -0.01349 -0.03388)
(-0.02746 0.00843 -0.05223)
(-0.05525 0.04563 -0.07997)
(-0.07869 0.07566 -0.09051)
(-0.11714 0.11286 -0.13150)
(-0.08005 0.09221 -0.09903)
(-0.10478 0.12239 -0.12986)
(-0.13276 0.15988 -0.15825)
(-0.15273 0.18531 -0.17687)
(-0.15727 0.19099 -0.18322)
(-0.15818 0.19623 -0.19180)
(-0.16522 0.21640 -0.22749)
(-0.18005 0.23788 -0.25672)
(-0.18149 0.24094 -0.26157)
(-0.17252 0.24108 -0.27354)
(-0.17353 0.25165 -0.28314)
(-0.16608 0.25924 -0.28241)
(-0.15995 0.25890 -0.27669)
(-0.15885 0.26000 -0.27463)
(-0.15678 0.25974 -0.26369)
(-0.14503 0.24954 -0.25417)
(-0.14523 0.25087 -0.24680)
(-0.14275 0.24718 -0.24451)
(-0.14134 0.24513 -0.23990)
(-0.13643 0.24009 -0.22970)
(-0.12716 0.22581 -0.21827)
(-0.12122 0.21219 -0.21202)
(-0.11466 0.20794 -0.21041)
(-0.11013 0.20233 -0.20233)
(-0.10495 0.19873 -0.20091)
(-0.09680 0.18851 -0.20118)
(-0.09787 0.18579 -0.20082)
(-0.06338 0.13230 -0.14120)
(-0.01185 0.02509 -0.02635)
(0.00130 0.00087 -0.00308)
(-0.00233 -0.00155 0.00558)
(-0.01351 -0.00790 0.03237)
(-0.01053 -0.00683 0.02601)
(-0.01361 -0.00882 0.03418)
(-0.00899 -0.01196 0.03638)
(-0.00948 -0.01367 0.03793)
(-0.00491 -0.01767 0.03326)
(0.00533 -0.02600 0.02657)
(0.00699 -0.02859 0.02477)
(0.00651 -0.03753 0.03183)
(0.01000 -0.04958 0.00763)
(0.01080 -0.05125 0.00205)
(0.01048 -0.05248 -0.00463)
(0.01030 -0.05417 -0.00140)
(-0.00439 -0.03776 -0.02394)
(-0.00646 -0.02533 -0.03442)
(-0.01490 -0.01695 -0.04150)
(-0.04047 0.01033 -0.07283)
(-0.02136 -0.00491 -0.04338)
(-0.06505 0.05077 -0.08905)
(-0.07224 0.05926 -0.09354)
(-0.12029 0.11231 -0.13301)
(-0.12240 0.12134 -0.13456)
(-0.12687 0.12775 -0.13736)
(-0.15718 0.18733 -0.17596)
(-0.16011 0.19040 -0.18091)
(-0.16099 0.19594 -0.18902)
(-0.16438 0.20022 -0.19406)
(-0.17245 0.21811 -0.22775)
(-0.17162 0.22483 -0.24071)
(-0.17736 0.24519 -0.27896)
(-0.17250 0.24171 -0.27685)
(-0.16871 0.25176 -0.27617)
(-0.16127 0.25760 -0.27903)
(-0.15958 0.25721 -0.27814)
(-0.15750 0.25824 -0.27498)
(-0.15098 0.25063 -0.26668)
(-0.14418 0.24909 -0.24876)
(-0.14191 0.24553 -0.24623)
(-0.14009 0.24306 -0.24185)
(-0.13171 0.23528 -0.22756)
(-0.12447 0.22520 -0.21258)
(-0.12400 0.22456 -0.21156)
(-0.11504 0.21378 -0.20316)
(-0.10765 0.20982 -0.19334)
(-0.10646 0.20818 -0.19416)
(-0.10696 0.20889 -0.19305)
(-0.10603 0.20742 -0.19414)
(-0.10471 0.20570 -0.19508)
(-0.09956 0.18712 -0.20132)
(-0.08537 0.17571 -0.18688)
(-0.07845 0.16071 -0.16779)
(-0.01914 0.03984 -0.04136)
(0.00570 -0.01196 0.01239)
(0.00052 0.00034 -0.00123)
(-0.00404 -0.00266 0.00979)
(-0.01188 -0.00501 0.03263)
(-0.01364 -0.00633 0.03723)
(-0.01306 -0.00798 0.03822)
(-0.00736 -0.01112 0.03481)
(-0.00248 -0.01635 0.03311)
(0.00539 -0.02440 0.02605)
(0.00733 -0.02727 0.02382)
(0.01090 -0.03301 0.01941)
(0.00779 -0.03594 0.00990)
(0.01187 -0.05001 0.00018)
(0.01145 -0.05108 -0.00647)
(0.00302 -0.05142 -0.02696)
(0.00882 -0.05323 -0.01364)
(-0.01269 -0.03649 -0.05474)
(-0.02557 -0.01877 -0.06335)
(-0.04873 0.00688 -0.08632)
(-0.06817 0.03874 -0.10385)
(-0.08510 0.06515 -0.10882)
(-0.11274 0.09307 -0.12905)
(-0.12546 0.12059 -0.13586)
(-0.12667 0.11756 -0.13704)
(-0.13030 0.12779 -0.13884)
(-0.15603 0.16529 -0.16136)
(-0.16651 0.17767 -0.17215)
(-0.16341 0.19459 -0.18639)
(-0.17301 0.20650 -0.20341)
(-0.18594 0.21643 -0.22120)
(-0.18679 0.22245 -0.23189)
(-0.16951 0.23064 -0.25442)
(-0.16638 0.23067 -0.26368)
(-0.16967 0.24273 -0.27721)
(-0.16865 0.25360 -0.28005)
(-0.16076 0.25673 -0.28013)
(-0.15770 0.25663 -0.27632)
(-0.15471 0.24884 -0.26907)
(-0.14495 0.24865 -0.25845)
(-0.14337 0.24243 -0.24735)
(-0.13065 0.23611 -0.22866)
(-0.12489 0.22684 -0.21942)
(-0.12241 0.22315 -0.21285)
(-0.11808 0.21563 -0.20947)
(-0.11968 0.21628 -0.21119)
(-0.11428 0.21323 -0.19654)
(-0.10746 0.21010 -0.19145)
(-0.10624 0.20822 -0.19304)
(-0.10038 0.20083 -0.19535)
(-0.10213 0.18974 -0.19147)
(-0.08748 0.17773 -0.18625)
(-0.09076 0.18129 -0.18539)
(-0.02695 0.05498 -0.05602)
(0.00118 -0.00242 0.00246)
(-0.00031 -0.00014 0.00059)
(-0.00761 -0.00338 0.01650)
(-0.00680 -0.00262 0.01240)
(-0.01490 -0.00832 0.03574)
(-0.01505 -0.00878 0.03750)
(-0.01087 -0.00707 0.03708)
(-0.00751 -0.01228 0.03638)
(-0.00024 -0.01498 0.02907)
(0.00091 -0.01963 0.03010)
(0.00716 -0.02526 0.02344)
(0.00782 -0.02974 0.01673)
(0.00868 -0.03538 0.00361)
(0.01149 -0.04418 -0.01422)
(0.00031 -0.04201 -0.03456)
(-0.01891 -0.03331 -0.06514)
(-0.02373 -0.03986 -0.09176)
(-0.04438 -0.01124 -0.08972)
(-0.07391 0.03754 -0.10403)
(-0.08063 0.02489 -0.10934)
(-0.11079 0.07408 -0.12390)
(-0.12311 0.08808 -0.12927)
(-0.13967 0.11160 -0.13400)
(-0.13120 0.12453 -0.13996)
(-0.15905 0.15458 -0.15742)
(-0.16837 0.16252 -0.16774)
(-0.16775 0.18291 -0.17799)
(-0.18291 0.19758 -0.19552)
(-0.18511 0.20859 -0.21654)
(-0.19136 0.21605 -0.22332)
(-0.18270 0.22844 -0.25032)
(-0.19597 0.24056 -0.26523)
(-0.18112 0.24543 -0.28365)
(-0.18294 0.24918 -0.28407)
(-0.18168 0.25075 -0.29017)
(-0.17031 0.25423 -0.28273)
(-0.16333 0.25049 -0.26853)
(-0.14648 0.24351 -0.25356)
(-0.14567 0.24148 -0.25090)
(-0.13662 0.23449 -0.23695)
(-0.13087 0.22834 -0.21827)
(-0.12255 0.22132 -0.21273)
(-0.11774 0.22140 -0.20041)
(-0.11358 0.21145 -0.19707)
(-0.11081 0.21576 -0.19798)
(-0.10665 0.21067 -0.19010)
(-0.11019 0.21257 -0.20037)
(-0.10736 0.20031 -0.19425)
(-0.10550 0.19617 -0.18840)
(-0.10881 0.19800 -0.18540)
(-0.09900 0.18646 -0.18535)
(-0.04292 0.07207 -0.07362)
(-0.00302 0.00513 -0.00517)
(-0.00144 -0.00056 0.00250)
(-0.01203 -0.00520 0.02224)
(-0.01647 -0.00846 0.03621)
(-0.01496 -0.00650 0.03572)
(-0.01312 -0.00537 0.03608)
(-0.00573 -0.00979 0.03180)
(0.00048 -0.01775 0.02390)
(0.00283 -0.01964 0.02636)
(0.00312 -0.02169 0.01987)
(0.00989 -0.02725 0.01095)
(0.01142 -0.03741 -0.01306)
(0.00066 -0.03895 -0.02913)
(-0.01172 -0.03753 -0.05167)
(-0.01798 -0.03017 -0.04684)
(-0.02806 -0.02893 -0.07769)
(-0.04880 -0.00628 -0.08874)
(-0.09990 0.03963 -0.11362)
(-0.10575 0.05102 -0.11825)
(-0.12577 0.07785 -0.13305)
(-0.13601 0.09653 -0.13543)
(-0.15885 0.12965 -0.14189)
(-0.17287 0.15407 -0.15162)
(-0.17294 0.15936 -0.16087)
(-0.17880 0.17544 -0.17543)
(-0.18423 0.18984 -0.18841)
(-0.19019 0.19395 -0.20732)
(-0.19563 0.20192 -0.21727)
(-0.19357 0.22318 -0.24120)
(-0.21154 0.23953 -0.26488)
(-0.19308 0.24388 -0.27722)
(-0.18857 0.24776 -0.28167)
(-0.18715 0.24857 -0.28901)
(-0.17321 0.24698 -0.28483)
(-0.17124 0.24607 -0.27076)
(-0.14775 0.24324 -0.25385)
(-0.14762 0.24013 -0.25011)
(-0.13842 0.23416 -0.23460)
(-0.13296 0.23306 -0.21854)
(-0.12635 0.22755 -0.21316)
(-0.11603 0.22216 -0.20271)
(-0.11762 0.22488 -0.19742)
(-0.11524 0.22237 -0.19603)
(-0.11349 0.22044 -0.19914)
(-0.11651 0.21583 -0.20654)
(-0.11079 0.21467 -0.19936)
(-0.11083 0.20349 -0.19219)
(-0.11450 0.19850 -0.18522)
(-0.11364 0.19045 -0.18000)
(-0.08098 0.12423 -0.12702)
(-0.03724 0.06059 -0.06174)
(-0.00555 0.00895 -0.00912)
(0.00126 0.00053 -0.00169)
(-0.00458 -0.00178 0.00627)
(-0.01476 -0.00671 0.02091)
(-0.02215 -0.00849 0.03637)
(-0.01862 -0.00606 0.03711)
(-0.01666 -0.00577 0.03692)
(-0.00958 -0.01055 0.03215)
(-0.01537 -0.00514 0.03658)
(-0.00372 -0.01247 0.02580)
(0.00119 -0.01860 0.02145)
(0.00315 -0.02153 0.01767)
(0.00252 -0.01968 0.00113)
(0.00633 -0.02905 -0.01005)
(-0.00448 -0.02703 -0.02208)
(-0.02611 -0.01533 -0.04883)
(-0.03302 -0.01972 -0.06501)
(-0.03619 -0.00993 -0.06222)
(-0.05066 -0.00314 -0.08211)
(-0.10145 0.04023 -0.11168)
(-0.10906 0.05091 -0.11629)
(-0.11583 0.05927 -0.11891)
(-0.12820 0.08053 -0.12971)
(-0.16262 0.12846 -0.14253)
(-0.17438 0.14298 -0.14411)
(-0.17507 0.14980 -0.15478)
(-0.17284 0.15220 -0.16423)
(-0.18038 0.16614 -0.17313)
(-0.18486 0.17814 -0.18538)
(-0.19000 0.18171 -0.19978)
(-0.19184 0.18566 -0.20483)
(-0.19093 0.21135 -0.23475)
(-0.21318 0.23738 -0.26293)
(-0.21219 0.24292 -0.27016)
(-0.20684 0.24731 -0.28009)
(-0.19747 0.24398 -0.27736)
(-0.19212 0.25072 -0.28483)
(-0.17582 0.24443 -0.25552)
(-0.16565 0.24472 -0.25884)
(-0.15789 0.23510 -0.24801)
(-0.13729 0.23585 -0.22333)
(-0.13508 0.23588 -0.21912)
(-0.13106 0.23409 -0.21467)
(-0.12931 0.23657 -0.21139)
(-0.11413 0.22195 -0.19634)
(-0.11381 0.22386 -0.20049)
(-0.11693 0.21756 -0.20679)
(-0.12184 0.21863 -0.21177)
(-0.11676 0.21403 -0.20219)
(-0.11543 0.20945 -0.19420)
(-0.12574 0.20135 -0.19279)
(-0.12332 0.20046 -0.18506)
(-0.12221 0.17685 -0.17767)
(-0.08605 0.10964 -0.10690)
(-0.00922 0.01143 -0.01119)
(-0.00938 0.01098 -0.01095)
(-0.00436 -0.00166 0.00482)
(-0.02306 -0.01037 0.02889)
(-0.02080 -0.00632 0.03778)
(-0.01944 -0.00601 0.03762)
(-0.01768 -0.00562 0.03730)
(-0.01610 -0.00486 0.03700)
(-0.00804 -0.00831 0.02746)
(-0.00083 -0.01393 0.02361)
(0.00142 -0.01971 0.01885)
(-0.00069 -0.01652 0.00583)
(-0.00927 -0.01938 -0.01822)
(-0.02881 -0.01117 -0.05172)
(-0.03549 -0.00749 -0.05701)
(-0.04282 -0.00592 -0.06690)
(-0.06825 0.01710 -0.07843)
(-0.10842 0.04919 -0.11377)
(-0.10783 0.04915 -0.11073)
(-0.11494 0.05733 -0.11615)
(-0.13308 0.07972 -0.12157)
(-0.15007 0.10456 -0.13323)
(-0.14934 0.10518 -0.13558)
(-0.16197 0.11968 -0.14125)
(-0.16260 0.12699 -0.15278)
(-0.16529 0.13064 -0.15483)
(-0.18295 0.15683 -0.17383)
(-0.19005 0.17801 -0.19706)
(-0.19160 0.18167 -0.20210)
(-0.19320 0.18870 -0.20973)
(-0.19883 0.21134 -0.23832)
(-0.21500 0.24078 -0.26729)
(-0.21667 0.24456 -0.26816)
(-0.20834 0.24402 -0.27688)
(-0.20278 0.24835 -0.27772)
(-0.18143 0.24532 -0.25540)
(-0.17399 0.24326 -0.25113)
(-0.17222 0.24300 -0.24684)
(-0.13957 0.23776 -0.22330)
(-0.13725 0.23865 -0.21989)
(-0.13281 0.23729 -0.21606)
(-0.13019 0.23982 -0.21407)
(-0.11871 0.23362 -0.19676)
(-0.12615 0.24148 -0.21070)
(-0.13574 0.23348 -0.21783)
(-0.13573 0.23238 -0.21167)
(-0.12550 0.21516 -0.20511)
(-0.12845 0.20398 -0.18506)
(-0.12811 0.20158 -0.18305)
(-0.13159 0.16617 -0.16427)
(-0.10156 0.12346 -0.12263)
(-0.05637 0.06724 -0.06693)
(-0.10626 0.12308 -0.12373)
(-0.01557 0.01724 -0.01738)
(-0.00115 -0.00045 0.00123)
(-0.00882 -0.00338 0.00952)
(-0.00594 -0.00229 0.00626)
(-0.02165 -0.00796 0.02348)
(-0.03022 -0.01152 0.03754)
(-0.02728 -0.00852 0.03819)
(-0.02126 -0.00570 0.03865)
(-0.02140 -0.00470 0.03871)
(-0.01870 -0.00538 0.03784)
(-0.01330 -0.00882 0.03596)
(-0.01168 -0.00466 0.03438)
(-0.00486 -0.00810 0.02790)
(-0.00240 -0.01060 0.01711)
(-0.00281 -0.01258 0.00517)
(-0.01378 -0.01348 -0.00293)
(-0.02252 -0.01019 -0.03426)
(-0.03526 -0.00473 -0.05312)
(-0.04245 -0.00293 -0.06231)
(-0.05751 0.00775 -0.07158)
(-0.10111 0.05103 -0.08762)
(-0.11331 0.05624 -0.11284)
(-0.13413 0.08100 -0.11559)
(-0.15521 0.10585 -0.12404)
(-0.16016 0.11674 -0.13879)
(-0.16591 0.12551 -0.14839)
(-0.16408 0.12826 -0.15324)
(-0.17858 0.14476 -0.16436)
(-0.18487 0.16480 -0.18717)
(-0.18968 0.17654 -0.19922)
(-0.19426 0.18648 -0.20829)
(-0.21028 0.20829 -0.22986)
(-0.21747 0.23328 -0.25737)
(-0.21964 0.23825 -0.26125)
(-0.21974 0.24113 -0.26642)
(-0.21045 0.24837 -0.27476)
(-0.19285 0.24856 -0.26329)
(-0.17793 0.24395 -0.25055)
(-0.17450 0.24422 -0.24527)
(-0.15935 0.24742 -0.23047)
(-0.14284 0.24717 -0.22113)
(-0.13442 0.24035 -0.21753)
(-0.13506 0.24928 -0.21869)
(-0.12612 0.24603 -0.20986)
(-0.13336 0.25717 -0.22473)
(-0.13433 0.24572 -0.21528)
(-0.13720 0.24145 -0.21153)
(-0.13749 0.23668 -0.21006)
(-0.13891 0.21962 -0.20021)
(-0.13777 0.18559 -0.17987)
(-0.13571 0.16599 -0.16628)
(-0.13891 0.16320 -0.16441)
(-0.14045 0.15811 -0.15964)
(-0.09633 0.10547 -0.10652)
(-0.01756 0.01693 -0.01760)
(0.01430 -0.01346 0.01397)
(-0.00062 -0.00031 0.00058)
(-0.00757 -0.00377 0.00713)
(-0.03346 -0.01306 0.03719)
(-0.02214 -0.00992 0.02168)
(-0.03805 -0.01548 0.03880)
(-0.03100 -0.01157 0.03984)
(-0.02964 -0.00980 0.04112)
(-0.02611 -0.01252 0.04297)
(-0.02078 -0.01197 0.04190)
(-0.01374 -0.00968 0.03842)
(-0.00745 -0.00508 0.03479)
(-0.00882 -0.00812 0.02910)
(-0.00645 -0.01441 0.01806)
(-0.01322 -0.01157 0.00588)
(-0.02551 -0.00651 -0.01144)
(-0.03096 -0.00365 -0.01840)
(-0.05713 0.01830 -0.04263)
(-0.04185 0.00021 -0.05853)
(-0.06486 0.01913 -0.06542)
(-0.09507 0.05364 -0.07845)
(-0.11385 0.06655 -0.09294)
(-0.13602 0.08507 -0.10529)
(-0.14661 0.09915 -0.11157)
(-0.16217 0.11340 -0.12831)
(-0.16563 0.12000 -0.13295)
(-0.18692 0.13925 -0.14018)
(-0.18678 0.14881 -0.15749)
(-0.19450 0.16057 -0.17174)
(-0.18936 0.16077 -0.17961)
(-0.20595 0.18475 -0.20421)
(-0.21255 0.20351 -0.22430)
(-0.21721 0.22058 -0.24284)
(-0.22935 0.23685 -0.25075)
(-0.22832 0.24131 -0.25567)
(-0.22089 0.24570 -0.26588)
(-0.21447 0.24799 -0.25597)
(-0.18090 0.24440 -0.24890)
(-0.18253 0.25066 -0.24203)
(-0.17366 0.25912 -0.23581)
(-0.16438 0.25899 -0.22972)
(-0.15951 0.26607 -0.23565)
(-0.15465 0.26693 -0.23613)
(-0.13739 0.26452 -0.23033)
(-0.13923 0.25954 -0.23064)
(-0.14022 0.25237 -0.22803)
(-0.14944 0.25161 -0.23299)
(-0.14429 0.23725 -0.22126)
(-0.16056 0.21466 -0.21300)
(-0.15808 0.20665 -0.19949)
(-0.16986 0.20577 -0.20922)
(-0.17864 0.18223 -0.18272)
(-0.15715 0.15229 -0.15368)
(-0.09985 0.09176 -0.09286)
(-0.02962 0.02560 -0.02582)
(0.01221 -0.00904 0.00884)
(-0.00465 -0.00265 0.00389)
(-0.02538 -0.01429 0.02195)
(-0.04153 -0.01733 0.04041)
(-0.03803 -0.01264 0.04287)
(-0.03459 -0.01000 0.04539)
(-0.03138 -0.01468 0.04505)
(-0.02810 -0.01900 0.04503)
(-0.02216 -0.01307 0.04274)
(-0.01684 -0.01684 0.04299)
(-0.01699 -0.01931 0.04106)
(-0.01233 -0.01219 0.03843)
(-0.00889 -0.01118 0.03140)
(-0.01062 -0.01495 0.02653)
(-0.01510 -0.01644 0.02903)
(-0.01645 -0.01482 0.02450)
(-0.02599 -0.00471 -0.00849)
(-0.01908 -0.00912 0.01957)
(-0.03494 0.00110 -0.01415)
(-0.05728 0.01982 -0.02150)
(-0.07644 0.03628 -0.05133)
(-0.09637 0.05406 -0.06854)
(-0.10307 0.06215 -0.08543)
(-0.13354 0.08497 -0.09381)
(-0.15529 0.11019 -0.09590)
(-0.16393 0.11734 -0.12135)
(-0.16635 0.12174 -0.12754)
(-0.19506 0.14618 -0.13740)
(-0.19105 0.14674 -0.14596)
(-0.19129 0.15231 -0.16114)
(-0.19638 0.16368 -0.17458)
(-0.20592 0.18033 -0.19250)
(-0.21279 0.19628 -0.20889)
(-0.22106 0.21659 -0.23742)
(-0.22551 0.22496 -0.23708)
(-0.24172 0.24446 -0.24075)
(-0.22411 0.24572 -0.25567)
(-0.21876 0.24604 -0.24865)
(-0.21727 0.25824 -0.25420)
(-0.21730 0.26821 -0.25794)
(-0.19168 0.26727 -0.24087)
(-0.16803 0.26535 -0.22481)
(-0.17780 0.28325 -0.25137)
(-0.16300 0.28263 -0.23840)
(-0.17249 0.29390 -0.25925)
(-0.15537 0.27447 -0.23859)
(-0.15351 0.26973 -0.23979)
(-0.17339 0.27482 -0.26418)
(-0.17369 0.26958 -0.26128)
(-0.16988 0.25676 -0.25431)
(-0.17873 0.26766 -0.26180)
(-0.17326 0.23474 -0.23202)
(-0.18733 0.20752 -0.20784)
(-0.18778 0.20314 -0.20307)
(-0.18746 0.17411 -0.16717)
(-0.06216 0.05334 -0.05144)
(-0.01067 0.00795 -0.00732)
(0.00413 -0.00303 0.00279)
(-0.00091 -0.00052 0.00074)
(-0.01412 -0.00812 0.01170)
(-0.03579 -0.02061 0.03069)
(-0.04204 -0.02085 0.03922)
(-0.04082 -0.01969 0.04100)
(-0.03774 -0.02161 0.04187)
(-0.03529 -0.01959 0.04547)
(-0.02758 -0.02381 0.04647)
(-0.02445 -0.02293 0.04611)
(-0.02296 -0.02464 0.04614)
(-0.01505 -0.01663 0.03669)
(-0.01524 -0.01853 0.03094)
(-0.01676 -0.01607 0.02725)
(-0.01872 -0.01442 0.02537)
(-0.03525 0.00501 0.00153)
(-0.05342 0.02153 -0.00755)
(-0.07468 0.03944 -0.03737)
(-0.09704 0.05817 -0.04627)
(-0.10774 0.06601 -0.06531)
(-0.11053 0.07422 -0.05389)
(-0.13346 0.09530 -0.08214)
(-0.15636 0.11120 -0.09147)
(-0.16003 0.11414 -0.09850)
(-0.16293 0.11827 -0.10723)
(-0.18394 0.13690 -0.13045)
(-0.19752 0.14888 -0.14010)
(-0.19769 0.15325 -0.14728)
(-0.20520 0.16667 -0.15755)
(-0.20782 0.17924 -0.18349)
(-0.21486 0.19346 -0.19059)
(-0.22117 0.20869 -0.21372)
(-0.23307 0.22719 -0.23182)
(-0.24172 0.24330 -0.23686)
(-0.24183 0.24717 -0.24083)
(-0.22952 0.25132 -0.23936)
(-0.22771 0.26667 -0.25389)
(-0.21765 0.26478 -0.24813)
(-0.19929 0.26673 -0.23851)
(-0.18788 0.27722 -0.24697)
(-0.18331 0.29550 -0.25701)
(-0.17904 0.29525 -0.25809)
(-0.18042 0.29836 -0.26293)
(-0.17425 0.28501 -0.25565)
(-0.18003 0.28045 -0.26718)
(-0.18116 0.27365 -0.26623)
(-0.18248 0.26244 -0.25458)
(-0.18603 0.23956 -0.23173)
(-0.21037 0.24871 -0.22548)
(-0.20913 0.23325 -0.21302)
(-0.21161 0.22300 -0.20292)
(-0.20441 0.20168 -0.16786)
(-0.07443 0.06333 -0.05603)
(-0.00546 0.00462 -0.00398)
(-0.00071 -0.00032 0.00050)
(-0.02129 -0.00963 0.01526)
(-0.04593 -0.02259 0.03487)
(-0.05435 -0.02455 0.04245)
(-0.04953 -0.02369 0.04057)
(-0.03912 -0.02393 0.04384)
(-0.03639 -0.02731 0.04406)
(-0.03787 -0.02308 0.04464)
(-0.02879 -0.02640 0.04628)
(-0.02610 -0.02571 0.04643)
(-0.02772 -0.02799 0.04639)
(-0.02452 -0.02737 0.04645)
(-0.02173 -0.02642 0.04625)
(-0.01973 -0.02315 0.03686)
(-0.01696 -0.01812 0.02976)
(-0.01937 -0.01650 0.02846)
(-0.04043 0.00598 0.00505)
(-0.05183 0.01537 0.00085)
(-0.07910 0.04256 -0.02352)
(-0.09645 0.06202 -0.03456)
(-0.10412 0.06794 -0.03806)
(-0.13474 0.09358 -0.07051)
(-0.15808 0.11230 -0.08683)
(-0.16119 0.11508 -0.09390)
(-0.16543 0.11830 -0.09615)
(-0.18591 0.13593 -0.11524)
(-0.19915 0.14898 -0.13602)
(-0.20509 0.15562 -0.13585)
(-0.20737 0.17151 -0.16681)
(-0.21888 0.19961 -0.19355)
(-0.23059 0.21552 -0.20473)
(-0.24225 0.24660 -0.23749)
(-0.22283 0.25556 -0.23650)
(-0.21992 0.26700 -0.24112)
(-0.20141 0.28177 -0.24682)
(-0.18400 0.29832 -0.26163)
(-0.18261 0.30211 -0.26752)
(-0.18339 0.27991 -0.27074)
(-0.21198 0.27726 -0.25155)
(-0.09143 0.08511 -0.06636)
(-0.00363 -0.00164 0.00237)
(-0.03251 -0.01500 0.02246)
(-0.05906 -0.02533 0.04460)
(-0.04992 -0.02146 0.03294)
(-0.05996 -0.02638 0.04437)
(-0.05775 -0.02657 0.04506)
(-0.04468 -0.03158 0.04365)
(-0.03027 -0.02860 0.04596)
(-0.02976 -0.02993 0.04619)
(-0.02613 -0.02952 0.04645)
(-0.02203 -0.03305 0.04622)
(-0.01993 -0.02839 0.04276)
(-0.01949 -0.02972 0.03931)
(-0.02071 -0.01957 0.03515)
(-0.03703 -0.00557 0.02723)
(-0.03764 0.00018 0.01627)
(-0.05203 0.01255 0.01328)
(-0.07882 0.03933 -0.01356)
(-0.07051 0.03124 0.00218)
(-0.09544 0.05973 -0.02946)
(-0.10360 0.06653 -0.03405)
(-0.12499 0.08432 -0.04984)
(-0.15259 0.10699 -0.07132)
(-0.16320 0.11597 -0.08640)
(-0.16750 0.11922 -0.09180)
(-0.19232 0.14008 -0.11559)
(0.00591 0.00251 -0.00334)
(-0.01723 -0.00704 0.00990)
(-0.06320 -0.02549 0.03604)
(-0.06180 -0.02662 0.03930)
(-0.05850 -0.02865 0.04219)
(-0.05468 -0.03013 0.04130)
(-0.04664 -0.03360 0.04268)
(-0.04643 -0.03387 0.04422)
(-0.04759 -0.03511 0.04320)
(-0.03759 -0.03544 0.04641)
(-0.03071 -0.03916 0.04662)
(-0.02873 -0.03773 0.04588)
(-0.01816 -0.03710 0.04414)
(-0.01521 -0.03954 0.04448)
(-0.02441 -0.01881 0.03318)
(-0.03329 -0.00799 0.02914)
(-0.05196 0.01331 0.01577)
(-0.06949 0.02800 0.00435)
(-0.09293 0.05491 -0.02221)
(-0.12550 0.08226 -0.04121)
(-0.14731 0.09801 -0.05281)
(0.00593 0.00224 -0.00317)
(-0.00421 -0.00159 0.00225)
(-0.02944 -0.01131 0.01516)
(-0.06381 -0.02947 0.03554)
(-0.06271 -0.03061 0.03608)
(-0.06291 -0.03318 0.03813)
(-0.05365 -0.03616 0.04205)
(-0.04642 -0.03847 0.04558)
(-0.03944 -0.04026 0.04743)
(-0.03100 -0.03711 0.04480)
(-0.02353 -0.03657 0.04383)
(-0.02311 -0.03276 0.04302)
(-0.03056 -0.02221 0.03778)
(-0.04222 -0.00753 0.02913)
(-0.04409 0.00087 0.02195)
(-0.05536 0.00919 0.01919)
(-0.08020 0.03956 -0.00347)
(-0.00140 -0.00049 0.00070)
(-0.03588 -0.01339 0.01797)
(-0.05249 -0.02226 0.02802)
(-0.06650 -0.02911 0.03613)
(-0.06439 -0.03082 0.03673)
(-0.06551 -0.03105 0.03723)
(-0.06449 -0.03203 0.04067)
(-0.05903 -0.03521 0.04271)
(-0.04901 -0.03827 0.04331)
(-0.05443 -0.03480 0.04473)
(-0.04426 -0.03572 0.04594)
(-0.04109 -0.03371 0.04529)
(-0.03274 -0.03658 0.04515)
(-0.04056 -0.03228 0.04633)
(-0.03655 -0.03016 0.04351)
(-0.03692 -0.01934 0.03586)
(-0.00381 -0.00130 0.00190)
(-0.05105 -0.01954 0.02611)
(-0.06836 -0.02908 0.03670)
(-0.07416 -0.02680 0.03783)
(-0.06790 -0.02945 0.03779)
(-0.06580 -0.02977 0.03990)
(-0.06686 -0.03104 0.04410)
(-0.05616 -0.03417 0.04482)
(-0.04691 -0.03475 0.04764)
(-0.04394 -0.03242 0.04665)
(0.00085 0.00026 -0.00041)
(-0.02405 -0.00714 0.01120)
(-0.06054 -0.01853 0.02876)
(-0.20820 0.16348 -0.14097)
(-0.21670 0.19296 -0.18504)
(-0.24175 0.24289 -0.23267)
(-0.24012 0.25252 -0.23468)
(-0.20287 0.26976 -0.23490)
(-0.19294 0.29734 -0.25897)
(-0.18461 0.30145 -0.26599)
(-0.18892 0.29927 -0.27120)
(-0.20609 0.29529 -0.25871)
(-0.22802 0.27575 -0.24316)
(-0.21566 0.24913 -0.22203)
(-0.21842 0.21776 -0.17591)
(-0.21710 0.21258 -0.16986)
(-0.21529 0.20635 -0.16304)
(-0.02070 0.01902 -0.01474)
(-0.18924 0.13466 -0.09984)
(-0.20092 0.15127 -0.12432)
(-0.20198 0.15693 -0.13161)
(-0.21097 0.16748 -0.14981)
(-0.22043 0.19139 -0.17601)
(-0.21982 0.19912 -0.18829)
(-0.22893 0.21729 -0.19597)
(-0.23582 0.23360 -0.20819)
(-0.24221 0.24624 -0.23373)
(-0.23528 0.24745 -0.22213)
(-0.22600 0.25793 -0.23573)
(-0.21965 0.26724 -0.23675)
(-0.20458 0.26970 -0.23451)
(-0.20213 0.27376 -0.23719)
(-0.20180 0.29520 -0.25661)
(-0.18719 0.30072 -0.26342)
(-0.18708 0.30392 -0.26737)
(-0.18876 0.31001 -0.27675)
(-0.20188 0.32707 -0.28066)
(-0.20145 0.30373 -0.27387)
(-0.22562 0.31243 -0.26700)
(-0.23195 0.30096 -0.25246)
(-0.24301 0.29659 -0.23789)
(-0.23177 0.25475 -0.20414)
(-0.22320 0.22361 -0.17415)
(-0.21981 0.21448 -0.16384)
(-0.08501 0.08110 -0.06100)
(-0.00851 0.00805 -0.00600)
(-0.16627 0.11443 -0.06141)
(-0.18121 0.12787 -0.08375)
(-0.18600 0.13090 -0.08768)
(-0.20296 0.14315 -0.10317)
(-0.20429 0.14938 -0.10755)
(-0.20940 0.15603 -0.12687)
(-0.21269 0.16613 -0.14127)
(-0.22098 0.18247 -0.15189)
(-0.21999 0.19798 -0.18271)
(-0.22872 0.20067 -0.16354)
(-0.22659 0.21263 -0.18829)
(-0.22817 0.23115 -0.19699)
(-0.23262 0.24068 -0.21387)
(-0.23422 0.24758 -0.21891)
(-0.23010 0.25672 -0.22915)
(-0.22019 0.26475 -0.23157)
(-0.21270 0.26601 -0.23215)
(-0.20375 0.27863 -0.24034)
(-0.20280 0.29707 -0.25010)
(-0.19421 0.30007 -0.25981)
(-0.19652 0.31397 -0.26808)
(-0.20725 0.32784 -0.27919)
(-0.20670 0.33918 -0.29292)
(-0.22105 0.33854 -0.27781)
(-0.23490 0.32816 -0.26127)
(-0.24197 0.31312 -0.24890)
(-0.25455 0.33399 -0.24754)
(-0.25799 0.30822 -0.22869)
(-0.24640 0.28841 -0.21754)
(-0.25831 0.30276 -0.21081)
(-0.23028 0.23760 -0.18160)
(-0.22138 0.22030 -0.16129)
(-0.11164 0.11045 -0.07803)
(-0.02632 0.02556 -0.01715)
(0.01013 -0.00983 0.00655)
(-0.10290 0.05707 -0.01245)
(-0.12596 0.08019 -0.03174)
(-0.14415 0.09428 -0.04493)
(-0.16379 0.11112 -0.05864)
(-0.18213 0.12700 -0.07580)
(-0.19338 0.13289 -0.08138)
(-0.20206 0.14232 -0.10176)
(-0.20513 0.14767 -0.10625)
(-0.21960 0.16413 -0.11942)
(-0.22157 0.16862 -0.12574)
(-0.22048 0.18023 -0.13748)
(-0.22865 0.19684 -0.15318)
(-0.22275 0.20688 -0.16990)
(-0.22514 0.21414 -0.17735)
(-0.22799 0.23236 -0.19823)
(-0.22039 0.24045 -0.20547)
(-0.21959 0.24633 -0.20618)
(-0.22391 0.25906 -0.22225)
(-0.21809 0.26267 -0.22407)
(-0.21533 0.28036 -0.23749)
(-0.21196 0.28619 -0.24189)
(-0.20276 0.29542 -0.24296)
(-0.19740 0.30313 -0.25433)
(-0.20329 0.32011 -0.25902)
(-0.20483 0.32548 -0.26735)
(-0.21220 0.33586 -0.25634)
(-0.21420 0.33580 -0.26727)
(-0.24216 0.34848 -0.25718)
(-0.24770 0.34749 -0.25635)
(-0.26787 0.35465 -0.24130)
(-0.27341 0.33875 -0.23334)
(-0.26281 0.29692 -0.19841)
(-0.27225 0.32288 -0.20651)
(-0.26225 0.29000 -0.18403)
(-0.22674 0.24759 -0.15808)
(-0.02772 0.02944 -0.01704)
(0.02268 -0.02400 0.01387)
(-0.18042 0.20215 -0.11778)
(-0.04247 -0.00762 0.02914)
(-0.04641 -0.00255 0.02625)
(-0.05013 0.00196 0.02303)
(-0.07687 0.03043 0.00445)
(-0.10036 0.05494 -0.01165)
(-0.11046 0.06269 -0.01974)
(-0.11322 0.06649 -0.01872)
(-0.13247 0.08259 -0.03411)
(-0.15351 0.09943 -0.05211)
(-0.17502 0.11733 -0.06791)
(-0.19346 0.13233 -0.08313)
(-0.19787 0.13602 -0.08746)
(-0.20986 0.15091 -0.10372)
(-0.22086 0.16768 -0.12280)
(-0.22162 0.17148 -0.12579)
(-0.22209 0.18943 -0.14130)
(-0.22967 0.20345 -0.16181)
(-0.22232 0.21217 -0.16516)
(-0.22756 0.22809 -0.18712)
(-0.21591 0.21190 -0.16413)
(-0.21881 0.24131 -0.20157)
(-0.21764 0.24298 -0.20288)
(-0.21747 0.24706 -0.20678)
(-0.21073 0.26844 -0.22504)
(-0.21222 0.28341 -0.23941)
(-0.21169 0.27971 -0.23621)
(-0.20375 0.28968 -0.23556)
(-0.19842 0.30757 -0.25206)
(-0.19768 0.30287 -0.24126)
(-0.20385 0.32394 -0.24454)
(-0.21311 0.33685 -0.23750)
(-0.21987 0.34537 -0.24889)
(-0.24863 0.35041 -0.24058)
(-0.26355 0.35702 -0.24383)
(-0.27107 0.35819 -0.23720)
(-0.27579 0.35696 -0.23420)
(-0.27054 0.32723 -0.18374)
(-0.26633 0.31746 -0.17860)
(-0.25264 0.29941 -0.16277)
(-0.14933 0.16806 -0.08830)
(-0.01818 0.02025 -0.01067)
(-0.08833 0.10105 -0.04532)
(-0.01680 0.01920 -0.00858)
(-0.04257 -0.03121 0.04661)
(-0.03990 -0.03095 0.04608)
(-0.04313 -0.02197 0.04045)
(-0.04278 -0.00768 0.02933)
(-0.04613 -0.00329 0.02656)
(-0.04591 -0.00405 0.02718)
(-0.04974 0.00112 0.02343)
(-0.08174 0.03471 0.00287)
(-0.06291 0.01508 0.01251)
(-0.09041 0.04217 -0.00580)
(-0.10303 0.05573 -0.01654)
(-0.13673 0.08378 -0.04319)
(-0.14265 0.08818 -0.04779)
(-0.16501 0.10785 -0.06288)
(-0.19238 0.13109 -0.08274)
(-0.19639 0.13466 -0.08640)
(-0.19905 0.13712 -0.08887)
(-0.20604 0.14654 -0.09821)
(-0.22044 0.16675 -0.12037)
(-0.22117 0.17013 -0.12338)
(-0.22098 0.18061 -0.12939)
(-0.22200 0.19715 -0.15060)
(-0.21594 0.20713 -0.15648)
(-0.21515 0.20947 -0.16040)
(-0.21820 0.23250 -0.18976)
(-0.21615 0.24013 -0.19999)
(-0.21595 0.24435 -0.20409)
(-0.21465 0.24161 -0.20132)
(-0.20648 0.25669 -0.21284)
(-0.19917 0.25907 -0.21201)
(-0.19827 0.28158 -0.22129)
(-0.19115 0.28640 -0.21844)
(-0.20847 0.33084 -0.23369)
(-0.21408 0.33687 -0.23289)
(-0.21944 0.34291 -0.23636)
(-0.24717 0.35353 -0.22814)
(-0.26725 0.36025 -0.23922)
(-0.27393 0.36121 -0.23352)
(-0.27828 0.35987 -0.23103)
(-0.27961 0.35467 -0.20719)
(-0.26463 0.32218 -0.17141)
(-0.24123 0.28734 -0.13905)
(-0.07687 0.09186 -0.03900)
(0.01611 -0.01913 0.00818)
(-0.00563 0.00673 -0.00284)
(-0.08062 -0.02558 0.03888)
(-0.07963 -0.02638 0.04250)
(-0.07143 -0.02909 0.04215)
(-0.06882 -0.03050 0.04566)
(-0.06898 -0.03041 0.04569)
(-0.06457 -0.03181 0.04744)
(-0.05341 -0.03253 0.04738)
(-0.04544 -0.03159 0.04701)
(-0.04683 -0.03061 0.04757)
(-0.04433 -0.03015 0.04703)
(-0.04183 -0.02971 0.04629)
(-0.04346 -0.02072 0.04108)
(-0.04420 -0.00993 0.03255)
(-0.04506 -0.00801 0.03059)
(-0.06226 0.01334 0.01542)
(-0.08520 0.03749 -0.00511)
(-0.09748 0.04774 -0.01839)
(-0.13262 0.07961 -0.04224)
(-0.13956 0.08505 -0.04686)
(-0.15519 0.09871 -0.05692)
(-0.17113 0.11179 -0.06919)
(-0.19508 0.13318 -0.08586)
(-0.19804 0.13595 -0.08854)
(-0.20613 0.14933 -0.09450)
(-0.21447 0.16014 -0.11156)
(-0.21721 0.17035 -0.11761)
(-0.21715 0.17752 -0.12266)
(-0.22049 0.19208 -0.13972)
(-0.21557 0.20473 -0.15268)
(-0.21449 0.20698 -0.15652)
(-0.21504 0.21850 -0.17163)
(-0.21110 0.22871 -0.18641)
(-0.20993 0.23050 -0.19467)
(-0.20754 0.24346 -0.20116)
(-0.19633 0.24688 -0.20927)
(-0.19222 0.25700 -0.20893)
(-0.19159 0.26881 -0.21122)
(-0.18528 0.27703 -0.20718)
(-0.18881 0.29147 -0.22088)
(-0.19870 0.31507 -0.23081)
(-0.21147 0.33356 -0.22876)
(-0.21905 0.34064 -0.22723)
(-0.22195 0.34400 -0.23118)
(-0.24569 0.35949 -0.22158)
(-0.27312 0.37009 -0.23037)
(-0.25472 0.35129 -0.20373)
(-0.26519 0.35465 -0.20308)
(-0.26316 0.33552 -0.16630)
(-0.27671 0.33910 -0.16820)
(-0.26572 0.32030 -0.15763)
(-0.25052 0.30290 -0.14585)
(-0.18971 0.22698 -0.09783)
(-0.04235 0.05093 -0.02121)
(-0.00509 -0.00141 0.00232)
(-0.01377 -0.00350 0.00610)
(-0.07670 -0.02186 0.03760)
(-0.07342 -0.02761 0.04156)
(-0.06764 -0.02741 0.04263)
(-0.06784 -0.02940 0.04383)
(-0.06618 -0.02962 0.04556)
(-0.05738 -0.03224 0.04628)
(-0.05509 -0.02958 0.04637)
(-0.05450 -0.03004 0.04621)
(-0.04838 -0.02759 0.04731)
(-0.04171 -0.02731 0.04443)
(-0.04097 -0.02547 0.04321)
(-0.04215 -0.01691 0.03645)
(-0.04433 -0.01119 0.03481)
(-0.05091 0.00000 0.01869)
(-0.05389 0.00377 0.01461)
(-0.07523 0.02746 0.00075)
(-0.08468 0.03518 -0.01329)
(-0.11299 0.06138 -0.03215)
(-0.10928 0.05459 -0.03124)
(-0.15135 0.09128 -0.05324)
(-0.15904 0.09893 -0.05930)
(-0.18300 0.12281 -0.07659)
(-0.18947 0.13091 -0.07819)
(-0.19039 0.13614 -0.08245)
(-0.21508 0.15953 -0.10039)
(-0.21388 0.16528 -0.10462)
(-0.21761 0.17960 -0.11387)
(-0.21786 0.18818 -0.13074)
(-0.21634 0.19314 -0.13670)
(-0.21673 0.20085 -0.14504)
(-0.21188 0.20840 -0.16572)
(-0.21006 0.21399 -0.17378)
(-0.20989 0.21955 -0.18074)
(-0.20429 0.23347 -0.19714)
(-0.19828 0.24266 -0.20498)
(-0.19138 0.24543 -0.20823)
(-0.18748 0.26360 -0.21323)
(-0.18459 0.27527 -0.20946)
(-0.19489 0.29464 -0.21415)
(-0.21004 0.32250 -0.21437)
(-0.23129 0.34023 -0.20270)
(-0.21246 0.31746 -0.19359)
(-0.27158 0.37419 -0.19368)
(-0.23386 0.32765 -0.16659)
(-0.24362 0.32623 -0.17341)
(-0.24609 0.31868 -0.15657)
(-0.25162 0.31420 -0.14889)
(-0.23491 0.29584 -0.12645)
(-0.15229 0.19376 -0.07757)
(-0.07563 0.09682 -0.03803)
(-0.02833 0.03638 -0.01414)
(-0.00319 -0.00125 0.00182)
(-0.05860 -0.01809 0.03288)
(-0.06995 -0.02546 0.04226)
(-0.06000 -0.02666 0.04230)
(-0.05942 -0.02699 0.04255)
(-0.05821 -0.02753 0.04304)
(-0.06140 -0.02985 0.04633)
(-0.05562 -0.02737 0.04434)
(-0.05779 -0.02692 0.04567)
(-0.04921 -0.02812 0.04772)
(-0.04357 -0.02966 0.04506)
(-0.03915 -0.02913 0.04292)
(-0.04161 -0.02267 0.04115)
(-0.04468 -0.01469 0.03608)
(-0.04007 -0.01510 0.03349)
(-0.04679 -0.00607 0.02179)
(-0.04736 -0.00390 0.01291)
(-0.05556 0.00711 0.00377)
(-0.08938 0.03800 -0.02066)
(-0.09704 0.04270 -0.02479)
(-0.12458 0.06740 -0.03985)
(-0.13693 0.07826 -0.04900)
(-0.16670 0.10618 -0.07025)
(-0.14352 0.08643 -0.05657)
(-0.17955 0.12394 -0.07564)
(-0.18200 0.13080 -0.07531)
(-0.21367 0.15869 -0.09878)
(-0.20945 0.16234 -0.09653)
(-0.21203 0.17790 -0.10460)
(-0.21783 0.18468 -0.11876)
(-0.21178 0.18043 -0.10741)
(-0.21582 0.19153 -0.13460)
(-0.21367 0.19479 -0.14393)
(-0.21387 0.20218 -0.16298)
(-0.21044 0.20264 -0.16383)
(-0.20939 0.20921 -0.17280)
(-0.20653 0.21286 -0.17459)
(-0.20005 0.21190 -0.18648)
(-0.20493 0.22707 -0.19528)
(-0.19791 0.22542 -0.20230)
(-0.18976 0.23095 -0.20454)
(-0.18581 0.24914 -0.21283)
(-0.18541 0.24181 -0.20986)
(-0.18139 0.24886 -0.21276)
(-0.18041 0.25756 -0.20655)
(-0.19206 0.29200 -0.20099)
(-0.19601 0.29751 -0.18800)
(-0.24349 0.34116 -0.18881)
(-0.20488 0.30249 -0.17926)
(-0.22058 0.31513 -0.16329)
(-0.17681 0.25385 -0.10994)
(-0.22107 0.29801 -0.13509)
(-0.17557 0.24803 -0.10333)
(-0.21494 0.28019 -0.11702)
(-0.20310 0.26580 -0.10800)
(-0.17005 0.24198 -0.09876)
(-0.15744 0.20755 -0.08241)
(-0.02999 0.04120 -0.01454)
(-0.00077 -0.00038 0.00052)
(-0.04121 -0.01647 0.02676)
(-0.04255 -0.02000 0.03215)
(-0.05623 -0.02690 0.04282)
(-0.05581 -0.02730 0.04356)
(-0.05402 -0.02678 0.04336)
(-0.05397 -0.02696 0.04395)
(-0.05016 -0.02557 0.04652)
(-0.04422 -0.02795 0.04371)
(-0.03951 -0.02743 0.04448)
(-0.03994 -0.02359 0.04206)
(-0.03249 -0.02480 0.03875)
(-0.03632 -0.01966 0.03260)
(-0.04169 -0.01269 0.02301)
(-0.03757 -0.01289 0.01390)
(-0.04210 -0.00783 0.00993)
(-0.04167 -0.00815 0.00776)
(-0.08052 0.02884 -0.01354)
(-0.08908 0.03526 -0.02159)
(-0.10032 0.04517 -0.02690)
(-0.10761 0.05449 -0.03424)
(-0.12282 0.07451 -0.04141)
(-0.15222 0.10291 -0.05394)
(-0.16066 0.12192 -0.05877)
(-0.18590 0.14042 -0.07629)
(-0.18923 0.14863 -0.08005)
(-0.21017 0.17738 -0.10051)
(-0.20994 0.17915 -0.10307)
(-0.21194 0.18220 -0.11002)
(-0.20944 0.18833 -0.13105)
(-0.21953 0.19839 -0.14877)
(-0.21268 0.20325 -0.16842)
(-0.20630 0.20274 -0.17391)
(-0.19858 0.20395 -0.17922)
(-0.19196 0.20685 -0.19218)
(-0.18946 0.20742 -0.19468)
(-0.18500 0.22502 -0.19797)
(-0.18014 0.24236 -0.21261)
(-0.17955 0.24537 -0.21144)
(-0.18788 0.27925 -0.18928)
(-0.18702 0.26676 -0.20061)
(-0.19184 0.28702 -0.19783)
(-0.16975 0.25442 -0.14739)
(-0.20189 0.29198 -0.16406)
(-0.16784 0.25104 -0.14137)
(-0.16888 0.24962 -0.11136)
(-0.15507 0.22967 -0.09544)
(-0.15814 0.23122 -0.09391)
(-0.16725 0.23205 -0.09065)
(-0.12657 0.17378 -0.06644)
(-0.13856 0.20629 -0.08069)
(-0.03627 0.05193 -0.01764)
(-0.00717 0.01033 -0.00347)
(0.00088 0.00046 -0.00076)
(-0.01982 -0.01089 0.01526)
(-0.02606 -0.01189 0.02425)
(-0.05358 -0.02620 0.04296)
(-0.05198 -0.02632 0.04340)
(-0.04713 -0.02404 0.04816)
(-0.04383 -0.02508 0.04560)
(-0.04105 -0.02475 0.04483)
(-0.03608 -0.02243 0.04180)
(-0.03368 -0.02354 0.04036)
(-0.03285 -0.02345 0.03894)
(-0.03398 -0.02128 0.02720)
(-0.03267 -0.01770 0.01454)
(-0.03664 -0.01345 0.01172)
(-0.03509 -0.01466 0.01002)
(-0.05887 0.00938 -0.00658)
(-0.08982 0.03585 -0.02189)
(-0.07916 0.03259 -0.01647)
(-0.08438 0.04279 -0.02138)
(-0.12875 0.08369 -0.03990)
(-0.13053 0.09686 -0.04068)
(-0.16356 0.12824 -0.06019)
(-0.16727 0.13366 -0.06120)
(-0.18019 0.15290 -0.07626)
(-0.20695 0.17803 -0.09739)
(-0.21064 0.18104 -0.10635)
(-0.20640 0.18120 -0.11614)
(-0.21037 0.18463 -0.12253)
(-0.21275 0.19177 -0.14386)
(-0.20971 0.18397 -0.13342)
(-0.20768 0.18542 -0.14301)
(-0.20032 0.19135 -0.16136)
(-0.19186 0.19767 -0.18895)
(-0.19212 0.20232 -0.19074)
(-0.18933 0.20238 -0.19340)
(-0.18613 0.20186 -0.19617)
(-0.17684 0.20998 -0.19919)
(-0.17856 0.23567 -0.21355)
(-0.17780 0.23721 -0.21294)
(-0.16895 0.23412 -0.19950)
(-0.17565 0.25252 -0.18551)
(-0.17119 0.24237 -0.18697)
(-0.16213 0.24373 -0.14753)
(-0.15891 0.23957 -0.13981)
(-0.16663 0.24555 -0.13065)
(-0.15310 0.23295 -0.13130)
(-0.14595 0.22044 -0.09194)
(-0.14700 0.22056 -0.08942)
(-0.13722 0.21073 -0.08577)
(-0.11431 0.17665 -0.06838)
(-0.07214 0.11036 -0.04048)
(-0.01114 0.01800 -0.00554)
(0.00610 -0.00975 0.00280)
(0.00345 0.00200 -0.00359)
(-0.00130 -0.00035 0.00153)
(-0.01849 -0.00590 0.02039)
(-0.05206 -0.01747 0.04828)
(-0.04686 -0.01615 0.05105)
(-0.04477 -0.02431 0.04605)
(-0.04482 -0.01861 0.05046)
(-0.04000 -0.02488 0.04555)
(-0.03440 -0.02647 0.04287)
(-0.03506 -0.02329 0.04186)
(-0.03298 -0.02415 0.04086)
(-0.03114 -0.02503 0.03903)
(-0.02508 -0.02799 0.03558)
(-0.02472 -0.03050 0.03203)
(-0.01848 -0.03394 0.02832)
(-0.03094 -0.01907 0.01315)
(-0.02877 -0.02078 0.01194)
(-0.03059 -0.01787 0.00632)
(-0.02503 -0.01898 0.00734)
(-0.05777 0.00814 -0.00999)
(-0.01908 -0.02645 0.00236)
(-0.05936 0.01948 -0.01107)
(-0.06858 0.03344 -0.01631)
(-0.09300 0.05800 -0.02223)
(-0.09260 0.06731 -0.01711)
(-0.15361 0.12172 -0.05284)
(-0.15896 0.12887 -0.05509)
(-0.16652 0.14151 -0.05921)
(-0.17118 0.15805 -0.06426)
(-0.20810 0.17970 -0.10121)
(-0.17852 0.16703 -0.07039)
(-0.20614 0.17971 -0.09934)
(-0.20066 0.17420 -0.11182)
(-0.19752 0.17483 -0.11918)
(-0.20748 0.18260 -0.13804)
(-0.20562 0.18151 -0.14207)
(-0.19307 0.17982 -0.16459)
(-0.17211 0.17201 -0.17549)
(-0.18899 0.19726 -0.19092)
(-0.18546 0.19671 -0.19477)
(-0.16662 0.18482 -0.19658)
(-0.16814 0.20403 -0.20256)
(-0.15995 0.20874 -0.19624)
(-0.15731 0.21430 -0.18566)
(-0.15396 0.22440 -0.16056)
(-0.13655 0.19501 -0.16054)
(-0.15321 0.23126 -0.14084)
(-0.14724 0.22523 -0.13089)
(-0.10009 0.16449 -0.09030)
(-0.11962 0.19135 -0.09260)
(-0.09357 0.16066 -0.06858)
(-0.12491 0.19723 -0.07727)
(-0.03689 0.05955 -0.01972)
(-0.02171 0.04142 -0.01067)
(-0.00061 0.00109 -0.00029)
(0.00575 0.00151 -0.00679)
(-0.02653 -0.00687 0.03436)
(-0.04281 -0.01354 0.04959)
(0.00447 0.00098 -0.00589)
(-0.00632 -0.00151 0.00841)
(-0.04911 -0.01155 0.05658)
(-0.04963 -0.01320 0.05615)
(-0.05027 -0.01444 0.05417)
(-0.04782 -0.00829 0.06006)
(-0.04455 -0.01559 0.05313)
(-0.03685 -0.02501 0.04626)
(-0.03549 -0.02624 0.04437)
(-0.03500 -0.02141 0.04847)
(-0.03293 -0.02351 0.04593)
(-0.03051 -0.02558 0.03976)
(-0.02058 -0.03356 0.03381)
(-0.01374 -0.03893 0.02805)
(-0.02055 -0.03101 0.02101)
(-0.00125 -0.04845 0.02415)
(-0.00755 -0.04225 0.01532)
(-0.00474 -0.04248 0.01435)
(-0.00718 -0.03684 0.01188)
(-0.00308 -0.04035 0.01039)
(-0.02863 -0.01253 0.00124)
(-0.03570 -0.00046 0.00586)
(-0.06690 0.03759 -0.00956)
(-0.08005 0.05869 -0.00710)
(-0.13753 0.11099 -0.04024)
(-0.14039 0.11520 -0.04010)
(-0.14427 0.13037 -0.04256)
(-0.15043 0.14439 -0.04021)
(-0.15737 0.15364 -0.04538)
(-0.17237 0.16042 -0.07305)
(-0.18507 0.16657 -0.09668)
(-0.17161 0.15205 -0.09241)
(-0.16948 0.14688 -0.10268)
(-0.19268 0.16946 -0.12403)
(-0.19831 0.17227 -0.13893)
(-0.17098 0.15384 -0.14577)
(-0.16509 0.15213 -0.15631)
(-0.15159 0.14622 -0.16187)
(-0.16599 0.16832 -0.18041)
(-0.16468 0.17512 -0.19257)
(-0.15338 0.16873 -0.21317)
(-0.14637 0.17084 -0.19379)
(-0.14814 0.19044 -0.19213)
(-0.14535 0.19467 -0.18166)
(-0.13897 0.18341 -0.18064)
(-0.13282 0.18711 -0.16165)
(-0.14393 0.21481 -0.14885)
(-0.12128 0.17813 -0.14503)
(-0.10074 0.16008 -0.11879)
(-0.14375 0.21992 -0.13257)
(-0.11422 0.17944 -0.10500)
(-0.08193 0.14019 -0.07159)
(-0.05296 0.11030 -0.04530)
(-0.06294 0.11956 -0.04621)
(-0.02067 0.04024 -0.01158)
(0.00153 -0.00318 0.00070)
(-0.00205 0.00410 -0.00108)
(-0.00310 -0.00053 0.00451)
(-0.02785 -0.00582 0.03296)
(-0.02852 -0.00040 0.04423)
(-0.04207 -0.00219 0.06348)
(-0.04227 -0.00251 0.06349)
(-0.03927 -0.01527 0.05316)
(-0.03793 -0.01369 0.05405)
(-0.02833 -0.02536 0.04562)
(-0.02178 -0.03170 0.04077)
(-0.00829 -0.04001 0.03137)
(-0.00366 -0.04325 0.02942)
(0.00023 -0.05014 0.02363)
(0.02008 -0.06229 0.01919)
(0.00413 -0.05013 0.01260)
(0.00905 -0.05428 0.01965)
(-0.01040 -0.02942 0.01296)
(-0.01110 -0.01880 0.02418)
(-0.01963 -0.00702 0.02380)
(-0.02258 -0.00116 0.02454)
(-0.08378 0.06559 -0.00799)
(-0.04330 0.02825 0.01784)
(-0.09594 0.09186 -0.00565)
(-0.11702 0.11193 -0.01934)
(-0.12395 0.12164 -0.01861)
(-0.13089 0.13010 -0.02823)
(-0.12525 0.12822 -0.03170)
(-0.15607 0.14975 -0.05267)
(-0.13783 0.13546 -0.05532)
(-0.14366 0.13815 -0.06872)
(-0.14445 0.13325 -0.07645)
(-0.12854 0.11459 -0.09626)
(-0.14536 0.12578 -0.10676)
(-0.14757 0.12867 -0.11752)
(-0.14503 0.12862 -0.12632)
(-0.14593 0.13288 -0.13973)
(-0.13416 0.13536 -0.15757)
(-0.14745 0.15421 -0.16800)
(-0.13694 0.15339 -0.17829)
(-0.13920 0.16278 -0.18725)
(-0.12283 0.16008 -0.17053)
(-0.10521 0.14387 -0.15291)
(-0.12239 0.16815 -0.16455)
(-0.11931 0.17423 -0.14457)
(-0.10480 0.15979 -0.12631)
(-0.07626 0.12554 -0.10014)
(-0.06542 0.11833 -0.06369)
(-0.07091 0.11459 -0.07365)
(-0.05202 0.10630 -0.04646)
(-0.04899 0.10128 -0.04372)
(-0.03054 0.06724 -0.02756)
(-0.01018 0.02277 -0.00692)
(0.00021 -0.00067 0.00010)
(0.00451 -0.00916 0.00232)
(-0.00332 0.00004 0.00531)
(-0.01488 0.00002 0.02346)
(-0.01944 0.00067 0.03188)
(-0.04159 -0.00003 0.06538)
(-0.04166 -0.00030 0.06514)
(-0.03780 -0.00552 0.06028)
(-0.04106 0.00058 0.06575)
(-0.03288 -0.00924 0.05824)
(-0.03318 -0.01773 0.05187)
(-0.02514 -0.02795 0.04360)
(-0.02391 -0.02266 0.04494)
(-0.02247 -0.02960 0.04230)
(-0.00780 -0.04058 0.03490)
(0.00488 -0.04694 0.02977)
(0.01222 -0.05783 0.02381)
(0.02240 -0.06543 0.02084)
(0.02258 -0.06530 0.02049)
(0.02335 -0.06590 0.02082)
(0.00381 -0.04451 0.01929)
(-0.00833 -0.02326 0.02575)
(-0.01428 -0.01374 0.02546)
(-0.01737 -0.00870 0.02680)
(-0.02249 0.00004 0.02747)
(-0.06849 0.06778 0.01076)
(-0.08243 0.08456 0.00758)
(-0.08714 0.09287 0.00428)
(-0.09014 0.10086 0.00187)
(-0.09449 0.10550 -0.01534)
(-0.10750 0.11288 -0.03255)
(-0.10610 0.10972 -0.03435)
(-0.10437 0.10655 -0.03457)
(-0.11601 0.10880 -0.07170)
(-0.12005 0.10756 -0.09576)
(-0.12674 0.11079 -0.10553)
(-0.10900 0.10434 -0.11580)
(-0.11368 0.11251 -0.12177)
(-0.09033 0.10444 -0.12318)
(-0.11599 0.12843 -0.15228)
(-0.08963 0.10741 -0.12688)
(-0.09802 0.11913 -0.13883)
(-0.11929 0.14812 -0.16299)
(-0.10216 0.14021 -0.15043)
(-0.09858 0.13885 -0.14482)
(-0.10159 0.14281 -0.14700)
(-0.09471 0.13690 -0.13915)
(-0.09283 0.13887 -0.12938)
(-0.07764 0.12186 -0.10213)
(-0.05502 0.09399 -0.08286)
(-0.06359 0.09971 -0.07743)
(-0.05642 0.09498 -0.06595)
(-0.03556 0.06697 -0.03853)
(-0.02207 0.04620 -0.02533)
(-0.01216 0.02934 -0.01299)
(-0.00071 0.00231 -0.00057)
(-0.00012 -0.00012 -0.00072)
(-0.00510 0.00026 0.00861)
(-0.00425 0.00037 0.00769)
(-0.02727 0.00145 0.04616)
(-0.03875 0.00237 0.06657)
(-0.03261 -0.00729 0.05937)
(-0.01662 -0.00504 0.05413)
(-0.01701 -0.00727 0.05293)
(-0.00451 -0.02321 0.04071)
(0.00921 -0.03461 0.03307)
(0.01614 -0.03587 0.03222)
(0.01108 -0.05173 0.02847)
(0.02005 -0.05959 0.02466)
(0.02377 -0.06616 0.02093)
(0.02471 -0.06695 0.02131)
(0.02374 -0.06664 0.02150)
(0.01263 -0.04886 0.02455)
(-0.01051 -0.02035 0.02720)
(-0.01314 -0.01677 0.02886)
(-0.01946 -0.00461 0.03420)
(-0.04258 0.03664 0.02458)
(-0.05645 0.05942 0.02288)
(-0.05774 0.06832 0.02009)
(-0.05960 0.07212 0.01811)
(-0.05978 0.07382 0.01729)
(-0.09637 0.10551 -0.02508)
(-0.07577 0.08381 -0.00683)
(-0.09406 0.10161 -0.02668)
(-0.09153 0.09755 -0.02808)
(-0.08323 0.08232 -0.04385)
(-0.06359 0.06496 -0.04607)
(-0.07092 0.07159 -0.06182)
(-0.11199 0.10087 -0.09638)
(-0.09154 0.08594 -0.09178)
(-0.05452 0.05755 -0.06510)
(-0.09408 0.09411 -0.10956)
(-0.08129 0.09588 -0.11481)
(-0.08169 0.09966 -0.11796)
(-0.08208 0.10317 -0.12065)
(-0.07590 0.10146 -0.11599)
(-0.09841 0.13671 -0.14728)
(-0.09526 0.13520 -0.14235)
(-0.08162 0.12253 -0.13001)
(-0.09180 0.13327 -0.13737)
(-0.06816 0.11108 -0.09876)
(-0.07197 0.11380 -0.11246)
(-0.05531 0.09425 -0.08578)
(-0.04548 0.07566 -0.06843)
(-0.04529 0.08412 -0.07636)
(-0.02229 0.04268 -0.03378)
(-0.02054 0.03914 -0.02885)
(-0.00325 0.01124 -0.00621)
(-0.00582 0.01073 -0.00840)
(-0.00041 0.00158 -0.00088)
(-0.02082 0.00187 0.03768)
(-0.00521 0.00061 0.01000)
(-0.00707 0.00425 0.03358)
(-0.01938 0.00105 0.05921)
(-0.00396 -0.00284 0.05333)
(-0.00675 -0.00799 0.04979)
(0.00436 -0.02016 0.04076)
(0.01428 -0.02981 0.03524)
(0.01875 -0.03318 0.03271)
(0.02102 -0.04519 0.02901)
(0.03029 -0.05400 0.02523)
(0.02677 -0.06733 0.02103)
(0.02561 -0.06922 0.02304)
(0.01038 -0.04037 0.03120)
(0.00742 -0.03694 0.03560)
(-0.00212 -0.02258 0.03951)
(-0.02910 0.01992 0.03498)
(-0.03777 0.03353 0.03104)
(-0.04653 0.05364 0.02742)
(-0.05213 0.06287 0.02359)
(-0.05200 0.06486 0.02201)
(-0.04646 0.06087 0.01118)
(-0.08291 0.09339 -0.01940)
(-0.04521 0.05657 0.00394)
(-0.04798 0.06088 -0.00296)
(-0.08038 0.08939 -0.02158)
(-0.05317 0.06545 -0.01825)
(-0.03855 0.04809 -0.02516)
(-0.03002 0.04098 -0.02923)
(-0.03277 0.04619 -0.04085)
(-0.03689 0.04638 -0.05176)
(-0.05617 0.06251 -0.07664)
(-0.03175 0.04757 -0.06151)
(-0.05456 0.07119 -0.09294)
(-0.07294 0.09119 -0.10994)
(-0.07079 0.09208 -0.10920)
(-0.06875 0.09297 -0.10820)
(-0.07515 0.09951 -0.11470)
(-0.06043 0.09419 -0.10655)
(-0.06096 0.10367 -0.10929)
(-0.08810 0.12969 -0.13462)
(-0.05862 0.10401 -0.10321)
(-0.05935 0.10071 -0.10215)
(-0.05335 0.09021 -0.08765)
(-0.03259 0.06770 -0.06851)
(-0.03020 0.05705 -0.05245)
(-0.01629 0.03109 -0.02522)
(-0.01295 0.02876 -0.02651)
(-0.01189 0.02252 -0.01854)
(-0.00283 0.00515 -0.00442)
(-0.00096 0.00171 -0.00138)
(-0.00000 0.00008 0.00044)
(-0.00030 0.00199 0.01170)
(0.00041 0.00019 0.00204)
(-0.00372 0.00196 0.03957)
(0.00739 -0.01506 0.04394)
(0.01971 -0.00080 0.02612)
(0.00704 -0.00591 0.04972)
(0.03499 -0.01687 0.03732)
(0.01977 -0.02945 0.03395)
(0.04195 -0.03635 0.02831)
(0.02403 -0.03825 0.03182)
(0.04256 -0.04510 0.02683)
(0.04744 -0.05881 0.02022)
(0.04785 -0.06604 0.02057)
(0.03583 -0.06176 0.02502)
(0.03547 -0.06203 0.02936)
(0.01694 -0.06306 0.03635)
(0.01510 -0.06497 0.03738)
(0.00535 -0.03974 0.04365)
(-0.01324 -0.00111 0.04315)
(-0.00460 -0.01752 0.04438)
(-0.02353 0.01717 0.04394)
(-0.02739 0.02329 0.04087)
(-0.03777 0.03956 0.03241)
(-0.03928 0.04782 0.02478)
(-0.03072 0.04448 0.02282)
(-0.01776 0.03007 0.02354)
(-0.00602 0.02172 0.01803)
(-0.00238 0.02164 0.00435)
(-0.01053 0.03192 -0.00114)
(-0.00472 0.02151 -0.01287)
(0.00159 0.01807 0.00029)
(0.01026 0.00681 -0.01435)
(-0.00940 0.02650 -0.02680)
(0.00092 0.01840 -0.03621)
(-0.01947 0.03575 -0.04644)
(-0.01066 0.03797 -0.05543)
(-0.01237 0.04147 -0.05684)
(-0.04319 0.07122 -0.07931)
(-0.02919 0.06876 -0.07133)
(-0.04162 0.08066 -0.08829)
(-0.03914 0.08579 -0.08940)
(-0.02617 0.08039 -0.07368)
(-0.03921 0.08901 -0.08517)
(-0.03566 0.07874 -0.08010)
(-0.02644 0.06917 -0.06850)
(-0.02770 0.06306 -0.06584)
(-0.02166 0.04995 -0.05345)
(-0.00385 0.02700 -0.03148)
(-0.00818 0.02553 -0.02901)
(-0.00087 0.00516 -0.00690)
(-0.00175 0.00418 -0.00416)
(-0.00851 -0.00061 -0.00856)
(0.00073 0.00009 0.00090)
(0.03351 -0.00902 0.02968)
(-0.00074 0.00004 -0.00046)
(0.01604 -0.00111 0.01036)
(0.05859 -0.01577 0.02970)
(0.06029 -0.02088 0.03227)
(0.06201 -0.03409 0.02587)
(0.06814 -0.02206 0.03028)
(0.06578 -0.02446 0.02995)
(0.05211 -0.04647 0.02542)
(0.05783 -0.05031 0.02538)
(0.05044 -0.05738 0.02650)
(0.05086 -0.05442 0.03203)
(0.03530 -0.05323 0.03578)
(0.03967 -0.04567 0.03766)
(0.01783 -0.03483 0.04530)
(0.00954 -0.02347 0.04941)
(-0.01091 -0.00818 0.04757)
(0.00700 -0.01856 0.05034)
(-0.01554 0.00839 0.04303)
(-0.01696 0.01631 0.04275)
(-0.01446 0.01300 0.03997)
(-0.01317 0.02188 0.03205)
(-0.00207 0.01475 0.02830)
(0.00325 0.01410 0.02577)
(0.01697 0.00160 0.02036)
(0.03599 -0.01241 0.01301)
(0.05255 -0.03067 0.01018)
(0.01512 0.00407 -0.01073)
(0.01686 0.00352 -0.01480)
(0.04904 -0.02714 0.00063)
(0.04629 -0.01946 -0.00831)
(0.02984 -0.00477 -0.01756)
(0.03076 -0.00241 -0.01744)
(0.05283 -0.01914 -0.01249)
(0.05045 -0.01586 -0.01480)
(0.02747 0.00372 -0.02384)
(-0.00587 0.03614 -0.05151)
(0.01757 0.01937 -0.03195)
(0.00606 0.03539 -0.04543)
(-0.01317 0.05368 -0.05734)
(0.00893 0.03757 -0.04611)
(-0.01058 0.05558 -0.05987)
(-0.01824 0.06944 -0.06517)
(-0.02469 0.07737 -0.07256)
(-0.01176 0.05753 -0.05567)
(-0.01668 0.05959 -0.06397)
(-0.00059 0.03753 -0.03974)
(0.00792 0.02400 -0.02314)
(0.00525 0.01259 -0.01336)
(0.00112 0.00845 -0.01045)
(0.00028 0.00228 -0.00361)
(0.00002 -0.00043 0.00072)
(-0.00124 -0.00072 0.00246)
(0.00004 -0.00115 0.00197)
(-0.00909 0.00042 -0.00552)
(0.00399 -0.00077 0.00183)
(0.03374 -0.00763 0.01630)
(-0.01215 0.00143 -0.00506)
(0.02444 -0.00551 0.00996)
(0.05808 -0.01599 0.02494)
(0.07848 -0.02839 0.02736)
(0.05714 -0.01617 0.02181)
(0.07050 -0.02185 0.02735)
(0.08436 -0.03153 0.02722)
(0.07374 -0.03550 0.02917)
(0.07500 -0.03583 0.03409)
(0.05703 -0.04713 0.03576)
(0.07246 -0.03366 0.03871)
(0.04172 -0.02948 0.04273)
(0.01418 -0.02303 0.04934)
(0.01238 -0.02007 0.04983)
(0.00972 -0.01778 0.05015)
(0.00476 -0.01579 0.05091)
(-0.00822 -0.00334 0.04695)
(-0.00547 -0.00023 0.04335)
(-0.00630 0.00778 0.03655)
(0.00580 0.00299 0.03248)
(0.02022 -0.00350 0.02472)
(0.02861 -0.01269 0.02238)
(0.05180 -0.02766 0.01438)
(0.05838 -0.03302 0.01231)
(0.06116 -0.03454 0.01045)
(0.05728 -0.03115 0.00228)
(0.05697 -0.02301 -0.00962)
(0.05510 -0.02031 -0.01102)
(0.05654 -0.02114 -0.00945)
(0.05269 -0.01660 -0.01206)
(0.04355 -0.00639 -0.01414)
(0.03391 0.00985 -0.02209)
(0.03247 0.01249 -0.01574)
(0.02173 0.02605 -0.02306)
(0.00507 0.04107 -0.04557)
(0.00620 0.04142 -0.03256)
(0.00434 0.04725 -0.03891)
(0.00207 0.04942 -0.04082)
(-0.00140 0.05441 -0.04407)
(0.00910 0.03120 -0.02257)
(0.00512 0.01249 -0.01112)
(0.00268 0.00542 -0.00538)
(-0.00009 -0.00015 0.00017)
(-0.00116 -0.00194 0.00195)
(-0.00142 -0.00227 0.00256)
(-0.00022 0.00004 -0.00008)
(-0.00327 0.00038 -0.00107)
(0.01702 -0.00385 0.00616)
(0.08098 -0.01615 0.01919)
(0.04115 -0.00264 0.00871)
(0.09634 -0.02185 0.02776)
(0.08533 -0.02974 0.03033)
(0.08611 -0.03104 0.03461)
(0.10284 -0.02180 0.03076)
(0.08539 -0.02771 0.03663)
(0.08119 -0.02869 0.03771)
(0.07714 -0.02706 0.04001)
(0.04828 -0.01923 0.04499)
(0.01856 -0.01896 0.04943)
(0.01551 -0.01776 0.04954)
(0.01160 -0.01709 0.04944)
(0.00727 -0.01657 0.05030)
(0.00864 -0.01159 0.04622)
(0.01248 -0.00718 0.04004)
(0.02104 -0.00129 0.03166)
(0.03304 -0.00607 0.02637)
(0.03914 -0.02782 0.02269)
(0.04250 -0.02870 0.02084)
(0.05981 -0.03469 0.01312)
(0.06282 -0.03618 0.01174)
(0.06625 -0.03849 0.01157)
(0.06659 -0.03864 0.01075)
(0.06169 -0.03036 0.00759)
(0.05907 -0.02454 -0.00814)
(0.07062 -0.03400 0.00577)
(0.06042 -0.02595 -0.00639)
(0.05748 -0.02179 -0.00772)
(0.05183 -0.01162 -0.00436)
(0.04072 0.00312 -0.00559)
(0.03330 0.01238 -0.01251)
(0.03370 0.01243 -0.01035)
(0.01924 0.03239 -0.01088)
(0.01656 0.03571 -0.01512)
(0.01593 0.03336 -0.01251)
(0.00968 0.01990 -0.00657)
(0.00467 0.01111 -0.00404)
(0.00283 0.00455 -0.00343)
(0.00016 0.00031 -0.00027)
(-0.00126 -0.00193 0.00132)
(-0.00123 -0.00223 0.00196)
(0.00970 -0.00050 0.00203)
(0.02196 -0.00137 0.00530)
(0.05835 -0.00457 0.01435)
(0.02595 -0.00007 0.00638)
(0.07019 -0.01205 0.02027)
(0.08296 -0.02095 0.03243)
(0.03764 -0.00608 0.01255)
(0.05402 -0.01185 0.02232)
(0.08676 -0.02282 0.03794)
(0.08314 -0.02233 0.03994)
(0.05625 -0.01618 0.04387)
(0.06857 -0.01653 0.04310)
(0.04536 -0.01488 0.04738)
(0.01931 -0.01665 0.04921)
(0.05110 -0.00635 0.04229)
(0.04814 -0.00496 0.04101)
(0.02320 -0.01042 0.04264)
(0.02251 -0.01059 0.04115)
(0.02438 -0.00600 0.03730)
(0.02927 -0.01420 0.03353)
(0.04271 -0.01996 0.02966)
(0.04507 -0.01966 0.02893)
(0.04860 -0.02139 0.02681)
(0.04832 -0.02177 0.02541)
(0.05353 -0.02670 0.02214)
(0.05621 -0.03512 0.01548)
(0.06641 -0.03217 0.01728)
(0.06534 -0.03782 0.01234)
(0.06828 -0.03974 0.01178)
(0.07603 -0.04671 0.00960)
(0.07705 -0.03390 0.01028)
(0.07169 -0.02566 0.00304)
(0.07167 -0.03327 0.01299)
(0.07050 -0.02743 0.00911)
(0.06434 -0.01428 0.00557)
(0.05734 -0.00671 0.00368)
(0.04241 -0.00010 0.00489)
(0.03151 0.00456 0.00624)
(0.02575 0.01445 -0.00135)
(0.01440 0.02409 -0.00649)
(0.00688 0.00583 0.00161)
(0.00423 0.00732 -0.00149)
(0.00283 0.00578 -0.00160)
(-0.00052 -0.00120 0.00038)
(0.00517 0.00003 0.00126)
(0.01432 0.00047 0.00391)
(0.01358 -0.00045 0.00442)
(0.00718 0.00061 0.00254)
(0.01495 0.00112 0.00597)
(0.05124 -0.00412 0.02793)
(0.05912 0.00061 0.03357)
(0.02242 0.00191 0.01058)
(0.03529 0.00353 0.01828)
(0.03852 0.00144 0.02669)
(0.05268 0.00726 0.03595)
(0.03544 0.00567 0.02245)
(0.04422 0.00241 0.03479)
(0.02651 -0.00660 0.03689)
(0.04676 0.00897 0.02613)
(0.04595 -0.00814 0.03088)
(0.04532 -0.00836 0.02753)
(0.04707 -0.01786 0.02602)
(0.05742 -0.00515 0.02016)
(0.06093 -0.01204 0.01912)
(0.06678 -0.01894 0.01641)
(0.06617 -0.01720 0.01516)
(0.07800 -0.01422 0.01139)
(0.07487 -0.02935 0.01333)
(0.07485 -0.03191 0.01454)
(0.05088 -0.00751 0.00734)
(0.05818 -0.02998 0.01192)
(0.04874 -0.03063 0.01071)
(0.04961 -0.02077 0.00863)
(0.01671 -0.00960 0.00371)
(0.01855 -0.00704 0.00476)
(0.00990 -0.00157 0.00334)
(0.01368 0.00113 0.00420)
(-0.00057 -0.00006 -0.00028)
(0.00285 0.00112 0.00098)
(0.00120 0.00070 0.00056)
(-0.01882 -0.00234 -0.00663)
(-0.01425 -0.00139 -0.00654)
(0.01384 0.00233 0.00572)
(-0.01269 -0.00229 -0.00507)
(-0.00456 -0.00101 -0.00166)
(0.02016 0.00357 0.01208)
(0.02778 0.00920 0.00985)
(-0.00057 -0.00021 -0.00015)
(-0.00044 -0.00014 -0.00010)
(0.02539 0.00595 0.00896)
(0.03894 0.00542 0.01506)
(0.01213 0.00273 0.00252)
(0.02591 0.00803 0.00570)
(0.04398 0.01085 0.00911)
(0.01574 0.00448 0.00306)
(0.02943 0.00028 0.00547)
(0.03627 -0.00117 0.00486)
(0.05095 -0.00831 0.00740)
(0.00448 0.00003 0.00077)
(0.00825 -0.00084 0.00137)
(-0.00117 0.00004 -0.00015)
(0.03303 -0.00425 0.00479)
(0.01900 -0.00325 0.00275)
(-0.00978 0.00083 -0.00139)
(-0.00448 0.00135 -0.00093)
(-0.00716 0.00094 -0.00217)
(-0.00597 0.00010 -0.00270)
(0.00337 0.00113 0.00069)
(0.00572 0.00171 0.00109)
(0.00623 0.00153 0.00073)
(-0.00253 -0.00014 -0.00040)
)