/*--------------------------------*- C++ -*----------------------------------*\ 
| =========                 |                                                 | 
| \\      /  F ield         | OpenFOAM: The Open Source CFD Toolbox           | 
|  \\    /   O peration     | Version:  4.0                                   | 
|   \\  /    A nd           | Web:      www.OpenFOAM.org                      | 
|    \\/     M anipulation  |                                                 | 
\*---------------------------------------------------------------------------*/ 
FoamFile 
{ 
    version     2.0; 
    format      ascii; 
    class       vectorAverageField; 
    object      values; 
} 
// * * * * * * * * * * * * * * * * * * * * * * * * * * * * * * * * * * * * * // 
 
// Average 
(0 0 0) 
 
// Velocity data on points 
2447
(
(0.00493 -0.00009 -0.00236)
(-0.00248 0.00019 0.00110)
(-0.00370 -0.00103 0.00191)
(-0.00160 -0.00059 0.00121)
(0.00091 0.00171 -0.00096)
(-0.00336 -0.00475 0.00211)
(-0.00113 -0.00299 0.00150)
(0.00475 -0.00997 -0.00186)
(0.00038 -0.00112 -0.00010)
(-0.00066 0.00177 0.00023)
(0.00339 -0.00722 -0.00148)
(0.00073 -0.00160 -0.00032)
(-0.00072 0.00203 -0.00027)
(0.00616 -0.00797 -0.00111)
(0.00033 -0.00079 0.00019)
(-0.00094 0.00245 -0.00075)
(0.00340 -0.00793 0.00236)
(0.00022 -0.00034 0.00013)
(-0.00053 0.00207 -0.00175)
(0.00011 -0.00041 0.00036)
(0.01733 -0.00102 -0.00574)
(-0.00306 0.00011 0.00095)
(0.00266 -0.00019 -0.00090)
(0.00092 -0.00002 -0.00040)
(-0.02623 -0.00296 0.01530)
(-0.02022 -0.00352 0.01224)
(-0.01749 -0.00237 0.00816)
(-0.01125 -0.00539 0.00442)
(-0.02065 -0.00855 0.00933)
(-0.01748 -0.00943 0.00587)
(-0.00478 -0.01161 0.00285)
(0.00773 -0.01385 0.00061)
(0.01103 -0.01343 -0.00683)
(0.01275 -0.02006 -0.00689)
(0.01074 -0.01767 -0.00594)
(0.00932 -0.01486 -0.00504)
(0.01575 -0.02166 -0.01043)
(0.01621 -0.02158 -0.00995)
(0.02261 -0.02071 -0.00732)
(0.01314 -0.01466 -0.00319)
(0.01152 -0.01657 -0.00091)
(0.02979 -0.00263 -0.03696)
(0.02642 -0.00371 -0.03302)
(0.01517 -0.01059 -0.01087)
(0.01109 -0.00479 -0.00481)
(0.02585 -0.00431 -0.01462)
(0.00333 -0.00853 0.00894)
(0.00025 -0.00260 0.00365)
(0.00815 -0.00103 0.00732)
(-0.00017 -0.00087 0.00335)
(0.00033 0.00013 -0.00065)
(0.00916 -0.00002 -0.00238)
(-0.00365 -0.00016 0.00116)
(-0.01309 -0.00013 0.00433)
(-0.03090 0.00125 0.00996)
(-0.07662 0.00281 0.02494)
(-0.05572 0.00173 0.02140)
(-0.04093 -0.01001 0.03218)
(-0.05515 0.00763 0.00685)
(-0.03731 -0.00560 0.02003)
(-0.01978 -0.00493 0.00860)
(-0.00685 0.00764 -0.02434)
(0.00628 0.00535 -0.03765)
(0.01527 0.00050 -0.03421)
(0.01470 -0.00489 -0.04369)
(0.01574 0.00300 -0.04113)
(0.02031 0.00550 -0.04989)
(0.01579 -0.00415 -0.04643)
(0.02659 -0.01055 -0.02865)
(0.02862 0.01969 -0.07994)
(0.03859 0.01038 -0.04904)
(0.03813 0.01207 -0.04937)
(0.04201 0.00813 -0.03801)
(0.03687 0.01435 -0.04810)
(0.03243 0.01007 -0.02718)
(0.02569 0.00309 -0.00590)
(0.02844 0.02267 -0.02868)
(0.01587 0.00823 0.00600)
(0.00631 -0.00444 0.02866)
(0.00060 -0.00252 0.01925)
(0.01935 0.02049 -0.00418)
(0.00804 0.00713 0.01611)
(-0.00629 -0.00123 0.01621)
(-0.00054 -0.00015 0.00104)
(-0.00108 0.00075 0.01247)
(0.00107 -0.00025 -0.00509)
(0.00192 -0.00055 -0.01003)
(0.00057 -0.00000 -0.00012)
(-0.01677 0.00021 0.00374)
(-0.04299 -0.00134 0.01119)
(-0.06036 -0.00615 0.01929)
(-0.10434 -0.00753 0.02977)
(-0.09368 -0.00842 0.02965)
(-0.11218 -0.00562 0.03606)
(-0.09366 -0.00120 0.02699)
(-0.09195 0.00384 0.02961)
(-0.06243 -0.00105 0.02846)
(-0.08163 0.02846 -0.02160)
(-0.06552 0.01441 -0.00873)
(-0.05126 0.01240 -0.00799)
(-0.04079 0.01206 -0.02068)
(-0.02527 0.01948 -0.03450)
(-0.01224 0.02997 -0.06636)
(-0.00841 0.03275 -0.07638)
(-0.00476 0.02716 -0.08117)
(0.02107 0.00719 -0.05558)
(0.02027 0.03176 -0.09466)
(0.01821 0.03625 -0.10819)
(0.02507 0.04487 -0.12080)
(0.03252 0.02777 -0.08511)
(0.03898 0.01854 -0.05790)
(0.03279 0.04219 -0.08417)
(0.02823 0.05878 -0.09524)
(0.03515 0.07560 -0.10646)
(0.02835 0.02958 -0.02253)
(0.04403 0.05726 -0.05884)
(0.02295 0.02650 -0.01219)
(0.01979 0.02380 0.01548)
(0.03443 0.02694 0.02781)
(0.03030 0.02341 0.03235)
(0.00834 0.01149 0.02464)
(0.00113 0.00161 0.01185)
(0.04141 0.02438 0.03184)
(0.01000 0.01198 0.02913)
(0.00053 0.00101 0.00624)
(0.00048 0.00047 0.00198)
(0.01005 0.00010 -0.00257)
(-0.02334 0.00009 0.00579)
(-0.05798 0.00014 0.01374)
(-0.10302 -0.00084 0.02408)
(-0.12605 0.00100 0.03068)
(-0.12625 0.01014 0.02098)
(-0.12132 0.00549 0.02188)
(-0.11359 0.01032 0.02183)
(-0.10595 0.01535 0.01299)
(-0.08872 0.03521 -0.02845)
(-0.08361 0.03403 -0.02852)
(-0.07893 0.03447 -0.03120)
(-0.08610 0.04093 -0.03779)
(-0.08276 0.04230 -0.04265)
(-0.04381 0.02323 -0.03626)
(-0.02119 0.04006 -0.08202)
(-0.01662 0.03992 -0.08633)
(-0.01101 0.03922 -0.09083)
(-0.00075 0.03523 -0.09861)
(0.00287 0.05878 -0.13791)
(0.02142 0.04380 -0.11627)
(0.02385 0.06216 -0.14869)
(0.01752 0.08885 -0.19531)
(0.01884 0.08142 -0.17313)
(0.02100 0.07752 -0.14876)
(0.03420 0.08753 -0.13528)
(0.03462 0.08875 -0.13271)
(0.03608 0.08761 -0.12574)
(0.03873 0.08580 -0.11776)
(0.04702 0.07163 -0.07718)
(0.03750 0.03026 0.02204)
(0.03597 0.02813 0.02782)
(0.03939 0.03206 0.02019)
(0.04727 0.03046 0.03001)
(0.04108 0.03077 0.02824)
(0.06635 0.04186 0.01593)
(0.03951 0.02635 0.03200)
(0.01665 0.01126 0.02497)
(0.00164 0.00121 0.00272)
(0.05033 0.03086 0.04851)
(0.01091 0.00746 0.01230)
(0.00058 0.00041 0.00071)
(-0.01268 0.00012 0.00344)
(-0.03746 0.00026 0.01099)
(-0.10391 -0.00087 0.02911)
(-0.11390 -0.00544 0.03494)
(-0.12563 0.00867 0.02359)
(-0.11429 0.01210 0.02219)
(-0.11330 0.01419 0.01938)
(-0.11325 0.01533 0.01899)
(-0.11365 0.01853 0.01556)
(-0.09979 0.01490 0.01099)
(-0.09253 0.03564 -0.02774)
(-0.09557 0.04329 -0.03629)
(-0.09322 0.04648 -0.04245)
(-0.09044 0.04919 -0.04964)
(-0.08839 0.05173 -0.05754)
(-0.06974 0.06845 -0.10783)
(-0.02690 0.04951 -0.10032)
(-0.10776 0.11051 -0.18630)
(-0.07416 0.09628 -0.17931)
(-0.02431 0.05353 -0.11462)
(-0.01520 0.04756 -0.10925)
(-0.02616 0.08783 -0.20322)
(-0.07130 0.12843 -0.27092)
(-0.04241 0.12120 -0.26737)
(-0.01968 0.09006 -0.20336)
(-0.00009 0.09840 -0.21700)
(-0.01550 0.13358 -0.28643)
(-0.01285 0.13656 -0.28649)
(-0.01046 0.13984 -0.28867)
(0.02611 0.09600 -0.17015)
(0.03118 0.10286 -0.16270)
(0.03290 0.10155 -0.15606)
(0.03612 0.09887 -0.14608)
(0.04925 0.09796 -0.13030)
(0.04974 0.08024 -0.08549)
(0.07058 0.08146 -0.08303)
(0.05315 0.05743 -0.03555)
(0.08032 0.07039 -0.05041)
(0.08926 0.04937 0.01713)
(0.08358 0.05100 0.01827)
(0.08158 0.04826 0.06539)
(0.04679 0.02971 0.04407)
(0.06169 0.03958 0.05363)
(0.01831 0.01253 0.01933)
(0.00912 0.00633 0.00964)
(0.00588 0.00036 -0.00232)
(-0.00150 0.00004 0.00041)
(-0.06903 -0.00865 0.02859)
(-0.10739 -0.00766 0.03814)
(-0.10872 -0.01230 0.03898)
(-0.10908 0.00184 0.02349)
(-0.11283 0.01670 0.01835)
(-0.11414 0.01964 0.01542)
(-0.11744 0.02599 0.01066)
(-0.11437 0.03041 0.00356)
(-0.11689 0.05396 -0.03704)
(-0.10132 0.05253 -0.04648)
(-0.11796 0.07271 -0.06886)
(-0.10290 0.06127 -0.06215)
(-0.09723 0.05971 -0.06610)
(-0.09034 0.07773 -0.11328)
(-0.10654 0.08284 -0.10269)
(-0.14726 0.13794 -0.23376)
(-0.14086 0.13917 -0.25141)
(-0.12095 0.14738 -0.29587)
(-0.09355 0.13746 -0.27800)
(-0.10013 0.15901 -0.34941)
(-0.06176 0.15078 -0.33818)
(-0.04041 0.14870 -0.33359)
(-0.02369 0.14928 -0.31668)
(-0.02078 0.15308 -0.31886)
(-0.01534 0.16921 -0.33565)
(0.00321 0.14926 -0.27120)
(0.02626 0.13276 -0.22367)
(0.03031 0.11404 -0.18172)
(0.03784 0.12844 -0.20038)
(0.04989 0.10597 -0.14312)
(0.05867 0.12103 -0.18035)
(0.08568 0.09673 -0.10440)
(0.10408 0.10083 -0.11113)
(0.10745 0.09033 -0.08594)
(0.10344 0.07673 -0.04362)
(0.11138 0.07995 -0.02636)
(0.09255 0.05419 0.05597)
(0.08776 0.05420 0.06345)
(0.03115 0.02100 0.02999)
(0.09302 0.05916 0.06161)
(0.06642 0.04344 0.05615)
(0.02447 0.01696 0.02522)
(0.00189 0.00155 0.00220)
(0.01467 0.00223 -0.00708)
(-0.00049 -0.00008 0.00024)
(-0.03067 -0.00563 0.01568)
(-0.06529 -0.01117 0.03197)
(-0.09954 -0.02095 0.04562)
(-0.08936 -0.02358 0.05179)
(-0.08288 -0.02348 0.04449)
(-0.10103 -0.00576 0.02686)
(-0.10403 0.00319 0.02779)
(-0.11186 0.01589 0.02148)
(-0.10096 0.01445 0.00962)
(-0.14055 0.05327 -0.04195)
(-0.14269 0.07283 -0.06844)
(-0.16366 0.10071 -0.08986)
(-0.18118 0.13120 -0.14281)
(-0.20455 0.15906 -0.22709)
(-0.16908 0.14593 -0.23437)
(-0.17511 0.17691 -0.31027)
(-0.17598 0.18243 -0.33576)
(-0.15549 0.17338 -0.37086)
(-0.16014 0.18498 -0.41656)
(-0.15732 0.21335 -0.48007)
(-0.13557 0.21254 -0.47268)
(-0.13365 0.22126 -0.49774)
(-0.03699 0.16181 -0.34864)
(-0.03367 0.16567 -0.35033)
(-0.05034 0.19494 -0.41100)
(-0.04087 0.20525 -0.43108)
(-0.04263 0.21721 -0.43814)
(-0.01042 0.18830 -0.36538)
(-0.00105 0.17857 -0.33891)
(0.04007 0.14765 -0.24798)
(0.08238 0.11816 -0.16976)
(0.10823 0.10044 -0.10873)
(0.09794 0.09588 -0.10730)
(0.10394 0.08440 -0.05462)
(0.11191 0.08343 -0.03585)
(0.10692 0.08889 -0.06010)
(0.11965 0.07561 -0.00628)
(0.10779 0.07118 0.02084)
(0.10187 0.06460 0.06736)
(0.11468 0.07653 0.01795)
(0.07353 0.05093 0.06338)
(0.01734 0.01387 0.01930)
(0.01267 0.00884 0.01185)
(0.00049 0.00014 -0.00037)
(-0.01889 -0.00498 0.01166)
(-0.06788 -0.01951 0.04538)
(-0.06246 -0.02954 0.06066)
(-0.06191 -0.03203 0.06557)
(-0.05621 -0.02985 0.06370)
(-0.07499 -0.02462 0.05219)
(-0.08653 -0.01915 0.04655)
(-0.06591 -0.02420 0.05297)
(-0.09442 0.00152 0.03259)
(-0.09841 0.00640 0.02864)
(-0.12619 0.03774 -0.01812)
(-0.14040 0.04791 -0.03160)
(-0.14698 0.05601 -0.04205)
(-0.16018 0.07382 -0.05319)
(-0.19244 0.11964 -0.12013)
(-0.20341 0.11761 -0.11661)
(-0.22321 0.14321 -0.14214)
(-0.20258 0.13934 -0.16159)
(-0.23219 0.17696 -0.23963)
(-0.21703 0.17054 -0.25044)
(-0.22012 0.19416 -0.31568)
(-0.20710 0.19584 -0.35429)
(-0.22752 0.22343 -0.44941)
(-0.25370 0.26083 -0.56881)
(-0.24975 0.26331 -0.58493)
(-0.23729 0.26836 -0.59934)
(-0.17573 0.24712 -0.55555)
(-0.13030 0.23621 -0.54432)
(-0.10236 0.23313 -0.52051)
(-0.07927 0.23005 -0.50729)
(-0.05499 0.23940 -0.49931)
(-0.05121 0.22895 -0.48145)
(-0.03991 0.22398 -0.47778)
(-0.00604 0.18388 -0.35414)
(-0.01443 0.20307 -0.41987)
(0.03753 0.16619 -0.30683)
(0.05393 0.14581 -0.26361)
(0.06424 0.12877 -0.22090)
(0.06358 0.13414 -0.23638)
(0.10122 0.09853 -0.11097)
(0.11605 0.10763 -0.10933)
(0.12130 0.09635 -0.06752)
(0.11756 0.09901 -0.07224)
(0.12289 0.09262 -0.02252)
(0.11001 0.08960 0.01402)
(0.09552 0.07803 0.06519)
(0.03002 0.02711 0.03403)
(-0.00326 -0.00306 -0.00422)
(0.06660 0.06245 0.04090)
(-0.00453 -0.00231 0.00569)
(-0.02747 -0.01292 0.02774)
(-0.01892 -0.01995 0.04144)
(-0.04248 -0.02675 0.05022)
(-0.04450 -0.03863 0.07065)
(-0.05203 -0.03213 0.06671)
(-0.05314 -0.02954 0.06790)
(-0.05754 -0.02758 0.06428)
(-0.06373 -0.02243 0.06252)
(-0.11448 0.02045 0.01294)
(-0.13988 0.04563 -0.02581)
(-0.15030 0.05612 -0.03999)
(-0.18743 0.09270 -0.08553)
(-0.25603 0.16240 -0.17538)
(-0.27089 0.17817 -0.22491)
(-0.31468 0.23322 -0.32457)
(-0.28669 0.21852 -0.30909)
(-0.32399 0.26168 -0.42387)
(-0.36507 0.28367 -0.43963)
(-0.29838 0.25336 -0.43468)
(-0.27908 0.26005 -0.49584)
(-0.27387 0.27182 -0.58775)
(-0.27192 0.27498 -0.60362)
(-0.26782 0.27731 -0.61887)
(-0.23951 0.28081 -0.62710)
(-0.17486 0.25754 -0.59183)
(-0.24422 0.30345 -0.70129)
(-0.15797 0.25818 -0.60515)
(-0.13429 0.25920 -0.59565)
(-0.12189 0.26500 -0.59997)
(-0.11008 0.25485 -0.58007)
(-0.07646 0.24983 -0.56899)
(-0.06026 0.23910 -0.53631)
(-0.06011 0.23836 -0.53889)
(0.00208 0.19556 -0.39781)
(0.02002 0.18323 -0.36865)
(0.05160 0.14418 -0.26793)
(0.05173 0.14312 -0.26737)
(0.06575 0.13357 -0.23383)
(0.08535 0.13132 -0.19306)
(0.11120 0.10932 -0.11057)
(0.09952 0.10021 -0.05412)
(0.08337 0.11753 -0.06409)
(0.10167 0.09978 -0.00284)
(0.08280 0.11386 -0.03839)
(0.09249 0.09340 0.02426)
(0.04984 0.05327 0.05691)
(0.00305 0.00369 0.00582)
(-0.00096 -0.00133 -0.00209)
(0.00085 0.00092 -0.00218)
(-0.00114 -0.00138 0.00344)
(-0.00853 -0.01084 0.02508)
(-0.02092 -0.03233 0.07106)
(-0.02426 -0.04161 0.07601)
(-0.02088 -0.03796 0.08475)
(-0.03680 -0.03440 0.07487)
(-0.04744 -0.03243 0.07117)
(-0.06015 -0.02430 0.06596)
(-0.05569 -0.02655 0.07010)
(-0.06810 -0.01845 0.06536)
(-0.13006 0.03560 0.00560)
(-0.12804 0.03083 0.01657)
(-0.15066 0.05332 -0.03243)
(-0.17973 0.07855 -0.05722)
(-0.27793 0.16685 -0.16328)
(-0.30831 0.19817 -0.24512)
(-0.32945 0.22615 -0.29116)
(-0.38094 0.29051 -0.44444)
(-0.36691 0.28914 -0.46404)
(-0.38381 0.29705 -0.47013)
(-0.37031 0.29515 -0.48622)
(-0.29374 0.28251 -0.60929)
(-0.29358 0.28606 -0.62261)
(-0.28949 0.28764 -0.63597)
(-0.28856 0.29681 -0.67911)
(-0.28088 0.31682 -0.73990)
(-0.20866 0.29126 -0.70549)
(-0.21049 0.32051 -0.76156)
(-0.20222 0.31806 -0.75616)
(-0.19642 0.31651 -0.75387)
(-0.12819 0.26783 -0.63986)
(-0.07759 0.24857 -0.57455)
(-0.06070 0.23866 -0.54453)
(-0.03830 0.21917 -0.49570)
(0.03855 0.15286 -0.30076)
(0.03667 0.15208 -0.30298)
(0.04889 0.14630 -0.25971)
(0.07188 0.12884 -0.17999)
(0.05972 0.13683 -0.19958)
(0.08939 0.10610 -0.09867)
(0.07015 0.12085 -0.08836)
(0.07403 0.11833 -0.07049)
(0.07517 0.11565 -0.05240)
(0.07619 0.11359 -0.03664)
(0.03548 0.07159 0.04685)
(0.01410 0.01956 0.02994)
(0.00479 0.00765 0.01180)
(-0.00488 -0.00773 -0.01223)
(-0.00223 -0.00239 0.00692)
(-0.00773 -0.01112 0.02762)
(-0.01359 -0.02143 0.05130)
(-0.01061 -0.01783 0.04511)
(-0.01833 -0.03649 0.08559)
(-0.01788 -0.03920 0.08755)
(-0.03366 -0.03132 0.08078)
(-0.01818 -0.03734 0.09366)
(-0.05001 -0.02921 0.07565)
(-0.06173 -0.02203 0.07204)
(-0.10602 0.01276 0.05108)
(-0.16607 0.05382 0.02094)
(-0.17628 0.07020 -0.01734)
(-0.20359 0.08939 -0.01384)
(-0.24675 0.12936 -0.09234)
(-0.27780 0.16366 -0.14880)
(-0.34130 0.21735 -0.21678)
(-0.35613 0.23350 -0.27721)
(-0.38028 0.27115 -0.39136)
(-0.40055 0.30524 -0.47306)
(-0.38710 0.30363 -0.49690)
(-0.40308 0.31182 -0.50115)
(-0.40055 0.32571 -0.58812)
(-0.36631 0.32485 -0.66057)
(-0.34941 0.32636 -0.69753)
(-0.35218 0.34163 -0.76529)
(-0.35247 0.35459 -0.80749)
(-0.26985 0.32389 -0.77347)
(-0.23908 0.31646 -0.77910)
(-0.21917 0.32422 -0.77999)
(-0.21152 0.32214 -0.77728)
(-0.17926 0.29681 -0.73879)
(-0.09559 0.25826 -0.60961)
(-0.09590 0.25785 -0.61499)
(-0.07706 0.24700 -0.57923)
(-0.07813 0.23779 -0.57297)
(-0.03381 0.20859 -0.48345)
(-0.03722 0.20897 -0.48941)
(-0.00381 0.17627 -0.36746)
(-0.05100 0.20590 -0.47144)
(0.01110 0.17361 -0.34177)
(0.02832 0.15497 -0.28242)
(-0.00879 0.17772 -0.36316)
(0.04428 0.13469 -0.18136)
(0.05874 0.12417 -0.10203)
(0.06331 0.12117 -0.08339)
(0.06164 0.11994 -0.07262)
(0.05947 0.11873 -0.06276)
(0.06484 0.11503 -0.04375)
(0.02689 0.10452 -0.00373)
(0.03089 0.08012 0.06244)
(0.01455 0.02776 0.03668)
(-0.00164 -0.00307 -0.00479)
(0.00007 0.00010 -0.00036)
(-0.00072 -0.00144 0.00554)
(-0.00360 -0.00954 0.03510)
(-0.01565 -0.03090 0.07693)
(-0.00913 -0.03414 0.09403)
(-0.00068 -0.04274 0.09954)
(0.01154 -0.03864 0.10221)
(-0.01838 -0.03428 0.10115)
(-0.03049 -0.03156 0.09541)
(-0.02340 -0.02969 0.11824)
(-0.02699 -0.02929 0.11140)
(-0.04884 -0.01892 0.09814)
(-0.09494 0.01243 0.07578)
(-0.15818 0.05137 0.03145)
(-0.18981 0.06904 0.01508)
(-0.25428 0.12752 -0.06594)
(-0.29680 0.16927 -0.11958)
(-0.34012 0.21057 -0.22816)
(-0.35980 0.22860 -0.26171)
(-0.40684 0.27839 -0.40202)
(-0.43460 0.30784 -0.46544)
(-0.46633 0.35567 -0.59553)
(-0.42908 0.34089 -0.60371)
(-0.46190 0.36501 -0.64308)
(-0.43488 0.36718 -0.72075)
(-0.43698 0.37759 -0.75714)
(-0.38723 0.36116 -0.79426)
(-0.37676 0.36675 -0.81954)
(-0.32569 0.34870 -0.82442)
(-0.37031 0.37794 -0.87325)
(-0.31175 0.35174 -0.84512)
(-0.26579 0.33821 -0.82118)
(-0.24626 0.33339 -0.81645)
(-0.24411 0.33059 -0.82980)
(-0.19251 0.30306 -0.77118)
(-0.19962 0.30700 -0.80534)
(-0.13022 0.27011 -0.68043)
(-0.15251 0.27727 -0.71303)
(-0.09925 0.24029 -0.61880)
(-0.09998 0.23966 -0.61872)
(-0.10874 0.22218 -0.54266)
(-0.05967 0.19944 -0.45351)
(-0.08794 0.19354 -0.42817)
(-0.02988 0.16513 -0.31711)
(-0.00262 0.15161 -0.26376)
(-0.00976 0.13897 -0.18660)
(-0.03000 0.13155 -0.13709)
(0.02393 0.11334 -0.04484)
(-0.00226 0.09392 0.01936)
(0.01006 0.08760 0.05980)
(-0.02416 0.10718 -0.03738)
(-0.00758 0.09151 0.05427)
(0.00380 0.03545 0.04693)
(0.00031 0.00186 0.00306)
(-0.00004 -0.00367 -0.00725)
(0.00033 -0.00045 0.00288)
(-0.00114 -0.00402 0.01600)
(0.00277 -0.02503 0.08207)
(0.02026 -0.02417 0.08552)
(0.01821 -0.03028 0.09427)
(0.01692 -0.03843 0.10581)
(0.02385 -0.03053 0.09851)
(-0.01158 -0.02702 0.11050)
(-0.02524 -0.02910 0.12278)
(-0.07579 0.00485 0.10392)
(-0.08657 0.00815 0.08474)
(-0.12548 0.03375 0.07143)
(-0.16598 0.06560 0.02570)
(-0.23732 0.12204 -0.04446)
(-0.32559 0.19321 -0.20338)
(-0.34572 0.21245 -0.24311)
(-0.34650 0.21673 -0.25067)
(-0.42551 0.28134 -0.37061)
(-0.44293 0.30634 -0.45373)
(-0.46811 0.34160 -0.54575)
(-0.47743 0.37017 -0.64776)
(-0.45533 0.37196 -0.71451)
(-0.46411 0.38825 -0.76908)
(-0.43805 0.39076 -0.80081)
(-0.42008 0.40356 -0.88435)
(-0.41021 0.40210 -0.89481)
(-0.33377 0.36750 -0.86552)
(-0.30458 0.35930 -0.87983)
(-0.32336 0.36175 -0.90760)
(-0.31587 0.35884 -0.90642)
(-0.24610 0.33047 -0.85762)
(-0.24015 0.32628 -0.86098)
(-0.17367 0.28968 -0.75185)
(-0.19427 0.28578 -0.76784)
(-0.11943 0.24996 -0.65103)
(-0.13676 0.25328 -0.65445)
(-0.15381 0.24103 -0.60946)
(-0.14538 0.22129 -0.52638)
(-0.14841 0.21834 -0.50645)
(-0.12126 0.20192 -0.43675)
(-0.03687 0.16249 -0.28141)
(-0.11737 0.19385 -0.37898)
(-0.05608 0.16064 -0.25433)
(-0.04758 0.13671 -0.17254)
(-0.06882 0.12885 -0.14479)
(-0.03187 0.10938 -0.04939)
(-0.03122 0.10066 0.00831)
(-0.00993 0.09421 0.05288)
(-0.01938 0.07304 0.06479)
(-0.00526 0.04445 0.06806)
(0.00000 0.00761 0.01448)
(-0.00201 0.00218 0.00833)
(-0.00057 0.00070 -0.00481)
(0.00278 -0.00312 0.01947)
(0.00024 -0.00028 0.00187)
(0.00395 -0.00371 0.02407)
(0.01093 -0.01360 0.06778)
(0.02162 -0.02714 0.09424)
(0.02054 -0.01959 0.08511)
(0.02172 -0.02389 0.09852)
(0.00919 -0.01923 0.10532)
(0.00555 -0.02648 0.11077)
(0.00246 -0.02182 0.12335)
(-0.01624 -0.01797 0.11868)
(-0.04356 -0.00986 0.12427)
(-0.11492 0.03908 0.09007)
(-0.13735 0.05381 0.07435)
(-0.18818 0.08708 0.01426)
(-0.28067 0.16209 -0.14488)
(-0.33437 0.20471 -0.22489)
(-0.36026 0.22729 -0.27418)
(-0.42204 0.28624 -0.40092)
(-0.45788 0.33142 -0.51122)
(-0.47830 0.36126 -0.61028)
(-0.48376 0.40345 -0.70996)
(-0.47282 0.37322 -0.67782)
(-0.46167 0.38989 -0.75002)
(-0.45168 0.40865 -0.83471)
(-0.42486 0.40860 -0.88665)
(-0.41701 0.40809 -0.89581)
(-0.40283 0.40125 -0.90466)
(-0.35272 0.37698 -0.90774)
(-0.33230 0.36820 -0.92022)
(-0.32754 0.36585 -0.91905)
(-0.29444 0.35004 -0.90813)
(-0.27718 0.33748 -0.89302)
(-0.23376 0.31248 -0.84807)
(-0.24440 0.31092 -0.84142)
(-0.23679 0.30476 -0.82134)
(-0.20003 0.28039 -0.74454)
(-0.18412 0.25063 -0.62546)
(-0.16172 0.22812 -0.54415)
(-0.16580 0.22564 -0.52606)
(-0.15243 0.21668 -0.48833)
(-0.14694 0.20894 -0.43948)
(-0.12052 0.16907 -0.29570)
(-0.07935 0.13169 -0.17139)
(-0.06724 0.11491 -0.12846)
(-0.05265 0.10701 -0.08297)
(-0.06427 0.08665 -0.04229)
(-0.05167 0.08208 0.00742)
(-0.06566 0.07235 0.03351)
(-0.02746 0.02688 0.09735)
(-0.00515 0.00429 0.01999)
(-0.00062 0.00064 -0.00459)
(0.00131 -0.00120 0.00841)
(0.01043 -0.00809 0.05179)
(0.00794 -0.00596 0.04025)
(0.01130 -0.00800 0.05355)
(0.01316 -0.01285 0.09125)
(0.01219 -0.01607 0.10629)
(0.00603 -0.01486 0.11693)
(-0.01140 -0.00876 0.13368)
(-0.01469 -0.00874 0.13893)
(-0.03948 -0.00569 0.12853)
(-0.10642 0.03553 0.09682)
(-0.12061 0.04620 0.08630)
(-0.13601 0.05797 0.07310)
(-0.14711 0.06302 0.06538)
(-0.21605 0.12126 -0.04371)
(-0.29844 0.18193 -0.17634)
(-0.33578 0.21055 -0.23926)
(-0.36595 0.25252 -0.33306)
(-0.37267 0.24045 -0.30600)
(-0.44254 0.32613 -0.50960)
(-0.44654 0.33312 -0.53391)
(-0.47993 0.40006 -0.70127)
(-0.47824 0.40561 -0.73061)
(-0.47387 0.40828 -0.74604)
(-0.42710 0.41312 -0.88917)
(-0.42099 0.41332 -0.89546)
(-0.40973 0.40732 -0.90578)
(-0.40338 0.40687 -0.91628)
(-0.36253 0.39745 -0.94332)
(-0.34576 0.38911 -0.95971)
(-0.30557 0.35636 -0.92785)
(-0.31868 0.36696 -0.95312)
(-0.27557 0.33780 -0.91277)
(-0.25758 0.31607 -0.85644)
(-0.25778 0.31306 -0.84515)
(-0.24716 0.30603 -0.82154)
(-0.25511 0.29456 -0.76260)
(-0.17954 0.23514 -0.56232)
(-0.18461 0.23339 -0.54678)
(-0.17068 0.22333 -0.50690)
(-0.18566 0.20911 -0.44480)
(-0.14380 0.16869 -0.30069)
(-0.13306 0.16253 -0.27804)
(-0.13002 0.12257 -0.16342)
(-0.10405 0.10336 -0.09774)
(-0.09575 0.09734 -0.07907)
(-0.10468 0.09449 -0.08348)
(-0.09730 0.08896 -0.06692)
(-0.09006 0.08190 -0.04820)
(-0.07273 0.06537 0.03281)
(-0.04045 0.02941 0.12887)
(-0.03804 0.01949 0.12173)
(-0.00879 0.00501 0.03225)
(0.00257 -0.00153 -0.00995)
(-0.00028 0.00025 -0.00177)
(0.00255 -0.00202 0.01426)
(0.01243 -0.00665 0.05557)
(0.01682 -0.00914 0.06974)
(0.01826 -0.01320 0.07124)
(0.01557 -0.00941 0.08747)
(0.01069 -0.01143 0.10918)
(-0.00986 -0.00708 0.13107)
(-0.01395 -0.00703 0.13762)
(-0.03144 -0.00565 0.14689)
(-0.05008 0.00729 0.12914)
(-0.11002 0.04122 0.09488)
(-0.12420 0.05219 0.08250)
(-0.15495 0.08398 0.05443)
(-0.15176 0.07097 0.05726)
(-0.22834 0.13924 -0.06623)
(-0.27526 0.17940 -0.15500)
(-0.32908 0.23267 -0.27195)
(-0.41256 0.30182 -0.43555)
(-0.44001 0.33002 -0.52428)
(-0.45612 0.37166 -0.62531)
(-0.47525 0.40379 -0.72123)
(-0.47138 0.40080 -0.70904)
(-0.47081 0.40797 -0.73999)
(-0.44625 0.41624 -0.82998)
(-0.42781 0.43009 -0.86282)
(-0.41444 0.41267 -0.90472)
(-0.39593 0.41436 -0.93226)
(-0.38272 0.41591 -0.95401)
(-0.36640 0.41249 -0.96725)
(-0.33440 0.38228 -0.96372)
(-0.32144 0.37495 -0.96480)
(-0.30911 0.35816 -0.95170)
(-0.28690 0.33362 -0.89789)
(-0.26785 0.31746 -0.85831)
(-0.25965 0.31060 -0.83301)
(-0.28272 0.30602 -0.77698)
(-0.23083 0.26370 -0.64572)
(-0.25308 0.26942 -0.62173)
(-0.22821 0.23500 -0.51410)
(-0.23708 0.22451 -0.45668)
(-0.19015 0.18308 -0.34395)
(-0.16653 0.16178 -0.26012)
(-0.19770 0.16036 -0.28782)
(-0.15693 0.13777 -0.19992)
(-0.11297 0.09714 -0.09582)
(-0.10007 0.08202 -0.06119)
(-0.10250 0.05558 -0.00746)
(-0.08917 0.04235 0.04338)
(-0.04404 0.02113 0.13004)
(-0.04711 0.00790 0.12883)
(-0.01265 0.00443 0.04498)
(0.00054 -0.00020 -0.00206)
(0.00021 -0.00015 0.00067)
(0.00733 -0.00457 0.02128)
(0.00351 -0.00329 0.01417)
(0.01528 -0.01374 0.06051)
(0.01641 -0.01492 0.06682)
(0.02053 -0.01410 0.07625)
(0.01753 -0.01396 0.09410)
(0.00962 -0.01769 0.11606)
(0.00574 -0.01660 0.12506)
(-0.01362 -0.00520 0.13531)
(-0.00989 -0.01715 0.15838)
(-0.03799 0.00085 0.14116)
(-0.09117 0.03498 0.10676)
(-0.11674 0.06741 0.07408)
(-0.20103 0.13067 -0.04139)
(-0.22753 0.15382 -0.06829)
(-0.26038 0.18681 -0.15621)
(-0.39129 0.29392 -0.41645)
(-0.35517 0.27774 -0.33572)
(-0.42523 0.33946 -0.52573)
(-0.42791 0.36752 -0.57403)
(-0.45859 0.40833 -0.66402)
(-0.46731 0.40630 -0.72851)
(-0.43889 0.42668 -0.81007)
(-0.42625 0.45274 -0.84181)
(-0.42385 0.44338 -0.88706)
(-0.40945 0.44736 -0.91505)
(-0.39196 0.43427 -0.94675)
(-0.38482 0.43191 -0.96430)
(-0.34555 0.39871 -0.97257)
(-0.35290 0.39703 -0.97792)
(-0.32678 0.36677 -0.95813)
(-0.32968 0.36122 -0.93787)
(-0.33383 0.35552 -0.92681)
(-0.31256 0.33213 -0.86344)
(-0.31681 0.32749 -0.82420)
(-0.31054 0.30503 -0.73483)
(-0.31093 0.30340 -0.72163)
(-0.26535 0.25224 -0.55480)
(-0.27124 0.24916 -0.50659)
(-0.21961 0.19734 -0.38005)
(-0.21968 0.17115 -0.30505)
(-0.16097 0.12557 -0.17267)
(-0.14615 0.09728 -0.12375)
(-0.10253 0.07633 -0.06064)
(-0.14127 0.04992 -0.03228)
(-0.10368 0.03034 0.02965)
(-0.08681 0.02043 0.05417)
(-0.06684 -0.01960 0.09565)
(-0.04975 -0.02311 0.12988)
(-0.01986 -0.01110 0.06464)
(-0.00143 -0.00051 0.00538)
(0.00067 -0.00072 0.00283)
(0.00537 -0.00966 0.03287)
(0.00930 -0.01461 0.06145)
(0.01177 -0.02412 0.08170)
(0.01452 -0.02383 0.08805)
(0.00930 -0.02193 0.11175)
(0.01170 -0.03277 0.14805)
(0.01010 -0.02429 0.13858)
(0.00940 -0.03212 0.15569)
(-0.00779 -0.01923 0.16205)
(-0.04997 0.01544 0.13557)
(-0.08071 0.04445 0.10451)
(-0.14706 0.09347 0.02846)
(-0.11169 0.07267 0.05116)
(-0.20902 0.14042 -0.05932)
(-0.25950 0.19685 -0.15384)
(-0.32701 0.29140 -0.33415)
(-0.37609 0.32050 -0.42527)
(-0.39076 0.35379 -0.52880)
(-0.40462 0.37129 -0.58402)
(-0.44052 0.42387 -0.70235)
(-0.44335 0.44584 -0.77298)
(-0.43474 0.45733 -0.80858)
(-0.42691 0.45513 -0.85950)
(-0.41897 0.45925 -0.89711)
(-0.38853 0.45790 -0.91931)
(-0.38625 0.45374 -0.92893)
(-0.36411 0.41612 -0.96630)
(-0.37032 0.41270 -0.97313)
(-0.34032 0.38406 -0.96533)
(-0.34629 0.37298 -0.95239)
(-0.35161 0.36569 -0.91902)
(-0.33422 0.34762 -0.88721)
(-0.34331 0.34390 -0.84169)
(-0.31497 0.30778 -0.73885)
(-0.32939 0.30861 -0.70593)
(-0.30120 0.27205 -0.60684)
(-0.32678 0.26531 -0.53092)
(-0.28210 0.23445 -0.45325)
(-0.25074 0.17564 -0.32440)
(-0.21441 0.16044 -0.28505)
(-0.18588 0.12594 -0.19671)
(-0.20620 0.10776 -0.17039)
(-0.19596 0.09157 -0.12629)
(-0.14682 0.05370 -0.04208)
(-0.09439 0.00120 0.04444)
(-0.07360 -0.02486 0.09301)
(-0.06470 -0.02494 0.10790)
(-0.03755 -0.02636 0.10633)
(-0.01676 -0.01098 0.05638)
(-0.00247 -0.00163 0.00877)
(-0.00049 0.00084 -0.00179)
(0.00146 -0.00276 0.00735)
(0.00778 -0.01336 0.02838)
(0.00818 -0.02219 0.06130)
(0.01014 -0.02715 0.07565)
(0.00974 -0.02953 0.08625)
(0.00573 -0.02637 0.10525)
(0.00893 -0.03141 0.09338)
(0.00371 -0.02929 0.13699)
(0.01061 -0.03490 0.15407)
(0.00920 -0.03372 0.15842)
(-0.01542 -0.00425 0.14459)
(-0.02936 0.00124 0.14204)
(-0.05654 0.03615 0.11196)
(-0.12056 0.10054 0.02255)
(-0.16011 0.12395 -0.01151)
(-0.14974 0.13079 -0.01517)
(-0.20374 0.16602 -0.09760)
(-0.32241 0.29298 -0.32317)
(-0.34369 0.31199 -0.37773)
(-0.35702 0.32974 -0.41341)
(-0.38792 0.36983 -0.51697)
(-0.43408 0.42950 -0.70017)
(-0.43778 0.45326 -0.72266)
(-0.42923 0.49031 -0.76669)
(-0.41692 0.48383 -0.80172)
(-0.42014 0.47325 -0.84366)
(-0.41131 0.48272 -0.88162)
(-0.39473 0.48402 -0.89020)
(-0.39100 0.48119 -0.89820)
(-0.37451 0.43584 -0.94358)
(-0.37116 0.41707 -0.96899)
(-0.36818 0.40801 -0.97066)
(-0.35966 0.39420 -0.97019)
(-0.36733 0.38683 -0.91432)
(-0.36242 0.36713 -0.89311)
(-0.37346 0.36637 -0.81871)
(-0.35699 0.34635 -0.80122)
(-0.36080 0.33272 -0.72852)
(-0.33745 0.27957 -0.57081)
(-0.33521 0.27153 -0.54155)
(-0.32303 0.25648 -0.50441)
(-0.31894 0.24754 -0.48107)
(-0.22618 0.13509 -0.22980)
(-0.21142 0.10932 -0.17674)
(-0.19370 0.08628 -0.11927)
(-0.17208 0.05998 -0.09803)
(-0.14601 0.03616 -0.03479)
(-0.11117 -0.00028 0.03895)
(-0.10744 -0.01032 0.05855)
(-0.09453 -0.01887 0.06617)
(-0.06014 -0.05254 0.13885)
(-0.03379 -0.04065 0.10845)
(-0.00355 -0.00431 0.01234)
(-0.00355 -0.00434 0.01214)
(0.00134 -0.00313 0.00437)
(0.01115 -0.02107 0.03262)
(0.00954 -0.03045 0.07390)
(0.00963 -0.03080 0.07890)
(0.00971 -0.03208 0.08601)
(0.00995 -0.03513 0.09383)
(0.00480 -0.03358 0.12591)
(0.01384 -0.03433 0.13996)
(0.01167 -0.03753 0.15825)
(-0.01155 -0.00250 0.13210)
(-0.04789 0.02766 0.11088)
(-0.12252 0.10641 0.01604)
(-0.14049 0.12563 -0.00778)
(-0.16585 0.14758 -0.03704)
(-0.21803 0.21075 -0.14656)
(-0.33600 0.31086 -0.35813)
(-0.33258 0.31401 -0.34316)
(-0.34921 0.32954 -0.39370)
(-0.38069 0.39790 -0.48098)
(-0.40722 0.45314 -0.59323)
(-0.40930 0.44282 -0.60080)
(-0.42540 0.47917 -0.67039)
(-0.41660 0.52013 -0.71672)
(-0.41534 0.52659 -0.73084)
(-0.41106 0.49525 -0.81425)
(-0.39475 0.49277 -0.87922)
(-0.39108 0.48950 -0.88674)
(-0.38653 0.47784 -0.90337)
(-0.37034 0.45054 -0.92772)
(-0.36984 0.41323 -0.96704)
(-0.37488 0.41103 -0.95089)
(-0.37606 0.39886 -0.92413)
(-0.37320 0.38439 -0.90048)
(-0.37995 0.37290 -0.82260)
(-0.37931 0.36723 -0.80375)
(-0.38511 0.36858 -0.79106)
(-0.34705 0.28605 -0.57575)
(-0.34521 0.27950 -0.55223)
(-0.33159 0.26260 -0.51537)
(-0.32751 0.25264 -0.48932)
(-0.26151 0.16979 -0.30640)
(-0.21651 0.10101 -0.19317)
(-0.17199 0.04145 -0.08677)
(-0.14408 0.01317 -0.03033)
(-0.12578 0.00217 0.01697)
(-0.10051 -0.02022 0.05332)
(-0.09469 -0.02437 0.06301)
(-0.05388 -0.06171 0.15274)
(-0.03979 -0.04744 0.12431)
(-0.02169 -0.02622 0.07094)
(-0.04141 -0.04867 0.12701)
(-0.00583 -0.00704 0.01955)
(0.00035 -0.00083 0.00109)
(0.00266 -0.00649 0.00848)
(0.00178 -0.00436 0.00543)
(0.00627 -0.01625 0.02092)
(0.01213 -0.03325 0.05203)
(0.00847 -0.03305 0.06527)
(0.00934 -0.03371 0.07709)
(0.00800 -0.03865 0.08349)
(0.00990 -0.03446 0.08524)
(0.01446 -0.04370 0.10388)
(0.01184 -0.03748 0.11452)
(0.01200 -0.03876 0.12704)
(-0.00673 -0.00854 0.12142)
(-0.01223 0.00034 0.12354)
(-0.03648 0.02328 0.10298)
(-0.09223 0.07873 0.05131)
(-0.13653 0.12527 -0.00678)
(-0.16022 0.14670 -0.03348)
(-0.19667 0.18659 -0.08553)
(-0.32570 0.35011 -0.28355)
(-0.34440 0.33121 -0.37491)
(-0.37342 0.42404 -0.44990)
(-0.41336 0.49883 -0.55756)
(-0.41219 0.49900 -0.64534)
(-0.41532 0.52634 -0.69584)
(-0.41545 0.53549 -0.72060)
(-0.41612 0.52919 -0.77364)
(-0.39991 0.52757 -0.83905)
(-0.38995 0.49981 -0.87540)
(-0.38526 0.48339 -0.89426)
(-0.36933 0.46245 -0.90452)
(-0.36981 0.42465 -0.94436)
(-0.37664 0.42198 -0.92303)
(-0.38204 0.41628 -0.91206)
(-0.38092 0.39200 -0.89383)
(-0.39081 0.38551 -0.84472)
(-0.38605 0.37369 -0.80608)
(-0.39266 0.37471 -0.78992)
(-0.37451 0.32172 -0.64996)
(-0.36753 0.29919 -0.58705)
(-0.34128 0.27012 -0.52591)
(-0.32883 0.23640 -0.44422)
(-0.28969 0.18673 -0.33944)
(-0.26576 0.14624 -0.27613)
(-0.20354 0.07384 -0.14951)
(-0.15901 0.02691 -0.06998)
(-0.14373 0.01136 -0.04279)
(-0.12558 -0.00659 0.01103)
(-0.08444 -0.03931 0.09936)
(-0.05661 -0.06253 0.15185)
(-0.05667 -0.06328 0.15545)
(-0.05531 -0.06310 0.16094)
(-0.03695 -0.04283 0.11333)
(-0.00634 -0.00749 0.02182)
(0.00508 0.00602 -0.01801)
(0.00022 -0.00041 0.00050)
(0.00262 -0.00507 0.00621)
(0.01138 -0.02719 0.03163)
(0.00870 -0.01757 0.01812)
(0.01268 -0.03505 0.03630)
(0.01339 -0.03708 0.05236)
(0.01332 -0.04032 0.05708)
(0.01401 -0.04395 0.07272)
(0.01530 -0.04083 0.08017)
(0.01971 -0.05082 0.10978)
(0.02025 -0.06018 0.13027)
(0.00554 -0.03158 0.10673)
(-0.01306 -0.01051 0.11464)
(-0.05086 0.04292 0.08161)
(-0.08737 0.08254 0.04730)
(-0.11488 0.11763 0.01738)
(-0.20996 0.22290 -0.08794)
(-0.15821 0.14885 -0.03460)
(-0.23287 0.23796 -0.12388)
(-0.31580 0.34753 -0.25487)
(-0.35229 0.38334 -0.34600)
(-0.39871 0.46979 -0.44082)
(-0.42627 0.51684 -0.51276)
(-0.42490 0.52560 -0.60594)
(-0.42973 0.57349 -0.63286)
(-0.43407 0.61201 -0.68532)
(-0.41439 0.57861 -0.76336)
(-0.40581 0.56385 -0.79547)
(-0.38960 0.56501 -0.81388)
(-0.38098 0.51284 -0.86404)
(-0.36906 0.47144 -0.88563)
(-0.35584 0.44405 -0.90902)
(-0.37603 0.43419 -0.90555)
(-0.37910 0.42765 -0.89746)
(-0.38840 0.41127 -0.88751)
(-0.41222 0.41880 -0.84988)
(-0.39125 0.37941 -0.80600)
(-0.42333 0.39551 -0.77383)
(-0.42048 0.37237 -0.71400)
(-0.43276 0.36282 -0.65472)
(-0.38800 0.29690 -0.54344)
(-0.37136 0.27290 -0.50020)
(-0.31768 0.19838 -0.35903)
(-0.27523 0.14961 -0.28313)
(-0.22590 0.09542 -0.19122)
(-0.19651 0.06037 -0.12038)
(-0.14867 0.01158 -0.03825)
(-0.12228 -0.02176 0.05602)
(-0.10883 -0.03156 0.07368)
(-0.09897 -0.04798 0.10554)
(-0.07401 -0.06567 0.15312)
(-0.06135 -0.05918 0.15322)
(-0.03850 -0.03666 0.10493)
(-0.01094 -0.01056 0.03231)
(0.00392 0.00423 -0.01428)
(0.00206 -0.00339 0.00336)
(0.01135 -0.01959 0.01934)
(0.01480 -0.03029 0.03253)
(0.01411 -0.03700 0.04459)
(0.01340 -0.04052 0.05305)
(0.01761 -0.04650 0.05866)
(0.02063 -0.03590 0.04969)
(0.01581 -0.04002 0.07469)
(0.01242 -0.03325 0.07537)
(0.01310 -0.03106 0.07425)
(0.01349 -0.04095 0.10236)
(-0.00706 -0.01255 0.08765)
(-0.01710 -0.00134 0.08989)
(-0.04310 0.03074 0.06174)
(-0.05146 0.04092 0.06079)
(-0.09307 0.09064 0.03835)
(-0.07529 0.07470 0.04627)
(-0.12510 0.13283 -0.00063)
(-0.20813 0.22885 -0.07708)
(-0.27058 0.29905 -0.16180)
(-0.33339 0.37485 -0.26347)
(-0.34830 0.38539 -0.29931)
(-0.41346 0.50997 -0.41337)
(-0.46667 0.62199 -0.51919)
(-0.43768 0.57902 -0.58749)
(-0.43696 0.59728 -0.61739)
(-0.44296 0.65654 -0.69648)
(-0.43315 0.63478 -0.72468)
(-0.41085 0.60539 -0.76173)
(-0.39068 0.58153 -0.79637)
(-0.37867 0.52982 -0.83517)
(-0.36458 0.50428 -0.86059)
(-0.35559 0.45179 -0.90236)
(-0.37794 0.45351 -0.87272)
(-0.40493 0.44925 -0.85242)
(-0.40242 0.42735 -0.86947)
(-0.42539 0.43052 -0.83386)
(-0.45467 0.43224 -0.81777)
(-0.47998 0.43913 -0.80275)
(-0.45584 0.39935 -0.72148)
(-0.44571 0.38023 -0.67225)
(-0.43714 0.34149 -0.58787)
(-0.38171 0.27562 -0.47834)
(-0.38634 0.26560 -0.46304)
(-0.29715 0.16726 -0.30026)
(-0.24299 0.10421 -0.20199)
(-0.24572 0.09127 -0.16017)
(-0.23134 0.07542 -0.13040)
(-0.19714 0.04370 -0.08302)
(-0.21942 0.06027 -0.10150)
(-0.15277 -0.00262 0.01515)
(-0.09866 -0.05503 0.11637)
(-0.09581 -0.05529 0.12154)
(-0.07945 -0.06200 0.17039)
(-0.02444 -0.02084 0.06414)
(-0.00376 -0.00334 0.01156)
(0.00144 0.00128 -0.00450)
(0.00039 -0.00063 0.00062)
(0.00624 -0.01007 0.00997)
(0.01629 -0.02714 0.02676)
(0.01890 -0.03084 0.02779)
(0.01883 -0.03170 0.03111)
(0.02000 -0.03744 0.03626)
(0.01907 -0.04016 0.04289)
(0.01229 -0.02103 0.03821)
(0.01196 -0.02216 0.04494)
(0.00976 -0.01740 0.04182)
(-0.00361 -0.00701 0.06439)
(-0.04746 0.03724 0.05301)
(-0.05608 0.04717 0.05226)
(-0.07191 0.06558 0.04281)
(-0.13837 0.15475 -0.02620)
(-0.22063 0.24657 -0.09764)
(-0.26956 0.31460 -0.15528)
(-0.34985 0.41794 -0.24969)
(-0.37306 0.43767 -0.30761)
(-0.39129 0.47502 -0.33037)
(-0.43392 0.55475 -0.43597)
(-0.47644 0.63737 -0.51499)
(-0.47237 0.64204 -0.54050)
(-0.46806 0.65366 -0.57582)
(-0.44679 0.66630 -0.66568)
(-0.43934 0.65746 -0.70722)
(-0.41546 0.63435 -0.73629)
(-0.39992 0.62129 -0.76771)
(-0.36862 0.54595 -0.81418)
(-0.36506 0.52835 -0.81400)
(-0.36265 0.48910 -0.84480)
(-0.38327 0.46037 -0.85441)
(-0.40678 0.45316 -0.84341)
(-0.41516 0.45046 -0.84498)
(-0.43239 0.44474 -0.82214)
(-0.47052 0.44154 -0.81348)
(-0.48388 0.44159 -0.77864)
(-0.51433 0.45455 -0.71893)
(-0.46979 0.39541 -0.66939)
(-0.43896 0.33244 -0.54687)
(-0.41969 0.30743 -0.51210)
(-0.40963 0.29146 -0.48662)
(-0.34873 0.22016 -0.37161)
(-0.26635 0.11300 -0.19689)
(-0.23078 0.07137 -0.12086)
(-0.19011 0.02274 -0.02563)
(-0.15633 -0.00806 0.03033)
(-0.13673 -0.03011 0.06720)
(-0.11040 -0.05407 0.10912)
(-0.09494 -0.06621 0.13803)
(-0.07560 -0.07105 0.15719)
(-0.02525 -0.02495 0.06991)
(-0.00182 -0.00182 0.00503)
(0.00022 -0.00029 0.00034)
(0.00660 -0.00891 0.01047)
(0.01734 -0.02003 0.01791)
(0.01951 -0.02496 0.01732)
(0.02002 -0.02382 0.01581)
(0.01998 -0.03240 0.03341)
(0.01296 -0.02137 0.02717)
(0.02018 -0.03492 0.03744)
(0.01215 -0.01722 0.03163)
(0.01078 -0.01731 0.03639)
(0.00956 -0.01262 0.02893)
(0.00727 -0.01160 0.03307)
(0.00571 -0.01002 0.03629)
(-0.05359 0.05132 0.02293)
(-0.06068 0.05310 0.04449)
(-0.07797 0.07212 0.03604)
(-0.17256 0.18918 -0.05306)
(-0.22332 0.24810 -0.09717)
(-0.30401 0.35306 -0.18767)
(-0.38092 0.45377 -0.27674)
(-0.40341 0.48430 -0.30447)
(-0.44008 0.57267 -0.42719)
(-0.48815 0.65329 -0.51482)
(-0.48145 0.65658 -0.53441)
(-0.48438 0.67387 -0.55082)
(-0.47220 0.70966 -0.63733)
(-0.44630 0.67421 -0.69890)
(-0.43793 0.67291 -0.70896)
(-0.38606 0.60279 -0.78066)
(-0.36487 0.51758 -0.81497)
(-0.38865 0.50674 -0.81782)
(-0.41784 0.45475 -0.83708)
(-0.48437 0.46960 -0.78796)
(-0.51557 0.47508 -0.76578)
(-0.51017 0.43989 -0.68914)
(-0.42957 0.31716 -0.52100)
(-0.40080 0.27707 -0.46402)
(-0.24321 0.08371 -0.14217)
(-0.16466 -0.01420 0.02380)
(-0.02857 -0.03193 0.07175)
(0.00090 -0.00088 0.00179)
(0.00930 -0.00961 0.01000)
(0.01802 -0.01790 0.01379)
(0.01276 -0.01212 0.01180)
(0.01873 -0.01605 0.01121)
(0.01936 -0.01756 0.01174)
(0.01306 -0.01039 0.01009)
(0.01173 -0.01313 0.02496)
(0.00832 -0.00756 0.02125)
(0.00457 -0.00562 0.02522)
(-0.00304 0.00653 0.02065)
(-0.07220 0.07530 -0.01152)
(-0.09531 0.10807 -0.03280)
(-0.09810 0.09495 -0.00221)
(-0.20453 0.21506 -0.06993)
(-0.17137 0.18763 -0.04223)
(-0.24460 0.27205 -0.10525)
(-0.32911 0.37249 -0.19491)
(-0.33024 0.37610 -0.18046)
(-0.38469 0.45593 -0.27228)
(-0.40744 0.48785 -0.30289)
(-0.43781 0.55499 -0.37201)
(-0.50498 0.66530 -0.48810)
(-0.49762 0.67563 -0.52969)
(-0.49282 0.68593 -0.54804)
(-0.46561 0.72185 -0.66039)
(-0.00138 0.00058 -0.00190)
(0.00387 -0.00185 0.00386)
(0.01623 -0.00933 0.00720)
(0.01797 -0.01430 0.01042)
(0.01871 -0.01132 0.00572)
(0.02058 -0.00687 -0.00126)
(0.01389 -0.00576 0.00168)
(0.01077 -0.00282 0.00036)
(0.01192 -0.00035 -0.00496)
(0.00652 0.00653 -0.00451)
(-0.00611 0.02153 -0.00719)
(-0.03654 0.05079 -0.02610)
(-0.08479 0.09732 -0.03293)
(-0.08955 0.10400 -0.03443)
(-0.15052 0.16132 -0.06103)
(-0.20566 0.22272 -0.08643)
(-0.26757 0.29703 -0.13022)
(-0.33894 0.37809 -0.19716)
(-0.39594 0.45952 -0.26917)
(-0.46923 0.57225 -0.37537)
(-0.51686 0.65625 -0.44712)
(-0.00130 0.00033 -0.00144)
(0.00094 -0.00024 0.00098)
(0.00685 -0.00056 0.00605)
(0.01930 -0.00279 -0.00226)
(0.01955 -0.00214 -0.00489)
(0.02016 0.00057 -0.01363)
(0.01144 0.01188 -0.01808)
(-0.00694 0.02417 -0.02895)
(-0.01977 0.03599 -0.03378)
(-0.05072 0.06522 -0.04744)
(-0.07994 0.09431 -0.03851)
(-0.11001 0.12049 -0.05549)
(-0.15910 0.16938 -0.07719)
(-0.25741 0.26836 -0.13698)
(-0.26862 0.28273 -0.12729)
(-0.32700 0.33960 -0.16875)
(-0.38098 0.42665 -0.23743)
(0.00031 -0.00003 0.00036)
(0.00879 -0.00017 0.00096)
(0.01512 -0.00205 -0.00175)
(0.01945 -0.00224 -0.00372)
(0.01940 -0.00074 -0.00758)
(0.01922 0.00049 -0.00982)
(0.00550 0.01598 -0.03240)
(-0.00360 0.02728 -0.04021)
(-0.01509 0.03937 -0.04406)
(-0.02420 0.04666 -0.05429)
(-0.06275 0.08499 -0.08287)
(-0.08756 0.10601 -0.09340)
(-0.09140 0.10194 -0.07631)
(-0.10982 0.12785 -0.10858)
(-0.13101 0.14706 -0.09586)
(-0.19621 0.20910 -0.10763)
(0.00067 0.00023 0.00078)
(0.01353 -0.00200 0.00390)
(0.01959 -0.00158 -0.00548)
(0.01344 0.00573 -0.00394)
(0.01469 0.00461 -0.00870)
(0.00211 0.01791 -0.02598)
(-0.00942 0.03136 -0.05354)
(-0.02371 0.04610 -0.05511)
(-0.07485 0.09904 -0.09755)
(-0.10043 0.12034 -0.10858)
(-0.00012 -0.00006 -0.00014)
(0.00279 0.00215 0.00370)
(0.00950 0.00552 -0.00334)
(-0.41622 0.67108 -0.73419)
(-0.36686 0.53828 -0.80544)
(-0.40802 0.45620 -0.83340)
(-0.45740 0.47043 -0.80865)
(-0.52933 0.46909 -0.70874)
(-0.45703 0.35442 -0.56931)
(-0.41861 0.30037 -0.49468)
(-0.32243 0.17309 -0.28619)
(-0.21749 0.05438 -0.10393)
(-0.15164 -0.02601 0.05287)
(-0.13206 -0.03482 0.07831)
(-0.07910 -0.07491 0.15828)
(-0.07541 -0.07504 0.16039)
(-0.07139 -0.07485 0.16295)
(-0.00630 -0.00724 0.01655)
(-0.49403 0.73824 -0.61136)
(-0.44329 0.71747 -0.69135)
(-0.41543 0.68432 -0.71865)
(-0.40132 0.64316 -0.75081)
(-0.36895 0.55764 -0.79758)
(-0.36700 0.52584 -0.80616)
(-0.38318 0.50626 -0.79908)
(-0.41507 0.48648 -0.79690)
(-0.41890 0.45782 -0.82831)
(-0.48075 0.49376 -0.78420)
(-0.49502 0.47697 -0.78242)
(-0.53547 0.48880 -0.74745)
(-0.53622 0.47587 -0.70699)
(-0.53297 0.46811 -0.70088)
(-0.50981 0.42042 -0.63286)
(-0.43998 0.32801 -0.52811)
(-0.42754 0.30953 -0.50015)
(-0.40250 0.27144 -0.44541)
(-0.33528 0.18229 -0.30271)
(-0.26139 0.10160 -0.17975)
(-0.22392 0.05562 -0.10875)
(-0.17690 -0.00271 -0.00341)
(-0.15660 -0.02312 0.04302)
(-0.11315 -0.05267 0.10671)
(-0.07747 -0.07638 0.15718)
(-0.07039 -0.07702 0.15983)
(-0.02539 -0.03027 0.06394)
(-0.00246 -0.00306 0.00651)
(-0.55396 0.72601 -0.50909)
(-0.53014 0.75351 -0.56643)
(-0.52455 0.76324 -0.58163)
(-0.49806 0.78471 -0.64495)
(-0.47277 0.75266 -0.65906)
(-0.44145 0.71889 -0.70340)
(-0.40190 0.66106 -0.74447)
(-0.39104 0.61714 -0.75825)
(-0.36790 0.53508 -0.79912)
(-0.37297 0.56463 -0.77290)
(-0.37165 0.50958 -0.79197)
(-0.40994 0.48596 -0.76760)
(-0.45210 0.48733 -0.78016)
(-0.47912 0.49436 -0.77684)
(-0.52128 0.50168 -0.76924)
(-0.53983 0.49962 -0.73542)
(-0.56574 0.51249 -0.71880)
(-0.54251 0.47463 -0.69477)
(-0.53248 0.44543 -0.63915)
(-0.48332 0.38048 -0.56520)
(-0.44427 0.33318 -0.50003)
(-0.39279 0.25606 -0.42161)
(-0.34906 0.18908 -0.31039)
(-0.31111 0.15055 -0.25707)
(-0.22487 0.04775 -0.08649)
(-0.17883 -0.00495 0.00103)
(-0.18680 0.00546 -0.02403)
(-0.14083 -0.03993 0.05770)
(-0.12713 -0.04521 0.07457)
(-0.11803 -0.05579 0.07195)
(-0.08241 -0.07643 0.15337)
(-0.06730 -0.07921 0.15354)
(-0.03004 -0.04176 0.07945)
(-0.00628 -0.00990 0.01915)
(0.00235 0.00385 -0.00743)
(-0.46407 0.53005 -0.31492)
(-0.50466 0.60620 -0.39266)
(-0.52667 0.66101 -0.44368)
(-0.55145 0.72176 -0.50499)
(-0.54434 0.75700 -0.55279)
(-0.54363 0.78559 -0.58683)
(-0.50574 0.77973 -0.63343)
(-0.48710 0.75969 -0.65037)
(-0.44441 0.72724 -0.69857)
(-0.42745 0.70262 -0.71371)
(-0.40221 0.64760 -0.73564)
(-0.39445 0.59499 -0.75877)
(-0.39970 0.54839 -0.77235)
(-0.40851 0.53250 -0.76876)
(-0.41843 0.48833 -0.76729)
(-0.49490 0.51256 -0.75184)
(-0.53770 0.53216 -0.73686)
(-0.54330 0.51728 -0.74490)
(-0.55349 0.51787 -0.72687)
(-0.58158 0.51722 -0.70177)
(-0.56647 0.49370 -0.68464)
(-0.53672 0.45859 -0.62762)
(-0.51257 0.42437 -0.59723)
(-0.44539 0.34040 -0.50605)
(-0.40607 0.28501 -0.44325)
(-0.38615 0.27022 -0.41559)
(-0.34725 0.21019 -0.33194)
(-0.27375 0.11159 -0.18858)
(-0.23195 0.05921 -0.11819)
(-0.19332 0.01660 -0.05979)
(-0.15028 -0.03758 0.03146)
(-0.09273 -0.07953 0.10645)
(-0.11855 -0.05347 0.05797)
(-0.07224 -0.09555 0.13026)
(-0.05995 -0.08377 0.11890)
(-0.00554 -0.01092 0.01665)
(0.00412 0.00924 -0.01412)
(-0.04452 -0.06828 0.08783)
(-0.25864 0.26900 -0.14366)
(-0.27946 0.29032 -0.15165)
(-0.29932 0.31069 -0.16658)
(-0.38884 0.42593 -0.24266)
(-0.46166 0.52321 -0.31131)
(-0.50261 0.56510 -0.35470)
(-0.48709 0.56728 -0.34920)
(-0.52637 0.63344 -0.41041)
(-0.55416 0.69878 -0.47519)
(-0.55300 0.74672 -0.53273)
(-0.54812 0.78288 -0.58012)
(-0.53696 0.78808 -0.59605)
(-0.49023 0.76084 -0.64855)
(-0.43364 0.71097 -0.70756)
(-0.42236 0.69346 -0.71664)
(-0.41458 0.62650 -0.74253)
(-0.39012 0.56826 -0.76763)
(-0.44128 0.56101 -0.76275)
(-0.43950 0.52015 -0.76345)
(-0.45600 0.56350 -0.75424)
(-0.51808 0.52753 -0.74058)
(-0.53623 0.53575 -0.73666)
(-0.55138 0.53849 -0.73111)
(-0.58421 0.53030 -0.69770)
(-0.57915 0.51149 -0.69185)
(-0.58294 0.51752 -0.69295)
(-0.55967 0.49473 -0.65857)
(-0.51451 0.42580 -0.57963)
(-0.51010 0.43462 -0.58031)
(-0.44237 0.35186 -0.49482)
(-0.38413 0.28417 -0.41466)
(-0.36432 0.24247 -0.37406)
(-0.25961 0.11012 -0.18791)
(-0.20922 0.03647 -0.09437)
(-0.19000 0.01484 -0.06442)
(-0.17443 -0.00484 -0.03309)
(-0.09595 -0.07172 0.05679)
(-0.08248 -0.08608 0.08295)
(-0.06535 -0.10128 0.10413)
(-0.02951 -0.06143 0.06900)
(-0.00334 -0.00759 0.00901)
(-0.01304 -0.04055 0.03758)
(-0.00240 -0.00778 0.00732)
(-0.11261 0.13042 -0.11475)
(-0.12152 0.13766 -0.11528)
(-0.16925 0.18378 -0.12975)
(-0.26005 0.26962 -0.14989)
(-0.27790 0.28821 -0.15701)
(-0.27648 0.28589 -0.16219)
(-0.29715 0.30801 -0.17084)
(-0.40438 0.44271 -0.26651)
(-0.36432 0.37451 -0.22172)
(-0.44798 0.48420 -0.30462)
(-0.49201 0.54036 -0.33723)
(-0.55876 0.65593 -0.44030)
(-0.56618 0.67223 -0.45332)
(-0.55097 0.72454 -0.50569)
(-0.55214 0.78160 -0.57460)
(-0.54194 0.78540 -0.58879)
(-0.53594 0.78657 -0.59669)
(-0.50992 0.77179 -0.62535)
(-0.43931 0.71884 -0.70210)
(-0.42870 0.70256 -0.71083)
(-0.42349 0.66157 -0.73713)
(-0.40422 0.59002 -0.75874)
(-0.44944 0.57765 -0.75493)
(-0.46032 0.57328 -0.75424)
(-0.49725 0.54202 -0.74342)
(-0.53637 0.53983 -0.73720)
(-0.55032 0.54154 -0.73117)
(-0.54989 0.54516 -0.73199)
(-0.58652 0.54395 -0.69591)
(-0.58735 0.54944 -0.68021)
(-0.55503 0.51226 -0.65305)
(-0.53826 0.49227 -0.62005)
(-0.40431 0.31329 -0.44421)
(-0.38122 0.28627 -0.41659)
(-0.36297 0.25826 -0.38878)
(-0.27192 0.14168 -0.23900)
(-0.20428 0.03323 -0.09573)
(-0.18691 0.01322 -0.06809)
(-0.17203 -0.00612 -0.03730)
(-0.14077 -0.03587 -0.00843)
(-0.08846 -0.07761 0.05427)
(-0.05026 -0.10538 0.09224)
(-0.01154 -0.03684 0.02908)
(0.00224 0.00778 -0.00652)
(-0.00082 -0.00272 0.00218)
(0.00886 0.01124 -0.00009)
(-0.00289 0.02606 -0.03395)
(-0.00315 0.02579 -0.03573)
(-0.01888 0.04360 -0.06153)
(-0.03588 0.05606 -0.06434)
(-0.03459 0.06128 -0.07292)
(-0.06830 0.09165 -0.09344)
(-0.10250 0.12223 -0.11348)
(-0.10568 0.12501 -0.11936)
(-0.11571 0.13321 -0.12098)
(-0.12582 0.14150 -0.12226)
(-0.18227 0.19382 -0.15403)
(-0.24767 0.25640 -0.16838)
(-0.30367 0.29249 -0.20597)
(-0.37649 0.37704 -0.24621)
(-0.44966 0.47366 -0.30766)
(-0.50779 0.54403 -0.37049)
(-0.55512 0.64314 -0.43187)
(-0.56469 0.66362 -0.44685)
(-0.56153 0.70262 -0.48131)
(-0.56397 0.73707 -0.51971)
(-0.54672 0.78385 -0.58222)
(-0.53990 0.78515 -0.59119)
(-0.51700 0.76463 -0.63160)
(-0.46963 0.74102 -0.67460)
(-0.45139 0.71025 -0.70502)
(-0.44301 0.67903 -0.72452)
(-0.41962 0.62155 -0.74192)
(-0.44999 0.58597 -0.75509)
(-0.46378 0.58274 -0.75427)
(-0.48998 0.56808 -0.74852)
(-0.53743 0.56126 -0.73766)
(-0.54587 0.55958 -0.73241)
(-0.57944 0.56375 -0.71646)
(-0.59782 0.56625 -0.68721)
(-0.57235 0.54631 -0.66400)
(-0.56753 0.52975 -0.64542)
(-0.54122 0.50879 -0.61397)
(-0.50406 0.46064 -0.57376)
(-0.44839 0.37034 -0.49714)
(-0.38934 0.30244 -0.43242)
(-0.36497 0.27247 -0.40260)
(-0.35728 0.25650 -0.38718)
(-0.28910 0.17222 -0.29479)
(-0.20353 0.03804 -0.12320)
(-0.20401 0.08736 -0.16630)
(-0.16729 0.01030 -0.08780)
(-0.10254 -0.03627 -0.01462)
(-0.08802 -0.08218 0.03869)
(-0.06982 -0.09657 0.06810)
(-0.06354 -0.09422 0.06698)
(-0.03109 -0.08916 0.06707)
(-0.00649 -0.02049 0.01558)
(0.00061 0.00041 0.00069)
(0.00181 0.00093 0.00088)
(-0.00154 0.01830 -0.00869)
(-0.01060 0.03261 -0.02711)
(-0.02836 0.04530 -0.02103)
(-0.03708 0.05418 -0.04739)
(-0.05463 0.06774 -0.06691)
(-0.06462 0.07848 -0.07317)
(-0.09206 0.10180 -0.09155)
(-0.09054 0.10140 -0.09138)
(-0.13050 0.14161 -0.13193)
(-0.19113 0.18163 -0.16170)
(-0.20720 0.19843 -0.17737)
(-0.26065 0.24892 -0.19647)
(-0.29816 0.28157 -0.22408)
(-0.39759 0.37208 -0.27206)
(-0.42357 0.39628 -0.28904)
(-0.46750 0.47009 -0.32778)
(-0.54086 0.54639 -0.39830)
(-0.56282 0.61271 -0.43145)
(-0.59623 0.63694 -0.47195)
(-0.58772 0.70490 -0.49329)
(-0.58090 0.72383 -0.53741)
(-0.56437 0.76849 -0.57708)
(-0.55555 0.76203 -0.60220)
(-0.54858 0.76225 -0.61762)
(-0.49326 0.76254 -0.65927)
(-0.48414 0.73160 -0.67876)
(-0.47066 0.69435 -0.71075)
(-0.44485 0.65200 -0.73116)
(-0.46659 0.63726 -0.73734)
(-0.47355 0.61351 -0.74888)
(-0.48918 0.58216 -0.75195)
(-0.52774 0.58695 -0.74757)
(-0.56051 0.59184 -0.74540)
(-0.57906 0.57858 -0.72235)
(-0.60043 0.57575 -0.69593)
(-0.56206 0.55061 -0.66386)
(-0.55902 0.53613 -0.64064)
(-0.49892 0.48998 -0.58092)
(-0.44803 0.41925 -0.51827)
(-0.36627 0.31433 -0.42419)
(-0.27219 0.18755 -0.28908)
(-0.29194 0.25381 -0.33888)
(-0.20431 0.08947 -0.20778)
(-0.17399 0.09048 -0.17010)
(-0.14145 0.03130 -0.08379)
(-0.10677 -0.00213 -0.03516)
(-0.07394 -0.06733 0.03150)
(-0.06005 -0.06852 0.02400)
(-0.02227 -0.05991 0.03842)
(-0.01059 -0.03001 0.01919)
(-0.00385 -0.01131 0.00725)
(-0.00004 0.00092 0.00114)
(-0.00999 0.02521 -0.00551)
(-0.02860 0.04338 -0.01403)
(-0.05415 0.06277 -0.01839)
(-0.05649 0.06491 -0.02222)
(-0.06112 0.06919 -0.02943)
(-0.07143 0.08129 -0.07681)
(-0.07611 0.08176 -0.04473)
(-0.10680 0.10940 -0.09413)
(-0.12372 0.12754 -0.11155)
(-0.17081 0.15761 -0.13995)
(-0.21345 0.18890 -0.15540)
(-0.24981 0.22545 -0.19008)
(-0.27902 0.26271 -0.21372)
(-0.33786 0.30355 -0.23895)
(-0.39909 0.36266 -0.28828)
(-0.50862 0.44347 -0.34969)
(-0.53321 0.48629 -0.37991)
(-0.55987 0.57346 -0.42116)
(-0.61903 0.63721 -0.50719)
(-0.60861 0.67946 -0.51114)
(-0.60251 0.70043 -0.53187)
(-0.59054 0.75033 -0.56420)
(-0.61304 0.72655 -0.56239)
(-0.57404 0.75833 -0.58927)
(-0.56159 0.75251 -0.61731)
(-0.49900 0.75995 -0.65684)
(-0.50533 0.73494 -0.67199)
(-0.50395 0.68919 -0.70653)
(-0.47038 0.66983 -0.72361)
(-0.50360 0.67808 -0.71345)
(-0.47604 0.64595 -0.73428)
(-0.49311 0.63264 -0.74029)
(-0.49938 0.61381 -0.74826)
(-0.50611 0.60652 -0.75099)
(-0.53704 0.60437 -0.74803)
(-0.56329 0.60363 -0.74600)
(-0.54580 0.59158 -0.72669)
(-0.56827 0.58345 -0.72909)
(-0.56730 0.58281 -0.70308)
(-0.57068 0.57546 -0.67888)
(-0.54103 0.54055 -0.63828)
(-0.53422 0.54791 -0.64644)
(-0.49294 0.51581 -0.59698)
(-0.46931 0.49554 -0.56691)
(-0.38969 0.38780 -0.46344)
(-0.29285 0.28868 -0.36231)
(-0.21789 0.14622 -0.23098)
(-0.24157 0.23686 -0.30182)
(-0.17663 0.12418 -0.19093)
(-0.08752 0.07064 -0.09634)
(-0.10313 0.03880 -0.07847)
(-0.06777 0.03804 -0.06086)
(-0.05394 -0.05069 0.00533)
(-0.04830 -0.05191 0.00875)
(-0.06289 0.03503 -0.05711)
(-0.03601 -0.04153 0.00747)
(-0.00196 -0.01207 0.00716)
(-0.00013 0.00040 0.00043)
(-0.02151 0.03019 -0.00158)
(-0.04557 0.05144 -0.01055)
(-0.06437 0.07125 -0.02324)
(-0.07079 0.07679 -0.03461)
(-0.07455 0.07899 -0.02954)
(-0.08059 0.08393 -0.03929)
(-0.12081 0.12149 -0.08893)
(-0.20443 0.18004 -0.15041)
(-0.23038 0.19858 -0.15427)
(-0.27455 0.24007 -0.20152)
(-0.35062 0.29304 -0.23342)
(-0.36609 0.31178 -0.24132)
(-0.43091 0.37527 -0.30138)
(-0.54569 0.46339 -0.37464)
(-0.55565 0.48046 -0.38478)
(-0.57581 0.49732 -0.39982)
(-0.57838 0.57168 -0.43794)
(-0.63019 0.63394 -0.51422)
(-0.62568 0.65011 -0.52095)
(-0.62612 0.66970 -0.53718)
(-0.62468 0.69812 -0.58273)
(-0.60050 0.71468 -0.59465)
(-0.58423 0.71238 -0.63065)
(-0.55297 0.73796 -0.64535)
(-0.53690 0.71506 -0.66232)
(-0.51314 0.68702 -0.70553)
(-0.51341 0.67915 -0.71016)
(-0.50480 0.67187 -0.71842)
(-0.51207 0.64738 -0.73223)
(-0.49776 0.62227 -0.74717)
(-0.51664 0.60941 -0.75351)
(-0.53399 0.60516 -0.73861)
(-0.54787 0.60977 -0.72692)
(-0.53860 0.59171 -0.69978)
(-0.53426 0.58838 -0.69153)
(-0.52062 0.55847 -0.65761)
(-0.49145 0.52307 -0.59954)
(-0.47331 0.50972 -0.58258)
(-0.37792 0.40604 -0.47272)
(-0.38981 0.42867 -0.49791)
(-0.33832 0.35233 -0.41813)
(-0.20536 0.27179 -0.28899)
(-0.19519 0.19020 -0.23565)
(-0.18758 0.25427 -0.26513)
(-0.11260 0.11348 -0.13872)
(-0.07247 0.07793 -0.08991)
(-0.06403 0.05501 -0.07203)
(-0.04203 -0.01007 -0.02023)
(-0.02950 -0.02230 -0.00754)
(-0.05083 0.04643 -0.06139)
(-0.00361 -0.01042 0.00251)
(-0.00064 -0.00208 0.00051)
(0.00028 -0.00066 -0.00088)
(-0.02000 0.02335 -0.00107)
(-0.03538 0.03960 0.00170)
(-0.06933 0.07506 -0.01926)
(-0.08151 0.08356 -0.02809)
(-0.15646 0.14432 -0.08773)
(-0.19744 0.17348 -0.12270)
(-0.22957 0.19461 -0.13797)
(-0.36641 0.30000 -0.23407)
(-0.38949 0.31444 -0.24266)
(-0.40431 0.32601 -0.25396)
(-0.44841 0.36932 -0.30331)
(-0.56309 0.46888 -0.37983)
(-0.56935 0.48242 -0.39053)
(-0.58870 0.49868 -0.40521)
(-0.63920 0.58898 -0.47788)
(-0.63593 0.64258 -0.52663)
(-0.64827 0.64035 -0.55262)
(-0.65839 0.66408 -0.58928)
(-0.61847 0.69330 -0.60242)
(-0.61111 0.68296 -0.63795)
(-0.57814 0.70510 -0.65036)
(-0.57401 0.70184 -0.65759)
(-0.55905 0.68248 -0.68973)
(-0.52243 0.67460 -0.70852)
(-0.51319 0.67295 -0.71440)
(-0.50766 0.64739 -0.72223)
(-0.51504 0.64253 -0.72972)
(-0.50192 0.61786 -0.73886)
(-0.51020 0.63111 -0.72731)
(-0.52152 0.62480 -0.73558)
(-0.52785 0.61101 -0.72524)
(-0.51718 0.59121 -0.70014)
(-0.52812 0.59176 -0.70090)
(-0.52234 0.58746 -0.69155)
(-0.51367 0.58217 -0.68016)
(-0.46422 0.54247 -0.61129)
(-0.48543 0.52651 -0.59956)
(-0.46986 0.51580 -0.58340)
(-0.38807 0.46365 -0.51157)
(-0.33696 0.40046 -0.43524)
(-0.33261 0.40953 -0.43166)
(-0.20772 0.29012 -0.29579)
(-0.18877 0.27239 -0.27170)
(-0.15234 0.20611 -0.20916)
(-0.17182 0.25908 -0.25159)
(-0.07311 0.09624 -0.09865)
(-0.06408 0.07391 -0.08360)
(-0.06414 0.09304 -0.09275)
(-0.04300 0.05769 -0.06470)
(-0.02149 0.01823 -0.02787)
(-0.00062 0.00022 -0.00228)
(-0.00029 -0.00007 0.00131)
(0.00321 -0.00457 -0.00321)
(-0.00132 0.00191 0.00105)
(-0.02383 0.02908 0.00638)
(-0.07702 0.08297 -0.00863)
(-0.12033 0.11533 -0.02940)
(-0.15265 0.13893 -0.06748)
(-0.19827 0.16789 -0.08930)
(-0.22095 0.18301 -0.11301)
(-0.28890 0.23359 -0.15594)
(-0.36894 0.29897 -0.22695)
(-0.39201 0.31436 -0.23668)
(-0.41336 0.32965 -0.25205)
(-0.46642 0.36428 -0.26699)
(-0.47570 0.37731 -0.31037)
(-0.53005 0.41499 -0.33275)
(-0.58251 0.48443 -0.39174)
(-0.59984 0.49929 -0.40506)
(-0.64006 0.53857 -0.44152)
(-0.67669 0.58142 -0.49932)
(-0.66565 0.62520 -0.53784)
(-0.70646 0.61542 -0.53489)
(-0.67852 0.63726 -0.57822)
(-0.66622 0.65250 -0.58477)
(-0.64592 0.66111 -0.60540)
(-0.64274 0.65371 -0.63932)
(-0.58740 0.69314 -0.65397)
(-0.58267 0.69026 -0.65998)
(-0.57315 0.67242 -0.68238)
(-0.56021 0.64275 -0.69979)
(-0.52113 0.67013 -0.71160)
(-0.55574 0.63531 -0.70505)
(-0.51908 0.65205 -0.71553)
(-0.52624 0.64507 -0.72088)
(-0.51944 0.62890 -0.72165)
(-0.51562 0.62514 -0.73198)
(-0.51154 0.62134 -0.73023)
(-0.48974 0.59475 -0.70143)
(-0.47525 0.58048 -0.68297)
(-0.51124 0.58674 -0.69057)
(-0.50119 0.57961 -0.67695)
(-0.42248 0.53259 -0.59251)
(-0.42099 0.51355 -0.56600)
(-0.37201 0.47472 -0.49956)
(-0.32568 0.43951 -0.44764)
(-0.22967 0.34119 -0.33062)
(-0.22810 0.37746 -0.33931)
(-0.19056 0.28657 -0.27703)
(-0.17187 0.27029 -0.25527)
(-0.09435 0.21624 -0.16190)
(-0.09330 0.17479 -0.14835)
(-0.05686 0.15048 -0.11443)
(-0.05146 0.08661 -0.08500)
(-0.00536 0.02149 -0.02074)
(0.00073 0.03581 -0.02763)
(0.00013 0.00019 -0.00029)
(0.00576 -0.00844 -0.00484)
(-0.05014 0.05812 0.00430)
(-0.09263 0.09483 -0.00576)
(0.00476 -0.00776 -0.00577)
(-0.00749 0.01119 0.00705)
(-0.10764 0.10885 -0.01211)
(-0.12466 0.11717 -0.02696)
(-0.14233 0.12901 -0.04428)
(-0.14888 0.13961 -0.04097)
(-0.22516 0.18932 -0.10674)
(-0.28991 0.23189 -0.14432)
(-0.33049 0.26381 -0.18324)
(-0.29451 0.23977 -0.14119)
(-0.33233 0.26854 -0.17634)
(-0.41628 0.33074 -0.24656)
(-0.46654 0.35874 -0.24847)
(-0.53668 0.41799 -0.31445)
(-0.57505 0.46179 -0.35665)
(-0.61340 0.47461 -0.34420)
(-0.64060 0.51660 -0.40131)
(-0.65795 0.53677 -0.43380)
(-0.69877 0.58731 -0.50386)
(-0.71711 0.60216 -0.53433)
(-0.69394 0.61316 -0.54989)
(-0.67923 0.61863 -0.57583)
(-0.66214 0.64860 -0.60431)
(-0.64708 0.63455 -0.64141)
(-0.60176 0.67280 -0.65721)
(-0.59359 0.66534 -0.66213)
(-0.58744 0.65377 -0.68223)
(-0.58391 0.61585 -0.69702)
(-0.57888 0.61199 -0.69912)
(-0.54623 0.63289 -0.70506)
(-0.53068 0.63384 -0.70956)
(-0.51292 0.60972 -0.70912)
(-0.49669 0.61029 -0.71071)
(-0.50815 0.62223 -0.72140)
(-0.50594 0.62196 -0.72777)
(-0.46964 0.59313 -0.69120)
(-0.45753 0.58214 -0.68338)
(-0.40868 0.54682 -0.63624)
(-0.45644 0.57031 -0.66415)
(-0.40950 0.53454 -0.60272)
(-0.35145 0.49824 -0.53530)
(-0.33612 0.48120 -0.50200)
(-0.33805 0.46473 -0.48456)
(-0.29881 0.43652 -0.41449)
(-0.29154 0.43899 -0.42367)
(-0.22816 0.38243 -0.34204)
(-0.19833 0.32531 -0.28848)
(-0.19829 0.35845 -0.30765)
(-0.15365 0.32067 -0.24709)
(-0.17356 0.28040 -0.25979)
(-0.11781 0.24503 -0.19597)
(-0.06658 0.20143 -0.14194)
(-0.02889 0.18776 -0.11193)
(-0.02847 0.15729 -0.09967)
(-0.00016 0.04951 -0.03188)
(-0.00043 -0.00278 0.00218)
(0.00030 0.00507 -0.00329)
(-0.00563 0.00670 0.00183)
(-0.05539 0.05779 0.00654)
(-0.07254 0.07739 0.00088)
(-0.11903 0.12095 -0.00732)
(-0.13630 0.13299 -0.01835)
(-0.25919 0.21713 -0.11883)
(-0.26528 0.21790 -0.10170)
(-0.35588 0.28359 -0.16116)
(-0.39023 0.30002 -0.17736)
(-0.51602 0.40267 -0.27077)
(-0.55158 0.43037 -0.28966)
(-0.61798 0.48609 -0.36338)
(-0.62536 0.50479 -0.37451)
(-0.67996 0.56033 -0.45185)
(-0.67694 0.56208 -0.46972)
(-0.69666 0.59224 -0.53850)
(-0.68822 0.59025 -0.59396)
(-0.68034 0.59122 -0.60906)
(-0.67523 0.58684 -0.61586)
(-0.64277 0.63008 -0.64803)
(-0.66088 0.58543 -0.64216)
(-0.62166 0.61073 -0.68073)
(-0.60063 0.61522 -0.67999)
(-0.59508 0.60176 -0.68985)
(-0.57543 0.58648 -0.68478)
(-0.56208 0.57878 -0.68589)
(-0.55642 0.61840 -0.69697)
(-0.53897 0.59514 -0.70015)
(-0.52891 0.59617 -0.70288)
(-0.50606 0.59077 -0.69303)
(-0.47269 0.58676 -0.68941)
(-0.47449 0.59395 -0.69935)
(-0.46581 0.58846 -0.69371)
(-0.43709 0.56970 -0.66560)
(-0.40904 0.55852 -0.64086)
(-0.36266 0.51332 -0.58797)
(-0.39843 0.52934 -0.60435)
(-0.35511 0.49816 -0.54485)
(-0.33357 0.47859 -0.51044)
(-0.26720 0.42835 -0.41066)
(-0.20758 0.38635 -0.34323)
(-0.23151 0.39700 -0.35582)
(-0.19596 0.35852 -0.30715)
(-0.15169 0.33019 -0.25096)
(-0.11284 0.30268 -0.18881)
(-0.05915 0.21771 -0.13977)
(-0.08166 0.25107 -0.15482)
(-0.03125 0.19523 -0.11446)
(-0.02720 0.19041 -0.11084)
(-0.01412 0.13158 -0.07594)
(0.00131 0.04803 -0.02763)
(-0.00052 -0.00296 0.00142)
(-0.00097 -0.01137 0.00738)
(-0.00774 0.00863 0.00065)
(-0.03597 0.03936 0.00188)
(-0.05037 0.05461 0.00043)
(-0.11784 0.12187 -0.00669)
(-0.13538 0.13478 -0.01708)
(-0.20285 0.18137 -0.05917)
(-0.12703 0.12958 -0.01210)
(-0.24437 0.21388 -0.08184)
(-0.30860 0.25155 -0.12491)
(-0.36436 0.28409 -0.16021)
(-0.34471 0.28015 -0.14560)
(-0.37510 0.29303 -0.16489)
(-0.45927 0.35832 -0.21749)
(-0.49667 0.40061 -0.25142)
(-0.57783 0.46364 -0.31631)
(-0.61725 0.50774 -0.36990)
(-0.63540 0.52348 -0.39798)
(-0.63617 0.52642 -0.40702)
(-0.67371 0.56295 -0.49216)
(-0.68557 0.58444 -0.58635)
(-0.68178 0.58604 -0.59956)
(-0.67597 0.58137 -0.60515)
(-0.67039 0.57804 -0.61622)
(-0.63258 0.57943 -0.67402)
(-0.61707 0.57617 -0.68400)
(-0.59106 0.55274 -0.67258)
(-0.58182 0.54335 -0.67143)
(-0.57422 0.55202 -0.67732)
(-0.53742 0.56100 -0.67914)
(-0.53053 0.56139 -0.67846)
(-0.52444 0.56166 -0.67795)
(-0.47885 0.57383 -0.68055)
(-0.46498 0.58073 -0.68535)
(-0.43275 0.56483 -0.66672)
(-0.38411 0.52440 -0.61666)
(-0.35969 0.50965 -0.59019)
(-0.29470 0.45058 -0.51020)
(-0.32119 0.47509 -0.53343)
(-0.28356 0.43954 -0.49377)
(-0.28046 0.43720 -0.47671)
(-0.24903 0.42297 -0.41109)
(-0.20666 0.38546 -0.34847)
(-0.19477 0.37583 -0.32889)
(-0.19467 0.37595 -0.32226)
(-0.18249 0.36630 -0.30935)
(-0.16197 0.34463 -0.27321)
(-0.11878 0.30335 -0.20331)
(-0.08840 0.26866 -0.16999)
(-0.08645 0.27179 -0.16214)
(-0.07197 0.25866 -0.14694)
(-0.03100 0.20686 -0.10723)
(-0.01427 0.14883 -0.07740)
(-0.00299 0.09416 -0.04664)
(0.00240 0.01284 -0.00597)
(-0.00270 -0.00633 0.00245)
(-0.01264 0.01408 0.00060)
(-0.01130 0.01274 0.00034)
(-0.07724 0.08288 -0.00243)
(-0.12294 0.12980 -0.00944)
(-0.22975 0.20490 -0.07356)
(-0.22463 0.21495 -0.06999)
(-0.24053 0.22442 -0.07914)
(-0.31580 0.27819 -0.12360)
(-0.40883 0.34704 -0.18636)
(-0.40013 0.35546 -0.16990)
(-0.51538 0.43180 -0.26930)
(-0.55735 0.46807 -0.32352)
(-0.61610 0.51080 -0.37859)
(-0.61715 0.51381 -0.38799)
(-0.63671 0.52775 -0.41430)
(-0.63432 0.53187 -0.46972)
(-0.67972 0.57971 -0.58867)
(-0.67380 0.57462 -0.59198)
(-0.64251 0.54631 -0.59355)
(-0.62454 0.54459 -0.63372)
(-0.60701 0.53778 -0.65459)
(-0.57678 0.50414 -0.64037)
(-0.57114 0.50259 -0.63945)
(-0.56614 0.50002 -0.63805)
(-0.53771 0.55047 -0.67409)
(-0.53672 0.52095 -0.64902)
(-0.53097 0.55002 -0.67314)
(-0.52422 0.55039 -0.67322)
(-0.47830 0.54446 -0.66111)
(-0.44946 0.51899 -0.63260)
(-0.44086 0.53182 -0.64071)
(-0.45649 0.57498 -0.68092)
(-0.39785 0.52430 -0.63398)
(-0.38133 0.48636 -0.59608)
(-0.37337 0.51084 -0.60542)
(-0.29454 0.44859 -0.51363)
(-0.28328 0.43733 -0.49700)
(-0.27220 0.42727 -0.48101)
(-0.24527 0.40609 -0.44135)
(-0.20456 0.38354 -0.35143)
(-0.19477 0.37519 -0.33535)
(-0.19514 0.36575 -0.34650)
(-0.18383 0.36683 -0.31708)
(-0.11665 0.30098 -0.21535)
(-0.14398 0.32399 -0.25969)
(-0.10139 0.27914 -0.19712)
(-0.07159 0.24384 -0.14987)
(-0.08660 0.26613 -0.17721)
(-0.02600 0.19097 -0.10581)
(-0.01901 0.17776 -0.09528)
(0.00222 0.06066 -0.02848)
(-0.00476 0.05958 -0.03095)
(0.00056 0.00994 -0.00457)
(-0.06271 0.06877 -0.00202)
(-0.01508 0.01715 0.00015)
(-0.05067 0.06617 0.00171)
(-0.16269 0.17149 -0.03464)
(-0.19887 0.20514 -0.05157)
(-0.24743 0.23688 -0.07822)
(-0.29712 0.27913 -0.10702)
(-0.36705 0.33397 -0.15115)
(-0.37309 0.34061 -0.15483)
(-0.43100 0.37834 -0.20354)
(-0.45786 0.40373 -0.23697)
(-0.59359 0.49857 -0.36217)
(-0.61613 0.51883 -0.41064)
(-0.62973 0.53229 -0.51371)
(-0.59556 0.50834 -0.49118)
(-0.61661 0.51306 -0.54617)
(-0.62388 0.53075 -0.61851)
(-0.61474 0.52315 -0.62400)
(-0.57689 0.49090 -0.62906)
(-0.56739 0.49164 -0.62953)
(-0.56148 0.48869 -0.62808)
(-0.53712 0.48852 -0.62905)
(-0.52970 0.53650 -0.66560)
(-0.50218 0.46929 -0.59175)
(-0.50143 0.48304 -0.60727)
(-0.52324 0.53763 -0.66660)
(-0.49047 0.50782 -0.63804)
(-0.45968 0.50071 -0.63155)
(-0.43489 0.49079 -0.61804)
(-0.40071 0.47922 -0.59603)
(-0.36147 0.46019 -0.57094)
(-0.36089 0.48007 -0.57970)
(-0.33843 0.45167 -0.55144)
(-0.31046 0.44882 -0.53606)
(-0.28422 0.43531 -0.50141)
(-0.27378 0.42366 -0.48711)
(-0.26314 0.41287 -0.47289)
(-0.26092 0.41475 -0.46794)
(-0.21831 0.37747 -0.40799)
(-0.17138 0.32881 -0.32152)
(-0.18445 0.36587 -0.32472)
(-0.14308 0.31113 -0.27558)
(-0.13680 0.30137 -0.25170)
(-0.10784 0.28517 -0.20698)
(-0.07572 0.25845 -0.17980)
(-0.05023 0.22321 -0.12922)
(-0.01846 0.15338 -0.08367)
(-0.02435 0.14165 -0.07916)
(-0.01317 0.11719 -0.06343)
(-0.00287 0.03100 -0.01647)
(-0.00071 0.01048 -0.00538)
(-0.00055 0.00080 0.00008)
(-0.01555 0.02209 0.00189)
(-0.00447 0.00559 -0.00034)
(-0.09624 0.11276 -0.01240)
(-0.25201 0.24797 -0.08254)
(-0.07543 0.09458 -0.01298)
(-0.18224 0.20242 -0.04464)
(-0.24132 0.24613 -0.08238)
(-0.35031 0.32668 -0.14225)
(-0.31590 0.30463 -0.12448)
(-0.35659 0.32751 -0.14513)
(-0.35799 0.33548 -0.16359)
(-0.45427 0.40644 -0.24400)
(-0.46464 0.42015 -0.26415)
(-0.51417 0.45139 -0.32542)
(-0.51498 0.44809 -0.34210)
(-0.59327 0.49616 -0.44888)
(-0.59858 0.49760 -0.45368)
(-0.56858 0.47302 -0.46946)
(-0.59159 0.49329 -0.56194)
(-0.55550 0.46450 -0.49387)
(-0.57827 0.48542 -0.58075)
(-0.57034 0.47141 -0.58676)
(-0.53297 0.45166 -0.55966)
(-0.53512 0.45487 -0.57825)
(-0.51655 0.43900 -0.56221)
(-0.48523 0.41389 -0.53507)
(-0.47039 0.40656 -0.52719)
(-0.44744 0.41253 -0.51966)
(-0.46278 0.44679 -0.56737)
(-0.44575 0.46558 -0.60265)
(-0.44115 0.41729 -0.52469)
(-0.43632 0.46384 -0.61082)
(-0.40752 0.45324 -0.57947)
(-0.36221 0.43356 -0.54710)
(-0.34771 0.44296 -0.55374)
(-0.29028 0.39471 -0.48698)
(-0.27967 0.38584 -0.47532)
(-0.24724 0.37857 -0.44646)
(-0.20550 0.33942 -0.39589)
(-0.19332 0.33719 -0.37494)
(-0.16220 0.30983 -0.33153)
(-0.14107 0.29361 -0.31501)
(-0.14107 0.29612 -0.29189)
(-0.10813 0.27021 -0.23953)
(-0.08999 0.24695 -0.21102)
(-0.07772 0.24424 -0.18123)
(-0.05437 0.23022 -0.15020)
(-0.03598 0.14363 -0.10370)
(-0.02908 0.14680 -0.09603)
(-0.00670 0.03829 -0.02516)
(-0.00237 0.02694 -0.01539)
(0.01599 -0.02334 -0.00003)
(-0.00196 0.00269 -0.00012)
(-0.13113 0.15183 -0.03359)
(0.00127 -0.00183 0.00013)
(-0.03022 0.04234 -0.00374)
(-0.14131 0.17408 -0.03300)
(-0.17526 0.20535 -0.04687)
(-0.25617 0.26827 -0.09465)
(-0.16967 0.20307 -0.04600)
(-0.18235 0.21260 -0.05300)
(-0.32630 0.32322 -0.15076)
(-0.36376 0.35770 -0.19752)
(-0.43551 0.40634 -0.26027)
(-0.41950 0.39057 -0.27308)
(-0.50972 0.44663 -0.37970)
(-0.47517 0.42167 -0.35089)
(-0.47676 0.41198 -0.37934)
(-0.45509 0.38777 -0.37214)
(-0.50940 0.42668 -0.46203)
(-0.44863 0.38081 -0.37417)
(-0.52395 0.43329 -0.51236)
(-0.50645 0.41886 -0.50965)
(-0.47804 0.38781 -0.47315)
(-0.47829 0.39365 -0.48770)
(-0.46218 0.38402 -0.48141)
(-0.46465 0.38555 -0.50726)
(-0.43280 0.36447 -0.47219)
(-0.40864 0.34940 -0.44897)
(-0.35944 0.30707 -0.38892)
(-0.42195 0.43199 -0.55520)
(-0.38945 0.40811 -0.52911)
(-0.35547 0.32808 -0.41453)
(-0.34139 0.34122 -0.45363)
(-0.34222 0.37873 -0.48436)
(-0.31256 0.35435 -0.44949)
(-0.29710 0.32081 -0.41540)
(-0.28628 0.31729 -0.40992)
(-0.27889 0.33475 -0.43016)
(-0.27966 0.37845 -0.47120)
(-0.26337 0.34211 -0.44391)
(-0.22788 0.32997 -0.41205)
(-0.20879 0.33130 -0.40259)
(-0.19260 0.29244 -0.36313)
(-0.17079 0.27423 -0.32836)
(-0.14252 0.27570 -0.30177)
(-0.13938 0.28728 -0.30799)
(-0.10735 0.23549 -0.24890)
(-0.09883 0.24740 -0.24211)
(-0.05309 0.18012 -0.15399)
(-0.04168 0.12817 -0.12331)
(-0.02182 0.07588 -0.06824)
(-0.01287 0.05176 -0.04075)
(-0.00399 0.01891 -0.01361)
(0.00054 -0.00436 0.00260)
(0.00281 -0.01597 0.01172)
(0.00146 -0.01207 0.00720)
(0.01480 -0.02161 0.00133)
(-0.00740 0.00976 -0.00135)
(-0.07137 0.09104 -0.01487)
(0.01803 -0.02522 0.00238)
(-0.04580 0.05885 -0.00985)
(-0.12760 0.15756 -0.03153)
(-0.20284 0.23682 -0.07231)
(-0.11823 0.14582 -0.03082)
(-0.15677 0.19013 -0.04315)
(-0.24846 0.26895 -0.11930)
(-0.28658 0.29939 -0.14823)
(-0.32027 0.31776 -0.18802)
(-0.39661 0.37425 -0.26723)
(-0.33268 0.32534 -0.21526)
(-0.39589 0.36924 -0.29796)
(-0.43114 0.37240 -0.34350)
(-0.42688 0.36696 -0.34404)
(-0.42395 0.36184 -0.34482)
(-0.44480 0.37493 -0.37578)
(-0.48574 0.39875 -0.45545)
(-0.45200 0.36657 -0.42410)
(-0.46137 0.37369 -0.44523)
(-0.44314 0.35125 -0.41903)
(-0.39845 0.31900 -0.38536)
(-0.38008 0.30498 -0.36930)
(-0.34589 0.27877 -0.34759)
(-0.32111 0.25751 -0.31465)
(-0.31779 0.25928 -0.31851)
(-0.31692 0.27970 -0.34383)
(-0.29337 0.30764 -0.39693)
(-0.28497 0.30493 -0.39276)
(-0.27426 0.29091 -0.37241)
(-0.27194 0.29804 -0.38388)
(-0.25533 0.29682 -0.38498)
(-0.20280 0.25852 -0.33460)
(-0.18743 0.22810 -0.28986)
(-0.17859 0.24245 -0.31088)
(-0.16829 0.25584 -0.32069)
(-0.14619 0.20770 -0.25740)
(-0.13047 0.20664 -0.25614)
(-0.12132 0.20989 -0.24403)
(-0.11915 0.22572 -0.25297)
(-0.07004 0.14858 -0.16680)
(-0.02200 0.06482 -0.06510)
(-0.00976 0.03148 -0.03018)
(0.00029 -0.00102 0.00093)
(0.00358 -0.01182 0.01133)
(0.00425 -0.01533 0.01393)
(0.00036 -0.00048 0.00007)
(0.00412 -0.00564 0.00068)
(-0.02929 0.03773 -0.00651)
(-0.13209 0.16198 -0.04469)
(-0.03765 0.05502 -0.00958)
(-0.19768 0.23028 -0.09681)
(-0.25234 0.26798 -0.12897)
(-0.29132 0.30032 -0.17492)
(-0.22947 0.25407 -0.12253)
(-0.28849 0.29627 -0.17548)
(-0.30013 0.30389 -0.18626)
(-0.30509 0.30508 -0.19190)
(-0.33419 0.30550 -0.23414)
(-0.40162 0.35070 -0.31176)
(-0.40121 0.34754 -0.31344)
(-0.39867 0.34224 -0.31106)
(-0.42034 0.35581 -0.34305)
(-0.39951 0.32550 -0.33964)
(-0.36726 0.29146 -0.30842)
(-0.36910 0.29089 -0.31776)
(-0.33823 0.25967 -0.27907)
(-0.33859 0.26165 -0.29555)
(-0.33618 0.26112 -0.29765)
(-0.30776 0.23852 -0.28241)
(-0.30448 0.23915 -0.28537)
(-0.28846 0.22148 -0.25860)
(-0.29419 0.23074 -0.27456)
(-0.28065 0.23657 -0.29177)
(-0.28028 0.29022 -0.37100)
(-0.24605 0.20786 -0.25170)
(-0.26745 0.27279 -0.34455)
(-0.26386 0.27734 -0.35231)
(-0.22167 0.22979 -0.28426)
(-0.18509 0.20542 -0.26058)
(-0.17960 0.21551 -0.27086)
(-0.17454 0.20737 -0.25876)
(-0.11946 0.14826 -0.19479)
(-0.11654 0.15317 -0.19940)
(-0.10537 0.13711 -0.17799)
(-0.06091 0.07834 -0.10155)
(-0.03046 0.04104 -0.05289)
(-0.01167 0.02635 -0.02916)
(-0.00055 0.00166 -0.00167)
(0.00407 -0.01038 0.01090)
(0.00400 -0.01218 0.01221)
(-0.00826 0.01233 -0.00194)
(-0.02390 0.03311 -0.00816)
(-0.06841 0.09311 -0.02442)
(-0.02682 0.03562 -0.01037)
(-0.14083 0.15854 -0.07326)
(-0.23857 0.25038 -0.14054)
(-0.08705 0.09560 -0.04630)
(-0.15550 0.16223 -0.09152)
(-0.27520 0.28398 -0.16555)
(-0.28362 0.28904 -0.17175)
(-0.30863 0.29198 -0.20105)
(-0.27940 0.26943 -0.16300)
(-0.33079 0.29998 -0.22579)
(-0.38591 0.33709 -0.29364)
(-0.30232 0.27634 -0.20513)
(-0.27802 0.25214 -0.18888)
(-0.32737 0.27324 -0.23815)
(-0.33547 0.27439 -0.25577)
(-0.27197 0.22896 -0.17518)
(-0.28754 0.22313 -0.20015)
(-0.27656 0.20280 -0.18418)
(-0.26416 0.19339 -0.16756)
(-0.26187 0.18768 -0.16579)
(-0.26848 0.19136 -0.17906)
(-0.28205 0.20508 -0.20603)
(-0.28903 0.21907 -0.23726)
(-0.23542 0.16163 -0.14604)
(-0.28213 0.21178 -0.24179)
(-0.27426 0.20547 -0.23460)
(-0.24584 0.17908 -0.19131)
(-0.21635 0.15607 -0.17108)
(-0.21609 0.18624 -0.22579)
(-0.17485 0.11623 -0.11693)
(-0.16648 0.12554 -0.13266)
(-0.19008 0.15833 -0.18582)
(-0.18145 0.15346 -0.19042)
(-0.13113 0.10868 -0.13194)
(-0.10264 0.09821 -0.11728)
(-0.11088 0.12684 -0.15703)
(-0.08497 0.10354 -0.13494)
(-0.03177 0.03427 -0.04021)
(-0.02428 0.02880 -0.03727)
(-0.01702 0.02150 -0.02785)
(0.00321 -0.00425 0.00549)
(-0.00515 0.00689 -0.00195)
(-0.01800 0.02205 -0.00762)
(-0.02362 0.02654 -0.01202)
(-0.01138 0.01282 -0.00565)
(-0.02972 0.03160 -0.01371)
(-0.16666 0.16436 -0.09093)
(-0.20975 0.20348 -0.12353)
(-0.05009 0.05210 -0.02064)
(-0.09712 0.09820 -0.05046)
(-0.16412 0.15580 -0.10358)
(-0.21990 0.20994 -0.13988)
(-0.13504 0.13029 -0.08441)
(-0.21862 0.20059 -0.13418)
(-0.24724 0.21136 -0.13394)
(-0.17374 0.15981 -0.09897)
(-0.20320 0.16547 -0.09231)
(-0.22065 0.17093 -0.13303)
(-0.23347 0.16757 -0.13944)
(-0.16353 0.11721 -0.08349)
(-0.16030 0.10651 -0.07436)
(-0.17300 0.11648 -0.09546)
(-0.14849 0.09632 -0.07393)
(-0.10734 0.04967 -0.02302)
(-0.20181 0.13431 -0.13895)
(-0.15879 0.09810 -0.08195)
(-0.07593 0.03588 -0.02214)
(-0.13222 0.07031 -0.04942)
(-0.08991 0.03940 -0.01539)
(-0.10659 0.06678 -0.06161)
(-0.03066 0.01376 -0.00613)
(-0.03720 0.01804 -0.01142)
(-0.02697 0.01851 -0.01770)
(-0.04178 0.02989 -0.03319)
(0.00166 -0.00118 0.00109)
(-0.00880 0.00744 -0.00816)
(-0.00468 0.00442 -0.00523)
(0.03105 -0.03325 0.01358)
(0.03060 -0.03199 0.01235)
(-0.02722 0.02906 -0.01175)
(0.02388 -0.02568 0.01017)
(0.00797 -0.00850 0.00319)
(-0.07183 0.06987 -0.04444)
(-0.04913 0.05120 -0.02315)
(0.00060 -0.00073 0.00016)
(0.00053 -0.00059 0.00017)
(-0.05468 0.05280 -0.02722)
(-0.09207 0.08125 -0.04229)
(-0.01408 0.01424 -0.00379)
(-0.02445 0.02380 -0.00337)
(-0.04206 0.03689 -0.00442)
(-0.01248 0.01151 -0.00061)
(-0.03292 0.02058 -0.00389)
(-0.03261 0.01106 0.00520)
(-0.06478 0.02815 -0.01056)
(-0.00352 0.00095 0.00131)
(-0.00956 0.00398 -0.00070)
(0.00111 -0.00025 -0.00019)
(-0.04719 0.02150 -0.01226)
(-0.02550 0.01031 -0.00462)
(0.01011 -0.00308 0.00042)
(0.00744 -0.00352 0.00120)
(0.01298 -0.00640 0.00210)
(0.01550 -0.00967 0.00771)
(-0.00273 0.00278 -0.00028)
(-0.00424 0.00400 -0.00012)
(-0.00338 0.00178 0.00102)
(0.00136 -0.00008 -0.00116)
)