/*--------------------------------*- C++ -*----------------------------------*\ 
| =========                 |                                                 | 
| \\      /  F ield         | OpenFOAM: The Open Source CFD Toolbox           | 
|  \\    /   O peration     | Version:  4.0                                   | 
|   \\  /    A nd           | Web:      www.OpenFOAM.org                      | 
|    \\/     M anipulation  |                                                 | 
\*---------------------------------------------------------------------------*/ 
FoamFile 
{ 
    version     2.0; 
    format      ascii; 
    class       vectorAverageField; 
    object      values; 
} 
// * * * * * * * * * * * * * * * * * * * * * * * * * * * * * * * * * * * * * // 
 
// Average 
(0 0 0) 
 
// Velocity data on points 
2447
(
(0.00544 0.00003 -0.00273)
(-0.00279 0.00007 0.00148)
(-0.00435 -0.00190 0.00298)
(-0.00245 -0.00082 0.00177)
(0.00221 0.00207 -0.00179)
(-0.00646 -0.00684 0.00516)
(-0.00333 -0.00366 0.00286)
(-0.00182 -0.01264 0.00120)
(-0.00036 -0.00138 0.00025)
(0.00047 0.00212 -0.00025)
(-0.00124 -0.00891 0.00048)
(-0.00027 -0.00192 0.00006)
(0.00040 0.00222 -0.00046)
(0.00065 -0.01035 -0.00058)
(-0.00010 -0.00081 0.00019)
(0.00040 0.00254 -0.00069)
(-0.00114 -0.00841 0.00213)
(-0.00007 -0.00040 0.00014)
(0.00135 0.00271 -0.00146)
(-0.00027 -0.00054 0.00030)
(0.01887 -0.00166 -0.00554)
(-0.00314 0.00017 0.00093)
(0.00284 -0.00024 -0.00094)
(0.00100 -0.00002 -0.00043)
(-0.02629 -0.00556 0.01532)
(-0.02190 -0.00534 0.01380)
(-0.01935 -0.00501 0.01222)
(-0.01328 -0.00937 0.00872)
(-0.02256 -0.01490 0.01673)
(-0.02027 -0.01668 0.01330)
(-0.01157 -0.01707 0.01003)
(-0.00222 -0.01924 0.00564)
(0.00289 -0.02253 0.00049)
(-0.00038 -0.02663 -0.00048)
(-0.00080 -0.02293 -0.00094)
(-0.00055 -0.01915 -0.00136)
(0.00140 -0.02951 -0.00381)
(0.00120 -0.02936 -0.00423)
(0.00556 -0.03079 -0.00570)
(0.00228 -0.02008 -0.00218)
(0.00121 -0.01995 -0.00060)
(0.01619 -0.01862 -0.02189)
(0.01367 -0.01780 -0.01871)
(0.00270 -0.01619 -0.00557)
(0.00138 -0.00894 -0.00128)
(0.00525 -0.01551 -0.00656)
(-0.00658 -0.01274 0.00701)
(-0.00283 -0.00404 0.00291)
(-0.00722 -0.01142 0.00829)
(-0.00292 -0.00220 0.00279)
(0.00072 0.00033 -0.00056)
(0.00942 -0.00011 -0.00150)
(-0.00372 -0.00015 0.00081)
(-0.01328 -0.00005 0.00359)
(-0.02923 0.00066 0.00885)
(-0.07101 0.00071 0.02178)
(-0.05353 -0.00001 0.02068)
(-0.03913 -0.01832 0.03161)
(-0.04238 -0.00025 0.01137)
(-0.03289 -0.01424 0.02211)
(-0.01542 -0.01400 0.01479)
(0.00455 -0.00374 -0.00825)
(0.01522 -0.00604 -0.01808)
(0.01743 -0.01069 -0.01753)
(0.01173 -0.01659 -0.02587)
(0.02019 -0.00901 -0.02292)
(0.02474 -0.00698 -0.03001)
(0.01273 -0.01658 -0.02868)
(0.01639 -0.02508 -0.01653)
(0.02991 -0.00114 -0.04904)
(0.02669 -0.01169 -0.03150)
(0.02500 -0.01205 -0.03395)
(0.02420 -0.01850 -0.03216)
(0.02096 -0.00887 -0.02874)
(0.01232 -0.01173 -0.01085)
(-0.00044 -0.01667 0.00143)
(0.00790 -0.00511 -0.01052)
(-0.01228 -0.01462 0.01064)
(-0.01972 -0.01877 0.02377)
(-0.01461 -0.01148 0.01611)
(-0.01119 -0.00536 0.00513)
(-0.01721 -0.00973 0.01698)
(-0.01634 -0.00730 0.01407)
(-0.00118 -0.00046 0.00090)
(-0.00913 -0.00191 0.01015)
(0.00391 0.00069 -0.00418)
(0.00776 0.00118 -0.00824)
(0.00060 0.00000 -0.00006)
(-0.01716 0.00035 0.00209)
(-0.04378 -0.00142 0.00675)
(-0.06098 -0.00655 0.01195)
(-0.10366 -0.00881 0.01770)
(-0.09401 -0.00904 0.01841)
(-0.10746 -0.00847 0.02203)
(-0.08265 -0.00463 0.01835)
(-0.08348 0.00081 0.02557)
(-0.05012 -0.00849 0.02534)
(-0.04519 0.01751 -0.02324)
(-0.04012 0.00504 -0.00582)
(-0.03229 0.00400 -0.00208)
(-0.02281 0.00132 -0.01143)
(-0.00020 0.00737 -0.02414)
(0.01785 0.01616 -0.04272)
(0.02246 0.01846 -0.04985)
(0.01986 0.01346 -0.05309)
(0.03016 -0.00655 -0.03504)
(0.03549 0.01403 -0.05887)
(0.03060 0.01595 -0.06702)
(0.03429 0.02266 -0.07401)
(0.03158 0.00282 -0.05318)
(0.02804 -0.00734 -0.03834)
(0.02560 0.00930 -0.05197)
(0.02166 0.02025 -0.05600)
(0.02752 0.03171 -0.06210)
(0.00355 0.00039 -0.00809)
(0.02271 0.01823 -0.02764)
(-0.00766 -0.00115 0.00044)
(-0.02012 -0.00513 0.02073)
(-0.01116 0.00093 0.02784)
(-0.01416 -0.00043 0.03037)
(-0.01970 -0.00109 0.02211)
(-0.00851 -0.00021 0.01022)
(-0.01482 0.00962 0.03185)
(-0.02217 0.00325 0.02705)
(-0.00468 0.00018 0.00544)
(-0.00118 0.00027 0.00181)
(0.01095 0.00024 -0.00130)
(-0.02462 0.00007 0.00269)
(-0.06014 -0.00038 0.00656)
(-0.10310 -0.00184 0.01217)
(-0.12738 -0.00007 0.01457)
(-0.11299 0.00617 0.00351)
(-0.10842 0.00066 0.00552)
(-0.09599 0.00332 0.00653)
(-0.08347 0.00820 0.00043)
(-0.04746 0.02393 -0.03067)
(-0.04352 0.02272 -0.02916)
(-0.03886 0.02297 -0.02977)
(-0.04181 0.02916 -0.03676)
(-0.03795 0.03050 -0.03911)
(-0.01555 0.01308 -0.02640)
(0.01598 0.02591 -0.05475)
(0.01961 0.02553 -0.05731)
(0.02387 0.02427 -0.06003)
(0.02605 0.01964 -0.06545)
(0.03429 0.03861 -0.08883)
(0.04146 0.02471 -0.07122)
(0.04111 0.03776 -0.08995)
(0.04343 0.05532 -0.12266)
(0.03810 0.04783 -0.10844)
(0.03701 0.03628 -0.09208)
(0.03522 0.04049 -0.08118)
(0.03363 0.04135 -0.07904)
(0.03170 0.04029 -0.07410)
(0.03015 0.03872 -0.06837)
(0.01979 0.03241 -0.04257)
(-0.00776 0.00299 0.02413)
(-0.01038 0.00260 0.02772)
(-0.00574 0.00494 0.02251)
(-0.00959 0.01024 0.03134)
(-0.01230 0.01838 0.03139)
(0.00234 0.02670 0.02368)
(-0.00733 0.01801 0.03293)
(-0.00733 0.01046 0.02389)
(-0.00082 0.00114 0.00261)
(-0.00217 0.03017 0.04887)
(-0.00088 0.00743 0.01231)
(-0.00007 0.00041 0.00071)
(-0.01343 -0.00026 0.00155)
(-0.03928 -0.00065 0.00501)
(-0.10380 -0.00382 0.00987)
(-0.11607 -0.00921 0.01371)
(-0.11068 0.00109 -0.00255)
(-0.09346 0.00548 -0.00228)
(-0.08944 0.00700 -0.00435)
(-0.08866 0.00777 -0.00555)
(-0.08588 0.01041 -0.00835)
(-0.07222 0.00473 -0.00638)
(-0.05034 0.02420 -0.03153)
(-0.04879 0.03112 -0.03898)
(-0.04534 0.03427 -0.04241)
(-0.04150 0.03690 -0.04638)
(-0.03837 0.03948 -0.05097)
(-0.01385 0.05420 -0.08069)
(0.01547 0.03479 -0.06826)
(-0.03769 0.09199 -0.14549)
(-0.01324 0.07835 -0.13408)
(0.01956 0.03805 -0.07716)
(0.02466 0.03186 -0.07233)
(0.02001 0.06737 -0.13924)
(-0.00763 0.10703 -0.19384)
(0.02264 0.09489 -0.17822)
(0.02521 0.06558 -0.13578)
(0.03762 0.06847 -0.14064)
(0.03332 0.09252 -0.18858)
(0.03460 0.09332 -0.18806)
(0.03632 0.09458 -0.18901)
(0.04083 0.04936 -0.10404)
(0.03837 0.05159 -0.09903)
(0.03698 0.05040 -0.09481)
(0.03603 0.04806 -0.08819)
(0.04036 0.04958 -0.07628)
(0.02264 0.03927 -0.04709)
(0.03258 0.04383 -0.04510)
(0.01184 0.02820 -0.01463)
(0.02536 0.04913 -0.02117)
(0.01920 0.03699 0.02609)
(0.01657 0.04019 0.03021)
(0.00563 0.04786 0.06765)
(0.00038 0.02964 0.04489)
(0.00465 0.03987 0.05546)
(-0.00004 0.01268 0.01951)
(0.00029 0.00645 0.00972)
(0.00659 0.00063 -0.00142)
(-0.00166 0.00001 0.00023)
(-0.07587 -0.01111 0.01629)
(-0.11080 -0.01273 0.01621)
(-0.10758 -0.01815 0.01427)
(-0.09405 -0.00412 -0.00113)
(-0.08702 0.00863 -0.00716)
(-0.08582 0.01120 -0.00936)
(-0.08490 0.01668 -0.01440)
(-0.07518 0.01799 -0.01942)
(-0.06249 0.03939 -0.04892)
(-0.04965 0.03965 -0.04801)
(-0.05499 0.05898 -0.06886)
(-0.04736 0.04805 -0.05883)
(-0.04283 0.04681 -0.05946)
(-0.02618 0.06304 -0.08825)
(-0.03953 0.06828 -0.08763)
(-0.06455 0.11974 -0.18641)
(-0.05819 0.11884 -0.19812)
(-0.03968 0.12333 -0.22695)
(-0.01764 0.11318 -0.20652)
(-0.01892 0.13291 -0.24795)
(0.01443 0.11857 -0.22587)
(0.02439 0.10724 -0.22326)
(0.03162 0.10494 -0.20941)
(0.03379 0.10586 -0.21051)
(0.03911 0.11525 -0.22118)
(0.03605 0.08907 -0.17874)
(0.04692 0.07286 -0.14114)
(0.04035 0.05902 -0.11355)
(0.04701 0.07083 -0.12673)
(0.03731 0.05809 -0.08970)
(0.05077 0.06792 -0.11475)
(0.04782 0.05988 -0.05860)
(0.05329 0.07218 -0.06100)
(0.04856 0.06719 -0.04280)
(0.04268 0.05913 -0.01538)
(0.04785 0.06724 -0.00147)
(0.01681 0.05376 0.06140)
(0.01212 0.05427 0.06764)
(0.00225 0.02132 0.03060)
(0.01739 0.05915 0.06738)
(0.00793 0.04391 0.05843)
(0.00414 0.01703 0.02599)
(0.00058 0.00142 0.00232)
(0.01794 0.00280 -0.00557)
(-0.00060 -0.00010 0.00019)
(-0.03548 -0.00675 0.01087)
(-0.07343 -0.01349 0.02059)
(-0.10309 -0.02710 0.02277)
(-0.09716 -0.02827 0.03127)
(-0.08168 -0.02929 0.02053)
(-0.09247 -0.01118 0.00393)
(-0.08815 -0.00338 -0.00068)
(-0.08537 0.00794 -0.01029)
(-0.07116 0.00862 -0.01296)
(-0.08915 0.03939 -0.06445)
(-0.08115 0.05690 -0.08197)
(-0.09018 0.08138 -0.10136)
(-0.10171 0.11284 -0.14242)
(-0.11917 0.13853 -0.20653)
(-0.08110 0.12706 -0.19643)
(-0.07044 0.15703 -0.24250)
(-0.07489 0.15843 -0.26332)
(-0.06227 0.14549 -0.28075)
(-0.06505 0.15537 -0.31100)
(-0.05839 0.17622 -0.35362)
(-0.04054 0.16757 -0.34285)
(-0.03919 0.17092 -0.36095)
(0.02588 0.11672 -0.23369)
(0.02821 0.11731 -0.23475)
(0.02310 0.13409 -0.27831)
(0.03319 0.13360 -0.29781)
(0.03233 0.13800 -0.30386)
(0.04197 0.11302 -0.24827)
(0.04326 0.10562 -0.22991)
(0.05657 0.08378 -0.16879)
(0.06153 0.07429 -0.10519)
(0.05569 0.07417 -0.05924)
(0.06668 0.06708 -0.05978)
(0.05983 0.06402 -0.02045)
(0.05411 0.07014 -0.00506)
(0.06413 0.06859 -0.02317)
(0.05584 0.06642 0.01847)
(0.03896 0.06502 0.03906)
(0.03280 0.06239 0.07577)
(0.05531 0.06713 0.04081)
(0.02888 0.04714 0.06790)
(0.00557 0.01278 0.02031)
(0.00467 0.00838 0.01234)
(0.00064 0.00018 -0.00032)
(-0.02437 -0.00602 0.00996)
(-0.07848 -0.02307 0.03255)
(-0.07533 -0.03499 0.04612)
(-0.06989 -0.03839 0.04548)
(-0.05550 -0.03703 0.03623)
(-0.07440 -0.03011 0.02523)
(-0.07861 -0.02696 0.01602)
(-0.06046 -0.03085 0.02434)
(-0.07090 -0.00936 0.00018)
(-0.07152 -0.00510 -0.00400)
(-0.08517 0.02672 -0.04840)
(-0.09264 0.03473 -0.06337)
(-0.09501 0.04199 -0.07197)
(-0.10042 0.05817 -0.08143)
(-0.11632 0.10227 -0.13263)
(-0.13107 0.09883 -0.13679)
(-0.13876 0.12258 -0.15939)
(-0.11720 0.11882 -0.16425)
(-0.14062 0.15376 -0.22462)
(-0.12862 0.14918 -0.22608)
(-0.12161 0.17079 -0.26748)
(-0.10852 0.17141 -0.29064)
(-0.12273 0.19315 -0.35787)
(-0.14170 0.21995 -0.45049)
(-0.13743 0.22004 -0.46043)
(-0.12437 0.22174 -0.46630)
(-0.06659 0.19298 -0.41314)
(-0.02699 0.17314 -0.38779)
(-0.00856 0.16177 -0.37192)
(0.01049 0.15318 -0.35586)
(0.03258 0.15560 -0.34894)
(0.03301 0.14567 -0.33618)
(0.03505 0.14170 -0.33834)
(0.03962 0.10762 -0.24654)
(0.04306 0.12237 -0.29495)
(0.06147 0.10298 -0.21100)
(0.07516 0.08922 -0.17783)
(0.07393 0.07704 -0.14367)
(0.08070 0.08253 -0.15514)
(0.07079 0.07036 -0.06127)
(0.08487 0.08117 -0.05682)
(0.07903 0.07878 -0.02576)
(0.08438 0.07915 -0.02400)
(0.07746 0.07815 0.01664)
(0.06495 0.07605 0.04377)
(0.04475 0.06666 0.08062)
(0.01281 0.02253 0.03779)
(-0.00138 -0.00244 -0.00465)
(0.03955 0.04878 0.05867)
(-0.00626 -0.00288 0.00500)
(-0.03667 -0.01553 0.02354)
(-0.02928 -0.02458 0.03625)
(-0.05754 -0.03012 0.04249)
(-0.05443 -0.04555 0.05361)
(-0.05357 -0.03927 0.04054)
(-0.05151 -0.03701 0.03889)
(-0.05450 -0.03501 0.03486)
(-0.05684 -0.03030 0.03026)
(-0.08516 0.00655 -0.02167)
(-0.09417 0.03296 -0.05991)
(-0.10013 0.04232 -0.07277)
(-0.12853 0.07726 -0.11396)
(-0.17868 0.14077 -0.19607)
(-0.18820 0.15491 -0.23339)
(-0.21791 0.20591 -0.31122)
(-0.19220 0.19136 -0.29183)
(-0.21749 0.23180 -0.38206)
(-0.26522 0.25242 -0.41007)
(-0.19346 0.22387 -0.37871)
(-0.16950 0.22686 -0.40784)
(-0.16166 0.22995 -0.47249)
(-0.15922 0.23077 -0.48308)
(-0.15407 0.23045 -0.49261)
(-0.12613 0.22641 -0.49033)
(-0.06340 0.19233 -0.43840)
(-0.12934 0.23726 -0.55316)
(-0.04653 0.18665 -0.44675)
(-0.02587 0.17989 -0.43428)
(-0.02018 0.17857 -0.44527)
(-0.01045 0.16714 -0.42759)
(0.01707 0.15847 -0.41424)
(0.02519 0.15043 -0.38900)
(0.02496 0.14990 -0.39151)
(0.05275 0.12292 -0.27971)
(0.06527 0.11428 -0.25565)
(0.07771 0.08682 -0.17869)
(0.07845 0.08649 -0.17758)
(0.08238 0.08315 -0.15226)
(0.08776 0.09109 -0.11691)
(0.09677 0.08068 -0.05109)
(0.08184 0.07609 -0.00448)
(0.07657 0.08738 -0.00170)
(0.07353 0.07925 0.03811)
(0.07221 0.08529 0.01819)
(0.06288 0.07323 0.05974)
(0.03046 0.03756 0.07014)
(0.00170 0.00239 0.00647)
(-0.00058 -0.00081 -0.00234)
(0.00135 0.00121 -0.00195)
(-0.00189 -0.00186 0.00308)
(-0.01407 -0.01416 0.02222)
(-0.03580 -0.04154 0.06209)
(-0.03992 -0.04949 0.06502)
(-0.03744 -0.04900 0.07376)
(-0.04777 -0.04203 0.05720)
(-0.04793 -0.03982 0.04347)
(-0.05487 -0.03207 0.03387)
(-0.05208 -0.03437 0.03824)
(-0.05988 -0.02658 0.02976)
(-0.09418 0.02095 -0.03533)
(-0.10904 0.02133 -0.03029)
(-0.10341 0.04020 -0.06846)
(-0.13383 0.06653 -0.09716)
(-0.21457 0.14779 -0.20104)
(-0.22795 0.17335 -0.26332)
(-0.24128 0.19867 -0.29793)
(-0.28348 0.25831 -0.42060)
(-0.26669 0.25743 -0.42747)
(-0.28613 0.26438 -0.43934)
(-0.26990 0.26274 -0.44443)
(-0.18239 0.23933 -0.49695)
(-0.18194 0.24089 -0.50669)
(-0.17677 0.23994 -0.51491)
(-0.17689 0.24461 -0.55206)
(-0.16505 0.25107 -0.59681)
(-0.09100 0.21845 -0.54336)
(-0.09154 0.23493 -0.59754)
(-0.08350 0.23045 -0.59045)
(-0.07757 0.22736 -0.58652)
(-0.02097 0.17301 -0.47907)
(0.01510 0.15773 -0.42044)
(0.02499 0.15004 -0.39587)
(0.03560 0.13750 -0.35705)
(0.07414 0.09089 -0.20283)
(0.07403 0.09003 -0.20400)
(0.07899 0.09281 -0.16351)
(0.08292 0.08786 -0.10066)
(0.08256 0.09054 -0.11103)
(0.08751 0.07407 -0.03517)
(0.07568 0.08543 -0.01797)
(0.07452 0.08536 -0.00470)
(0.07230 0.08427 0.00908)
(0.07026 0.08353 0.02104)
(0.03113 0.04300 0.07296)
(0.00881 0.01197 0.03391)
(0.00317 0.00450 0.01342)
(-0.00316 -0.00452 -0.01379)
(-0.00388 -0.00329 0.00645)
(-0.01340 -0.01496 0.02467)
(-0.02391 -0.02843 0.04541)
(-0.01937 -0.02431 0.04024)
(-0.03422 -0.04810 0.07468)
(-0.03355 -0.05057 0.07506)
(-0.03414 -0.04106 0.05334)
(-0.03126 -0.04231 0.06932)
(-0.04816 -0.03731 0.04398)
(-0.05637 -0.03029 0.03662)
(-0.09536 0.00611 0.00096)
(-0.14928 0.04754 -0.04554)
(-0.14223 0.05909 -0.06893)
(-0.17607 0.08255 -0.07828)
(-0.20301 0.11561 -0.14179)
(-0.22299 0.14872 -0.19019)
(-0.27475 0.19491 -0.25946)
(-0.28257 0.20853 -0.30391)
(-0.29287 0.24011 -0.38737)
(-0.30610 0.27200 -0.44867)
(-0.28923 0.27005 -0.45974)
(-0.30836 0.27762 -0.46987)
(-0.30155 0.28510 -0.53168)
(-0.26092 0.27794 -0.56551)
(-0.24409 0.27608 -0.59030)
(-0.24748 0.28437 -0.64680)
(-0.24762 0.28983 -0.68072)
(-0.15219 0.24725 -0.62092)
(-0.11825 0.23540 -0.61467)
(-0.10032 0.23751 -0.61610)
(-0.09231 0.23377 -0.61095)
(-0.06382 0.20225 -0.57110)
(0.00335 0.16562 -0.45011)
(0.00266 0.16573 -0.45555)
(0.01581 0.15615 -0.42427)
(0.01496 0.14820 -0.41523)
(0.03654 0.12990 -0.34315)
(0.03573 0.12951 -0.34668)
(0.05634 0.10818 -0.24284)
(0.02579 0.12888 -0.32345)
(0.06403 0.11287 -0.21849)
(0.07225 0.09916 -0.17256)
(0.05127 0.11148 -0.22848)
(0.07201 0.08706 -0.09130)
(0.07227 0.08545 -0.02651)
(0.07174 0.08507 -0.01267)
(0.06935 0.08457 -0.00394)
(0.06690 0.08387 0.00409)
(0.06696 0.08237 0.01775)
(0.04145 0.06779 0.05202)
(0.02957 0.04951 0.08988)
(0.01160 0.01631 0.04357)
(-0.00114 -0.00175 -0.00545)
(0.00013 0.00015 -0.00034)
(-0.00160 -0.00224 0.00525)
(-0.00919 -0.01438 0.03274)
(-0.02983 -0.04203 0.06795)
(-0.02786 -0.04230 0.08026)
(-0.01917 -0.05022 0.08193)
(-0.00402 -0.04666 0.08464)
(-0.03268 -0.04150 0.07494)
(-0.03672 -0.03811 0.06344)
(-0.03682 -0.03595 0.07930)
(-0.03939 -0.03297 0.07287)
(-0.05339 -0.02112 0.05522)
(-0.10489 0.01642 0.01786)
(-0.14914 0.04829 -0.03583)
(-0.17217 0.06436 -0.05788)
(-0.23442 0.11992 -0.13736)
(-0.26014 0.15851 -0.18360)
(-0.28907 0.19347 -0.27541)
(-0.30582 0.20986 -0.30481)
(-0.35296 0.25637 -0.42120)
(-0.37896 0.28405 -0.47498)
(-0.39945 0.32144 -0.57296)
(-0.34351 0.30280 -0.55863)
(-0.39654 0.32811 -0.61004)
(-0.35216 0.31993 -0.65348)
(-0.35305 0.32595 -0.68163)
(-0.29598 0.30433 -0.68756)
(-0.28502 0.30553 -0.70439)
(-0.21515 0.27436 -0.68468)
(-0.27960 0.30946 -0.75351)
(-0.19744 0.27156 -0.69983)
(-0.15087 0.25415 -0.66501)
(-0.12857 0.24799 -0.65098)
(-0.12736 0.24140 -0.66026)
(-0.07933 0.21217 -0.60241)
(-0.08830 0.21796 -0.63194)
(-0.02072 0.17584 -0.50776)
(-0.04692 0.18799 -0.53562)
(0.00436 0.14761 -0.44801)
(0.00448 0.14665 -0.44693)
(-0.01225 0.13569 -0.37611)
(0.01684 0.12376 -0.30412)
(-0.00356 0.11593 -0.27802)
(0.03471 0.09870 -0.18824)
(0.04958 0.09292 -0.14836)
(0.03927 0.08346 -0.08305)
(0.02165 0.07722 -0.04109)
(0.04551 0.07483 0.02325)
(0.02515 0.05507 0.07234)
(0.02223 0.05466 0.10056)
(0.01623 0.06240 0.03218)
(0.01598 0.05622 0.10048)
(0.00935 0.01855 0.06095)
(0.00054 0.00091 0.00367)
(-0.00072 -0.00167 -0.00840)
(0.00032 -0.00110 0.00284)
(-0.00339 -0.00650 0.01510)
(-0.00825 -0.03680 0.07439)
(0.00867 -0.03207 0.07508)
(0.00341 -0.03728 0.08094)
(0.00091 -0.04269 0.08628)
(0.00789 -0.03306 0.08302)
(-0.02612 -0.03047 0.07864)
(-0.03979 -0.03492 0.08189)
(-0.10485 0.01450 0.04129)
(-0.10868 0.01674 0.02623)
(-0.13895 0.04224 0.00220)
(-0.17595 0.07399 -0.05116)
(-0.23898 0.12519 -0.12693)
(-0.33682 0.19978 -0.28284)
(-0.35582 0.21758 -0.31817)
(-0.33780 0.21520 -0.31549)
(-0.39394 0.26637 -0.41298)
(-0.39943 0.28490 -0.47308)
(-0.42798 0.31763 -0.55036)
(-0.43015 0.33594 -0.62772)
(-0.38536 0.32691 -0.66295)
(-0.38608 0.33734 -0.70417)
(-0.36627 0.33664 -0.72400)
(-0.35801 0.34255 -0.79187)
(-0.34695 0.33961 -0.79701)
(-0.23509 0.29332 -0.73208)
(-0.20020 0.28065 -0.73151)
(-0.22068 0.28087 -0.75409)
(-0.21144 0.27718 -0.74930)
(-0.12957 0.24206 -0.68319)
(-0.12366 0.23824 -0.68151)
(-0.06653 0.20187 -0.57357)
(-0.08314 0.19705 -0.58466)
(-0.01634 0.15947 -0.47741)
(-0.03469 0.16471 -0.47937)
(-0.04813 0.15407 -0.43222)
(-0.04237 0.13492 -0.35659)
(-0.04650 0.13326 -0.33868)
(-0.02519 0.11903 -0.27931)
(0.02618 0.09877 -0.15794)
(-0.02744 0.11616 -0.23203)
(0.01281 0.09641 -0.13010)
(0.01491 0.07750 -0.06666)
(-0.00251 0.06714 -0.04589)
(0.01219 0.06305 0.02372)
(0.00401 0.05917 0.06713)
(0.01474 0.05890 0.10051)
(0.00846 0.03918 0.10792)
(0.00706 0.02341 0.08712)
(0.00148 0.00353 0.01699)
(-0.00046 0.00043 0.00950)
(-0.00070 0.00183 -0.00477)
(0.00281 -0.00756 0.01916)
(0.00029 -0.00071 0.00185)
(0.00451 -0.00930 0.02366)
(0.00980 -0.02720 0.06251)
(0.00751 -0.03367 0.08076)
(0.01305 -0.02899 0.07362)
(0.00787 -0.02677 0.08169)
(-0.00908 -0.01812 0.08153)
(-0.01622 -0.02525 0.08570)
(-0.02927 -0.01200 0.08655)
(-0.03978 -0.01286 0.07794)
(-0.07853 0.00214 0.06763)
(-0.16198 0.06268 0.00413)
(-0.18313 0.07820 -0.01765)
(-0.21605 0.10331 -0.07492)
(-0.30172 0.17217 -0.22564)
(-0.35418 0.21482 -0.30663)
(-0.37265 0.23242 -0.34688)
(-0.41004 0.27627 -0.44869)
(-0.44591 0.31691 -0.54006)
(-0.45922 0.33776 -0.61409)
(-0.46718 0.37180 -0.69184)
(-0.42466 0.33697 -0.64968)
(-0.41446 0.34697 -0.70244)
(-0.39442 0.35261 -0.76289)
(-0.36987 0.34941 -0.79819)
(-0.36138 0.34783 -0.80319)
(-0.33890 0.33803 -0.80301)
(-0.26605 0.30544 -0.77703)
(-0.23528 0.29021 -0.77061)
(-0.22914 0.28743 -0.76642)
(-0.18957 0.26919 -0.74288)
(-0.17657 0.25813 -0.72192)
(-0.12664 0.22942 -0.66364)
(-0.14243 0.23173 -0.65619)
(-0.13399 0.22422 -0.63455)
(-0.09440 0.19647 -0.56086)
(-0.07756 0.16436 -0.44658)
(-0.05689 0.14167 -0.37042)
(-0.06142 0.13983 -0.35430)
(-0.05069 0.13227 -0.32229)
(-0.04660 0.12477 -0.27868)
(-0.03643 0.10017 -0.16291)
(-0.00819 0.06992 -0.06498)
(-0.00387 0.06005 -0.03350)
(0.00271 0.05858 -0.00047)
(-0.01005 0.04412 0.03235)
(-0.00708 0.04024 0.06725)
(-0.01986 0.03261 0.08734)
(-0.00630 0.00559 0.11475)
(-0.00128 0.00034 0.02270)
(-0.00091 0.00177 -0.00456)
(0.00184 -0.00325 0.00832)
(0.01198 -0.02000 0.05053)
(0.01032 -0.01542 0.03944)
(0.01432 -0.02034 0.05226)
(0.00791 -0.02073 0.07532)
(0.00039 -0.02172 0.08519)
(-0.01383 -0.01395 0.08652)
(-0.04081 -0.00073 0.09001)
(-0.04904 0.00310 0.09144)
(-0.07782 0.00857 0.07079)
(-0.15865 0.06233 0.01099)
(-0.17469 0.07499 -0.00542)
(-0.19235 0.08868 -0.02500)
(-0.19800 0.09087 -0.03215)
(-0.26094 0.14402 -0.13489)
(-0.33291 0.20031 -0.26726)
(-0.36479 0.22437 -0.32449)
(-0.40191 0.26706 -0.40472)
(-0.38776 0.24539 -0.37562)
(-0.44494 0.31651 -0.54169)
(-0.44849 0.32177 -0.56033)
(-0.47148 0.37163 -0.68770)
(-0.46105 0.37187 -0.70646)
(-0.45700 0.37291 -0.71774)
(-0.37936 0.35525 -0.80403)
(-0.37291 0.35468 -0.80754)
(-0.35316 0.34625 -0.80904)
(-0.34660 0.34551 -0.81602)
(-0.30037 0.33335 -0.82267)
(-0.27696 0.32303 -0.82548)
(-0.21485 0.28268 -0.76593)
(-0.24066 0.30009 -0.79751)
(-0.18481 0.26512 -0.74376)
(-0.15949 0.24003 -0.67265)
(-0.15998 0.23672 -0.66012)
(-0.14584 0.22689 -0.63366)
(-0.15283 0.21413 -0.57588)
(-0.07316 0.14860 -0.38567)
(-0.07819 0.14691 -0.37202)
(-0.06586 0.13745 -0.33724)
(-0.08009 0.12391 -0.28504)
(-0.05370 0.09606 -0.16774)
(-0.04646 0.09249 -0.14989)
(-0.04708 0.05928 -0.05621)
(-0.03382 0.05203 -0.00842)
(-0.02953 0.04882 0.00544)
(-0.03526 0.04454 0.00196)
(-0.03138 0.04161 0.01437)
(-0.02776 0.03733 0.02830)
(-0.02394 0.02577 0.08722)
(-0.01049 0.00210 0.15225)
(-0.01020 -0.00421 0.14141)
(-0.00233 -0.00089 0.03641)
(0.00068 0.00025 -0.01110)
(-0.00048 0.00071 -0.00176)
(0.00413 -0.00570 0.01414)
(0.02080 -0.01789 0.04992)
(0.02055 -0.02174 0.06296)
(0.02525 -0.02412 0.06380)
(0.01158 -0.01618 0.07341)
(-0.00226 -0.01243 0.08155)
(-0.03752 0.00044 0.08883)
(-0.04738 0.00479 0.09052)
(-0.08302 0.01957 0.08341)
(-0.10715 0.03530 0.05580)
(-0.16825 0.07256 0.00336)
(-0.18446 0.08518 -0.01547)
(-0.22719 0.12454 -0.06245)
(-0.21162 0.10400 -0.04822)
(-0.29570 0.17690 -0.17985)
(-0.33799 0.21231 -0.26359)
(-0.38975 0.25976 -0.36436)
(-0.44726 0.31141 -0.49285)
(-0.46642 0.32826 -0.56200)
(-0.46807 0.35566 -0.63594)
(-0.46539 0.37276 -0.70153)
(-0.46801 0.37261 -0.69394)
(-0.46032 0.37442 -0.71503)
(-0.43126 0.37242 -0.77684)
(-0.40578 0.37742 -0.79791)
(-0.36519 0.35332 -0.81283)
(-0.35282 0.35489 -0.83267)
(-0.33697 0.35626 -0.84569)
(-0.32031 0.35190 -0.85037)
(-0.27113 0.31940 -0.82219)
(-0.25895 0.31398 -0.81834)
(-0.23386 0.29351 -0.79238)
(-0.19966 0.26295 -0.72498)
(-0.17489 0.24406 -0.67577)
(-0.16117 0.23353 -0.64653)
(-0.18262 0.22657 -0.59353)
(-0.12599 0.17970 -0.46311)
(-0.14420 0.18061 -0.44152)
(-0.11888 0.14676 -0.34397)
(-0.12627 0.13131 -0.28923)
(-0.08677 0.10346 -0.19903)
(-0.07315 0.08875 -0.13372)
(-0.09602 0.08105 -0.15236)
(-0.06967 0.07299 -0.08949)
(-0.04010 0.04479 -0.00752)
(-0.03339 0.03515 0.01838)
(-0.03885 0.01175 0.05800)
(-0.03459 0.00461 0.09335)
(-0.01208 -0.00514 0.15350)
(-0.01184 -0.01502 0.15365)
(-0.00342 -0.00322 0.05050)
(0.00015 0.00014 -0.00228)
(0.00058 -0.00040 0.00069)
(0.01457 -0.01114 0.02114)
(0.01188 -0.00888 0.01467)
(0.02639 -0.02495 0.05595)
(0.02651 -0.02594 0.06112)
(0.02614 -0.02406 0.06741)
(0.01491 -0.01842 0.07817)
(-0.00677 -0.01320 0.08817)
(-0.01632 -0.01152 0.09080)
(-0.04431 0.00533 0.08922)
(-0.06133 0.00998 0.09832)
(-0.10238 0.03611 0.06218)
(-0.16266 0.07478 0.00932)
(-0.19719 0.11400 -0.03776)
(-0.28605 0.17673 -0.16359)
(-0.32726 0.20795 -0.22035)
(-0.34257 0.22777 -0.27221)
(-0.44030 0.30787 -0.48085)
(-0.41619 0.29928 -0.41922)
(-0.46433 0.34224 -0.56412)
(-0.46248 0.36038 -0.59889)
(-0.48060 0.38639 -0.66586)
(-0.46225 0.37494 -0.70766)
(-0.43786 0.38408 -0.76943)
(-0.42888 0.40119 -0.79494)
(-0.39776 0.38434 -0.81570)
(-0.38698 0.38759 -0.83653)
(-0.35909 0.37539 -0.85005)
(-0.35166 0.37291 -0.86135)
(-0.29658 0.33956 -0.84472)
(-0.30095 0.33990 -0.84751)
(-0.25926 0.30650 -0.80380)
(-0.26342 0.30166 -0.78433)
(-0.27036 0.29808 -0.77173)
(-0.22938 0.26440 -0.68945)
(-0.22802 0.25366 -0.64819)
(-0.20549 0.22063 -0.54882)
(-0.20555 0.21806 -0.53737)
(-0.15597 0.16110 -0.38117)
(-0.16226 0.15711 -0.34044)
(-0.11376 0.11096 -0.22750)
(-0.11781 0.08746 -0.17050)
(-0.07321 0.05776 -0.06222)
(-0.06623 0.03370 -0.02680)
(-0.03469 0.02947 0.01814)
(-0.06421 -0.00710 0.04040)
(-0.04146 -0.01245 0.08532)
(-0.03184 -0.01616 0.10177)
(-0.01918 -0.04598 0.13166)
(-0.01143 -0.04464 0.15552)
(-0.00537 -0.01939 0.07169)
(-0.00047 -0.00107 0.00565)
(0.00238 -0.00184 0.00295)
(0.01645 -0.01699 0.03211)
(0.02409 -0.02559 0.05721)
(0.02100 -0.02992 0.07310)
(0.01953 -0.03019 0.07767)
(-0.00366 -0.01832 0.08733)
(-0.02601 -0.01146 0.10567)
(-0.02132 -0.00947 0.10069)
(-0.03742 -0.00496 0.10573)
(-0.06315 0.01318 0.09934)
(-0.12597 0.06121 0.04293)
(-0.16508 0.09351 -0.00428)
(-0.23094 0.14256 -0.08968)
(-0.20132 0.12559 -0.06388)
(-0.29955 0.18992 -0.19164)
(-0.33901 0.23749 -0.26769)
(-0.39900 0.31497 -0.41717)
(-0.43386 0.33152 -0.48817)
(-0.44596 0.35474 -0.56654)
(-0.45107 0.36402 -0.60636)
(-0.46675 0.39491 -0.69574)
(-0.46024 0.40571 -0.74836)
(-0.44540 0.40988 -0.77325)
(-0.42150 0.40007 -0.80500)
(-0.40630 0.39967 -0.82954)
(-0.37738 0.39733 -0.84693)
(-0.37353 0.39448 -0.85028)
(-0.33507 0.36101 -0.86028)
(-0.34078 0.36213 -0.86389)
(-0.29266 0.33017 -0.83295)
(-0.29546 0.32042 -0.81005)
(-0.29334 0.30799 -0.77109)
(-0.26090 0.28241 -0.72382)
(-0.26391 0.27218 -0.67788)
(-0.21154 0.22371 -0.55471)
(-0.22488 0.21734 -0.52321)
(-0.18975 0.17877 -0.42988)
(-0.21435 0.16206 -0.36772)
(-0.17039 0.13646 -0.29613)
(-0.14407 0.08413 -0.18798)
(-0.11502 0.07836 -0.15589)
(-0.09057 0.05005 -0.08122)
(-0.10798 0.02567 -0.06167)
(-0.10208 0.01485 -0.02743)
(-0.06766 -0.00604 0.03274)
(-0.03428 -0.03566 0.09608)
(-0.02277 -0.05434 0.13130)
(-0.01895 -0.05167 0.14045)
(-0.01053 -0.04042 0.12089)
(-0.00457 -0.01786 0.06190)
(-0.00070 -0.00263 0.00947)
(-0.00151 0.00138 -0.00194)
(0.00534 -0.00498 0.00788)
(0.01982 -0.01956 0.02989)
(0.02480 -0.03113 0.05914)
(0.02098 -0.03299 0.07063)
(0.01588 -0.03285 0.07820)
(-0.00322 -0.02163 0.08474)
(0.01237 -0.03309 0.08328)
(-0.02304 -0.01392 0.09938)
(-0.03147 -0.01019 0.10752)
(-0.03928 -0.00488 0.10583)
(-0.07452 0.03499 0.07781)
(-0.10012 0.04484 0.05860)
(-0.13095 0.08194 0.01781)
(-0.19618 0.14783 -0.07743)
(-0.24669 0.17531 -0.13202)
(-0.22492 0.17823 -0.12136)
(-0.28421 0.21139 -0.20800)
(-0.39368 0.31690 -0.40669)
(-0.41059 0.32977 -0.44894)
(-0.41993 0.34218 -0.47545)
(-0.43902 0.36871 -0.55351)
(-0.46670 0.39986 -0.69542)
(-0.46591 0.41563 -0.71332)
(-0.44721 0.43564 -0.74686)
(-0.42943 0.42630 -0.77046)
(-0.42572 0.41574 -0.80066)
(-0.41176 0.41935 -0.82751)
(-0.39528 0.41947 -0.83503)
(-0.39056 0.41704 -0.84038)
(-0.35684 0.37908 -0.85241)
(-0.34567 0.36641 -0.86563)
(-0.33784 0.35836 -0.85964)
(-0.32741 0.34710 -0.85257)
(-0.32206 0.33082 -0.78777)
(-0.29779 0.30569 -0.74587)
(-0.30414 0.29154 -0.67150)
(-0.27224 0.26581 -0.63643)
(-0.27085 0.24455 -0.56328)
(-0.22680 0.17726 -0.40473)
(-0.22390 0.16693 -0.37862)
(-0.21022 0.15182 -0.34453)
(-0.20585 0.14171 -0.32448)
(-0.12510 0.04701 -0.11070)
(-0.11234 0.02432 -0.06645)
(-0.10106 0.00986 -0.02224)
(-0.08515 -0.00925 -0.00805)
(-0.06717 -0.02295 0.03892)
(-0.04697 -0.04421 0.09189)
(-0.04604 -0.05418 0.10863)
(-0.03734 -0.05800 0.11311)
(-0.01788 -0.07464 0.16524)
(-0.00949 -0.05296 0.11983)
(-0.00106 -0.00554 0.01329)
(-0.00109 -0.00561 0.01312)
(0.00452 -0.00455 0.00497)
(0.02642 -0.02807 0.03512)
(0.02044 -0.03561 0.07082)
(0.01855 -0.03503 0.07404)
(0.01569 -0.03481 0.07891)
(0.01271 -0.03589 0.08488)
(-0.01405 -0.02174 0.09534)
(-0.02051 -0.01307 0.10119)
(-0.03480 -0.00956 0.10806)
(-0.06433 0.03312 0.07379)
(-0.11351 0.06993 0.02542)
(-0.19479 0.15320 -0.08363)
(-0.21201 0.17181 -0.10825)
(-0.24026 0.19435 -0.14326)
(-0.28811 0.24529 -0.23705)
(-0.40301 0.32999 -0.43220)
(-0.39769 0.33369 -0.41871)
(-0.41243 0.34312 -0.45896)
(-0.43109 0.39284 -0.52396)
(-0.44350 0.42645 -0.61113)
(-0.44548 0.41779 -0.61731)
(-0.45607 0.43889 -0.67419)
(-0.43617 0.46122 -0.70995)
(-0.43350 0.46404 -0.72182)
(-0.42101 0.43376 -0.78112)
(-0.39779 0.42607 -0.82965)
(-0.39331 0.42338 -0.83499)
(-0.38631 0.41434 -0.84451)
(-0.36295 0.39264 -0.85250)
(-0.34374 0.36360 -0.86279)
(-0.34639 0.36077 -0.84680)
(-0.33942 0.34606 -0.81036)
(-0.32236 0.32674 -0.77183)
(-0.31408 0.29929 -0.68119)
(-0.30574 0.28852 -0.65504)
(-0.30834 0.28616 -0.64128)
(-0.23737 0.18204 -0.41115)
(-0.23465 0.17312 -0.38963)
(-0.21948 0.15611 -0.35517)
(-0.21425 0.14397 -0.33180)
(-0.15653 0.07146 -0.17587)
(-0.11461 0.01183 -0.08018)
(-0.08680 -0.02887 0.00233)
(-0.06585 -0.04726 0.04278)
(-0.05545 -0.04929 0.08019)
(-0.04100 -0.06445 0.10428)
(-0.03746 -0.06581 0.11100)
(-0.01542 -0.08260 0.17413)
(-0.01171 -0.06229 0.13797)
(-0.00652 -0.03415 0.07769)
(-0.01281 -0.06426 0.14121)
(-0.00187 -0.00914 0.02118)
(0.00113 -0.00117 0.00125)
(0.00867 -0.00911 0.00976)
(0.00559 -0.00601 0.00628)
(0.02060 -0.02248 0.02424)
(0.02908 -0.04033 0.05527)
(0.02135 -0.03826 0.06445)
(0.01778 -0.03733 0.07435)
(0.01417 -0.04004 0.07974)
(0.01563 -0.03668 0.07942)
(0.00532 -0.03636 0.09264)
(-0.00148 -0.02850 0.09567)
(-0.01284 -0.02298 0.09909)
(-0.03936 0.01440 0.08023)
(-0.05987 0.03402 0.06816)
(-0.08434 0.05657 0.03999)
(-0.15656 0.12096 -0.03775)
(-0.20404 0.17014 -0.10190)
(-0.23058 0.19188 -0.13413)
(-0.26298 0.22930 -0.18374)
(-0.36975 0.36606 -0.35241)
(-0.40615 0.34590 -0.44272)
(-0.41552 0.41566 -0.49386)
(-0.44238 0.46814 -0.57892)
(-0.44144 0.45523 -0.65327)
(-0.43717 0.46906 -0.69410)
(-0.43404 0.47226 -0.71435)
(-0.43066 0.46343 -0.75535)
(-0.40789 0.45584 -0.80523)
(-0.39463 0.43102 -0.82943)
(-0.38752 0.41858 -0.84102)
(-0.36804 0.40210 -0.85004)
(-0.35511 0.37461 -0.85983)
(-0.35860 0.37145 -0.83863)
(-0.35840 0.36602 -0.82148)
(-0.33707 0.33600 -0.77611)
(-0.33165 0.31638 -0.71223)
(-0.31528 0.29530 -0.66218)
(-0.31721 0.29115 -0.64339)
(-0.27982 0.22414 -0.49807)
(-0.25949 0.18986 -0.42425)
(-0.22943 0.16140 -0.36544)
(-0.21528 0.12383 -0.29249)
(-0.17771 0.07664 -0.19935)
(-0.16003 0.04068 -0.14426)
(-0.10808 -0.01061 -0.04539)
(-0.07584 -0.04104 0.01287)
(-0.06539 -0.05038 0.03373)
(-0.05682 -0.06112 0.07627)
(-0.03378 -0.07619 0.13964)
(-0.01720 -0.08491 0.17493)
(-0.01778 -0.08527 0.17789)
(-0.01777 -0.08404 0.18108)
(-0.01204 -0.05657 0.12558)
(-0.00231 -0.00978 0.02328)
(0.00188 0.00783 -0.01904)
(0.00055 -0.00060 0.00057)
(0.00671 -0.00738 0.00703)
(0.03170 -0.03730 0.03815)
(0.02082 -0.02473 0.02176)
(0.03089 -0.04581 0.04621)
(0.02717 -0.04404 0.05794)
(0.02492 -0.04618 0.06232)
(0.01761 -0.04534 0.07526)
(0.01435 -0.03931 0.07914)
(0.00300 -0.03892 0.09844)
(-0.00081 -0.04496 0.11470)
(-0.01561 -0.01496 0.08755)
(-0.04591 0.01434 0.07685)
(-0.08641 0.07272 0.03816)
(-0.13073 0.11487 -0.01192)
(-0.15687 0.14999 -0.04421)
(-0.24753 0.25243 -0.15036)
(-0.22405 0.19245 -0.12957)
(-0.28487 0.27217 -0.20758)
(-0.34899 0.36340 -0.31768)
(-0.38822 0.39081 -0.39870)
(-0.42744 0.45621 -0.48199)
(-0.44701 0.49041 -0.53768)
(-0.45297 0.48251 -0.62154)
(-0.44617 0.51818 -0.64378)
(-0.44459 0.54081 -0.68947)
(-0.42729 0.50010 -0.75226)
(-0.41618 0.48612 -0.77750)
(-0.39816 0.48438 -0.79521)
(-0.38572 0.43985 -0.82814)
(-0.37265 0.40891 -0.84114)
(-0.35480 0.38730 -0.85090)
(-0.36377 0.38009 -0.83751)
(-0.36298 0.37488 -0.82562)
(-0.35738 0.35714 -0.79269)
(-0.37118 0.35486 -0.75115)
(-0.32297 0.30123 -0.66678)
(-0.34518 0.30522 -0.63146)
(-0.32985 0.27192 -0.56560)
(-0.33101 0.24592 -0.49603)
(-0.28010 0.17768 -0.38025)
(-0.26119 0.15240 -0.33873)
(-0.20390 0.07612 -0.20823)
(-0.16741 0.04002 -0.14701)
(-0.12790 0.00198 -0.07166)
(-0.10672 -0.02449 -0.01777)
(-0.06962 -0.05410 0.03939)
(-0.05819 -0.07573 0.11433)
(-0.04952 -0.07789 0.12601)
(-0.04303 -0.09123 0.15327)
(-0.02893 -0.09787 0.18702)
(-0.02432 -0.08383 0.17554)
(-0.01583 -0.05080 0.11608)
(-0.00460 -0.01447 0.03492)
(0.00167 0.00554 -0.01482)
(0.00425 -0.00499 0.00411)
(0.02314 -0.02833 0.02401)
(0.03176 -0.04215 0.04007)
(0.02567 -0.04543 0.05216)
(0.02214 -0.04521 0.06071)
(0.02366 -0.04944 0.06614)
(0.02260 -0.03766 0.05875)
(0.01577 -0.03934 0.07566)
(0.00760 -0.02993 0.07715)
(0.00292 -0.02400 0.07382)
(-0.00173 -0.02955 0.09308)
(-0.02310 0.00133 0.07476)
(-0.03742 0.01662 0.06912)
(-0.05700 0.04654 0.05125)
(-0.06793 0.05924 0.04467)
(-0.13139 0.12088 -0.01502)
(-0.09066 0.09404 0.02547)
(-0.15815 0.16191 -0.05202)
(-0.22549 0.24699 -0.11805)
(-0.29703 0.31788 -0.21737)
(-0.35484 0.38406 -0.31275)
(-0.37717 0.39764 -0.35910)
(-0.42646 0.49415 -0.45309)
(-0.45942 0.58119 -0.53502)
(-0.44916 0.53168 -0.60168)
(-0.44625 0.54204 -0.62782)
(-0.44825 0.57810 -0.69901)
(-0.43999 0.55398 -0.72214)
(-0.42047 0.52438 -0.75305)
(-0.39920 0.49657 -0.78501)
(-0.38379 0.45375 -0.81180)
(-0.36663 0.43397 -0.82827)
(-0.35906 0.39387 -0.85452)
(-0.37149 0.39618 -0.82288)
(-0.38905 0.39376 -0.80081)
(-0.37630 0.37245 -0.78820)
(-0.38531 0.36457 -0.74417)
(-0.39755 0.35614 -0.70746)
(-0.41312 0.35508 -0.68273)
(-0.37093 0.29788 -0.58331)
(-0.34554 0.26296 -0.51804)
(-0.33119 0.21573 -0.42451)
(-0.27163 0.15062 -0.32039)
(-0.27590 0.13590 -0.29478)
(-0.19237 0.05439 -0.15725)
(-0.14281 0.00392 -0.07498)
(-0.15078 -0.01071 -0.03403)
(-0.13974 -0.02129 -0.01219)
(-0.11441 -0.03937 0.02135)
(-0.13153 -0.03131 0.01078)
(-0.08140 -0.06690 0.09053)
(-0.04483 -0.09629 0.16347)
(-0.04360 -0.09540 0.16614)
(-0.03656 -0.09151 0.19722)
(-0.01144 -0.02907 0.06986)
(-0.00187 -0.00449 0.01208)
(0.00072 0.00172 -0.00469)
(0.00082 -0.00095 0.00074)
(0.01278 -0.01513 0.01202)
(0.03269 -0.04008 0.03296)
(0.03505 -0.04379 0.03596)
(0.03105 -0.04241 0.03897)
(0.03003 -0.04609 0.04580)
(0.02629 -0.04541 0.05333)
(0.01522 -0.02384 0.04981)
(0.01253 -0.02278 0.05519)
(0.01045 -0.01777 0.05276)
(-0.01632 0.00486 0.05972)
(-0.05801 0.05101 0.04677)
(-0.06856 0.06303 0.04135)
(-0.08254 0.08144 0.03170)
(-0.14714 0.17067 -0.04672)
(-0.21745 0.25460 -0.11152)
(-0.27962 0.32410 -0.19387)
(-0.34469 0.41689 -0.27754)
(-0.38079 0.43653 -0.34627)
(-0.37685 0.46297 -0.34258)
(-0.42765 0.52864 -0.45745)
(-0.46351 0.59614 -0.52884)
(-0.46378 0.59566 -0.55342)
(-0.46043 0.59961 -0.58540)
(-0.44519 0.59287 -0.66900)
(-0.44381 0.57665 -0.70849)
(-0.42221 0.55234 -0.73486)
(-0.40367 0.53919 -0.76068)
(-0.37430 0.46865 -0.79832)
(-0.36655 0.45656 -0.79641)
(-0.36306 0.42417 -0.81531)
(-0.37554 0.40146 -0.81191)
(-0.39113 0.39684 -0.79551)
(-0.39575 0.39422 -0.79068)
(-0.40151 0.38289 -0.75257)
(-0.41493 0.36637 -0.71133)
(-0.41619 0.35300 -0.66667)
(-0.43216 0.34854 -0.59575)
(-0.37622 0.27798 -0.51947)
(-0.33278 0.20167 -0.37984)
(-0.31182 0.17624 -0.34411)
(-0.30160 0.16019 -0.31716)
(-0.24702 0.10292 -0.22106)
(-0.17008 0.00681 -0.06346)
(-0.14080 -0.02412 -0.00251)
(-0.10749 -0.05708 0.06545)
(-0.08540 -0.07139 0.10412)
(-0.07484 -0.08595 0.13059)
(-0.05428 -0.10026 0.15847)
(-0.04482 -0.10676 0.17912)
(-0.03469 -0.09946 0.18511)
(-0.01167 -0.03376 0.07680)
(-0.00084 -0.00241 0.00552)
(0.00051 -0.00053 0.00030)
(0.01528 -0.01632 0.00929)
(0.03473 -0.03467 0.01990)
(0.03886 -0.04198 0.02030)
(0.03674 -0.03970 0.02235)
(0.02918 -0.04189 0.04104)
(0.02296 -0.03066 0.03714)
(0.02775 -0.04273 0.04550)
(0.01653 -0.02147 0.04408)
(0.01339 -0.01958 0.04829)
(0.01401 -0.01637 0.04192)
(0.01025 -0.01359 0.04583)
(0.00736 -0.01065 0.04848)
(-0.05223 0.05735 0.02954)
(-0.06938 0.06654 0.03843)
(-0.08452 0.08523 0.03020)
(-0.16838 0.19734 -0.06030)
(-0.21282 0.25149 -0.10102)
(-0.28880 0.35119 -0.19688)
(-0.35199 0.44199 -0.27681)
(-0.37143 0.46938 -0.30314)
(-0.42528 0.54323 -0.44009)
(-0.46953 0.61163 -0.52547)
(-0.46731 0.61037 -0.54591)
(-0.46969 0.62357 -0.56107)
(-0.45784 0.64111 -0.63980)
(-0.44778 0.59372 -0.70122)
(-0.43663 0.59368 -0.70897)
(-0.38653 0.52310 -0.77218)
(-0.36508 0.44840 -0.79615)
(-0.38314 0.44165 -0.79321)
(-0.39911 0.39804 -0.78675)
(-0.43638 0.39475 -0.70711)
(-0.45287 0.38727 -0.66747)
(-0.42425 0.32461 -0.54962)
(-0.32289 0.18550 -0.35211)
(-0.29303 0.14631 -0.29318)
(-0.15134 -0.01587 -0.01660)
(-0.09360 -0.08120 0.10246)
(-0.01326 -0.04213 0.08114)
(0.00242 -0.00238 0.00117)
(0.02189 -0.02137 0.00810)
(0.03808 -0.03688 0.01285)
(0.03237 -0.03101 0.00728)
(0.03893 -0.03559 0.01032)
(0.03849 -0.03616 0.01297)
(0.02743 -0.02482 0.01996)
(0.01760 -0.01873 0.03805)
(0.01457 -0.01270 0.03498)
(0.00968 -0.00909 0.03923)
(0.00249 0.00362 0.03577)
(-0.05633 0.07098 0.00940)
(-0.07563 0.10335 -0.01137)
(-0.08830 0.09800 0.00819)
(-0.17699 0.21074 -0.05216)
(-0.15878 0.19131 -0.03807)
(-0.21898 0.26784 -0.09149)
(-0.30297 0.36717 -0.19139)
(-0.29197 0.36468 -0.16051)
(-0.35095 0.44212 -0.26647)
(-0.37077 0.47105 -0.29614)
(-0.40452 0.52869 -0.37108)
(-0.46902 0.62413 -0.48785)
(-0.47524 0.63074 -0.53709)
(-0.47359 0.63651 -0.55640)
(-0.45378 0.64901 -0.66322)
(-0.00368 0.00297 -0.00073)
(0.01060 -0.00869 0.00072)
(0.03990 -0.03321 -0.00144)
(0.04087 -0.03770 0.00594)
(0.03921 -0.03181 0.00572)
(0.03807 -0.02633 0.00399)
(0.02956 -0.02149 0.01184)
(0.02588 -0.01677 0.01161)
(0.02804 -0.01557 0.00637)
(0.01822 -0.00267 0.01194)
(0.00623 0.01335 0.01153)
(-0.01735 0.04033 -0.00340)
(-0.06175 0.08909 -0.00565)
(-0.06489 0.09519 -0.00565)
(-0.12338 0.15440 -0.03595)
(-0.17210 0.21379 -0.06156)
(-0.23171 0.28660 -0.10799)
(-0.29059 0.36079 -0.16858)
(-0.35287 0.44185 -0.25270)
(-0.42251 0.54738 -0.36266)
(-0.46736 0.62464 -0.43548)
(-0.00344 0.00269 -0.00032)
(0.00245 -0.00191 0.00020)
(0.01729 -0.01251 0.00047)
(0.04197 -0.02846 -0.00659)
(0.04181 -0.02718 -0.00728)
(0.04166 -0.02295 -0.01169)
(0.03067 -0.00693 -0.00914)
(0.01207 0.00928 -0.01323)
(-0.00096 0.02400 -0.01371)
(-0.02694 0.05224 -0.02374)
(-0.05610 0.08484 -0.01218)
(-0.07992 0.10855 -0.02600)
(-0.12380 0.15614 -0.04577)
(-0.20410 0.24765 -0.09708)
(-0.22279 0.26850 -0.09524)
(-0.26746 0.31757 -0.12590)
(-0.32630 0.40566 -0.20633)
(0.00078 -0.00058 0.00006)
(0.02073 -0.01358 -0.00395)
(0.03321 -0.02254 -0.00644)
(0.04237 -0.02808 -0.00864)
(0.04175 -0.02556 -0.00971)
(0.04162 -0.02411 -0.01162)
(0.02919 -0.00731 -0.02863)
(0.01984 0.00650 -0.03051)
(0.00816 0.02120 -0.02873)
(0.00138 0.02684 -0.04133)
(-0.03163 0.06650 -0.05981)
(-0.05144 0.08599 -0.06683)
(-0.05746 0.08574 -0.04657)
(-0.06972 0.10753 -0.07942)
(-0.09127 0.12868 -0.06561)
(-0.15072 0.19064 -0.07257)
(0.00192 -0.00116 -0.00003)
(0.03020 -0.02121 -0.00261)
(0.04260 -0.02741 -0.01044)
(0.03575 -0.01927 -0.01491)
(0.03619 -0.01943 -0.01483)
(0.02502 -0.00529 -0.02818)
(0.01639 0.00825 -0.04691)
(0.00211 0.02588 -0.04297)
(-0.04154 0.08076 -0.07366)
(-0.06166 0.10009 -0.08104)
(-0.00037 0.00023 0.00006)
(0.00930 -0.00558 -0.00178)
(0.02684 -0.01379 -0.01421)
(-0.41240 0.58821 -0.73291)
(-0.36708 0.46547 -0.78995)
(-0.39273 0.39980 -0.78909)
(-0.42870 0.41003 -0.75419)
(-0.45008 0.36247 -0.59297)
(-0.35736 0.22869 -0.41206)
(-0.31167 0.16844 -0.32363)
(-0.22137 0.05615 -0.13344)
(-0.13580 -0.03753 0.00697)
(-0.08608 -0.08752 0.12345)
(-0.07227 -0.08889 0.13794)
(-0.03764 -0.10423 0.18756)
(-0.03567 -0.10272 0.18765)
(-0.03352 -0.10077 0.18789)
(-0.00291 -0.00947 0.01855)
(-0.47202 0.67507 -0.61390)
(-0.43311 0.63877 -0.69365)
(-0.40866 0.60541 -0.71861)
(-0.39645 0.56228 -0.74720)
(-0.36859 0.48266 -0.78526)
(-0.36620 0.45613 -0.78930)
(-0.37662 0.44202 -0.77747)
(-0.40538 0.43386 -0.76845)
(-0.40103 0.40127 -0.78178)
(-0.45359 0.43417 -0.73799)
(-0.44837 0.40333 -0.70671)
(-0.47137 0.39835 -0.65403)
(-0.45872 0.37084 -0.59555)
(-0.44992 0.35704 -0.57940)
(-0.41710 0.29647 -0.48200)
(-0.33423 0.19560 -0.35948)
(-0.32138 0.17676 -0.32877)
(-0.29545 0.13906 -0.27080)
(-0.23583 0.05760 -0.13700)
(-0.17041 -0.00520 -0.04371)
(-0.14489 -0.03752 0.00692)
(-0.10695 -0.07584 0.08048)
(-0.09291 -0.08690 0.11369)
(-0.06257 -0.09736 0.15661)
(-0.03721 -0.10571 0.18526)
(-0.03307 -0.10331 0.18483)
(-0.01164 -0.03965 0.07267)
(-0.00111 -0.00396 0.00734)
(-0.49825 0.68438 -0.49408)
(-0.49171 0.69976 -0.56296)
(-0.48911 0.70644 -0.57952)
(-0.47495 0.71472 -0.64760)
(-0.45307 0.68128 -0.66107)
(-0.42872 0.64188 -0.70213)
(-0.39526 0.58019 -0.74087)
(-0.38470 0.54244 -0.75127)
(-0.36654 0.46527 -0.78368)
(-0.36781 0.49520 -0.76279)
(-0.36749 0.44695 -0.77416)
(-0.40071 0.43457 -0.74413)
(-0.43220 0.43153 -0.74254)
(-0.45368 0.43629 -0.73381)
(-0.48085 0.43373 -0.70828)
(-0.48402 0.41532 -0.65744)
(-0.49974 0.41931 -0.63003)
(-0.45849 0.36110 -0.57212)
(-0.44041 0.32205 -0.50004)
(-0.38306 0.24956 -0.40564)
(-0.34472 0.19914 -0.33055)
(-0.29317 0.12560 -0.24719)
(-0.24913 0.06141 -0.13115)
(-0.22015 0.03429 -0.10171)
(-0.14665 -0.04254 0.02368)
(-0.10992 -0.07702 0.08391)
(-0.12000 -0.07290 0.06542)
(-0.08429 -0.09935 0.12182)
(-0.07379 -0.09882 0.13235)
(-0.06858 -0.10718 0.12673)
(-0.04050 -0.10897 0.18296)
(-0.03142 -0.10518 0.17809)
(-0.01311 -0.05367 0.09059)
(-0.00269 -0.01243 0.02124)
(0.00098 0.00480 -0.00821)
(-0.40116 0.50294 -0.27995)
(-0.44502 0.57507 -0.36752)
(-0.46821 0.62580 -0.42199)
(-0.49590 0.68198 -0.48892)
(-0.49900 0.70832 -0.54579)
(-0.49902 0.73349 -0.57777)
(-0.47769 0.71272 -0.63291)
(-0.46092 0.69363 -0.64742)
(-0.42732 0.65497 -0.69638)
(-0.41311 0.62869 -0.71048)
(-0.39211 0.57685 -0.72983)
(-0.38726 0.52971 -0.74773)
(-0.39464 0.49033 -0.75685)
(-0.40244 0.47835 -0.75036)
(-0.40830 0.43722 -0.74259)
(-0.47366 0.46117 -0.71482)
(-0.50687 0.47570 -0.69315)
(-0.50108 0.44957 -0.68454)
(-0.50271 0.44079 -0.65579)
(-0.51066 0.41876 -0.60553)
(-0.48705 0.38495 -0.57262)
(-0.45031 0.33796 -0.49724)
(-0.41730 0.29067 -0.44200)
(-0.35091 0.20523 -0.34055)
(-0.31036 0.15412 -0.27542)
(-0.29819 0.13853 -0.25185)
(-0.25724 0.08601 -0.17357)
(-0.19535 0.00520 -0.06228)
(-0.15614 -0.03748 -0.00498)
(-0.12912 -0.06783 0.03313)
(-0.09357 -0.10211 0.09946)
(-0.04956 -0.12220 0.14792)
(-0.07098 -0.10881 0.11219)
(-0.03484 -0.12974 0.16155)
(-0.02794 -0.11226 0.14523)
(-0.00237 -0.01371 0.01885)
(0.00154 0.01150 -0.01588)
(-0.02102 -0.09346 0.10705)
(-0.20313 0.24680 -0.10256)
(-0.22255 0.26807 -0.11001)
(-0.23886 0.28680 -0.12275)
(-0.32686 0.40026 -0.20299)
(-0.39622 0.49522 -0.27338)
(-0.43364 0.53676 -0.31799)
(-0.42602 0.53920 -0.31870)
(-0.46211 0.60119 -0.38156)
(-0.49064 0.66026 -0.45007)
(-0.49852 0.70195 -0.51594)
(-0.50039 0.73194 -0.56886)
(-0.49427 0.73341 -0.58757)
(-0.46065 0.69708 -0.64355)
(-0.41806 0.63863 -0.70443)
(-0.40855 0.62186 -0.71254)
(-0.40633 0.56463 -0.73184)
(-0.38462 0.50475 -0.75482)
(-0.43584 0.51459 -0.74390)
(-0.42958 0.47119 -0.74007)
(-0.45085 0.52157 -0.73389)
(-0.49322 0.47535 -0.70186)
(-0.50740 0.48137 -0.69461)
(-0.51641 0.47903 -0.68436)
(-0.52135 0.44154 -0.61432)
(-0.50381 0.40705 -0.58786)
(-0.50961 0.41614 -0.59391)
(-0.47912 0.37931 -0.54043)
(-0.42191 0.29569 -0.43222)
(-0.42430 0.31049 -0.44190)
(-0.35559 0.22139 -0.34347)
(-0.30309 0.15685 -0.26676)
(-0.28028 0.11561 -0.22118)
(-0.18937 0.00938 -0.07306)
(-0.14244 -0.05404 0.00852)
(-0.12762 -0.06923 0.02766)
(-0.11476 -0.08261 0.05001)
(-0.05717 -0.12347 0.09987)
(-0.04587 -0.13125 0.11921)
(-0.03331 -0.14034 0.13169)
(-0.01414 -0.07960 0.08292)
(-0.00150 -0.00971 0.01063)
(-0.00676 -0.05050 0.04447)
(-0.00123 -0.00964 0.00861)
(-0.07148 0.10939 -0.08572)
(-0.07885 0.11633 -0.08465)
(-0.12184 0.16176 -0.09602)
(-0.20241 0.24602 -0.10779)
(-0.21909 0.26456 -0.11426)
(-0.21570 0.26082 -0.11852)
(-0.23512 0.28293 -0.12609)
(-0.33376 0.41296 -0.22233)
(-0.29212 0.34630 -0.17226)
(-0.37137 0.45400 -0.25806)
(-0.41527 0.51121 -0.29170)
(-0.48130 0.62047 -0.40203)
(-0.48699 0.63616 -0.41470)
(-0.48821 0.68071 -0.48087)
(-0.50251 0.73173 -0.56221)
(-0.49665 0.73236 -0.57873)
(-0.49277 0.73185 -0.58762)
(-0.47392 0.71356 -0.61782)
(-0.42252 0.64754 -0.69907)
(-0.41364 0.63167 -0.70696)
(-0.41443 0.59815 -0.72836)
(-0.39996 0.53081 -0.74571)
(-0.44481 0.53408 -0.73607)
(-0.45544 0.53167 -0.73416)
(-0.47636 0.49009 -0.70959)
(-0.50957 0.48774 -0.69665)
(-0.51710 0.48389 -0.68581)
(-0.51878 0.48986 -0.68820)
(-0.53223 0.46543 -0.62481)
(-0.52863 0.47016 -0.60246)
(-0.48446 0.41135 -0.54564)
(-0.46185 0.37886 -0.50166)
(-0.32268 0.18434 -0.29810)
(-0.30241 0.15983 -0.27158)
(-0.28452 0.13320 -0.24278)
(-0.20562 0.03803 -0.12151)
(-0.13966 -0.05669 0.00498)
(-0.12617 -0.07058 0.02303)
(-0.11374 -0.08356 0.04541)
(-0.09225 -0.10541 0.05762)
(-0.05324 -0.12821 0.09430)
(-0.02665 -0.13881 0.11521)
(-0.00646 -0.04596 0.03508)
(0.00119 0.00959 -0.00773)
(-0.00046 -0.00338 0.00261)
(0.02978 -0.01275 -0.01465)
(0.02162 0.00204 -0.04207)
(0.02033 0.00307 -0.03877)
(0.00626 0.02241 -0.05756)
(-0.01280 0.03782 -0.06458)
(-0.00812 0.04203 -0.06512)
(-0.03486 0.07168 -0.07371)
(-0.06305 0.10150 -0.08612)
(-0.06545 0.10381 -0.09215)
(-0.07364 0.11155 -0.09208)
(-0.08176 0.11930 -0.09156)
(-0.12794 0.16772 -0.11669)
(-0.18640 0.22937 -0.12527)
(-0.24059 0.26611 -0.16624)
(-0.29899 0.34500 -0.19500)
(-0.36549 0.44003 -0.25368)
(-0.42783 0.51303 -0.32046)
(-0.47259 0.60696 -0.38814)
(-0.48393 0.62752 -0.40633)
(-0.49041 0.66272 -0.44990)
(-0.49997 0.69376 -0.49531)
(-0.49918 0.73209 -0.57084)
(-0.49479 0.73150 -0.58094)
(-0.47811 0.71054 -0.61829)
(-0.44507 0.67615 -0.66825)
(-0.43426 0.64689 -0.69734)
(-0.43040 0.61986 -0.71383)
(-0.41175 0.56493 -0.72989)
(-0.44565 0.54219 -0.73674)
(-0.45922 0.54135 -0.73452)
(-0.47784 0.52329 -0.72154)
(-0.51639 0.51483 -0.70167)
(-0.52311 0.51228 -0.68937)
(-0.54006 0.50505 -0.66497)
(-0.54545 0.49467 -0.61736)
(-0.51745 0.46852 -0.58105)
(-0.50098 0.43733 -0.55126)
(-0.47148 0.40651 -0.50619)
(-0.43070 0.34967 -0.44847)
(-0.36625 0.24334 -0.35633)
(-0.31151 0.17573 -0.28922)
(-0.29017 0.14838 -0.26189)
(-0.28148 0.13263 -0.24496)
(-0.22359 0.06113 -0.16921)
(-0.14215 -0.05375 -0.01982)
(-0.14967 -0.00840 -0.07273)
(-0.11577 -0.07374 -0.00550)
(-0.06713 -0.10479 0.03392)
(-0.05500 -0.13428 0.08033)
(-0.04024 -0.14005 0.10103)
(-0.03765 -0.13431 0.09685)
(-0.01680 -0.11339 0.08290)
(-0.00381 -0.02570 0.01888)
(0.00191 -0.00115 -0.00045)
(0.00526 -0.00321 -0.00212)
(0.01953 -0.00481 -0.02266)
(0.01115 0.01127 -0.03471)
(-0.01459 0.02987 -0.03251)
(-0.01654 0.03674 -0.05183)
(-0.03555 0.05260 -0.07266)
(-0.04505 0.06520 -0.07287)
(-0.06720 0.08683 -0.08753)
(-0.06486 0.08605 -0.08566)
(-0.09230 0.12195 -0.11108)
(-0.15115 0.16420 -0.14294)
(-0.15649 0.17576 -0.14870)
(-0.19985 0.22183 -0.15927)
(-0.22696 0.24946 -0.18188)
(-0.32791 0.34659 -0.22755)
(-0.35271 0.37127 -0.24342)
(-0.38578 0.43821 -0.27341)
(-0.45769 0.51626 -0.34515)
(-0.48081 0.58121 -0.38262)
(-0.51900 0.61103 -0.42538)
(-0.51238 0.67087 -0.45680)
(-0.51456 0.68804 -0.50515)
(-0.51063 0.72498 -0.55803)
(-0.50423 0.71929 -0.58014)
(-0.49973 0.71761 -0.59603)
(-0.46156 0.70365 -0.64917)
(-0.45672 0.67656 -0.66549)
(-0.44855 0.64337 -0.69071)
(-0.43286 0.59966 -0.71482)
(-0.45674 0.59285 -0.71400)
(-0.46734 0.57450 -0.72212)
(-0.48665 0.54716 -0.72568)
(-0.51891 0.55242 -0.71560)
(-0.54747 0.55765 -0.70798)
(-0.54865 0.53124 -0.67260)
(-0.55255 0.51054 -0.63014)
(-0.51471 0.48157 -0.59044)
(-0.50008 0.45245 -0.54415)
(-0.43557 0.39181 -0.47406)
(-0.38337 0.31523 -0.40217)
(-0.29961 0.19818 -0.29877)
(-0.21200 0.07747 -0.17692)
(-0.23572 0.14483 -0.23363)
(-0.15443 -0.01406 -0.10988)
(-0.13086 -0.00410 -0.09129)
(-0.09882 -0.05117 -0.01803)
(-0.07226 -0.07377 0.01179)
(-0.04481 -0.12259 0.06626)
(-0.03816 -0.11882 0.05385)
(-0.01042 -0.09057 0.05297)
(-0.00494 -0.04560 0.02629)
(-0.00179 -0.01720 0.00988)
(0.00058 0.00003 0.00028)
(0.00254 0.00980 -0.01724)
(-0.01542 0.02737 -0.02919)
(-0.04798 0.05312 -0.03701)
(-0.04998 0.05542 -0.04004)
(-0.05397 0.06002 -0.04561)
(-0.05358 0.06845 -0.08243)
(-0.06822 0.07350 -0.05913)
(-0.08453 0.09568 -0.09767)
(-0.09757 0.11410 -0.10594)
(-0.14240 0.14573 -0.13289)
(-0.18390 0.17521 -0.15049)
(-0.20392 0.20621 -0.16967)
(-0.21479 0.23399 -0.17638)
(-0.27466 0.27694 -0.20429)
(-0.32841 0.33656 -0.24498)
(-0.44192 0.42299 -0.31195)
(-0.45706 0.46360 -0.33078)
(-0.47957 0.54642 -0.37063)
(-0.54525 0.61893 -0.45778)
(-0.53441 0.65473 -0.46806)
(-0.53315 0.67217 -0.49351)
(-0.52660 0.71370 -0.53513)
(-0.54647 0.69894 -0.52750)
(-0.51571 0.72082 -0.56251)
(-0.50869 0.71404 -0.59017)
(-0.46527 0.70313 -0.64436)
(-0.47358 0.68561 -0.65380)
(-0.47771 0.65047 -0.67393)
(-0.45234 0.62501 -0.69645)
(-0.47961 0.64159 -0.67869)
(-0.46544 0.60275 -0.70938)
(-0.48688 0.59706 -0.70777)
(-0.49556 0.58068 -0.70964)
(-0.50388 0.57400 -0.71743)
(-0.52944 0.57226 -0.71055)
(-0.55453 0.57442 -0.71060)
(-0.53509 0.56390 -0.67828)
(-0.54674 0.54389 -0.68000)
(-0.54006 0.53980 -0.64662)
(-0.53238 0.52214 -0.61338)
(-0.49293 0.46969 -0.55311)
(-0.49531 0.48848 -0.56798)
(-0.44827 0.44588 -0.51018)
(-0.41943 0.41523 -0.47473)
(-0.33334 0.28783 -0.35407)
(-0.23831 0.18276 -0.26402)
(-0.16930 0.04739 -0.13991)
(-0.19367 0.13636 -0.21404)
(-0.13278 0.02799 -0.11248)
(-0.06010 -0.00602 -0.05732)
(-0.07225 -0.03653 -0.03296)
(-0.04371 -0.03085 -0.02927)
(-0.03138 -0.10709 0.03531)
(-0.02893 -0.10423 0.03576)
(-0.03993 -0.03281 -0.02738)
(-0.02146 -0.08305 0.02795)
(0.00003 -0.02030 0.01002)
(-0.00004 0.00021 0.00019)
(-0.01522 0.02136 -0.01240)
(-0.04356 0.04592 -0.02588)
(-0.06007 0.06366 -0.04194)
(-0.06473 0.06897 -0.05115)
(-0.07145 0.07283 -0.04866)
(-0.07590 0.07748 -0.05693)
(-0.10609 0.11274 -0.09572)
(-0.18082 0.16850 -0.15466)
(-0.21200 0.18991 -0.15722)
(-0.23507 0.22232 -0.18967)
(-0.31025 0.27695 -0.22271)
(-0.32032 0.29601 -0.22392)
(-0.37148 0.35597 -0.26835)
(-0.48514 0.44891 -0.34154)
(-0.49138 0.46470 -0.34720)
(-0.51201 0.48329 -0.36204)
(-0.50091 0.54675 -0.39009)
(-0.55756 0.61851 -0.46437)
(-0.55347 0.63268 -0.47296)
(-0.55512 0.65135 -0.49175)
(-0.55970 0.67912 -0.54330)
(-0.53548 0.69008 -0.55588)
(-0.52843 0.68847 -0.59336)
(-0.50496 0.70175 -0.61522)
(-0.49207 0.67973 -0.63049)
(-0.48462 0.65185 -0.66928)
(-0.48687 0.64571 -0.67213)
(-0.48335 0.63708 -0.68251)
(-0.50163 0.61774 -0.69250)
(-0.49451 0.59130 -0.70839)
(-0.51478 0.58080 -0.71518)
(-0.52841 0.57782 -0.69371)
(-0.54115 0.58605 -0.67761)
(-0.52561 0.56460 -0.64559)
(-0.51960 0.56043 -0.63564)
(-0.49226 0.51247 -0.58834)
(-0.45108 0.46030 -0.51799)
(-0.43249 0.44344 -0.49867)
(-0.32851 0.31416 -0.37893)
(-0.34603 0.35033 -0.41051)
(-0.28472 0.25370 -0.31811)
(-0.16986 0.18845 -0.22944)
(-0.15227 0.09992 -0.16380)
(-0.15303 0.17152 -0.21013)
(-0.08331 0.03255 -0.09394)
(-0.04800 0.00424 -0.05829)
(-0.04101 -0.01537 -0.04235)
(-0.02405 -0.06588 0.00400)
(-0.01712 -0.06309 0.01086)
(-0.03098 -0.01762 -0.03642)
(-0.00076 -0.02303 0.00641)
(-0.00008 -0.00461 0.00127)
(0.00028 -0.00047 -0.00051)
(-0.01915 0.02073 -0.00891)
(-0.03799 0.03729 -0.01121)
(-0.06836 0.06944 -0.03996)
(-0.08155 0.07938 -0.04974)
(-0.15757 0.14076 -0.10741)
(-0.18971 0.16828 -0.13640)
(-0.22348 0.19104 -0.15312)
(-0.34275 0.29084 -0.23716)
(-0.36741 0.30692 -0.24727)
(-0.37731 0.31679 -0.25487)
(-0.40319 0.35741 -0.28572)
(-0.50794 0.45795 -0.35193)
(-0.50982 0.46984 -0.35743)
(-0.52980 0.48785 -0.37162)
(-0.57273 0.57683 -0.43402)
(-0.56495 0.62851 -0.47764)
(-0.58296 0.63127 -0.50639)
(-0.59417 0.65759 -0.54460)
(-0.55471 0.67672 -0.56016)
(-0.55436 0.67134 -0.59451)
(-0.52525 0.68185 -0.61134)
(-0.52273 0.67865 -0.61802)
(-0.51924 0.66046 -0.64581)
(-0.49340 0.64542 -0.66691)
(-0.48923 0.64099 -0.67490)
(-0.49534 0.62372 -0.67655)
(-0.50578 0.61964 -0.68449)
(-0.49961 0.59525 -0.69716)
(-0.50851 0.61436 -0.67735)
(-0.52312 0.61032 -0.68938)
(-0.52569 0.59413 -0.67349)
(-0.51208 0.57089 -0.64574)
(-0.51958 0.56869 -0.64702)
(-0.51231 0.56377 -0.63644)
(-0.50271 0.55830 -0.62451)
(-0.44451 0.50694 -0.55010)
(-0.44930 0.46998 -0.52225)
(-0.43312 0.45666 -0.50494)
(-0.35496 0.40461 -0.43914)
(-0.29691 0.32524 -0.35959)
(-0.29522 0.34066 -0.36210)
(-0.17357 0.21085 -0.23978)
(-0.15555 0.19333 -0.22016)
(-0.12088 0.12702 -0.16232)
(-0.13962 0.18053 -0.20458)
(-0.04859 0.02217 -0.06840)
(-0.04107 0.00222 -0.05480)
(-0.04107 0.02119 -0.06546)
(-0.02517 -0.00149 -0.04319)
(-0.01246 -0.01562 -0.01563)
(0.00046 -0.00532 -0.00100)
(-0.00082 0.00308 0.00063)
(0.00389 -0.00423 -0.00123)
(-0.00198 0.00196 0.00021)
(-0.03023 0.02916 -0.00417)
(-0.08904 0.08382 -0.03603)
(-0.14218 0.12275 -0.06002)
(-0.15850 0.13767 -0.09102)
(-0.21869 0.17747 -0.12227)
(-0.22913 0.18653 -0.14287)
(-0.28891 0.23462 -0.17758)
(-0.35212 0.29323 -0.23564)
(-0.37624 0.30969 -0.24572)
(-0.39272 0.32367 -0.25779)
(-0.44961 0.36139 -0.27621)
(-0.44946 0.37621 -0.30565)
(-0.50639 0.41700 -0.32944)
(-0.52857 0.47507 -0.36380)
(-0.54646 0.49147 -0.37632)
(-0.58403 0.53277 -0.40876)
(-0.61958 0.57966 -0.45951)
(-0.60079 0.61917 -0.49010)
(-0.66135 0.62104 -0.50286)
(-0.61622 0.63543 -0.53399)
(-0.60519 0.64907 -0.54291)
(-0.58337 0.65624 -0.55979)
(-0.58967 0.65293 -0.59278)
(-0.53334 0.67494 -0.61185)
(-0.53027 0.67185 -0.61753)
(-0.52755 0.65784 -0.63451)
(-0.52572 0.63099 -0.65149)
(-0.49467 0.64179 -0.66870)
(-0.52402 0.62584 -0.65229)
(-0.49773 0.63197 -0.66667)
(-0.51324 0.63014 -0.66503)
(-0.51106 0.61749 -0.66598)
(-0.51715 0.61192 -0.68377)
(-0.51445 0.60895 -0.68142)
(-0.49371 0.58681 -0.64701)
(-0.47685 0.57126 -0.62909)
(-0.50466 0.56599 -0.63571)
(-0.49338 0.55829 -0.62197)
(-0.41243 0.51078 -0.54048)
(-0.40176 0.47884 -0.50433)
(-0.35108 0.43711 -0.44068)
(-0.29921 0.39248 -0.39149)
(-0.19923 0.27446 -0.27735)
(-0.20369 0.32691 -0.29700)
(-0.15864 0.21178 -0.22834)
(-0.14080 0.19534 -0.21068)
(-0.07188 0.15627 -0.13929)
(-0.07037 0.10571 -0.12144)
(-0.03761 0.08762 -0.09539)
(-0.03037 0.01767 -0.06107)
(-0.00002 -0.00093 -0.01541)
(0.00482 0.01418 -0.02449)
(0.00021 -0.00025 -0.00022)
(0.00870 -0.00867 -0.00112)
(-0.06589 0.06111 -0.01291)
(-0.11481 0.10037 -0.03413)
(0.00826 -0.00836 -0.00233)
(-0.01216 0.01202 0.00225)
(-0.13885 0.11930 -0.04405)
(-0.15556 0.12894 -0.06148)
(-0.17306 0.14281 -0.08000)
(-0.19194 0.15859 -0.07875)
(-0.25096 0.20172 -0.14066)
(-0.30723 0.24182 -0.17553)
(-0.33500 0.26877 -0.20461)
(-0.32074 0.25424 -0.17289)
(-0.34622 0.27849 -0.19971)
(-0.40142 0.32708 -0.25573)
(-0.47878 0.37666 -0.27517)
(-0.52863 0.42807 -0.32240)
(-0.55198 0.46691 -0.35128)
(-0.61223 0.48911 -0.35501)
(-0.62383 0.52745 -0.39897)
(-0.63596 0.54737 -0.42535)
(-0.65950 0.59369 -0.47655)
(-0.67655 0.61217 -0.50410)
(-0.64931 0.61856 -0.51733)
(-0.64003 0.62401 -0.54551)
(-0.60635 0.64667 -0.56119)
(-0.59965 0.63600 -0.59836)
(-0.54565 0.66299 -0.61129)
(-0.54440 0.65281 -0.62032)
(-0.54011 0.64553 -0.63412)
(-0.54264 0.61853 -0.63979)
(-0.53995 0.61465 -0.64161)
(-0.51898 0.62592 -0.65076)
(-0.51320 0.62460 -0.65297)
(-0.50387 0.60975 -0.65162)
(-0.49446 0.61025 -0.65403)
(-0.50602 0.61208 -0.66802)
(-0.50625 0.61045 -0.67569)
(-0.47035 0.58801 -0.63531)
(-0.46053 0.57772 -0.62822)
(-0.41099 0.54243 -0.58381)
(-0.45731 0.56158 -0.60816)
(-0.40697 0.52098 -0.55126)
(-0.34645 0.47978 -0.48695)
(-0.32777 0.46233 -0.45661)
(-0.32205 0.43369 -0.43265)
(-0.27793 0.40075 -0.36757)
(-0.27337 0.40788 -0.37892)
(-0.20593 0.33914 -0.30080)
(-0.16895 0.26265 -0.24382)
(-0.17662 0.31485 -0.27212)
(-0.13139 0.27481 -0.21863)
(-0.14366 0.20942 -0.21702)
(-0.09327 0.18437 -0.16936)
(-0.04700 0.14757 -0.12663)
(-0.01310 0.13629 -0.10700)
(-0.01369 0.10499 -0.09257)
(0.00437 0.02765 -0.02936)
(-0.00073 -0.00100 0.00196)
(0.00074 0.00274 -0.00304)
(-0.00844 0.00743 -0.00064)
(-0.07728 0.06509 -0.01421)
(-0.10874 0.09095 -0.02592)
(-0.17204 0.14180 -0.04782)
(-0.19187 0.15587 -0.05997)
(-0.29146 0.23366 -0.15210)
(-0.31479 0.24503 -0.14243)
(-0.39647 0.30849 -0.20114)
(-0.43988 0.33633 -0.22384)
(-0.53681 0.42659 -0.29866)
(-0.57162 0.45484 -0.31527)
(-0.61986 0.50272 -0.37355)
(-0.63917 0.53057 -0.39375)
(-0.66605 0.57656 -0.44460)
(-0.67173 0.58255 -0.46924)
(-0.66310 0.60305 -0.51625)
(-0.66416 0.60361 -0.57087)
(-0.65323 0.60423 -0.58168)
(-0.64873 0.59968 -0.58848)
(-0.59589 0.63170 -0.60472)
(-0.62733 0.59656 -0.60643)
(-0.57806 0.61585 -0.63177)
(-0.55674 0.61653 -0.63265)
(-0.55442 0.60637 -0.63902)
(-0.54205 0.59342 -0.63359)
(-0.53117 0.59158 -0.62993)
(-0.52420 0.61979 -0.63942)
(-0.51927 0.60452 -0.64332)
(-0.51456 0.60423 -0.64485)
(-0.49560 0.60202 -0.63238)
(-0.46854 0.59730 -0.62664)
(-0.47215 0.59812 -0.63851)
(-0.46726 0.59419 -0.63458)
(-0.43794 0.57348 -0.60909)
(-0.40880 0.55645 -0.58747)
(-0.36366 0.51012 -0.53643)
(-0.39556 0.52207 -0.55334)
(-0.34791 0.48645 -0.49609)
(-0.32580 0.46346 -0.46454)
(-0.25381 0.41065 -0.37495)
(-0.19525 0.37094 -0.31481)
(-0.21436 0.36738 -0.31818)
(-0.17565 0.31829 -0.27286)
(-0.13282 0.29457 -0.22811)
(-0.09584 0.26918 -0.17543)
(-0.04230 0.17006 -0.13120)
(-0.06579 0.21208 -0.14404)
(-0.01567 0.14840 -0.11081)
(-0.01228 0.14485 -0.10770)
(-0.00425 0.09809 -0.07395)
(0.00473 0.03354 -0.02705)
(-0.00063 -0.00227 0.00144)
(-0.00194 -0.00605 0.00683)
(-0.01198 0.01015 -0.00244)
(-0.05493 0.04627 -0.01200)
(-0.07702 0.06462 -0.01828)
(-0.17390 0.14391 -0.04683)
(-0.19451 0.15911 -0.05822)
(-0.25964 0.20755 -0.09972)
(-0.18620 0.15362 -0.05278)
(-0.30909 0.24730 -0.12641)
(-0.36569 0.28566 -0.16946)
(-0.41945 0.32192 -0.20821)
(-0.40768 0.32028 -0.19424)
(-0.43133 0.33247 -0.21343)
(-0.50431 0.39308 -0.26094)
(-0.54130 0.43792 -0.29121)
(-0.60511 0.49187 -0.34530)
(-0.64129 0.53657 -0.39520)
(-0.65195 0.54968 -0.41690)
(-0.65287 0.55259 -0.42583)
(-0.66627 0.58287 -0.48911)
(-0.66629 0.59823 -0.56820)
(-0.65905 0.59926 -0.57703)
(-0.65420 0.59440 -0.58289)
(-0.64749 0.59071 -0.59193)
(-0.59433 0.58908 -0.62881)
(-0.57933 0.58558 -0.63582)
(-0.55527 0.56728 -0.62577)
(-0.54921 0.55884 -0.62548)
(-0.54705 0.56803 -0.62671)
(-0.51688 0.58113 -0.62321)
(-0.51228 0.58242 -0.62241)
(-0.50806 0.58405 -0.62196)
(-0.47280 0.59062 -0.62198)
(-0.46172 0.59275 -0.62317)
(-0.43309 0.57467 -0.60763)
(-0.38402 0.53301 -0.56469)
(-0.35934 0.51480 -0.54242)
(-0.29011 0.45587 -0.46949)
(-0.31761 0.47277 -0.48763)
(-0.27795 0.44353 -0.45448)
(-0.27277 0.43564 -0.43769)
(-0.23992 0.40915 -0.37623)
(-0.19494 0.37191 -0.31983)
(-0.18255 0.36216 -0.30233)
(-0.18183 0.36023 -0.29615)
(-0.17004 0.35248 -0.28501)
(-0.14894 0.32664 -0.25298)
(-0.10376 0.27916 -0.19020)
(-0.07702 0.25427 -0.16330)
(-0.07241 0.24540 -0.15407)
(-0.05759 0.22593 -0.13930)
(-0.02111 0.17860 -0.10346)
(-0.00706 0.12785 -0.07548)
(0.00168 0.07691 -0.04648)
(0.00266 0.01071 -0.00631)
(-0.00270 -0.00512 0.00276)
(-0.01971 0.01666 -0.00433)
(-0.01783 0.01515 -0.00404)
(-0.11771 0.09868 -0.02980)
(-0.18563 0.15582 -0.05025)
(-0.29591 0.23880 -0.11810)
(-0.29663 0.25257 -0.11674)
(-0.31056 0.26125 -0.12575)
(-0.38903 0.32315 -0.17779)
(-0.47164 0.38918 -0.23577)
(-0.46834 0.39786 -0.21993)
(-0.56221 0.46796 -0.30594)
(-0.59525 0.50257 -0.35630)
(-0.64073 0.53994 -0.40377)
(-0.64139 0.54248 -0.41291)
(-0.65357 0.55359 -0.43361)
(-0.64550 0.55583 -0.48198)
(-0.66193 0.59337 -0.57175)
(-0.65723 0.58808 -0.57587)
(-0.62812 0.55938 -0.57838)
(-0.59774 0.55630 -0.60262)
(-0.57734 0.54919 -0.61597)
(-0.55119 0.52132 -0.60510)
(-0.54591 0.52102 -0.60287)
(-0.54155 0.51997 -0.60074)
(-0.51748 0.57319 -0.61982)
(-0.51962 0.54433 -0.60379)
(-0.51273 0.57397 -0.61874)
(-0.50803 0.57594 -0.61845)
(-0.47086 0.57157 -0.60691)
(-0.44778 0.55250 -0.58432)
(-0.43610 0.55817 -0.59086)
(-0.45396 0.58794 -0.61913)
(-0.39813 0.54201 -0.58107)
(-0.38095 0.51643 -0.55301)
(-0.37186 0.52201 -0.55502)
(-0.29003 0.45673 -0.47312)
(-0.27780 0.44420 -0.45809)
(-0.26594 0.43286 -0.44343)
(-0.23814 0.41077 -0.40729)
(-0.19305 0.37146 -0.32279)
(-0.18295 0.36337 -0.30838)
(-0.18442 0.36066 -0.32059)
(-0.17174 0.35486 -0.29209)
(-0.10391 0.28725 -0.20321)
(-0.13297 0.31653 -0.24081)
(-0.09075 0.27014 -0.18693)
(-0.06262 0.23284 -0.14417)
(-0.07600 0.25762 -0.16976)
(-0.02060 0.18469 -0.10602)
(-0.01375 0.16945 -0.09642)
(0.00389 0.05385 -0.02930)
(-0.00328 0.05725 -0.03147)
(0.00079 0.00886 -0.00472)
(-0.09740 0.08273 -0.02444)
(-0.02402 0.02060 -0.00561)
(-0.08853 0.08341 -0.02007)
(-0.24077 0.21169 -0.08396)
(-0.27747 0.24719 -0.09798)
(-0.32395 0.27820 -0.12601)
(-0.37615 0.32551 -0.16025)
(-0.43879 0.37697 -0.20144)
(-0.44581 0.38509 -0.20705)
(-0.49610 0.42140 -0.25356)
(-0.51921 0.44632 -0.28728)
(-0.62563 0.53052 -0.39306)
(-0.64114 0.54740 -0.43655)
(-0.63380 0.54993 -0.51959)
(-0.61341 0.52989 -0.51008)
(-0.61530 0.52680 -0.54645)
(-0.60269 0.54264 -0.59458)
(-0.59503 0.53465 -0.59932)
(-0.55521 0.50784 -0.59817)
(-0.54447 0.51034 -0.59637)
(-0.53908 0.50951 -0.59366)
(-0.52090 0.51713 -0.58961)
(-0.51242 0.56338 -0.61322)
(-0.49265 0.50502 -0.55852)
(-0.49259 0.52172 -0.56975)
(-0.50776 0.56608 -0.61351)
(-0.48249 0.54557 -0.59194)
(-0.45659 0.54286 -0.58494)
(-0.43433 0.53336 -0.57472)
(-0.39912 0.51742 -0.55620)
(-0.36308 0.49664 -0.53354)
(-0.35893 0.50431 -0.53744)
(-0.33727 0.48178 -0.51617)
(-0.30731 0.46698 -0.49475)
(-0.27905 0.44527 -0.46277)
(-0.26804 0.43375 -0.45021)
(-0.25690 0.42297 -0.43750)
(-0.25426 0.42200 -0.43210)
(-0.20945 0.38448 -0.37773)
(-0.16234 0.33219 -0.29997)
(-0.17263 0.35593 -0.29920)
(-0.13263 0.31163 -0.25731)
(-0.12668 0.29958 -0.23461)
(-0.09791 0.28122 -0.19522)
(-0.06611 0.25881 -0.17167)
(-0.04365 0.21872 -0.12622)
(-0.01447 0.14886 -0.08410)
(-0.02082 0.14014 -0.07826)
(-0.01028 0.11395 -0.06385)
(-0.00222 0.03029 -0.01663)
(-0.00048 0.01011 -0.00548)
(-0.00103 0.00101 -0.00019)
(-0.02843 0.02778 -0.00551)
(-0.00733 0.00706 -0.00202)
(-0.15396 0.14334 -0.04549)
(-0.33077 0.29346 -0.13342)
(-0.11686 0.11708 -0.03988)
(-0.26571 0.24729 -0.09550)
(-0.31363 0.28926 -0.13396)
(-0.42493 0.37148 -0.19467)
(-0.39863 0.36492 -0.18764)
(-0.43499 0.38122 -0.20220)
(-0.43499 0.39225 -0.22539)
(-0.51556 0.45184 -0.29939)
(-0.52999 0.46818 -0.32236)
(-0.56766 0.49352 -0.37653)
(-0.56380 0.48581 -0.39164)
(-0.61988 0.51944 -0.48353)
(-0.62375 0.51969 -0.48877)
(-0.59238 0.49379 -0.49928)
(-0.58733 0.50510 -0.55920)
(-0.57092 0.48339 -0.51465)
(-0.57349 0.49766 -0.57294)
(-0.56254 0.48850 -0.57530)
(-0.52578 0.47110 -0.54712)
(-0.52044 0.48017 -0.55603)
(-0.50979 0.46995 -0.54295)
(-0.48303 0.45638 -0.51727)
(-0.46983 0.45360 -0.50786)
(-0.45030 0.46535 -0.50399)
(-0.46046 0.49644 -0.53972)
(-0.44683 0.51838 -0.56492)
(-0.44525 0.47208 -0.50753)
(-0.44238 0.52306 -0.56891)
(-0.40989 0.50155 -0.54569)
(-0.36814 0.48115 -0.51994)
(-0.34846 0.48120 -0.52080)
(-0.29059 0.42884 -0.46125)
(-0.27927 0.41883 -0.45085)
(-0.24404 0.39972 -0.41918)
(-0.19960 0.35995 -0.37441)
(-0.18470 0.34966 -0.35054)
(-0.15342 0.32067 -0.31109)
(-0.13118 0.30829 -0.29578)
(-0.13133 0.30480 -0.27534)
(-0.09811 0.27504 -0.22631)
(-0.08060 0.25478 -0.20090)
(-0.06850 0.24825 -0.17349)
(-0.04643 0.23226 -0.14458)
(-0.02962 0.14846 -0.10050)
(-0.02430 0.14983 -0.09299)
(-0.00538 0.03941 -0.02432)
(-0.00153 0.02667 -0.01537)
(0.02716 -0.02877 0.00740)
(-0.00326 0.00338 -0.00096)
(-0.18915 0.18647 -0.07523)
(0.00207 -0.00228 0.00070)
(-0.04862 0.05283 -0.01686)
(-0.21773 0.22851 -0.09143)
(-0.26110 0.26665 -0.11230)
(-0.34043 0.32972 -0.16150)
(-0.25424 0.26444 -0.11237)
(-0.26796 0.27456 -0.11994)
(-0.41042 0.38390 -0.21772)
(-0.44662 0.41616 -0.26628)
(-0.50791 0.45622 -0.32483)
(-0.49050 0.43881 -0.33916)
(-0.55287 0.47996 -0.42524)
(-0.52360 0.45751 -0.40251)
(-0.52063 0.44064 -0.42964)
(-0.49609 0.41449 -0.42198)
(-0.53035 0.44672 -0.48805)
(-0.48762 0.40673 -0.42165)
(-0.52737 0.45174 -0.51644)
(-0.50842 0.43861 -0.51048)
(-0.48593 0.41574 -0.48026)
(-0.48276 0.42616 -0.48653)
(-0.46860 0.42567 -0.47825)
(-0.46860 0.43422 -0.49504)
(-0.44047 0.42108 -0.46862)
(-0.42291 0.41558 -0.45014)
(-0.38197 0.38279 -0.39905)
(-0.42845 0.49069 -0.52744)
(-0.39816 0.46848 -0.50347)
(-0.37588 0.40001 -0.41734)
(-0.35726 0.41078 -0.44473)
(-0.35346 0.43955 -0.46918)
(-0.32381 0.41311 -0.43986)
(-0.31193 0.38665 -0.41297)
(-0.29993 0.38059 -0.40761)
(-0.28667 0.38856 -0.41918)
(-0.28016 0.41453 -0.44869)
(-0.26483 0.38763 -0.42807)
(-0.22563 0.36474 -0.39827)
(-0.20427 0.35799 -0.38408)
(-0.18965 0.32512 -0.35252)
(-0.16665 0.30104 -0.31619)
(-0.13575 0.29486 -0.28862)
(-0.12983 0.30210 -0.29028)
(-0.09906 0.25124 -0.23668)
(-0.08928 0.25879 -0.22965)
(-0.04467 0.18988 -0.14823)
(-0.03526 0.14037 -0.11895)
(-0.01810 0.08280 -0.06589)
(-0.01061 0.05441 -0.03946)
(-0.00334 0.01990 -0.01305)
(0.00039 -0.00449 0.00254)
(0.00228 -0.01720 0.01126)
(0.00106 -0.01245 0.00703)
(0.02435 -0.02703 0.00821)
(-0.01191 0.01298 -0.00486)
(-0.11247 0.12031 -0.04651)
(0.02992 -0.03358 0.01156)
(-0.07209 0.07806 -0.03088)
(-0.19553 0.20701 -0.08519)
(-0.29269 0.30193 -0.14479)
(-0.18065 0.19231 -0.08154)
(-0.23636 0.24914 -0.10745)
(-0.33336 0.33224 -0.19568)
(-0.37621 0.36505 -0.22693)
(-0.40006 0.37357 -0.26710)
(-0.46614 0.42032 -0.33670)
(-0.40670 0.37552 -0.29263)
(-0.46062 0.41021 -0.36461)
(-0.47864 0.40204 -0.40025)
(-0.47223 0.39558 -0.39880)
(-0.46676 0.38940 -0.39735)
(-0.48123 0.39999 -0.42082)
(-0.50015 0.41981 -0.47182)
(-0.46903 0.39438 -0.44335)
(-0.47634 0.40467 -0.45901)
(-0.45576 0.39077 -0.43168)
(-0.41588 0.36851 -0.39506)
(-0.39981 0.36206 -0.38169)
(-0.36965 0.34951 -0.36361)
(-0.34824 0.33275 -0.33432)
(-0.34501 0.33590 -0.33725)
(-0.34177 0.35286 -0.35647)
(-0.31022 0.37641 -0.39880)
(-0.30083 0.37171 -0.39470)
(-0.29129 0.35864 -0.37775)
(-0.28684 0.36268 -0.38626)
(-0.26726 0.35652 -0.38325)
(-0.20856 0.30913 -0.33586)
(-0.19532 0.27989 -0.29417)
(-0.18048 0.28529 -0.30705)
(-0.16593 0.28895 -0.31342)
(-0.14627 0.24212 -0.25330)
(-0.12700 0.23682 -0.25300)
(-0.11678 0.23667 -0.24019)
(-0.11387 0.24833 -0.24608)
(-0.06533 0.16765 -0.16447)
(-0.01861 0.07175 -0.06303)
(-0.00811 0.03475 -0.02920)
(0.00023 -0.00113 0.00090)
(0.00295 -0.01310 0.01097)
(0.00348 -0.01690 0.01347)
(0.00058 -0.00064 0.00025)
(0.00666 -0.00759 0.00285)
(-0.04618 0.05044 -0.02049)
(-0.19750 0.21369 -0.10360)
(-0.06214 0.07500 -0.03274)
(-0.27942 0.29353 -0.17355)
(-0.33775 0.33380 -0.20829)
(-0.37147 0.35683 -0.25598)
(-0.30916 0.31374 -0.20606)
(-0.36841 0.35235 -0.25757)
(-0.37884 0.35824 -0.26754)
(-0.38299 0.35757 -0.27393)
(-0.39765 0.34828 -0.30948)
(-0.45348 0.38263 -0.37405)
(-0.45035 0.37809 -0.37340)
(-0.44537 0.37160 -0.36915)
(-0.46077 0.38253 -0.39372)
(-0.43098 0.35673 -0.38024)
(-0.39320 0.32202 -0.34191)
(-0.39175 0.32704 -0.34349)
(-0.36130 0.30262 -0.30509)
(-0.36667 0.32186 -0.32351)
(-0.36422 0.32319 -0.32425)
(-0.33725 0.31381 -0.30785)
(-0.33388 0.31585 -0.30988)
(-0.31994 0.29951 -0.28662)
(-0.32458 0.30962 -0.30045)
(-0.30723 0.31255 -0.31346)
(-0.29864 0.36021 -0.37739)
(-0.27473 0.28705 -0.27672)
(-0.28773 0.34424 -0.35480)
(-0.28222 0.34605 -0.36063)
(-0.23990 0.29501 -0.29788)
(-0.19737 0.26317 -0.27174)
(-0.18859 0.26809 -0.27772)
(-0.18428 0.26047 -0.26721)
(-0.12333 0.19177 -0.20093)
(-0.11839 0.19369 -0.20323)
(-0.10729 0.17495 -0.18221)
(-0.06215 0.10085 -0.10433)
(-0.03066 0.05210 -0.05392)
(-0.01082 0.03021 -0.02881)
(-0.00046 0.00185 -0.00162)
(0.00368 -0.01191 0.01082)
(0.00334 -0.01358 0.01185)
(-0.01382 0.01691 -0.00726)
(-0.03869 0.04495 -0.02238)
(-0.10928 0.12550 -0.06327)
(-0.04180 0.04780 -0.02626)
(-0.19313 0.19844 -0.12869)
(-0.31144 0.30292 -0.21590)
(-0.11876 0.11942 -0.07924)
(-0.20279 0.19592 -0.14130)
(-0.35494 0.33986 -0.24892)
(-0.36338 0.34356 -0.25651)
(-0.38000 0.33881 -0.28490)
(-0.35375 0.32037 -0.25132)
(-0.39307 0.33965 -0.30238)
(-0.43824 0.36941 -0.35769)
(-0.36130 0.31352 -0.27532)
(-0.33515 0.28523 -0.25607)
(-0.36999 0.30342 -0.29394)
(-0.37163 0.30583 -0.30277)
(-0.31764 0.26467 -0.23228)
(-0.32453 0.26061 -0.24547)
(-0.30878 0.24820 -0.22602)
(-0.29816 0.23856 -0.21136)
(-0.29585 0.23632 -0.20873)
(-0.30365 0.24459 -0.22125)
(-0.31581 0.26254 -0.24607)
(-0.32348 0.29107 -0.27202)
(-0.27573 0.22873 -0.19030)
(-0.31482 0.28846 -0.27196)
(-0.30759 0.28422 -0.26509)
(-0.28337 0.26308 -0.22857)
(-0.25227 0.23924 -0.19997)
(-0.24553 0.26322 -0.24445)
(-0.21621 0.20030 -0.14514)
(-0.20238 0.20368 -0.15955)
(-0.21716 0.23233 -0.20738)
(-0.20374 0.22331 -0.20994)
(-0.14935 0.16402 -0.14742)
(-0.11605 0.14190 -0.13024)
(-0.11921 0.16846 -0.16684)
(-0.08817 0.13574 -0.14015)
(-0.03550 0.04873 -0.04464)
(-0.02530 0.03835 -0.03891)
(-0.01741 0.02798 -0.02871)
(0.00324 -0.00544 0.00562)
(-0.00807 0.00928 -0.00506)
(-0.02739 0.02958 -0.01726)
(-0.03323 0.03367 -0.02214)
(-0.01632 0.01654 -0.01101)
(-0.04162 0.04001 -0.02753)
(-0.21598 0.19944 -0.14920)
(-0.26563 0.23957 -0.19010)
(-0.06954 0.06492 -0.04451)
(-0.12945 0.11899 -0.08913)
(-0.20521 0.18163 -0.15210)
(-0.27590 0.24460 -0.20188)
(-0.17100 0.15266 -0.12401)
(-0.26754 0.22947 -0.19153)
(-0.29784 0.24589 -0.19898)
(-0.21970 0.18997 -0.15114)
(-0.25154 0.20526 -0.15053)
(-0.26080 0.21354 -0.17639)
(-0.27142 0.21621 -0.18272)
(-0.20965 0.16845 -0.12532)
(-0.20693 0.16435 -0.11622)
(-0.21811 0.17884 -0.13563)
(-0.19229 0.15515 -0.11120)
(-0.14978 0.10993 -0.05432)
(-0.24116 0.20676 -0.17520)
(-0.20240 0.17237 -0.12079)
(-0.10288 0.07776 -0.04048)
(-0.16743 0.13533 -0.08029)
(-0.12215 0.10003 -0.04483)
(-0.13590 0.12570 -0.08432)
(-0.04161 0.03418 -0.01559)
(-0.04921 0.04094 -0.02051)
(-0.03360 0.03266 -0.02226)
(-0.04990 0.05115 -0.04027)
(0.00210 -0.00212 0.00137)
(-0.01051 0.01221 -0.00971)
(-0.00534 0.00676 -0.00603)
(0.04392 -0.04266 0.02857)
(0.04268 -0.04000 0.02717)
(-0.03828 0.03635 -0.02424)
(0.03378 -0.03225 0.02129)
(0.01118 -0.01058 0.00670)
(-0.09156 0.08220 -0.06605)
(-0.06796 0.06360 -0.04294)
(0.00096 -0.00096 0.00052)
(0.00081 -0.00078 0.00045)
(-0.07308 0.06544 -0.04700)
(-0.12278 0.10513 -0.07407)
(-0.02166 0.01976 -0.01110)
(-0.04386 0.03850 -0.01834)
(-0.07505 0.06372 -0.02944)
(-0.02385 0.02055 -0.00888)
(-0.05171 0.04026 -0.01921)
(-0.05294 0.03482 -0.00938)
(-0.09252 0.06678 -0.03024)
(-0.00622 0.00399 -0.00042)
(-0.01461 0.01044 -0.00401)
(0.00179 -0.00116 0.00016)
(-0.06478 0.04841 -0.02386)
(-0.03636 0.02720 -0.01142)
(0.01545 -0.01116 0.00313)
(0.01022 -0.00833 0.00305)
(0.01771 -0.01461 0.00495)
(0.02015 -0.01911 0.01064)
(-0.00515 0.00459 -0.00210)
(-0.00832 0.00722 -0.00305)
(-0.00693 0.00479 -0.00123)
(0.00294 -0.00174 -0.00027)
)