/*--------------------------------*- C++ -*----------------------------------*\ 
| =========                 |                                                 | 
| \\      /  F ield         | OpenFOAM: The Open Source CFD Toolbox           | 
|  \\    /   O peration     | Version:  4.0                                   | 
|   \\  /    A nd           | Web:      www.OpenFOAM.org                      | 
|    \\/     M anipulation  |                                                 | 
\*---------------------------------------------------------------------------*/ 
FoamFile 
{ 
    version     2.0; 
    format      ascii; 
    class       vectorAverageField; 
    object      values; 
} 
// * * * * * * * * * * * * * * * * * * * * * * * * * * * * * * * * * * * * * // 
 
// Average 
(0 0 0) 
 
// Velocity data on points 
2447
(
(0.00466 0.00092 -0.00288)
(-0.00235 -0.00053 0.00173)
(-0.00310 -0.00383 0.00398)
(-0.00252 -0.00132 0.00211)
(0.00261 0.00254 -0.00255)
(-0.00634 -0.01052 0.00907)
(-0.00413 -0.00448 0.00422)
(-0.00911 -0.01302 0.00620)
(-0.00113 -0.00140 0.00075)
(0.00174 0.00203 -0.00100)
(-0.00682 -0.00870 0.00384)
(-0.00155 -0.00179 0.00074)
(0.00193 0.00180 -0.00086)
(-0.00826 -0.00919 0.00212)
(-0.00078 -0.00056 0.00025)
(0.00246 0.00177 -0.00080)
(-0.00828 -0.00594 0.00256)
(-0.00051 -0.00031 0.00017)
(0.00418 0.00245 -0.00118)
(-0.00085 -0.00049 0.00024)
(0.01801 -0.00124 -0.00525)
(-0.00280 -0.00008 0.00097)
(0.00259 -0.00002 -0.00098)
(0.00090 0.00009 -0.00045)
(-0.02089 -0.01179 0.01604)
(-0.01712 -0.01091 0.01473)
(-0.01429 -0.01228 0.01655)
(-0.00879 -0.01706 0.01408)
(-0.01332 -0.02891 0.02646)
(-0.01257 -0.03032 0.02349)
(-0.01182 -0.02612 0.02048)
(-0.01113 -0.02267 0.01363)
(-0.00524 -0.03163 0.01529)
(-0.01639 -0.02807 0.01144)
(-0.01582 -0.02303 0.00873)
(-0.01428 -0.01848 0.00628)
(-0.01859 -0.03042 0.01006)
(-0.02097 -0.02910 0.00862)
(-0.02449 -0.02897 0.00452)
(-0.01591 -0.01827 0.00363)
(-0.01723 -0.01586 0.00370)
(-0.02085 -0.02224 0.00644)
(-0.02039 -0.02067 0.00723)
(-0.02201 -0.01435 0.00476)
(-0.01627 -0.00908 0.00459)
(-0.03383 -0.01840 0.00746)
(-0.02180 -0.01232 0.00529)
(-0.00734 -0.00415 0.00206)
(-0.03363 -0.01552 0.01093)
(-0.00646 -0.00289 0.00192)
(0.00114 0.00049 -0.00038)
(0.00937 -0.00007 -0.00116)
(-0.00360 -0.00023 0.00067)
(-0.01225 -0.00072 0.00332)
(-0.02468 -0.00281 0.00936)
(-0.05877 -0.00877 0.02323)
(-0.04381 -0.00866 0.02194)
(-0.02741 -0.03365 0.03249)
(-0.02133 -0.01984 0.02255)
(-0.02031 -0.03062 0.02881)
(-0.00318 -0.03087 0.02574)
(0.01533 -0.02121 0.01844)
(0.02152 -0.02212 0.01413)
(0.01358 -0.02258 0.01192)
(0.00026 -0.02407 0.00516)
(0.01706 -0.02178 0.00994)
(0.01872 -0.01893 0.00638)
(-0.00103 -0.02358 0.00323)
(-0.00902 -0.02863 0.00784)
(0.00833 -0.01545 0.00173)
(-0.01165 -0.02177 0.00306)
(-0.01777 -0.02177 -0.00054)
(-0.02490 -0.02631 -0.00735)
(-0.02301 -0.02108 0.00514)
(-0.03444 -0.02180 0.01538)
(-0.05076 -0.02481 0.01476)
(-0.04111 -0.02183 0.01671)
(-0.06214 -0.02719 0.01901)
(-0.05677 -0.02465 0.01771)
(-0.03540 -0.01604 0.01181)
(-0.06246 -0.02472 0.01793)
(-0.05302 -0.02184 0.01673)
(-0.02799 -0.01195 0.01015)
(-0.00184 -0.00073 0.00061)
(-0.01819 -0.00435 0.00659)
(0.00695 0.00169 -0.00276)
(0.01385 0.00314 -0.00538)
(0.00064 -0.00001 -0.00004)
(-0.01753 0.00050 0.00168)
(-0.04391 -0.00167 0.00546)
(-0.05927 -0.00773 0.00903)
(-0.10225 -0.01072 0.01487)
(-0.09088 -0.01122 0.01413)
(-0.10067 -0.01378 0.01768)
(-0.06870 -0.01450 0.01935)
(-0.06762 -0.01147 0.02774)
(-0.03148 -0.02554 0.02781)
(-0.00926 -0.00608 -0.00751)
(-0.01219 -0.01597 0.00972)
(-0.00782 -0.01686 0.01393)
(-0.00173 -0.01952 0.01073)
(0.02089 -0.01454 0.00359)
(0.04043 -0.00760 0.00166)
(0.04395 -0.00520 -0.00077)
(0.03639 -0.00777 -0.00293)
(0.02714 -0.02047 0.00467)
(0.03332 -0.00477 0.00159)
(0.02393 -0.00246 -0.00036)
(0.01782 0.00229 -0.00101)
(0.00051 -0.01216 0.00068)
(-0.01376 -0.01971 0.00034)
(-0.01105 -0.01411 -0.00078)
(-0.01617 -0.01017 0.00109)
(-0.01290 -0.00653 0.00048)
(-0.04810 -0.02025 0.01386)
(-0.03294 -0.01354 0.01622)
(-0.06031 -0.02339 0.01743)
(-0.07782 -0.02845 0.02533)
(-0.07820 -0.01936 0.02769)
(-0.07816 -0.01873 0.02764)
(-0.05581 -0.01261 0.01771)
(-0.01868 -0.00269 0.00695)
(-0.08373 -0.00706 0.02664)
(-0.05848 -0.00806 0.02075)
(-0.00992 -0.00123 0.00367)
(-0.00289 -0.00023 0.00131)
(0.01254 -0.00022 -0.00091)
(-0.02683 0.00078 0.00152)
(-0.06446 0.00068 0.00432)
(-0.10514 -0.00214 0.00916)
(-0.13383 0.00042 0.00999)
(-0.10387 -0.00100 0.00051)
(-0.09594 -0.00775 0.00252)
(-0.07827 -0.00893 0.00389)
(-0.06124 -0.00681 0.00173)
(-0.00799 -0.00065 -0.01358)
(-0.00462 -0.00225 -0.01112)
(0.00051 -0.00290 -0.00986)
(0.00073 0.00242 -0.01548)
(0.00535 0.00289 -0.01507)
(0.01164 -0.01016 0.00065)
(0.04469 -0.00027 -0.00406)
(0.04629 -0.00004 -0.00419)
(0.04779 -0.00057 -0.00432)
(0.03979 -0.00246 -0.00631)
(0.04659 0.01185 -0.00804)
(0.04080 0.00355 0.00183)
(0.03168 0.01168 -0.00072)
(0.03971 0.01973 -0.01513)
(0.02769 0.01493 -0.01244)
(0.02037 0.00098 -0.00740)
(0.00193 -0.00200 -0.00480)
(-0.00124 -0.00223 -0.00412)
(-0.00606 -0.00358 -0.00272)
(-0.01140 -0.00529 -0.00090)
(-0.03696 -0.00663 0.00347)
(-0.07555 -0.01894 0.02665)
(-0.07806 -0.01809 0.02740)
(-0.07365 -0.01754 0.02558)
(-0.08385 -0.00976 0.02906)
(-0.07610 -0.00104 0.02786)
(-0.07791 0.00400 0.02490)
(-0.06325 0.00229 0.02726)
(-0.03310 0.00428 0.01752)
(-0.00345 0.00048 0.00193)
(-0.06001 0.01597 0.03735)
(-0.01367 0.00404 0.00947)
(-0.00078 0.00022 0.00054)
(-0.01524 0.00022 0.00088)
(-0.04383 0.00042 0.00246)
(-0.11002 -0.00214 0.00140)
(-0.12839 -0.00588 0.00522)
(-0.10477 -0.00366 -0.01124)
(-0.07901 -0.00329 -0.01084)
(-0.07121 -0.00350 -0.01201)
(-0.07056 -0.00260 -0.01360)
(-0.06397 -0.00175 -0.01542)
(-0.05012 -0.00987 -0.00713)
(-0.01045 -0.00003 -0.01551)
(-0.00460 0.00474 -0.02046)
(0.00023 0.00666 -0.02077)
(0.00523 0.00820 -0.02097)
(0.00954 0.00983 -0.02150)
(0.03662 0.02034 -0.02528)
(0.04814 0.00696 -0.00996)
(0.03075 0.05025 -0.06416)
(0.04163 0.04119 -0.04982)
(0.05180 0.01016 -0.01158)
(0.05202 0.00560 -0.00802)
(0.05239 0.03449 -0.03592)
(0.04972 0.06544 -0.06804)
(0.07018 0.05346 -0.04219)
(0.05309 0.03176 -0.02935)
(0.05150 0.03207 -0.02501)
(0.05683 0.04339 -0.04476)
(0.05570 0.04260 -0.04434)
(0.05586 0.04200 -0.04450)
(0.02270 0.00448 -0.01055)
(0.01181 0.00250 -0.01099)
(0.00762 0.00111 -0.01042)
(0.00258 -0.00104 -0.00878)
(-0.00333 0.00059 -0.00400)
(-0.03416 -0.00394 0.00257)
(-0.03159 -0.00020 0.00055)
(-0.05102 -0.00376 0.01060)
(-0.04783 0.01503 0.00747)
(-0.07030 0.01315 0.02744)
(-0.06741 0.01377 0.03281)
(-0.07987 0.02719 0.05276)
(-0.05085 0.01666 0.03476)
(-0.05876 0.02357 0.04338)
(-0.02007 0.00736 0.01508)
(-0.00934 0.00388 0.00750)
(0.00804 0.00026 -0.00107)
(-0.00193 0.00009 0.00016)
(-0.09226 -0.00560 0.01218)
(-0.12900 -0.00852 0.00818)
(-0.12015 -0.01534 0.00481)
(-0.08955 -0.00649 -0.00802)
(-0.06828 -0.00184 -0.01580)
(-0.06388 -0.00087 -0.01701)
(-0.05815 0.00245 -0.02163)
(-0.04239 0.00034 -0.02290)
(-0.01381 0.01366 -0.03654)
(-0.00044 0.01088 -0.02672)
(0.00469 0.02603 -0.04172)
(0.00586 0.01690 -0.03090)
(0.00909 0.01576 -0.02818)
(0.03236 0.02777 -0.03339)
(0.02421 0.03129 -0.04272)
(0.02170 0.07224 -0.09342)
(0.02585 0.07119 -0.09611)
(0.04064 0.07523 -0.10421)
(0.05252 0.06827 -0.08355)
(0.05722 0.08377 -0.08955)
(0.07237 0.07088 -0.05874)
(0.07018 0.05639 -0.06131)
(0.06281 0.05097 -0.05353)
(0.06355 0.04937 -0.05418)
(0.06680 0.05117 -0.05951)
(0.04110 0.02500 -0.04916)
(0.03484 0.01087 -0.02842)
(0.01804 0.00420 -0.02003)
(0.02517 0.00942 -0.02811)
(-0.00445 0.00510 -0.01900)
(0.01767 0.00550 -0.03010)
(-0.01713 0.01126 -0.00553)
(-0.02026 0.02475 -0.00770)
(-0.03206 0.02517 0.00005)
(-0.03945 0.02512 0.00899)
(-0.03501 0.03520 0.01585)
(-0.07078 0.03218 0.04966)
(-0.07351 0.03251 0.05383)
(-0.02957 0.01291 0.02376)
(-0.06873 0.03632 0.05442)
(-0.05728 0.02678 0.04589)
(-0.01842 0.01038 0.02108)
(-0.00089 0.00081 0.00198)
(0.02386 0.00130 -0.00539)
(-0.00080 -0.00005 0.00018)
(-0.04561 -0.00369 0.00966)
(-0.09201 -0.00741 0.01726)
(-0.12357 -0.01999 0.01518)
(-0.12150 -0.01976 0.02416)
(-0.09692 -0.02353 0.01141)
(-0.09860 -0.00977 -0.00145)
(-0.08299 -0.00611 -0.01199)
(-0.06606 0.00012 -0.02381)
(-0.04871 -0.00038 -0.01741)
(-0.03827 0.01596 -0.06159)
(-0.02104 0.02717 -0.06685)
(-0.01454 0.04220 -0.08177)
(-0.01470 0.06676 -0.10453)
(-0.02026 0.08704 -0.13815)
(0.01194 0.07791 -0.11029)
(0.03366 0.10189 -0.11738)
(0.03023 0.10192 -0.13130)
(0.03583 0.09068 -0.12973)
(0.03679 0.09879 -0.14028)
(0.04561 0.11185 -0.15451)
(0.05562 0.09984 -0.14367)
(0.05798 0.09935 -0.15301)
(0.06761 0.06004 -0.06638)
(0.06851 0.05774 -0.06753)
(0.07959 0.06051 -0.09131)
(0.09096 0.05142 -0.11076)
(0.09253 0.04824 -0.11654)
(0.07652 0.02869 -0.08890)
(0.06815 0.02420 -0.08152)
(0.04718 0.01301 -0.06029)
(0.01666 0.01533 -0.02750)
(-0.01933 0.02830 -0.00771)
(0.01658 0.02305 -0.00843)
(-0.00249 0.02683 0.01122)
(-0.01915 0.03644 0.01746)
(0.00354 0.03021 0.01037)
(-0.02404 0.03632 0.03043)
(-0.04196 0.03725 0.04206)
(-0.04707 0.03762 0.06505)
(-0.01654 0.03685 0.04910)
(-0.02396 0.02863 0.05815)
(-0.00774 0.00740 0.01724)
(-0.00452 0.00527 0.01015)
(0.00091 0.00012 -0.00031)
(-0.03455 -0.00355 0.01002)
(-0.10408 -0.01496 0.02880)
(-0.10468 -0.02605 0.04034)
(-0.09393 -0.03082 0.03594)
(-0.06600 -0.03260 0.02014)
(-0.08660 -0.02439 0.01167)
(-0.08300 -0.02408 0.00063)
(-0.06700 -0.02672 0.00894)
(-0.05607 -0.01460 -0.01538)
(-0.05275 -0.01212 -0.01916)
(-0.04652 0.01115 -0.05561)
(-0.04418 0.01584 -0.06954)
(-0.04198 0.02041 -0.07486)
(-0.03753 0.02953 -0.08215)
(-0.03277 0.06250 -0.10932)
(-0.04884 0.06088 -0.12065)
(-0.04108 0.07687 -0.13720)
(-0.02169 0.07222 -0.12681)
(-0.03258 0.09868 -0.15935)
(-0.02454 0.09538 -0.15090)
(-0.00944 0.11235 -0.16093)
(0.00135 0.11122 -0.16477)
(0.00042 0.12649 -0.19567)
(-0.00458 0.14275 -0.24825)
(0.00012 0.14170 -0.25085)
(0.01207 0.14155 -0.24694)
(0.05318 0.11435 -0.19262)
(0.07914 0.09019 -0.16031)
(0.08167 0.07367 -0.15641)
(0.09291 0.06161 -0.14224)
(0.10987 0.05777 -0.14009)
(0.10744 0.04947 -0.13433)
(0.09982 0.04578 -0.14424)
(0.07172 0.02237 -0.09931)
(0.09178 0.02880 -0.12503)
(0.06598 0.02706 -0.08377)
(0.07846 0.01974 -0.06685)
(0.06481 0.01355 -0.04642)
(0.08114 0.01819 -0.05289)
(0.02203 0.02587 -0.00878)
(0.03412 0.03548 -0.00415)
(0.01888 0.04007 0.01041)
(0.03603 0.04051 0.01909)
(0.01810 0.04437 0.04433)
(0.00708 0.04387 0.06012)
(-0.01434 0.03551 0.07868)
(-0.00671 0.01121 0.03472)
(0.00067 -0.00107 -0.00430)
(0.00684 0.02201 0.06547)
(-0.00939 -0.00217 0.00470)
(-0.05389 -0.01129 0.02230)
(-0.04902 -0.02040 0.03329)
(-0.08656 -0.02164 0.04063)
(-0.08064 -0.03749 0.04512)
(-0.06662 -0.03438 0.02503)
(-0.05919 -0.03350 0.02062)
(-0.06116 -0.03162 0.01687)
(-0.05799 -0.02853 0.00990)
(-0.05759 -0.00555 -0.03715)
(-0.04683 0.01505 -0.06924)
(-0.04699 0.02113 -0.07893)
(-0.05953 0.04768 -0.10997)
(-0.07999 0.09196 -0.17547)
(-0.08114 0.10178 -0.19531)
(-0.08967 0.13945 -0.23838)
(-0.07140 0.12779 -0.21692)
(-0.07537 0.15770 -0.26747)
(-0.12078 0.17390 -0.30846)
(-0.05839 0.15247 -0.24971)
(-0.03131 0.15348 -0.24263)
(-0.01919 0.14970 -0.27055)
(-0.01579 0.14904 -0.27462)
(-0.00965 0.14711 -0.27725)
(0.01352 0.13848 -0.26553)
(0.06197 0.10496 -0.20617)
(0.01468 0.14161 -0.31075)
(0.07491 0.09722 -0.21057)
(0.08827 0.08536 -0.19819)
(0.08770 0.07541 -0.21734)
(0.09463 0.06406 -0.20539)
(0.11378 0.05140 -0.19646)
(0.11074 0.04665 -0.18234)
(0.11102 0.04610 -0.18475)
(0.09357 0.03587 -0.12072)
(0.09973 0.03154 -0.10517)
(0.08934 0.01693 -0.06419)
(0.09175 0.01713 -0.06316)
(0.08310 0.01938 -0.05101)
(0.07422 0.03535 -0.02887)
(0.06560 0.03629 0.00880)
(0.05072 0.03651 0.04134)
(0.06366 0.04117 0.05616)
(0.03606 0.04140 0.06745)
(0.05623 0.04079 0.06802)
(0.02598 0.03607 0.08245)
(0.00872 0.01177 0.07281)
(0.00034 0.00038 0.00631)
(-0.00023 -0.00006 -0.00233)
(0.00231 0.00108 -0.00180)
(-0.00329 -0.00171 0.00285)
(-0.02455 -0.01278 0.02040)
(-0.06412 -0.03759 0.05631)
(-0.07191 -0.04241 0.05996)
(-0.06876 -0.04510 0.06627)
(-0.07075 -0.03739 0.04657)
(-0.05791 -0.03585 0.02588)
(-0.05709 -0.03009 0.01307)
(-0.05543 -0.03228 0.01700)
(-0.05685 -0.02637 0.00571)
(-0.05337 0.00433 -0.05613)
(-0.08241 0.01064 -0.06083)
(-0.05194 0.02025 -0.07885)
(-0.07862 0.04319 -0.11055)
(-0.12319 0.10213 -0.20135)
(-0.11364 0.11627 -0.23346)
(-0.11663 0.13383 -0.25150)
(-0.13802 0.17816 -0.32478)
(-0.12073 0.17775 -0.31594)
(-0.13893 0.18279 -0.33364)
(-0.12224 0.18164 -0.32486)
(-0.03561 0.15586 -0.29524)
(-0.03418 0.15583 -0.30022)
(-0.02809 0.15328 -0.30224)
(-0.02915 0.15495 -0.32872)
(-0.01190 0.15249 -0.35267)
(0.04852 0.12177 -0.28999)
(0.05202 0.12577 -0.33649)
(0.05833 0.12016 -0.32990)
(0.06337 0.11612 -0.32573)
(0.09895 0.06061 -0.24412)
(0.11215 0.05095 -0.20269)
(0.11274 0.04578 -0.18757)
(0.11117 0.04000 -0.16648)
(0.09869 0.01634 -0.07597)
(0.10141 0.01555 -0.07601)
(0.09968 0.02629 -0.04499)
(0.08425 0.03245 -0.01009)
(0.10057 0.03019 -0.00902)
(0.07441 0.02916 0.03049)
(0.07751 0.03580 0.05231)
(0.07080 0.03770 0.05858)
(0.06529 0.03813 0.06615)
(0.06024 0.03856 0.07262)
(0.02885 0.00449 0.09230)
(0.00385 0.00104 0.03397)
(0.00179 0.00011 0.01357)
(-0.00170 -0.00003 -0.01385)
(-0.00681 -0.00311 0.00617)
(-0.02406 -0.01401 0.02264)
(-0.04334 -0.02651 0.04136)
(-0.03579 -0.02332 0.03676)
(-0.06395 -0.04544 0.06685)
(-0.06284 -0.04721 0.06602)
(-0.04073 -0.04098 0.03363)
(-0.05007 -0.03816 0.04876)
(-0.05246 -0.03532 0.02208)
(-0.05523 -0.02991 0.01174)
(-0.07888 0.00091 -0.03748)
(-0.11469 0.03410 -0.09685)
(-0.09399 0.03839 -0.09948)
(-0.12529 0.06113 -0.12414)
(-0.13404 0.08224 -0.16405)
(-0.13655 0.10730 -0.19760)
(-0.16740 0.13781 -0.25991)
(-0.16542 0.14625 -0.28173)
(-0.15741 0.16409 -0.31964)
(-0.15877 0.18866 -0.35014)
(-0.14014 0.18665 -0.34438)
(-0.15909 0.19232 -0.36100)
(-0.14509 0.19340 -0.38647)
(-0.10303 0.18308 -0.37647)
(-0.08927 0.18134 -0.38484)
(-0.09129 0.18500 -0.42288)
(-0.08914 0.18319 -0.44381)
(0.00250 0.13999 -0.36698)
(0.03249 0.12824 -0.35074)
(0.04492 0.12680 -0.35322)
(0.05177 0.12227 -0.34739)
(0.07388 0.08656 -0.31560)
(0.10976 0.05628 -0.22266)
(0.10897 0.05669 -0.22742)
(0.11396 0.04920 -0.20552)
(0.11627 0.04342 -0.19450)
(0.10888 0.03543 -0.15296)
(0.11177 0.03453 -0.15343)
(0.11825 0.02565 -0.08220)
(0.11111 0.03473 -0.12633)
(0.11792 0.03752 -0.06363)
(0.11530 0.03045 -0.03780)
(0.11668 0.03158 -0.05957)
(0.09912 0.02684 0.01095)
(0.08411 0.03333 0.05175)
(0.07785 0.03521 0.05820)
(0.07516 0.03550 0.06388)
(0.07291 0.03539 0.06921)
(0.06693 0.03588 0.07503)
(0.06012 0.01961 0.10366)
(0.03186 0.00828 0.10859)
(0.00985 0.00092 0.04578)
(-0.00079 0.00005 -0.00555)
(0.00025 0.00016 -0.00033)
(-0.00331 -0.00241 0.00497)
(-0.01955 -0.01519 0.03060)
(-0.05633 -0.04072 0.06136)
(-0.05685 -0.03925 0.06642)
(-0.04716 -0.04588 0.06550)
(-0.02590 -0.04525 0.06613)
(-0.05111 -0.03982 0.05079)
(-0.04544 -0.03652 0.03618)
(-0.04703 -0.03518 0.03982)
(-0.04909 -0.03030 0.03506)
(-0.05580 -0.01801 0.01544)
(-0.10559 0.01888 -0.03619)
(-0.12285 0.03838 -0.09147)
(-0.13216 0.04862 -0.11484)
(-0.18156 0.09170 -0.18716)
(-0.18639 0.11984 -0.22041)
(-0.19370 0.14216 -0.27976)
(-0.20435 0.15384 -0.30151)
(-0.24230 0.18876 -0.38051)
(-0.26118 0.20960 -0.41880)
(-0.26304 0.23129 -0.46883)
(-0.19445 0.21030 -0.42570)
(-0.26167 0.23608 -0.48995)
(-0.20161 0.21727 -0.48620)
(-0.19891 0.21971 -0.50198)
(-0.14471 0.20066 -0.47373)
(-0.13486 0.19937 -0.47950)
(-0.05582 0.16397 -0.43581)
(-0.13146 0.19731 -0.51768)
(-0.03660 0.15699 -0.44236)
(0.00030 0.14126 -0.40295)
(0.01985 0.13459 -0.38247)
(0.02050 0.12286 -0.38886)
(0.05765 0.09750 -0.34122)
(0.04731 0.10546 -0.36189)
(0.10507 0.06172 -0.25830)
(0.07838 0.07688 -0.27597)
(0.12207 0.03818 -0.20957)
(0.12325 0.03714 -0.20748)
(0.10148 0.03145 -0.14850)
(0.10382 0.03163 -0.10664)
(0.09498 0.02166 -0.08073)
(0.10758 0.01952 -0.02817)
(0.10770 0.02330 -0.00868)
(0.09539 0.01562 0.03653)
(0.08378 0.01149 0.06742)
(0.07122 0.02494 0.09099)
(0.06105 0.00701 0.12218)
(0.04218 0.01056 0.13287)
(0.06650 0.00682 0.10486)
(0.04922 0.01085 0.13936)
(0.01879 -0.00257 0.06997)
(0.00099 -0.00026 0.00399)
(-0.00188 0.00083 -0.00890)
(-0.00009 -0.00153 0.00275)
(-0.00787 -0.00728 0.01417)
(-0.02853 -0.04013 0.06753)
(-0.00817 -0.03631 0.06290)
(-0.01720 -0.03824 0.06639)
(-0.01903 -0.04052 0.06523)
(-0.01154 -0.03259 0.06553)
(-0.03962 -0.02882 0.04508)
(-0.04975 -0.03410 0.03975)
(-0.12581 0.02449 -0.02517)
(-0.12061 0.02339 -0.03136)
(-0.13646 0.04377 -0.06421)
(-0.16693 0.07114 -0.11977)
(-0.21140 0.10890 -0.19454)
(-0.30391 0.17386 -0.33134)
(-0.31865 0.18720 -0.35866)
(-0.28358 0.17716 -0.34230)
(-0.30110 0.20565 -0.40264)
(-0.29070 0.21355 -0.43003)
(-0.31744 0.23983 -0.48577)
(-0.31282 0.24729 -0.52845)
(-0.24454 0.22666 -0.51495)
(-0.23184 0.22788 -0.53389)
(-0.22537 0.22972 -0.54195)
(-0.22972 0.23150 -0.58777)
(-0.21972 0.22865 -0.58650)
(-0.08727 0.18176 -0.48602)
(-0.05244 0.16824 -0.46964)
(-0.07059 0.16145 -0.48680)
(-0.06140 0.15754 -0.47951)
(0.01845 0.12500 -0.40356)
(0.02210 0.12167 -0.39709)
(0.06234 0.09041 -0.30686)
(0.05360 0.08462 -0.31074)
(0.10300 0.05120 -0.23036)
(0.08600 0.05564 -0.22908)
(0.07988 0.04659 -0.18343)
(0.08253 0.02879 -0.12508)
(0.07786 0.02795 -0.11104)
(0.09073 0.01886 -0.07112)
(0.09897 0.02174 -0.00676)
(0.08237 0.02074 -0.04106)
(0.09526 0.01933 0.02115)
(0.09008 0.00718 0.05696)
(0.07854 -0.00548 0.07008)
(0.06681 0.00558 0.10168)
(0.05050 0.00608 0.12471)
(0.04954 0.01329 0.14055)
(0.04545 -0.00337 0.14453)
(0.02509 -0.00307 0.09929)
(0.00395 -0.00155 0.01818)
(0.00164 -0.00163 0.01007)
(-0.00013 0.00259 -0.00460)
(0.00020 -0.01057 0.01840)
(0.00008 -0.00101 0.00178)
(0.00190 -0.01318 0.02259)
(0.00336 -0.03657 0.05567)
(-0.01062 -0.03634 0.06526)
(0.00233 -0.03542 0.05836)
(-0.00955 -0.02766 0.06155)
(-0.02904 -0.01565 0.05238)
(-0.03833 -0.02125 0.05589)
(-0.06223 0.00022 0.04002)
(-0.06154 -0.00529 0.03114)
(-0.10884 0.01516 0.00379)
(-0.19647 0.07967 -0.08910)
(-0.21389 0.09349 -0.11501)
(-0.22048 0.10406 -0.15878)
(-0.28485 0.15528 -0.28380)
(-0.32880 0.19056 -0.35710)
(-0.33552 0.19970 -0.38274)
(-0.33819 0.22020 -0.44416)
(-0.36704 0.25093 -0.50806)
(-0.36960 0.26095 -0.54758)
(-0.38076 0.28607 -0.59698)
(-0.30598 0.24639 -0.53785)
(-0.29668 0.24995 -0.56411)
(-0.26575 0.24307 -0.58655)
(-0.24836 0.23973 -0.59974)
(-0.24109 0.23820 -0.59972)
(-0.21281 0.22735 -0.58736)
(-0.12676 0.19200 -0.53093)
(-0.08954 0.17205 -0.50546)
(-0.08308 0.16897 -0.49914)
(-0.04493 0.15339 -0.46516)
(-0.03973 0.14530 -0.44136)
(0.01015 0.11834 -0.37654)
(-0.00941 0.12150 -0.36731)
(-0.00082 0.11343 -0.34712)
(0.03773 0.08572 -0.28713)
(0.05429 0.05472 -0.19230)
(0.07164 0.03350 -0.13227)
(0.06725 0.03169 -0.11986)
(0.07407 0.02699 -0.09823)
(0.07627 0.02032 -0.06620)
(0.06875 0.01425 0.00605)
(0.07971 -0.00371 0.06266)
(0.07520 -0.00517 0.07790)
(0.07190 -0.00040 0.09310)
(0.05803 -0.00840 0.11461)
(0.04972 -0.01127 0.12855)
(0.03912 -0.01707 0.14080)
(0.02180 -0.01952 0.12500)
(0.00383 -0.00425 0.02402)
(-0.00054 0.00254 -0.00438)
(0.00121 -0.00466 0.00795)
(0.00724 -0.02850 0.04767)
(0.00769 -0.02214 0.03715)
(0.01098 -0.02921 0.04892)
(-0.00127 -0.02586 0.05300)
(-0.01443 -0.02447 0.05727)
(-0.03804 -0.00931 0.04615)
(-0.07169 0.01007 0.03167)
(-0.08502 0.01768 0.02792)
(-0.11114 0.02282 0.00229)
(-0.20014 0.08303 -0.08438)
(-0.21718 0.09619 -0.10605)
(-0.23588 0.11003 -0.13091)
(-0.23350 0.10817 -0.13527)
(-0.28059 0.14705 -0.22081)
(-0.33071 0.18947 -0.33516)
(-0.34951 0.20328 -0.37855)
(-0.39266 0.24483 -0.44252)
(-0.35162 0.21056 -0.40609)
(-0.38553 0.25900 -0.51708)
(-0.38779 0.26200 -0.52783)
(-0.39534 0.29040 -0.60070)
(-0.37440 0.28468 -0.60276)
(-0.37127 0.28470 -0.60819)
(-0.26531 0.24675 -0.61089)
(-0.26012 0.24616 -0.61117)
(-0.23358 0.23656 -0.60017)
(-0.22828 0.23594 -0.60233)
(-0.18737 0.22594 -0.58662)
(-0.16017 0.21531 -0.57230)
(-0.08345 0.17221 -0.48947)
(-0.12170 0.19491 -0.52366)
(-0.05890 0.15806 -0.46100)
(-0.02841 0.13106 -0.38245)
(-0.02899 0.12737 -0.37003)
(-0.01264 0.11590 -0.34436)
(-0.01732 0.10018 -0.29464)
(0.05894 0.03785 -0.14167)
(0.05461 0.03545 -0.13147)
(0.06380 0.02857 -0.10692)
(0.05143 0.01401 -0.07004)
(0.05907 0.00422 0.00309)
(0.06190 0.00440 0.01335)
(0.05611 -0.01941 0.07393)
(0.05387 -0.01351 0.09646)
(0.05346 -0.01291 0.10317)
(0.05129 -0.01884 0.10173)
(0.05103 -0.01822 0.10792)
(0.05028 -0.01868 0.11480)
(0.03795 -0.02324 0.14207)
(0.02839 -0.02959 0.16655)
(0.02502 -0.03112 0.15293)
(0.00593 -0.00758 0.03836)
(-0.00174 0.00227 -0.01158)
(-0.00044 0.00103 -0.00169)
(0.00379 -0.00828 0.01344)
(0.02413 -0.02601 0.03988)
(0.01775 -0.03067 0.05165)
(0.02556 -0.02965 0.04984)
(0.00327 -0.02098 0.05161)
(-0.01890 -0.01034 0.04326)
(-0.06737 0.01070 0.03158)
(-0.08340 0.01945 0.02684)
(-0.13576 0.04663 0.00065)
(-0.16293 0.06268 -0.03416)
(-0.21767 0.09768 -0.09945)
(-0.23507 0.11054 -0.12366)
(-0.29135 0.15499 -0.19044)
(-0.25756 0.12578 -0.16015)
(-0.34403 0.19598 -0.29120)
(-0.37448 0.22118 -0.35955)
(-0.41554 0.25619 -0.43486)
(-0.43040 0.27979 -0.51022)
(-0.43328 0.27983 -0.54778)
(-0.41897 0.29008 -0.58448)
(-0.38808 0.28949 -0.60589)
(-0.39954 0.29359 -0.60656)
(-0.38281 0.28907 -0.61193)
(-0.35111 0.27745 -0.63257)
(-0.32385 0.27598 -0.63904)
(-0.25258 0.24452 -0.61124)
(-0.25166 0.24892 -0.62204)
(-0.23748 0.24960 -0.62448)
(-0.22456 0.24590 -0.62010)
(-0.16337 0.21712 -0.56164)
(-0.15594 0.21525 -0.55286)
(-0.11944 0.19110 -0.51401)
(-0.07473 0.15477 -0.44009)
(-0.04735 0.13655 -0.38590)
(-0.02912 0.12286 -0.35642)
(-0.04463 0.10766 -0.31180)
(0.01038 0.06520 -0.20137)
(0.00042 0.05603 -0.18413)
(0.02173 0.02883 -0.10989)
(0.01650 0.00804 -0.06661)
(0.04336 0.00023 -0.01006)
(0.04527 -0.00571 0.02675)
(0.03233 -0.02181 0.02030)
(0.03968 -0.01251 0.04922)
(0.05041 -0.02182 0.09686)
(0.04947 -0.02371 0.11009)
(0.03861 -0.04211 0.12993)
(0.03160 -0.04065 0.14424)
(0.02814 -0.03493 0.16829)
(0.03008 -0.03983 0.17027)
(0.00798 -0.01165 0.05304)
(-0.00034 0.00051 -0.00236)
(0.00085 -0.00057 0.00066)
(0.01946 -0.01568 0.01983)
(0.01847 -0.01245 0.01395)
(0.03091 -0.02980 0.04617)
(0.02978 -0.03028 0.04947)
(0.02593 -0.02900 0.05092)
(0.00813 -0.01905 0.05221)
(-0.03165 -0.00094 0.04460)
(-0.04364 -0.00085 0.04208)
(-0.07844 0.01900 0.02639)
(-0.12499 0.04688 0.01096)
(-0.17606 0.07723 -0.04157)
(-0.23602 0.11444 -0.10779)
(-0.28311 0.15943 -0.17033)
(-0.35982 0.20750 -0.29038)
(-0.41610 0.24347 -0.37245)
(-0.40817 0.24877 -0.38334)
(-0.44537 0.28475 -0.50899)
(-0.44721 0.29119 -0.48091)
(-0.45520 0.30406 -0.55770)
(-0.45008 0.31262 -0.57633)
(-0.44919 0.31974 -0.61092)
(-0.39236 0.29305 -0.61223)
(-0.37821 0.29239 -0.64708)
(-0.37803 0.30260 -0.66788)
(-0.31309 0.27609 -0.64739)
(-0.31087 0.28116 -0.65942)
(-0.27421 0.26934 -0.64654)
(-0.26691 0.26569 -0.64921)
(-0.20397 0.23902 -0.60113)
(-0.20451 0.24031 -0.59845)
(-0.14969 0.20624 -0.52983)
(-0.15508 0.20142 -0.51193)
(-0.16460 0.20036 -0.49743)
(-0.10461 0.15415 -0.40341)
(-0.09649 0.13583 -0.36577)
(-0.05838 0.09073 -0.26930)
(-0.05797 0.08730 -0.26123)
(-0.00988 0.03368 -0.13832)
(-0.01657 0.02671 -0.11108)
(0.02239 -0.00237 -0.02793)
(0.01242 -0.02340 0.00328)
(0.03672 -0.02965 0.07192)
(0.03236 -0.04629 0.08936)
(0.04886 -0.02923 0.10960)
(0.02550 -0.07499 0.12548)
(0.03007 -0.06167 0.14604)
(0.03155 -0.05832 0.15100)
(0.03264 -0.07261 0.16611)
(0.02997 -0.06470 0.17532)
(0.00950 -0.02642 0.07569)
(0.00056 -0.00156 0.00562)
(0.00373 -0.00252 0.00284)
(0.02343 -0.01931 0.02807)
(0.03176 -0.02853 0.04612)
(0.02137 -0.02406 0.05365)
(0.01603 -0.02572 0.05638)
(-0.02601 -0.00519 0.04727)
(-0.08199 0.02567 0.03609)
(-0.06483 0.01527 0.04127)
(-0.10380 0.03813 0.02632)
(-0.13773 0.05977 0.00477)
(-0.21799 0.11493 -0.07892)
(-0.26419 0.14795 -0.13950)
(-0.31731 0.18745 -0.22446)
(-0.30399 0.18158 -0.20153)
(-0.38435 0.22710 -0.32962)
(-0.40626 0.26080 -0.37937)
(-0.45591 0.31757 -0.48577)
(-0.46174 0.31198 -0.52372)
(-0.46788 0.32314 -0.56746)
(-0.45901 0.32160 -0.58462)
(-0.44456 0.32366 -0.63171)
(-0.42620 0.32174 -0.65560)
(-0.40576 0.31741 -0.66484)
(-0.36150 0.29727 -0.66626)
(-0.33992 0.29270 -0.67035)
(-0.32309 0.29368 -0.68010)
(-0.31733 0.29086 -0.67543)
(-0.26153 0.26297 -0.64271)
(-0.26704 0.26831 -0.63798)
(-0.20360 0.23649 -0.58028)
(-0.20023 0.22601 -0.54662)
(-0.19014 0.20638 -0.50374)
(-0.14397 0.17322 -0.44390)
(-0.13868 0.15316 -0.40392)
(-0.06521 0.09348 -0.27623)
(-0.07570 0.07880 -0.25191)
(-0.03770 0.04288 -0.17644)
(-0.05934 0.01313 -0.13783)
(-0.02188 -0.00045 -0.08208)
(-0.00730 -0.03712 -0.01022)
(0.01186 -0.02978 0.01053)
(0.02803 -0.04712 0.06137)
(0.01148 -0.07756 0.07250)
(0.01045 -0.07970 0.09289)
(0.02442 -0.07741 0.12126)
(0.03208 -0.07555 0.15238)
(0.02972 -0.08273 0.16990)
(0.02842 -0.07718 0.17104)
(0.01620 -0.05154 0.13107)
(0.00759 -0.02340 0.06484)
(0.00105 -0.00341 0.00975)
(-0.00229 0.00159 -0.00203)
(0.00835 -0.00593 0.00813)
(0.02848 -0.02035 0.02947)
(0.03490 -0.02986 0.05073)
(0.02293 -0.02638 0.05629)
(0.01181 -0.02261 0.05885)
(-0.02268 -0.00483 0.04933)
(0.00429 -0.02007 0.06043)
(-0.06727 0.01768 0.03769)
(-0.09455 0.03242 0.03145)
(-0.11028 0.04229 0.02191)
(-0.16199 0.09321 -0.02562)
(-0.19477 0.10316 -0.05722)
(-0.22940 0.13962 -0.10930)
(-0.29152 0.20209 -0.20336)
(-0.34507 0.22708 -0.27079)
(-0.31986 0.23147 -0.25158)
(-0.37179 0.25300 -0.32891)
(-0.45285 0.32187 -0.47851)
(-0.46013 0.32522 -0.50238)
(-0.46348 0.33101 -0.51692)
(-0.46249 0.33838 -0.55775)
(-0.45545 0.32990 -0.63595)
(-0.45186 0.33796 -0.64836)
(-0.42601 0.34030 -0.66941)
(-0.40051 0.32532 -0.67415)
(-0.38369 0.31172 -0.68231)
(-0.36657 0.30994 -0.69178)
(-0.35696 0.31222 -0.69667)
(-0.35202 0.31092 -0.69713)
(-0.29671 0.28033 -0.65814)
(-0.27737 0.27363 -0.64694)
(-0.26392 0.26616 -0.63081)
(-0.25216 0.25835 -0.61336)
(-0.23269 0.23029 -0.54230)
(-0.18667 0.19703 -0.47970)
(-0.18647 0.16625 -0.41561)
(-0.13975 0.13495 -0.36696)
(-0.13275 0.10603 -0.30468)
(-0.07140 0.02672 -0.16665)
(-0.06870 0.01521 -0.14771)
(-0.05583 0.00263 -0.12136)
(-0.05231 -0.00755 -0.10749)
(0.00083 -0.06536 0.03990)
(0.00810 -0.08237 0.06986)
(0.00941 -0.08382 0.09571)
(0.01622 -0.09145 0.10073)
(0.02221 -0.09143 0.12627)
(0.02312 -0.09169 0.15071)
(0.01805 -0.09885 0.16297)
(0.02164 -0.09700 0.16307)
(0.02130 -0.09032 0.18743)
(0.01081 -0.06000 0.12760)
(0.00097 -0.00619 0.01378)
(0.00088 -0.00628 0.01368)
(0.00715 -0.00493 0.00568)
(0.03776 -0.02803 0.03669)
(0.02216 -0.02724 0.05917)
(0.01768 -0.02548 0.05948)
(0.01085 -0.02302 0.06060)
(0.00300 -0.02063 0.06302)
(-0.05271 0.00956 0.04228)
(-0.07994 0.02987 0.03276)
(-0.10527 0.03863 0.02601)
(-0.14618 0.08846 -0.02065)
(-0.20942 0.13062 -0.09604)
(-0.29188 0.21064 -0.21212)
(-0.30608 0.22619 -0.23523)
(-0.33263 0.24517 -0.27158)
(-0.36891 0.27773 -0.33904)
(-0.45620 0.32904 -0.49189)
(-0.45219 0.33515 -0.48260)
(-0.45991 0.33521 -0.50693)
(-0.46507 0.36219 -0.54546)
(-0.45703 0.36799 -0.59673)
(-0.45575 0.35988 -0.59899)
(-0.45692 0.36095 -0.63606)
(-0.42926 0.36370 -0.65945)
(-0.42505 0.36204 -0.66748)
(-0.39337 0.32950 -0.68290)
(-0.36426 0.31734 -0.70065)
(-0.35976 0.31599 -0.70142)
(-0.34935 0.31015 -0.69834)
(-0.32024 0.29603 -0.67708)
(-0.27527 0.27214 -0.64196)
(-0.27506 0.26768 -0.62476)
(-0.25888 0.24861 -0.57564)
(-0.22592 0.22180 -0.52358)
(-0.19956 0.17460 -0.42982)
(-0.18251 0.15734 -0.39961)
(-0.18079 0.14968 -0.38667)
(-0.08149 0.02813 -0.17384)
(-0.07883 0.01786 -0.15777)
(-0.06466 0.00374 -0.13050)
(-0.05977 -0.00926 -0.11326)
(-0.02269 -0.05768 -0.00542)
(0.00611 -0.09743 0.05962)
(0.00921 -0.10893 0.10806)
(0.01865 -0.11299 0.12825)
(0.02084 -0.10468 0.15178)
(0.01892 -0.10861 0.16054)
(0.01957 -0.10634 0.16318)
(0.01691 -0.09581 0.19129)
(0.01139 -0.07092 0.14772)
(0.00582 -0.03855 0.08209)
(0.01041 -0.07336 0.15149)
(0.00128 -0.01029 0.02217)
(0.00178 -0.00125 0.00146)
(0.01363 -0.00967 0.01139)
(0.00875 -0.00635 0.00743)
(0.03243 -0.02359 0.02839)
(0.03843 -0.03490 0.05555)
(0.02545 -0.03006 0.05801)
(0.01629 -0.02649 0.06267)
(0.00806 -0.02448 0.06547)
(0.01015 -0.02368 0.06266)
(-0.02267 -0.00825 0.06317)
(-0.03519 0.00128 0.05533)
(-0.06191 0.01607 0.04600)
(-0.10143 0.06003 0.00764)
(-0.13991 0.09019 -0.02437)
(-0.16561 0.11252 -0.06136)
(-0.25076 0.17930 -0.15934)
(-0.29569 0.22447 -0.22513)
(-0.32112 0.24285 -0.25874)
(-0.34631 0.27452 -0.30167)
(-0.41591 0.36799 -0.42308)
(-0.45557 0.34103 -0.49620)
(-0.45122 0.38513 -0.52418)
(-0.45839 0.40756 -0.57779)
(-0.45006 0.37780 -0.62614)
(-0.43625 0.37398 -0.65336)
(-0.42866 0.36994 -0.66554)
(-0.41545 0.35596 -0.68398)
(-0.38692 0.34286 -0.70414)
(-0.36617 0.32132 -0.70565)
(-0.35537 0.31386 -0.70295)
(-0.33881 0.30631 -0.70034)
(-0.30314 0.28634 -0.66305)
(-0.30330 0.28210 -0.64024)
(-0.29521 0.27498 -0.61308)
(-0.24796 0.23273 -0.53839)
(-0.22378 0.19483 -0.46520)
(-0.19451 0.16386 -0.41072)
(-0.19055 0.15266 -0.39204)
(-0.13639 0.07340 -0.26183)
(-0.10307 0.02752 -0.18798)
(-0.07379 0.00521 -0.13940)
(-0.06319 -0.03047 -0.08672)
(-0.03551 -0.06620 -0.01772)
(-0.02982 -0.09232 0.02064)
(0.00246 -0.11069 0.08070)
(0.01541 -0.11672 0.11082)
(0.01899 -0.11747 0.12320)
(0.01378 -0.11743 0.14982)
(0.01359 -0.10928 0.18060)
(0.01577 -0.09933 0.19399)
(0.01436 -0.09894 0.19585)
(0.01273 -0.09652 0.19625)
(0.00794 -0.06457 0.13425)
(0.00074 -0.01100 0.02400)
(-0.00052 0.00878 -0.01947)
(0.00081 -0.00069 0.00072)
(0.00985 -0.00842 0.00891)
(0.04757 -0.03945 0.04753)
(0.02970 -0.02707 0.02855)
(0.04283 -0.04656 0.06104)
(0.03262 -0.03822 0.06226)
(0.02725 -0.03773 0.06475)
(0.00840 -0.03033 0.07157)
(-0.00210 -0.02015 0.06783)
(-0.03708 -0.00262 0.06675)
(-0.04873 -0.00126 0.07422)
(-0.06277 0.02569 0.04219)
(-0.10900 0.06328 0.00395)
(-0.15188 0.12207 -0.04533)
(-0.20266 0.16336 -0.10821)
(-0.22480 0.19395 -0.14206)
(-0.30157 0.28257 -0.24106)
(-0.31126 0.24265 -0.24962)
(-0.35090 0.30493 -0.30981)
(-0.39078 0.37045 -0.38819)
(-0.42293 0.38219 -0.44855)
(-0.45043 0.41770 -0.51320)
(-0.45784 0.43406 -0.54678)
(-0.46500 0.40673 -0.61046)
(-0.44876 0.42509 -0.62754)
(-0.44289 0.42832 -0.66294)
(-0.42107 0.38013 -0.69589)
(-0.40632 0.36755 -0.70559)
(-0.39105 0.36417 -0.71884)
(-0.36855 0.33064 -0.71747)
(-0.35168 0.31250 -0.70704)
(-0.32857 0.29803 -0.69252)
(-0.31952 0.28903 -0.66169)
(-0.31357 0.28381 -0.64261)
(-0.28432 0.25745 -0.57977)
(-0.28396 0.24059 -0.53935)
(-0.20486 0.16993 -0.41958)
(-0.21253 0.15434 -0.38509)
(-0.18478 0.10966 -0.32292)
(-0.17462 0.06764 -0.25599)
(-0.12603 0.00742 -0.15312)
(-0.10844 -0.01502 -0.11926)
(-0.05940 -0.08084 -0.01806)
(-0.03510 -0.09685 0.02205)
(-0.01260 -0.10982 0.07153)
(-0.00641 -0.12076 0.10337)
(0.01427 -0.12387 0.13008)
(0.00419 -0.12671 0.17604)
(0.00736 -0.12040 0.17949)
(0.00745 -0.12646 0.19951)
(0.00854 -0.12005 0.21447)
(0.00582 -0.09985 0.19146)
(0.00241 -0.06025 0.12193)
(0.00039 -0.01709 0.03593)
(0.00004 0.00647 -0.01488)
(0.00576 -0.00577 0.00586)
(0.03089 -0.03218 0.03413)
(0.04212 -0.04498 0.05396)
(0.02846 -0.04171 0.06246)
(0.02179 -0.03593 0.06728)
(0.01858 -0.03694 0.07103)
(0.01135 -0.02463 0.06514)
(0.00089 -0.02180 0.06775)
(-0.01283 -0.01061 0.06747)
(-0.02601 0.00033 0.05884)
(-0.03865 0.00384 0.06329)
(-0.06058 0.03345 0.03773)
(-0.08293 0.05472 0.01704)
(-0.09116 0.07694 0.00886)
(-0.10640 0.09256 -0.00634)
(-0.19644 0.16555 -0.10508)
(-0.12725 0.12517 -0.03363)
(-0.21556 0.20083 -0.14031)
(-0.25913 0.26602 -0.19226)
(-0.33544 0.33049 -0.29499)
(-0.37998 0.37862 -0.37241)
(-0.41069 0.39683 -0.42135)
(-0.43720 0.45150 -0.48922)
(-0.44621 0.50246 -0.54017)
(-0.45078 0.44784 -0.59438)
(-0.44569 0.44779 -0.61398)
(-0.44494 0.45503 -0.67178)
(-0.43483 0.42965 -0.68403)
(-0.41772 0.40178 -0.69991)
(-0.39775 0.37352 -0.72146)
(-0.37352 0.34234 -0.71995)
(-0.35492 0.33161 -0.71672)
(-0.34009 0.30445 -0.70889)
(-0.33848 0.30352 -0.67452)
(-0.34053 0.29805 -0.64601)
(-0.30920 0.27348 -0.59245)
(-0.29871 0.24707 -0.54326)
(-0.28494 0.21875 -0.48484)
(-0.28286 0.19977 -0.45013)
(-0.22711 0.13062 -0.34960)
(-0.18937 0.08128 -0.27925)
(-0.17591 0.03265 -0.19202)
(-0.12106 -0.02100 -0.10849)
(-0.12851 -0.03560 -0.07945)
(-0.06366 -0.08498 0.01657)
(-0.02690 -0.11325 0.07385)
(-0.04398 -0.12431 0.10791)
(-0.03824 -0.12735 0.12005)
(-0.02498 -0.12737 0.13659)
(-0.03579 -0.12927 0.13433)
(-0.00942 -0.12901 0.16995)
(0.00275 -0.12782 0.20614)
(0.00209 -0.12584 0.20599)
(-0.00158 -0.11233 0.21351)
(-0.00114 -0.03464 0.07186)
(-0.00047 -0.00528 0.01203)
(0.00019 0.00203 -0.00465)
(0.00111 -0.00113 0.00107)
(0.01721 -0.01780 0.01729)
(0.04320 -0.04635 0.04732)
(0.04415 -0.04788 0.05262)
(0.03486 -0.04237 0.05364)
(0.03067 -0.04286 0.06046)
(0.02363 -0.03733 0.06582)
(0.00739 -0.01625 0.05952)
(0.00111 -0.01179 0.06073)
(-0.00033 -0.00755 0.05840)
(-0.04806 0.03226 0.03525)
(-0.08614 0.07679 0.01023)
(-0.10013 0.09132 -0.00271)
(-0.11086 0.10746 -0.01402)
(-0.17241 0.19038 -0.10173)
(-0.22369 0.25851 -0.15611)
(-0.30182 0.32593 -0.25762)
(-0.34199 0.39624 -0.32164)
(-0.38926 0.41505 -0.39244)
(-0.35961 0.42595 -0.36360)
(-0.41853 0.47194 -0.47607)
(-0.44439 0.51539 -0.53336)
(-0.44879 0.50890 -0.55438)
(-0.44602 0.50315 -0.57919)
(-0.43859 0.47446 -0.64627)
(-0.44006 0.45102 -0.67850)
(-0.42315 0.42810 -0.69630)
(-0.40288 0.41664 -0.70852)
(-0.37260 0.35777 -0.71993)
(-0.36205 0.35397 -0.71113)
(-0.35069 0.32800 -0.70377)
(-0.34311 0.30710 -0.67456)
(-0.34399 0.30105 -0.64732)
(-0.34077 0.29542 -0.63211)
(-0.32752 0.27238 -0.57747)
(-0.30209 0.22742 -0.49674)
(-0.28989 0.19929 -0.44940)
(-0.28874 0.17303 -0.37747)
(-0.22753 0.09707 -0.28612)
(-0.18158 0.01903 -0.15266)
(-0.16254 -0.00234 -0.12177)
(-0.15506 -0.01476 -0.09806)
(-0.11583 -0.04747 -0.03176)
(-0.05964 -0.11284 0.08740)
(-0.04191 -0.12704 0.12772)
(-0.02185 -0.13687 0.16226)
(-0.01497 -0.13104 0.17941)
(-0.01690 -0.13381 0.19022)
(-0.00424 -0.13641 0.20245)
(-0.00230 -0.13581 0.21292)
(-0.00165 -0.11797 0.20067)
(-0.00134 -0.03920 0.07822)
(-0.00008 -0.00278 0.00560)
(0.00074 -0.00068 0.00041)
(0.02202 -0.02066 0.01286)
(0.04673 -0.04161 0.03227)
(0.05222 -0.04872 0.03572)
(0.04722 -0.04634 0.04083)
(0.02935 -0.04124 0.05484)
(0.02547 -0.03215 0.05238)
(0.02560 -0.03936 0.05823)
(0.01096 -0.01663 0.05637)
(0.00544 -0.01206 0.05750)
(0.00914 -0.01189 0.05406)
(0.00353 -0.00703 0.05517)
(-0.00120 -0.00246 0.05510)
(-0.06007 0.06825 0.01481)
(-0.09411 0.08971 0.00098)
(-0.10542 0.10571 -0.00873)
(-0.17308 0.20302 -0.09925)
(-0.20616 0.24652 -0.13430)
(-0.27767 0.33579 -0.23041)
(-0.31790 0.40450 -0.29226)
(-0.33273 0.42620 -0.31450)
(-0.40535 0.47902 -0.45366)
(-0.44345 0.52853 -0.52772)
(-0.44667 0.52229 -0.54683)
(-0.44862 0.52916 -0.55954)
(-0.43909 0.52398 -0.62057)
(-0.44232 0.46701 -0.67401)
(-0.42995 0.46939 -0.67663)
(-0.38629 0.40601 -0.71259)
(-0.35858 0.34941 -0.70709)
(-0.36200 0.34229 -0.69093)
(-0.34566 0.29936 -0.63502)
(-0.33500 0.25995 -0.52172)
(-0.32991 0.23215 -0.46512)
(-0.28003 0.14265 -0.32457)
(-0.17415 0.00577 -0.12797)
(-0.14951 -0.02455 -0.07706)
(-0.04950 -0.12393 0.12134)
(-0.02491 -0.14083 0.17982)
(-0.00160 -0.04796 0.08391)
(0.00371 -0.00347 0.00143)
(0.03201 -0.02889 0.01434)
(0.05329 -0.04701 0.02590)
(0.04891 -0.04329 0.01579)
(0.05421 -0.04626 0.02415)
(0.05217 -0.04596 0.02851)
(0.03645 -0.03289 0.04024)
(0.01442 -0.01650 0.05273)
(0.01281 -0.01108 0.04976)
(0.00676 -0.00588 0.05154)
(0.00129 0.00497 0.04720)
(-0.03860 0.06220 0.01988)
(-0.05015 0.08785 -0.00140)
(-0.08287 0.10066 -0.00461)
(-0.14269 0.19215 -0.06202)
(-0.15113 0.18959 -0.06746)
(-0.18898 0.24799 -0.10825)
(-0.27179 0.34204 -0.21279)
(-0.24049 0.32597 -0.16692)
(-0.30970 0.40099 -0.27730)
(-0.32523 0.42445 -0.30273)
(-0.36318 0.46771 -0.37669)
(-0.42161 0.53826 -0.48262)
(-0.44425 0.54142 -0.53530)
(-0.44714 0.54144 -0.55365)
(-0.43797 0.52579 -0.64177)
(-0.00579 0.00465 -0.00098)
(0.01680 -0.01346 0.00200)
(0.06063 -0.04847 0.00679)
(0.05955 -0.05179 0.01821)
(0.05508 -0.04485 0.02178)
(0.05033 -0.03939 0.02593)
(0.04061 -0.03194 0.03472)
(0.03727 -0.02590 0.03421)
(0.04071 -0.02664 0.03090)
(0.02605 -0.00941 0.03583)
(0.01672 0.00433 0.03401)
(0.00445 0.02494 0.02252)
(-0.02936 0.06790 0.01433)
(-0.02837 0.07044 0.01542)
(-0.08764 0.13319 -0.02598)
(-0.12610 0.18506 -0.05713)
(-0.18443 0.25444 -0.11035)
(-0.22491 0.31471 -0.15991)
(-0.29711 0.39387 -0.25330)
(-0.36091 0.48427 -0.35674)
(-0.39980 0.54577 -0.42321)
(-0.00553 0.00427 -0.00059)
(0.00393 -0.00302 0.00041)
(0.02721 -0.02040 0.00212)
(0.06117 -0.04627 0.00873)
(0.06060 -0.04483 0.01017)
(0.06013 -0.03964 0.01090)
(0.04794 -0.02359 0.01673)
(0.03175 -0.00524 0.01635)
(0.02066 0.00905 0.01708)
(0.00256 0.03293 0.00714)
(-0.02346 0.06358 0.01007)
(-0.03846 0.08263 -0.00116)
(-0.07505 0.12591 -0.02366)
(-0.12831 0.20037 -0.06853)
(-0.15879 0.22913 -0.08322)
(-0.18322 0.26502 -0.10134)
(-0.25249 0.35325 -0.19289)
(0.00125 -0.00090 0.00007)
(0.03190 -0.02186 0.00030)
(0.04884 -0.03610 0.00437)
(0.06212 -0.04533 0.00638)
(0.06104 -0.04285 0.00830)
(0.06130 -0.04117 0.00692)
(0.05261 -0.02506 -0.00281)
(0.04499 -0.01187 -0.00079)
(0.03504 0.00071 0.00355)
(0.03199 0.00620 -0.00965)
(0.00979 0.03946 -0.01989)
(-0.00261 0.05495 -0.02510)
(-0.01099 0.05814 -0.00853)
(-0.01344 0.07361 -0.03605)
(-0.03518 0.09386 -0.03036)
(-0.08610 0.14992 -0.04407)
(0.00327 -0.00200 -0.00007)
(0.04559 -0.03227 0.00339)
(0.06272 -0.04421 0.00479)
(0.05818 -0.03276 -0.00748)
(0.05638 -0.03427 -0.00123)
(0.04866 -0.02154 -0.00949)
(0.04460 -0.00990 -0.01643)
(0.03290 0.00546 -0.01154)
(0.00478 0.05258 -0.03215)
(-0.00765 0.06763 -0.03731)
(-0.00065 0.00037 0.00010)
(0.01650 -0.00942 -0.00295)
(0.04504 -0.02306 -0.01120)
(-0.40976 0.46240 -0.69481)
(-0.36317 0.36164 -0.70992)
(-0.34705 0.30474 -0.64798)
(-0.35671 0.29968 -0.59868)
(-0.30970 0.18679 -0.38389)
(-0.21060 0.04928 -0.19014)
(-0.16585 -0.00752 -0.10249)
(-0.09964 -0.08084 0.04141)
(-0.04929 -0.13213 0.12692)
(-0.02390 -0.13961 0.18850)
(-0.01696 -0.13426 0.19255)
(-0.00427 -0.12176 0.20233)
(-0.00417 -0.11900 0.20019)
(-0.00401 -0.11577 0.19784)
(-0.00035 -0.01074 0.01901)
(-0.44478 0.56006 -0.59887)
(-0.42340 0.51153 -0.66691)
(-0.40528 0.48222 -0.68354)
(-0.39406 0.44137 -0.70084)
(-0.36690 0.37581 -0.71439)
(-0.35993 0.35639 -0.70532)
(-0.35836 0.34619 -0.68244)
(-0.37029 0.34609 -0.66110)
(-0.34950 0.30359 -0.63719)
(-0.38171 0.32416 -0.59986)
(-0.34710 0.26882 -0.52777)
(-0.34481 0.23850 -0.45956)
(-0.31957 0.19641 -0.39105)
(-0.30567 0.17631 -0.36633)
(-0.27003 0.11044 -0.25758)
(-0.18584 0.01436 -0.13457)
(-0.17606 -0.00038 -0.10681)
(-0.15523 -0.02991 -0.05556)
(-0.11887 -0.08418 0.04828)
(-0.06982 -0.11973 0.10498)
(-0.06248 -0.13058 0.12889)
(-0.03981 -0.14074 0.16340)
(-0.03288 -0.14046 0.17780)
(-0.01806 -0.13033 0.19520)
(-0.00537 -0.12299 0.19832)
(-0.00443 -0.11819 0.19441)
(-0.00135 -0.04481 0.07515)
(-0.00011 -0.00445 0.00752)
(-0.42233 0.58935 -0.47302)
(-0.44202 0.59187 -0.54716)
(-0.44394 0.59426 -0.56315)
(-0.44783 0.58651 -0.62931)
(-0.43202 0.55702 -0.63917)
(-0.41677 0.51581 -0.66855)
(-0.39268 0.45822 -0.69674)
(-0.37994 0.43117 -0.69707)
(-0.36096 0.36514 -0.70397)
(-0.36335 0.39492 -0.69864)
(-0.35574 0.35552 -0.68835)
(-0.36911 0.35071 -0.64979)
(-0.37611 0.33277 -0.62091)
(-0.38456 0.32891 -0.60216)
(-0.38366 0.30445 -0.54905)
(-0.36791 0.26419 -0.48207)
(-0.36842 0.25309 -0.44427)
(-0.31312 0.17711 -0.35855)
(-0.29220 0.13358 -0.28269)
(-0.23582 0.06446 -0.18396)
(-0.20754 0.02133 -0.11218)
(-0.16610 -0.03462 -0.03763)
(-0.13325 -0.08053 0.06315)
(-0.11683 -0.09259 0.06765)
(-0.06678 -0.12942 0.13524)
(-0.04355 -0.14006 0.16312)
(-0.05634 -0.14222 0.15204)
(-0.03421 -0.14580 0.17792)
(-0.02679 -0.13989 0.18052)
(-0.02742 -0.14453 0.17202)
(-0.00704 -0.12873 0.19742)
(-0.00465 -0.11923 0.18727)
(-0.00098 -0.05964 0.09343)
(-0.00027 -0.01363 0.02123)
(0.00007 0.00524 -0.00817)
(-0.31148 0.43386 -0.25863)
(-0.36286 0.49956 -0.34849)
(-0.38778 0.54136 -0.40046)
(-0.42010 0.58861 -0.46688)
(-0.43911 0.60465 -0.52760)
(-0.43946 0.62140 -0.55231)
(-0.44323 0.58836 -0.61088)
(-0.43003 0.57294 -0.61911)
(-0.41161 0.53400 -0.66124)
(-0.40181 0.50943 -0.67177)
(-0.38449 0.46734 -0.68121)
(-0.37864 0.43124 -0.68739)
(-0.38028 0.40131 -0.68284)
(-0.38205 0.39281 -0.67118)
(-0.37353 0.35218 -0.64608)
(-0.40751 0.36126 -0.59929)
(-0.42123 0.36110 -0.56957)
(-0.39896 0.31698 -0.53210)
(-0.39087 0.29664 -0.49439)
(-0.37301 0.24436 -0.41680)
(-0.34420 0.20374 -0.37255)
(-0.30814 0.15172 -0.29060)
(-0.27177 0.09700 -0.21858)
(-0.21991 0.02655 -0.12437)
(-0.18496 -0.01100 -0.06786)
(-0.18650 -0.02203 -0.05224)
(-0.14937 -0.05778 0.00939)
(-0.11128 -0.10463 0.07538)
(-0.07967 -0.13092 0.11245)
(-0.06920 -0.14347 0.12636)
(-0.04453 -0.15252 0.16094)
(-0.01698 -0.14854 0.17792)
(-0.03262 -0.14992 0.15761)
(-0.00903 -0.14675 0.17785)
(-0.00588 -0.12618 0.15775)
(-0.00050 -0.01482 0.01900)
(0.00014 0.01232 -0.01602)
(-0.00621 -0.10608 0.11681)
(-0.12462 0.19811 -0.07047)
(-0.14211 0.21814 -0.08002)
(-0.15375 0.23402 -0.09036)
(-0.23894 0.33905 -0.17663)
(-0.30332 0.42546 -0.24867)
(-0.33401 0.46433 -0.28602)
(-0.33842 0.46729 -0.29881)
(-0.37049 0.52029 -0.35524)
(-0.40115 0.56811 -0.41910)
(-0.42329 0.60014 -0.48757)
(-0.43634 0.62159 -0.53985)
(-0.43809 0.61920 -0.55961)
(-0.42523 0.57909 -0.61183)
(-0.40460 0.51997 -0.66646)
(-0.39746 0.50644 -0.67169)
(-0.39507 0.46720 -0.67677)
(-0.37576 0.41011 -0.68946)
(-0.41114 0.43493 -0.67032)
(-0.39323 0.38569 -0.65105)
(-0.42179 0.44482 -0.65965)
(-0.41894 0.37052 -0.58761)
(-0.42485 0.37021 -0.57526)
(-0.42345 0.35783 -0.55651)
(-0.39290 0.28022 -0.44434)
(-0.36313 0.22755 -0.39323)
(-0.37001 0.23898 -0.40425)
(-0.33788 0.19142 -0.33838)
(-0.28035 0.10648 -0.21745)
(-0.28859 0.12526 -0.23633)
(-0.23342 0.04607 -0.14010)
(-0.19834 -0.00162 -0.08020)
(-0.17769 -0.03421 -0.03679)
(-0.11411 -0.09611 0.05526)
(-0.07860 -0.13780 0.11417)
(-0.07028 -0.14416 0.12076)
(-0.06148 -0.14926 0.13170)
(-0.03111 -0.15747 0.13668)
(-0.02235 -0.15770 0.14651)
(-0.01507 -0.15884 0.14934)
(-0.00659 -0.08631 0.08939)
(-0.00060 -0.01045 0.01124)
(-0.00573 -0.05248 0.04775)
(-0.00106 -0.00998 0.00917)
(-0.01393 0.07512 -0.04098)
(-0.01895 0.08053 -0.03995)
(-0.05523 0.12167 -0.05480)
(-0.12131 0.19602 -0.07251)
(-0.13632 0.21342 -0.08058)
(-0.13058 0.20855 -0.08135)
(-0.14809 0.22917 -0.09046)
(-0.23531 0.34644 -0.18686)
(-0.19061 0.28543 -0.12849)
(-0.26297 0.38411 -0.21366)
(-0.30553 0.43823 -0.25004)
(-0.37086 0.53363 -0.35514)
(-0.37448 0.54685 -0.36541)
(-0.40163 0.57992 -0.44594)
(-0.43557 0.62246 -0.53217)
(-0.43653 0.62000 -0.54943)
(-0.43605 0.61815 -0.55796)
(-0.42820 0.59949 -0.58466)
(-0.40710 0.52904 -0.66177)
(-0.40060 0.51584 -0.66711)
(-0.40496 0.49750 -0.68011)
(-0.39138 0.43984 -0.68486)
(-0.42030 0.45640 -0.66599)
(-0.42700 0.45501 -0.66177)
(-0.41393 0.38917 -0.60581)
(-0.42967 0.38004 -0.58108)
(-0.42672 0.36566 -0.56146)
(-0.43126 0.37524 -0.56764)
(-0.41364 0.31801 -0.47334)
(-0.40091 0.31393 -0.44455)
(-0.34967 0.23330 -0.35839)
(-0.32732 0.19357 -0.30947)
(-0.21344 0.01896 -0.10806)
(-0.19991 0.00157 -0.08704)
(-0.18612 -0.01849 -0.06181)
(-0.13215 -0.07560 0.01545)
(-0.07895 -0.13930 0.10913)
(-0.07117 -0.14491 0.11583)
(-0.06242 -0.14965 0.12724)
(-0.05435 -0.15932 0.12315)
(-0.03168 -0.15966 0.12949)
(-0.01741 -0.15058 0.12981)
(-0.00625 -0.04745 0.03844)
(0.00114 0.00983 -0.00829)
(-0.00046 -0.00348 0.00284)
(0.05331 -0.02494 -0.01297)
(0.04975 -0.01163 -0.02833)
(0.04657 -0.01182 -0.02012)
(0.03686 0.00592 -0.03000)
(0.01993 0.02100 -0.04242)
(0.02715 0.02354 -0.03571)
(0.01058 0.04499 -0.03499)
(-0.00813 0.06887 -0.04140)
(-0.00937 0.07095 -0.04638)
(-0.01481 0.07698 -0.04609)
(-0.02011 0.08290 -0.04531)
(-0.05196 0.12310 -0.06579)
(-0.10064 0.17790 -0.07915)
(-0.14695 0.21308 -0.11785)
(-0.18775 0.28079 -0.13935)
(-0.24708 0.36724 -0.19751)
(-0.31101 0.43814 -0.26431)
(-0.35541 0.51947 -0.33443)
(-0.36909 0.53872 -0.35454)
(-0.39063 0.56739 -0.40751)
(-0.41090 0.59338 -0.45551)
(-0.43564 0.62104 -0.54036)
(-0.43512 0.61894 -0.55014)
(-0.42875 0.60438 -0.57900)
(-0.41666 0.56143 -0.63022)
(-0.41442 0.53945 -0.65469)
(-0.41416 0.52191 -0.66558)
(-0.39865 0.47367 -0.67295)
(-0.42266 0.46441 -0.66865)
(-0.43179 0.46488 -0.66411)
(-0.43215 0.43633 -0.63552)
(-0.44629 0.41674 -0.59933)
(-0.44868 0.41201 -0.57866)
(-0.43503 0.37610 -0.53479)
(-0.42517 0.34842 -0.46882)
(-0.39785 0.31721 -0.42378)
(-0.36829 0.26735 -0.38070)
(-0.34087 0.22968 -0.32827)
(-0.30737 0.17636 -0.25962)
(-0.24752 0.06958 -0.16362)
(-0.20797 0.01406 -0.10370)
(-0.19402 -0.00546 -0.08297)
(-0.18632 -0.01786 -0.06710)
(-0.14955 -0.06353 -0.01815)
(-0.08593 -0.13831 0.08982)
(-0.09755 -0.10560 0.03529)
(-0.07224 -0.14708 0.08298)
(-0.04553 -0.15872 0.08681)
(-0.03741 -0.16569 0.11929)
(-0.02620 -0.16233 0.12807)
(-0.02629 -0.15323 0.12104)
(-0.01498 -0.11934 0.09313)
(-0.00385 -0.02655 0.02089)
(0.00338 -0.00184 -0.00072)
(0.00903 -0.00490 -0.00252)
(0.04432 -0.01660 -0.02071)
(0.03832 -0.00383 -0.02403)
(0.00754 0.01622 -0.03046)
(0.01423 0.01996 -0.03754)
(-0.00620 0.03719 -0.05765)
(-0.01374 0.04742 -0.05382)
(-0.02807 0.06486 -0.06468)
(-0.02507 0.06343 -0.06130)
(-0.03762 0.08977 -0.07082)
(-0.08923 0.12980 -0.10461)
(-0.08113 0.13475 -0.09960)
(-0.11017 0.17180 -0.10547)
(-0.12404 0.19251 -0.12126)
(-0.22042 0.28919 -0.17124)
(-0.24219 0.31265 -0.18603)
(-0.26498 0.36831 -0.21177)
(-0.32971 0.44264 -0.27680)
(-0.35911 0.50101 -0.32135)
(-0.39895 0.53685 -0.36166)
(-0.40437 0.58380 -0.40520)
(-0.41990 0.59980 -0.45330)
(-0.43651 0.62518 -0.51846)
(-0.43555 0.62476 -0.53411)
(-0.43402 0.62266 -0.54850)
(-0.42348 0.59488 -0.60885)
(-0.42262 0.57658 -0.62013)
(-0.42085 0.55606 -0.63682)
(-0.41438 0.51267 -0.65923)
(-0.43348 0.51558 -0.65187)
(-0.44354 0.50501 -0.65480)
(-0.45506 0.47722 -0.64942)
(-0.46732 0.47415 -0.62915)
(-0.48245 0.47407 -0.61227)
(-0.45487 0.41907 -0.55166)
(-0.43576 0.37166 -0.48805)
(-0.40472 0.34284 -0.44477)
(-0.37956 0.29640 -0.37549)
(-0.31972 0.22699 -0.30100)
(-0.27708 0.15701 -0.22983)
(-0.20810 0.04569 -0.13016)
(-0.14311 -0.04965 -0.03714)
(-0.16485 0.00893 -0.09335)
(-0.11048 -0.11653 0.00826)
(-0.09223 -0.10123 0.00685)
(-0.06477 -0.12822 0.05801)
(-0.04943 -0.13660 0.06659)
(-0.03077 -0.16029 0.10124)
(-0.03137 -0.15106 0.08518)
(-0.00976 -0.10834 0.06739)
(-0.00489 -0.05466 0.03347)
(-0.00184 -0.02060 0.01255)
(0.00137 -0.00046 -0.00023)
(0.01943 0.00108 -0.01936)
(0.00603 0.01464 -0.03179)
(-0.03195 0.04124 -0.04659)
(-0.03334 0.04322 -0.04831)
(-0.03617 0.04709 -0.05142)
(-0.02343 0.05244 -0.06768)
(-0.04836 0.05923 -0.06208)
(-0.04708 0.07538 -0.08186)
(-0.05372 0.08959 -0.08188)
(-0.09259 0.11782 -0.10619)
(-0.12800 0.14270 -0.12635)
(-0.13034 0.16658 -0.12840)
(-0.12011 0.18205 -0.11961)
(-0.17544 0.22366 -0.15089)
(-0.21740 0.27938 -0.18132)
(-0.32506 0.36608 -0.25155)
(-0.33062 0.40149 -0.26189)
(-0.35481 0.47363 -0.30389)
(-0.42539 0.55518 -0.38572)
(-0.42128 0.58120 -0.40472)
(-0.42850 0.59399 -0.43303)
(-0.43510 0.62380 -0.48164)
(-0.44521 0.62108 -0.46669)
(-0.43551 0.63215 -0.51154)
(-0.43624 0.62777 -0.53717)
(-0.42431 0.59727 -0.60208)
(-0.43231 0.59273 -0.60562)
(-0.44058 0.58045 -0.61227)
(-0.42701 0.54914 -0.63656)
(-0.44403 0.57592 -0.61501)
(-0.44079 0.52674 -0.64767)
(-0.46215 0.53202 -0.63932)
(-0.47078 0.52016 -0.63376)
(-0.47501 0.50967 -0.64176)
(-0.48213 0.50002 -0.62523)
(-0.49508 0.49824 -0.62223)
(-0.47212 0.48690 -0.57528)
(-0.46715 0.44669 -0.56583)
(-0.45182 0.43507 -0.52448)
(-0.42993 0.40185 -0.48157)
(-0.38620 0.33146 -0.39902)
(-0.39933 0.36537 -0.42464)
(-0.35220 0.31458 -0.36079)
(-0.31952 0.27214 -0.32163)
(-0.24294 0.13827 -0.19537)
(-0.16469 0.04331 -0.12905)
(-0.11992 -0.06042 -0.02575)
(-0.13472 0.01108 -0.09654)
(-0.09050 -0.07742 -0.01354)
(-0.03937 -0.08786 -0.00251)
(-0.05082 -0.11000 0.02507)
(-0.02834 -0.10080 0.01507)
(-0.02346 -0.14960 0.06991)
(-0.02334 -0.14217 0.06704)
(-0.02580 -0.10143 0.01511)
(-0.01784 -0.11302 0.05214)
(-0.00051 -0.02591 0.01342)
(0.00013 0.00009 -0.00002)
(-0.00284 0.01351 -0.01800)
(-0.03377 0.03723 -0.03634)
(-0.04503 0.05159 -0.05242)
(-0.04728 0.05580 -0.05773)
(-0.05712 0.06054 -0.05977)
(-0.05941 0.06431 -0.06504)
(-0.07600 0.09356 -0.08815)
(-0.13169 0.14142 -0.13784)
(-0.16765 0.16234 -0.14321)
(-0.16383 0.18365 -0.15503)
(-0.23076 0.23521 -0.19049)
(-0.23670 0.25238 -0.18805)
(-0.26758 0.30498 -0.21336)
(-0.36970 0.39648 -0.28416)
(-0.37217 0.40995 -0.28629)
(-0.39143 0.42916 -0.30029)
(-0.37379 0.47720 -0.32041)
(-0.43622 0.55807 -0.39023)
(-0.43569 0.56949 -0.40113)
(-0.44032 0.58687 -0.42099)
(-0.45658 0.61585 -0.47479)
(-0.44081 0.62255 -0.48841)
(-0.44738 0.62567 -0.52759)
(-0.43910 0.62314 -0.55683)
(-0.43077 0.60622 -0.56798)
(-0.44401 0.58702 -0.60491)
(-0.44750 0.58413 -0.60638)
(-0.44948 0.57435 -0.61806)
(-0.47217 0.56122 -0.62254)
(-0.46982 0.53385 -0.63502)
(-0.48192 0.51978 -0.63545)
(-0.48295 0.51331 -0.60525)
(-0.48518 0.51618 -0.57947)
(-0.45867 0.48643 -0.53878)
(-0.45024 0.47966 -0.52634)
(-0.40771 0.40824 -0.46256)
(-0.35883 0.33644 -0.37486)
(-0.34281 0.31815 -0.35488)
(-0.24312 0.16919 -0.23405)
(-0.26401 0.22116 -0.27310)
(-0.20475 0.11315 -0.17451)
(-0.12020 0.07245 -0.14053)
(-0.10281 -0.01027 -0.06862)
(-0.10672 0.05839 -0.12778)
(-0.05596 -0.06081 -0.02923)
(-0.02922 -0.07737 -0.01079)
(-0.02535 -0.09008 0.00173)
(-0.01645 -0.11539 0.03554)
(-0.01369 -0.09623 0.03462)
(-0.01821 -0.08551 0.00189)
(-0.00096 -0.03297 0.01191)
(-0.00014 -0.00661 0.00236)
(0.00015 -0.00030 -0.00008)
(-0.01481 0.01699 -0.01505)
(-0.03469 0.03136 -0.02368)
(-0.05679 0.05801 -0.05468)
(-0.07067 0.06787 -0.06498)
(-0.14084 0.12568 -0.11645)
(-0.16014 0.14833 -0.13606)
(-0.19404 0.16929 -0.15453)
(-0.28099 0.25723 -0.21948)
(-0.30508 0.27352 -0.23136)
(-0.30790 0.28060 -0.23419)
(-0.31216 0.31439 -0.24495)
(-0.39572 0.40842 -0.29930)
(-0.39316 0.41805 -0.29976)
(-0.41195 0.43675 -0.31326)
(-0.44863 0.52091 -0.36465)
(-0.44547 0.56955 -0.40353)
(-0.46908 0.58113 -0.43202)
(-0.48310 0.61231 -0.46696)
(-0.45568 0.61996 -0.48786)
(-0.46502 0.62523 -0.51938)
(-0.44865 0.62321 -0.54160)
(-0.44874 0.62156 -0.54793)
(-0.45883 0.61079 -0.57328)
(-0.45014 0.58991 -0.59834)
(-0.45181 0.58213 -0.60825)
(-0.46568 0.57711 -0.60580)
(-0.47419 0.57200 -0.61216)
(-0.46827 0.54402 -0.62130)
(-0.48030 0.57410 -0.60172)
(-0.48865 0.56608 -0.61097)
(-0.48408 0.54350 -0.58275)
(-0.45903 0.50748 -0.54516)
(-0.46008 0.49872 -0.54387)
(-0.45069 0.49180 -0.53144)
(-0.44001 0.48527 -0.51902)
(-0.37502 0.41912 -0.43940)
(-0.36203 0.35419 -0.38511)
(-0.34771 0.33994 -0.36806)
(-0.28243 0.29484 -0.31841)
(-0.22474 0.20248 -0.24010)
(-0.22541 0.22445 -0.24971)
(-0.12339 0.09646 -0.15404)
(-0.10860 0.08102 -0.14097)
(-0.08278 0.02318 -0.09229)
(-0.09526 0.06967 -0.13158)
(-0.02817 -0.06335 -0.02155)
(-0.02386 -0.07741 -0.01051)
(-0.02203 -0.06236 -0.02213)
(-0.01247 -0.06758 -0.00875)
(-0.00747 -0.05036 0.00345)
(0.00066 -0.01069 0.00130)
(-0.00082 0.00621 -0.00067)
(0.00401 -0.00354 0.00122)
(-0.00258 0.00188 -0.00094)
(-0.03455 0.02694 -0.01690)
(-0.09210 0.07789 -0.06418)
(-0.15335 0.11916 -0.09326)
(-0.14763 0.12342 -0.10841)
(-0.22420 0.17398 -0.15131)
(-0.21621 0.17373 -0.16307)
(-0.26107 0.21396 -0.18812)
(-0.29813 0.26295 -0.22536)
(-0.32090 0.27922 -0.23599)
(-0.32942 0.29042 -0.24325)
(-0.38536 0.32794 -0.26721)
(-0.37507 0.34406 -0.27835)
(-0.42948 0.38469 -0.30497)
(-0.41567 0.42611 -0.31137)
(-0.43244 0.44310 -0.32325)
(-0.46395 0.48386 -0.35046)
(-0.49720 0.53583 -0.39273)
(-0.48013 0.57065 -0.41388)
(-0.55115 0.58308 -0.44366)
(-0.49920 0.59604 -0.45552)
(-0.49415 0.60665 -0.46848)
(-0.47821 0.61573 -0.48129)
(-0.49747 0.62293 -0.51232)
(-0.45338 0.62368 -0.53815)
(-0.45312 0.62181 -0.54396)
(-0.45807 0.61737 -0.55710)
(-0.46861 0.59869 -0.57665)
(-0.45350 0.58797 -0.59955)
(-0.46962 0.59813 -0.57565)
(-0.45853 0.58993 -0.59414)
(-0.47693 0.59352 -0.58905)
(-0.47544 0.58371 -0.58791)
(-0.48457 0.57096 -0.60573)
(-0.48248 0.56872 -0.60215)
(-0.46144 0.55168 -0.55987)
(-0.43613 0.52490 -0.53772)
(-0.44933 0.50086 -0.53419)
(-0.43675 0.49191 -0.52021)
(-0.36192 0.44943 -0.44817)
(-0.34023 0.39805 -0.39595)
(-0.29257 0.35358 -0.33817)
(-0.23780 0.29863 -0.29559)
(-0.14831 0.16918 -0.19394)
(-0.15674 0.23731 -0.22640)
(-0.11152 0.10213 -0.15205)
(-0.09628 0.08649 -0.14034)
(-0.04172 0.06727 -0.09839)
(-0.04462 0.01485 -0.07466)
(-0.01674 0.00348 -0.06018)
(-0.01342 -0.06303 -0.02175)
(0.00315 -0.02706 -0.00482)
(0.00855 -0.01483 -0.01521)
(0.00022 -0.00073 -0.00004)
(0.01145 -0.00831 0.00401)
(-0.07926 0.05963 -0.03586)
(-0.13143 0.09802 -0.06860)
(0.01180 -0.00812 0.00316)
(-0.01679 0.01176 -0.00507)
(-0.16902 0.12417 -0.08418)
(-0.18334 0.13428 -0.10086)
(-0.19692 0.14764 -0.11814)
(-0.23736 0.17201 -0.12417)
(-0.26300 0.20001 -0.17176)
(-0.30277 0.23339 -0.20011)
(-0.31197 0.25302 -0.21453)
(-0.32795 0.25261 -0.20118)
(-0.33559 0.26974 -0.21521)
(-0.34438 0.29631 -0.24653)
(-0.45056 0.36707 -0.28834)
(-0.46884 0.40483 -0.31375)
(-0.47265 0.43589 -0.32562)
(-0.55043 0.46634 -0.35107)
(-0.54491 0.49961 -0.37559)
(-0.55072 0.51923 -0.39342)
(-0.55257 0.55883 -0.42263)
(-0.56760 0.58001 -0.44678)
(-0.54484 0.58448 -0.45544)
(-0.54981 0.59600 -0.48379)
(-0.50405 0.61019 -0.48362)
(-0.51251 0.61120 -0.52029)
(-0.46040 0.62384 -0.53194)
(-0.46832 0.61253 -0.54573)
(-0.46568 0.61324 -0.55482)
(-0.47295 0.60562 -0.55544)
(-0.47313 0.60287 -0.55841)
(-0.46686 0.59858 -0.57491)
(-0.47135 0.59498 -0.57664)
(-0.46598 0.58896 -0.57527)
(-0.46283 0.58662 -0.57874)
(-0.47407 0.57739 -0.59038)
(-0.47318 0.57088 -0.59562)
(-0.43642 0.55401 -0.55286)
(-0.42815 0.54381 -0.54348)
(-0.38140 0.51243 -0.50242)
(-0.41688 0.51591 -0.51554)
(-0.36755 0.47439 -0.46487)
(-0.30957 0.43247 -0.40703)
(-0.28804 0.41067 -0.37984)
(-0.27322 0.36350 -0.34491)
(-0.22534 0.32300 -0.28806)
(-0.22605 0.33935 -0.30418)
(-0.16195 0.26011 -0.23294)
(-0.12175 0.16236 -0.17285)
(-0.13505 0.23527 -0.21288)
(-0.09209 0.19173 -0.16950)
(-0.09923 0.10370 -0.14890)
(-0.05787 0.09191 -0.12353)
(-0.01894 0.06292 -0.09559)
(0.01033 0.05176 -0.08879)
(0.00583 0.02593 -0.07156)
(0.00953 -0.00392 -0.02051)
(-0.00099 0.00140 0.00123)
(0.00123 -0.00063 -0.00210)
(-0.01150 0.00793 -0.00421)
(-0.10002 0.06946 -0.04253)
(-0.15254 0.10472 -0.06396)
(-0.23474 0.16173 -0.10354)
(-0.25639 0.17745 -0.11602)
(-0.30894 0.23637 -0.18515)
(-0.35428 0.25933 -0.18953)
(-0.41562 0.31612 -0.23991)
(-0.46716 0.35419 -0.26820)
(-0.51338 0.42135 -0.31663)
(-0.54305 0.44849 -0.33105)
(-0.56253 0.48347 -0.36792)
(-0.59640 0.52146 -0.39962)
(-0.58888 0.55407 -0.41665)
(-0.60751 0.56811 -0.44846)
(-0.56961 0.57805 -0.46617)
(-0.58880 0.59038 -0.51495)
(-0.57756 0.59261 -0.51994)
(-0.57562 0.58984 -0.52579)
(-0.51073 0.60893 -0.52590)
(-0.55069 0.58810 -0.53401)
(-0.50182 0.60429 -0.54669)
(-0.48201 0.59941 -0.55272)
(-0.48396 0.59575 -0.55760)
(-0.47990 0.58669 -0.55651)
(-0.46879 0.58938 -0.55172)
(-0.46372 0.60242 -0.56028)
(-0.46765 0.59341 -0.56778)
(-0.46953 0.59187 -0.56812)
(-0.45327 0.59210 -0.55481)
(-0.43305 0.58094 -0.54798)
(-0.43937 0.57621 -0.55977)
(-0.43492 0.57163 -0.55467)
(-0.40537 0.55006 -0.53065)
(-0.37684 0.52787 -0.51033)
(-0.33871 0.48485 -0.45957)
(-0.35773 0.48352 -0.47075)
(-0.30887 0.44374 -0.41660)
(-0.28830 0.41848 -0.38806)
(-0.21483 0.36173 -0.31393)
(-0.16565 0.33145 -0.26758)
(-0.17665 0.30767 -0.25699)
(-0.13578 0.24348 -0.21594)
(-0.09781 0.22547 -0.18756)
(-0.06532 0.20152 -0.14684)
(-0.01497 0.08840 -0.10739)
(-0.03848 0.13944 -0.11800)
(0.00910 0.06760 -0.09495)
(0.01168 0.06577 -0.09254)
(0.01168 0.04072 -0.06266)
(0.01009 0.00925 -0.02214)
(-0.00094 -0.00090 0.00123)
(-0.00301 0.00162 0.00470)
(-0.01724 0.01178 -0.00693)
(-0.07813 0.05351 -0.03198)
(-0.11002 0.07569 -0.04520)
(-0.24148 0.16672 -0.10312)
(-0.26431 0.18375 -0.11502)
(-0.31668 0.22790 -0.15312)
(-0.25731 0.17888 -0.10978)
(-0.37255 0.27503 -0.18301)
(-0.41062 0.30676 -0.21960)
(-0.45669 0.34383 -0.25611)
(-0.45562 0.34624 -0.24616)
(-0.46889 0.35587 -0.26204)
(-0.51608 0.40396 -0.30027)
(-0.54804 0.44940 -0.32702)
(-0.58135 0.48737 -0.36647)
(-0.61287 0.53354 -0.40971)
(-0.61370 0.54295 -0.42246)
(-0.61559 0.54659 -0.43037)
(-0.60265 0.57085 -0.46307)
(-0.59675 0.58632 -0.51775)
(-0.58750 0.58801 -0.52082)
(-0.58568 0.58477 -0.52623)
(-0.57984 0.58264 -0.53205)
(-0.51974 0.58496 -0.54672)
(-0.50864 0.58317 -0.55213)
(-0.48654 0.57052 -0.54862)
(-0.48427 0.56427 -0.55127)
(-0.48619 0.57049 -0.55232)
(-0.46197 0.58270 -0.55036)
(-0.45929 0.58362 -0.55047)
(-0.45644 0.58540 -0.55083)
(-0.43321 0.58209 -0.54771)
(-0.42658 0.57686 -0.54509)
(-0.40347 0.55896 -0.53054)
(-0.35567 0.51637 -0.49344)
(-0.33273 0.49726 -0.47384)
(-0.26227 0.43916 -0.40942)
(-0.28954 0.44846 -0.41762)
(-0.25022 0.42630 -0.39577)
(-0.24277 0.41140 -0.37745)
(-0.21079 0.37215 -0.32078)
(-0.16653 0.33562 -0.27292)
(-0.15434 0.32531 -0.25849)
(-0.15245 0.31983 -0.25232)
(-0.14224 0.31504 -0.24452)
(-0.12000 0.28146 -0.21733)
(-0.07368 0.22302 -0.16383)
(-0.04886 0.21006 -0.14888)
(-0.04441 0.18424 -0.13316)
(-0.03048 0.15672 -0.11780)
(0.00041 0.11714 -0.08981)
(0.00944 0.08202 -0.06691)
(0.01266 0.04136 -0.04110)
(0.00389 0.00579 -0.00597)
(-0.00331 -0.00227 0.00267)
(-0.02860 0.01962 -0.01151)
(-0.02616 0.01807 -0.01046)
(-0.16794 0.11651 -0.06914)
(-0.26287 0.18494 -0.10860)
(-0.36339 0.26861 -0.17572)
(-0.37074 0.28708 -0.17944)
(-0.37962 0.29317 -0.18713)
(-0.45220 0.35760 -0.24150)
(-0.50887 0.41271 -0.28859)
(-0.51246 0.42275 -0.27925)
(-0.57047 0.47877 -0.34164)
(-0.59095 0.51065 -0.38286)
(-0.61390 0.53797 -0.41742)
(-0.61483 0.54061 -0.42544)
(-0.61736 0.54803 -0.43783)
(-0.60887 0.55377 -0.47333)
(-0.59585 0.58285 -0.52210)
(-0.59427 0.57887 -0.52662)
(-0.57476 0.55653 -0.52966)
(-0.53397 0.55513 -0.53706)
(-0.51444 0.55118 -0.54277)
(-0.49249 0.53073 -0.54095)
(-0.48753 0.53145 -0.53905)
(-0.48369 0.53168 -0.53754)
(-0.46221 0.57762 -0.54858)
(-0.46907 0.55269 -0.54023)
(-0.45902 0.57832 -0.54841)
(-0.45579 0.58035 -0.54872)
(-0.42709 0.57262 -0.53985)
(-0.41075 0.55837 -0.52606)
(-0.39735 0.55564 -0.52858)
(-0.41934 0.57203 -0.54145)
(-0.36870 0.53247 -0.51064)
(-0.34969 0.51785 -0.49658)
(-0.34261 0.50707 -0.48583)
(-0.26225 0.44215 -0.41387)
(-0.25029 0.42946 -0.40039)
(-0.23887 0.41785 -0.38719)
(-0.21245 0.39611 -0.35611)
(-0.16557 0.33776 -0.27633)
(-0.15570 0.32967 -0.26442)
(-0.15886 0.33498 -0.27840)
(-0.14476 0.32063 -0.25106)
(-0.07698 0.24618 -0.17990)
(-0.10659 0.28688 -0.21113)
(-0.06422 0.23485 -0.16861)
(-0.03589 0.19302 -0.13269)
(-0.04992 0.22278 -0.15557)
(0.00241 0.14979 -0.10430)
(0.00837 0.13237 -0.09524)
(0.00985 0.03628 -0.02784)
(0.00429 0.04492 -0.03134)
(0.00176 0.00600 -0.00449)
(-0.14111 0.09911 -0.05706)
(-0.03551 0.02483 -0.01412)
(-0.13967 0.10753 -0.05383)
(-0.33256 0.25551 -0.15226)
(-0.36878 0.29435 -0.16429)
(-0.40264 0.31731 -0.19101)
(-0.44898 0.36421 -0.22883)
(-0.49182 0.40541 -0.26306)
(-0.49887 0.41454 -0.27041)
(-0.53553 0.44680 -0.30961)
(-0.55260 0.47011 -0.34109)
(-0.60986 0.53317 -0.41424)
(-0.61815 0.54742 -0.44787)
(-0.59440 0.54531 -0.49989)
(-0.59393 0.53237 -0.50481)
(-0.57693 0.52567 -0.51707)
(-0.54487 0.54224 -0.53620)
(-0.54042 0.53601 -0.54123)
(-0.50164 0.51815 -0.53791)
(-0.48906 0.52181 -0.53600)
(-0.48384 0.52271 -0.53373)
(-0.47077 0.53238 -0.53170)
(-0.45932 0.57135 -0.54520)
(-0.44991 0.52569 -0.51353)
(-0.44854 0.54200 -0.52152)
(-0.45584 0.57390 -0.54574)
(-0.43767 0.55995 -0.53496)
(-0.41618 0.55704 -0.52935)
(-0.39624 0.54712 -0.52175)
(-0.36351 0.52701 -0.50518)
(-0.33393 0.50540 -0.48381)
(-0.32861 0.50088 -0.48078)
(-0.30824 0.48483 -0.46741)
(-0.27871 0.45975 -0.43669)
(-0.25166 0.43285 -0.40588)
(-0.24124 0.42246 -0.39533)
(-0.23078 0.41267 -0.38449)
(-0.22801 0.40938 -0.37832)
(-0.18471 0.37343 -0.33154)
(-0.13993 0.31931 -0.26686)
(-0.14648 0.32501 -0.25778)
(-0.11070 0.29656 -0.23014)
(-0.10116 0.27873 -0.20922)
(-0.07233 0.25356 -0.17575)
(-0.04459 0.24034 -0.15941)
(-0.02019 0.18848 -0.12126)
(0.00439 0.12071 -0.08321)
(-0.00421 0.11992 -0.07714)
(0.00429 0.09239 -0.06335)
(0.00175 0.02455 -0.01661)
(0.00087 0.00795 -0.00547)
(-0.00169 0.00133 -0.00064)
(-0.04623 0.03635 -0.01767)
(-0.01112 0.00908 -0.00464)
(-0.22836 0.18214 -0.09425)
(-0.41270 0.33836 -0.20193)
(-0.17044 0.14776 -0.08091)
(-0.36382 0.29862 -0.16762)
(-0.38947 0.33508 -0.20445)
(-0.48346 0.40326 -0.25979)
(-0.47511 0.42063 -0.26629)
(-0.49989 0.42480 -0.27154)
(-0.49971 0.44072 -0.29872)
(-0.54855 0.47939 -0.35839)
(-0.56735 0.49831 -0.38219)
(-0.58775 0.51535 -0.42129)
(-0.57997 0.50412 -0.43253)
(-0.60776 0.52055 -0.49860)
(-0.61005 0.51942 -0.50376)
(-0.58324 0.49809 -0.50605)
(-0.55043 0.50586 -0.52478)
(-0.55631 0.48932 -0.50930)
(-0.53937 0.50179 -0.53364)
(-0.52448 0.49792 -0.53486)
(-0.49164 0.48434 -0.51088)
(-0.47559 0.49884 -0.51289)
(-0.47382 0.49319 -0.50776)
(-0.45109 0.48956 -0.48994)
(-0.43784 0.48809 -0.48297)
(-0.42105 0.50044 -0.48573)
(-0.42296 0.52494 -0.50619)
(-0.40950 0.54229 -0.52104)
(-0.41624 0.50645 -0.48846)
(-0.40777 0.54927 -0.52286)
(-0.37715 0.52191 -0.50442)
(-0.34267 0.49953 -0.48538)
(-0.31955 0.49163 -0.47590)
(-0.26748 0.43879 -0.42524)
(-0.25679 0.42883 -0.41587)
(-0.22268 0.40121 -0.37907)
(-0.18016 0.36439 -0.34218)
(-0.16179 0.34720 -0.31413)
(-0.13362 0.31923 -0.28017)
(-0.11344 0.31230 -0.26670)
(-0.11176 0.30034 -0.25036)
(-0.07754 0.26746 -0.20824)
(-0.06051 0.25088 -0.18814)
(-0.04660 0.23560 -0.16298)
(-0.02542 0.21532 -0.13702)
(-0.01334 0.14270 -0.09822)
(-0.00968 0.13963 -0.08957)
(-0.00069 0.03687 -0.02386)
(0.00179 0.02275 -0.01530)
(0.04320 -0.03791 0.01942)
(-0.00505 0.00442 -0.00230)
(-0.25985 0.23005 -0.13419)
(0.00317 -0.00297 0.00161)
(-0.07345 0.06828 -0.03728)
(-0.31371 0.29851 -0.17251)
(-0.36545 0.34260 -0.20132)
(-0.42752 0.39429 -0.24769)
(-0.35758 0.34126 -0.20283)
(-0.37029 0.35019 -0.21018)
(-0.48702 0.43886 -0.29829)
(-0.51512 0.46436 -0.34358)
(-0.55551 0.48898 -0.39049)
(-0.54065 0.47309 -0.40413)
(-0.56618 0.49607 -0.45841)
(-0.54573 0.47835 -0.44411)
(-0.54088 0.45627 -0.46590)
(-0.51746 0.43176 -0.45803)
(-0.52831 0.45823 -0.49190)
(-0.50838 0.42477 -0.45526)
(-0.50465 0.46314 -0.49766)
(-0.48593 0.45324 -0.48980)
(-0.47127 0.43909 -0.47321)
(-0.46224 0.45269 -0.47406)
(-0.44832 0.45901 -0.46811)
(-0.44253 0.47307 -0.47736)
(-0.41929 0.46556 -0.46410)
(-0.40781 0.46562 -0.45538)
(-0.37768 0.44094 -0.42169)
(-0.39878 0.52156 -0.49795)
(-0.37329 0.50098 -0.47816)
(-0.36859 0.45100 -0.43019)
(-0.34430 0.45582 -0.44127)
(-0.33545 0.47304 -0.45513)
(-0.30944 0.44660 -0.43218)
(-0.30201 0.42780 -0.41633)
(-0.29019 0.41965 -0.41008)
(-0.27175 0.41897 -0.40749)
(-0.25839 0.42749 -0.41655)
(-0.24496 0.41045 -0.40488)
(-0.20729 0.38081 -0.37608)
(-0.18613 0.36814 -0.35602)
(-0.17446 0.34311 -0.33657)
(-0.15095 0.31643 -0.29944)
(-0.12006 0.30351 -0.26935)
(-0.11188 0.30645 -0.26387)
(-0.08062 0.25964 -0.22254)
(-0.07004 0.26166 -0.21399)
(-0.02601 0.19146 -0.14426)
(-0.02044 0.14973 -0.11888)
(-0.00883 0.08758 -0.06645)
(-0.00498 0.05415 -0.03886)
(-0.00101 0.01948 -0.01285)
(-0.00021 -0.00416 0.00257)
(0.00011 -0.01729 0.01128)
(-0.00062 -0.01152 0.00712)
(0.03753 -0.03531 0.01908)
(-0.01782 0.01735 -0.00984)
(-0.16522 0.15896 -0.09094)
(0.04587 -0.04543 0.02521)
(-0.10598 0.10372 -0.06032)
(-0.28056 0.27068 -0.15922)
(-0.39241 0.37462 -0.23929)
(-0.25849 0.25201 -0.15093)
(-0.33412 0.32360 -0.19488)
(-0.42055 0.39902 -0.28881)
(-0.46258 0.42867 -0.31899)
(-0.46993 0.42328 -0.35343)
(-0.51707 0.45412 -0.40518)
(-0.46930 0.41881 -0.37380)
(-0.50941 0.44096 -0.42544)
(-0.50831 0.42257 -0.44574)
(-0.50074 0.41621 -0.44238)
(-0.49359 0.41007 -0.43889)
(-0.50037 0.41848 -0.45207)
(-0.49294 0.43485 -0.47134)
(-0.46714 0.41796 -0.45136)
(-0.47041 0.43011 -0.46228)
(-0.44667 0.42550 -0.44000)
(-0.41248 0.41190 -0.40868)
(-0.39869 0.41158 -0.40185)
(-0.37200 0.40951 -0.39299)
(-0.35551 0.39656 -0.37225)
(-0.35174 0.39964 -0.37448)
(-0.34511 0.41012 -0.38496)
(-0.30296 0.42149 -0.40891)
(-0.29363 0.41519 -0.40405)
(-0.28669 0.40424 -0.39227)
(-0.28020 0.40475 -0.39539)
(-0.25931 0.39430 -0.38563)
(-0.20072 0.34460 -0.33932)
(-0.19086 0.31993 -0.30612)
(-0.17031 0.31647 -0.30562)
(-0.15241 0.31134 -0.30407)
(-0.13561 0.27074 -0.25502)
(-0.11441 0.26242 -0.25217)
(-0.10353 0.25855 -0.23844)
(-0.09969 0.26451 -0.23995)
(-0.05555 0.18430 -0.16481)
(-0.01079 0.07772 -0.06368)
(-0.00411 0.03739 -0.02964)
(0.00010 -0.00120 0.00092)
(0.00136 -0.01415 0.01122)
(0.00140 -0.01803 0.01377)
(0.00087 -0.00086 0.00050)
(0.01008 -0.01036 0.00598)
(-0.06803 0.06748 -0.03994)
(-0.27275 0.27523 -0.18072)
(-0.09298 0.10152 -0.06477)
(-0.36976 0.36578 -0.26887)
(-0.42590 0.40422 -0.30263)
(-0.44511 0.40986 -0.34608)
(-0.39139 0.37811 -0.30506)
(-0.44221 0.40544 -0.34816)
(-0.44992 0.40837 -0.35590)
(-0.45237 0.40522 -0.36174)
(-0.45298 0.38823 -0.38526)
(-0.49027 0.40695 -0.42815)
(-0.48500 0.40177 -0.42524)
(-0.47836 0.39486 -0.41976)
(-0.48601 0.40336 -0.43391)
(-0.44848 0.38485 -0.41537)
(-0.40996 0.35406 -0.37485)
(-0.40317 0.36374 -0.37160)
(-0.37400 0.34722 -0.34048)
(-0.37880 0.37655 -0.36529)
(-0.37588 0.37906 -0.36539)
(-0.34954 0.37996 -0.35399)
(-0.34554 0.38222 -0.35541)
(-0.33570 0.36836 -0.33841)
(-0.33768 0.37765 -0.34903)
(-0.31632 0.37595 -0.35400)
(-0.29476 0.40797 -0.39426)
(-0.28876 0.35414 -0.32514)
(-0.28752 0.39488 -0.37832)
(-0.28033 0.39374 -0.38013)
(-0.24236 0.34471 -0.32678)
(-0.19764 0.31033 -0.29605)
(-0.18609 0.31023 -0.29442)
(-0.18306 0.30394 -0.28691)
(-0.11821 0.23393 -0.21962)
(-0.11132 0.23309 -0.21811)
(-0.10101 0.21253 -0.19792)
(-0.05854 0.12362 -0.11457)
(-0.02828 0.06347 -0.05875)
(-0.00824 0.03355 -0.02963)
(-0.00024 0.00202 -0.00165)
(0.00255 -0.01332 0.01141)
(0.00174 -0.01485 0.01215)
(-0.02093 0.02308 -0.01468)
(-0.05670 0.06008 -0.04116)
(-0.15837 0.16619 -0.11427)
(-0.06017 0.06381 -0.04715)
(-0.24847 0.24274 -0.19497)
(-0.38149 0.35517 -0.30081)
(-0.15075 0.14419 -0.11761)
(-0.24808 0.22937 -0.19711)
(-0.42975 0.39387 -0.34125)
(-0.43699 0.39516 -0.34919)
(-0.44532 0.38306 -0.37224)
(-0.42367 0.37054 -0.34749)
(-0.44621 0.37538 -0.37968)
(-0.47719 0.39524 -0.41555)
(-0.41393 0.34987 -0.34977)
(-0.39033 0.32029 -0.32789)
(-0.40681 0.33378 -0.35194)
(-0.40080 0.33826 -0.35243)
(-0.36225 0.30269 -0.30104)
(-0.35932 0.30218 -0.30275)
(-0.33790 0.29912 -0.28485)
(-0.33056 0.28992 -0.27347)
(-0.32798 0.29109 -0.27157)
(-0.33503 0.30224 -0.28371)
(-0.34253 0.32118 -0.30562)
(-0.34465 0.35647 -0.32964)
(-0.31226 0.29731 -0.26370)
(-0.33361 0.35790 -0.32684)
(-0.32716 0.35515 -0.32183)
(-0.30921 0.33878 -0.29775)
(-0.27624 0.31494 -0.26354)
(-0.26089 0.32846 -0.28989)
(-0.25075 0.27936 -0.21588)
(-0.23193 0.27601 -0.22336)
(-0.23125 0.29727 -0.25741)
(-0.21355 0.28582 -0.25427)
(-0.15904 0.21530 -0.18473)
(-0.12395 0.18314 -0.16122)
(-0.12056 0.20675 -0.19031)
(-0.08488 0.16769 -0.15585)
(-0.03773 0.06332 -0.05565)
(-0.02441 0.04809 -0.04408)
(-0.01639 0.03469 -0.03194)
(0.00298 -0.00670 0.00619)
(-0.01168 0.01245 -0.00917)
(-0.03821 0.03893 -0.02965)
(-0.04329 0.04173 -0.03430)
(-0.02160 0.02089 -0.01758)
(-0.05418 0.04955 -0.04402)
(-0.26407 0.23588 -0.21574)
(-0.31909 0.27648 -0.26430)
(-0.08922 0.07863 -0.07238)
(-0.16197 0.14124 -0.13353)
(-0.24480 0.20863 -0.20593)
(-0.33368 0.28334 -0.27449)
(-0.20848 0.17793 -0.17089)
(-0.31917 0.26270 -0.25915)
(-0.35061 0.28367 -0.27832)
(-0.27031 0.22554 -0.21696)
(-0.30576 0.25254 -0.23029)
(-0.30443 0.26370 -0.24086)
(-0.31148 0.27230 -0.24881)
(-0.26435 0.22855 -0.19585)
(-0.26121 0.23022 -0.19062)
(-0.26787 0.24656 -0.20831)
(-0.24257 0.22049 -0.18096)
(-0.19783 0.17718 -0.12468)
(-0.27826 0.27977 -0.24294)
(-0.24827 0.24819 -0.19862)
(-0.13097 0.12287 -0.08499)
(-0.20057 0.20052 -0.14723)
(-0.15321 0.15923 -0.10919)
(-0.16243 0.18245 -0.13790)
(-0.05221 0.05427 -0.03695)
(-0.06049 0.06395 -0.04326)
(-0.03929 0.04660 -0.03483)
(-0.05595 0.07237 -0.05798)
(0.00250 -0.00308 0.00223)
(-0.01186 0.01710 -0.01376)
(-0.00578 0.00918 -0.00801)
(0.05783 -0.05402 0.04703)
(0.05496 -0.04864 0.04456)
(-0.05019 0.04477 -0.03968)
(0.04451 -0.03990 0.03515)
(0.01485 -0.01318 0.01136)
(-0.11229 0.09625 -0.09184)
(-0.09021 0.07998 -0.07007)
(0.00140 -0.00127 0.00103)
(0.00115 -0.00104 0.00086)
(-0.09447 0.08140 -0.07375)
(-0.15872 0.13441 -0.11961)
(-0.03107 0.02698 -0.02204)
(-0.06973 0.05778 -0.04433)
(-0.11894 0.09830 -0.07420)
(-0.03919 0.03240 -0.02398)
(-0.07601 0.06445 -0.04784)
(-0.07890 0.06426 -0.04115)
(-0.12450 0.11040 -0.07559)
(-0.00976 0.00781 -0.00452)
(-0.02071 0.01789 -0.01184)
(0.00256 -0.00218 0.00118)
(-0.08332 0.07761 -0.05261)
(-0.04762 0.04502 -0.02916)
(0.02117 -0.01991 0.01144)
(0.01290 -0.01318 0.00800)
(0.02222 -0.02315 0.01351)
(0.02449 -0.02880 0.01951)
(-0.00842 0.00700 -0.00530)
(-0.01386 0.01146 -0.00843)
(-0.01164 0.00886 -0.00594)
(0.00505 -0.00387 0.00200)
)