/*--------------------------------*- C++ -*----------------------------------*\ 
| =========                 |                                                 | 
| \\      /  F ield         | OpenFOAM: The Open Source CFD Toolbox           | 
|  \\    /   O peration     | Version:  4.0                                   | 
|   \\  /    A nd           | Web:      www.OpenFOAM.org                      | 
|    \\/     M anipulation  |                                                 | 
\*---------------------------------------------------------------------------*/ 
FoamFile 
{ 
    version     2.0; 
    format      ascii; 
    class       vectorAverageField; 
    object      values; 
} 
// * * * * * * * * * * * * * * * * * * * * * * * * * * * * * * * * * * * * * // 
 
// Average 
(0 0 0) 
 
// Velocity data on points 
2447
(
(0.00396 0.00133 -0.00282)
(-0.00194 -0.00079 0.00171)
(-0.00199 -0.00448 0.00411)
(-0.00211 -0.00150 0.00209)
(0.00212 0.00268 -0.00266)
(-0.00440 -0.01163 0.01010)
(-0.00335 -0.00469 0.00448)
(-0.00906 -0.01249 0.00817)
(-0.00110 -0.00135 0.00094)
(0.00176 0.00191 -0.00130)
(-0.00700 -0.00819 0.00525)
(-0.00163 -0.00165 0.00104)
(0.00207 0.00159 -0.00114)
(-0.00951 -0.00795 0.00411)
(-0.00087 -0.00045 0.00035)
(0.00276 0.00142 -0.00109)
(-0.00935 -0.00477 0.00360)
(-0.00056 -0.00026 0.00022)
(0.00451 0.00214 -0.00153)
(-0.00092 -0.00043 0.00031)
(0.01669 -0.00070 -0.00519)
(-0.00255 -0.00024 0.00102)
(0.00236 0.00012 -0.00098)
(0.00079 0.00015 -0.00045)
(-0.01748 -0.01376 0.01668)
(-0.01334 -0.01301 0.01473)
(-0.01024 -0.01496 0.01721)
(-0.00476 -0.01952 0.01537)
(-0.00638 -0.03359 0.02873)
(-0.00588 -0.03462 0.02622)
(-0.00762 -0.02874 0.02362)
(-0.00991 -0.02253 0.01652)
(-0.00386 -0.03292 0.02108)
(-0.01685 -0.02687 0.01633)
(-0.01673 -0.02164 0.01293)
(-0.01552 -0.01701 0.00983)
(-0.02023 -0.02857 0.01615)
(-0.02338 -0.02671 0.01468)
(-0.02945 -0.02483 0.01175)
(-0.01867 -0.01576 0.00784)
(-0.02059 -0.01305 0.00752)
(-0.03070 -0.01850 0.01678)
(-0.02931 -0.01731 0.01658)
(-0.02704 -0.01199 0.00974)
(-0.01941 -0.00799 0.00744)
(-0.04119 -0.01634 0.01415)
(-0.02368 -0.01072 0.00721)
(-0.00781 -0.00371 0.00264)
(-0.03779 -0.01371 0.01496)
(-0.00664 -0.00274 0.00230)
(0.00113 0.00050 -0.00043)
(0.00910 0.00001 -0.00141)
(-0.00346 -0.00029 0.00077)
(-0.01147 -0.00113 0.00357)
(-0.02281 -0.00430 0.01027)
(-0.05427 -0.01261 0.02583)
(-0.03904 -0.01232 0.02323)
(-0.02085 -0.03757 0.03379)
(-0.01581 -0.02585 0.02654)
(-0.01445 -0.03525 0.03198)
(0.00218 -0.03556 0.02924)
(0.01611 -0.02515 0.02515)
(0.02153 -0.02568 0.02213)
(0.01183 -0.02424 0.02033)
(-0.00276 -0.02356 0.01404)
(0.01462 -0.02355 0.01932)
(0.01479 -0.02019 0.01689)
(-0.00506 -0.02257 0.01270)
(-0.01506 -0.02524 0.01680)
(-0.00110 -0.01476 0.01468)
(-0.02269 -0.01845 0.01521)
(-0.03022 -0.01742 0.01227)
(-0.03811 -0.01971 0.00575)
(-0.03447 -0.01864 0.01654)
(-0.04554 -0.01872 0.02517)
(-0.06037 -0.02171 0.02292)
(-0.05257 -0.01955 0.02641)
(-0.07016 -0.02483 0.02679)
(-0.06045 -0.02205 0.02168)
(-0.03709 -0.01483 0.01417)
(-0.06975 -0.02459 0.02630)
(-0.05628 -0.02140 0.02119)
(-0.02804 -0.01191 0.01160)
(-0.00179 -0.00076 0.00069)
(-0.01831 -0.00456 0.00752)
(0.00694 0.00181 -0.00310)
(0.01375 0.00343 -0.00600)
(0.00064 -0.00002 -0.00006)
(-0.01737 0.00053 0.00225)
(-0.04304 -0.00176 0.00695)
(-0.05706 -0.00828 0.01131)
(-0.10045 -0.01104 0.01948)
(-0.08756 -0.01219 0.01771)
(-0.09786 -0.01512 0.02263)
(-0.06538 -0.01796 0.02448)
(-0.06246 -0.01627 0.03121)
(-0.02671 -0.03061 0.03115)
(-0.00830 -0.01213 0.00145)
(-0.00961 -0.02173 0.01655)
(-0.00374 -0.02317 0.01973)
(0.00116 -0.02487 0.01807)
(0.02015 -0.01976 0.01339)
(0.03769 -0.01300 0.01325)
(0.04022 -0.01040 0.01183)
(0.03365 -0.01254 0.00968)
(0.02276 -0.02217 0.01638)
(0.02647 -0.00719 0.01662)
(0.01630 -0.00354 0.01522)
(0.00718 0.00069 0.01543)
(-0.01237 -0.00998 0.01520)
(-0.02676 -0.01593 0.01373)
(-0.02303 -0.01289 0.01342)
(-0.02866 -0.01010 0.01533)
(-0.02584 -0.00812 0.01566)
(-0.05845 -0.01931 0.02376)
(-0.04674 -0.01400 0.02876)
(-0.06812 -0.02402 0.02633)
(-0.08354 -0.02875 0.03260)
(-0.08613 -0.01933 0.03590)
(-0.08531 -0.01852 0.03536)
(-0.05821 -0.01363 0.02228)
(-0.01861 -0.00328 0.00763)
(-0.08740 -0.01036 0.03198)
(-0.05919 -0.01057 0.02399)
(-0.00976 -0.00164 0.00397)
(-0.00286 -0.00042 0.00139)
(0.01287 -0.00057 -0.00130)
(-0.02715 0.00122 0.00236)
(-0.06512 0.00163 0.00649)
(-0.10508 -0.00166 0.01325)
(-0.13534 0.00154 0.01525)
(-0.10494 -0.00211 0.00750)
(-0.09480 -0.00932 0.00903)
(-0.07677 -0.01140 0.01012)
(-0.05996 -0.01060 0.00869)
(-0.00787 -0.00686 -0.00374)
(-0.00415 -0.00870 -0.00154)
(0.00125 -0.00973 -0.00031)
(0.00074 -0.00456 -0.00514)
(0.00550 -0.00454 -0.00452)
(0.01251 -0.01687 0.01019)
(0.04129 -0.00652 0.00880)
(0.04235 -0.00598 0.00907)
(0.04319 -0.00602 0.00943)
(0.03445 -0.00673 0.00838)
(0.03856 0.00709 0.01018)
(0.03218 0.00070 0.01861)
(0.02054 0.00837 0.01778)
(0.02759 0.01540 0.00619)
(0.01559 0.01195 0.00736)
(0.00674 0.00022 0.01109)
(-0.01173 -0.00437 0.01221)
(-0.01460 -0.00504 0.01262)
(-0.01909 -0.00662 0.01348)
(-0.02416 -0.00857 0.01466)
(-0.04794 -0.01103 0.01674)
(-0.08393 -0.01928 0.03518)
(-0.08595 -0.01850 0.03579)
(-0.08217 -0.01825 0.03446)
(-0.08975 -0.01237 0.03589)
(-0.07920 -0.00674 0.03241)
(-0.08314 -0.00282 0.03048)
(-0.06616 -0.00307 0.03080)
(-0.03354 0.00117 0.01804)
(-0.00349 0.00014 0.00198)
(-0.06185 0.00810 0.03753)
(-0.01404 0.00214 0.00943)
(-0.00080 0.00011 0.00054)
(-0.01578 0.00074 0.00140)
(-0.04516 0.00165 0.00397)
(-0.11262 0.00066 0.00614)
(-0.13313 -0.00165 0.01089)
(-0.10888 -0.00134 -0.00323)
(-0.08160 -0.00359 -0.00320)
(-0.07334 -0.00442 -0.00428)
(-0.07329 -0.00319 -0.00573)
(-0.06635 -0.00297 -0.00738)
(-0.05193 -0.01156 0.00103)
(-0.01065 -0.00593 -0.00550)
(-0.00514 -0.00174 -0.00981)
(-0.00020 -0.00040 -0.00987)
(0.00482 0.00064 -0.00971)
(0.00916 0.00178 -0.00980)
(0.03452 0.01081 -0.01055)
(0.04390 0.00031 0.00426)
(0.02986 0.03965 -0.04328)
(0.03873 0.03217 -0.02917)
(0.04653 0.00377 0.00361)
(0.04649 -0.00011 0.00693)
(0.04683 0.02728 -0.01379)
(0.04737 0.05520 -0.04133)
(0.06255 0.04487 -0.01624)
(0.04599 0.02577 -0.00727)
(0.04166 0.02656 -0.00202)
(0.04700 0.03609 -0.01771)
(0.04549 0.03534 -0.01744)
(0.04535 0.03457 -0.01765)
(0.00949 0.00091 0.00841)
(-0.00140 -0.00143 0.00735)
(-0.00536 -0.00302 0.00753)
(-0.01029 -0.00529 0.00858)
(-0.01689 -0.00490 0.01257)
(-0.04509 -0.00979 0.01628)
(-0.04086 -0.00809 0.01272)
(-0.05863 -0.00872 0.02118)
(-0.05363 0.00471 0.01567)
(-0.07720 0.00425 0.03272)
(-0.07353 0.00310 0.03712)
(-0.08347 0.01530 0.05286)
(-0.05265 0.00925 0.03463)
(-0.06125 0.01404 0.04282)
(-0.02073 0.00429 0.01487)
(-0.00967 0.00237 0.00733)
(0.00847 -0.00014 -0.00132)
(-0.00200 0.00016 0.00021)
(-0.09762 -0.00081 0.01592)
(-0.13668 -0.00280 0.01454)
(-0.12676 -0.01015 0.01187)
(-0.09466 -0.00377 0.00017)
(-0.07147 -0.00213 -0.00784)
(-0.06665 -0.00181 -0.00890)
(-0.06075 0.00095 -0.01324)
(-0.04523 -0.00136 -0.01372)
(-0.01670 0.00926 -0.02500)
(-0.00112 0.00370 -0.01534)
(0.00316 0.01750 -0.02832)
(0.00508 0.00880 -0.01859)
(0.00828 0.00752 -0.01575)
(0.02962 0.01840 -0.01829)
(0.02241 0.02135 -0.02780)
(0.02256 0.05936 -0.07033)
(0.02561 0.05917 -0.07141)
(0.03965 0.06420 -0.07598)
(0.04972 0.05844 -0.05604)
(0.05551 0.07200 -0.05865)
(0.06430 0.06211 -0.02870)
(0.06288 0.04916 -0.03174)
(0.05362 0.04276 -0.02497)
(0.05420 0.04101 -0.02569)
(0.05689 0.04160 -0.03060)
(0.03097 0.01778 -0.02432)
(0.02250 0.00404 -0.00684)
(0.00579 -0.00112 -0.00072)
(0.01379 0.00171 -0.00854)
(-0.01496 -0.00279 -0.00232)
(0.00920 -0.00496 -0.01195)
(-0.02692 0.00028 0.00651)
(-0.02773 0.01027 0.00224)
(-0.03924 0.01104 0.00841)
(-0.04709 0.01300 0.01570)
(-0.04220 0.02190 0.02046)
(-0.07550 0.01956 0.04954)
(-0.07746 0.01975 0.05322)
(-0.03076 0.00796 0.02320)
(-0.07298 0.02292 0.05321)
(-0.06000 0.01668 0.04481)
(-0.01944 0.00660 0.02037)
(-0.00097 0.00053 0.00190)
(0.02540 0.00007 -0.00603)
(-0.00085 -0.00000 0.00020)
(-0.04867 -0.00119 0.01135)
(-0.09792 -0.00238 0.02104)
(-0.13270 -0.01214 0.02225)
(-0.13067 -0.01194 0.03054)
(-0.10559 -0.01667 0.01835)
(-0.10620 -0.00530 0.00669)
(-0.08909 -0.00295 -0.00420)
(-0.07034 0.00149 -0.01564)
(-0.05271 -0.00088 -0.00887)
(-0.03946 0.01258 -0.04998)
(-0.02285 0.02187 -0.05353)
(-0.01442 0.03394 -0.06726)
(-0.01196 0.05467 -0.08653)
(-0.01484 0.07368 -0.11460)
(0.01324 0.06498 -0.08612)
(0.03111 0.08719 -0.08887)
(0.03073 0.08788 -0.10099)
(0.03790 0.07815 -0.09789)
(0.04011 0.08582 -0.10590)
(0.04912 0.09788 -0.11519)
(0.05769 0.08708 -0.10540)
(0.06143 0.08666 -0.11316)
(0.05979 0.05107 -0.03590)
(0.06071 0.04855 -0.03715)
(0.07430 0.04973 -0.05877)
(0.08631 0.04070 -0.07785)
(0.08904 0.03685 -0.08311)
(0.07144 0.01794 -0.06051)
(0.06225 0.01384 -0.05438)
(0.03827 0.00343 -0.03718)
(0.00857 0.00207 -0.01241)
(-0.02680 0.01350 0.00163)
(0.01048 0.01061 0.00214)
(-0.00884 0.01435 0.01853)
(-0.02469 0.02258 0.02135)
(-0.00268 0.01695 0.01695)
(-0.03013 0.02232 0.03195)
(-0.04644 0.02361 0.04248)
(-0.05146 0.02391 0.06341)
(-0.02111 0.02304 0.04966)
(-0.02766 0.01952 0.05591)
(-0.00847 0.00484 0.01654)
(-0.00507 0.00367 0.00951)
(0.00098 0.00006 -0.00033)
(-0.03733 -0.00149 0.01091)
(-0.11287 -0.00797 0.03319)
(-0.11458 -0.01768 0.04472)
(-0.10345 -0.02264 0.04116)
(-0.07317 -0.02565 0.02544)
(-0.09418 -0.01759 0.01792)
(-0.09019 -0.01748 0.00742)
(-0.07441 -0.02008 0.01499)
(-0.06183 -0.01036 -0.00799)
(-0.05815 -0.00844 -0.01151)
(-0.04946 0.01056 -0.04541)
(-0.04591 0.01478 -0.05839)
(-0.04355 0.01848 -0.06299)
(-0.03774 0.02484 -0.06991)
(-0.03076 0.05336 -0.09275)
(-0.04624 0.05359 -0.10429)
(-0.03700 0.06680 -0.11935)
(-0.01855 0.06135 -0.10804)
(-0.02616 0.08517 -0.13498)
(-0.01827 0.08145 -0.12589)
(-0.00462 0.09735 -0.13206)
(0.00537 0.09571 -0.13350)
(0.00874 0.10987 -0.15929)
(0.00753 0.12554 -0.20431)
(0.01263 0.12474 -0.20600)
(0.02442 0.12476 -0.20073)
(0.05981 0.10069 -0.14955)
(0.08303 0.07695 -0.11969)
(0.08276 0.06084 -0.11730)
(0.09264 0.04893 -0.10483)
(0.10887 0.04426 -0.10398)
(0.10639 0.03674 -0.09883)
(0.09831 0.03267 -0.10955)
(0.06871 0.01167 -0.07148)
(0.09107 0.01604 -0.09452)
(0.05989 0.01467 -0.05994)
(0.07277 0.00753 -0.04565)
(0.05872 0.00205 -0.02789)
(0.07579 0.00627 -0.03387)
(0.01609 0.01280 0.00103)
(0.02721 0.02073 0.00376)
(0.01234 0.02511 0.01536)
(0.03085 0.02665 0.02442)
(0.01291 0.03072 0.04653)
(0.00180 0.03118 0.06134)
(-0.01777 0.02280 0.07677)
(-0.00762 0.00683 0.03382)
(0.00072 -0.00057 -0.00422)
(0.00484 0.01269 0.06566)
(-0.01026 -0.00142 0.00494)
(-0.05868 -0.00734 0.02390)
(-0.05480 -0.01535 0.03486)
(-0.09488 -0.01482 0.04384)
(-0.09045 -0.02892 0.04961)
(-0.07401 -0.02724 0.03010)
(-0.06550 -0.02687 0.02561)
(-0.06761 -0.02505 0.02211)
(-0.06360 -0.02251 0.01518)
(-0.06039 -0.00310 -0.02887)
(-0.04819 0.01425 -0.05857)
(-0.04784 0.01934 -0.06739)
(-0.05686 0.04268 -0.09556)
(-0.07223 0.08091 -0.15706)
(-0.07200 0.08944 -0.17416)
(-0.07662 0.12275 -0.21014)
(-0.06070 0.11237 -0.18933)
(-0.06012 0.13866 -0.23177)
(-0.10122 0.15325 -0.27367)
(-0.04564 0.13431 -0.21358)
(-0.01820 0.13533 -0.20324)
(-0.00456 0.13160 -0.22525)
(-0.00061 0.13101 -0.22837)
(0.00583 0.12924 -0.23006)
(0.02789 0.12081 -0.21781)
(0.07082 0.09133 -0.16176)
(0.03092 0.12503 -0.25868)
(0.08207 0.08502 -0.16620)
(0.09360 0.07376 -0.15466)
(0.09379 0.06185 -0.17376)
(0.10031 0.05099 -0.16321)
(0.11839 0.03750 -0.15712)
(0.11389 0.03302 -0.14476)
(0.11446 0.03248 -0.14713)
(0.09175 0.02271 -0.09220)
(0.09735 0.01881 -0.07847)
(0.08519 0.00500 -0.04307)
(0.08800 0.00516 -0.04241)
(0.07804 0.00717 -0.03280)
(0.06870 0.02250 -0.01496)
(0.05973 0.02331 0.01688)
(0.04586 0.02434 0.04770)
(0.06218 0.02804 0.06190)
(0.03281 0.02848 0.06966)
(0.05502 0.02785 0.07278)
(0.02353 0.02368 0.08407)
(0.00852 0.00410 0.07267)
(0.00041 -0.00015 0.00631)
(-0.00027 0.00013 -0.00235)
(0.00258 0.00085 -0.00187)
(-0.00370 -0.00135 0.00295)
(-0.02759 -0.01013 0.02124)
(-0.07240 -0.03019 0.05874)
(-0.08171 -0.03401 0.06376)
(-0.07789 -0.03675 0.06904)
(-0.07844 -0.03035 0.05047)
(-0.06432 -0.02908 0.03068)
(-0.06254 -0.02403 0.01812)
(-0.06065 -0.02618 0.02180)
(-0.06126 -0.02095 0.01070)
(-0.05324 0.00505 -0.04766)
(-0.08138 0.01175 -0.05411)
(-0.05231 0.01876 -0.06789)
(-0.07702 0.03966 -0.09920)
(-0.11270 0.09142 -0.18514)
(-0.10030 0.10286 -0.21199)
(-0.10184 0.11796 -0.22737)
(-0.11693 0.15715 -0.29026)
(-0.10051 0.15677 -0.27947)
(-0.11690 0.16126 -0.29743)
(-0.10114 0.16031 -0.28677)
(-0.01840 0.13684 -0.24866)
(-0.01635 0.13671 -0.25278)
(-0.01003 0.13426 -0.25394)
(-0.01062 0.13605 -0.27749)
(0.00816 0.13467 -0.29741)
(0.06155 0.10685 -0.23874)
(0.06658 0.11034 -0.28119)
(0.07215 0.10490 -0.27558)
(0.07666 0.10097 -0.27204)
(0.10789 0.04629 -0.19915)
(0.11708 0.03719 -0.16298)
(0.11658 0.03212 -0.14986)
(0.11441 0.02652 -0.13272)
(0.09611 0.00443 -0.05307)
(0.09925 0.00379 -0.05309)
(0.09745 0.01439 -0.02544)
(0.08166 0.02012 0.00358)
(0.10043 0.01784 0.00561)
(0.07099 0.01772 0.03987)
(0.07732 0.02341 0.06048)
(0.07032 0.02516 0.06557)
(0.06481 0.02560 0.07225)
(0.05974 0.02600 0.07795)
(0.03124 -0.00412 0.09591)
(0.00443 -0.00167 0.03422)
(0.00209 -0.00094 0.01373)
(-0.00200 0.00103 -0.01400)
(-0.00759 -0.00250 0.00638)
(-0.02713 -0.01131 0.02348)
(-0.04896 -0.02151 0.04296)
(-0.04051 -0.01915 0.03807)
(-0.07254 -0.03749 0.06944)
(-0.07135 -0.03902 0.06871)
(-0.04544 -0.03526 0.03744)
(-0.05462 -0.03289 0.05087)
(-0.05729 -0.02920 0.02654)
(-0.05924 -0.02441 0.01633)
(-0.07862 0.00319 -0.03292)
(-0.10968 0.03271 -0.09160)
(-0.09003 0.03556 -0.09103)
(-0.11752 0.05611 -0.11732)
(-0.12483 0.07470 -0.15286)
(-0.12450 0.09660 -0.18305)
(-0.15102 0.12331 -0.24175)
(-0.14769 0.13044 -0.26010)
(-0.13676 0.14437 -0.29010)
(-0.13520 0.16653 -0.31461)
(-0.11707 0.16465 -0.30628)
(-0.13441 0.16962 -0.32346)
(-0.11822 0.17016 -0.34211)
(-0.07729 0.16028 -0.32803)
(-0.06437 0.15975 -0.33358)
(-0.06474 0.16363 -0.36712)
(-0.06034 0.16071 -0.38463)
(0.02319 0.12188 -0.31067)
(0.04961 0.11183 -0.29465)
(0.06022 0.11115 -0.29691)
(0.06626 0.10686 -0.29184)
(0.08707 0.07115 -0.26423)
(0.11604 0.04229 -0.18081)
(0.11526 0.04273 -0.18521)
(0.11912 0.03554 -0.16573)
(0.12243 0.03066 -0.15510)
(0.11206 0.02215 -0.12028)
(0.11537 0.02149 -0.12046)
(0.12142 0.01296 -0.05623)
(0.11714 0.02099 -0.09394)
(0.12048 0.02502 -0.04000)
(0.11723 0.01861 -0.01737)
(0.12114 0.01968 -0.03452)
(0.10058 0.01518 0.02519)
(0.08491 0.02127 0.06147)
(0.07833 0.02302 0.06667)
(0.07583 0.02332 0.07194)
(0.07380 0.02323 0.07695)
(0.06744 0.02366 0.08155)
(0.06374 0.00840 0.11112)
(0.03522 -0.00142 0.11219)
(0.01109 -0.00272 0.04659)
(-0.00093 0.00047 -0.00563)
(0.00029 0.00013 -0.00034)
(-0.00380 -0.00204 0.00507)
(-0.02237 -0.01295 0.03126)
(-0.06395 -0.03382 0.06357)
(-0.06353 -0.03301 0.06728)
(-0.05343 -0.03934 0.06689)
(-0.03030 -0.04013 0.06656)
(-0.05485 -0.03472 0.05201)
(-0.04851 -0.03168 0.03828)
(-0.04764 -0.03099 0.03939)
(-0.05003 -0.02636 0.03518)
(-0.05720 -0.01416 0.01637)
(-0.10426 0.01981 -0.03549)
(-0.11832 0.03716 -0.08774)
(-0.12520 0.04541 -0.10958)
(-0.16959 0.08394 -0.17939)
(-0.17225 0.10861 -0.20984)
(-0.17574 0.12793 -0.26109)
(-0.18483 0.13813 -0.28113)
(-0.21785 0.16874 -0.35293)
(-0.23379 0.18699 -0.38816)
(-0.23075 0.20566 -0.42950)
(-0.16461 0.18543 -0.38248)
(-0.22873 0.21048 -0.44738)
(-0.16814 0.19083 -0.43567)
(-0.16372 0.19321 -0.44876)
(-0.11353 0.17664 -0.41754)
(-0.10379 0.17554 -0.42120)
(-0.02921 0.14347 -0.37621)
(-0.10024 0.17314 -0.45547)
(-0.01122 0.13703 -0.38035)
(0.02082 0.12323 -0.34346)
(0.03755 0.11667 -0.32392)
(0.03852 0.10348 -0.33069)
(0.07155 0.08097 -0.28755)
(0.06090 0.08970 -0.30603)
(0.11491 0.04698 -0.21190)
(0.08986 0.06163 -0.22708)
(0.13051 0.02517 -0.16780)
(0.13176 0.02429 -0.16572)
(0.11180 0.01783 -0.10979)
(0.11084 0.01845 -0.07458)
(0.10366 0.00838 -0.04899)
(0.11352 0.00800 -0.00437)
(0.11246 0.01259 0.01202)
(0.10081 0.00387 0.05329)
(0.09068 0.00023 0.08311)
(0.07479 0.01372 0.10016)
(0.06696 -0.00385 0.13082)
(0.04773 -0.00084 0.13861)
(0.07313 -0.00489 0.11622)
(0.05553 -0.00053 0.14624)
(0.02166 -0.00742 0.07235)
(0.00114 -0.00053 0.00412)
(-0.00224 0.00140 -0.00917)
(-0.00029 -0.00142 0.00277)
(-0.00917 -0.00634 0.01443)
(-0.03401 -0.03562 0.06913)
(-0.01120 -0.03457 0.06300)
(-0.02083 -0.03508 0.06675)
(-0.02191 -0.03707 0.06513)
(-0.01372 -0.03109 0.06524)
(-0.04083 -0.02568 0.04434)
(-0.04976 -0.03010 0.03885)
(-0.12549 0.02621 -0.02807)
(-0.11907 0.02407 -0.03195)
(-0.13238 0.04219 -0.06460)
(-0.16189 0.06778 -0.11777)
(-0.20172 0.10179 -0.18975)
(-0.28724 0.16060 -0.31857)
(-0.30037 0.17243 -0.34406)
(-0.26580 0.16184 -0.32600)
(-0.27510 0.18574 -0.37913)
(-0.26207 0.19133 -0.40134)
(-0.28536 0.21509 -0.45328)
(-0.27980 0.22158 -0.49055)
(-0.21000 0.20033 -0.46668)
(-0.19368 0.19953 -0.48060)
(-0.19010 0.20308 -0.48797)
(-0.19439 0.20453 -0.52950)
(-0.18532 0.20215 -0.52735)
(-0.06051 0.16050 -0.42468)
(-0.02834 0.14815 -0.40688)
(-0.04398 0.13791 -0.42352)
(-0.03577 0.13422 -0.41661)
(0.03599 0.10664 -0.34364)
(0.03836 0.10345 -0.33704)
(0.07487 0.07435 -0.25491)
(0.06778 0.06878 -0.25739)
(0.11247 0.03799 -0.18575)
(0.09681 0.04110 -0.18373)
(0.09244 0.03206 -0.13952)
(0.09503 0.01430 -0.08609)
(0.09068 0.01313 -0.07297)
(0.10226 0.00522 -0.03769)
(0.10553 0.00978 0.01555)
(0.09380 0.00667 -0.01073)
(0.10369 0.00752 0.04342)
(0.09816 -0.00404 0.07517)
(0.08778 -0.01693 0.08822)
(0.07376 -0.00630 0.11383)
(0.05769 -0.00602 0.13420)
(0.05602 0.00173 0.14740)
(0.05164 -0.01415 0.15172)
(0.02906 -0.00986 0.10288)
(0.00468 -0.00272 0.01874)
(0.00201 -0.00216 0.01042)
(0.00020 0.00240 -0.00462)
(-0.00109 -0.00987 0.01854)
(-0.00004 -0.00094 0.00179)
(0.00037 -0.01235 0.02270)
(0.00057 -0.03454 0.05592)
(-0.01307 -0.03450 0.06510)
(0.00040 -0.03408 0.05734)
(-0.01183 -0.02663 0.06073)
(-0.03101 -0.01466 0.05033)
(-0.03986 -0.01955 0.05402)
(-0.06492 0.00189 0.03532)
(-0.06288 -0.00345 0.02796)
(-0.10973 0.01676 -0.00054)
(-0.19503 0.07837 -0.09432)
(-0.21152 0.09116 -0.11948)
(-0.21405 0.09886 -0.15830)
(-0.27118 0.14456 -0.27476)
(-0.31165 0.17637 -0.34405)
(-0.31603 0.18372 -0.36698)
(-0.31279 0.19989 -0.42051)
(-0.33710 0.22733 -0.47979)
(-0.33661 0.23570 -0.51426)
(-0.34652 0.25936 -0.55987)
(-0.27225 0.22048 -0.49728)
(-0.26164 0.22317 -0.51896)
(-0.22874 0.21528 -0.53308)
(-0.21288 0.21256 -0.54260)
(-0.20637 0.21132 -0.54188)
(-0.17923 0.20118 -0.52733)
(-0.09795 0.16791 -0.46844)
(-0.06213 0.14777 -0.44155)
(-0.05624 0.14468 -0.43552)
(-0.02278 0.13199 -0.40212)
(-0.01962 0.12488 -0.37959)
(0.02635 0.10082 -0.31772)
(0.00759 0.10271 -0.30826)
(0.01581 0.09500 -0.28953)
(0.05252 0.06849 -0.23454)
(0.06838 0.03893 -0.14671)
(0.08507 0.01809 -0.09198)
(0.08101 0.01589 -0.08047)
(0.08716 0.01176 -0.06108)
(0.08911 0.00515 -0.03241)
(0.08098 0.00015 0.03258)
(0.09002 -0.01567 0.08232)
(0.08501 -0.01658 0.09545)
(0.08078 -0.01222 0.10793)
(0.06678 -0.02016 0.12781)
(0.05752 -0.02272 0.13929)
(0.04728 -0.02868 0.15091)
(0.02630 -0.02615 0.12947)
(0.00465 -0.00546 0.02484)
(-0.00022 0.00236 -0.00439)
(0.00066 -0.00436 0.00797)
(0.00424 -0.02688 0.04782)
(0.00533 -0.02083 0.03716)
(0.00800 -0.02755 0.04888)
(-0.00385 -0.02447 0.05072)
(-0.01683 -0.02296 0.05466)
(-0.04177 -0.00717 0.04170)
(-0.07510 0.01205 0.02458)
(-0.08882 0.01979 0.01999)
(-0.11195 0.02388 -0.00385)
(-0.19966 0.08195 -0.09064)
(-0.21655 0.09453 -0.11211)
(-0.23488 0.10764 -0.13652)
(-0.23119 0.10523 -0.13990)
(-0.27325 0.13963 -0.22021)
(-0.31804 0.17774 -0.32604)
(-0.33281 0.18877 -0.36541)
(-0.37474 0.22866 -0.42753)
(-0.33111 0.19356 -0.38909)
(-0.35799 0.23687 -0.49064)
(-0.35952 0.23942 -0.50013)
(-0.36232 0.26429 -0.56529)
(-0.34001 0.25805 -0.56401)
(-0.33693 0.25818 -0.56844)
(-0.22991 0.21945 -0.55499)
(-0.22537 0.21903 -0.55488)
(-0.19953 0.20985 -0.54144)
(-0.19483 0.20926 -0.54274)
(-0.15929 0.20132 -0.52495)
(-0.13374 0.19158 -0.50805)
(-0.06074 0.15018 -0.42574)
(-0.09903 0.17277 -0.45858)
(-0.03957 0.13781 -0.39742)
(-0.01029 0.11142 -0.32213)
(-0.01079 0.10773 -0.31040)
(0.00485 0.09669 -0.28647)
(0.00099 0.07986 -0.24033)
(0.07346 0.02124 -0.10003)
(0.06948 0.01836 -0.09066)
(0.07786 0.01232 -0.06857)
(0.06611 -0.00365 -0.03495)
(0.07215 -0.01123 0.02990)
(0.07448 -0.01053 0.03893)
(0.06783 -0.03359 0.09366)
(0.06414 -0.02754 0.11259)
(0.06336 -0.02646 0.11836)
(0.06142 -0.03256 0.11729)
(0.06083 -0.03147 0.12268)
(0.05970 -0.03143 0.12865)
(0.04611 -0.03463 0.15250)
(0.03420 -0.03803 0.17260)
(0.02991 -0.03839 0.15837)
(0.00712 -0.00938 0.03966)
(-0.00210 0.00280 -0.01196)
(-0.00032 0.00096 -0.00169)
(0.00290 -0.00774 0.01343)
(0.02168 -0.02454 0.03863)
(0.01448 -0.02902 0.05047)
(0.02198 -0.02684 0.04765)
(0.00062 -0.02000 0.04875)
(-0.02197 -0.00865 0.03855)
(-0.07105 0.01262 0.02440)
(-0.08765 0.02160 0.01871)
(-0.14024 0.04882 -0.00957)
(-0.16643 0.06382 -0.04321)
(-0.21848 0.09665 -0.10664)
(-0.23570 0.10894 -0.13039)
(-0.29295 0.15240 -0.19764)
(-0.25623 0.12258 -0.16516)
(-0.34036 0.18916 -0.29173)
(-0.36660 0.21158 -0.35496)
(-0.40260 0.24287 -0.42547)
(-0.40850 0.26090 -0.49199)
(-0.40671 0.25798 -0.52351)
(-0.39006 0.26583 -0.55486)
(-0.35481 0.26340 -0.56903)
(-0.36757 0.26816 -0.57160)
(-0.34942 0.26296 -0.57383)
(-0.31706 0.25035 -0.58655)
(-0.29185 0.24950 -0.59110)
(-0.21835 0.21741 -0.55408)
(-0.21994 0.22303 -0.56386)
(-0.20749 0.22311 -0.56484)
(-0.19689 0.22027 -0.55981)
(-0.13905 0.19495 -0.49717)
(-0.13401 0.19422 -0.48823)
(-0.09798 0.16963 -0.44845)
(-0.05391 0.13297 -0.37746)
(-0.02840 0.11650 -0.32532)
(-0.01070 0.10286 -0.29755)
(-0.02382 0.08426 -0.25564)
(0.02779 0.04591 -0.15434)
(0.01998 0.03363 -0.13827)
(0.03894 0.00896 -0.07099)
(0.03400 -0.01244 -0.03226)
(0.05852 -0.01744 0.01929)
(0.05952 -0.02259 0.05161)
(0.04740 -0.03986 0.04639)
(0.05242 -0.02955 0.07086)
(0.06083 -0.03599 0.11305)
(0.05914 -0.03681 0.12470)
(0.04702 -0.05444 0.14216)
(0.03884 -0.05126 0.15423)
(0.03361 -0.04300 0.17445)
(0.03460 -0.04719 0.17645)
(0.00943 -0.01394 0.05480)
(-0.00040 0.00061 -0.00243)
(0.00082 -0.00052 0.00065)
(0.01855 -0.01471 0.01973)
(0.01784 -0.01141 0.01374)
(0.02758 -0.02646 0.04458)
(0.02623 -0.02675 0.04757)
(0.02263 -0.02633 0.04822)
(0.00530 -0.01684 0.04815)
(-0.03800 0.00354 0.03743)
(-0.04841 0.00247 0.03531)
(-0.08304 0.02126 0.01827)
(-0.13513 0.05310 -0.00317)
(-0.18539 0.08185 -0.05485)
(-0.24252 0.11638 -0.11895)
(-0.29141 0.16099 -0.18182)
(-0.35974 0.20216 -0.29398)
(-0.41688 0.23688 -0.37401)
(-0.40481 0.24067 -0.38219)
(-0.42742 0.26795 -0.49238)
(-0.43602 0.27786 -0.47135)
(-0.43368 0.28446 -0.53669)
(-0.42838 0.29256 -0.55388)
(-0.42337 0.29716 -0.58392)
(-0.36016 0.26750 -0.57600)
(-0.34785 0.26650 -0.60632)
(-0.34961 0.27710 -0.62808)
(-0.28162 0.24939 -0.59780)
(-0.28166 0.25552 -0.60861)
(-0.24537 0.24310 -0.59076)
(-0.23801 0.23866 -0.59187)
(-0.17998 0.21598 -0.53912)
(-0.17968 0.21642 -0.53465)
(-0.12642 0.18365 -0.46424)
(-0.13186 0.17853 -0.44675)
(-0.14139 0.17795 -0.43201)
(-0.08185 0.12986 -0.34063)
(-0.07320 0.11044 -0.30617)
(-0.03530 0.06385 -0.21622)
(-0.03487 0.06037 -0.20896)
(0.01010 0.01047 -0.09668)
(0.00334 0.00189 -0.07315)
(0.03919 -0.02168 0.00255)
(0.02809 -0.04360 0.02938)
(0.04936 -0.04635 0.09142)
(0.04311 -0.06171 0.10677)
(0.05831 -0.04234 0.12424)
(0.03313 -0.08795 0.13988)
(0.03596 -0.07195 0.15755)
(0.03714 -0.06815 0.16100)
(0.03601 -0.07970 0.17452)
(0.03266 -0.07040 0.18226)
(0.01006 -0.02816 0.07836)
(0.00060 -0.00169 0.00578)
(0.00360 -0.00229 0.00281)
(0.02140 -0.01651 0.02713)
(0.02803 -0.02413 0.04379)
(0.01593 -0.01750 0.04932)
(0.01067 -0.01976 0.05205)
(-0.03277 0.00031 0.04020)
(-0.09472 0.03494 0.02249)
(-0.07394 0.02133 0.03078)
(-0.11758 0.04755 0.01134)
(-0.15202 0.06840 -0.01161)
(-0.23159 0.12086 -0.09450)
(-0.27693 0.15254 -0.15363)
(-0.32397 0.18736 -0.23377)
(-0.31541 0.18472 -0.21361)
(-0.38705 0.22315 -0.33373)
(-0.40465 0.25364 -0.37946)
(-0.45118 0.30762 -0.47932)
(-0.44954 0.29750 -0.51120)
(-0.45319 0.30689 -0.54998)
(-0.44106 0.30362 -0.56340)
(-0.42044 0.30161 -0.60389)
(-0.40015 0.29836 -0.62200)
(-0.37958 0.29323 -0.62863)
(-0.33203 0.27110 -0.62387)
(-0.31075 0.26682 -0.62365)
(-0.29938 0.26995 -0.63162)
(-0.29323 0.26638 -0.62574)
(-0.23675 0.23906 -0.58395)
(-0.24225 0.24431 -0.57607)
(-0.18065 0.21427 -0.51538)
(-0.17575 0.20287 -0.48104)
(-0.16579 0.18227 -0.43827)
(-0.12045 0.14882 -0.37915)
(-0.11403 0.12653 -0.34265)
(-0.04174 0.06629 -0.22276)
(-0.05174 0.05080 -0.20118)
(-0.01569 0.01641 -0.13179)
(-0.03675 -0.01565 -0.09878)
(-0.00209 -0.02612 -0.04760)
(0.00909 -0.05873 0.01662)
(0.02703 -0.04959 0.03552)
(0.04109 -0.06494 0.08184)
(0.02335 -0.09565 0.09207)
(0.02100 -0.09602 0.11116)
(0.03217 -0.09081 0.13609)
(0.03643 -0.08411 0.16351)
(0.03164 -0.08905 0.17904)
(0.03043 -0.08321 0.17925)
(0.01671 -0.05418 0.13590)
(0.00785 -0.02467 0.06708)
(0.00108 -0.00359 0.01007)
(-0.00222 0.00141 -0.00206)
(0.00805 -0.00525 0.00817)
(0.02701 -0.01728 0.02917)
(0.03135 -0.02392 0.04880)
(0.01750 -0.01924 0.05283)
(0.00525 -0.01480 0.05437)
(-0.03005 0.00226 0.04267)
(-0.00325 -0.01160 0.05517)
(-0.07938 0.02702 0.02605)
(-0.10903 0.04285 0.01658)
(-0.12579 0.05299 0.00595)
(-0.18094 0.10409 -0.04443)
(-0.21215 0.11228 -0.07408)
(-0.24622 0.14709 -0.12650)
(-0.30555 0.20647 -0.21687)
(-0.35557 0.22864 -0.28065)
(-0.33374 0.23516 -0.26403)
(-0.37952 0.25223 -0.33464)
(-0.44938 0.31275 -0.47333)
(-0.45387 0.31432 -0.49425)
(-0.45591 0.31927 -0.50743)
(-0.45020 0.32334 -0.54251)
(-0.43362 0.30871 -0.60937)
(-0.43068 0.31677 -0.62126)
(-0.40567 0.31823 -0.64137)
(-0.37849 0.30152 -0.64204)
(-0.35805 0.28622 -0.64487)
(-0.34186 0.28484 -0.65075)
(-0.33559 0.28876 -0.65468)
(-0.33104 0.28786 -0.65386)
(-0.27332 0.25730 -0.60448)
(-0.25338 0.25031 -0.58597)
(-0.23954 0.24258 -0.56815)
(-0.22826 0.23538 -0.54840)
(-0.20884 0.20601 -0.47791)
(-0.16149 0.17100 -0.41417)
(-0.16114 0.13830 -0.35580)
(-0.11450 0.10649 -0.30864)
(-0.10738 0.07700 -0.25198)
(-0.04772 -0.00310 -0.12492)
(-0.04557 -0.01429 -0.10807)
(-0.03385 -0.02580 -0.08413)
(-0.03098 -0.03565 -0.07186)
(0.01442 -0.08475 0.06199)
(0.01995 -0.10081 0.08957)
(0.01951 -0.09991 0.11369)
(0.02474 -0.10536 0.11764)
(0.02868 -0.10351 0.14097)
(0.02709 -0.10059 0.16205)
(0.02034 -0.10590 0.17371)
(0.02350 -0.10354 0.17309)
(0.02051 -0.09266 0.19464)
(0.00924 -0.06054 0.13171)
(0.00079 -0.00621 0.01419)
(0.00069 -0.00629 0.01409)
(0.00701 -0.00436 0.00588)
(0.03627 -0.02405 0.03703)
(0.01653 -0.01945 0.05613)
(0.01155 -0.01753 0.05584)
(0.00390 -0.01464 0.05616)
(-0.00517 -0.01141 0.05770)
(-0.06598 0.02068 0.03171)
(-0.09662 0.04227 0.01809)
(-0.12154 0.05028 0.00985)
(-0.16521 0.09964 -0.03900)
(-0.22929 0.14127 -0.11453)
(-0.30843 0.21673 -0.22702)
(-0.32119 0.23095 -0.24891)
(-0.34534 0.24784 -0.28301)
(-0.37732 0.27703 -0.34523)
(-0.45159 0.31914 -0.48537)
(-0.44901 0.32601 -0.47742)
(-0.45408 0.32442 -0.49899)
(-0.45808 0.34872 -0.53532)
(-0.44621 0.35099 -0.58127)
(-0.44338 0.34240 -0.58233)
(-0.44221 0.34101 -0.61594)
(-0.41555 0.34270 -0.63849)
(-0.41117 0.34056 -0.64570)
(-0.37299 0.30590 -0.65063)
(-0.34417 0.29424 -0.66073)
(-0.34005 0.29329 -0.66020)
(-0.32910 0.28779 -0.65406)
(-0.30074 0.27485 -0.62531)
(-0.25152 0.24897 -0.58021)
(-0.25128 0.24411 -0.56204)
(-0.23519 0.22442 -0.51046)
(-0.20117 0.19587 -0.45847)
(-0.17414 0.14644 -0.36943)
(-0.15658 0.12814 -0.34074)
(-0.15439 0.11946 -0.32877)
(-0.05721 -0.00257 -0.13177)
(-0.05518 -0.01249 -0.11754)
(-0.04224 -0.02536 -0.09274)
(-0.03819 -0.03794 -0.07736)
(-0.00741 -0.08021 0.02014)
(0.01665 -0.11526 0.07910)
(0.01566 -0.12117 0.12362)
(0.02290 -0.12310 0.14177)
(0.02493 -0.11387 0.16424)
(0.02003 -0.11516 0.17131)
(0.02035 -0.11235 0.17349)
(0.01461 -0.09688 0.19793)
(0.00942 -0.07136 0.15250)
(0.00468 -0.03869 0.08466)
(0.00830 -0.07361 0.15630)
(0.00095 -0.01029 0.02283)
(0.00175 -0.00111 0.00152)
(0.01339 -0.00853 0.01183)
(0.00862 -0.00563 0.00776)
(0.03180 -0.02072 0.02947)
(0.03466 -0.02782 0.05517)
(0.02049 -0.02242 0.05637)
(0.01001 -0.01807 0.05947)
(0.00013 -0.01459 0.06148)
(0.00293 -0.01487 0.05839)
(-0.03491 0.00335 0.05499)
(-0.04862 0.01313 0.04549)
(-0.07803 0.02918 0.03402)
(-0.12052 0.07283 -0.00784)
(-0.16060 0.10272 -0.04310)
(-0.18613 0.12467 -0.08078)
(-0.26986 0.18824 -0.17610)
(-0.31140 0.22970 -0.23962)
(-0.33475 0.24624 -0.27109)
(-0.35773 0.27592 -0.31184)
(-0.41872 0.36076 -0.42454)
(-0.45134 0.33106 -0.48972)
(-0.44905 0.37316 -0.51770)
(-0.45232 0.39138 -0.56677)
(-0.43968 0.35943 -0.60945)
(-0.42441 0.35320 -0.63462)
(-0.41620 0.34864 -0.64514)
(-0.39949 0.33302 -0.65804)
(-0.37111 0.32024 -0.67075)
(-0.34787 0.29873 -0.66667)
(-0.33634 0.29186 -0.66010)
(-0.32302 0.28658 -0.65187)
(-0.28230 0.26529 -0.60428)
(-0.28281 0.26099 -0.58020)
(-0.27391 0.25313 -0.55043)
(-0.22351 0.20697 -0.47336)
(-0.19832 0.16628 -0.40238)
(-0.16852 0.13446 -0.35149)
(-0.16409 0.12204 -0.33422)
(-0.11105 0.04181 -0.21425)
(-0.07815 -0.00482 -0.14585)
(-0.05097 -0.02468 -0.10114)
(-0.04331 -0.05803 -0.05431)
(-0.01982 -0.08972 0.00842)
(-0.01688 -0.11370 0.04301)
(0.01098 -0.12621 0.09804)
(0.02048 -0.12813 0.12513)
(0.02312 -0.12761 0.13674)
(0.01561 -0.12524 0.16177)
(0.01289 -0.11311 0.18944)
(0.01336 -0.10023 0.20072)
(0.01179 -0.09945 0.20231)
(0.01002 -0.09671 0.20238)
(0.00603 -0.06461 0.13831)
(0.00034 -0.01091 0.02465)
(-0.00020 0.00870 -0.01998)
(0.00079 -0.00063 0.00078)
(0.00965 -0.00778 0.00962)
(0.04618 -0.03509 0.05012)
(0.02873 -0.02463 0.03084)
(0.04027 -0.04119 0.06496)
(0.02820 -0.03097 0.06294)
(0.02192 -0.02947 0.06476)
(0.00023 -0.02084 0.06993)
(-0.01213 -0.01004 0.06401)
(-0.05246 0.01112 0.05757)
(-0.06652 0.01448 0.06254)
(-0.07941 0.03879 0.02966)
(-0.12788 0.07596 -0.01378)
(-0.17030 0.13243 -0.06595)
(-0.22007 0.17184 -0.12737)
(-0.24038 0.19986 -0.16097)
(-0.31184 0.28277 -0.25592)
(-0.32531 0.24629 -0.26258)
(-0.36046 0.30433 -0.31963)
(-0.39648 0.36527 -0.39263)
(-0.42351 0.37350 -0.44770)
(-0.44844 0.40456 -0.50858)
(-0.45357 0.41824 -0.53922)
(-0.45711 0.38906 -0.59767)
(-0.44154 0.40451 -0.61454)
(-0.43594 0.40569 -0.64824)
(-0.41033 0.35713 -0.67408)
(-0.39470 0.34473 -0.67930)
(-0.38191 0.34199 -0.69082)
(-0.35584 0.31027 -0.68045)
(-0.33775 0.29356 -0.66172)
(-0.31418 0.27977 -0.64112)
(-0.30178 0.26871 -0.60552)
(-0.29540 0.26295 -0.58429)
(-0.26190 0.23295 -0.51628)
(-0.25975 0.21327 -0.47836)
(-0.17904 0.14061 -0.36025)
(-0.18464 0.12060 -0.32743)
(-0.15692 0.07414 -0.27029)
(-0.14723 0.03176 -0.20972)
(-0.10262 -0.02431 -0.11525)
(-0.08679 -0.04501 -0.08440)
(-0.04375 -0.10557 0.00725)
(-0.02226 -0.11797 0.04443)
(-0.00307 -0.12659 0.08989)
(-0.00005 -0.13411 0.11971)
(0.01791 -0.13336 0.14399)
(0.00454 -0.13160 0.18643)
(0.00726 -0.12457 0.18865)
(0.00603 -0.12838 0.20793)
(0.00661 -0.12039 0.22033)
(0.00394 -0.09987 0.19634)
(0.00133 -0.06057 0.12418)
(0.00006 -0.01717 0.03653)
(0.00022 0.00652 -0.01517)
(0.00560 -0.00542 0.00648)
(0.02976 -0.02996 0.03757)
(0.03947 -0.04011 0.05862)
(0.02373 -0.03478 0.06548)
(0.01632 -0.02752 0.06837)
(0.01183 -0.02805 0.07126)
(0.00323 -0.01628 0.06545)
(-0.00866 -0.01213 0.06470)
(-0.02313 -0.00157 0.06299)
(-0.03794 0.00978 0.05267)
(-0.05296 0.01612 0.05397)
(-0.07432 0.04319 0.02627)
(-0.09840 0.06507 0.00145)
(-0.10359 0.08427 -0.00735)
(-0.11965 0.10002 -0.02425)
(-0.21270 0.17306 -0.12408)
(-0.13983 0.13095 -0.05354)
(-0.22979 0.20559 -0.15960)
(-0.26865 0.26632 -0.21001)
(-0.34301 0.32708 -0.30676)
(-0.38289 0.37065 -0.37832)
(-0.41413 0.38931 -0.42321)
(-0.43686 0.43751 -0.48764)
(-0.44345 0.48273 -0.53513)
(-0.44578 0.42807 -0.58378)
(-0.44052 0.42662 -0.60210)
(-0.43953 0.43052 -0.65733)
(-0.42771 0.40577 -0.66695)
(-0.41026 0.37859 -0.67858)
(-0.39145 0.35198 -0.69649)
(-0.36431 0.32237 -0.68638)
(-0.34647 0.31338 -0.67731)
(-0.32701 0.28654 -0.65917)
(-0.32366 0.28385 -0.62385)
(-0.32253 0.27570 -0.59227)
(-0.28745 0.24987 -0.53145)
(-0.27440 0.21910 -0.48344)
(-0.25627 0.18528 -0.42329)
(-0.25017 0.16026 -0.38756)
(-0.19712 0.09299 -0.29607)
(-0.16147 0.04398 -0.23166)
(-0.15124 -0.00196 -0.15088)
(-0.10071 -0.05108 -0.07576)
(-0.11022 -0.06307 -0.04937)
(-0.05156 -0.10528 0.03835)
(-0.01845 -0.12915 0.09138)
(-0.03745 -0.13731 0.12406)
(-0.03257 -0.13919 0.13551)
(-0.02077 -0.13679 0.15077)
(-0.03107 -0.13952 0.14878)
(-0.00808 -0.13426 0.18079)
(0.00148 -0.12902 0.21322)
(0.00078 -0.12700 0.21284)
(-0.00313 -0.11340 0.21675)
(-0.00171 -0.03493 0.07279)
(-0.00058 -0.00532 0.01218)
(0.00023 0.00204 -0.00471)
(0.00108 -0.00107 0.00120)
(0.01672 -0.01680 0.01927)
(0.04152 -0.04341 0.05244)
(0.04147 -0.04332 0.05832)
(0.03084 -0.03655 0.05872)
(0.02583 -0.03650 0.06466)
(0.01799 -0.02985 0.06855)
(0.00077 -0.01037 0.06023)
(-0.00647 -0.00530 0.05993)
(-0.00759 -0.00169 0.05724)
(-0.06012 0.04067 0.02616)
(-0.09694 0.08269 -0.00514)
(-0.11168 0.09741 -0.01971)
(-0.12148 0.11227 -0.03195)
(-0.18194 0.19185 -0.11982)
(-0.22966 0.25644 -0.17255)
(-0.30924 0.32206 -0.27097)
(-0.34411 0.38647 -0.33051)
(-0.39049 0.40443 -0.39704)
(-0.35894 0.41337 -0.36878)
(-0.41772 0.45614 -0.47506)
(-0.44153 0.49505 -0.52901)
(-0.44571 0.48788 -0.54864)
(-0.44255 0.48087 -0.57162)
(-0.43530 0.45004 -0.63353)
(-0.43470 0.42631 -0.66342)
(-0.41907 0.40454 -0.67861)
(-0.39924 0.39395 -0.68685)
(-0.36750 0.33854 -0.68956)
(-0.35764 0.33620 -0.67808)
(-0.34272 0.31005 -0.66270)
(-0.32910 0.28716 -0.62595)
(-0.32658 0.27904 -0.59529)
(-0.32137 0.27192 -0.57757)
(-0.30474 0.24568 -0.52152)
(-0.27234 0.19236 -0.43528)
(-0.25982 0.16316 -0.39139)
(-0.25789 0.13415 -0.32406)
(-0.19982 0.06028 -0.23819)
(-0.15939 -0.01284 -0.11560)
(-0.14213 -0.03220 -0.08771)
(-0.13613 -0.04284 -0.06616)
(-0.10116 -0.07048 -0.00508)
(-0.05209 -0.12656 0.10437)
(-0.03675 -0.13781 0.14246)
(-0.01944 -0.14382 0.17427)
(-0.01399 -0.13571 0.18923)
(-0.01676 -0.13690 0.19798)
(-0.00481 -0.13842 0.20930)
(-0.00332 -0.13701 0.21897)
(-0.00216 -0.11978 0.20289)
(-0.00167 -0.03967 0.07845)
(-0.00008 -0.00283 0.00560)
(0.00074 -0.00064 0.00050)
(0.02192 -0.01931 0.01568)
(0.04542 -0.03785 0.03879)
(0.05055 -0.04343 0.04367)
(0.04517 -0.04153 0.04857)
(0.02485 -0.03584 0.05957)
(0.02178 -0.02811 0.05664)
(0.02043 -0.03331 0.06223)
(0.00499 -0.01156 0.05800)
(-0.00109 -0.00662 0.05776)
(0.00354 -0.00736 0.05530)
(-0.00249 -0.00235 0.05500)
(-0.00767 0.00237 0.05376)
(-0.06571 0.07034 0.00428)
(-0.10387 0.09434 -0.01510)
(-0.11412 0.10905 -0.02589)
(-0.17854 0.20150 -0.11595)
(-0.20895 0.24222 -0.15007)
(-0.28073 0.32909 -0.24359)
(-0.31602 0.39184 -0.30080)
(-0.33007 0.41240 -0.32164)
(-0.40313 0.46118 -0.45467)
(-0.43995 0.50743 -0.52387)
(-0.44354 0.50068 -0.54179)
(-0.44540 0.50631 -0.55389)
(-0.43613 0.49819 -0.61011)
(-0.43756 0.44163 -0.65978)
(-0.42587 0.44466 -0.66113)
(-0.38450 0.38471 -0.68824)
(-0.35381 0.33221 -0.67263)
(-0.35265 0.32273 -0.65201)
(-0.32667 0.27605 -0.58215)
(-0.30741 0.22715 -0.46535)
(-0.29907 0.19505 -0.40793)
(-0.25074 0.10464 -0.27553)
(-0.15346 -0.02431 -0.09318)
(-0.13202 -0.05086 -0.04715)
(-0.04393 -0.13518 0.13636)
(-0.02448 -0.14479 0.18931)
(-0.00165 -0.04876 0.08403)
(0.00378 -0.00333 0.00192)
(0.03206 -0.02701 0.01920)
(0.05253 -0.04245 0.03463)
(0.04942 -0.04037 0.02348)
(0.05345 -0.04170 0.03331)
(0.05089 -0.04134 0.03753)
(0.03456 -0.02971 0.04727)
(0.00917 -0.01217 0.05530)
(0.00816 -0.00736 0.05203)
(0.00190 -0.00225 0.05228)
(-0.00283 0.00707 0.04678)
(-0.03798 0.05956 0.01516)
(-0.04684 0.08157 -0.00684)
(-0.08582 0.09999 -0.01661)
(-0.13932 0.18456 -0.07703)
(-0.15438 0.18669 -0.08513)
(-0.18712 0.24006 -0.12474)
(-0.26977 0.33217 -0.22663)
(-0.23397 0.31233 -0.18145)
(-0.30656 0.38761 -0.28652)
(-0.32144 0.40997 -0.31021)
(-0.35955 0.45057 -0.38054)
(-0.41615 0.51601 -0.48053)
(-0.44007 0.51883 -0.53104)
(-0.44346 0.51794 -0.54839)
(-0.43503 0.49893 -0.63029)
(-0.00599 0.00439 -0.00176)
(0.01737 -0.01264 0.00450)
(0.06190 -0.04466 0.01658)
(0.05979 -0.04745 0.02819)
(0.05461 -0.04121 0.03164)
(0.04912 -0.03608 0.03637)
(0.03934 -0.02938 0.04305)
(0.03634 -0.02348 0.04185)
(0.04011 -0.02463 0.03955)
(0.02441 -0.00802 0.04159)
(0.01612 0.00366 0.03764)
(0.00629 0.02212 0.02554)
(-0.02392 0.06039 0.01125)
(-0.02140 0.06121 0.01210)
(-0.08321 0.12536 -0.03372)
(-0.11958 0.17465 -0.06812)
(-0.17877 0.24352 -0.12378)
(-0.21622 0.30052 -0.17099)
(-0.29125 0.37910 -0.26281)
(-0.35401 0.46586 -0.36085)
(-0.39101 0.52267 -0.42356)
(-0.00580 0.00395 -0.00137)
(0.00411 -0.00279 0.00097)
(0.02833 -0.01869 0.00616)
(0.06209 -0.04283 0.02027)
(0.06139 -0.04158 0.02191)
(0.06092 -0.03644 0.02337)
(0.04864 -0.02263 0.02738)
(0.03338 -0.00516 0.02530)
(0.02314 0.00736 0.02430)
(0.00642 0.02935 0.01206)
(-0.01818 0.05684 0.00878)
(-0.03194 0.07485 -0.00311)
(-0.06771 0.11685 -0.02839)
(-0.11625 0.18675 -0.07495)
(-0.14928 0.21618 -0.09425)
(-0.17049 0.24980 -0.11167)
(-0.24309 0.33809 -0.20287)
(0.00131 -0.00081 0.00024)
(0.03303 -0.01949 0.00560)
(0.04976 -0.03295 0.01346)
(0.06324 -0.04142 0.01811)
(0.06206 -0.03944 0.02026)
(0.06249 -0.03769 0.01905)
(0.05485 -0.02229 0.01031)
(0.04797 -0.01066 0.01141)
(0.03875 -0.00069 0.01409)
(0.03661 0.00575 0.00164)
(0.01681 0.03506 -0.00986)
(0.00554 0.04928 -0.01626)
(-0.00333 0.05195 -0.00339)
(-0.00350 0.06668 -0.02791)
(-0.02539 0.08520 -0.02732)
(-0.07537 0.13823 -0.04759)
(0.00349 -0.00175 0.00035)
(0.04704 -0.02845 0.01063)
(0.06399 -0.03998 0.01672)
(0.06129 -0.02701 0.00329)
(0.05847 -0.02976 0.01046)
(0.05167 -0.01803 0.00277)
(0.04814 -0.00709 -0.00238)
(0.03755 0.00538 0.00003)
(0.01329 0.04767 -0.02177)
(0.00188 0.06152 -0.02801)
(-0.00070 0.00030 0.00001)
(0.01780 -0.00749 -0.00053)
(0.04795 -0.01794 -0.00311)
(-0.40900 0.43859 -0.67750)
(-0.35966 0.34372 -0.67856)
(-0.33018 0.28306 -0.59795)
(-0.33351 0.27211 -0.54546)
(-0.27898 0.14825 -0.33156)
(-0.18720 0.01676 -0.15082)
(-0.14679 -0.03563 -0.07010)
(-0.08941 -0.09737 0.06077)
(-0.04580 -0.14095 0.14077)
(-0.02321 -0.14271 0.19606)
(-0.01684 -0.13714 0.19980)
(-0.00464 -0.12306 0.20393)
(-0.00449 -0.12043 0.20144)
(-0.00426 -0.11738 0.19870)
(-0.00035 -0.01094 0.01901)
(-0.44136 0.53296 -0.59059)
(-0.42245 0.48530 -0.65319)
(-0.40592 0.45801 -0.66712)
(-0.39383 0.41886 -0.68082)
(-0.36464 0.35722 -0.68634)
(-0.35579 0.33904 -0.67252)
(-0.35107 0.32803 -0.64591)
(-0.35609 0.32612 -0.62124)
(-0.33101 0.28061 -0.58626)
(-0.35802 0.29631 -0.55185)
(-0.31875 0.23539 -0.47219)
(-0.31288 0.20018 -0.40398)
(-0.28851 0.15769 -0.33890)
(-0.27501 0.13726 -0.31451)
(-0.24296 0.07427 -0.21367)
(-0.16492 -0.01597 -0.09900)
(-0.15696 -0.02853 -0.07394)
(-0.13915 -0.05439 -0.02740)
(-0.11066 -0.09910 0.06693)
(-0.06467 -0.13042 0.12032)
(-0.05970 -0.13794 0.14196)
(-0.03956 -0.14438 0.17323)
(-0.03235 -0.14333 0.18505)
(-0.01786 -0.13223 0.19936)
(-0.00560 -0.12456 0.19967)
(-0.00456 -0.12000 0.19512)
(-0.00133 -0.04563 0.07517)
(-0.00011 -0.00454 0.00751)
(-0.41231 0.56335 -0.47031)
(-0.43603 0.56457 -0.54124)
(-0.43849 0.56605 -0.55629)
(-0.44444 0.55570 -0.61946)
(-0.43019 0.52899 -0.62790)
(-0.41551 0.48905 -0.65350)
(-0.39309 0.43522 -0.67790)
(-0.37915 0.41047 -0.67475)
(-0.35746 0.34765 -0.67266)
(-0.36217 0.37702 -0.67278)
(-0.35052 0.33883 -0.65489)
(-0.35655 0.33206 -0.61437)
(-0.35667 0.30874 -0.57767)
(-0.36136 0.30154 -0.55603)
(-0.35418 0.27083 -0.49652)
(-0.33688 0.22728 -0.42886)
(-0.33511 0.21280 -0.39055)
(-0.28243 0.13759 -0.30664)
(-0.26442 0.09614 -0.23619)
(-0.21278 0.03198 -0.14521)
(-0.18950 -0.00600 -0.07932)
(-0.15310 -0.05539 -0.01149)
(-0.12642 -0.09359 0.08005)
(-0.11084 -0.10461 0.08420)
(-0.06514 -0.13508 0.14609)
(-0.04312 -0.14346 0.17187)
(-0.05614 -0.14598 0.16153)
(-0.03457 -0.14795 0.18483)
(-0.02669 -0.14214 0.18602)
(-0.02797 -0.14671 0.17766)
(-0.00719 -0.13039 0.19910)
(-0.00483 -0.12115 0.18796)
(-0.00089 -0.06087 0.09329)
(-0.00019 -0.01399 0.02108)
(0.00004 0.00539 -0.00810)
(-0.29830 0.41366 -0.26676)
(-0.35207 0.47841 -0.35249)
(-0.37702 0.51759 -0.40124)
(-0.41005 0.56252 -0.46444)
(-0.43149 0.57728 -0.52230)
(-0.43116 0.59107 -0.54452)
(-0.43874 0.55836 -0.60060)
(-0.42638 0.54422 -0.60708)
(-0.41057 0.50767 -0.64583)
(-0.40155 0.48463 -0.65521)
(-0.38430 0.44592 -0.66090)
(-0.37654 0.41249 -0.66376)
(-0.37475 0.38393 -0.65423)
(-0.37384 0.37507 -0.64130)
(-0.35988 0.33281 -0.61007)
(-0.38408 0.33446 -0.55877)
(-0.39277 0.32897 -0.52782)
(-0.36788 0.28122 -0.48280)
(-0.35944 0.25953 -0.44527)
(-0.33895 0.20197 -0.36470)
(-0.31211 0.16287 -0.32212)
(-0.28047 0.11415 -0.24517)
(-0.24719 0.06198 -0.17628)
(-0.20240 -0.00054 -0.09043)
(-0.17089 -0.03374 -0.03947)
(-0.17543 -0.04203 -0.02545)
(-0.14107 -0.07354 0.03076)
(-0.10809 -0.11338 0.09107)
(-0.07851 -0.13687 0.12462)
(-0.06952 -0.14764 0.13722)
(-0.04552 -0.15489 0.16899)
(-0.01805 -0.15000 0.18248)
(-0.03321 -0.15273 0.16365)
(-0.00959 -0.14866 0.18027)
(-0.00600 -0.12812 0.15925)
(-0.00042 -0.01518 0.01886)
(0.00010 0.01262 -0.01593)
(-0.00668 -0.10733 0.11846)
(-0.11228 0.18458 -0.07565)
(-0.12963 0.20413 -0.08669)
(-0.14083 0.21956 -0.09692)
(-0.22584 0.32174 -0.18443)
(-0.28981 0.40539 -0.25648)
(-0.31905 0.44354 -0.28922)
(-0.32543 0.44632 -0.30543)
(-0.35706 0.49709 -0.35737)
(-0.38819 0.54228 -0.41662)
(-0.41252 0.57201 -0.48217)
(-0.42738 0.59177 -0.53120)
(-0.43036 0.58899 -0.55017)
(-0.42094 0.55080 -0.59913)
(-0.40394 0.49483 -0.65014)
(-0.39718 0.48254 -0.65444)
(-0.39260 0.44770 -0.65542)
(-0.37272 0.39225 -0.66415)
(-0.40108 0.41669 -0.64347)
(-0.37887 0.36511 -0.61840)
(-0.40964 0.42594 -0.63306)
(-0.39323 0.34138 -0.54856)
(-0.39702 0.33890 -0.53503)
(-0.39339 0.32376 -0.51386)
(-0.35947 0.23987 -0.39625)
(-0.32999 0.18552 -0.34161)
(-0.33631 0.19662 -0.35296)
(-0.30754 0.15062 -0.28935)
(-0.25661 0.07210 -0.17536)
(-0.26420 0.09000 -0.19485)
(-0.21664 0.01866 -0.10541)
(-0.18734 -0.02248 -0.05223)
(-0.16929 -0.05127 -0.01218)
(-0.11083 -0.10580 0.07190)
(-0.07868 -0.14259 0.12597)
(-0.07093 -0.14824 0.13188)
(-0.06236 -0.15283 0.14188)
(-0.03336 -0.15885 0.14321)
(-0.02436 -0.15894 0.15162)
(-0.01723 -0.15923 0.15336)
(-0.00718 -0.08697 0.09058)
(-0.00063 -0.01056 0.01132)
(-0.00640 -0.05237 0.04857)
(-0.00118 -0.00997 0.00931)
(-0.00383 0.06850 -0.03210)
(-0.00852 0.07319 -0.03203)
(-0.04411 0.11258 -0.05066)
(-0.10871 0.18262 -0.07655)
(-0.12360 0.19955 -0.08586)
(-0.11761 0.19488 -0.08529)
(-0.13496 0.21485 -0.09578)
(-0.22121 0.32869 -0.19226)
(-0.17566 0.26970 -0.13198)
(-0.24712 0.36532 -0.21532)
(-0.28936 0.41754 -0.25247)
(-0.35465 0.50947 -0.35076)
(-0.35803 0.52170 -0.35979)
(-0.38940 0.55194 -0.44100)
(-0.42617 0.59277 -0.52350)
(-0.42821 0.59009 -0.54002)
(-0.42827 0.58829 -0.54791)
(-0.42218 0.57091 -0.57214)
(-0.40611 0.50358 -0.64568)
(-0.39999 0.49148 -0.65019)
(-0.40395 0.47744 -0.66128)
(-0.38842 0.42213 -0.66173)
(-0.41027 0.43802 -0.64078)
(-0.41518 0.43613 -0.63598)
(-0.39227 0.36213 -0.56999)
(-0.40227 0.34945 -0.54220)
(-0.39716 0.33228 -0.52006)
(-0.40218 0.34263 -0.52756)
(-0.38095 0.27991 -0.42941)
(-0.36586 0.27178 -0.39967)
(-0.31747 0.19062 -0.31169)
(-0.29854 0.15338 -0.26537)
(-0.20050 -0.00440 -0.07753)
(-0.18886 -0.01961 -0.05869)
(-0.17692 -0.03726 -0.03567)
(-0.12798 -0.08761 0.03462)
(-0.07944 -0.14387 0.12119)
(-0.07213 -0.14887 0.12719)
(-0.06355 -0.15318 0.13760)
(-0.05695 -0.16104 0.13324)
(-0.03453 -0.16027 0.13627)
(-0.01999 -0.15016 0.13359)
(-0.00709 -0.04710 0.03940)
(0.00128 0.00979 -0.00844)
(-0.00051 -0.00345 0.00291)
(0.05761 -0.01881 -0.00351)
(0.05470 -0.00595 -0.01552)
(0.05075 -0.00754 -0.00734)
(0.04215 0.00887 -0.01616)
(0.02733 0.02225 -0.02957)
(0.03411 0.02444 -0.02297)
(0.01876 0.04181 -0.02390)
(0.00153 0.06300 -0.03151)
(0.00052 0.06530 -0.03590)
(-0.00452 0.07062 -0.03652)
(-0.00946 0.07581 -0.03667)
(-0.03956 0.11402 -0.05860)
(-0.08729 0.16576 -0.07794)
(-0.13118 0.20038 -0.11418)
(-0.17061 0.26569 -0.13764)
(-0.23007 0.34894 -0.19670)
(-0.29323 0.41787 -0.26176)
(-0.33835 0.49536 -0.32913)
(-0.35227 0.51390 -0.34854)
(-0.37623 0.54067 -0.40188)
(-0.39802 0.56557 -0.44763)
(-0.42678 0.59128 -0.53094)
(-0.42689 0.58925 -0.54003)
(-0.42226 0.57791 -0.56639)
(-0.41345 0.53531 -0.61500)
(-0.41213 0.51621 -0.63793)
(-0.41189 0.50151 -0.64745)
(-0.39538 0.45494 -0.65113)
(-0.41334 0.44619 -0.64419)
(-0.42044 0.44612 -0.63914)
(-0.41516 0.41349 -0.60576)
(-0.42142 0.38867 -0.56529)
(-0.42200 0.38307 -0.54359)
(-0.40138 0.33783 -0.49282)
(-0.39037 0.30761 -0.42539)
(-0.36503 0.27708 -0.38150)
(-0.33498 0.22467 -0.33651)
(-0.31064 0.18848 -0.28644)
(-0.28264 0.14122 -0.22032)
(-0.23001 0.04134 -0.12959)
(-0.19591 -0.00858 -0.07404)
(-0.18403 -0.02567 -0.05536)
(-0.17733 -0.03663 -0.04070)
(-0.14518 -0.07678 0.00344)
(-0.08713 -0.14295 0.10293)
(-0.09739 -0.11364 0.05112)
(-0.07442 -0.15028 0.09529)
(-0.04967 -0.16059 0.09773)
(-0.04133 -0.16579 0.12735)
(-0.02958 -0.16247 0.13408)
(-0.02935 -0.15289 0.12645)
(-0.01751 -0.11857 0.09620)
(-0.00436 -0.02627 0.02149)
(0.00365 -0.00138 -0.00022)
(0.00968 -0.00362 -0.00102)
(0.04903 -0.01059 -0.01162)
(0.04377 -0.00034 -0.01345)
(0.01375 0.01741 -0.02279)
(0.02175 0.02071 -0.02701)
(0.00103 0.03764 -0.04603)
(-0.00599 0.04553 -0.04329)
(-0.01919 0.06178 -0.05444)
(-0.01626 0.06016 -0.05108)
(-0.02792 0.08393 -0.06035)
(-0.07747 0.12188 -0.09477)
(-0.06766 0.12613 -0.08934)
(-0.09492 0.16095 -0.09743)
(-0.10742 0.18092 -0.11269)
(-0.20197 0.27465 -0.16643)
(-0.22308 0.29748 -0.18127)
(-0.24604 0.35107 -0.20903)
(-0.30855 0.42345 -0.27001)
(-0.34020 0.47874 -0.31539)
(-0.37908 0.51563 -0.35395)
(-0.38838 0.55917 -0.39757)
(-0.40583 0.57524 -0.44388)
(-0.42579 0.59772 -0.50861)
(-0.42585 0.59943 -0.52277)
(-0.42460 0.59796 -0.53614)
(-0.41888 0.56929 -0.59431)
(-0.41820 0.55351 -0.60465)
(-0.41679 0.53718 -0.62056)
(-0.41051 0.49435 -0.64006)
(-0.42618 0.49828 -0.63285)
(-0.43420 0.48886 -0.63485)
(-0.44046 0.45863 -0.62456)
(-0.44564 0.45081 -0.60162)
(-0.45616 0.44777 -0.58239)
(-0.42235 0.38415 -0.51360)
(-0.40043 0.33159 -0.44607)
(-0.37243 0.30472 -0.40428)
(-0.34825 0.25693 -0.33316)
(-0.29297 0.18999 -0.26112)
(-0.25599 0.12578 -0.19447)
(-0.19571 0.02254 -0.10072)
(-0.13842 -0.06423 -0.01542)
(-0.15702 -0.00966 -0.06886)
(-0.11263 -0.12286 0.02651)
(-0.09335 -0.10921 0.02360)
(-0.06711 -0.13330 0.07110)
(-0.05266 -0.14062 0.07844)
(-0.03482 -0.16126 0.10966)
(-0.03556 -0.15137 0.09312)
(-0.01287 -0.10853 0.07204)
(-0.00644 -0.05471 0.03581)
(-0.00242 -0.02062 0.01342)
(0.00156 -0.00027 -0.00003)
(0.02344 0.00476 -0.01388)
(0.01226 0.01659 -0.02480)
(-0.02582 0.04039 -0.04191)
(-0.02708 0.04212 -0.04336)
(-0.02970 0.04547 -0.04602)
(-0.01545 0.05144 -0.05653)
(-0.04140 0.05652 -0.05625)
(-0.03795 0.07268 -0.07174)
(-0.04342 0.08452 -0.07229)
(-0.08115 0.11027 -0.09642)
(-0.11454 0.13392 -0.11733)
(-0.11625 0.15729 -0.11836)
(-0.10416 0.17131 -0.11029)
(-0.15750 0.21168 -0.14237)
(-0.19778 0.26549 -0.17222)
(-0.30209 0.35075 -0.24177)
(-0.30747 0.38479 -0.25362)
(-0.33402 0.45343 -0.29659)
(-0.40441 0.53618 -0.37610)
(-0.40292 0.55981 -0.39551)
(-0.41166 0.57167 -0.42282)
(-0.42118 0.59877 -0.46967)
(-0.42853 0.59860 -0.45464)
(-0.42367 0.60754 -0.49995)
(-0.42559 0.60473 -0.52509)
(-0.41926 0.57220 -0.58774)
(-0.42638 0.57071 -0.59126)
(-0.43349 0.56465 -0.59847)
(-0.42200 0.53297 -0.62078)
(-0.43666 0.56121 -0.60123)
(-0.43315 0.50958 -0.62960)
(-0.45227 0.51670 -0.62143)
(-0.45910 0.50558 -0.61504)
(-0.46130 0.49293 -0.62066)
(-0.46168 0.47872 -0.60091)
(-0.46964 0.47348 -0.59536)
(-0.44487 0.46086 -0.54621)
(-0.43717 0.41583 -0.53114)
(-0.41987 0.40186 -0.48858)
(-0.39671 0.36569 -0.44451)
(-0.35567 0.29473 -0.35911)
(-0.36957 0.33098 -0.38725)
(-0.32494 0.28096 -0.32383)
(-0.29311 0.23744 -0.28517)
(-0.22536 0.10951 -0.16375)
(-0.15431 0.02177 -0.10450)
(-0.11833 -0.07124 -0.00684)
(-0.12802 -0.00636 -0.07580)
(-0.09028 -0.08805 0.00326)
(-0.04116 -0.09625 0.01013)
(-0.05339 -0.11639 0.03772)
(-0.03086 -0.10764 0.02638)
(-0.02793 -0.15119 0.07880)
(-0.02751 -0.14314 0.07524)
(-0.02845 -0.10804 0.02625)
(-0.02120 -0.11366 0.05862)
(-0.00128 -0.02603 0.01457)
(0.00019 0.00012 -0.00001)
(0.00136 0.01409 -0.01526)
(-0.02923 0.03580 -0.03398)
(-0.03873 0.04959 -0.04831)
(-0.04064 0.05338 -0.05271)
(-0.05084 0.05771 -0.05591)
(-0.05284 0.06122 -0.06039)
(-0.06763 0.08885 -0.08100)
(-0.11862 0.13461 -0.12788)
(-0.15523 0.15379 -0.13549)
(-0.14811 0.17443 -0.14436)
(-0.21234 0.22420 -0.18106)
(-0.21905 0.24022 -0.17998)
(-0.24672 0.29143 -0.20362)
(-0.34516 0.38107 -0.27418)
(-0.34757 0.39407 -0.27670)
(-0.36618 0.41299 -0.29048)
(-0.35079 0.45808 -0.31086)
(-0.41427 0.53964 -0.38009)
(-0.41495 0.55041 -0.39102)
(-0.42015 0.56742 -0.41003)
(-0.43880 0.59716 -0.46200)
(-0.42602 0.60354 -0.47521)
(-0.43437 0.60819 -0.51479)
(-0.42901 0.60277 -0.54373)
(-0.42137 0.58793 -0.55373)
(-0.43621 0.57221 -0.59164)
(-0.43937 0.57009 -0.59326)
(-0.44182 0.56029 -0.60439)
(-0.46160 0.54762 -0.60762)
(-0.45774 0.51983 -0.61786)
(-0.46550 0.50270 -0.61440)
(-0.46188 0.49366 -0.58275)
(-0.45957 0.49215 -0.55326)
(-0.43005 0.45941 -0.50998)
(-0.42111 0.45167 -0.49682)
(-0.37834 0.37697 -0.43031)
(-0.33110 0.30314 -0.33863)
(-0.31655 0.28580 -0.31941)
(-0.22397 0.13887 -0.20228)
(-0.24309 0.19215 -0.24223)
(-0.19033 0.08801 -0.14645)
(-0.11137 0.05183 -0.12169)
(-0.09796 -0.02572 -0.05126)
(-0.09908 0.03888 -0.11016)
(-0.05563 -0.07232 -0.01468)
(-0.03060 -0.08665 0.00115)
(-0.02747 -0.09791 0.01317)
(-0.01952 -0.11894 0.04380)
(-0.01659 -0.09756 0.04086)
(-0.02040 -0.09255 0.01226)
(-0.00195 -0.03332 0.01372)
(-0.00034 -0.00668 0.00272)
(0.00007 -0.00031 -0.00004)
(-0.01272 0.01651 -0.01428)
(-0.03166 0.02952 -0.02379)
(-0.05092 0.05529 -0.05191)
(-0.06494 0.06441 -0.06212)
(-0.13250 0.12081 -0.11167)
(-0.14991 0.14194 -0.12977)
(-0.18380 0.16120 -0.14875)
(-0.26416 0.24731 -0.21060)
(-0.28757 0.26306 -0.22275)
(-0.28924 0.26966 -0.22508)
(-0.29170 0.30157 -0.23528)
(-0.37058 0.39294 -0.28929)
(-0.36787 0.40232 -0.28978)
(-0.38604 0.42078 -0.30335)
(-0.42309 0.50364 -0.35436)
(-0.42366 0.55130 -0.39316)
(-0.44754 0.56527 -0.42063)
(-0.46210 0.59780 -0.45322)
(-0.43887 0.60320 -0.47487)
(-0.44912 0.61117 -0.50604)
(-0.43620 0.60743 -0.52781)
(-0.43666 0.60640 -0.53421)
(-0.44736 0.59827 -0.56039)
(-0.44117 0.57701 -0.58570)
(-0.44336 0.56871 -0.59534)
(-0.45545 0.56584 -0.59361)
(-0.46150 0.55959 -0.59900)
(-0.45228 0.52912 -0.60427)
(-0.46519 0.56217 -0.58908)
(-0.46929 0.55096 -0.59470)
(-0.46286 0.52621 -0.56227)
(-0.43310 0.48481 -0.51989)
(-0.43281 0.47400 -0.51691)
(-0.42299 0.46630 -0.50389)
(-0.41209 0.45925 -0.49127)
(-0.34771 0.39089 -0.41090)
(-0.33442 0.32195 -0.35000)
(-0.32123 0.30845 -0.33361)
(-0.26035 0.26656 -0.28947)
(-0.20666 0.17508 -0.21307)
(-0.20679 0.19727 -0.22353)
(-0.11339 0.07480 -0.13531)
(-0.09981 0.06028 -0.12352)
(-0.07757 0.00602 -0.07661)
(-0.08731 0.04947 -0.11524)
(-0.02879 -0.07401 -0.00964)
(-0.02533 -0.08655 0.00100)
(-0.02269 -0.07299 -0.01075)
(-0.01395 -0.07523 0.00064)
(-0.00877 -0.05366 0.00878)
(0.00033 -0.01112 0.00210)
(-0.00062 0.00647 -0.00113)
(0.00375 -0.00336 0.00151)
(-0.00261 0.00181 -0.00111)
(-0.03392 0.02571 -0.01829)
(-0.08800 0.07456 -0.06528)
(-0.14962 0.11397 -0.09561)
(-0.14029 0.11760 -0.10623)
(-0.21933 0.16849 -0.15068)
(-0.20764 0.16667 -0.15961)
(-0.24974 0.20465 -0.18419)
(-0.28221 0.25304 -0.21748)
(-0.30413 0.26889 -0.22831)
(-0.31109 0.27949 -0.23489)
(-0.36561 0.31584 -0.26021)
(-0.35477 0.33199 -0.26946)
(-0.40758 0.37157 -0.29722)
(-0.38991 0.41045 -0.30163)
(-0.40612 0.42728 -0.31377)
(-0.43631 0.46722 -0.34064)
(-0.46923 0.52069 -0.38302)
(-0.45577 0.55471 -0.40278)
(-0.52393 0.56773 -0.43428)
(-0.47532 0.58278 -0.44171)
(-0.47197 0.59223 -0.45532)
(-0.45861 0.60231 -0.46776)
(-0.47964 0.61284 -0.49886)
(-0.44009 0.60948 -0.52423)
(-0.44019 0.60814 -0.53019)
(-0.44513 0.60643 -0.54415)
(-0.45631 0.58991 -0.56509)
(-0.44426 0.57547 -0.58719)
(-0.45695 0.59024 -0.56523)
(-0.44766 0.57936 -0.58309)
(-0.46307 0.58303 -0.57962)
(-0.45966 0.57275 -0.57732)
(-0.46599 0.55696 -0.59071)
(-0.46344 0.55461 -0.58671)
(-0.44097 0.53781 -0.54254)
(-0.41281 0.50578 -0.51755)
(-0.42290 0.47746 -0.50847)
(-0.41012 0.46804 -0.49424)
(-0.33869 0.42791 -0.42525)
(-0.31618 0.37280 -0.36879)
(-0.27087 0.32815 -0.31231)
(-0.21729 0.27216 -0.27187)
(-0.13546 0.14624 -0.17532)
(-0.14238 0.21467 -0.20940)
(-0.10179 0.08072 -0.13486)
(-0.08757 0.06563 -0.12434)
(-0.03630 0.04986 -0.08728)
(-0.04168 0.00020 -0.06235)
(-0.01495 -0.01029 -0.05019)
(-0.01426 -0.07343 -0.01101)
(0.00243 -0.03041 -0.00129)
(0.00851 -0.01937 -0.01176)
(0.00020 -0.00079 0.00002)
(0.01157 -0.00799 0.00481)
(-0.07943 0.05743 -0.03926)
(-0.13051 0.09417 -0.07259)
(0.01211 -0.00765 0.00431)
(-0.01715 0.01115 -0.00649)
(-0.17143 0.12187 -0.08919)
(-0.18459 0.13163 -0.10420)
(-0.19609 0.14391 -0.12035)
(-0.24310 0.17031 -0.12888)
(-0.25974 0.19429 -0.17180)
(-0.29587 0.22621 -0.19843)
(-0.30185 0.24493 -0.21043)
(-0.32327 0.24694 -0.20092)
(-0.32784 0.26297 -0.21274)
(-0.32667 0.28560 -0.23913)
(-0.43602 0.35722 -0.28338)
(-0.44857 0.39268 -0.30805)
(-0.44973 0.42257 -0.31794)
(-0.52671 0.45326 -0.34648)
(-0.51971 0.48590 -0.36789)
(-0.52491 0.50582 -0.38486)
(-0.52424 0.54473 -0.41342)
(-0.53935 0.56587 -0.43791)
(-0.51975 0.57090 -0.44466)
(-0.52858 0.58527 -0.47188)
(-0.48375 0.59810 -0.46991)
(-0.49508 0.60291 -0.50661)
(-0.44578 0.61218 -0.51764)
(-0.45511 0.60142 -0.53165)
(-0.45191 0.60380 -0.54165)
(-0.45806 0.60042 -0.54423)
(-0.45821 0.59799 -0.54764)
(-0.45303 0.58954 -0.56577)
(-0.45727 0.58553 -0.56770)
(-0.44990 0.57948 -0.56714)
(-0.44648 0.57558 -0.57064)
(-0.45743 0.56531 -0.57879)
(-0.45468 0.55671 -0.58161)
(-0.41675 0.53945 -0.53960)
(-0.40814 0.52890 -0.52836)
(-0.36283 0.49924 -0.48707)
(-0.39366 0.49679 -0.49540)
(-0.34611 0.45655 -0.44496)
(-0.28945 0.41593 -0.38869)
(-0.26880 0.39222 -0.36162)
(-0.25377 0.34155 -0.32368)
(-0.20635 0.29917 -0.26833)
(-0.20833 0.31806 -0.28611)
(-0.14797 0.23933 -0.21673)
(-0.11029 0.14004 -0.15646)
(-0.12231 0.21446 -0.19851)
(-0.08135 0.17068 -0.15686)
(-0.08985 0.08249 -0.13323)
(-0.05053 0.07286 -0.11174)
(-0.01334 0.04505 -0.08637)
(0.01516 0.03329 -0.08172)
(0.00913 0.01018 -0.06371)
(0.01001 -0.00953 -0.01695)
(-0.00098 0.00177 0.00095)
(0.00127 -0.00122 -0.00171)
(-0.01189 0.00781 -0.00483)
(-0.10239 0.06820 -0.04692)
(-0.15997 0.10525 -0.07013)
(-0.24495 0.16200 -0.11199)
(-0.26655 0.17779 -0.12408)
(-0.30623 0.23147 -0.18638)
(-0.35535 0.25516 -0.19404)
(-0.41130 0.31080 -0.24084)
(-0.46338 0.34885 -0.26865)
(-0.49807 0.41162 -0.31377)
(-0.52589 0.43845 -0.32829)
(-0.53954 0.47126 -0.36288)
(-0.57498 0.51017 -0.39586)
(-0.56372 0.54134 -0.40973)
(-0.58437 0.55748 -0.44210)
(-0.54500 0.56674 -0.45627)
(-0.56849 0.58376 -0.50331)
(-0.55826 0.58681 -0.50758)
(-0.55719 0.58491 -0.51290)
(-0.49385 0.60143 -0.51186)
(-0.53308 0.58419 -0.52027)
(-0.48712 0.60019 -0.53248)
(-0.46752 0.59351 -0.53954)
(-0.46969 0.59135 -0.54543)
(-0.46572 0.58259 -0.54621)
(-0.45284 0.58438 -0.54337)
(-0.44841 0.59479 -0.55160)
(-0.45110 0.58503 -0.56081)
(-0.45332 0.58330 -0.56082)
(-0.43586 0.58297 -0.54818)
(-0.41557 0.56862 -0.54189)
(-0.42217 0.56389 -0.55235)
(-0.41607 0.55812 -0.54524)
(-0.38650 0.53674 -0.52017)
(-0.35854 0.51444 -0.49842)
(-0.32307 0.47329 -0.44617)
(-0.33771 0.46705 -0.45341)
(-0.28984 0.42688 -0.39937)
(-0.27012 0.40187 -0.37038)
(-0.19885 0.34398 -0.29893)
(-0.15391 0.31742 -0.25623)
(-0.16322 0.29013 -0.24256)
(-0.12321 0.22344 -0.20218)
(-0.08703 0.20608 -0.17687)
(-0.05630 0.18257 -0.13763)
(-0.00826 0.06931 -0.09894)
(-0.03102 0.12087 -0.10910)
(0.01478 0.04876 -0.08840)
(0.01720 0.04726 -0.08611)
(0.01528 0.02771 -0.05770)
(0.01117 0.00404 -0.01984)
(-0.00104 -0.00056 0.00111)
(-0.00308 0.00297 0.00382)
(-0.01817 0.01187 -0.00769)
(-0.08217 0.05387 -0.03530)
(-0.11590 0.07654 -0.04963)
(-0.25291 0.16794 -0.11195)
(-0.27567 0.18504 -0.12358)
(-0.32303 0.22685 -0.16049)
(-0.26930 0.18056 -0.11862)
(-0.37907 0.27487 -0.18984)
(-0.41150 0.30334 -0.22360)
(-0.45524 0.33963 -0.25742)
(-0.45559 0.34276 -0.24897)
(-0.46725 0.35186 -0.26340)
(-0.50686 0.39658 -0.29980)
(-0.53666 0.44166 -0.32682)
(-0.56288 0.47664 -0.36490)
(-0.59359 0.52395 -0.40693)
(-0.59311 0.53296 -0.41874)
(-0.59531 0.53697 -0.42621)
(-0.58057 0.56158 -0.45529)
(-0.57705 0.58010 -0.50619)
(-0.56830 0.58232 -0.50868)
(-0.56743 0.57987 -0.51371)
(-0.56243 0.57857 -0.51897)
(-0.50428 0.58285 -0.53270)
(-0.49432 0.58152 -0.53867)
(-0.47186 0.56855 -0.53734)
(-0.46976 0.56259 -0.54081)
(-0.47049 0.56682 -0.54381)
(-0.44485 0.57584 -0.54493)
(-0.44194 0.57607 -0.54558)
(-0.43884 0.57724 -0.54636)
(-0.41537 0.57099 -0.54227)
(-0.40896 0.56406 -0.53913)
(-0.38669 0.54702 -0.52286)
(-0.33979 0.50417 -0.48467)
(-0.31767 0.48606 -0.46379)
(-0.24878 0.42782 -0.39971)
(-0.27475 0.43677 -0.40466)
(-0.23724 0.41518 -0.38579)
(-0.22926 0.39914 -0.36612)
(-0.19755 0.35870 -0.30876)
(-0.15522 0.32240 -0.26191)
(-0.14346 0.31185 -0.24798)
(-0.14117 0.30546 -0.24155)
(-0.13176 0.30135 -0.23462)
(-0.10932 0.26575 -0.20795)
(-0.06405 0.20522 -0.15566)
(-0.03882 0.19395 -0.14370)
(-0.03565 0.16559 -0.12546)
(-0.02247 0.13722 -0.10982)
(0.00719 0.09980 -0.08417)
(0.01469 0.06902 -0.06310)
(0.01612 0.03187 -0.03832)
(0.00439 0.00438 -0.00562)
(-0.00360 -0.00147 0.00247)
(-0.03023 0.01988 -0.01272)
(-0.02773 0.01839 -0.01155)
(-0.17694 0.11812 -0.07556)
(-0.27655 0.18769 -0.11792)
(-0.37123 0.26914 -0.18301)
(-0.37918 0.28811 -0.18799)
(-0.38642 0.29338 -0.19519)
(-0.45491 0.35604 -0.24710)
(-0.50360 0.40767 -0.29141)
(-0.50802 0.41844 -0.28477)
(-0.55880 0.47174 -0.34290)
(-0.57711 0.50343 -0.38187)
(-0.59500 0.52874 -0.41430)
(-0.59611 0.53162 -0.42193)
(-0.59742 0.53877 -0.43325)
(-0.59101 0.54700 -0.46615)
(-0.57704 0.57728 -0.51028)
(-0.57634 0.57392 -0.51458)
(-0.56038 0.55446 -0.51712)
(-0.51938 0.55374 -0.52415)
(-0.50129 0.55106 -0.52983)
(-0.47916 0.53074 -0.53035)
(-0.47401 0.53119 -0.52920)
(-0.47004 0.53122 -0.52834)
(-0.44517 0.57108 -0.54336)
(-0.45399 0.54820 -0.53453)
(-0.44173 0.57108 -0.54374)
(-0.43817 0.57232 -0.54459)
(-0.40889 0.56175 -0.53667)
(-0.39326 0.54673 -0.52421)
(-0.37995 0.54285 -0.52505)
(-0.40167 0.55877 -0.53563)
(-0.35279 0.51991 -0.50363)
(-0.33417 0.50503 -0.49226)
(-0.32721 0.49457 -0.47758)
(-0.24899 0.43067 -0.40481)
(-0.23761 0.41838 -0.39105)
(-0.22675 0.40713 -0.37767)
(-0.20151 0.38598 -0.34709)
(-0.15474 0.32522 -0.26564)
(-0.14523 0.31702 -0.25413)
(-0.14924 0.32339 -0.26884)
(-0.13463 0.30779 -0.24125)
(-0.06798 0.23102 -0.17287)
(-0.09680 0.27445 -0.20412)
(-0.05474 0.22065 -0.16320)
(-0.02566 0.17779 -0.12856)
(-0.04083 0.20884 -0.15090)
(0.01178 0.13518 -0.10264)
(0.01730 0.11769 -0.09351)
(0.01212 0.03087 -0.02653)
(0.00747 0.03989 -0.03080)
(0.00215 0.00510 -0.00428)
(-0.14919 0.10091 -0.06244)
(-0.03771 0.02536 -0.01556)
(-0.15026 0.11179 -0.05980)
(-0.34712 0.25963 -0.16203)
(-0.38355 0.29988 -0.17432)
(-0.41190 0.31941 -0.20001)
(-0.45394 0.36411 -0.23705)
(-0.49016 0.40232 -0.26945)
(-0.49669 0.41129 -0.27671)
(-0.53048 0.44295 -0.31363)
(-0.54605 0.46582 -0.34402)
(-0.59271 0.52463 -0.41179)
(-0.60048 0.53934 -0.44330)
(-0.57834 0.54010 -0.49065)
(-0.58081 0.52818 -0.49597)
(-0.56389 0.52378 -0.50577)
(-0.53116 0.54132 -0.52350)
(-0.52728 0.53581 -0.52879)
(-0.48950 0.51900 -0.52722)
(-0.47625 0.52204 -0.52623)
(-0.47076 0.52264 -0.52476)
(-0.45658 0.52919 -0.52638)
(-0.44231 0.56464 -0.54086)
(-0.43583 0.52132 -0.51108)
(-0.43304 0.53589 -0.51983)
(-0.43842 0.56631 -0.54195)
(-0.42052 0.55101 -0.53320)
(-0.39853 0.54576 -0.52878)
(-0.37852 0.53525 -0.52056)
(-0.34715 0.51476 -0.50267)
(-0.31897 0.49333 -0.48024)
(-0.31399 0.48824 -0.47560)
(-0.29449 0.47273 -0.46296)
(-0.26505 0.44775 -0.42971)
(-0.23913 0.42161 -0.39713)
(-0.22936 0.41167 -0.38657)
(-0.21954 0.40234 -0.37577)
(-0.21669 0.39911 -0.36921)
(-0.17542 0.36403 -0.32313)
(-0.13189 0.31051 -0.25986)
(-0.13677 0.31298 -0.24811)
(-0.10361 0.28804 -0.22426)
(-0.09191 0.26836 -0.20349)
(-0.06302 0.24085 -0.17038)
(-0.03764 0.23063 -0.15590)
(-0.01089 0.17529 -0.11914)
(0.01223 0.10874 -0.08197)
(0.00267 0.11052 -0.07637)
(0.01042 0.08314 -0.06244)
(0.00348 0.02203 -0.01640)
(0.00145 0.00706 -0.00538)
(-0.00183 0.00139 -0.00073)
(-0.05010 0.03802 -0.02004)
(-0.01191 0.00944 -0.00510)
(-0.24277 0.18817 -0.10191)
(-0.42244 0.34153 -0.21102)
(-0.18113 0.15314 -0.08786)
(-0.37931 0.30464 -0.17822)
(-0.39909 0.33960 -0.21413)
(-0.48311 0.40081 -0.26678)
(-0.48008 0.42269 -0.27473)
(-0.50110 0.42436 -0.27838)
(-0.50121 0.44106 -0.30542)
(-0.54145 0.47533 -0.36157)
(-0.56007 0.49428 -0.38443)
(-0.57759 0.51035 -0.42018)
(-0.56994 0.49932 -0.43020)
(-0.59396 0.51467 -0.49152)
(-0.59607 0.51341 -0.49643)
(-0.57257 0.49466 -0.49735)
(-0.53940 0.50523 -0.51269)
(-0.54683 0.48740 -0.49927)
(-0.52972 0.50226 -0.52182)
(-0.51420 0.49846 -0.52431)
(-0.48253 0.48504 -0.50238)
(-0.46432 0.49921 -0.50589)
(-0.46337 0.49306 -0.50305)
(-0.44013 0.48857 -0.48862)
(-0.42587 0.48528 -0.48367)
(-0.40813 0.49467 -0.48774)
(-0.40791 0.51743 -0.50691)
(-0.39221 0.53087 -0.52218)
(-0.40261 0.49930 -0.49093)
(-0.38934 0.53604 -0.52553)
(-0.36110 0.51044 -0.50409)
(-0.32837 0.48712 -0.48482)
(-0.30550 0.47951 -0.47258)
(-0.25638 0.42798 -0.42217)
(-0.24633 0.41852 -0.41244)
(-0.21329 0.39175 -0.37345)
(-0.17330 0.35668 -0.33737)
(-0.15402 0.33985 -0.30780)
(-0.12749 0.31306 -0.27415)
(-0.10922 0.30723 -0.26123)
(-0.10620 0.29359 -0.24524)
(-0.07145 0.26107 -0.20453)
(-0.05464 0.24503 -0.18551)
(-0.03960 0.22722 -0.16015)
(-0.01812 0.20590 -0.13471)
(-0.00818 0.13768 -0.09781)
(-0.00445 0.13319 -0.08858)
(0.00107 0.03513 -0.02383)
(0.00308 0.02094 -0.01515)
(0.04705 -0.04001 0.02165)
(-0.00545 0.00464 -0.00255)
(-0.27241 0.23671 -0.14275)
(0.00342 -0.00311 0.00177)
(-0.07878 0.07128 -0.04088)
(-0.33096 0.30904 -0.18389)
(-0.38294 0.35316 -0.21323)
(-0.43671 0.39955 -0.25789)
(-0.37502 0.35206 -0.21505)
(-0.38670 0.36022 -0.22203)
(-0.49064 0.44017 -0.30591)
(-0.51487 0.46327 -0.34904)
(-0.54968 0.48470 -0.39260)
(-0.53679 0.47011 -0.40506)
(-0.55719 0.49198 -0.45458)
(-0.53869 0.47493 -0.44131)
(-0.53494 0.45341 -0.46102)
(-0.51363 0.43035 -0.45313)
(-0.52242 0.45794 -0.48348)
(-0.50530 0.42410 -0.45031)
(-0.49672 0.46356 -0.48926)
(-0.47881 0.45441 -0.48200)
(-0.46521 0.44025 -0.46899)
(-0.45481 0.45328 -0.47121)
(-0.43977 0.45847 -0.46762)
(-0.43209 0.47191 -0.47792)
(-0.40913 0.46290 -0.46671)
(-0.39729 0.46092 -0.46061)
(-0.36829 0.43519 -0.43103)
(-0.38301 0.51074 -0.50108)
(-0.35862 0.48981 -0.48220)
(-0.35817 0.44342 -0.43852)
(-0.33277 0.44624 -0.44753)
(-0.32299 0.46178 -0.45915)
(-0.29879 0.43609 -0.43635)
(-0.29226 0.41762 -0.42248)
(-0.28100 0.40958 -0.41560)
(-0.26229 0.40901 -0.40993)
(-0.24809 0.41723 -0.41370)
(-0.23592 0.40069 -0.40347)
(-0.20034 0.37256 -0.37335)
(-0.17974 0.36067 -0.35228)
(-0.16948 0.33689 -0.33514)
(-0.14587 0.31149 -0.29750)
(-0.11579 0.29865 -0.26598)
(-0.10749 0.30152 -0.25893)
(-0.07565 0.25650 -0.22077)
(-0.06503 0.25784 -0.21135)
(-0.02079 0.18784 -0.14420)
(-0.01646 0.14902 -0.12023)
(-0.00615 0.08692 -0.06739)
(-0.00329 0.05288 -0.03889)
(-0.00015 0.01885 -0.01289)
(-0.00045 -0.00393 0.00258)
(-0.00070 -0.01683 0.01140)
(-0.00129 -0.01090 0.00717)
(0.04046 -0.03700 0.02104)
(-0.01897 0.01807 -0.01058)
(-0.17512 0.16508 -0.09737)
(0.04917 -0.04755 0.02744)
(-0.11239 0.10782 -0.06457)
(-0.29570 0.28020 -0.16953)
(-0.40514 0.38154 -0.25076)
(-0.27217 0.26078 -0.16045)
(-0.35073 0.33413 -0.20667)
(-0.42894 0.40368 -0.29821)
(-0.46815 0.43085 -0.32684)
(-0.47183 0.42305 -0.35833)
(-0.51414 0.45132 -0.40623)
(-0.47009 0.41787 -0.37716)
(-0.50771 0.43887 -0.42438)
(-0.50549 0.42106 -0.44190)
(-0.49845 0.41523 -0.43855)
(-0.49176 0.40961 -0.43511)
(-0.49780 0.41843 -0.44713)
(-0.48764 0.43552 -0.46532)
(-0.46322 0.41925 -0.44793)
(-0.46558 0.43089 -0.45946)
(-0.44126 0.42666 -0.44019)
(-0.40704 0.41207 -0.41289)
(-0.39294 0.41086 -0.40805)
(-0.36575 0.40709 -0.40199)
(-0.34979 0.39353 -0.38376)
(-0.34559 0.39584 -0.38620)
(-0.33796 0.40469 -0.39556)
(-0.29372 0.41180 -0.41620)
(-0.28482 0.40559 -0.41084)
(-0.27866 0.39514 -0.39985)
(-0.27207 0.39540 -0.40173)
(-0.25175 0.38514 -0.39060)
(-0.19610 0.33853 -0.34224)
(-0.18699 0.31544 -0.31157)
(-0.16620 0.31196 -0.30827)
(-0.14810 0.30717 -0.30375)
(-0.13164 0.26889 -0.25834)
(-0.11112 0.26114 -0.25327)
(-0.10020 0.25702 -0.23920)
(-0.09590 0.26204 -0.24001)
(-0.05378 0.18388 -0.16581)
(-0.00875 0.07763 -0.06463)
(-0.00299 0.03727 -0.03014)
(0.00006 -0.00119 0.00093)
(0.00091 -0.01412 0.01144)
(0.00077 -0.01791 0.01404)
(0.00093 -0.00090 0.00053)
(0.01079 -0.01085 0.00647)
(-0.07218 0.07022 -0.04272)
(-0.28351 0.28205 -0.19040)
(-0.09851 0.10528 -0.06948)
(-0.38105 0.37251 -0.27930)
(-0.43451 0.40933 -0.31139)
(-0.44859 0.41046 -0.35193)
(-0.39963 0.38236 -0.31414)
(-0.44591 0.40615 -0.35378)
(-0.45278 0.40852 -0.36083)
(-0.45477 0.40496 -0.36600)
(-0.45555 0.38903 -0.38682)
(-0.48900 0.40587 -0.42563)
(-0.48402 0.40106 -0.42271)
(-0.47776 0.39455 -0.41744)
(-0.48459 0.40338 -0.43030)
(-0.44757 0.38622 -0.41415)
(-0.41135 0.35772 -0.37573)
(-0.40318 0.36695 -0.37413)
(-0.37429 0.35079 -0.34617)
(-0.37580 0.37656 -0.37383)
(-0.37255 0.37872 -0.37437)
(-0.34527 0.37795 -0.36642)
(-0.34090 0.37958 -0.36810)
(-0.33205 0.36613 -0.35233)
(-0.33317 0.37463 -0.36257)
(-0.31145 0.37194 -0.36570)
(-0.28650 0.39889 -0.40255)
(-0.28505 0.35001 -0.33903)
(-0.28018 0.38640 -0.38792)
(-0.27301 0.38512 -0.38865)
(-0.23729 0.33842 -0.33671)
(-0.19432 0.30647 -0.30446)
(-0.18272 0.30635 -0.30094)
(-0.18001 0.30044 -0.29412)
(-0.11593 0.23446 -0.22620)
(-0.10889 0.23372 -0.22376)
(-0.09883 0.21349 -0.20375)
(-0.05727 0.12440 -0.11834)
(-0.02756 0.06396 -0.06061)
(-0.00751 0.03346 -0.03013)
(-0.00019 0.00202 -0.00169)
(0.00223 -0.01334 0.01169)
(0.00130 -0.01486 0.01240)
(-0.02225 0.02399 -0.01578)
(-0.05965 0.06200 -0.04364)
(-0.16611 0.17113 -0.12087)
(-0.06330 0.06588 -0.04990)
(-0.25463 0.24610 -0.20129)
(-0.38630 0.35683 -0.30681)
(-0.15354 0.14535 -0.12087)
(-0.25113 0.23035 -0.20093)
(-0.43407 0.39491 -0.34709)
(-0.44073 0.39563 -0.35447)
(-0.44909 0.38370 -0.37527)
(-0.42837 0.37183 -0.35255)
(-0.44829 0.37538 -0.38120)
(-0.47686 0.39456 -0.41387)
(-0.41737 0.35101 -0.35282)
(-0.39610 0.32302 -0.33045)
(-0.41029 0.33610 -0.35356)
(-0.40347 0.34124 -0.35444)
(-0.36797 0.30549 -0.30693)
(-0.36413 0.30642 -0.30892)
(-0.34201 0.30416 -0.29354)
(-0.33545 0.29517 -0.28267)
(-0.33262 0.29633 -0.28164)
(-0.33863 0.30662 -0.29418)
(-0.34437 0.32405 -0.31600)
(-0.34262 0.35550 -0.34266)
(-0.31535 0.29991 -0.27891)
(-0.33097 0.35659 -0.34100)
(-0.32448 0.35346 -0.33686)
(-0.30736 0.33654 -0.31560)
(-0.27398 0.31262 -0.28292)
(-0.25722 0.32393 -0.30555)
(-0.25065 0.27765 -0.23923)
(-0.23199 0.27378 -0.24369)
(-0.22811 0.29375 -0.27356)
(-0.21069 0.28329 -0.26833)
(-0.15743 0.21405 -0.19692)
(-0.12332 0.18250 -0.17136)
(-0.11903 0.20598 -0.19805)
(-0.08330 0.16844 -0.16130)
(-0.03762 0.06360 -0.05922)
(-0.02395 0.04843 -0.04588)
(-0.01602 0.03498 -0.03312)
(0.00290 -0.00676 0.00640)
(-0.01231 0.01287 -0.00972)
(-0.03976 0.03991 -0.03119)
(-0.04434 0.04231 -0.03548)
(-0.02221 0.02122 -0.01828)
(-0.05564 0.05021 -0.04549)
(-0.26808 0.23725 -0.22068)
(-0.32351 0.27775 -0.26893)
(-0.09117 0.07919 -0.07456)
(-0.16523 0.14225 -0.13675)
(-0.24839 0.20988 -0.20906)
(-0.34079 0.28612 -0.28005)
(-0.21320 0.17980 -0.17468)
(-0.32669 0.26595 -0.26403)
(-0.35807 0.28665 -0.28514)
(-0.27822 0.22879 -0.22331)
(-0.31475 0.25734 -0.24047)
(-0.31184 0.26887 -0.25117)
(-0.31800 0.27773 -0.26014)
(-0.27377 0.23357 -0.20959)
(-0.26988 0.23486 -0.20661)
(-0.27488 0.25002 -0.22459)
(-0.25016 0.22433 -0.19708)
(-0.20421 0.18039 -0.14418)
(-0.28142 0.28121 -0.25937)
(-0.25322 0.24949 -0.21876)
(-0.13386 0.12428 -0.09826)
(-0.20246 0.20117 -0.16631)
(-0.15468 0.15889 -0.12808)
(-0.16336 0.18174 -0.15460)
(-0.05276 0.05421 -0.04336)
(-0.06103 0.06410 -0.05052)
(-0.03939 0.04652 -0.03917)
(-0.05590 0.07253 -0.06375)
(0.00251 -0.00309 0.00253)
(-0.01191 0.01720 -0.01512)
(-0.00578 0.00926 -0.00865)
(0.05962 -0.05503 0.04894)
(0.05621 -0.04901 0.04596)
(-0.05171 0.04535 -0.04122)
(0.04591 -0.04045 0.03656)
(0.01543 -0.01344 0.01192)
(-0.11495 0.09731 -0.09401)
(-0.09417 0.08183 -0.07355)
(0.00147 -0.00130 0.00110)
(0.00121 -0.00106 0.00091)
(-0.09820 0.08311 -0.07693)
(-0.16484 0.13716 -0.12595)
(-0.03280 0.02777 -0.02371)
(-0.07478 0.05964 -0.04930)
(-0.12738 0.10148 -0.08317)
(-0.04220 0.03353 -0.02706)
(-0.08049 0.06653 -0.05410)
(-0.08351 0.06686 -0.04938)
(-0.12892 0.11265 -0.08836)
(-0.01040 0.00815 -0.00566)
(-0.02162 0.01831 -0.01407)
(0.00265 -0.00223 0.00152)
(-0.08530 0.07858 -0.06128)
(-0.04863 0.04537 -0.03477)
(0.02175 -0.02013 0.01429)
(0.01303 -0.01319 0.00964)
(0.02245 -0.02327 0.01651)
(0.02472 -0.02891 0.02270)
(-0.00907 0.00724 -0.00592)
(-0.01495 0.01187 -0.00953)
(-0.01254 0.00929 -0.00705)
(0.00544 -0.00406 0.00266)
)