/*--------------------------------*- C++ -*----------------------------------*\ 
| =========                 |                                                 | 
| \\      /  F ield         | OpenFOAM: The Open Source CFD Toolbox           | 
|  \\    /   O peration     | Version:  4.0                                   | 
|   \\  /    A nd           | Web:      www.OpenFOAM.org                      | 
|    \\/     M anipulation  |                                                 | 
\*---------------------------------------------------------------------------*/ 
FoamFile 
{ 
    version     2.0; 
    format      ascii; 
    class       vectorAverageField; 
    object      values; 
} 
// * * * * * * * * * * * * * * * * * * * * * * * * * * * * * * * * * * * * * // 
 
// Average 
(0 0 0) 
 
// Velocity data on points 
2447
(
(0.00352 0.00157 -0.00275)
(-0.00170 -0.00095 0.00168)
(-0.00134 -0.00484 0.00411)
(-0.00186 -0.00159 0.00204)
(0.00182 0.00274 -0.00268)
(-0.00326 -0.01221 0.01049)
(-0.00286 -0.00479 0.00455)
(-0.00895 -0.01203 0.00901)
(-0.00107 -0.00130 0.00102)
(0.00175 0.00182 -0.00142)
(-0.00705 -0.00779 0.00586)
(-0.00166 -0.00155 0.00117)
(0.00213 0.00144 -0.00127)
(-0.01015 -0.00709 0.00505)
(-0.00092 -0.00038 0.00040)
(0.00290 0.00120 -0.00123)
(-0.00985 -0.00400 0.00411)
(-0.00059 -0.00023 0.00024)
(0.00464 0.00191 -0.00169)
(-0.00094 -0.00038 0.00034)
(0.01580 -0.00035 -0.00512)
(-0.00239 -0.00035 0.00104)
(0.00221 0.00020 -0.00098)
(0.00073 0.00019 -0.00045)
(-0.01537 -0.01493 0.01692)
(-0.01103 -0.01425 0.01459)
(-0.00786 -0.01648 0.01731)
(-0.00244 -0.02084 0.01580)
(-0.00240 -0.03619 0.02954)
(-0.00207 -0.03693 0.02725)
(-0.00518 -0.03010 0.02490)
(-0.00911 -0.02225 0.01768)
(-0.00315 -0.03334 0.02368)
(-0.01701 -0.02582 0.01849)
(-0.01714 -0.02053 0.01480)
(-0.01613 -0.01590 0.01143)
(-0.02108 -0.02708 0.01890)
(-0.02463 -0.02488 0.01743)
(-0.03211 -0.02189 0.01512)
(-0.02011 -0.01399 0.00982)
(-0.02234 -0.01112 0.00937)
(-0.03632 -0.01558 0.02145)
(-0.03439 -0.01468 0.02080)
(-0.02969 -0.01025 0.01209)
(-0.02100 -0.00710 0.00875)
(-0.04502 -0.01454 0.01718)
(-0.02445 -0.00952 0.00810)
(-0.00797 -0.00336 0.00291)
(-0.03975 -0.01213 0.01672)
(-0.00664 -0.00258 0.00246)
(0.00110 0.00049 -0.00045)
(0.00889 0.00006 -0.00156)
(-0.00335 -0.00033 0.00084)
(-0.01095 -0.00138 0.00371)
(-0.02162 -0.00521 0.01077)
(-0.05144 -0.01493 0.02728)
(-0.03607 -0.01451 0.02385)
(-0.01685 -0.03984 0.03428)
(-0.01272 -0.02936 0.02856)
(-0.01108 -0.03784 0.03343)
(0.00507 -0.03812 0.03079)
(0.01604 -0.02718 0.02819)
(0.02095 -0.02743 0.02573)
(0.01038 -0.02483 0.02416)
(-0.00480 -0.02277 0.01803)
(0.01267 -0.02417 0.02362)
(0.01191 -0.02045 0.02174)
(-0.00769 -0.02144 0.01698)
(-0.01865 -0.02266 0.02078)
(-0.00707 -0.01360 0.02041)
(-0.02918 -0.01567 0.02061)
(-0.03750 -0.01396 0.01797)
(-0.04572 -0.01485 0.01160)
(-0.04101 -0.01630 0.02149)
(-0.05169 -0.01601 0.02932)
(-0.06536 -0.01898 0.02642)
(-0.05888 -0.01715 0.03030)
(-0.07401 -0.02241 0.03008)
(-0.06176 -0.01982 0.02333)
(-0.03754 -0.01368 0.01516)
(-0.07313 -0.02344 0.02978)
(-0.05738 -0.02041 0.02299)
(-0.02764 -0.01159 0.01223)
(-0.00174 -0.00075 0.00072)
(-0.01809 -0.00452 0.00797)
(0.00682 0.00183 -0.00327)
(0.01347 0.00350 -0.00631)
(0.00064 -0.00003 -0.00007)
(-0.01719 0.00053 0.00260)
(-0.04231 -0.00184 0.00787)
(-0.05540 -0.00867 0.01273)
(-0.09886 -0.01129 0.02233)
(-0.08510 -0.01286 0.01994)
(-0.09572 -0.01599 0.02571)
(-0.06326 -0.02005 0.02756)
(-0.05925 -0.01915 0.03316)
(-0.02394 -0.03357 0.03301)
(-0.00835 -0.01565 0.00678)
(-0.00853 -0.02505 0.02040)
(-0.00171 -0.02683 0.02283)
(0.00237 -0.02783 0.02184)
(0.01896 -0.02260 0.01854)
(0.03504 -0.01588 0.01902)
(0.03691 -0.01311 0.01804)
(0.03100 -0.01494 0.01576)
(0.01948 -0.02267 0.02189)
(0.02151 -0.00798 0.02360)
(0.01098 -0.00347 0.02230)
(0.00022 0.00054 0.02285)
(-0.02027 -0.00780 0.02157)
(-0.03443 -0.01276 0.01964)
(-0.03017 -0.01110 0.01952)
(-0.03605 -0.00886 0.02123)
(-0.03352 -0.00775 0.02187)
(-0.06393 -0.01766 0.02789)
(-0.05459 -0.01297 0.03364)
(-0.07185 -0.02328 0.02998)
(-0.08573 -0.02776 0.03540)
(-0.08964 -0.01823 0.03931)
(-0.08836 -0.01737 0.03862)
(-0.05872 -0.01364 0.02434)
(-0.01824 -0.00350 0.00792)
(-0.08810 -0.01149 0.03404)
(-0.05859 -0.01155 0.02535)
(-0.00949 -0.00182 0.00409)
(-0.00280 -0.00051 0.00142)
(0.01300 -0.00079 -0.00155)
(-0.02722 0.00148 0.00290)
(-0.06521 0.00218 0.00785)
(-0.10458 -0.00141 0.01581)
(-0.13565 0.00216 0.01857)
(-0.10528 -0.00284 0.01199)
(-0.09384 -0.01032 0.01320)
(-0.07573 -0.01292 0.01409)
(-0.05929 -0.01286 0.01305)
(-0.00851 -0.01049 0.00218)
(-0.00458 -0.01247 0.00417)
(0.00091 -0.01370 0.00530)
(-0.00009 -0.00863 0.00100)
(0.00468 -0.00884 0.00165)
(0.01226 -0.02066 0.01533)
(0.03807 -0.00988 0.01528)
(0.03881 -0.00914 0.01569)
(0.03924 -0.00884 0.01621)
(0.03018 -0.00875 0.01541)
(0.03247 0.00495 0.01875)
(0.02601 -0.00031 0.02635)
(0.01298 0.00725 0.02608)
(0.01929 0.01383 0.01576)
(0.00756 0.01120 0.01620)
(-0.00206 0.00096 0.01900)
(-0.02011 -0.00443 0.01923)
(-0.02274 -0.00535 0.01950)
(-0.02694 -0.00705 0.02009)
(-0.03174 -0.00913 0.02093)
(-0.05395 -0.01234 0.02216)
(-0.08775 -0.01835 0.03868)
(-0.08942 -0.01766 0.03932)
(-0.08609 -0.01756 0.03816)
(-0.09182 -0.01293 0.03851)
(-0.07959 -0.00936 0.03403)
(-0.08471 -0.00594 0.03232)
(-0.06664 -0.00564 0.03206)
(-0.03311 -0.00048 0.01809)
(-0.00344 -0.00004 0.00199)
(-0.06159 0.00380 0.03696)
(-0.01395 0.00109 0.00926)
(-0.00079 0.00005 0.00053)
(-0.01604 0.00106 0.00173)
(-0.04576 0.00238 0.00495)
(-0.11369 0.00229 0.00928)
(-0.13537 0.00084 0.01458)
(-0.11106 -0.00002 0.00210)
(-0.08308 -0.00386 0.00194)
(-0.07462 -0.00506 0.00093)
(-0.07495 -0.00363 -0.00042)
(-0.06788 -0.00378 -0.00195)
(-0.05316 -0.01257 0.00630)
(-0.01146 -0.00939 0.00057)
(-0.00627 -0.00553 -0.00334)
(-0.00135 -0.00452 -0.00333)
(0.00361 -0.00376 -0.00306)
(0.00788 -0.00288 -0.00298)
(0.03177 0.00543 -0.00269)
(0.04004 -0.00329 0.01143)
(0.02752 0.03370 -0.03202)
(0.03530 0.02721 -0.01838)
(0.04199 0.00037 0.01115)
(0.04186 -0.00307 0.01425)
(0.04192 0.02362 -0.00292)
(0.04402 0.04966 -0.02779)
(0.05592 0.04051 -0.00377)
(0.04019 0.02293 0.00329)
(0.03442 0.02417 0.00867)
(0.03953 0.03287 -0.00519)
(0.03784 0.03218 -0.00506)
(0.03756 0.03133 -0.00536)
(0.00097 0.00010 0.01638)
(-0.00967 -0.00237 0.01495)
(-0.01341 -0.00406 0.01494)
(-0.01817 -0.00639 0.01571)
(-0.02502 -0.00674 0.01933)
(-0.05109 -0.01194 0.02187)
(-0.04572 -0.01142 0.01743)
(-0.06224 -0.01048 0.02554)
(-0.05593 -0.00034 0.01855)
(-0.07980 -0.00015 0.03429)
(-0.07563 -0.00241 0.03821)
(-0.08372 0.00879 0.05188)
(-0.05253 0.00517 0.03395)
(-0.06130 0.00877 0.04173)
(-0.02064 0.00259 0.01452)
(-0.00964 0.00153 0.00712)
(0.00869 -0.00037 -0.00147)
(-0.00204 0.00020 0.00025)
(-0.10037 0.00207 0.01828)
(-0.14070 0.00063 0.01867)
(-0.13014 -0.00708 0.01649)
(-0.09749 -0.00222 0.00563)
(-0.07343 -0.00239 -0.00243)
(-0.06842 -0.00245 -0.00340)
(-0.06252 -0.00004 -0.00753)
(-0.04732 -0.00240 -0.00758)
(-0.01926 0.00665 -0.01766)
(-0.00246 -0.00050 -0.00843)
(0.00106 0.01248 -0.02016)
(0.00353 0.00407 -0.01125)
(0.00669 0.00272 -0.00845)
(0.02646 0.01303 -0.00994)
(0.01985 0.01558 -0.01916)
(0.02114 0.05193 -0.05762)
(0.02344 0.05237 -0.05803)
(0.03696 0.05813 -0.06101)
(0.04595 0.05312 -0.04179)
(0.05220 0.06566 -0.04310)
(0.05717 0.05776 -0.01440)
(0.05653 0.04589 -0.01787)
(0.04639 0.03903 -0.01171)
(0.04692 0.03722 -0.01254)
(0.04933 0.03719 -0.01741)
(0.02390 0.01495 -0.01332)
(0.01438 0.00149 0.00226)
(-0.00199 -0.00282 0.00736)
(0.00650 -0.00134 -0.00041)
(-0.02116 -0.00606 0.00466)
(0.00396 -0.00964 -0.00439)
(-0.03220 -0.00487 0.01095)
(-0.03134 0.00289 0.00552)
(-0.04248 0.00379 0.01097)
(-0.05049 0.00678 0.01768)
(-0.04530 0.01485 0.02133)
(-0.07652 0.01263 0.04831)
(-0.07796 0.01271 0.05176)
(-0.03073 0.00521 0.02250)
(-0.07371 0.01549 0.05135)
(-0.06017 0.01106 0.04337)
(-0.01955 0.00447 0.01968)
(-0.00098 0.00037 0.00184)
(0.02619 -0.00068 -0.00639)
(-0.00088 0.00002 0.00022)
(-0.05025 0.00031 0.01238)
(-0.10098 0.00064 0.02337)
(-0.13759 -0.00741 0.02681)
(-0.13554 -0.00726 0.03458)
(-0.11032 -0.01259 0.02291)
(-0.11041 -0.00268 0.01203)
(-0.09262 -0.00114 0.00120)
(-0.07302 0.00221 -0.00983)
(-0.05533 -0.00128 -0.00306)
(-0.04083 0.01051 -0.04207)
(-0.02489 0.01871 -0.04484)
(-0.01555 0.02901 -0.05788)
(-0.01179 0.04746 -0.07538)
(-0.01326 0.06580 -0.10059)
(0.01208 0.05748 -0.07234)
(0.02705 0.07874 -0.07337)
(0.02861 0.07989 -0.08453)
(0.03681 0.07126 -0.08113)
(0.03969 0.07873 -0.08808)
(0.04868 0.09041 -0.09500)
(0.05648 0.08046 -0.08613)
(0.06107 0.08020 -0.09314)
(0.05321 0.04686 -0.02157)
(0.05420 0.04426 -0.02292)
(0.06912 0.04466 -0.04355)
(0.08156 0.03580 -0.06252)
(0.08499 0.03167 -0.06755)
(0.06690 0.01325 -0.04776)
(0.05737 0.00939 -0.04225)
(0.03217 -0.00065 -0.02702)
(0.00382 -0.00435 -0.00650)
(-0.03040 0.00590 0.00458)
(0.00710 0.00445 0.00583)
(-0.01199 0.00797 0.02073)
(-0.02698 0.01525 0.02175)
(-0.00580 0.01011 0.01865)
(-0.03262 0.01484 0.03107)
(-0.04770 0.01622 0.04117)
(-0.05255 0.01632 0.06120)
(-0.02277 0.01560 0.04829)
(-0.02894 0.01445 0.05380)
(-0.00863 0.00342 0.01593)
(-0.00524 0.00276 0.00902)
(0.00102 0.00003 -0.00034)
(-0.03879 -0.00024 0.01139)
(-0.11760 -0.00377 0.03586)
(-0.11987 -0.01266 0.04739)
(-0.10864 -0.01771 0.04450)
(-0.07715 -0.02151 0.02918)
(-0.09835 -0.01355 0.02222)
(-0.09424 -0.01354 0.01222)
(-0.07862 -0.01614 0.01928)
(-0.06541 -0.00784 -0.00266)
(-0.06158 -0.00626 -0.00598)
(-0.05168 0.01011 -0.03813)
(-0.04756 0.01407 -0.05039)
(-0.04518 0.01725 -0.05458)
(-0.03874 0.02197 -0.06132)
(-0.03080 0.04781 -0.08200)
(-0.04582 0.04915 -0.09340)
(-0.03596 0.06068 -0.10756)
(-0.01814 0.05482 -0.09617)
(-0.02395 0.07713 -0.12022)
(-0.01624 0.07323 -0.11107)
(-0.00386 0.08859 -0.11567)
(0.00554 0.08686 -0.11619)
(0.01135 0.10050 -0.13955)
(0.01234 0.11605 -0.18071)
(0.01766 0.11544 -0.18203)
(0.02928 0.11568 -0.17625)
(0.06119 0.09361 -0.12750)
(0.08279 0.07037 -0.09966)
(0.08109 0.05466 -0.09826)
(0.09019 0.04297 -0.08696)
(0.10603 0.03782 -0.08699)
(0.10355 0.03084 -0.08214)
(0.09540 0.02660 -0.09322)
(0.06553 0.00707 -0.05886)
(0.08897 0.01027 -0.08046)
(0.05527 0.00892 -0.04940)
(0.06832 0.00188 -0.03650)
(0.05431 -0.00319 -0.02013)
(0.07161 0.00077 -0.02586)
(0.01277 0.00626 0.00424)
(0.02324 0.01316 0.00575)
(0.00890 0.01725 0.01601)
(0.02796 0.01948 0.02518)
(0.01035 0.02353 0.04575)
(-0.00067 0.02444 0.06028)
(-0.01885 0.01587 0.07435)
(-0.00784 0.00444 0.03290)
(0.00072 -0.00030 -0.00412)
(0.00399 0.00775 0.06462)
(-0.01071 -0.00096 0.00506)
(-0.06119 -0.00495 0.02477)
(-0.05788 -0.01228 0.03567)
(-0.09926 -0.01072 0.04564)
(-0.09579 -0.02377 0.05242)
(-0.07809 -0.02297 0.03363)
(-0.06901 -0.02293 0.02923)
(-0.07122 -0.02115 0.02591)
(-0.06679 -0.01896 0.01914)
(-0.06230 -0.00166 -0.02278)
(-0.04960 0.01368 -0.05078)
(-0.04901 0.01818 -0.05906)
(-0.05607 0.03956 -0.08559)
(-0.06875 0.07423 -0.14479)
(-0.06780 0.08202 -0.16052)
(-0.07037 0.11280 -0.19283)
(-0.05589 0.10323 -0.17263)
(-0.05293 0.12747 -0.21076)
(-0.09113 0.14105 -0.25282)
(-0.04004 0.12373 -0.19287)
(-0.01262 0.12495 -0.18151)
(0.00181 0.12157 -0.20069)
(0.00609 0.12109 -0.20339)
(0.01267 0.11947 -0.20465)
(0.03400 0.11133 -0.19252)
(0.07350 0.08447 -0.13919)
(0.03822 0.11640 -0.23098)
(0.08378 0.07915 -0.14383)
(0.09420 0.06840 -0.13298)
(0.09505 0.05542 -0.15199)
(0.10132 0.04492 -0.14232)
(0.11879 0.03106 -0.13800)
(0.11356 0.02674 -0.12664)
(0.11430 0.02623 -0.12897)
(0.08909 0.01660 -0.07912)
(0.09440 0.01296 -0.06638)
(0.08152 -0.00044 -0.03397)
(0.08456 -0.00029 -0.03350)
(0.07404 0.00149 -0.02526)
(0.06476 0.01627 -0.00976)
(0.05590 0.01685 0.01894)
(0.04278 0.01822 0.04908)
(0.06080 0.02142 0.06266)
(0.03096 0.02176 0.06891)
(0.05390 0.02129 0.07312)
(0.02229 0.01721 0.08319)
(0.00862 0.00008 0.07169)
(0.00046 -0.00043 0.00626)
(-0.00030 0.00022 -0.00234)
(0.00273 0.00070 -0.00191)
(-0.00391 -0.00114 0.00300)
(-0.02921 -0.00851 0.02166)
(-0.07680 -0.02569 0.06001)
(-0.08696 -0.02894 0.06591)
(-0.08274 -0.03166 0.07049)
(-0.08253 -0.02612 0.05297)
(-0.06785 -0.02505 0.03411)
(-0.06561 -0.02045 0.02193)
(-0.06356 -0.02256 0.02542)
(-0.06377 -0.01776 0.01462)
(-0.05356 0.00541 -0.04115)
(-0.08079 0.01227 -0.04849)
(-0.05316 0.01777 -0.05981)
(-0.07659 0.03739 -0.09068)
(-0.10718 0.08484 -0.17362)
(-0.09342 0.09474 -0.19774)
(-0.09427 0.10843 -0.21187)
(-0.10580 0.14473 -0.26937)
(-0.09006 0.14443 -0.25782)
(-0.10523 0.14859 -0.27574)
(-0.09018 0.14781 -0.26430)
(-0.01037 0.12628 -0.22320)
(-0.00796 0.12615 -0.22690)
(-0.00152 0.12382 -0.22769)
(-0.00176 0.12578 -0.24960)
(0.01788 0.12532 -0.26754)
(0.06683 0.09936 -0.21194)
(0.07281 0.10271 -0.25193)
(0.07793 0.09740 -0.24699)
(0.08211 0.09357 -0.24388)
(0.11074 0.03963 -0.17654)
(0.11768 0.03086 -0.14359)
(0.11664 0.02586 -0.13163)
(0.11430 0.02037 -0.11664)
(0.09318 -0.00093 -0.04301)
(0.09653 -0.00147 -0.04301)
(0.09479 0.00895 -0.01734)
(0.07924 0.01422 0.00864)
(0.09917 0.01204 0.01106)
(0.06832 0.01224 0.04264)
(0.07639 0.01737 0.06249)
(0.06935 0.01896 0.06700)
(0.06392 0.01935 0.07327)
(0.05891 0.01969 0.07860)
(0.03241 -0.00840 0.09672)
(0.00480 -0.00307 0.03408)
(0.00226 -0.00147 0.01370)
(-0.00218 0.00157 -0.01397)
(-0.00800 -0.00213 0.00648)
(-0.02877 -0.00967 0.02389)
(-0.05194 -0.01845 0.04376)
(-0.04302 -0.01660 0.03872)
(-0.07710 -0.03264 0.07079)
(-0.07586 -0.03403 0.07017)
(-0.04802 -0.03184 0.04027)
(-0.05685 -0.02984 0.05251)
(-0.05994 -0.02558 0.02993)
(-0.06147 -0.02117 0.01998)
(-0.07836 0.00438 -0.02864)
(-0.10670 0.03163 -0.08615)
(-0.08796 0.03367 -0.08402)
(-0.11303 0.05277 -0.11087)
(-0.11969 0.06995 -0.14414)
(-0.11788 0.08992 -0.17242)
(-0.14192 0.11441 -0.22878)
(-0.13791 0.12083 -0.24542)
(-0.12558 0.13268 -0.27159)
(-0.12246 0.15348 -0.29313)
(-0.10479 0.15175 -0.28366)
(-0.12103 0.15629 -0.30099)
(-0.10370 0.15677 -0.31627)
(-0.06375 0.14750 -0.30084)
(-0.05138 0.14781 -0.30502)
(-0.05066 0.15195 -0.33608)
(-0.04491 0.14859 -0.35177)
(0.03329 0.11255 -0.28038)
(0.05744 0.10356 -0.26481)
(0.06695 0.10340 -0.26699)
(0.07247 0.09929 -0.26247)
(0.09245 0.06376 -0.23759)
(0.11737 0.03582 -0.16013)
(0.11660 0.03628 -0.16428)
(0.11985 0.02929 -0.14627)
(0.12374 0.02499 -0.13586)
(0.11199 0.01612 -0.10487)
(0.11550 0.01560 -0.10489)
(0.12141 0.00725 -0.04469)
(0.11860 0.01471 -0.07877)
(0.12024 0.01931 -0.02978)
(0.11676 0.01325 -0.00884)
(0.12189 0.01446 -0.02363)
(0.10014 0.00979 0.03043)
(0.08437 0.01547 0.06430)
(0.07772 0.01708 0.06886)
(0.07534 0.01736 0.07395)
(0.07345 0.01726 0.07881)
(0.06700 0.01761 0.08281)
(0.06486 0.00298 0.11308)
(0.03677 -0.00630 0.11288)
(0.01172 -0.00456 0.04661)
(-0.00101 0.00068 -0.00563)
(0.00030 0.00012 -0.00034)
(-0.00406 -0.00182 0.00510)
(-0.02384 -0.01159 0.03151)
(-0.06799 -0.02960 0.06469)
(-0.06692 -0.02931 0.06771)
(-0.05658 -0.03547 0.06775)
(-0.03243 -0.03715 0.06687)
(-0.05656 -0.03176 0.05313)
(-0.04999 -0.02889 0.04022)
(-0.04751 -0.02866 0.03999)
(-0.05012 -0.02422 0.03616)
(-0.05770 -0.01211 0.01806)
(-0.10296 0.01996 -0.03335)
(-0.11545 0.03612 -0.08323)
(-0.12104 0.04319 -0.10382)
(-0.16232 0.07898 -0.17210)
(-0.16394 0.10153 -0.20097)
(-0.16538 0.11914 -0.24761)
(-0.17354 0.12847 -0.26670)
(-0.20355 0.15672 -0.33479)
(-0.21773 0.17347 -0.36847)
(-0.21205 0.19071 -0.40557)
(-0.14795 0.17107 -0.35696)
(-0.20963 0.19571 -0.42184)
(-0.14923 0.17595 -0.40647)
(-0.14379 0.17839 -0.41815)
(-0.09631 0.16348 -0.38588)
(-0.08667 0.16261 -0.38851)
(-0.01523 0.13273 -0.34346)
(-0.08292 0.16011 -0.42054)
(0.00193 0.12668 -0.34630)
(0.03092 0.11407 -0.31129)
(0.04584 0.10757 -0.29255)
(0.04705 0.09360 -0.29964)
(0.07748 0.07284 -0.25942)
(0.06674 0.08198 -0.27655)
(0.11821 0.04013 -0.18843)
(0.09434 0.05435 -0.20208)
(0.13298 0.01943 -0.14715)
(0.13425 0.01866 -0.14509)
(0.11549 0.01175 -0.09104)
(0.11292 0.01253 -0.05960)
(0.10657 0.00249 -0.03425)
(0.11507 0.00304 0.00588)
(0.11349 0.00796 0.02067)
(0.10226 -0.00136 0.05970)
(0.09295 -0.00477 0.08903)
(0.07571 0.00839 0.10279)
(0.06909 -0.00905 0.13349)
(0.05007 -0.00656 0.13992)
(0.07546 -0.01042 0.12008)
(0.05796 -0.00614 0.14803)
(0.02294 -0.00980 0.07294)
(0.00122 -0.00066 0.00416)
(-0.00240 0.00168 -0.00926)
(-0.00040 -0.00135 0.00276)
(-0.00986 -0.00576 0.01451)
(-0.03686 -0.03291 0.06985)
(-0.01263 -0.03363 0.06296)
(-0.02254 -0.03330 0.06691)
(-0.02312 -0.03520 0.06522)
(-0.01453 -0.03042 0.06512)
(-0.04105 -0.02404 0.04452)
(-0.04924 -0.02792 0.03923)
(-0.12439 0.02669 -0.02813)
(-0.11739 0.02398 -0.03061)
(-0.12934 0.04070 -0.06266)
(-0.15829 0.06521 -0.11402)
(-0.19538 0.09703 -0.18404)
(-0.27637 0.15217 -0.30781)
(-0.28852 0.16313 -0.33228)
(-0.25465 0.15231 -0.31347)
(-0.25935 0.17362 -0.36274)
(-0.24497 0.17804 -0.38255)
(-0.26610 0.20047 -0.43262)
(-0.26014 0.20677 -0.46739)
(-0.19007 0.18544 -0.43828)
(-0.17174 0.18364 -0.44970)
(-0.16983 0.18829 -0.45683)
(-0.17390 0.18981 -0.49615)
(-0.16543 0.18772 -0.49358)
(-0.04612 0.14927 -0.39064)
(-0.01575 0.13768 -0.37235)
(-0.02977 0.12546 -0.38871)
(-0.02221 0.12191 -0.38210)
(0.04428 0.09734 -0.31154)
(0.04585 0.09422 -0.30493)
(0.08004 0.06650 -0.22800)
(0.07390 0.06108 -0.22965)
(0.11566 0.03205 -0.16338)
(0.10088 0.03433 -0.16092)
(0.09746 0.02535 -0.11763)
(0.09997 0.00774 -0.06720)
(0.09581 0.00638 -0.05464)
(0.10664 -0.00079 -0.02213)
(0.10745 0.00450 0.02500)
(0.09820 0.00030 0.00313)
(0.10658 0.00234 0.05277)
(0.10090 -0.00890 0.08235)
(0.09116 -0.02188 0.09546)
(0.07623 -0.01189 0.11806)
(0.06049 -0.01191 0.13725)
(0.05848 -0.00397 0.14912)
(0.05400 -0.01945 0.15376)
(0.03070 -0.01325 0.10387)
(0.00502 -0.00330 0.01892)
(0.00215 -0.00242 0.01053)
(0.00040 0.00228 -0.00461)
(-0.00184 -0.00941 0.01852)
(-0.00012 -0.00089 0.00178)
(-0.00054 -0.01181 0.02265)
(-0.00100 -0.03326 0.05589)
(-0.01409 -0.03356 0.06497)
(-0.00052 -0.03336 0.05671)
(-0.01274 -0.02626 0.06035)
(-0.03160 -0.01441 0.04946)
(-0.04011 -0.01888 0.05329)
(-0.06566 0.00233 0.03324)
(-0.06297 -0.00280 0.02697)
(-0.10928 0.01713 -0.00172)
(-0.19284 0.07673 -0.09498)
(-0.20878 0.08890 -0.11944)
(-0.20919 0.09502 -0.15510)
(-0.26198 0.13759 -0.26639)
(-0.30031 0.16734 -0.33307)
(-0.30337 0.17373 -0.35457)
(-0.29698 0.18763 -0.40399)
(-0.31854 0.21331 -0.46103)
(-0.31640 0.22104 -0.49315)
(-0.32557 0.24417 -0.53728)
(-0.25222 0.20567 -0.47276)
(-0.24088 0.20811 -0.49233)
(-0.20707 0.19992 -0.50209)
(-0.19216 0.19770 -0.50978)
(-0.18612 0.19665 -0.50874)
(-0.15984 0.18694 -0.49312)
(-0.08199 0.15495 -0.43353)
(-0.04729 0.13483 -0.40622)
(-0.04179 0.13174 -0.40044)
(-0.01133 0.12073 -0.36775)
(-0.00939 0.11419 -0.34611)
(0.03396 0.09191 -0.28648)
(0.01582 0.09302 -0.27686)
(0.02375 0.08556 -0.25910)
(0.05915 0.05995 -0.20724)
(0.07440 0.03145 -0.12381)
(0.09057 0.01097 -0.07234)
(0.08672 0.00855 -0.06137)
(0.09246 0.00477 -0.04333)
(0.09423 -0.00175 -0.01671)
(0.08597 -0.00633 0.04425)
(0.09399 -0.02092 0.09025)
(0.08883 -0.02168 0.10236)
(0.08419 -0.01770 0.11344)
(0.07018 -0.02571 0.13246)
(0.06053 -0.02818 0.14297)
(0.05052 -0.03433 0.15439)
(0.02806 -0.02940 0.13094)
(0.00497 -0.00605 0.02512)
(-0.00003 0.00225 -0.00438)
(0.00033 -0.00416 0.00794)
(0.00246 -0.02584 0.04766)
(0.00391 -0.01999 0.03698)
(0.00620 -0.02649 0.04861)
(-0.00518 -0.02379 0.04948)
(-0.01788 -0.02229 0.05329)
(-0.04341 -0.00627 0.03950)
(-0.07631 0.01265 0.02124)
(-0.09015 0.02040 0.01628)
(-0.11141 0.02384 -0.00609)
(-0.19794 0.08039 -0.09197)
(-0.21468 0.09258 -0.11312)
(-0.23273 0.10523 -0.13705)
(-0.22836 0.10254 -0.13979)
(-0.26742 0.13441 -0.21700)
(-0.30911 0.17005 -0.31733)
(-0.32153 0.17955 -0.35432)
(-0.36259 0.21857 -0.41571)
(-0.31777 0.18300 -0.37602)
(-0.34064 0.22374 -0.47290)
(-0.34176 0.22610 -0.48180)
(-0.34195 0.24943 -0.54356)
(-0.31901 0.24299 -0.54058)
(-0.31597 0.24325 -0.54452)
(-0.20910 0.20451 -0.52279)
(-0.20496 0.20420 -0.52252)
(-0.17971 0.19527 -0.50785)
(-0.17538 0.19469 -0.50872)
(-0.14323 0.18792 -0.49016)
(-0.11882 0.17868 -0.47206)
(-0.04862 0.13840 -0.39080)
(-0.08661 0.16077 -0.42261)
(-0.02957 0.12706 -0.36275)
(-0.00128 0.10115 -0.28990)
(-0.00174 0.09747 -0.27863)
(0.01335 0.08678 -0.25586)
(0.00992 0.06941 -0.21200)
(0.07963 0.01339 -0.07960)
(0.07587 0.01025 -0.07074)
(0.08373 0.00474 -0.05011)
(0.07235 -0.01201 -0.01847)
(0.07761 -0.01843 0.04166)
(0.07967 -0.01746 0.05001)
(0.07253 -0.04011 0.10145)
(0.06821 -0.03427 0.11857)
(0.06728 -0.03295 0.12389)
(0.06544 -0.03912 0.12299)
(0.06470 -0.03780 0.12799)
(0.06339 -0.03752 0.13353)
(0.04933 -0.04014 0.15613)
(0.03641 -0.04215 0.17458)
(0.03169 -0.04192 0.16018)
(0.00756 -0.01025 0.04010)
(-0.00223 0.00307 -0.01209)
(-0.00025 0.00092 -0.00168)
(0.00235 -0.00739 0.01336)
(0.02005 -0.02362 0.03782)
(0.01250 -0.02803 0.04962)
(0.01973 -0.02520 0.04626)
(-0.00079 -0.01959 0.04711)
(-0.02340 -0.00800 0.03616)
(-0.07246 0.01319 0.02098)
(-0.08927 0.02222 0.01485)
(-0.14160 0.04920 -0.01420)
(-0.16707 0.06356 -0.04682)
(-0.21739 0.09502 -0.10837)
(-0.23444 0.10696 -0.13165)
(-0.29199 0.14970 -0.19864)
(-0.25378 0.11966 -0.16509)
(-0.33629 0.18413 -0.28854)
(-0.36003 0.20500 -0.34873)
(-0.39299 0.23431 -0.41669)
(-0.39393 0.24941 -0.47860)
(-0.38949 0.24503 -0.50696)
(-0.37178 0.25186 -0.53598)
(-0.33434 0.24863 -0.54659)
(-0.34776 0.25375 -0.55019)
(-0.32892 0.24825 -0.55079)
(-0.29640 0.23538 -0.55941)
(-0.27261 0.23503 -0.56314)
(-0.19827 0.20258 -0.52129)
(-0.20129 0.20889 -0.53062)
(-0.18992 0.20854 -0.53091)
(-0.18075 0.20619 -0.52568)
(-0.12528 0.18287 -0.46122)
(-0.12167 0.18273 -0.45231)
(-0.08626 0.15797 -0.41227)
(-0.04297 0.12129 -0.34346)
(-0.01877 0.10593 -0.29290)
(-0.00155 0.09243 -0.26631)
(-0.01334 0.07196 -0.22610)
(0.03592 0.03630 -0.13060)
(0.02927 0.02231 -0.11524)
(0.04675 -0.00076 -0.05229)
(0.04190 -0.02233 -0.01640)
(0.06508 -0.02582 0.03231)
(0.06563 -0.03058 0.06222)
(0.05391 -0.04839 0.05758)
(0.05776 -0.03779 0.07977)
(0.06497 -0.04275 0.11904)
(0.06293 -0.04304 0.12994)
(0.05012 -0.06026 0.14626)
(0.04146 -0.05628 0.15760)
(0.03559 -0.04689 0.17645)
(0.03595 -0.05067 0.17837)
(0.00993 -0.01504 0.05540)
(-0.00042 0.00065 -0.00246)
(0.00079 -0.00049 0.00065)
(0.01784 -0.01407 0.01961)
(0.01726 -0.01071 0.01358)
(0.02538 -0.02445 0.04354)
(0.02392 -0.02465 0.04634)
(0.02058 -0.02483 0.04656)
(0.00376 -0.01580 0.04584)
(-0.04133 0.00575 0.03354)
(-0.05064 0.00393 0.03185)
(-0.08493 0.02197 0.01438)
(-0.13990 0.05581 -0.01034)
(-0.18937 0.08350 -0.06093)
(-0.24458 0.11636 -0.12306)
(-0.29435 0.16065 -0.18571)
(-0.35747 0.19785 -0.29258)
(-0.41479 0.23177 -0.37056)
(-0.40062 0.23497 -0.37800)
(-0.41500 0.25769 -0.47977)
(-0.42746 0.26952 -0.46275)
(-0.41932 0.27291 -0.52225)
(-0.41409 0.28100 -0.53895)
(-0.40686 0.28446 -0.56683)
(-0.34028 0.25310 -0.55397)
(-0.32915 0.25224 -0.58203)
(-0.33207 0.26323 -0.60456)
(-0.26276 0.23484 -0.56903)
(-0.26411 0.24157 -0.57924)
(-0.22822 0.22868 -0.55884)
(-0.22086 0.22375 -0.55915)
(-0.16612 0.20330 -0.50426)
(-0.16541 0.20320 -0.49875)
(-0.11347 0.17125 -0.42788)
(-0.11893 0.16593 -0.41071)
(-0.12844 0.16559 -0.39590)
(-0.06969 0.11668 -0.30667)
(-0.06089 0.09676 -0.27428)
(-0.02357 0.04963 -0.18870)
(-0.02314 0.04616 -0.18193)
(0.01962 -0.00119 -0.07625)
(0.01280 -0.01066 -0.05498)
(0.04673 -0.03092 0.01620)
(0.03498 -0.05338 0.04061)
(0.05459 -0.05427 0.09899)
(0.04732 -0.06895 0.11338)
(0.06196 -0.04857 0.12948)
(0.03557 -0.09379 0.14500)
(0.03762 -0.07653 0.16146)
(0.03877 -0.07266 0.16437)
(0.03645 -0.08276 0.17726)
(0.03288 -0.07281 0.18461)
(0.00985 -0.02881 0.07937)
(0.00060 -0.00174 0.00585)
(0.00348 -0.00214 0.00278)
(0.01994 -0.01478 0.02652)
(0.02548 -0.02148 0.04234)
(0.01251 -0.01374 0.04671)
(0.00740 -0.01638 0.04943)
(-0.03645 0.00317 0.03627)
(-0.10141 0.03962 0.01504)
(-0.07858 0.02423 0.02513)
(-0.12468 0.05221 0.00329)
(-0.15921 0.07247 -0.02011)
(-0.23786 0.12309 -0.10157)
(-0.28250 0.15397 -0.15936)
(-0.32585 0.18606 -0.23610)
(-0.32010 0.18532 -0.21787)
(-0.38634 0.21966 -0.33242)
(-0.40163 0.24852 -0.37617)
(-0.44651 0.30142 -0.47283)
(-0.44052 0.28884 -0.50140)
(-0.44283 0.29755 -0.53775)
(-0.42893 0.29346 -0.54930)
(-0.40498 0.28946 -0.58651)
(-0.38378 0.28567 -0.60155)
(-0.36324 0.28012 -0.60692)
(-0.31401 0.25687 -0.59897)
(-0.29305 0.25277 -0.59648)
(-0.28496 0.25709 -0.60358)
(-0.27862 0.25303 -0.59709)
(-0.22204 0.22587 -0.55051)
(-0.22756 0.23091 -0.54085)
(-0.16746 0.20193 -0.47899)
(-0.16170 0.18996 -0.44449)
(-0.15209 0.16892 -0.40196)
(-0.10760 0.13549 -0.34371)
(-0.10072 0.11206 -0.30942)
(-0.02973 0.05187 -0.19496)
(-0.03955 0.03609 -0.17504)
(-0.00489 0.00280 -0.10952)
(-0.02575 -0.03037 -0.07981)
(0.00717 -0.03899 -0.03148)
(0.01636 -0.06921 0.02831)
(0.03366 -0.05917 0.04614)
(0.04645 -0.07336 0.08984)
(0.02794 -0.10405 0.09969)
(0.02489 -0.10343 0.11810)
(0.03464 -0.09686 0.14140)
(0.03723 -0.08774 0.16731)
(0.03117 -0.09151 0.18206)
(0.03012 -0.08564 0.18206)
(0.01606 -0.05506 0.13768)
(0.00756 -0.02511 0.06796)
(0.00103 -0.00364 0.01019)
(-0.00215 0.00130 -0.00206)
(0.00777 -0.00481 0.00817)
(0.02584 -0.01539 0.02891)
(0.02887 -0.02037 0.04759)
(0.01403 -0.01509 0.05069)
(0.00122 -0.01032 0.05163)
(-0.03421 0.00609 0.03893)
(-0.00782 -0.00678 0.05200)
(-0.08596 0.03192 0.01966)
(-0.11668 0.04817 0.00847)
(-0.13390 0.05838 -0.00264)
(-0.19093 0.10943 -0.05434)
(-0.22085 0.11648 -0.08229)
(-0.25453 0.15029 -0.13460)
(-0.31220 0.20794 -0.22249)
(-0.35979 0.22841 -0.28341)
(-0.34032 0.23627 -0.26881)
(-0.38218 0.25079 -0.33508)
(-0.44551 0.30703 -0.46765)
(-0.44839 0.30773 -0.48703)
(-0.44975 0.31232 -0.49961)
(-0.44147 0.31477 -0.53179)
(-0.41948 0.29716 -0.59270)
(-0.41704 0.30537 -0.60435)
(-0.39280 0.30659 -0.62427)
(-0.36471 0.28884 -0.62281)
(-0.34217 0.27247 -0.62267)
(-0.32665 0.27134 -0.62668)
(-0.32239 0.27618 -0.63014)
(-0.31809 0.27549 -0.62864)
(-0.25923 0.24468 -0.57380)
(-0.23910 0.23731 -0.55119)
(-0.22512 0.22940 -0.53255)
(-0.21419 0.22247 -0.51162)
(-0.19518 0.19251 -0.44182)
(-0.14747 0.15660 -0.37787)
(-0.14727 0.12305 -0.32319)
(-0.10102 0.09112 -0.27731)
(-0.09403 0.06156 -0.22422)
(-0.03598 -0.01853 -0.10427)
(-0.03424 -0.02943 -0.08870)
(-0.02325 -0.04026 -0.06628)
(-0.02081 -0.04988 -0.05498)
(0.02003 -0.09388 0.07099)
(0.02450 -0.10936 0.09726)
(0.02313 -0.10718 0.12049)
(0.02749 -0.11146 0.12404)
(0.03037 -0.10872 0.14630)
(0.02756 -0.10424 0.16593)
(0.01984 -0.10845 0.17751)
(0.02281 -0.10592 0.17666)
(0.01855 -0.09290 0.19725)
(0.00741 -0.06019 0.13337)
(0.00059 -0.00616 0.01436)
(0.00048 -0.00622 0.01427)
(0.00686 -0.00398 0.00598)
(0.03502 -0.02157 0.03716)
(0.01293 -0.01490 0.05419)
(0.00770 -0.01292 0.05357)
(-0.00038 -0.00983 0.05344)
(-0.01011 -0.00614 0.05445)
(-0.07346 0.02677 0.02578)
(-0.10583 0.04890 0.00987)
(-0.13017 0.05627 0.00105)
(-0.17545 0.10527 -0.04884)
(-0.23966 0.14646 -0.12371)
(-0.31669 0.21925 -0.23351)
(-0.32862 0.23271 -0.25463)
(-0.35125 0.24839 -0.28717)
(-0.38075 0.27594 -0.34652)
(-0.44714 0.31310 -0.47911)
(-0.44550 0.32039 -0.47200)
(-0.44899 0.31800 -0.49209)
(-0.45263 0.34112 -0.52763)
(-0.43876 0.34181 -0.57093)
(-0.43496 0.33289 -0.57128)
(-0.43246 0.33036 -0.60305)
(-0.40669 0.33171 -0.62547)
(-0.40223 0.32935 -0.63224)
(-0.36023 0.29335 -0.63137)
(-0.33170 0.28194 -0.63731)
(-0.32782 0.28118 -0.63608)
(-0.31658 0.27581 -0.62827)
(-0.28883 0.26333 -0.59551)
(-0.23742 0.23603 -0.54500)
(-0.23723 0.23092 -0.52632)
(-0.22144 0.21089 -0.47360)
(-0.18711 0.18143 -0.42202)
(-0.16014 0.13102 -0.33632)
(-0.14247 0.11223 -0.30875)
(-0.14009 0.10304 -0.29740)
(-0.04513 -0.01850 -0.11085)
(-0.04351 -0.02815 -0.09776)
(-0.03138 -0.04021 -0.07452)
(-0.02790 -0.05247 -0.06029)
(-0.00086 -0.09111 0.03119)
(0.02030 -0.12339 0.08669)
(0.01713 -0.12628 0.12941)
(0.02315 -0.12711 0.14659)
(0.02527 -0.11748 0.16858)
(0.01881 -0.11741 0.17532)
(0.01900 -0.11436 0.17732)
(0.01184 -0.09642 0.20056)
(0.00722 -0.07082 0.15446)
(0.00344 -0.03835 0.08573)
(0.00598 -0.07294 0.15830)
(0.00060 -0.01017 0.02311)
(0.00171 -0.00101 0.00155)
(0.01310 -0.00779 0.01206)
(0.00845 -0.00516 0.00794)
(0.03108 -0.01887 0.03006)
(0.03201 -0.02351 0.05480)
(0.01722 -0.01787 0.05527)
(0.00607 -0.01318 0.05742)
(-0.00476 -0.00885 0.05895)
(-0.00151 -0.00979 0.05573)
(-0.04208 0.00991 0.05002)
(-0.05639 0.01976 0.03967)
(-0.08716 0.03642 0.02712)
(-0.13127 0.07973 -0.01647)
(-0.17199 0.10923 -0.05328)
(-0.19740 0.13099 -0.09117)
(-0.27989 0.19252 -0.18414)
(-0.31932 0.23178 -0.24601)
(-0.34134 0.24724 -0.27600)
(-0.36312 0.27586 -0.31550)
(-0.41949 0.35623 -0.42356)
(-0.44729 0.32509 -0.48370)
(-0.44679 0.36650 -0.51232)
(-0.44802 0.38272 -0.55909)
(-0.43269 0.34977 -0.59867)
(-0.41667 0.34235 -0.62280)
(-0.40812 0.33755 -0.63245)
(-0.38935 0.32096 -0.64227)
(-0.36116 0.30834 -0.65092)
(-0.33645 0.28677 -0.64377)
(-0.32453 0.28012 -0.63507)
(-0.31324 0.27600 -0.62368)
(-0.26975 0.25364 -0.57052)
(-0.27058 0.24928 -0.54577)
(-0.26132 0.24090 -0.51466)
(-0.20950 0.19258 -0.43675)
(-0.18414 0.15050 -0.36754)
(-0.15431 0.11841 -0.31916)
(-0.14974 0.10539 -0.30283)
(-0.09796 0.02507 -0.18953)
(-0.06568 -0.02169 -0.12480)
(-0.03987 -0.03998 -0.08258)
(-0.03414 -0.07180 -0.03925)
(-0.01321 -0.10099 0.01970)
(-0.01192 -0.12375 0.05222)
(0.01346 -0.13304 0.10464)
(0.02109 -0.13281 0.13036)
(0.02325 -0.13163 0.14164)
(0.01459 -0.12800 0.16614)
(0.01076 -0.11392 0.19282)
(0.01048 -0.09961 0.20341)
(0.00883 -0.09863 0.20491)
(0.00702 -0.09575 0.20490)
(0.00396 -0.06392 0.14001)
(-0.00004 -0.01073 0.02495)
(0.00012 0.00856 -0.02023)
(0.00078 -0.00060 0.00081)
(0.00944 -0.00734 0.01004)
(0.04489 -0.03228 0.05152)
(0.02789 -0.02303 0.03213)
(0.03835 -0.03779 0.06706)
(0.02525 -0.02657 0.06311)
(0.01846 -0.02453 0.06451)
(-0.00475 -0.01529 0.06868)
(-0.01816 -0.00419 0.06150)
(-0.06139 0.01890 0.05195)
(-0.07680 0.02336 0.05542)
(-0.08904 0.04609 0.02221)
(-0.13855 0.08280 -0.02385)
(-0.18068 0.13778 -0.07753)
(-0.22963 0.17604 -0.13766)
(-0.24891 0.20255 -0.17101)
(-0.31729 0.28217 -0.26342)
(-0.33229 0.24748 -0.26804)
(-0.36509 0.30322 -0.32348)
(-0.39932 0.36193 -0.39382)
(-0.42313 0.36834 -0.44572)
(-0.44661 0.39720 -0.50448)
(-0.45056 0.40960 -0.53365)
(-0.45171 0.37980 -0.58908)
(-0.43678 0.39363 -0.60600)
(-0.43138 0.39386 -0.63880)
(-0.40338 0.34522 -0.66067)
(-0.38726 0.33287 -0.66337)
(-0.37601 0.33050 -0.67397)
(-0.34781 0.29965 -0.65861)
(-0.32901 0.28353 -0.63520)
(-0.30527 0.26997 -0.61131)
(-0.29109 0.25753 -0.57312)
(-0.28454 0.25138 -0.55076)
(-0.24886 0.21924 -0.48015)
(-0.24590 0.19806 -0.44389)
(-0.16489 0.12458 -0.32776)
(-0.16954 0.10218 -0.29603)
(-0.14222 0.05495 -0.24221)
(-0.13317 0.01275 -0.18575)
(-0.09122 -0.04062 -0.09667)
(-0.07653 -0.06018 -0.06774)
(-0.03732 -0.11736 0.01803)
(-0.01744 -0.12779 0.05366)
(-0.00006 -0.13403 0.09696)
(0.00116 -0.13963 0.12587)
(0.01769 -0.13690 0.14912)
(0.00267 -0.13266 0.19030)
(0.00525 -0.12538 0.19201)
(0.00326 -0.12787 0.21099)
(0.00382 -0.11924 0.22251)
(0.00147 -0.09880 0.19834)
(-0.00013 -0.06015 0.12506)
(-0.00037 -0.01706 0.03678)
(0.00041 0.00650 -0.01532)
(0.00546 -0.00517 0.00685)
(0.02885 -0.02847 0.03954)
(0.03753 -0.03699 0.06123)
(0.02065 -0.03053 0.06704)
(0.01283 -0.02249 0.06873)
(0.00765 -0.02276 0.07107)
(-0.00173 -0.01131 0.06527)
(-0.01442 -0.00650 0.06262)
(-0.02927 0.00364 0.06000)
(-0.04497 0.01519 0.04872)
(-0.06129 0.02306 0.04824)
(-0.08234 0.04859 0.01938)
(-0.10736 0.07072 -0.00773)
(-0.11091 0.08820 -0.01712)
(-0.12741 0.10395 -0.03492)
(-0.22172 0.17675 -0.13443)
(-0.14725 0.13385 -0.06525)
(-0.23777 0.20770 -0.17013)
(-0.27418 0.26599 -0.21988)
(-0.34711 0.32460 -0.31255)
(-0.38433 0.36575 -0.38067)
(-0.41575 0.38470 -0.42290)
(-0.43644 0.42956 -0.48554)
(-0.44204 0.47184 -0.53150)
(-0.44255 0.41751 -0.57665)
(-0.43719 0.41534 -0.59428)
(-0.43605 0.41762 -0.64809)
(-0.42311 0.39330 -0.65625)
(-0.40538 0.36653 -0.66550)
(-0.38724 0.34092 -0.68136)
(-0.35840 0.31205 -0.66642)
(-0.34108 0.30390 -0.65413)
(-0.31881 0.27700 -0.63017)
(-0.31465 0.27314 -0.59444)
(-0.31181 0.26328 -0.56116)
(-0.27470 0.23665 -0.49660)
(-0.26049 0.20353 -0.44951)
(-0.24017 0.16660 -0.38875)
(-0.23196 0.13817 -0.35261)
(-0.18104 0.07249 -0.26715)
(-0.14707 0.02403 -0.20675)
(-0.13905 -0.01997 -0.13003)
(-0.09131 -0.06627 -0.06027)
(-0.10215 -0.07657 -0.03549)
(-0.04715 -0.11460 0.04737)
(-0.01620 -0.13596 0.09794)
(-0.03632 -0.14234 0.13008)
(-0.03189 -0.14360 0.14125)
(-0.02080 -0.13999 0.15603)
(-0.03090 -0.14307 0.15408)
(-0.00957 -0.13533 0.18471)
(-0.00115 -0.12819 0.21574)
(-0.00182 -0.12620 0.21531)
(-0.00552 -0.11290 0.21773)
(-0.00250 -0.03477 0.07313)
(-0.00072 -0.00529 0.01226)
(0.00028 0.00203 -0.00474)
(0.00106 -0.00102 0.00127)
(0.01630 -0.01609 0.02042)
(0.04020 -0.04140 0.05537)
(0.03956 -0.04035 0.06155)
(0.02820 -0.03290 0.06155)
(0.02275 -0.03256 0.06689)
(0.01446 -0.02531 0.06984)
(-0.00333 -0.00684 0.06027)
(-0.01110 -0.00144 0.05905)
(-0.01205 0.00179 0.05614)
(-0.06725 0.04538 0.02058)
(-0.10336 0.08581 -0.01449)
(-0.11852 0.10058 -0.02994)
(-0.12781 0.11468 -0.04271)
(-0.18775 0.19231 -0.13038)
(-0.23357 0.25490 -0.18227)
(-0.31369 0.31946 -0.27818)
(-0.34571 0.38058 -0.33524)
(-0.39123 0.39813 -0.39890)
(-0.35910 0.40608 -0.37160)
(-0.41752 0.44728 -0.47382)
(-0.44018 0.48377 -0.52586)
(-0.44412 0.47635 -0.54462)
(-0.44067 0.46872 -0.56657)
(-0.43330 0.43707 -0.62536)
(-0.43124 0.41332 -0.65385)
(-0.41631 0.39224 -0.66759)
(-0.39679 0.38208 -0.67365)
(-0.36411 0.32865 -0.67144)
(-0.35477 0.32699 -0.65851)
(-0.33770 0.30059 -0.63858)
(-0.32062 0.27631 -0.59765)
(-0.31622 0.26683 -0.56514)
(-0.30990 0.25880 -0.54605)
(-0.29156 0.23074 -0.48954)
(-0.25556 0.17271 -0.40064)
(-0.24318 0.14318 -0.35907)
(-0.24117 0.11293 -0.29481)
(-0.18540 0.04065 -0.21284)
(-0.14876 -0.02910 -0.09725)
(-0.13265 -0.04718 -0.07128)
(-0.12757 -0.05671 -0.05107)
(-0.09511 -0.08146 0.00709)
(-0.05036 -0.13200 0.11086)
(-0.03635 -0.14162 0.14786)
(-0.02056 -0.14559 0.17850)
(-0.01566 -0.13650 0.19268)
(-0.01868 -0.13696 0.20063)
(-0.00702 -0.13801 0.21168)
(-0.00563 -0.13625 0.22114)
(-0.00380 -0.11981 0.20336)
(-0.00232 -0.03964 0.07841)
(-0.00011 -0.00284 0.00558)
(0.00073 -0.00061 0.00056)
(0.02172 -0.01834 0.01741)
(0.04433 -0.03530 0.04268)
(0.04924 -0.03993 0.04840)
(0.04367 -0.03836 0.05309)
(0.02200 -0.03245 0.06216)
(0.01938 -0.02552 0.05891)
(0.01721 -0.02955 0.06436)
(0.00127 -0.00846 0.05860)
(-0.00513 -0.00335 0.05752)
(0.00002 -0.00458 0.05565)
(-0.00625 0.00047 0.05448)
(-0.01168 0.00524 0.05254)
(-0.06930 0.07140 -0.00238)
(-0.10972 0.09671 -0.02487)
(-0.11937 0.11064 -0.03630)
(-0.18215 0.20031 -0.12597)
(-0.21110 0.23945 -0.15960)
(-0.28312 0.32499 -0.25141)
(-0.31578 0.38441 -0.30599)
(-0.32942 0.40436 -0.32600)
(-0.40226 0.45108 -0.45488)
(-0.43835 0.49565 -0.52113)
(-0.44203 0.48874 -0.53826)
(-0.44385 0.49369 -0.55002)
(-0.43463 0.48417 -0.60349)
(-0.43454 0.42820 -0.65072)
(-0.42332 0.43154 -0.65147)
(-0.38324 0.37355 -0.67358)
(-0.35075 0.32326 -0.65229)
(-0.34694 0.31222 -0.62915)
(-0.31544 0.26306 -0.55156)
(-0.29174 0.20880 -0.43341)
(-0.28181 0.17442 -0.37587)
(-0.23513 0.08415 -0.24919)
(-0.14378 -0.03942 -0.07625)
(-0.12436 -0.06365 -0.03327)
(-0.04333 -0.13922 0.14184)
(-0.02645 -0.14509 0.19252)
(-0.00217 -0.04888 0.08389)
(0.00379 -0.00321 0.00223)
(0.03190 -0.02565 0.02219)
(0.05179 -0.03934 0.03992)
(0.04945 -0.03825 0.02824)
(0.05270 -0.03857 0.03887)
(0.04983 -0.03820 0.04295)
(0.03319 -0.02752 0.05127)
(0.00585 -0.00948 0.05646)
(0.00519 -0.00504 0.05301)
(-0.00120 -0.00001 0.05232)
(-0.00552 0.00839 0.04610)
(-0.03807 0.05803 0.01176)
(-0.04543 0.07790 -0.01062)
(-0.08795 0.09942 -0.02422)
(-0.13806 0.17996 -0.08658)
(-0.15684 0.18475 -0.09598)
(-0.18681 0.23524 -0.13510)
(-0.26936 0.32622 -0.23516)
(-0.23112 0.30423 -0.19077)
(-0.30567 0.37977 -0.29226)
(-0.32021 0.40153 -0.31490)
(-0.35828 0.44075 -0.38286)
(-0.41375 0.50344 -0.47917)
(-0.43811 0.50621 -0.52813)
(-0.44172 0.50487 -0.54482)
(-0.43345 0.48431 -0.62309)
(-0.00608 0.00418 -0.00227)
(0.01762 -0.01201 0.00609)
(0.06236 -0.04189 0.02270)
(0.05963 -0.04439 0.03431)
(0.05404 -0.03861 0.03761)
(0.04816 -0.03371 0.04259)
(0.03834 -0.02752 0.04785)
(0.03553 -0.02173 0.04623)
(0.03949 -0.02309 0.04455)
(0.02316 -0.00696 0.04471)
(0.01545 0.00347 0.03942)
(0.00693 0.02067 0.02689)
(-0.02128 0.05609 0.00879)
(-0.01790 0.05590 0.00949)
(-0.08130 0.12077 -0.03900)
(-0.11657 0.16849 -0.07536)
(-0.17637 0.23705 -0.13246)
(-0.21224 0.29221 -0.17840)
(-0.28890 0.37049 -0.26897)
(-0.35109 0.45523 -0.36364)
(-0.38692 0.50934 -0.42407)
(-0.00593 0.00371 -0.00186)
(0.00420 -0.00262 0.00132)
(0.02888 -0.01744 0.00874)
(0.06237 -0.04025 0.02738)
(0.06161 -0.03913 0.02910)
(0.06112 -0.03403 0.03092)
(0.04877 -0.02164 0.03370)
(0.03404 -0.00478 0.03045)
(0.02426 0.00663 0.02832)
(0.00824 0.02747 0.01460)
(-0.01563 0.05302 0.00744)
(-0.02877 0.07043 -0.00493)
(-0.06416 0.11164 -0.03197)
(-0.11024 0.17890 -0.07973)
(-0.14471 0.20860 -0.10169)
(-0.16425 0.24098 -0.11895)
(-0.23882 0.32926 -0.20966)
(0.00134 -0.00074 0.00035)
(0.03357 -0.01781 0.00894)
(0.05011 -0.03065 0.01909)
(0.06365 -0.03855 0.02536)
(0.06240 -0.03688 0.02759)
(0.06294 -0.03509 0.02649)
(0.05590 -0.02016 0.01828)
(0.04942 -0.00950 0.01870)
(0.04059 -0.00112 0.02026)
(0.03900 0.00590 0.00834)
(0.02047 0.03281 -0.00409)
(0.00977 0.04627 -0.01131)
(0.00057 0.04857 -0.00081)
(0.00172 0.06292 -0.02340)
(-0.02033 0.08036 -0.02602)
(-0.06997 0.13154 -0.05048)
(0.00361 -0.00158 0.00063)
(0.04770 -0.02577 0.01519)
(0.06449 -0.03692 0.02408)
(0.06291 -0.02306 0.01010)
(0.05949 -0.02657 0.01772)
(0.05324 -0.01547 0.01034)
(0.04995 -0.00494 0.00614)
(0.03996 0.00575 0.00693)
(0.01781 0.04511 -0.01576)
(0.00689 0.05825 -0.02275)
(-0.00072 0.00025 -0.00005)
(0.01851 -0.00618 0.00108)
(0.04950 -0.01447 0.00208)
(-0.40846 0.42598 -0.66690)
(-0.35737 0.33443 -0.65998)
(-0.32015 0.27105 -0.56893)
(-0.31996 0.25660 -0.51482)
(-0.26227 0.12720 -0.30282)
(-0.17565 -0.00003 -0.13085)
(-0.13814 -0.04952 -0.05466)
(-0.08610 -0.10439 0.06862)
(-0.04616 -0.14366 0.14592)
(-0.02487 -0.14269 0.19852)
(-0.01869 -0.13713 0.20229)
(-0.00620 -0.12280 0.20410)
(-0.00596 -0.12032 0.20149)
(-0.00562 -0.11743 0.19859)
(-0.00046 -0.01098 0.01896)
(-0.43977 0.51795 -0.58536)
(-0.42199 0.47112 -0.64470)
(-0.40633 0.44503 -0.65711)
(-0.39364 0.40696 -0.66870)
(-0.36310 0.34755 -0.66964)
(-0.35314 0.33001 -0.65314)
(-0.34665 0.31834 -0.62448)
(-0.34762 0.31503 -0.59803)
(-0.32007 0.26780 -0.55677)
(-0.34417 0.28059 -0.52421)
(-0.30258 0.21664 -0.44064)
(-0.29499 0.17885 -0.37281)
(-0.27153 0.13650 -0.31020)
(-0.25844 0.11602 -0.28618)
(-0.22892 0.05514 -0.19062)
(-0.15506 -0.03124 -0.08155)
(-0.14825 -0.04243 -0.05817)
(-0.13235 -0.06602 -0.01459)
(-0.10852 -0.10498 0.07417)
(-0.06426 -0.13401 0.12593)
(-0.06042 -0.13980 0.14674)
(-0.04157 -0.14440 0.17666)
(-0.03401 -0.14314 0.18743)
(-0.01933 -0.13195 0.20057)
(-0.00702 -0.12449 0.19976)
(-0.00581 -0.12018 0.19495)
(-0.00175 -0.04581 0.07500)
(-0.00015 -0.00456 0.00749)
(-0.40759 0.54849 -0.46900)
(-0.43329 0.54920 -0.53767)
(-0.43600 0.55019 -0.55212)
(-0.44283 0.53853 -0.61334)
(-0.42944 0.51351 -0.62095)
(-0.41493 0.47450 -0.64436)
(-0.39335 0.42301 -0.66653)
(-0.37869 0.39948 -0.66142)
(-0.35522 0.33853 -0.65415)
(-0.36146 0.36757 -0.65744)
(-0.34733 0.32998 -0.63522)
(-0.34910 0.32175 -0.59376)
(-0.34525 0.29526 -0.55270)
(-0.34778 0.28607 -0.52947)
(-0.33716 0.25180 -0.46651)
(-0.31931 0.20666 -0.39883)
(-0.31640 0.19037 -0.36046)
(-0.26586 0.11612 -0.27826)
(-0.24985 0.07620 -0.21136)
(-0.20142 0.01532 -0.12553)
(-0.18126 -0.01938 -0.06335)
(-0.14798 -0.06479 0.00025)
(-0.12513 -0.09828 0.08615)
(-0.10981 -0.10891 0.09052)
(-0.06649 -0.13599 0.14976)
(-0.04498 -0.14339 0.17480)
(-0.05801 -0.14599 0.16488)
(-0.03653 -0.14742 0.18723)
(-0.02827 -0.14185 0.18778)
(-0.02978 -0.14643 0.17958)
(-0.00858 -0.13029 0.19932)
(-0.00603 -0.12141 0.18779)
(-0.00133 -0.06121 0.09298)
(-0.00025 -0.01413 0.02096)
(0.00006 0.00544 -0.00805)
(-0.29189 0.40191 -0.27255)
(-0.34702 0.46618 -0.35550)
(-0.37194 0.50390 -0.40224)
(-0.40531 0.54754 -0.46334)
(-0.42794 0.56174 -0.51924)
(-0.42715 0.57380 -0.54008)
(-0.43661 0.54163 -0.59436)
(-0.42471 0.52823 -0.59988)
(-0.41023 0.49322 -0.63659)
(-0.40162 0.47113 -0.64528)
(-0.38432 0.43438 -0.64881)
(-0.37535 0.40241 -0.64982)
(-0.37144 0.37452 -0.63745)
(-0.36895 0.36535 -0.62385)
(-0.35179 0.32205 -0.58915)
(-0.37031 0.31920 -0.53548)
(-0.37615 0.31060 -0.50398)
(-0.34995 0.26090 -0.45476)
(-0.34151 0.23863 -0.41757)
(-0.31993 0.17839 -0.33569)
(-0.29453 0.14048 -0.29442)
(-0.26584 0.09410 -0.22084)
(-0.23473 0.04382 -0.15428)
(-0.19432 -0.01375 -0.07372)
(-0.16500 -0.04434 -0.02622)
(-0.17116 -0.05091 -0.01311)
(-0.13859 -0.07997 0.03989)
(-0.10839 -0.11587 0.09738)
(-0.08003 -0.13783 0.12899)
(-0.07157 -0.14777 0.14130)
(-0.04779 -0.15438 0.17193)
(-0.01999 -0.14947 0.18406)
(-0.03492 -0.15274 0.16587)
(-0.01097 -0.14870 0.18095)
(-0.00697 -0.12837 0.15954)
(-0.00045 -0.01531 0.01875)
(0.00014 0.01273 -0.01587)
(-0.00756 -0.10731 0.11903)
(-0.10614 0.17682 -0.07969)
(-0.12345 0.19607 -0.09167)
(-0.13446 0.21126 -0.10190)
(-0.21943 0.31172 -0.19008)
(-0.28325 0.39374 -0.26215)
(-0.31169 0.43149 -0.29202)
(-0.31910 0.43411 -0.31018)
(-0.35052 0.48365 -0.35938)
(-0.38189 0.52743 -0.41576)
(-0.40730 0.55591 -0.47936)
(-0.42306 0.57480 -0.52633)
(-0.42665 0.57186 -0.54475)
(-0.41896 0.53498 -0.59165)
(-0.40381 0.48109 -0.64038)
(-0.39724 0.46952 -0.64413)
(-0.39125 0.43708 -0.64287)
(-0.37093 0.38267 -0.64924)
(-0.39509 0.40643 -0.62789)
(-0.37035 0.35355 -0.59944)
(-0.40243 0.41520 -0.61768)
(-0.37818 0.32471 -0.52621)
(-0.38076 0.32097 -0.51206)
(-0.37589 0.30428 -0.48957)
(-0.34061 0.21731 -0.36943)
(-0.31164 0.16232 -0.31304)
(-0.31755 0.17314 -0.32451)
(-0.29108 0.12846 -0.26261)
(-0.24457 0.05425 -0.15334)
(-0.25162 0.07150 -0.17305)
(-0.20879 0.00516 -0.08800)
(-0.18292 -0.03198 -0.03891)
(-0.16653 -0.05844 -0.00101)
(-0.11086 -0.10898 0.07901)
(-0.08067 -0.14296 0.13039)
(-0.07313 -0.14831 0.13612)
(-0.06461 -0.15274 0.14575)
(-0.03576 -0.15812 0.14591)
(-0.02651 -0.15831 0.15370)
(-0.01929 -0.15829 0.15509)
(-0.00790 -0.08683 0.09105)
(-0.00069 -0.01057 0.01134)
(-0.00691 -0.05205 0.04899)
(-0.00126 -0.00991 0.00938)
(0.00148 0.06492 -0.02712)
(-0.00305 0.06919 -0.02769)
(-0.03838 0.10751 -0.04875)
(-0.10243 0.17497 -0.07992)
(-0.11729 0.19160 -0.09002)
(-0.11117 0.18708 -0.08863)
(-0.12849 0.20667 -0.10001)
(-0.21435 0.31849 -0.19656)
(-0.16831 0.26073 -0.13521)
(-0.23933 0.35453 -0.21739)
(-0.28144 0.40561 -0.25501)
(-0.34670 0.49561 -0.34903)
(-0.34996 0.50728 -0.35732)
(-0.38350 0.53595 -0.43864)
(-0.42162 0.57587 -0.51865)
(-0.42420 0.57311 -0.53467)
(-0.42454 0.57138 -0.54216)
(-0.41934 0.55482 -0.56489)
(-0.40581 0.48961 -0.63608)
(-0.39988 0.47817 -0.64009)
(-0.40350 0.46649 -0.65020)
(-0.38670 0.41251 -0.64816)
(-0.40433 0.42760 -0.62619)
(-0.40815 0.42537 -0.62108)
(-0.37959 0.34673 -0.54944)
(-0.38622 0.33190 -0.52000)
(-0.37994 0.31317 -0.49648)
(-0.38521 0.32393 -0.50474)
(-0.36232 0.25846 -0.40488)
(-0.34596 0.24800 -0.37465)
(-0.29971 0.16708 -0.28610)
(-0.28301 0.13165 -0.24160)
(-0.19487 -0.01541 -0.06260)
(-0.18435 -0.02931 -0.04510)
(-0.17354 -0.04550 -0.02345)
(-0.12735 -0.09214 0.04319)
(-0.08161 -0.14411 0.12579)
(-0.07447 -0.14888 0.13158)
(-0.06591 -0.15306 0.14159)
(-0.05986 -0.16003 0.13744)
(-0.03714 -0.15914 0.13923)
(-0.02202 -0.14894 0.13536)
(-0.00766 -0.04665 0.03989)
(0.00138 0.00972 -0.00852)
(-0.00055 -0.00342 0.00294)
(0.05996 -0.01464 0.00260)
(0.05741 -0.00206 -0.00745)
(0.05300 -0.00452 0.00059)
(0.04505 0.01105 -0.00766)
(0.03154 0.02334 -0.02159)
(0.03795 0.02537 -0.01519)
(0.02311 0.04030 -0.01737)
(0.00664 0.05988 -0.02588)
(0.00577 0.06231 -0.02990)
(0.00091 0.06721 -0.03111)
(-0.00388 0.07196 -0.03189)
(-0.03314 0.10903 -0.05486)
(-0.08055 0.15893 -0.07807)
(-0.12289 0.19312 -0.11266)
(-0.16196 0.25716 -0.13769)
(-0.22173 0.33854 -0.19742)
(-0.28430 0.40620 -0.26128)
(-0.32999 0.48158 -0.32695)
(-0.34402 0.49969 -0.34589)
(-0.36921 0.52539 -0.39926)
(-0.39174 0.54970 -0.44352)
(-0.42251 0.57438 -0.52563)
(-0.42294 0.57242 -0.53429)
(-0.41919 0.56295 -0.55925)
(-0.41202 0.52078 -0.60608)
(-0.41109 0.50334 -0.62813)
(-0.41079 0.49021 -0.63691)
(-0.39357 0.44463 -0.63837)
(-0.40783 0.43586 -0.63004)
(-0.41371 0.43541 -0.62472)
(-0.40514 0.40042 -0.58867)
(-0.40681 0.37249 -0.54589)
(-0.40632 0.36640 -0.52369)
(-0.38183 0.31586 -0.46902)
(-0.37039 0.28441 -0.40111)
(-0.34642 0.25450 -0.35811)
(-0.31640 0.20095 -0.31222)
(-0.29408 0.16594 -0.26382)
(-0.26952 0.12251 -0.19957)
(-0.22158 0.02727 -0.11241)
(-0.19075 -0.01918 -0.05960)
(-0.18008 -0.03482 -0.04215)
(-0.17401 -0.04489 -0.02827)
(-0.14440 -0.08190 0.01325)
(-0.08962 -0.14319 0.10808)
(-0.09885 -0.11594 0.05814)
(-0.07717 -0.14989 0.10049)
(-0.05313 -0.15974 0.10286)
(-0.04450 -0.16429 0.13101)
(-0.03228 -0.16124 0.13681)
(-0.03176 -0.15152 0.12895)
(-0.01925 -0.11743 0.09775)
(-0.00469 -0.02596 0.02180)
(0.00380 -0.00108 0.00011)
(0.01004 -0.00277 -0.00004)
(0.05165 -0.00654 -0.00573)
(0.04682 0.00218 -0.00674)
(0.01739 0.01840 -0.01780)
(0.02607 0.02148 -0.02038)
(0.00524 0.03815 -0.03868)
(-0.00151 0.04461 -0.03671)
(-0.01412 0.06014 -0.04811)
(-0.01126 0.05844 -0.04481)
(-0.02268 0.08074 -0.05420)
(-0.07093 0.11729 -0.08890)
(-0.06034 0.12124 -0.08343)
(-0.08684 0.15483 -0.09314)
(-0.09870 0.17442 -0.10820)
(-0.19218 0.26620 -0.16428)
(-0.21292 0.28863 -0.17917)
(-0.23637 0.34118 -0.20846)
(-0.29753 0.41234 -0.26688)
(-0.33063 0.46588 -0.31280)
(-0.36874 0.50319 -0.35015)
(-0.38048 0.54498 -0.39385)
(-0.39883 0.56110 -0.43896)
(-0.42053 0.58201 -0.50320)
(-0.42110 0.58492 -0.51653)
(-0.41998 0.58382 -0.52931)
(-0.41675 0.55492 -0.58599)
(-0.41612 0.54052 -0.59581)
(-0.41479 0.52652 -0.61139)
(-0.40844 0.48410 -0.62904)
(-0.42200 0.48843 -0.62206)
(-0.42872 0.47957 -0.62356)
(-0.43171 0.44784 -0.61035)
(-0.43273 0.43719 -0.58592)
(-0.44054 0.43234 -0.56540)
(-0.40329 0.36393 -0.49201)
(-0.38003 0.30868 -0.42252)
(-0.35391 0.28310 -0.38176)
(-0.33064 0.23491 -0.30996)
(-0.27830 0.16981 -0.23960)
(-0.24488 0.10930 -0.17592)
(-0.19003 0.01135 -0.08604)
(-0.13728 -0.07025 -0.00518)
(-0.15382 -0.01825 -0.05675)
(-0.11539 -0.12387 0.03466)
(-0.09523 -0.11154 0.03154)
(-0.06970 -0.13413 0.07717)
(-0.05551 -0.14106 0.08420)
(-0.03797 -0.16026 0.11375)
(-0.03856 -0.15016 0.09713)
(-0.01497 -0.10779 0.07455)
(-0.00749 -0.05433 0.03708)
(-0.00281 -0.02047 0.01390)
(0.00167 -0.00013 0.00011)
(0.02575 0.00726 -0.01023)
(0.01594 0.01804 -0.02015)
(-0.02204 0.03998 -0.03859)
(-0.02323 0.04157 -0.03988)
(-0.02573 0.04460 -0.04229)
(-0.01074 0.05101 -0.04944)
(-0.03714 0.05495 -0.05227)
(-0.03262 0.07120 -0.06534)
(-0.03750 0.08160 -0.06636)
(-0.07452 0.10579 -0.09035)
(-0.10668 0.12869 -0.11164)
(-0.10839 0.15187 -0.11241)
(-0.09567 0.16525 -0.10521)
(-0.14770 0.20475 -0.13762)
(-0.18721 0.25742 -0.16735)
(-0.28926 0.34155 -0.23619)
(-0.29490 0.37488 -0.24930)
(-0.32316 0.44166 -0.29307)
(-0.39322 0.52483 -0.37109)
(-0.39345 0.54727 -0.39080)
(-0.40299 0.55866 -0.41745)
(-0.41422 0.58437 -0.46316)
(-0.41988 0.58545 -0.44808)
(-0.41782 0.59336 -0.49366)
(-0.42032 0.59143 -0.51852)
(-0.41691 0.55808 -0.57958)
(-0.42346 0.55822 -0.58317)
(-0.42977 0.55552 -0.59098)
(-0.41937 0.52378 -0.61201)
(-0.43272 0.55266 -0.59379)
(-0.42878 0.49977 -0.61940)
(-0.44646 0.50778 -0.61148)
(-0.45210 0.49703 -0.60467)
(-0.45306 0.48314 -0.60880)
(-0.44946 0.46622 -0.58719)
(-0.45445 0.45887 -0.58012)
(-0.42861 0.44545 -0.52981)
(-0.41946 0.39783 -0.51149)
(-0.40107 0.38253 -0.46833)
(-0.37743 0.34487 -0.42375)
(-0.33824 0.27400 -0.33710)
(-0.35241 0.31137 -0.36656)
(-0.30943 0.26206 -0.30354)
(-0.27832 0.21817 -0.26532)
(-0.21621 0.09445 -0.14727)
(-0.14950 0.01124 -0.09205)
(-0.11872 -0.07522 0.00207)
(-0.12527 -0.01448 -0.06547)
(-0.09140 -0.09199 0.01124)
(-0.04298 -0.09941 0.01669)
(-0.05573 -0.11828 0.04405)
(-0.03300 -0.11003 0.03237)
(-0.03116 -0.15061 0.08336)
(-0.03047 -0.14233 0.07951)
(-0.03063 -0.11032 0.03219)
(-0.02354 -0.11295 0.06203)
(-0.00178 -0.02589 0.01522)
(0.00022 0.00014 0.00001)
(0.00387 0.01458 -0.01332)
(-0.02639 0.03497 -0.03215)
(-0.03482 0.04844 -0.04533)
(-0.03655 0.05198 -0.04918)
(-0.04690 0.05601 -0.05305)
(-0.04874 0.05937 -0.05706)
(-0.06262 0.08602 -0.07633)
(-0.11079 0.13048 -0.12142)
(-0.14770 0.14850 -0.13037)
(-0.13905 0.16895 -0.13775)
(-0.20156 0.21750 -0.17508)
(-0.20893 0.23286 -0.17504)
(-0.23501 0.28332 -0.19798)
(-0.33114 0.37161 -0.26823)
(-0.33365 0.38438 -0.27112)
(-0.35185 0.40307 -0.28475)
(-0.33842 0.44683 -0.30578)
(-0.40242 0.52853 -0.37470)
(-0.40386 0.53899 -0.38567)
(-0.40941 0.55580 -0.40417)
(-0.42938 0.58604 -0.45496)
(-0.41849 0.59238 -0.46809)
(-0.42770 0.59788 -0.50788)
(-0.42395 0.59096 -0.53658)
(-0.41666 0.57733 -0.54594)
(-0.43210 0.56357 -0.58455)
(-0.43502 0.56188 -0.58626)
(-0.43766 0.55208 -0.59703)
(-0.45546 0.53958 -0.59954)
(-0.45053 0.51157 -0.60840)
(-0.45561 0.49262 -0.60258)
(-0.44927 0.48198 -0.57021)
(-0.44424 0.47782 -0.53856)
(-0.41301 0.44338 -0.49381)
(-0.40380 0.43510 -0.48024)
(-0.36125 0.35892 -0.41241)
(-0.31518 0.28425 -0.31865)
(-0.30156 0.26756 -0.29992)
(-0.21364 0.12265 -0.18532)
(-0.23151 0.17631 -0.22560)
(-0.18297 0.07506 -0.13187)
(-0.10694 0.04121 -0.11174)
(-0.09617 -0.03288 -0.04259)
(-0.09533 0.02892 -0.10086)
(-0.05623 -0.07729 -0.00707)
(-0.03207 -0.09046 0.00753)
(-0.02936 -0.10090 0.01931)
(-0.02182 -0.11968 0.04822)
(-0.01865 -0.09730 0.04418)
(-0.02225 -0.09522 0.01789)
(-0.00262 -0.03322 0.01474)
(-0.00047 -0.00666 0.00293)
(0.00002 -0.00032 -0.00003)
(-0.01142 0.01624 -0.01361)
(-0.02971 0.02840 -0.02355)
(-0.04720 0.05366 -0.04969)
(-0.06125 0.06228 -0.05981)
(-0.12707 0.11767 -0.10808)
(-0.14348 0.13789 -0.12534)
(-0.17729 0.15605 -0.14455)
(-0.25387 0.24102 -0.20457)
(-0.27679 0.25637 -0.21682)
(-0.27788 0.26272 -0.21891)
(-0.27973 0.29360 -0.22920)
(-0.35600 0.38330 -0.28313)
(-0.35335 0.39260 -0.28380)
(-0.37113 0.41088 -0.29738)
(-0.40874 0.49305 -0.34850)
(-0.41185 0.54026 -0.38760)
(-0.43569 0.55553 -0.41432)
(-0.45056 0.58882 -0.44550)
(-0.43000 0.59313 -0.46779)
(-0.44060 0.60258 -0.49873)
(-0.42979 0.59807 -0.52033)
(-0.43043 0.59740 -0.52681)
(-0.44124 0.59072 -0.55355)
(-0.43636 0.56937 -0.57905)
(-0.43878 0.56082 -0.58850)
(-0.44957 0.55903 -0.58722)
(-0.45407 0.55207 -0.59201)
(-0.44271 0.52015 -0.59487)
(-0.45615 0.55476 -0.58246)
(-0.45763 0.54165 -0.58579)
(-0.45009 0.51568 -0.55099)
(-0.41754 0.47120 -0.50576)
(-0.41650 0.45924 -0.50179)
(-0.40645 0.45109 -0.48842)
(-0.39543 0.44374 -0.47569)
(-0.33163 0.37436 -0.39497)
(-0.31847 0.30353 -0.33057)
(-0.30598 0.29054 -0.31459)
(-0.24770 0.25057 -0.27355)
(-0.19668 0.16011 -0.19849)
(-0.19637 0.18223 -0.20928)
(-0.10820 0.06340 -0.12530)
(-0.09531 0.04945 -0.11419)
(-0.07523 -0.00253 -0.06830)
(-0.08329 0.03894 -0.10647)
(-0.02981 -0.07868 -0.00322)
(-0.02684 -0.09034 0.00723)
(-0.02370 -0.07770 -0.00456)
(-0.01533 -0.07842 0.00579)
(-0.00980 -0.05484 0.01172)
(0.00010 -0.01125 0.00256)
(-0.00047 0.00655 -0.00141)
(0.00358 -0.00326 0.00163)
(-0.00260 0.00176 -0.00120)
(-0.03336 0.02490 -0.01887)
(-0.08509 0.07236 -0.06527)
(-0.14665 0.11042 -0.09621)
(-0.13540 0.11386 -0.10417)
(-0.21551 0.16458 -0.14928)
(-0.20180 0.16195 -0.15653)
(-0.24234 0.19857 -0.18089)
(-0.27230 0.24665 -0.21192)
(-0.29365 0.26220 -0.22282)
(-0.29974 0.27246 -0.22902)
(-0.35325 0.30795 -0.25502)
(-0.34235 0.32413 -0.26340)
(-0.39407 0.36293 -0.29175)
(-0.37491 0.40065 -0.29559)
(-0.39076 0.41734 -0.30787)
(-0.42023 0.45674 -0.33459)
(-0.45298 0.51101 -0.37715)
(-0.44209 0.54478 -0.39652)
(-0.50777 0.55769 -0.42826)
(-0.46186 0.57437 -0.43371)
(-0.45957 0.58322 -0.44776)
(-0.44787 0.59394 -0.46022)
(-0.46971 0.60630 -0.49130)
(-0.43317 0.60096 -0.51669)
(-0.43346 0.59993 -0.52275)
(-0.43824 0.59970 -0.53728)
(-0.44951 0.58437 -0.55902)
(-0.43925 0.56804 -0.58071)
(-0.44989 0.58515 -0.55995)
(-0.44159 0.57287 -0.57745)
(-0.45501 0.57644 -0.57503)
(-0.45035 0.56581 -0.57201)
(-0.45481 0.54828 -0.58257)
(-0.45195 0.54586 -0.57831)
(-0.42854 0.52909 -0.53307)
(-0.39869 0.49399 -0.50636)
(-0.40707 0.46342 -0.49407)
(-0.39418 0.45373 -0.47968)
(-0.32481 0.41497 -0.41240)
(-0.30199 0.35796 -0.35368)
(-0.25809 0.31328 -0.29789)
(-0.20540 0.25691 -0.25867)
(-0.12841 0.13369 -0.16522)
(-0.13417 0.20176 -0.19992)
(-0.09667 0.06933 -0.12558)
(-0.08306 0.05459 -0.11569)
(-0.03356 0.04049 -0.08102)
(-0.04045 -0.00717 -0.05553)
(-0.01438 -0.01729 -0.04453)
(-0.01535 -0.07809 -0.00509)
(0.00183 -0.03190 0.00074)
(0.00831 -0.02163 -0.00969)
(0.00018 -0.00081 0.00005)
(0.01157 -0.00776 0.00521)
(-0.07912 0.05589 -0.04085)
(-0.12929 0.09148 -0.07427)
(0.01223 -0.00734 0.00491)
(-0.01727 0.01074 -0.00724)
(-0.17196 0.11995 -0.09136)
(-0.18438 0.12944 -0.10530)
(-0.19460 0.14102 -0.12071)
(-0.24530 0.16846 -0.13065)
(-0.25673 0.19011 -0.17072)
(-0.29071 0.22115 -0.19623)
(-0.29498 0.23939 -0.20691)
(-0.31929 0.24264 -0.19952)
(-0.32220 0.25809 -0.21014)
(-0.31556 0.27862 -0.23375)
(-0.42616 0.35019 -0.27901)
(-0.43566 0.38440 -0.30351)
(-0.43562 0.41373 -0.31251)
(-0.51139 0.44419 -0.34235)
(-0.50393 0.47659 -0.36219)
(-0.50891 0.49670 -0.37877)
(-0.50717 0.53533 -0.40733)
(-0.52239 0.55638 -0.43202)
(-0.50491 0.56198 -0.43790)
(-0.51593 0.57805 -0.46442)
(-0.47232 0.59041 -0.46201)
(-0.48515 0.59736 -0.49869)
(-0.43806 0.60501 -0.50983)
(-0.44802 0.59459 -0.52385)
(-0.44448 0.59785 -0.53456)
(-0.44982 0.59674 -0.53842)
(-0.44992 0.59450 -0.54209)
(-0.44518 0.58366 -0.56127)
(-0.44914 0.57946 -0.56339)
(-0.44039 0.57319 -0.56321)
(-0.43667 0.56833 -0.56671)
(-0.44747 0.55767 -0.57282)
(-0.44356 0.54786 -0.57416)
(-0.40488 0.53021 -0.53261)
(-0.39600 0.51943 -0.52022)
(-0.35151 0.49075 -0.47864)
(-0.37960 0.48498 -0.48423)
(-0.33316 0.44559 -0.43385)
(-0.27733 0.40581 -0.37842)
(-0.25725 0.38099 -0.35141)
(-0.24227 0.32857 -0.31186)
(-0.19525 0.28519 -0.25731)
(-0.19792 0.30544 -0.27605)
(-0.13991 0.22731 -0.20769)
(-0.10400 0.12772 -0.14752)
(-0.11500 0.20244 -0.19045)
(-0.07530 0.15860 -0.14968)
(-0.08488 0.07110 -0.12471)
(-0.04667 0.06248 -0.10513)
(-0.01047 0.03525 -0.08102)
(0.01760 0.02306 -0.07736)
(0.01069 0.00167 -0.05896)
(0.01010 -0.01247 -0.01478)
(-0.00095 0.00196 0.00078)
(0.00127 -0.00153 -0.00148)
(-0.01205 0.00769 -0.00514)
(-0.10322 0.06710 -0.04905)
(-0.16351 0.10497 -0.07314)
(-0.24971 0.16127 -0.11601)
(-0.27118 0.17703 -0.12780)
(-0.30338 0.22763 -0.18592)
(-0.35440 0.25148 -0.19538)
(-0.40713 0.30637 -0.23988)
(-0.45926 0.34411 -0.26719)
(-0.48748 0.40444 -0.31051)
(-0.51414 0.43101 -0.32505)
(-0.52459 0.46263 -0.35842)
(-0.56068 0.50186 -0.39194)
(-0.54789 0.53247 -0.40450)
(-0.56946 0.54971 -0.43700)
(-0.53002 0.55895 -0.44965)
(-0.55581 0.57867 -0.49557)
(-0.54634 0.58228 -0.49959)
(-0.54579 0.58092 -0.50460)
(-0.48425 0.59637 -0.50374)
(-0.52248 0.58095 -0.51183)
(-0.47880 0.59708 -0.52442)
(-0.45943 0.58943 -0.53220)
(-0.46165 0.58808 -0.53877)
(-0.45761 0.57948 -0.54064)
(-0.44364 0.58057 -0.53911)
(-0.43974 0.58960 -0.54737)
(-0.44140 0.57923 -0.55747)
(-0.44373 0.57741 -0.55731)
(-0.42553 0.57663 -0.54512)
(-0.40504 0.56035 -0.53924)
(-0.41179 0.55576 -0.54888)
(-0.40465 0.54927 -0.54049)
(-0.37508 0.52799 -0.51471)
(-0.34750 0.50574 -0.49209)
(-0.31350 0.46571 -0.43889)
(-0.32561 0.45671 -0.44377)
(-0.27839 0.41639 -0.38976)
(-0.25918 0.39163 -0.36047)
(-0.18931 0.33311 -0.29043)
(-0.14686 0.30864 -0.24976)
(-0.15533 0.27965 -0.23452)
(-0.11598 0.21178 -0.19445)
(-0.08078 0.19466 -0.17071)
(-0.05110 0.17136 -0.13217)
(-0.00464 0.05856 -0.09382)
(-0.02685 0.11011 -0.10375)
(0.01775 0.03815 -0.08432)
(0.02009 0.03682 -0.08206)
(0.01711 0.02041 -0.05458)
(0.01166 0.00116 -0.01839)
(-0.00109 -0.00036 0.00104)
(-0.00307 0.00367 0.00328)
(-0.01862 0.01186 -0.00806)
(-0.08411 0.05378 -0.03694)
(-0.11875 0.07661 -0.05180)
(-0.25833 0.16772 -0.11620)
(-0.28095 0.18479 -0.12759)
(-0.32523 0.22509 -0.16366)
(-0.27498 0.18055 -0.12283)
(-0.38113 0.27340 -0.19251)
(-0.41019 0.29987 -0.22445)
(-0.45247 0.33557 -0.25648)
(-0.45353 0.33905 -0.24895)
(-0.46433 0.34786 -0.26246)
(-0.49943 0.39055 -0.29770)
(-0.52795 0.43530 -0.32488)
(-0.55010 0.46859 -0.36214)
(-0.58033 0.51654 -0.40345)
(-0.57922 0.52538 -0.41478)
(-0.58159 0.52961 -0.42198)
(-0.56639 0.55467 -0.44944)
(-0.56458 0.57522 -0.49834)
(-0.55627 0.57781 -0.50064)
(-0.55595 0.57585 -0.50545)
(-0.55152 0.57509 -0.51045)
(-0.49522 0.58083 -0.52450)
(-0.48599 0.57979 -0.53091)
(-0.46332 0.56656 -0.53089)
(-0.46124 0.56075 -0.53482)
(-0.46119 0.56376 -0.53913)
(-0.43471 0.57074 -0.54232)
(-0.43162 0.57053 -0.54329)
(-0.42833 0.57129 -0.54431)
(-0.40463 0.56334 -0.53983)
(-0.39831 0.55548 -0.53652)
(-0.37651 0.53894 -0.51911)
(-0.33011 0.49596 -0.48008)
(-0.30849 0.47849 -0.45834)
(-0.24055 0.42014 -0.39427)
(-0.26573 0.42908 -0.39748)
(-0.22932 0.40767 -0.38017)
(-0.22106 0.39109 -0.35972)
(-0.18958 0.35024 -0.30201)
(-0.14840 0.31406 -0.25565)
(-0.13691 0.30337 -0.24197)
(-0.13439 0.29648 -0.23539)
(-0.12546 0.29273 -0.22893)
(-0.10294 0.25604 -0.20248)
(-0.05846 0.19448 -0.15077)
(-0.03297 0.18398 -0.14040)
(-0.03066 0.15446 -0.12073)
(-0.01794 0.12574 -0.10493)
(0.01096 0.08959 -0.08057)
(0.01757 0.06137 -0.06061)
(0.01799 0.02638 -0.03648)
(0.00465 0.00356 -0.00537)
(-0.00375 -0.00101 0.00232)
(-0.03103 0.01993 -0.01332)
(-0.02852 0.01848 -0.01210)
(-0.18132 0.11841 -0.07869)
(-0.28319 0.18827 -0.12240)
(-0.37410 0.26809 -0.18597)
(-0.38232 0.28724 -0.19165)
(-0.38858 0.29202 -0.19853)
(-0.45441 0.35336 -0.24868)
(-0.49831 0.40283 -0.29122)
(-0.50316 0.41401 -0.28620)
(-0.54984 0.46577 -0.34179)
(-0.56694 0.49736 -0.37941)
(-0.58195 0.52154 -0.41060)
(-0.58317 0.52456 -0.41798)
(-0.58387 0.53162 -0.42874)
(-0.57888 0.54146 -0.46025)
(-0.56506 0.57278 -0.50225)
(-0.56485 0.56981 -0.50640)
(-0.55099 0.55216 -0.50864)
(-0.51038 0.55204 -0.51607)
(-0.49333 0.55019 -0.52197)
(-0.47102 0.52988 -0.52381)
(-0.46577 0.53015 -0.52316)
(-0.46171 0.53003 -0.52273)
(-0.43502 0.56612 -0.54079)
(-0.44478 0.54446 -0.53129)
(-0.43139 0.56567 -0.54150)
(-0.42760 0.56640 -0.54268)
(-0.39787 0.55406 -0.53532)
(-0.38249 0.53841 -0.52346)
(-0.36932 0.53387 -0.52340)
(-0.39096 0.54988 -0.53308)
(-0.34302 0.51128 -0.50003)
(-0.32455 0.49595 -0.48991)
(-0.31779 0.48612 -0.47323)
(-0.24089 0.42284 -0.39973)
(-0.22985 0.41082 -0.38576)
(-0.21934 0.39982 -0.37226)
(-0.19482 0.37903 -0.34192)
(-0.14821 0.31725 -0.25956)
(-0.13892 0.30897 -0.24825)
(-0.14337 0.31582 -0.26327)
(-0.12853 0.29963 -0.23562)
(-0.06269 0.22157 -0.16860)
(-0.09091 0.26642 -0.19999)
(-0.04916 0.21166 -0.15981)
(-0.01971 0.16831 -0.12584)
(-0.03550 0.19999 -0.14788)
(0.01715 0.12603 -0.10123)
(0.02238 0.10861 -0.09205)
(0.01336 0.02763 -0.02560)
(0.00928 0.03676 -0.03032)
(0.00236 0.00457 -0.00412)
(-0.15318 0.10141 -0.06506)
(-0.03882 0.02553 -0.01628)
(-0.15576 0.11369 -0.06278)
(-0.35397 0.26063 -0.16649)
(-0.39047 0.30164 -0.17889)
(-0.41543 0.31904 -0.20386)
(-0.45473 0.36225 -0.24023)
(-0.48695 0.39863 -0.27146)
(-0.49314 0.40746 -0.27862)
(-0.52526 0.43875 -0.31404)
(-0.53993 0.46133 -0.34369)
(-0.58058 0.51777 -0.40839)
(-0.58811 0.53281 -0.43864)
(-0.56740 0.53563 -0.48359)
(-0.57134 0.52423 -0.48892)
(-0.55487 0.52149 -0.49757)
(-0.52243 0.53985 -0.51526)
(-0.51888 0.53479 -0.52073)
(-0.48187 0.51865 -0.52041)
(-0.46832 0.52128 -0.52010)
(-0.46267 0.52166 -0.51916)
(-0.44772 0.52614 -0.52309)
(-0.43207 0.55951 -0.53871)
(-0.42699 0.51744 -0.50951)
(-0.42340 0.53090 -0.51886)
(-0.42791 0.56061 -0.54014)
(-0.40994 0.54426 -0.53236)
(-0.38759 0.53750 -0.52864)
(-0.36748 0.52654 -0.51994)
(-0.33697 0.50584 -0.50123)
(-0.30960 0.48456 -0.47811)
(-0.30494 0.47938 -0.47278)
(-0.28587 0.46406 -0.46031)
(-0.25661 0.43941 -0.42579)
(-0.23145 0.41389 -0.39217)
(-0.22206 0.40422 -0.38154)
(-0.21262 0.39515 -0.37074)
(-0.20975 0.39202 -0.36399)
(-0.16970 0.35746 -0.31821)
(-0.12696 0.30442 -0.25566)
(-0.13091 0.30525 -0.24256)
(-0.09929 0.28217 -0.22072)
(-0.08635 0.26146 -0.20001)
(-0.05750 0.23260 -0.16703)
(-0.03355 0.22405 -0.15354)
(-0.00547 0.16685 -0.11754)
(0.01672 0.10124 -0.08086)
(0.00666 0.10449 -0.07563)
(0.01393 0.07735 -0.06162)
(0.00447 0.02045 -0.01620)
(0.00178 0.00650 -0.00530)
(-0.00191 0.00142 -0.00078)
(-0.05213 0.03880 -0.02125)
(-0.01231 0.00961 -0.00533)
(-0.25010 0.19072 -0.10557)
(-0.42622 0.34171 -0.21485)
(-0.18660 0.15556 -0.09124)
(-0.38660 0.30660 -0.18307)
(-0.40298 0.34068 -0.21828)
(-0.48069 0.39749 -0.26913)
(-0.48085 0.42186 -0.27786)
(-0.49956 0.42210 -0.28056)
(-0.49988 0.43921 -0.30740)
(-0.53500 0.47093 -0.36130)
(-0.55337 0.48980 -0.38349)
(-0.56929 0.50543 -0.41730)
(-0.56174 0.49462 -0.42656)
(-0.58370 0.50957 -0.48506)
(-0.58568 0.50824 -0.48979)
(-0.56430 0.49118 -0.49005)
(-0.53172 0.50384 -0.50421)
(-0.53959 0.48501 -0.49152)
(-0.52293 0.50155 -0.51363)
(-0.50715 0.49778 -0.51698)
(-0.47633 0.48447 -0.49649)
(-0.45709 0.49841 -0.50121)
(-0.45640 0.49179 -0.49959)
(-0.43280 0.48658 -0.48719)
(-0.41791 0.48212 -0.48355)
(-0.39961 0.48953 -0.48840)
(-0.39829 0.51128 -0.50705)
(-0.38127 0.52231 -0.52275)
(-0.39365 0.49327 -0.49190)
(-0.37761 0.52628 -0.52702)
(-0.35091 0.50183 -0.50369)
(-0.31914 0.47796 -0.48415)
(-0.29660 0.47066 -0.47045)
(-0.24921 0.42001 -0.42006)
(-0.23957 0.41085 -0.41010)
(-0.20732 0.38484 -0.37000)
(-0.16884 0.35082 -0.33427)
(-0.14919 0.33439 -0.30391)
(-0.12364 0.30836 -0.27039)
(-0.10650 0.30308 -0.25777)
(-0.10271 0.28858 -0.24199)
(-0.06775 0.25637 -0.20211)
(-0.05108 0.24059 -0.18361)
(-0.03547 0.22137 -0.15813)
(-0.01386 0.19949 -0.13300)
(-0.00515 0.13404 -0.09725)
(-0.00141 0.12879 -0.08771)
(0.00210 0.03392 -0.02373)
(0.00382 0.01978 -0.01499)
(0.04912 -0.04107 0.02277)
(-0.00566 0.00474 -0.00267)
(-0.27859 0.23949 -0.14669)
(0.00354 -0.00318 0.00186)
(-0.08158 0.07271 -0.04266)
(-0.33965 0.31372 -0.18918)
(-0.39152 0.35762 -0.21862)
(-0.44012 0.40070 -0.26209)
(-0.38361 0.35668 -0.22062)
(-0.39462 0.36435 -0.22734)
(-0.49049 0.43882 -0.30840)
(-0.51230 0.46045 -0.35007)
(-0.54375 0.48006 -0.39150)
(-0.53206 0.46630 -0.40317)
(-0.54972 0.48781 -0.45007)
(-0.53236 0.47115 -0.43738)
(-0.52922 0.45013 -0.45580)
(-0.50927 0.42805 -0.44796)
(-0.51727 0.45654 -0.47664)
(-0.50145 0.42229 -0.44518)
(-0.49081 0.46273 -0.48293)
(-0.47348 0.45406 -0.47615)
(-0.46038 0.43977 -0.46522)
(-0.44931 0.45237 -0.46846)
(-0.43359 0.45671 -0.46636)
(-0.42487 0.46969 -0.47742)
(-0.40201 0.45958 -0.46732)
(-0.38981 0.45615 -0.46269)
(-0.36131 0.42959 -0.43540)
(-0.37277 0.50240 -0.50259)
(-0.34903 0.48123 -0.48421)
(-0.35068 0.43677 -0.44248)
(-0.32477 0.43841 -0.45038)
(-0.31464 0.45307 -0.46091)
(-0.29148 0.42786 -0.43810)
(-0.28533 0.40945 -0.42519)
(-0.27444 0.40151 -0.41793)
(-0.25579 0.40115 -0.41065)
(-0.24136 0.40953 -0.41162)
(-0.22984 0.39309 -0.40198)
(-0.19562 0.36606 -0.37113)
(-0.17548 0.35480 -0.34968)
(-0.16597 0.33173 -0.33371)
(-0.14244 0.30724 -0.29586)
(-0.11294 0.29455 -0.26358)
(-0.10468 0.29746 -0.25574)
(-0.07251 0.25349 -0.21931)
(-0.06195 0.25453 -0.20944)
(-0.01765 0.18475 -0.14375)
(-0.01401 0.14772 -0.12059)
(-0.00452 0.08601 -0.06769)
(-0.00228 0.05185 -0.03877)
(0.00036 0.01837 -0.01287)
(-0.00059 -0.00378 0.00258)
(-0.00118 -0.01645 0.01142)
(-0.00168 -0.01047 0.00717)
(0.04201 -0.03782 0.02203)
(-0.01957 0.01841 -0.01093)
(-0.18017 0.16787 -0.10039)
(0.05089 -0.04856 0.02854)
(-0.11567 0.10972 -0.06657)
(-0.30330 0.28441 -0.17431)
(-0.41069 0.38366 -0.25568)
(-0.27903 0.26467 -0.16484)
(-0.35895 0.33869 -0.21207)
(-0.43182 0.40444 -0.30171)
(-0.46913 0.43000 -0.32930)
(-0.47060 0.42090 -0.35887)
(-0.50999 0.44770 -0.40438)
(-0.46822 0.41539 -0.37673)
(-0.50435 0.43584 -0.42135)
(-0.50164 0.41864 -0.43730)
(-0.49497 0.41317 -0.43399)
(-0.48861 0.40791 -0.43063)
(-0.49431 0.41704 -0.44206)
(-0.48298 0.43474 -0.46012)
(-0.45941 0.41878 -0.44433)
(-0.46130 0.43007 -0.45636)
(-0.43671 0.42593 -0.43900)
(-0.40251 0.41060 -0.41425)
(-0.38820 0.40875 -0.41059)
(-0.36065 0.40364 -0.40608)
(-0.34493 0.38962 -0.38932)
(-0.34048 0.39143 -0.39188)
(-0.33233 0.39934 -0.40073)
(-0.28702 0.40387 -0.41949)
(-0.27841 0.39774 -0.41384)
(-0.27267 0.38758 -0.40326)
(-0.26608 0.38773 -0.40446)
(-0.24622 0.37767 -0.39262)
(-0.19251 0.33308 -0.34302)
(-0.18377 0.31093 -0.31384)
(-0.16303 0.30761 -0.30904)
(-0.14503 0.30324 -0.30291)
(-0.12869 0.26633 -0.25963)
(-0.10869 0.25898 -0.25320)
(-0.09781 0.25477 -0.23898)
(-0.09327 0.25928 -0.23947)
(-0.05245 0.18259 -0.16584)
(-0.00747 0.07710 -0.06495)
(-0.00230 0.03696 -0.03031)
(0.00003 -0.00118 0.00094)
(0.00063 -0.01401 0.01152)
(0.00039 -0.01773 0.01414)
(0.00095 -0.00091 0.00055)
(0.01117 -0.01109 0.00670)
(-0.07431 0.07149 -0.04402)
(-0.28850 0.28463 -0.19470)
(-0.10131 0.10698 -0.07172)
(-0.38585 0.37464 -0.28351)
(-0.43749 0.41035 -0.31445)
(-0.44837 0.40884 -0.35306)
(-0.40249 0.38301 -0.31732)
(-0.44582 0.40461 -0.35474)
(-0.45216 0.40666 -0.36136)
(-0.45385 0.40287 -0.36610)
(-0.45486 0.38783 -0.38534)
(-0.48605 0.40368 -0.42178)
(-0.48129 0.39915 -0.41891)
(-0.47532 0.39291 -0.41381)
(-0.48174 0.40202 -0.42598)
(-0.44529 0.38569 -0.41152)
(-0.41062 0.35867 -0.37461)
(-0.40173 0.36753 -0.37421)
(-0.37308 0.35150 -0.34823)
(-0.37251 0.37481 -0.37750)
(-0.36909 0.37674 -0.37833)
(-0.34123 0.37467 -0.37245)
(-0.33664 0.37587 -0.37428)
(-0.32834 0.36265 -0.35921)
(-0.32896 0.37064 -0.36924)
(-0.30711 0.36737 -0.37130)
(-0.28035 0.39131 -0.40635)
(-0.28136 0.34528 -0.34590)
(-0.27452 0.37916 -0.39245)
(-0.26741 0.37783 -0.39257)
(-0.23301 0.33257 -0.34142)
(-0.19128 0.30224 -0.30835)
(-0.17977 0.30219 -0.30380)
(-0.17722 0.29651 -0.29737)
(-0.11384 0.23313 -0.22913)
(-0.10679 0.23251 -0.22620)
(-0.09691 0.21258 -0.20633)
(-0.05614 0.12397 -0.12004)
(-0.02695 0.06381 -0.06145)
(-0.00703 0.03319 -0.03031)
(-0.00015 0.00201 -0.00170)
(0.00203 -0.01326 0.01181)
(0.00103 -0.01477 0.01250)
(-0.02293 0.02441 -0.01632)
(-0.06110 0.06282 -0.04478)
(-0.16984 0.17317 -0.12387)
(-0.06483 0.06678 -0.05116)
(-0.25698 0.24688 -0.20361)
(-0.38713 0.35607 -0.30826)
(-0.15438 0.14529 -0.12196)
(-0.25163 0.22980 -0.20181)
(-0.43437 0.39361 -0.34818)
(-0.44063 0.39399 -0.35519)
(-0.44902 0.38231 -0.37459)
(-0.42890 0.37079 -0.35309)
(-0.44728 0.37375 -0.37967)
(-0.47449 0.39263 -0.41054)
(-0.41728 0.35015 -0.35237)
(-0.39751 0.32324 -0.32980)
(-0.41051 0.33616 -0.35251)
(-0.40334 0.34171 -0.35380)
(-0.36956 0.30578 -0.30860)
(-0.36534 0.30763 -0.31092)
(-0.34293 0.30573 -0.29719)
(-0.33683 0.29687 -0.28661)
(-0.33386 0.29798 -0.28612)
(-0.33924 0.30768 -0.29889)
(-0.34392 0.32410 -0.32064)
(-0.33981 0.35291 -0.34894)
(-0.31556 0.29964 -0.28645)
(-0.32785 0.35371 -0.34803)
(-0.32132 0.35030 -0.34439)
(-0.30460 0.33293 -0.32471)
(-0.27100 0.30894 -0.29310)
(-0.25356 0.31902 -0.31363)
(-0.24893 0.27440 -0.25184)
(-0.23046 0.27027 -0.25449)
(-0.22475 0.28944 -0.28186)
(-0.20764 0.27966 -0.27542)
(-0.15539 0.21162 -0.20318)
(-0.12207 0.18070 -0.17653)
(-0.11731 0.20407 -0.20178)
(-0.08180 0.16766 -0.16380)
(-0.03727 0.06327 -0.06104)
(-0.02351 0.04828 -0.04673)
(-0.01569 0.03490 -0.03367)
(0.00283 -0.00675 0.00650)
(-0.01261 0.01305 -0.00997)
(-0.04045 0.04028 -0.03187)
(-0.04472 0.04243 -0.03592)
(-0.02245 0.02131 -0.01856)
(-0.05618 0.05033 -0.04601)
(-0.26899 0.23688 -0.22201)
(-0.32435 0.27716 -0.26978)
(-0.09177 0.07909 -0.07525)
(-0.16620 0.14212 -0.13763)
(-0.24916 0.20963 -0.20948)
(-0.34316 0.28642 -0.28144)
(-0.21484 0.18004 -0.17572)
(-0.32944 0.26667 -0.26512)
(-0.36063 0.28705 -0.28727)
(-0.28139 0.22961 -0.22553)
(-0.31841 0.25884 -0.24482)
(-0.31471 0.27059 -0.25584)
(-0.32032 0.27949 -0.26543)
(-0.27783 0.23513 -0.21643)
(-0.27347 0.23607 -0.21480)
(-0.27747 0.25041 -0.23292)
(-0.25321 0.22506 -0.20543)
(-0.20658 0.18081 -0.15471)
(-0.28175 0.28017 -0.26774)
(-0.25455 0.24833 -0.22934)
(-0.13462 0.12404 -0.10545)
(-0.20221 0.19985 -0.17656)
(-0.15435 0.15717 -0.13837)
(-0.16273 0.17973 -0.16359)
(-0.05267 0.05366 -0.04686)
(-0.06087 0.06357 -0.05449)
(-0.03916 0.04607 -0.04152)
(-0.05543 0.07197 -0.06679)
(0.00250 -0.00307 0.00270)
(-0.01184 0.01711 -0.01584)
(-0.00573 0.00922 -0.00897)
(0.06033 -0.05534 0.04970)
(0.05661 -0.04897 0.04642)
(-0.05230 0.04544 -0.04179)
(0.04646 -0.04055 0.03710)
(0.01568 -0.01351 0.01216)
(-0.11590 0.09747 -0.09465)
(-0.09595 0.08251 -0.07504)
(0.00151 -0.00131 0.00113)
(0.00124 -0.00107 0.00094)
(-0.09984 0.08370 -0.07824)
(-0.16751 0.13806 -0.12878)
(-0.03362 0.02808 -0.02449)
(-0.07725 0.06033 -0.05181)
(-0.13150 0.10264 -0.08778)
(-0.04368 0.03395 -0.02865)
(-0.08259 0.06725 -0.05737)
(-0.08564 0.06782 -0.05384)
(-0.13063 0.11304 -0.09528)
(-0.01071 0.00828 -0.00628)
(-0.02201 0.01839 -0.01528)
(0.00269 -0.00223 0.00171)
(-0.08585 0.07846 -0.06600)
(-0.04886 0.04514 -0.03786)
(0.02192 -0.02005 0.01588)
(0.01300 -0.01307 0.01054)
(0.02241 -0.02311 0.01817)
(0.02464 -0.02870 0.02444)
(-0.00939 0.00733 -0.00623)
(-0.01549 0.01202 -0.01010)
(-0.01298 0.00947 -0.00764)
(0.00563 -0.00414 0.00302)
)