/*--------------------------------*- C++ -*----------------------------------*\ 
| =========                 |                                                 | 
| \\      /  F ield         | OpenFOAM: The Open Source CFD Toolbox           | 
|  \\    /   O peration     | Version:  4.0                                   | 
|   \\  /    A nd           | Web:      www.OpenFOAM.org                      | 
|    \\/     M anipulation  |                                                 | 
\*---------------------------------------------------------------------------*/ 
FoamFile 
{ 
    version     2.0; 
    format      ascii; 
    class       vectorAverageField; 
    object      values; 
} 
// * * * * * * * * * * * * * * * * * * * * * * * * * * * * * * * * * * * * * // 
 
// Average 
(0 0 0) 
 
// Velocity data on points 
2447
(
(0.00331 0.00169 -0.00272)
(-0.00158 -0.00102 0.00166)
(-0.00102 -0.00501 0.00410)
(-0.00173 -0.00163 0.00201)
(0.00167 0.00277 -0.00267)
(-0.00271 -0.01248 0.01061)
(-0.00262 -0.00482 0.00456)
(-0.00891 -0.01176 0.00933)
(-0.00105 -0.00128 0.00104)
(0.00175 0.00177 -0.00147)
(-0.00707 -0.00756 0.00611)
(-0.00167 -0.00149 0.00122)
(0.00216 0.00137 -0.00132)
(-0.01046 -0.00663 0.00543)
(-0.00094 -0.00034 0.00042)
(0.00296 0.00109 -0.00129)
(-0.01008 -0.00359 0.00431)
(-0.00060 -0.00021 0.00025)
(0.00469 0.00179 -0.00176)
(-0.00095 -0.00036 0.00036)
(0.01535 -0.00018 -0.00508)
(-0.00231 -0.00040 0.00104)
(0.00213 0.00024 -0.00097)
(0.00069 0.00021 -0.00044)
(-0.01433 -0.01550 0.01700)
(-0.00990 -0.01484 0.01448)
(-0.00671 -0.01721 0.01729)
(-0.00135 -0.02146 0.01594)
(-0.00053 -0.03741 0.02981)
(-0.00029 -0.03799 0.02761)
(-0.00404 -0.03070 0.02538)
(-0.00873 -0.02205 0.01811)
(-0.00288 -0.03345 0.02474)
(-0.01711 -0.02521 0.01934)
(-0.01735 -0.01990 0.01555)
(-0.01642 -0.01528 0.01208)
(-0.02152 -0.02623 0.02001)
(-0.02525 -0.02387 0.01854)
(-0.03340 -0.02032 0.01650)
(-0.02081 -0.01304 0.01063)
(-0.02318 -0.01011 0.01014)
(-0.03909 -0.01397 0.02336)
(-0.03689 -0.01324 0.02252)
(-0.03096 -0.00930 0.01305)
(-0.02176 -0.00660 0.00926)
(-0.04685 -0.01350 0.01838)
(-0.02477 -0.00886 0.00843)
(-0.00803 -0.00317 0.00301)
(-0.04065 -0.01124 0.01736)
(-0.00663 -0.00249 0.00252)
(0.00108 0.00048 -0.00046)
(0.00878 0.00009 -0.00164)
(-0.00329 -0.00035 0.00087)
(-0.01068 -0.00151 0.00378)
(-0.02102 -0.00565 0.01100)
(-0.05004 -0.01606 0.02794)
(-0.03460 -0.01559 0.02410)
(-0.01490 -0.04094 0.03443)
(-0.01127 -0.03107 0.02947)
(-0.00951 -0.03907 0.03402)
(0.00637 -0.03932 0.03142)
(0.01585 -0.02811 0.02948)
(0.02049 -0.02820 0.02724)
(0.00953 -0.02502 0.02577)
(-0.00591 -0.02226 0.01970)
(0.01156 -0.02437 0.02545)
(0.01033 -0.02046 0.02382)
(-0.00907 -0.02077 0.01878)
(-0.02047 -0.02125 0.02240)
(-0.01013 -0.01287 0.02279)
(-0.03243 -0.01412 0.02280)
(-0.04111 -0.01205 0.02029)
(-0.04948 -0.01225 0.01396)
(-0.04425 -0.01493 0.02345)
(-0.05468 -0.01447 0.03090)
(-0.06775 -0.01743 0.02773)
(-0.06195 -0.01573 0.03170)
(-0.07580 -0.02099 0.03125)
(-0.06227 -0.01858 0.02385)
(-0.03769 -0.01303 0.01547)
(-0.07468 -0.02263 0.03101)
(-0.05780 -0.01976 0.02356)
(-0.02736 -0.01136 0.01243)
(-0.00171 -0.00075 0.00074)
(-0.01794 -0.00448 0.00812)
(0.00675 0.00183 -0.00334)
(0.01329 0.00352 -0.00642)
(0.00064 -0.00003 -0.00008)
(-0.01709 0.00053 0.00277)
(-0.04192 -0.00188 0.00832)
(-0.05454 -0.00886 0.01342)
(-0.09799 -0.01142 0.02373)
(-0.08382 -0.01319 0.02103)
(-0.09460 -0.01642 0.02722)
(-0.06223 -0.02107 0.02905)
(-0.05767 -0.02055 0.03408)
(-0.02263 -0.03501 0.03387)
(-0.00849 -0.01740 0.00940)
(-0.00810 -0.02668 0.02226)
(-0.00082 -0.02862 0.02428)
(0.00283 -0.02925 0.02358)
(0.01819 -0.02396 0.02093)
(0.03350 -0.01723 0.02164)
(0.03503 -0.01439 0.02087)
(0.02946 -0.01604 0.01848)
(0.01768 -0.02280 0.02429)
(0.01882 -0.00823 0.02664)
(0.00815 -0.00329 0.02534)
(-0.00339 0.00063 0.02600)
(-0.02427 -0.00653 0.02419)
(-0.03826 -0.01100 0.02204)
(-0.03376 -0.01000 0.02195)
(-0.03975 -0.00800 0.02351)
(-0.03738 -0.00730 0.02423)
(-0.06657 -0.01660 0.02941)
(-0.05848 -0.01219 0.03536)
(-0.07359 -0.02266 0.03127)
(-0.08666 -0.02702 0.03626)
(-0.09123 -0.01746 0.04044)
(-0.08970 -0.01660 0.03972)
(-0.05884 -0.01353 0.02507)
(-0.01801 -0.00359 0.00800)
(-0.08824 -0.01187 0.03462)
(-0.05814 -0.01194 0.02577)
(-0.00933 -0.00190 0.00412)
(-0.00276 -0.00055 0.00143)
(0.01306 -0.00089 -0.00167)
(-0.02722 0.00160 0.00316)
(-0.06519 0.00246 0.00852)
(-0.10425 -0.00128 0.01708)
(-0.13567 0.00246 0.02021)
(-0.10537 -0.00322 0.01425)
(-0.09331 -0.01083 0.01528)
(-0.07520 -0.01367 0.01606)
(-0.05899 -0.01397 0.01522)
(-0.00895 -0.01229 0.00512)
(-0.00493 -0.01433 0.00699)
(0.00060 -0.01566 0.00807)
(-0.00065 -0.01064 0.00404)
(0.00411 -0.01097 0.00470)
(0.01195 -0.02249 0.01775)
(0.03623 -0.01149 0.01827)
(0.03681 -0.01064 0.01872)
(0.03703 -0.01017 0.01930)
(0.02781 -0.00965 0.01854)
(0.02916 0.00401 0.02253)
(0.02271 -0.00068 0.02970)
(0.00902 0.00686 0.02962)
(0.01494 0.01325 0.01985)
(0.00340 0.01101 0.01994)
(-0.00657 0.00155 0.02222)
(-0.02435 -0.00420 0.02196)
(-0.02686 -0.00523 0.02215)
(-0.03091 -0.00698 0.02261)
(-0.03556 -0.00912 0.02329)
(-0.05691 -0.01272 0.02416)
(-0.08950 -0.01767 0.03984)
(-0.09098 -0.01703 0.04050)
(-0.08790 -0.01700 0.03942)
(-0.09267 -0.01300 0.03927)
(-0.07958 -0.01050 0.03442)
(-0.08530 -0.00728 0.03271)
(-0.06670 -0.00680 0.03234)
(-0.03279 -0.00126 0.01798)
(-0.00341 -0.00013 0.00197)
(-0.06125 0.00175 0.03641)
(-0.01385 0.00059 0.00912)
(-0.00078 0.00003 0.00052)
(-0.01615 0.00121 0.00189)
(-0.04601 0.00274 0.00544)
(-0.11412 0.00308 0.01087)
(-0.13635 0.00205 0.01644)
(-0.11203 0.00060 0.00483)
(-0.08376 -0.00403 0.00457)
(-0.07522 -0.00541 0.00359)
(-0.07573 -0.00388 0.00231)
(-0.06861 -0.00422 0.00084)
(-0.05377 -0.01308 0.00897)
(-0.01198 -0.01111 0.00360)
(-0.00696 -0.00742 -0.00011)
(-0.00206 -0.00657 -0.00007)
(0.00285 -0.00595 0.00024)
(0.00707 -0.00520 0.00038)
(0.03014 0.00280 0.00106)
(0.03786 -0.00501 0.01474)
(0.02608 0.03075 -0.02661)
(0.03330 0.02478 -0.01328)
(0.03947 -0.00125 0.01461)
(0.03930 -0.00447 0.01758)
(0.03918 0.02191 0.00204)
(0.04202 0.04698 -0.02147)
(0.05226 0.03844 0.00189)
(0.03701 0.02164 0.00804)
(0.03054 0.02313 0.01338)
(0.03551 0.03145 0.00032)
(0.03374 0.03080 0.00036)
(0.03340 0.02993 0.00001)
(-0.00342 -0.00005 0.01957)
(-0.01389 -0.00256 0.01793)
(-0.01752 -0.00430 0.01784)
(-0.02218 -0.00664 0.01845)
(-0.02913 -0.00736 0.02189)
(-0.05406 -0.01272 0.02394)
(-0.04811 -0.01276 0.01907)
(-0.06394 -0.01110 0.02709)
(-0.05698 -0.00259 0.01940)
(-0.08092 -0.00212 0.03453)
(-0.07647 -0.00495 0.03824)
(-0.08356 0.00568 0.05099)
(-0.05228 0.00321 0.03337)
(-0.06110 0.00623 0.04089)
(-0.02052 0.00176 0.01425)
(-0.00959 0.00112 0.00697)
(0.00879 -0.00049 -0.00155)
(-0.00205 0.00021 0.00026)
(-0.10163 0.00348 0.01945)
(-0.14253 0.00231 0.02074)
(-0.13168 -0.00559 0.01882)
(-0.09880 -0.00150 0.00842)
(-0.07437 -0.00257 0.00035)
(-0.06927 -0.00281 -0.00058)
(-0.06338 -0.00058 -0.00459)
(-0.04837 -0.00295 -0.00442)
(-0.02061 0.00531 -0.01392)
(-0.00327 -0.00261 -0.00497)
(-0.00015 0.00996 -0.01606)
(0.00260 0.00171 -0.00760)
(0.00572 0.00034 -0.00484)
(0.02465 0.01037 -0.00589)
(0.01836 0.01270 -0.01489)
(0.02016 0.04822 -0.05142)
(0.02208 0.04898 -0.05155)
(0.03530 0.05513 -0.05385)
(0.04374 0.05052 -0.03506)
(0.05017 0.06257 -0.03583)
(0.05323 0.05569 -0.00792)
(0.05302 0.04442 -0.01167)
(0.04247 0.03736 -0.00585)
(0.04299 0.03553 -0.00676)
(0.04526 0.03522 -0.01167)
(0.02018 0.01381 -0.00868)
(0.01015 0.00051 0.00592)
(-0.00599 -0.00338 0.01056)
(0.00273 -0.00254 0.00279)
(-0.02429 -0.00738 0.00736)
(0.00124 -0.01162 -0.00146)
(-0.03483 -0.00711 0.01243)
(-0.03312 -0.00046 0.00646)
(-0.04402 0.00048 0.01159)
(-0.05207 0.00393 0.01808)
(-0.04672 0.01156 0.02123)
(-0.07675 0.00931 0.04729)
(-0.07793 0.00933 0.05065)
(-0.03061 0.00387 0.02201)
(-0.07379 0.01192 0.05003)
(-0.06003 0.00835 0.04237)
(-0.01953 0.00344 0.01924)
(-0.00098 0.00029 0.00180)
(0.02655 -0.00105 -0.00656)
(-0.00089 0.00003 0.00022)
(-0.05098 0.00105 0.01287)
(-0.10237 0.00212 0.02451)
(-0.13986 -0.00509 0.02910)
(-0.13779 -0.00496 0.03658)
(-0.11252 -0.01060 0.02522)
(-0.11238 -0.00143 0.01474)
(-0.09428 -0.00029 0.00400)
(-0.07427 0.00250 -0.00678)
(-0.05660 -0.00153 -0.00007)
(-0.04152 0.00941 -0.03795)
(-0.02597 0.01706 -0.04036)
(-0.01622 0.02648 -0.05305)
(-0.01186 0.04380 -0.06970)
(-0.01265 0.06181 -0.09357)
(0.01125 0.05371 -0.06554)
(0.02471 0.07450 -0.06582)
(0.02724 0.07589 -0.07654)
(0.03594 0.06786 -0.07312)
(0.03912 0.07524 -0.07961)
(0.04808 0.08676 -0.08547)
(0.05549 0.07727 -0.07714)
(0.06051 0.07709 -0.08383)
(0.04960 0.04494 -0.01517)
(0.05062 0.04232 -0.01659)
(0.06619 0.04235 -0.03677)
(0.07887 0.03360 -0.05573)
(0.08263 0.02936 -0.06069)
(0.06436 0.01122 -0.04229)
(0.05468 0.00749 -0.03710)
(0.02894 -0.00235 -0.02284)
(0.00137 -0.00720 -0.00433)
(-0.03216 0.00244 0.00539)
(0.00539 0.00168 0.00700)
(-0.01353 0.00505 0.02122)
(-0.02802 0.01184 0.02143)
(-0.00734 0.00697 0.01890)
(-0.03374 0.01135 0.03013)
(-0.04814 0.01273 0.04005)
(-0.05287 0.01268 0.05970)
(-0.02348 0.01210 0.04713)
(-0.02945 0.01201 0.05250)
(-0.00867 0.00272 0.01556)
(-0.00530 0.00232 0.00874)
(0.00103 0.00001 -0.00035)
(-0.03947 0.00039 0.01160)
(-0.11979 -0.00170 0.03716)
(-0.12232 -0.01020 0.04867)
(-0.11105 -0.01529 0.04615)
(-0.07899 -0.01950 0.03111)
(-0.10027 -0.01159 0.02442)
(-0.09612 -0.01162 0.01470)
(-0.08058 -0.01424 0.02151)
(-0.06710 -0.00665 0.00015)
(-0.06321 -0.00525 -0.00307)
(-0.05273 0.00980 -0.03427)
(-0.04834 0.01363 -0.04614)
(-0.04597 0.01655 -0.05012)
(-0.03925 0.02045 -0.05678)
(-0.03089 0.04493 -0.07645)
(-0.04564 0.04683 -0.08771)
(-0.03551 0.05751 -0.10142)
(-0.01804 0.05147 -0.09009)
(-0.02299 0.07303 -0.11276)
(-0.01540 0.06906 -0.10364)
(-0.00371 0.08417 -0.10756)
(0.00536 0.08241 -0.10773)
(0.01235 0.09582 -0.12997)
(0.01443 0.11133 -0.16932)
(0.01985 0.11084 -0.17049)
(0.03136 0.11121 -0.16452)
(0.06150 0.09016 -0.11712)
(0.08227 0.06726 -0.09042)
(0.07990 0.05179 -0.08956)
(0.08860 0.04024 -0.07888)
(0.10424 0.03487 -0.07941)
(0.10175 0.02817 -0.07471)
(0.09363 0.02387 -0.08595)
(0.06368 0.00511 -0.05344)
(0.08763 0.00773 -0.07430)
(0.05277 0.00638 -0.04497)
(0.06589 -0.00060 -0.03275)
(0.05194 -0.00546 -0.01704)
(0.06932 -0.00163 -0.02264)
(0.01107 0.00332 0.00516)
(0.02121 0.00971 0.00609)
(0.00719 0.01361 0.01575)
(0.02648 0.01619 0.02497)
(0.00909 0.02019 0.04483)
(-0.00183 0.02127 0.05926)
(-0.01926 0.01256 0.07277)
(-0.00790 0.00329 0.03231)
(0.00071 -0.00017 -0.00406)
(0.00358 0.00545 0.06377)
(-0.01092 -0.00074 0.00511)
(-0.06235 -0.00377 0.02516)
(-0.05930 -0.01077 0.03601)
(-0.10129 -0.00870 0.04647)
(-0.09827 -0.02124 0.05378)
(-0.07998 -0.02090 0.03544)
(-0.07062 -0.02102 0.03111)
(-0.07287 -0.01926 0.02788)
(-0.06825 -0.01725 0.02122)
(-0.06317 -0.00102 -0.01955)
(-0.05025 0.01330 -0.04663)
(-0.04956 0.01751 -0.05462)
(-0.05565 0.03789 -0.08033)
(-0.06702 0.07077 -0.13837)
(-0.06572 0.07820 -0.15344)
(-0.06732 0.10770 -0.18402)
(-0.05359 0.09856 -0.16416)
(-0.04949 0.12178 -0.20024)
(-0.08617 0.13485 -0.24229)
(-0.03742 0.11837 -0.18260)
(-0.01009 0.11973 -0.17090)
(0.00471 0.11659 -0.18878)
(0.00914 0.11616 -0.19130)
(0.01579 0.11463 -0.19239)
(0.03671 0.10668 -0.18041)
(0.07446 0.08118 -0.12862)
(0.04156 0.11221 -0.21772)
(0.08427 0.07637 -0.13339)
(0.09413 0.06591 -0.12294)
(0.09534 0.05243 -0.14193)
(0.10146 0.04213 -0.13271)
(0.11863 0.02814 -0.12930)
(0.11305 0.02390 -0.11844)
(0.11388 0.02342 -0.12074)
(0.08749 0.01387 -0.07341)
(0.09266 0.01037 -0.06116)
(0.07946 -0.00280 -0.03022)
(0.08261 -0.00266 -0.02984)
(0.07184 -0.00100 -0.02227)
(0.06264 0.01347 -0.00787)
(0.05387 0.01395 0.01932)
(0.04116 0.01544 0.04917)
(0.05997 0.01842 0.06243)
(0.03000 0.01865 0.06802)
(0.05322 0.01829 0.07270)
(0.02165 0.01421 0.08227)
(0.00865 -0.00179 0.07094)
(0.00049 -0.00056 0.00621)
(-0.00031 0.00027 -0.00232)
(0.00280 0.00063 -0.00192)
(-0.00401 -0.00103 0.00302)
(-0.02996 -0.00771 0.02183)
(-0.07885 -0.02346 0.06054)
(-0.08940 -0.02643 0.06688)
(-0.08499 -0.02914 0.07110)
(-0.08440 -0.02405 0.05418)
(-0.06946 -0.02309 0.03588)
(-0.06701 -0.01872 0.02393)
(-0.06488 -0.02082 0.02733)
(-0.06490 -0.01624 0.01672)
(-0.05364 0.00549 -0.03763)
(-0.08035 0.01243 -0.04538)
(-0.05352 0.01718 -0.05548)
(-0.07629 0.03615 -0.08607)
(-0.10434 0.08141 -0.16746)
(-0.08995 0.09055 -0.19026)
(-0.09049 0.10354 -0.20382)
(-0.10028 0.13841 -0.25877)
(-0.08493 0.13816 -0.24694)
(-0.09945 0.14215 -0.26479)
(-0.08480 0.14147 -0.25303)
(-0.00663 0.12103 -0.21082)
(-0.00404 0.12092 -0.21434)
(0.00244 0.11866 -0.21496)
(0.00240 0.12071 -0.23609)
(0.02245 0.12075 -0.25314)
(0.06913 0.09576 -0.19920)
(0.07562 0.09906 -0.23798)
(0.08052 0.09383 -0.23340)
(0.08453 0.09005 -0.23051)
(0.11181 0.03657 -0.16604)
(0.11764 0.02799 -0.13473)
(0.11633 0.02305 -0.12337)
(0.11395 0.01763 -0.10941)
(0.09146 -0.00325 -0.03879)
(0.09491 -0.00374 -0.03876)
(0.09322 0.00658 -0.01407)
(0.07785 0.01160 0.01047)
(0.09832 0.00947 0.01307)
(0.06683 0.00981 0.04335)
(0.07573 0.01466 0.06285)
(0.06869 0.01616 0.06709)
(0.06332 0.01652 0.07316)
(0.05835 0.01682 0.07832)
(0.03289 -0.01036 0.09675)
(0.00497 -0.00372 0.03390)
(0.00234 -0.00172 0.01365)
(-0.00226 0.00182 -0.01392)
(-0.00819 -0.00195 0.00651)
(-0.02952 -0.00886 0.02405)
(-0.05332 -0.01695 0.04407)
(-0.04418 -0.01534 0.03896)
(-0.07920 -0.03025 0.07134)
(-0.07794 -0.03157 0.07079)
(-0.04917 -0.03018 0.04173)
(-0.05780 -0.02836 0.05334)
(-0.06113 -0.02383 0.03171)
(-0.06245 -0.01961 0.02193)
(-0.07808 0.00489 -0.02622)
(-0.10503 0.03097 -0.08297)
(-0.08681 0.03261 -0.08012)
(-0.11064 0.05096 -0.10716)
(-0.11698 0.06743 -0.13935)
(-0.11446 0.08643 -0.16669)
(-0.13725 0.10980 -0.22181)
(-0.13293 0.11587 -0.23766)
(-0.11996 0.12672 -0.26207)
(-0.11611 0.14685 -0.28224)
(-0.09872 0.14521 -0.27227)
(-0.11439 0.14954 -0.28966)
(-0.09652 0.15003 -0.30338)
(-0.05716 0.14113 -0.28748)
(-0.04508 0.14189 -0.29103)
(-0.04380 0.14619 -0.32091)
(-0.03740 0.14267 -0.33575)
(0.03806 0.10805 -0.26583)
(0.06106 0.09959 -0.25052)
(0.07003 0.09970 -0.25270)
(0.07530 0.09568 -0.24846)
(0.09483 0.06030 -0.22499)
(0.11770 0.03287 -0.15061)
(0.11695 0.03334 -0.15462)
(0.11988 0.02647 -0.13737)
(0.12407 0.02246 -0.12704)
(0.11168 0.01342 -0.09796)
(0.11529 0.01298 -0.09789)
(0.12110 0.00474 -0.03972)
(0.11904 0.01189 -0.07197)
(0.11983 0.01680 -0.02546)
(0.11624 0.01092 -0.00533)
(0.12196 0.01219 -0.01897)
(0.09967 0.00743 0.03235)
(0.08389 0.01290 0.06503)
(0.07721 0.01443 0.06930)
(0.07490 0.01470 0.07430)
(0.07307 0.01459 0.07909)
(0.06659 0.01489 0.08282)
(0.06518 0.00057 0.11344)
(0.03739 -0.00853 0.11279)
(0.01198 -0.00541 0.04648)
(-0.00105 0.00078 -0.00561)
(0.00031 0.00011 -0.00034)
(-0.00419 -0.00172 0.00511)
(-0.02452 -0.01093 0.03157)
(-0.06986 -0.02752 0.06512)
(-0.06844 -0.02750 0.06784)
(-0.05799 -0.03358 0.06810)
(-0.03336 -0.03571 0.06696)
(-0.05726 -0.03033 0.05370)
(-0.05058 -0.02756 0.04127)
(-0.04728 -0.02757 0.04040)
(-0.04999 -0.02323 0.03678)
(-0.05779 -0.01118 0.01908)
(-0.10210 0.01991 -0.03197)
(-0.11381 0.03547 -0.08053)
(-0.11877 0.04196 -0.10041)
(-0.15846 0.07635 -0.16789)
(-0.15960 0.09782 -0.19600)
(-0.16004 0.11459 -0.24035)
(-0.16774 0.12347 -0.25897)
(-0.19624 0.15059 -0.32530)
(-0.20952 0.16660 -0.35824)
(-0.20261 0.18318 -0.39340)
(-0.13965 0.16386 -0.34415)
(-0.20000 0.18829 -0.40893)
(-0.13982 0.16856 -0.39197)
(-0.13388 0.17105 -0.40299)
(-0.08784 0.15701 -0.37032)
(-0.07826 0.15628 -0.37249)
(-0.00845 0.12753 -0.32757)
(-0.07438 0.15376 -0.40344)
(0.00828 0.12167 -0.32979)
(0.03572 0.10967 -0.29581)
(0.04973 0.10321 -0.27749)
(0.05107 0.08887 -0.28476)
(0.08017 0.06900 -0.24605)
(0.06943 0.07832 -0.26249)
(0.11954 0.03698 -0.17747)
(0.09631 0.05095 -0.19032)
(0.13390 0.01685 -0.13760)
(0.13517 0.01613 -0.13554)
(0.11700 0.00902 -0.08246)
(0.11366 0.00991 -0.05290)
(0.10772 -0.00010 -0.02769)
(0.11554 0.00091 0.01021)
(0.11369 0.00598 0.02423)
(0.10266 -0.00361 0.06213)
(0.09376 -0.00690 0.09122)
(0.07591 0.00604 0.10342)
(0.06984 -0.01133 0.13417)
(0.05099 -0.00913 0.13999)
(0.07630 -0.01282 0.12128)
(0.05886 -0.00863 0.14828)
(0.02346 -0.01086 0.07297)
(0.00125 -0.00072 0.00416)
(-0.00247 0.00181 -0.00927)
(-0.00046 -0.00131 0.00276)
(-0.01019 -0.00548 0.01453)
(-0.03817 -0.03158 0.07007)
(-0.01327 -0.03319 0.06286)
(-0.02328 -0.03246 0.06690)
(-0.02360 -0.03432 0.06523)
(-0.01482 -0.03014 0.06500)
(-0.04100 -0.02330 0.04467)
(-0.04881 -0.02691 0.03955)
(-0.12356 0.02679 -0.02786)
(-0.11629 0.02381 -0.02964)
(-0.12757 0.03982 -0.06126)
(-0.15621 0.06377 -0.11164)
(-0.19192 0.09449 -0.18061)
(-0.27057 0.14780 -0.30177)
(-0.28221 0.15832 -0.32573)
(-0.24875 0.14739 -0.30659)
(-0.25120 0.16741 -0.35399)
(-0.23620 0.17128 -0.37272)
(-0.25625 0.19309 -0.42193)
(-0.25013 0.19937 -0.45557)
(-0.18006 0.17803 -0.42405)
(-0.16078 0.17576 -0.43433)
(-0.15972 0.18100 -0.44138)
(-0.16367 0.18263 -0.47965)
(-0.15551 0.18070 -0.47690)
(-0.03907 0.14381 -0.37406)
(-0.00965 0.13261 -0.35558)
(-0.02284 0.11945 -0.37180)
(-0.01561 0.11597 -0.36536)
(0.04821 0.09288 -0.29611)
(0.04941 0.08979 -0.28951)
(0.08238 0.06280 -0.21526)
(0.07672 0.05744 -0.21648)
(0.11697 0.02934 -0.15295)
(0.10264 0.03121 -0.15026)
(0.09967 0.02228 -0.10745)
(0.10211 0.00478 -0.05855)
(0.09806 0.00334 -0.04628)
(0.10848 -0.00345 -0.01518)
(0.10809 0.00220 0.02894)
(0.10006 -0.00253 0.00924)
(0.10768 0.00011 0.05664)
(0.10191 -0.01094 0.08513)
(0.09248 -0.02397 0.09827)
(0.07714 -0.01432 0.11944)
(0.06158 -0.01452 0.13809)
(0.05938 -0.00651 0.14932)
(0.05488 -0.02179 0.15414)
(0.03134 -0.01476 0.10401)
(0.00516 -0.00356 0.01895)
(0.00221 -0.00254 0.01056)
(0.00049 0.00222 -0.00459)
(-0.00221 -0.00919 0.01847)
(-0.00016 -0.00087 0.00177)
(-0.00099 -0.01154 0.02258)
(-0.00176 -0.03263 0.05578)
(-0.01450 -0.03314 0.06482)
(-0.00092 -0.03303 0.05633)
(-0.01309 -0.02613 0.06010)
(-0.03176 -0.01437 0.04903)
(-0.04008 -0.01863 0.05294)
(-0.06581 0.00243 0.03230)
(-0.06281 -0.00259 0.02662)
(-0.10879 0.01718 -0.00207)
(-0.19137 0.07573 -0.09484)
(-0.20702 0.08758 -0.11891)
(-0.20640 0.09291 -0.15292)
(-0.25699 0.13394 -0.26158)
(-0.29423 0.16267 -0.32691)
(-0.29664 0.16859 -0.34771)
(-0.28875 0.18139 -0.39517)
(-0.30893 0.20623 -0.45117)
(-0.30604 0.21371 -0.48222)
(-0.31487 0.23666 -0.52575)
(-0.24205 0.19829 -0.46031)
(-0.23040 0.20066 -0.47894)
(-0.19620 0.19240 -0.48667)
(-0.18179 0.19045 -0.49352)
(-0.17600 0.18950 -0.49234)
(-0.15018 0.18000 -0.47623)
(-0.07410 0.14865 -0.41647)
(-0.04002 0.12857 -0.38902)
(-0.03472 0.12549 -0.38337)
(-0.00575 0.11528 -0.35110)
(-0.00441 0.10901 -0.32993)
(0.03760 0.08762 -0.27149)
(0.01978 0.08832 -0.26180)
(0.02755 0.08100 -0.24453)
(0.06225 0.05589 -0.19428)
(0.07714 0.02797 -0.11313)
(0.09301 0.00772 -0.06332)
(0.08926 0.00521 -0.05263)
(0.09478 0.00162 -0.03526)
(0.09645 -0.00484 -0.00970)
(0.08812 -0.00920 0.04924)
(0.09561 -0.02315 0.09338)
(0.09038 -0.02384 0.10501)
(0.08554 -0.02006 0.11541)
(0.07155 -0.02811 0.13402)
(0.06170 -0.03055 0.14411)
(0.05183 -0.03682 0.15545)
(0.02873 -0.03083 0.13126)
(0.00509 -0.00631 0.02519)
(0.00006 0.00219 -0.00436)
(0.00016 -0.00405 0.00791)
(0.00157 -0.02532 0.04748)
(0.00320 -0.01956 0.03681)
(0.00530 -0.02596 0.04837)
(-0.00577 -0.02350 0.04881)
(-0.01829 -0.02202 0.05258)
(-0.04407 -0.00592 0.03843)
(-0.07668 0.01282 0.01970)
(-0.09055 0.02055 0.01457)
(-0.11086 0.02367 -0.00697)
(-0.19669 0.07941 -0.09218)
(-0.21333 0.09141 -0.11313)
(-0.23122 0.10382 -0.13678)
(-0.22652 0.10100 -0.13919)
(-0.26406 0.13162 -0.21483)
(-0.30420 0.16602 -0.31231)
(-0.31546 0.17477 -0.34809)
(-0.35608 0.21342 -0.40918)
(-0.31070 0.17758 -0.36885)
(-0.33163 0.21714 -0.46354)
(-0.33255 0.21943 -0.47218)
(-0.33151 0.24209 -0.53244)
(-0.30831 0.23556 -0.52866)
(-0.30531 0.23589 -0.53238)
(-0.19868 0.19723 -0.50681)
(-0.19475 0.19697 -0.50646)
(-0.16981 0.18817 -0.49124)
(-0.16567 0.18759 -0.49190)
(-0.13522 0.18138 -0.47305)
(-0.11139 0.17237 -0.45442)
(-0.04267 0.13267 -0.37383)
(-0.08045 0.15488 -0.40506)
(-0.02466 0.12182 -0.34594)
(0.00310 0.09616 -0.27439)
(0.00265 0.09248 -0.26337)
(0.01744 0.08198 -0.24120)
(0.01421 0.06438 -0.19851)
(0.08241 0.00978 -0.07017)
(0.07876 0.00651 -0.06157)
(0.08634 0.00129 -0.04170)
(0.07514 -0.01581 -0.01106)
(0.07999 -0.02163 0.04670)
(0.08192 -0.02054 0.05472)
(0.07452 -0.04295 0.10451)
(0.06991 -0.03722 0.12075)
(0.06889 -0.03580 0.12585)
(0.06711 -0.04199 0.12503)
(0.06630 -0.04056 0.12984)
(0.06491 -0.04017 0.13518)
(0.05064 -0.04255 0.15726)
(0.03725 -0.04393 0.17502)
(0.03235 -0.04343 0.16059)
(0.00772 -0.01063 0.04022)
(-0.00228 0.00318 -0.01213)
(-0.00021 0.00089 -0.00167)
(0.00206 -0.00722 0.01330)
(0.01923 -0.02318 0.03735)
(0.01153 -0.02756 0.04911)
(0.01862 -0.02443 0.04550)
(-0.00143 -0.01945 0.04624)
(-0.02399 -0.00776 0.03499)
(-0.07294 0.01334 0.01937)
(-0.08982 0.02237 0.01306)
(-0.14193 0.04919 -0.01627)
(-0.16701 0.06324 -0.04831)
(-0.21642 0.09400 -0.10876)
(-0.23336 0.10576 -0.13176)
(-0.29099 0.14812 -0.19854)
(-0.25210 0.11800 -0.16447)
(-0.33374 0.18143 -0.28627)
(-0.35623 0.20153 -0.34493)
(-0.38769 0.22990 -0.41165)
(-0.38620 0.24360 -0.47134)
(-0.38047 0.23854 -0.49817)
(-0.36233 0.24495 -0.52619)
(-0.32388 0.24135 -0.53515)
(-0.33762 0.24666 -0.53923)
(-0.31847 0.24102 -0.53907)
(-0.28595 0.22808 -0.54577)
(-0.26291 0.22800 -0.54916)
(-0.18823 0.19536 -0.50504)
(-0.19194 0.20200 -0.51417)
(-0.18114 0.20143 -0.51414)
(-0.17267 0.19929 -0.50884)
(-0.11839 0.17692 -0.44361)
(-0.11548 0.17704 -0.43474)
(-0.08044 0.15224 -0.39463)
(-0.03760 0.11558 -0.32700)
(-0.01407 0.10077 -0.27729)
(0.00289 0.08736 -0.25132)
(-0.00828 0.06602 -0.21197)
(0.03973 0.03176 -0.11946)
(0.03364 0.01696 -0.10447)
(0.05035 -0.00527 -0.04374)
(0.04553 -0.02686 -0.00929)
(0.06802 -0.02960 0.03796)
(0.06832 -0.03414 0.06668)
(0.05682 -0.05219 0.06234)
(0.06009 -0.04147 0.08340)
(0.06670 -0.04572 0.12123)
(0.06449 -0.04575 0.13175)
(0.05136 -0.06275 0.14755)
(0.04248 -0.05844 0.15860)
(0.03632 -0.04856 0.17689)
(0.03637 -0.05213 0.17877)
(0.01010 -0.01551 0.05555)
(-0.00043 0.00067 -0.00247)
(0.00078 -0.00048 0.00064)
(0.01746 -0.01375 0.01951)
(0.01694 -0.01036 0.01348)
(0.02426 -0.02347 0.04296)
(0.02276 -0.02365 0.04567)
(0.01959 -0.02414 0.04566)
(0.00307 -0.01537 0.04466)
(-0.04283 0.00671 0.03163)
(-0.05156 0.00453 0.03019)
(-0.08563 0.02217 0.01257)
(-0.14193 0.05694 -0.01370)
(-0.19094 0.08409 -0.06364)
(-0.24512 0.11611 -0.12465)
(-0.29528 0.16022 -0.18712)
(-0.35577 0.19549 -0.29123)
(-0.41310 0.22900 -0.36804)
(-0.39797 0.23197 -0.37524)
(-0.40832 0.25249 -0.47288)
(-0.42269 0.26527 -0.45786)
(-0.41173 0.26716 -0.51456)
(-0.40658 0.27529 -0.53108)
(-0.39831 0.27824 -0.55796)
(-0.33012 0.24603 -0.54274)
(-0.31964 0.24530 -0.56975)
(-0.32316 0.25652 -0.59269)
(-0.25326 0.22778 -0.55466)
(-0.25526 0.23478 -0.56459)
(-0.21961 0.22163 -0.54301)
(-0.21226 0.21646 -0.54294)
(-0.15916 0.19706 -0.48712)
(-0.15827 0.19667 -0.48109)
(-0.10702 0.16512 -0.41012)
(-0.11251 0.15971 -0.39312)
(-0.12199 0.15946 -0.37829)
(-0.06372 0.11022 -0.29025)
(-0.05488 0.09009 -0.25892)
(-0.01792 0.04279 -0.17560)
(-0.01751 0.03932 -0.16909)
(0.02408 -0.00664 -0.06680)
(0.01723 -0.01653 -0.04667)
(0.05016 -0.03511 0.02219)
(0.03809 -0.05780 0.04540)
(0.05687 -0.05776 0.10195)
(0.04909 -0.07211 0.11588)
(0.06346 -0.05128 0.13130)
(0.03648 -0.09623 0.14676)
(0.03818 -0.07840 0.16267)
(0.03931 -0.07454 0.16538)
(0.03643 -0.08394 0.17799)
(0.03275 -0.07371 0.18522)
(0.00967 -0.02903 0.07967)
(0.00059 -0.00176 0.00587)
(0.00342 -0.00207 0.00276)
(0.01919 -0.01393 0.02618)
(0.02420 -0.02021 0.04157)
(0.01084 -0.01196 0.04536)
(0.00582 -0.01478 0.04806)
(-0.03814 0.00446 0.03431)
(-0.10446 0.04174 0.01142)
(-0.08065 0.02550 0.02238)
(-0.12790 0.05430 -0.00060)
(-0.16242 0.07425 -0.02415)
(-0.24050 0.12393 -0.10470)
(-0.28475 0.15442 -0.16175)
(-0.32625 0.18518 -0.23668)
(-0.32191 0.18538 -0.21948)
(-0.38539 0.21772 -0.33107)
(-0.39960 0.24583 -0.37390)
(-0.44373 0.29830 -0.46905)
(-0.43557 0.28451 -0.49599)
(-0.43726 0.29295 -0.53120)
(-0.42253 0.28850 -0.54187)
(-0.39699 0.28356 -0.57753)
(-0.37539 0.27954 -0.59109)
(-0.35489 0.27378 -0.59588)
(-0.30490 0.24999 -0.58644)
(-0.28412 0.24595 -0.58287)
(-0.27764 0.25082 -0.58957)
(-0.27122 0.24652 -0.58280)
(-0.21463 0.21939 -0.53397)
(-0.22018 0.22427 -0.52344)
(-0.16085 0.19581 -0.46113)
(-0.15468 0.18354 -0.42659)
(-0.14528 0.16230 -0.38423)
(-0.10126 0.12892 -0.32649)
(-0.09418 0.10498 -0.29334)
(-0.02395 0.04493 -0.18172)
(-0.03370 0.02904 -0.16263)
(0.00023 -0.00364 -0.09911)
(-0.02056 -0.03729 -0.07104)
(0.01147 -0.04496 -0.02420)
(0.01966 -0.07396 0.03335)
(0.03665 -0.06349 0.05064)
(0.04879 -0.07708 0.09300)
(0.02991 -0.10772 0.10268)
(0.02652 -0.10661 0.12073)
(0.03557 -0.09940 0.14326)
(0.03737 -0.08915 0.16849)
(0.03071 -0.09236 0.18290)
(0.02975 -0.08651 0.18287)
(0.01559 -0.05530 0.13819)
(0.00735 -0.02524 0.06822)
(0.00100 -0.00366 0.01023)
(-0.00211 0.00124 -0.00207)
(0.00762 -0.00459 0.00817)
(0.02523 -0.01446 0.02876)
(0.02762 -0.01866 0.04694)
(0.01233 -0.01310 0.04956)
(-0.00073 -0.00820 0.05021)
(-0.03614 0.00786 0.03707)
(-0.01001 -0.00449 0.05036)
(-0.08899 0.03418 0.01653)
(-0.12018 0.05060 0.00452)
(-0.13761 0.06083 -0.00680)
(-0.19554 0.11185 -0.05906)
(-0.22473 0.11831 -0.08607)
(-0.25821 0.15164 -0.13827)
(-0.31509 0.20848 -0.22486)
(-0.36139 0.22808 -0.28424)
(-0.34317 0.23664 -0.27074)
(-0.38302 0.24991 -0.33476)
(-0.44315 0.30414 -0.46429)
(-0.44524 0.30443 -0.48292)
(-0.44628 0.30887 -0.49524)
(-0.43677 0.31058 -0.52604)
(-0.41215 0.29158 -0.58408)
(-0.40998 0.29989 -0.59562)
(-0.38618 0.30102 -0.61550)
(-0.35767 0.28274 -0.61303)
(-0.33410 0.26583 -0.61144)
(-0.31892 0.26481 -0.61456)
(-0.31567 0.27008 -0.61782)
(-0.31149 0.26948 -0.61598)
(-0.25210 0.23848 -0.55856)
(-0.23191 0.23087 -0.53399)
(-0.21788 0.22286 -0.51497)
(-0.20711 0.21603 -0.49350)
(-0.18835 0.18581 -0.42413)
(-0.14053 0.14948 -0.36016)
(-0.14044 0.11556 -0.30736)
(-0.09443 0.08362 -0.26219)
(-0.08755 0.05410 -0.21093)
(-0.03041 -0.02582 -0.09464)
(-0.02887 -0.03656 -0.07973)
(-0.01827 -0.04702 -0.05808)
(-0.01605 -0.05651 -0.04727)
(0.02250 -0.09792 0.07469)
(0.02644 -0.11310 0.10030)
(0.02463 -0.11030 0.12307)
(0.02856 -0.11401 0.12645)
(0.03091 -0.11083 0.14818)
(0.02753 -0.10564 0.16716)
(0.01935 -0.10932 0.17876)
(0.02222 -0.10671 0.17782)
(0.01738 -0.09271 0.19804)
(0.00639 -0.05985 0.13391)
(0.00047 -0.00611 0.01442)
(0.00036 -0.00618 0.01433)
(0.00677 -0.00379 0.00603)
(0.03435 -0.02034 0.03720)
(0.01117 -0.01272 0.05317)
(0.00582 -0.01071 0.05238)
(-0.00245 -0.00753 0.05202)
(-0.01249 -0.00363 0.05276)
(-0.07697 0.02963 0.02284)
(-0.11014 0.05199 0.00583)
(-0.13414 0.05902 -0.00322)
(-0.18022 0.10785 -0.05358)
(-0.24443 0.14881 -0.12798)
(-0.32039 0.22031 -0.23634)
(-0.33192 0.23340 -0.25706)
(-0.35378 0.24849 -0.28878)
(-0.38207 0.27528 -0.34672)
(-0.44451 0.31007 -0.47550)
(-0.44337 0.31758 -0.46883)
(-0.44607 0.31482 -0.48818)
(-0.44959 0.33742 -0.52341)
(-0.43479 0.33738 -0.56545)
(-0.43049 0.32830 -0.56543)
(-0.42734 0.32525 -0.59632)
(-0.40208 0.32647 -0.61873)
(-0.39758 0.32399 -0.62528)
(-0.35371 0.28731 -0.62158)
(-0.32533 0.27598 -0.62552)
(-0.32158 0.27531 -0.62395)
(-0.31020 0.26998 -0.61535)
(-0.28276 0.25765 -0.58069)
(-0.23031 0.22962 -0.52760)
(-0.23017 0.22437 -0.50869)
(-0.21454 0.20415 -0.45548)
(-0.18011 0.17428 -0.40417)
(-0.15323 0.12344 -0.32023)
(-0.13554 0.10445 -0.29325)
(-0.13308 0.09501 -0.28222)
(-0.03938 -0.02604 -0.10108)
(-0.03799 -0.03554 -0.08856)
(-0.02626 -0.04718 -0.06613)
(-0.02307 -0.05926 -0.05248)
(0.00210 -0.09604 0.03595)
(0.02178 -0.12692 0.08971)
(0.01755 -0.12835 0.13158)
(0.02299 -0.12864 0.14828)
(0.02517 -0.11882 0.17001)
(0.01797 -0.11813 0.17673)
(0.01809 -0.11497 0.17865)
(0.01028 -0.09591 0.20144)
(0.00599 -0.07035 0.15513)
(0.00275 -0.03807 0.08610)
(0.00470 -0.07240 0.15899)
(0.00041 -0.01009 0.02321)
(0.00169 -0.00097 0.00156)
(0.01293 -0.00742 0.01218)
(0.00835 -0.00492 0.00802)
(0.03066 -0.01794 0.03034)
(0.03064 -0.02138 0.05456)
(0.01560 -0.01566 0.05468)
(0.00415 -0.01083 0.05632)
(-0.00713 -0.00609 0.05761)
(-0.00366 -0.00736 0.05434)
(-0.04552 0.01305 0.04747)
(-0.06010 0.02291 0.03673)
(-0.09148 0.03985 0.02367)
(-0.13636 0.08297 -0.02072)
(-0.17736 0.11225 -0.05821)
(-0.20272 0.13394 -0.09616)
(-0.28450 0.19445 -0.18782)
(-0.32289 0.23264 -0.24880)
(-0.34423 0.24757 -0.27802)
(-0.36546 0.27569 -0.31690)
(-0.41962 0.35395 -0.42270)
(-0.44490 0.32212 -0.48024)
(-0.44541 0.36326 -0.50929)
(-0.44568 0.37856 -0.55498)
(-0.42899 0.34516 -0.59302)
(-0.41263 0.33719 -0.61664)
(-0.40390 0.33225 -0.62588)
(-0.38413 0.31519 -0.63417)
(-0.35605 0.30261 -0.64087)
(-0.33062 0.28098 -0.63223)
(-0.31849 0.27442 -0.62250)
(-0.30823 0.27082 -0.60960)
(-0.26339 0.24786 -0.55378)
(-0.26440 0.24346 -0.52873)
(-0.25497 0.23478 -0.49701)
(-0.20252 0.18544 -0.41880)
(-0.17712 0.14271 -0.35054)
(-0.14733 0.11054 -0.30348)
(-0.14271 0.09724 -0.28762)
(-0.09165 0.01705 -0.17776)
(-0.05974 -0.02970 -0.11493)
(-0.03464 -0.04717 -0.07400)
(-0.02989 -0.07819 -0.03244)
(-0.01025 -0.10610 0.02459)
(-0.00979 -0.12823 0.05609)
(0.01437 -0.13593 0.10721)
(0.02108 -0.13467 0.13229)
(0.02301 -0.13317 0.14342)
(0.01381 -0.12894 0.16769)
(0.00948 -0.11397 0.19400)
(0.00886 -0.09902 0.20432)
(0.00717 -0.09794 0.20580)
(0.00535 -0.09501 0.20577)
(0.00282 -0.06340 0.14060)
(-0.00025 -0.01062 0.02506)
(0.00029 0.00847 -0.02032)
(0.00077 -0.00058 0.00083)
(0.00931 -0.00712 0.01025)
(0.04418 -0.03087 0.05217)
(0.02743 -0.02221 0.03275)
(0.03734 -0.03609 0.06803)
(0.02376 -0.02441 0.06313)
(0.01675 -0.02212 0.06430)
(-0.00715 -0.01260 0.06795)
(-0.02107 -0.00137 0.06014)
(-0.06566 0.02263 0.04906)
(-0.08171 0.02763 0.05178)
(-0.09365 0.04959 0.01845)
(-0.14363 0.08606 -0.02880)
(-0.18564 0.14029 -0.08319)
(-0.23416 0.17798 -0.14260)
(-0.25293 0.20375 -0.17580)
(-0.31981 0.28175 -0.26690)
(-0.33541 0.24791 -0.27036)
(-0.36712 0.30254 -0.32503)
(-0.40057 0.36024 -0.39413)
(-0.42274 0.36578 -0.44442)
(-0.44550 0.39359 -0.50213)
(-0.44890 0.40540 -0.53060)
(-0.44882 0.37538 -0.58451)
(-0.43425 0.38842 -0.60148)
(-0.42896 0.38819 -0.63384)
(-0.39975 0.33953 -0.65374)
(-0.38340 0.32719 -0.65522)
(-0.37292 0.32499 -0.66538)
(-0.34366 0.29452 -0.64760)
(-0.32452 0.27864 -0.62192)
(-0.30070 0.26515 -0.59646)
(-0.28566 0.25198 -0.55705)
(-0.27904 0.24560 -0.53417)
(-0.24232 0.21241 -0.46238)
(-0.23900 0.19052 -0.42697)
(-0.15793 0.11672 -0.31198)
(-0.16216 0.09318 -0.28080)
(-0.13508 0.04565 -0.22869)
(-0.12641 0.00361 -0.17432)
(-0.08583 -0.04833 -0.08801)
(-0.07173 -0.06729 -0.06007)
(-0.03446 -0.12271 0.02271)
(-0.01539 -0.13215 0.05756)
(0.00109 -0.13722 0.09978)
(0.00142 -0.14189 0.12825)
(0.01727 -0.13819 0.15100)
(0.00147 -0.13278 0.19167)
(0.00399 -0.12540 0.19316)
(0.00162 -0.12725 0.21201)
(0.00221 -0.11835 0.22322)
(0.00006 -0.09801 0.19903)
(-0.00097 -0.05979 0.12532)
(-0.00061 -0.01695 0.03686)
(0.00051 0.00647 -0.01538)
(0.00538 -0.00505 0.00702)
(0.02835 -0.02769 0.04049)
(0.03653 -0.03542 0.06246)
(0.01912 -0.02845 0.06772)
(0.01112 -0.02005 0.06881)
(0.00560 -0.02019 0.07086)
(-0.00415 -0.00888 0.06505)
(-0.01720 -0.00378 0.06147)
(-0.03222 0.00616 0.05839)
(-0.04837 0.01782 0.04664)
(-0.06529 0.02639 0.04529)
(-0.08621 0.05118 0.01589)
(-0.11168 0.07343 -0.01232)
(-0.11447 0.09008 -0.02201)
(-0.13119 0.10583 -0.04022)
(-0.22600 0.17844 -0.13942)
(-0.15087 0.13521 -0.07105)
(-0.24158 0.20863 -0.17520)
(-0.27686 0.26573 -0.22463)
(-0.34900 0.32329 -0.31519)
(-0.38493 0.36329 -0.38159)
(-0.41641 0.38240 -0.42248)
(-0.43611 0.42564 -0.48424)
(-0.44129 0.46651 -0.52951)
(-0.44081 0.41242 -0.57286)
(-0.43541 0.40990 -0.59015)
(-0.43419 0.41143 -0.64325)
(-0.42068 0.38731 -0.65068)
(-0.40280 0.36075 -0.65876)
(-0.38498 0.33563 -0.67360)
(-0.35532 0.30708 -0.65631)
(-0.33826 0.29930 -0.64248)
(-0.31459 0.27233 -0.61568)
(-0.31006 0.26785 -0.57981)
(-0.30640 0.25711 -0.54573)
(-0.26828 0.23005 -0.47942)
(-0.25356 0.19582 -0.43283)
(-0.23220 0.15739 -0.37185)
(-0.22300 0.12732 -0.33554)
(-0.17322 0.06252 -0.25317)
(-0.14013 0.01440 -0.19482)
(-0.13326 -0.02856 -0.12019)
(-0.08695 -0.07339 -0.05316)
(-0.09845 -0.08285 -0.02917)
(-0.04529 -0.11876 0.05122)
(-0.01542 -0.13885 0.10053)
(-0.03610 -0.14435 0.13243)
(-0.03190 -0.14531 0.14347)
(-0.02113 -0.14111 0.15803)
(-0.03115 -0.14436 0.15610)
(-0.01061 -0.13545 0.18611)
(-0.00271 -0.12744 0.21655)
(-0.00336 -0.12546 0.21611)
(-0.00692 -0.11238 0.21792)
(-0.00295 -0.03461 0.07321)
(-0.00079 -0.00527 0.01229)
(0.00031 0.00203 -0.00475)
(0.00105 -0.00100 0.00130)
(0.01606 -0.01572 0.02098)
(0.03948 -0.04035 0.05679)
(0.03857 -0.03885 0.06309)
(0.02688 -0.03109 0.06286)
(0.02122 -0.03061 0.06789)
(0.01272 -0.02308 0.07036)
(-0.00533 -0.00510 0.06015)
(-0.01336 0.00045 0.05847)
(-0.01423 0.00351 0.05545)
(-0.07070 0.04765 0.01772)
(-0.10650 0.08731 -0.01919)
(-0.12186 0.10210 -0.03504)
(-0.13091 0.11583 -0.04807)
(-0.19062 0.19249 -0.13558)
(-0.23553 0.25408 -0.18704)
(-0.31584 0.31810 -0.28161)
(-0.34651 0.37761 -0.33745)
(-0.39153 0.39499 -0.39963)
(-0.35921 0.40246 -0.37289)
(-0.41739 0.44291 -0.47302)
(-0.43948 0.47822 -0.52413)
(-0.44328 0.47070 -0.54244)
(-0.43967 0.46279 -0.56386)
(-0.43222 0.43081 -0.62107)
(-0.42940 0.40709 -0.64884)
(-0.41479 0.38635 -0.66187)
(-0.39544 0.37637 -0.66688)
(-0.36228 0.32390 -0.66225)
(-0.35322 0.32253 -0.64864)
(-0.33506 0.29598 -0.62649)
(-0.31630 0.27097 -0.58355)
(-0.31099 0.26078 -0.55017)
(-0.30412 0.25228 -0.53043)
(-0.28496 0.22334 -0.47377)
(-0.24726 0.16300 -0.38366)
(-0.23499 0.13337 -0.34330)
(-0.23299 0.10259 -0.28062)
(-0.17843 0.03118 -0.20068)
(-0.14375 -0.03680 -0.08866)
(-0.12823 -0.05422 -0.06366)
(-0.12361 -0.06320 -0.04413)
(-0.09240 -0.08649 0.01256)
(-0.04984 -0.13422 0.11347)
(-0.03649 -0.14304 0.14993)
(-0.02143 -0.14601 0.18000)
(-0.01679 -0.13650 0.19386)
(-0.01990 -0.13660 0.20149)
(-0.00839 -0.13744 0.21243)
(-0.00704 -0.13552 0.22182)
(-0.00483 -0.11954 0.20332)
(-0.00272 -0.03953 0.07832)
(-0.00013 -0.00284 0.00557)
(0.00073 -0.00059 0.00059)
(0.02158 -0.01782 0.01826)
(0.04374 -0.03399 0.04457)
(0.04855 -0.03817 0.05068)
(0.04289 -0.03675 0.05526)
(0.02059 -0.03075 0.06335)
(0.01819 -0.02421 0.05993)
(0.01562 -0.02769 0.06531)
(-0.00056 -0.00692 0.05876)
(-0.00711 -0.00173 0.05726)
(-0.00171 -0.00321 0.05569)
(-0.00809 0.00187 0.05409)
(-0.01366 0.00666 0.05180)
(-0.07109 0.07193 -0.00577)
(-0.11259 0.09784 -0.02976)
(-0.12196 0.11139 -0.04151)
(-0.18398 0.19969 -0.13093)
(-0.21221 0.23803 -0.16431)
(-0.28435 0.32291 -0.25524)
(-0.31575 0.38070 -0.30853)
(-0.32918 0.40033 -0.32812)
(-0.40182 0.44610 -0.45484)
(-0.43753 0.48985 -0.51961)
(-0.44125 0.48287 -0.53634)
(-0.44303 0.48750 -0.54792)
(-0.43384 0.47733 -0.60003)
(-0.43292 0.42173 -0.64598)
(-0.42195 0.42519 -0.64644)
(-0.38249 0.36816 -0.66611)
(-0.34910 0.31892 -0.64204)
(-0.34399 0.30707 -0.61771)
(-0.30977 0.25661 -0.53640)
(-0.28396 0.19975 -0.41773)
(-0.27328 0.16427 -0.36020)
(-0.22754 0.07420 -0.23648)
(-0.13924 -0.04654 -0.06838)
(-0.12085 -0.06959 -0.02695)
(-0.04337 -0.14075 0.14394)
(-0.02771 -0.14482 0.19357)
(-0.00251 -0.04884 0.08373)
(0.00380 -0.00315 0.00239)
(0.03178 -0.02493 0.02366)
(0.05137 -0.03774 0.04250)
(0.04941 -0.03713 0.03058)
(0.05228 -0.03698 0.04158)
(0.04927 -0.03659 0.04558)
(0.03249 -0.02638 0.05316)
(0.00422 -0.00814 0.05691)
(0.00372 -0.00388 0.05337)
(-0.00274 0.00111 0.05221)
(-0.00686 0.00907 0.04562)
(-0.03818 0.05731 0.00995)
(-0.04484 0.07614 -0.01259)
(-0.08906 0.09914 -0.02807)
(-0.13755 0.17768 -0.09138)
(-0.15814 0.18377 -0.10140)
(-0.18677 0.23283 -0.14029)
(-0.26925 0.32322 -0.23939)
(-0.22986 0.30020 -0.19545)
(-0.30533 0.37585 -0.29509)
(-0.31970 0.39732 -0.31721)
(-0.35772 0.43587 -0.38395)
(-0.41259 0.49720 -0.47840)
(-0.43713 0.49998 -0.52653)
(-0.44084 0.49844 -0.54289)
(-0.43259 0.47717 -0.61935)
(-0.00611 0.00407 -0.00252)
(0.01772 -0.01167 0.00688)
(0.06251 -0.04044 0.02575)
(0.05949 -0.04280 0.03732)
(0.05371 -0.03726 0.04053)
(0.04765 -0.03247 0.04561)
(0.03780 -0.02654 0.05014)
(0.03509 -0.02081 0.04830)
(0.03914 -0.02227 0.04694)
(0.02251 -0.00640 0.04615)
(0.01506 0.00343 0.04019)
(0.00717 0.02001 0.02744)
(-0.02010 0.05403 0.00745)
(-0.01631 0.05336 0.00807)
(-0.08048 0.11853 -0.04172)
(-0.11522 0.16547 -0.07903)
(-0.17533 0.23383 -0.13683)
(-0.21043 0.28809 -0.18215)
(-0.28786 0.36620 -0.27206)
(-0.34975 0.44991 -0.36501)
(-0.38499 0.50268 -0.42430)
(-0.00598 0.00359 -0.00211)
(0.00424 -0.00253 0.00150)
(0.02911 -0.01677 0.01003)
(0.06245 -0.03888 0.03089)
(0.06165 -0.03782 0.03265)
(0.06116 -0.03275 0.03462)
(0.04877 -0.02108 0.03677)
(0.03431 -0.00453 0.03291)
(0.02476 0.00633 0.03021)
(0.00906 0.02662 0.01576)
(-0.01448 0.05121 0.00666)
(-0.02732 0.06831 -0.00594)
(-0.06254 0.10912 -0.03385)
(-0.10745 0.17506 -0.08222)
(-0.14262 0.20486 -0.10548)
(-0.16135 0.23663 -0.12268)
(-0.23687 0.32487 -0.21310)
(0.00136 -0.00070 0.00040)
(0.03380 -0.01693 0.01061)
(0.05023 -0.02944 0.02188)
(0.06378 -0.03704 0.02894)
(0.06251 -0.03553 0.03120)
(0.06309 -0.03372 0.03015)
(0.05636 -0.01903 0.02219)
(0.05007 -0.00885 0.02226)
(0.04142 -0.00126 0.02324)
(0.04011 0.00604 0.01161)
(0.02219 0.03176 -0.00129)
(0.01175 0.04484 -0.00892)
(0.00239 0.04697 0.00037)
(0.00418 0.06113 -0.02124)
(-0.01796 0.07803 -0.02545)
(-0.06747 0.12829 -0.05201)
(0.00367 -0.00149 0.00077)
(0.04798 -0.02439 0.01745)
(0.06467 -0.03533 0.02772)
(0.06365 -0.02104 0.01350)
(0.05994 -0.02492 0.02131)
(0.05396 -0.01414 0.01409)
(0.05080 -0.00382 0.01034)
(0.04108 0.00600 0.01031)
(0.01996 0.04390 -0.01283)
(0.00926 0.05669 -0.02020)
(-0.00074 0.00022 -0.00008)
(0.01885 -0.00551 0.00189)
(0.05023 -0.01271 0.00467)
(-0.40808 0.41987 -0.66143)
(-0.35611 0.32993 -0.65059)
(-0.31508 0.26510 -0.55451)
(-0.31317 0.24890 -0.49968)
(-0.25407 0.11692 -0.28888)
(-0.17014 -0.00804 -0.12142)
(-0.13411 -0.05602 -0.04755)
(-0.08477 -0.10744 0.07194)
(-0.04664 -0.14455 0.14789)
(-0.02598 -0.14229 0.19928)
(-0.01987 -0.13674 0.20308)
(-0.00718 -0.12240 0.20393)
(-0.00690 -0.11999 0.20127)
(-0.00650 -0.11719 0.19831)
(-0.00053 -0.01097 0.01892)
(-0.43896 0.51057 -0.58261)
(-0.42169 0.46420 -0.64031)
(-0.40643 0.43871 -0.65197)
(-0.39345 0.40120 -0.66250)
(-0.36223 0.34288 -0.66118)
(-0.35170 0.32562 -0.64337)
(-0.34435 0.31359 -0.61374)
(-0.34332 0.30954 -0.58645)
(-0.31455 0.26145 -0.54214)
(-0.33722 0.27279 -0.51053)
(-0.29455 0.20738 -0.42514)
(-0.28615 0.16837 -0.35759)
(-0.26319 0.12615 -0.29627)
(-0.25033 0.10567 -0.27247)
(-0.22212 0.04593 -0.17961)
(-0.15043 -0.03844 -0.07341)
(-0.14419 -0.04894 -0.05089)
(-0.12926 -0.07137 -0.00880)
(-0.10774 -0.10745 0.07717)
(-0.06438 -0.13533 0.12811)
(-0.06106 -0.14028 0.14856)
(-0.04285 -0.14400 0.17783)
(-0.03510 -0.14266 0.18816)
(-0.02029 -0.13148 0.20084)
(-0.00793 -0.12417 0.19955)
(-0.00663 -0.12001 0.19464)
(-0.00203 -0.04580 0.07483)
(-0.00017 -0.00456 0.00747)
(-0.40535 0.54108 -0.46833)
(-0.43197 0.54159 -0.53582)
(-0.43479 0.54234 -0.54997)
(-0.44202 0.53008 -0.61017)
(-0.42903 0.50591 -0.61736)
(-0.41459 0.46739 -0.63966)
(-0.39340 0.41709 -0.66070)
(-0.37837 0.39413 -0.65463)
(-0.35399 0.33409 -0.64481)
(-0.36101 0.36297 -0.64967)
(-0.34565 0.32566 -0.62533)
(-0.34533 0.31665 -0.58347)
(-0.33951 0.28858 -0.54031)
(-0.34097 0.27840 -0.51632)
(-0.32868 0.24238 -0.45175)
(-0.31061 0.19651 -0.38414)
(-0.30715 0.17936 -0.34578)
(-0.25775 0.10566 -0.26452)
(-0.24277 0.06657 -0.19946)
(-0.19599 0.00738 -0.11625)
(-0.17739 -0.02566 -0.05596)
(-0.14570 -0.06906 0.00551)
(-0.12477 -0.10018 0.08858)
(-0.10956 -0.11061 0.09309)
(-0.06742 -0.13602 0.15105)
(-0.04616 -0.14296 0.17576)
(-0.05918 -0.14556 0.16605)
(-0.03774 -0.14677 0.18799)
(-0.02929 -0.14134 0.18827)
(-0.03089 -0.14592 0.18016)
(-0.00948 -0.12994 0.19917)
(-0.00682 -0.12127 0.18748)
(-0.00164 -0.06124 0.09274)
(-0.00030 -0.01416 0.02088)
(0.00008 0.00546 -0.00802)
(-0.28888 0.39604 -0.27550)
(-0.34465 0.46007 -0.35702)
(-0.36954 0.49706 -0.40275)
(-0.40306 0.54005 -0.46278)
(-0.42624 0.55401 -0.51767)
(-0.42523 0.56522 -0.53785)
(-0.43554 0.53338 -0.59115)
(-0.42387 0.52034 -0.59621)
(-0.41003 0.48611 -0.63188)
(-0.40161 0.46452 -0.64022)
(-0.38427 0.42872 -0.64268)
(-0.37469 0.39746 -0.64277)
(-0.36969 0.36986 -0.62901)
(-0.36643 0.36054 -0.61510)
(-0.34769 0.31672 -0.57871)
(-0.36341 0.31162 -0.52394)
(-0.36785 0.30148 -0.49221)
(-0.34102 0.25085 -0.44097)
(-0.33260 0.22833 -0.40400)
(-0.31054 0.16685 -0.32158)
(-0.28590 0.12955 -0.28100)
(-0.25870 0.08440 -0.20917)
(-0.22873 0.03512 -0.14383)
(-0.19051 -0.01994 -0.06595)
(-0.16231 -0.04922 -0.02019)
(-0.16924 -0.05492 -0.00755)
(-0.13760 -0.08274 0.04385)
(-0.10877 -0.11667 0.09997)
(-0.08103 -0.13787 0.13061)
(-0.07281 -0.14740 0.14282)
(-0.04913 -0.15371 0.17294)
(-0.02116 -0.14885 0.18451)
(-0.03596 -0.15235 0.16660)
(-0.01184 -0.14837 0.18102)
(-0.00761 -0.12819 0.15948)
(-0.00049 -0.01535 0.01869)
(0.00017 0.01276 -0.01582)
(-0.00811 -0.10706 0.11916)
(-0.10328 0.17303 -0.08182)
(-0.12058 0.19211 -0.09425)
(-0.13150 0.20719 -0.10449)
(-0.21644 0.30675 -0.19299)
(-0.28018 0.38793 -0.26505)
(-0.30820 0.42546 -0.29349)
(-0.31610 0.42800 -0.31260)
(-0.34741 0.47693 -0.36043)
(-0.37889 0.52002 -0.41536)
(-0.40480 0.54789 -0.47798)
(-0.42098 0.56637 -0.52391)
(-0.42486 0.56335 -0.54203)
(-0.41798 0.52717 -0.58786)
(-0.40371 0.47434 -0.63540)
(-0.39722 0.46313 -0.63888)
(-0.39050 0.43182 -0.63654)
(-0.36996 0.37796 -0.64171)
(-0.39201 0.40130 -0.62007)
(-0.36604 0.34780 -0.58997)
(-0.39874 0.40980 -0.60999)
(-0.37064 0.31643 -0.51515)
(-0.37262 0.31208 -0.50072)
(-0.36715 0.29463 -0.47760)
(-0.33126 0.20624 -0.35637)
(-0.30260 0.15098 -0.29917)
(-0.30829 0.16166 -0.31069)
(-0.28300 0.11769 -0.24971)
(-0.23875 0.04570 -0.14288)
(-0.24552 0.06260 -0.16268)
(-0.20507 -0.00120 -0.07987)
(-0.18089 -0.03632 -0.03284)
(-0.16535 -0.06160 0.00397)
(-0.11107 -0.11014 0.08202)
(-0.08187 -0.14271 0.13207)
(-0.07443 -0.14791 0.13772)
(-0.06593 -0.15226 0.14720)
(-0.03709 -0.15737 0.14692)
(-0.02772 -0.15762 0.15444)
(-0.02044 -0.15747 0.15571)
(-0.00832 -0.08657 0.09118)
(-0.00073 -0.01055 0.01134)
(-0.00718 -0.05177 0.04915)
(-0.00131 -0.00986 0.00941)
(0.00398 0.06321 -0.02472)
(-0.00047 0.06728 -0.02561)
(-0.03568 0.10506 -0.04788)
(-0.09951 0.17123 -0.08171)
(-0.11435 0.18771 -0.09219)
(-0.10817 0.18327 -0.09041)
(-0.12547 0.20265 -0.10223)
(-0.21114 0.31343 -0.19880)
(-0.16488 0.25630 -0.13695)
(-0.23567 0.34917 -0.21854)
(-0.27771 0.39966 -0.25639)
(-0.34293 0.48869 -0.34826)
(-0.34614 0.50009 -0.35620)
(-0.38069 0.52800 -0.43752)
(-0.41944 0.56747 -0.51625)
(-0.42227 0.56467 -0.53201)
(-0.42274 0.56298 -0.53930)
(-0.41795 0.54684 -0.56127)
(-0.40562 0.48274 -0.63119)
(-0.39979 0.47163 -0.63496)
(-0.40320 0.46107 -0.64461)
(-0.38576 0.40775 -0.64131)
(-0.40127 0.42237 -0.61888)
(-0.40455 0.41996 -0.61363)
(-0.37323 0.33908 -0.53924)
(-0.37819 0.32318 -0.50903)
(-0.37133 0.30370 -0.48486)
(-0.37672 0.31466 -0.49348)
(-0.35306 0.24790 -0.39290)
(-0.33609 0.23630 -0.36248)
(-0.29097 0.15558 -0.27374)
(-0.27540 0.12109 -0.23020)
(-0.19225 -0.02051 -0.05572)
(-0.18228 -0.03376 -0.03889)
(-0.17204 -0.04921 -0.01794)
(-0.12721 -0.09398 0.04693)
(-0.08289 -0.14380 0.12755)
(-0.07583 -0.14845 0.13326)
(-0.06727 -0.15257 0.14310)
(-0.06146 -0.15911 0.13910)
(-0.03856 -0.15820 0.14039)
(-0.02311 -0.14801 0.13605)
(-0.00795 -0.04633 0.04010)
(0.00143 0.00966 -0.00855)
(-0.00057 -0.00340 0.00295)
(0.06107 -0.01251 0.00566)
(0.05869 -0.00009 -0.00343)
(0.05406 -0.00298 0.00452)
(0.04643 0.01217 -0.00346)
(0.03358 0.02392 -0.01762)
(0.03978 0.02587 -0.01135)
(0.02518 0.03961 -0.01417)
(0.00905 0.05839 -0.02314)
(0.00827 0.06088 -0.02697)
(0.00348 0.06557 -0.02849)
(-0.00124 0.07012 -0.02958)
(-0.03012 0.10661 -0.05309)
(-0.07739 0.15560 -0.07823)
(-0.11892 0.18952 -0.11196)
(-0.15788 0.25293 -0.13783)
(-0.21781 0.33338 -0.19792)
(-0.28005 0.40037 -0.26114)
(-0.32604 0.47471 -0.32600)
(-0.34010 0.49260 -0.34468)
(-0.36588 0.51778 -0.39803)
(-0.38875 0.54180 -0.44154)
(-0.42046 0.56598 -0.52300)
(-0.42104 0.56406 -0.53143)
(-0.41770 0.55549 -0.55570)
(-0.41130 0.51359 -0.60159)
(-0.41053 0.49694 -0.62320)
(-0.41017 0.48458 -0.63162)
(-0.39259 0.43950 -0.63197)
(-0.40498 0.43067 -0.62295)
(-0.41025 0.43001 -0.61751)
(-0.40007 0.39387 -0.58016)
(-0.39946 0.36441 -0.53629)
(-0.39846 0.35808 -0.51386)
(-0.37208 0.30497 -0.45733)
(-0.36046 0.27296 -0.38928)
(-0.33718 0.24339 -0.34677)
(-0.30722 0.18934 -0.30048)
(-0.28593 0.15495 -0.25297)
(-0.26310 0.11345 -0.18969)
(-0.21754 0.02061 -0.10438)
(-0.18835 -0.02408 -0.05297)
(-0.17828 -0.03899 -0.03614)
(-0.17253 -0.04861 -0.02265)
(-0.14417 -0.08404 0.01758)
(-0.09103 -0.14287 0.11011)
(-0.09971 -0.11667 0.06116)
(-0.07867 -0.14928 0.10263)
(-0.05495 -0.15891 0.10505)
(-0.04616 -0.16315 0.13250)
(-0.03371 -0.16027 0.13790)
(-0.03304 -0.15049 0.12995)
(-0.02015 -0.11661 0.09839)
(-0.00486 -0.02576 0.02193)
(0.00387 -0.00093 0.00027)
(0.01021 -0.00234 0.00045)
(0.05290 -0.00448 -0.00278)
(0.04828 0.00347 -0.00340)
(0.01918 0.01892 -0.01530)
(0.02818 0.02190 -0.01708)
(0.00733 0.03841 -0.03501)
(0.00069 0.04417 -0.03344)
(-0.01164 0.05934 -0.04496)
(-0.00882 0.05759 -0.04170)
(-0.02015 0.07917 -0.05117)
(-0.06771 0.11501 -0.08597)
(-0.05679 0.11882 -0.08051)
(-0.08295 0.15181 -0.09105)
(-0.09451 0.17121 -0.10602)
(-0.18744 0.26196 -0.16325)
(-0.20800 0.28418 -0.17816)
(-0.23175 0.33623 -0.20826)
(-0.29219 0.40674 -0.26538)
(-0.32604 0.45944 -0.31161)
(-0.36371 0.49689 -0.34831)
(-0.37671 0.53787 -0.39209)
(-0.39547 0.55400 -0.43658)
(-0.41800 0.57416 -0.50053)
(-0.41883 0.57766 -0.51346)
(-0.41776 0.57673 -0.52595)
(-0.41570 0.54775 -0.58186)
(-0.41507 0.53403 -0.59141)
(-0.41378 0.52115 -0.60683)
(-0.40735 0.47895 -0.62354)
(-0.41985 0.48345 -0.61667)
(-0.42590 0.47483 -0.61792)
(-0.42723 0.44238 -0.60325)
(-0.42620 0.43033 -0.57810)
(-0.43267 0.42458 -0.55697)
(-0.39376 0.35385 -0.48139)
(-0.36988 0.29736 -0.41102)
(-0.34470 0.27242 -0.37080)
(-0.32192 0.22408 -0.29877)
(-0.27108 0.15996 -0.22928)
(-0.23946 0.10134 -0.16712)
(-0.18735 0.00611 -0.07923)
(-0.13685 -0.07287 -0.00058)
(-0.15236 -0.02220 -0.05116)
(-0.11689 -0.12396 0.03818)
(-0.09626 -0.11232 0.03509)
(-0.07111 -0.13414 0.07981)
(-0.05703 -0.14089 0.08675)
(-0.03962 -0.15938 0.11552)
(-0.04009 -0.14921 0.09891)
(-0.01605 -0.10720 0.07570)
(-0.00802 -0.05402 0.03766)
(-0.00301 -0.02035 0.01412)
(0.00172 -0.00006 0.00018)
(0.02687 0.00852 -0.00839)
(0.01775 0.01879 -0.01781)
(-0.02013 0.03978 -0.03688)
(-0.02128 0.04129 -0.03809)
(-0.02373 0.04416 -0.04038)
(-0.00839 0.05079 -0.04589)
(-0.03498 0.05416 -0.05023)
(-0.02997 0.07046 -0.06211)
(-0.03458 0.08015 -0.06339)
(-0.07122 0.10354 -0.08729)
(-0.10275 0.12605 -0.10873)
(-0.10452 0.14914 -0.10942)
(-0.09157 0.16225 -0.10271)
(-0.14290 0.20127 -0.13525)
(-0.18205 0.25336 -0.16493)
(-0.28287 0.33684 -0.23335)
(-0.28871 0.36983 -0.24713)
(-0.31789 0.43571 -0.29137)
(-0.38774 0.51900 -0.36860)
(-0.38885 0.54090 -0.38850)
(-0.39878 0.55207 -0.41483)
(-0.41087 0.57713 -0.45998)
(-0.41568 0.57878 -0.44485)
(-0.41503 0.58624 -0.49057)
(-0.41778 0.58472 -0.51529)
(-0.41577 0.55103 -0.57554)
(-0.42203 0.55194 -0.57916)
(-0.42792 0.55083 -0.58729)
(-0.41804 0.51910 -0.60765)
(-0.43076 0.54826 -0.59012)
(-0.42654 0.49478 -0.61432)
(-0.44349 0.50320 -0.60654)
(-0.44852 0.49264 -0.59952)
(-0.44884 0.47812 -0.60289)
(-0.44329 0.45988 -0.58037)
(-0.44678 0.45148 -0.57254)
(-0.42044 0.43768 -0.52171)
(-0.41058 0.38883 -0.50181)
(-0.39167 0.37287 -0.45840)
(-0.36782 0.33453 -0.41361)
(-0.32958 0.26376 -0.32644)
(-0.34386 0.30164 -0.35652)
(-0.30173 0.25272 -0.29372)
(-0.27101 0.20869 -0.25576)
(-0.21176 0.08719 -0.13948)
(-0.14723 0.00629 -0.08621)
(-0.11904 -0.07683 0.00607)
(-0.12402 -0.01823 -0.06067)
(-0.09207 -0.09359 0.01483)
(-0.04396 -0.10067 0.01976)
(-0.05698 -0.11886 0.04693)
(-0.03413 -0.11092 0.03518)
(-0.03282 -0.14998 0.08543)
(-0.03199 -0.14161 0.08146)
(-0.03178 -0.11115 0.03500)
(-0.02475 -0.11234 0.06361)
(-0.00204 -0.02577 0.01554)
(0.00024 0.00015 0.00001)
(0.00511 0.01484 -0.01232)
(-0.02494 0.03456 -0.03120)
(-0.03282 0.04786 -0.04378)
(-0.03447 0.05127 -0.04737)
(-0.04488 0.05515 -0.05155)
(-0.04664 0.05843 -0.05534)
(-0.06009 0.08459 -0.07395)
(-0.10683 0.12836 -0.11811)
(-0.14386 0.14579 -0.12771)
(-0.13452 0.16616 -0.13438)
(-0.19612 0.21406 -0.17197)
(-0.20384 0.22910 -0.17249)
(-0.22918 0.27918 -0.19511)
(-0.32410 0.36671 -0.26513)
(-0.32669 0.37938 -0.26823)
(-0.34467 0.39794 -0.28177)
(-0.33234 0.44111 -0.30325)
(-0.39658 0.52280 -0.37200)
(-0.39842 0.53313 -0.38301)
(-0.40415 0.54984 -0.40125)
(-0.42476 0.58032 -0.45145)
(-0.41485 0.58668 -0.46459)
(-0.42447 0.59257 -0.50448)
(-0.42150 0.58496 -0.53307)
(-0.41438 0.57193 -0.54210)
(-0.43008 0.55912 -0.58105)
(-0.43288 0.55762 -0.58282)
(-0.43559 0.54783 -0.59340)
(-0.45235 0.53539 -0.59555)
(-0.44687 0.50731 -0.60370)
(-0.45059 0.48746 -0.59670)
(-0.44291 0.47603 -0.56399)
(-0.43651 0.47053 -0.53131)
(-0.40446 0.43529 -0.48584)
(-0.39513 0.42674 -0.47208)
(-0.35274 0.34991 -0.40368)
(-0.30727 0.27489 -0.30897)
(-0.29412 0.25854 -0.29049)
(-0.20859 0.11476 -0.17721)
(-0.22583 0.16857 -0.21762)
(-0.17941 0.06884 -0.12496)
(-0.10482 0.03612 -0.10699)
(-0.09540 -0.03616 -0.03856)
(-0.09355 0.02416 -0.09642)
(-0.05661 -0.07946 -0.00349)
(-0.03288 -0.09207 0.01057)
(-0.03036 -0.10210 0.02223)
(-0.02301 -0.11977 0.05030)
(-0.01971 -0.09696 0.04574)
(-0.02322 -0.09629 0.02059)
(-0.00297 -0.03310 0.01523)
(-0.00054 -0.00664 0.00303)
(-0.00000 -0.00032 -0.00002)
(-0.01075 0.01611 -0.01326)
(-0.02870 0.02784 -0.02338)
(-0.04529 0.05283 -0.04851)
(-0.05934 0.06119 -0.05858)
(-0.12423 0.11601 -0.10617)
(-0.14014 0.13578 -0.12300)
(-0.17388 0.15338 -0.14231)
(-0.24855 0.23771 -0.20137)
(-0.27121 0.25285 -0.21365)
(-0.27202 0.25908 -0.21563)
(-0.27365 0.28946 -0.22603)
(-0.34862 0.37829 -0.27989)
(-0.34604 0.38756 -0.28067)
(-0.36361 0.40571 -0.29424)
(-0.40156 0.48755 -0.34547)
(-0.40602 0.53456 -0.38481)
(-0.42979 0.55044 -0.41111)
(-0.44483 0.58407 -0.44158)
(-0.42566 0.58792 -0.46427)
(-0.43641 0.59806 -0.49506)
(-0.42667 0.59322 -0.51664)
(-0.42740 0.59272 -0.52315)
(-0.43824 0.58674 -0.55018)
(-0.43400 0.56538 -0.57578)
(-0.43651 0.55672 -0.58513)
(-0.44662 0.55542 -0.58408)
(-0.45033 0.54812 -0.58855)
(-0.43789 0.51550 -0.59018)
(-0.45160 0.55084 -0.57918)
(-0.45175 0.53679 -0.58136)
(-0.44365 0.51023 -0.54541)
(-0.40972 0.46426 -0.49880)
(-0.40831 0.45175 -0.49434)
(-0.39815 0.44339 -0.48081)
(-0.38708 0.43589 -0.46802)
(-0.32363 0.36607 -0.38717)
(-0.31053 0.29438 -0.32114)
(-0.29840 0.28165 -0.30537)
(-0.24144 0.24264 -0.26582)
(-0.19178 0.15279 -0.19147)
(-0.19124 0.17483 -0.20239)
(-0.10569 0.05790 -0.12049)
(-0.09315 0.04423 -0.10969)
(-0.07415 -0.00655 -0.06432)
(-0.08137 0.03387 -0.10224)
(-0.03039 -0.08074 -0.00014)
(-0.02766 -0.09195 0.01021)
(-0.02427 -0.07980 -0.00157)
(-0.01608 -0.07979 0.00827)
(-0.01034 -0.05528 0.01313)
(-0.00002 -0.01129 0.00279)
(-0.00040 0.00658 -0.00154)
(0.00348 -0.00320 0.00169)
(-0.00260 0.00174 -0.00124)
(-0.03303 0.02448 -0.01912)
(-0.08352 0.07122 -0.06516)
(-0.14497 0.10855 -0.09637)
(-0.13281 0.11191 -0.10302)
(-0.21334 0.16247 -0.14840)
(-0.19865 0.15945 -0.15481)
(-0.23841 0.19537 -0.17904)
(-0.26713 0.24328 -0.20894)
(-0.28818 0.25866 -0.21986)
(-0.29385 0.26874 -0.22587)
(-0.34680 0.30377 -0.25217)
(-0.33592 0.31995 -0.26014)
(-0.38705 0.35833 -0.28873)
(-0.36732 0.39553 -0.29240)
(-0.38297 0.41213 -0.30473)
(-0.41209 0.45125 -0.33138)
(-0.44476 0.50587 -0.37401)
(-0.43525 0.53955 -0.39329)
(-0.49952 0.55230 -0.42497)
(-0.45511 0.56987 -0.42959)
(-0.45338 0.57845 -0.44388)
(-0.44256 0.58951 -0.45640)
(-0.46475 0.60273 -0.48744)
(-0.42980 0.59651 -0.51295)
(-0.43018 0.59563 -0.51907)
(-0.43487 0.59610 -0.53389)
(-0.44614 0.58135 -0.55601)
(-0.43678 0.56416 -0.57752)
(-0.44639 0.58234 -0.55734)
(-0.43858 0.56942 -0.57468)
(-0.45100 0.57292 -0.57279)
(-0.44570 0.56210 -0.56939)
(-0.44918 0.54373 -0.57851)
(-0.44616 0.54127 -0.57413)
(-0.42229 0.52451 -0.52838)
(-0.39160 0.48791 -0.50081)
(-0.39913 0.45628 -0.48697)
(-0.38620 0.44646 -0.47251)
(-0.31787 0.40839 -0.40607)
(-0.29492 0.35048 -0.34628)
(-0.25172 0.30580 -0.29085)
(-0.19952 0.24930 -0.25222)
(-0.12497 0.12754 -0.16033)
(-0.13014 0.19533 -0.19525)
(-0.09420 0.06381 -0.12109)
(-0.08088 0.04924 -0.11149)
(-0.03227 0.03592 -0.07792)
(-0.03990 -0.01066 -0.05220)
(-0.01417 -0.02063 -0.04174)
(-0.01596 -0.08016 -0.00222)
(0.00151 -0.03256 0.00175)
(0.00818 -0.02270 -0.00864)
(0.00017 -0.00082 0.00007)
(0.01155 -0.00765 0.00540)
(-0.07884 0.05508 -0.04157)
(-0.12849 0.09007 -0.07499)
(0.01226 -0.00718 0.00521)
(-0.01730 0.01053 -0.00759)
(-0.17196 0.11887 -0.09231)
(-0.18400 0.12821 -0.10571)
(-0.19358 0.13943 -0.12074)
(-0.24602 0.16733 -0.13137)
(-0.25490 0.18783 -0.16996)
(-0.28780 0.21841 -0.19489)
(-0.29123 0.23642 -0.20493)
(-0.31691 0.24024 -0.19857)
(-0.31903 0.25540 -0.20861)
(-0.30975 0.27491 -0.23083)
(-0.42083 0.34635 -0.27653)
(-0.42886 0.37993 -0.30093)
(-0.42830 0.40900 -0.30952)
(-0.50331 0.43925 -0.33991)
(-0.49571 0.47155 -0.35899)
(-0.50061 0.49177 -0.37539)
(-0.49841 0.53026 -0.40398)
(-0.51368 0.55123 -0.42875)
(-0.49734 0.55717 -0.43427)
(-0.50944 0.57408 -0.46045)
(-0.46658 0.58628 -0.45795)
(-0.48013 0.59427 -0.49460)
(-0.43429 0.60121 -0.50594)
(-0.44452 0.59095 -0.51994)
(-0.44081 0.59461 -0.53101)
(-0.44574 0.59459 -0.53552)
(-0.44583 0.59246 -0.53932)
(-0.44127 0.58046 -0.55906)
(-0.44509 0.57617 -0.56128)
(-0.43562 0.56977 -0.56124)
(-0.43174 0.56443 -0.56474)
(-0.44247 0.55361 -0.56986)
(-0.43797 0.54323 -0.57046)
(-0.39894 0.52537 -0.52913)
(-0.38990 0.51446 -0.51617)
(-0.34583 0.48627 -0.47443)
(-0.37255 0.47890 -0.47869)
(-0.32669 0.43996 -0.42835)
(-0.27132 0.40062 -0.37332)
(-0.25149 0.37524 -0.34635)
(-0.23655 0.32202 -0.30606)
(-0.18976 0.27816 -0.25191)
(-0.19277 0.29907 -0.27110)
(-0.13593 0.22129 -0.20324)
(-0.10094 0.12166 -0.14317)
(-0.11140 0.19642 -0.18646)
(-0.07233 0.15255 -0.14612)
(-0.08247 0.06556 -0.12057)
(-0.04482 0.05740 -0.10187)
(-0.00913 0.03044 -0.07834)
(0.01873 0.01803 -0.07509)
(0.01139 -0.00248 -0.05653)
(0.01011 -0.01388 -0.01368)
(-0.00094 0.00205 0.00069)
(0.00126 -0.00168 -0.00135)
(-0.01211 0.00763 -0.00528)
(-0.10348 0.06648 -0.05003)
(-0.16501 0.10470 -0.07454)
(-0.25168 0.16070 -0.11786)
(-0.27306 0.17641 -0.12948)
(-0.30157 0.22547 -0.18546)
(-0.35345 0.24934 -0.19579)
(-0.40455 0.30382 -0.23911)
(-0.45665 0.34135 -0.26612)
(-0.48172 0.40044 -0.30852)
(-0.50778 0.42686 -0.32305)
(-0.51668 0.45789 -0.35579)
(-0.55307 0.49724 -0.38955)
(-0.53963 0.52761 -0.40152)
(-0.56162 0.54536 -0.43403)
(-0.52230 0.55466 -0.44601)
(-0.54918 0.57570 -0.49135)
(-0.54011 0.57959 -0.49527)
(-0.53983 0.57851 -0.50014)
(-0.47940 0.59353 -0.49956)
(-0.51699 0.57895 -0.50737)
(-0.47460 0.59520 -0.52028)
(-0.45537 0.58709 -0.52848)
(-0.45761 0.58613 -0.53538)
(-0.45352 0.57760 -0.53780)
(-0.43902 0.57834 -0.53693)
(-0.43545 0.58671 -0.54526)
(-0.43653 0.57602 -0.55576)
(-0.43890 0.57415 -0.55554)
(-0.42036 0.57316 -0.54357)
(-0.39977 0.55592 -0.53789)
(-0.40659 0.55142 -0.54714)
(-0.39892 0.54459 -0.53810)
(-0.36937 0.52336 -0.51196)
(-0.34198 0.50114 -0.48892)
(-0.30869 0.46167 -0.43524)
(-0.31955 0.45135 -0.43898)
(-0.27267 0.41098 -0.38497)
(-0.25372 0.38636 -0.35555)
(-0.18457 0.32754 -0.28620)
(-0.14333 0.30408 -0.24651)
(-0.15142 0.27431 -0.23055)
(-0.11241 0.20592 -0.19062)
(-0.07770 0.18891 -0.16762)
(-0.04854 0.16569 -0.12940)
(-0.00291 0.05324 -0.09120)
(-0.02483 0.10472 -0.10103)
(0.01916 0.03289 -0.08218)
(0.02144 0.03165 -0.07995)
(0.01796 0.01681 -0.05295)
(0.01188 -0.00025 -0.01763)
(-0.00112 -0.00026 0.00099)
(-0.00306 0.00400 0.00300)
(-0.01881 0.01185 -0.00824)
(-0.08494 0.05367 -0.03771)
(-0.11997 0.07654 -0.05282)
(-0.26062 0.16740 -0.11815)
(-0.28313 0.18442 -0.12942)
(-0.32586 0.22393 -0.16502)
(-0.27737 0.18030 -0.12476)
(-0.38163 0.27232 -0.19359)
(-0.40900 0.29777 -0.22459)
(-0.45052 0.33315 -0.25570)
(-0.45194 0.33679 -0.24862)
(-0.46230 0.34545 -0.26166)
(-0.49516 0.38711 -0.29628)
(-0.52304 0.43166 -0.32352)
(-0.54320 0.46410 -0.36033)
(-0.57319 0.51236 -0.40126)
(-0.57179 0.52111 -0.41235)
(-0.57425 0.52545 -0.41941)
(-0.55892 0.55077 -0.44612)
(-0.55802 0.57234 -0.49403)
(-0.54996 0.57513 -0.49627)
(-0.54990 0.57341 -0.50097)
(-0.54577 0.57294 -0.50586)
(-0.49057 0.57946 -0.52023)
(-0.48172 0.57857 -0.52689)
(-0.45895 0.56522 -0.52752)
(-0.45688 0.55949 -0.53168)
(-0.45644 0.56189 -0.53667)
(-0.42959 0.56785 -0.54093)
(-0.42640 0.56742 -0.54206)
(-0.42303 0.56798 -0.54320)
(-0.39922 0.55920 -0.53855)
(-0.39297 0.55089 -0.53519)
(-0.37139 0.53460 -0.51720)
(-0.32523 0.49157 -0.47772)
(-0.30387 0.47443 -0.45555)
(-0.23642 0.41604 -0.39147)
(-0.26120 0.42499 -0.39387)
(-0.22533 0.40366 -0.37728)
(-0.21694 0.38684 -0.35646)
(-0.18560 0.34585 -0.29863)
(-0.14500 0.30971 -0.25250)
(-0.13364 0.29895 -0.23895)
(-0.13101 0.29183 -0.23229)
(-0.12231 0.28824 -0.22607)
(-0.09976 0.25103 -0.19971)
(-0.05570 0.18900 -0.14827)
(-0.03009 0.17884 -0.13866)
(-0.02822 0.14881 -0.11830)
(-0.01574 0.11995 -0.10241)
(0.01277 0.08444 -0.07868)
(0.01895 0.05751 -0.05928)
(0.01887 0.02364 -0.03551)
(0.00477 0.00315 -0.00523)
(-0.00382 -0.00078 0.00224)
(-0.03138 0.01992 -0.01360)
(-0.02886 0.01850 -0.01235)
(-0.18322 0.11839 -0.08013)
(-0.28604 0.18830 -0.12447)
(-0.37500 0.26722 -0.18722)
(-0.38337 0.28645 -0.19324)
(-0.38913 0.29098 -0.19995)
(-0.45359 0.35159 -0.24916)
(-0.49510 0.39997 -0.29076)
(-0.50016 0.41134 -0.28656)
(-0.54481 0.46229 -0.34083)
(-0.56133 0.49383 -0.37775)
(-0.57493 0.51745 -0.40830)
(-0.57621 0.52055 -0.41554)
(-0.57662 0.52756 -0.42602)
(-0.57237 0.53822 -0.45686)
(-0.55873 0.57010 -0.49785)
(-0.55876 0.56732 -0.50193)
(-0.54594 0.55059 -0.50403)
(-0.50564 0.55082 -0.51176)
(-0.48915 0.54940 -0.51781)
(-0.46675 0.52911 -0.52032)
(-0.46146 0.52928 -0.51993)
(-0.45736 0.52909 -0.51970)
(-0.42987 0.56330 -0.53940)
(-0.44002 0.54223 -0.52950)
(-0.42615 0.56262 -0.54027)
(-0.42224 0.56309 -0.54161)
(-0.39228 0.54987 -0.53453)
(-0.37700 0.53389 -0.52293)
(-0.36393 0.52903 -0.52246)
(-0.38558 0.54514 -0.53177)
(-0.33809 0.50665 -0.49815)
(-0.31964 0.49107 -0.48858)
(-0.31303 0.48161 -0.47098)
(-0.23680 0.41866 -0.39709)
(-0.22594 0.40678 -0.38303)
(-0.21559 0.39591 -0.36947)
(-0.19144 0.37529 -0.33926)
(-0.14494 0.31308 -0.25649)
(-0.13576 0.30475 -0.24529)
(-0.14042 0.31182 -0.26044)
(-0.12547 0.29535 -0.23278)
(-0.06006 0.21669 -0.16639)
(-0.08797 0.26220 -0.19788)
(-0.04639 0.20698 -0.15802)
(-0.01678 0.16342 -0.12439)
(-0.03286 0.19537 -0.14628)
(0.01977 0.12131 -0.10039)
(0.02486 0.10394 -0.09119)
(0.01396 0.02599 -0.02509)
(0.01016 0.03515 -0.03004)
(0.00246 0.00429 -0.00404)
(-0.15492 0.10151 -0.06628)
(-0.03930 0.02558 -0.01661)
(-0.15826 0.11449 -0.06420)
(-0.35686 0.26079 -0.16851)
(-0.39338 0.30212 -0.18095)
(-0.41663 0.31845 -0.20553)
(-0.45456 0.36088 -0.24152)
(-0.48479 0.39633 -0.27212)
(-0.49081 0.40508 -0.27923)
(-0.52207 0.43617 -0.31386)
(-0.53631 0.45859 -0.34311)
(-0.57400 0.51384 -0.40624)
(-0.58143 0.52906 -0.43584)
(-0.56151 0.53295 -0.47961)
(-0.56614 0.52181 -0.48494)
(-0.54992 0.51992 -0.49303)
(-0.51776 0.53874 -0.51082)
(-0.51438 0.53392 -0.51639)
(-0.47781 0.51812 -0.51673)
(-0.46413 0.52055 -0.51679)
(-0.45841 0.52083 -0.51613)
(-0.44307 0.52425 -0.52122)
(-0.42684 0.55659 -0.53750)
(-0.42236 0.51513 -0.50850)
(-0.41840 0.52803 -0.51818)
(-0.42256 0.55741 -0.53910)
(-0.40452 0.54051 -0.53176)
(-0.38198 0.53299 -0.52836)
(-0.36181 0.52179 -0.51941)
(-0.33176 0.50100 -0.50031)
(-0.30479 0.47981 -0.47684)
(-0.30034 0.47463 -0.47122)
(-0.28144 0.45939 -0.45878)
(-0.25232 0.43495 -0.42368)
(-0.22756 0.40975 -0.38958)
(-0.21836 0.40021 -0.37893)
(-0.20911 0.39129 -0.36812)
(-0.20624 0.38822 -0.36128)
(-0.16679 0.35390 -0.31566)
(-0.12444 0.30113 -0.25347)
(-0.12797 0.30118 -0.23975)
(-0.09710 0.27899 -0.21888)
(-0.08355 0.25777 -0.19820)
(-0.05475 0.22825 -0.16527)
(-0.03151 0.22050 -0.15227)
(-0.00281 0.16245 -0.11663)
(0.01891 0.09737 -0.08020)
(0.00862 0.10134 -0.07517)
(0.01564 0.07436 -0.06111)
(0.00495 0.01964 -0.01607)
(0.00194 0.00621 -0.00525)
(-0.00194 0.00143 -0.00080)
(-0.05306 0.03913 -0.02183)
(-0.01249 0.00968 -0.00544)
(-0.25339 0.19174 -0.10726)
(-0.42756 0.34138 -0.21650)
(-0.18908 0.15658 -0.09281)
(-0.38971 0.30719 -0.18526)
(-0.40444 0.34083 -0.22008)
(-0.47892 0.39537 -0.26997)
(-0.48070 0.42096 -0.27908)
(-0.49824 0.42049 -0.28132)
(-0.49867 0.43780 -0.30803)
(-0.53124 0.46824 -0.36072)
(-0.54947 0.48706 -0.38256)
(-0.56460 0.50248 -0.41539)
(-0.55711 0.49179 -0.42426)
(-0.57803 0.50655 -0.48131)
(-0.57994 0.50520 -0.48594)
(-0.55962 0.48901 -0.48590)
(-0.52746 0.50275 -0.49956)
(-0.53549 0.48341 -0.48720)
(-0.51913 0.50081 -0.50915)
(-0.50324 0.49707 -0.51295)
(-0.47289 0.48383 -0.49324)
(-0.45320 0.49766 -0.49860)
(-0.45259 0.49078 -0.49757)
(-0.42882 0.48520 -0.48618)
(-0.41363 0.48015 -0.48320)
(-0.39507 0.48656 -0.48846)
(-0.39326 0.50780 -0.50686)
(-0.37562 0.51764 -0.52277)
(-0.38891 0.48984 -0.49211)
(-0.37155 0.52099 -0.52747)
(-0.34564 0.49713 -0.50323)
(-0.31434 0.47301 -0.48354)
(-0.29201 0.46587 -0.46914)
(-0.24547 0.41567 -0.41877)
(-0.23603 0.40667 -0.40870)
(-0.20423 0.38108 -0.36811)
(-0.16648 0.34757 -0.33254)
(-0.14669 0.33137 -0.30183)
(-0.12163 0.30572 -0.26839)
(-0.10505 0.30069 -0.25591)
(-0.10090 0.28580 -0.24024)
(-0.06587 0.25375 -0.20078)
(-0.04925 0.23807 -0.18253)
(-0.03340 0.21819 -0.15701)
(-0.01174 0.19604 -0.13204)
(-0.00364 0.13203 -0.09686)
(0.00010 0.12641 -0.08719)
(0.00261 0.03326 -0.02365)
(0.00418 0.01918 -0.01489)
(0.05008 -0.04154 0.02330)
(-0.00575 0.00479 -0.00273)
(-0.28133 0.24060 -0.14846)
(0.00360 -0.00321 0.00189)
(-0.08287 0.07334 -0.04349)
(-0.34358 0.31568 -0.19159)
(-0.39535 0.35944 -0.22105)
(-0.44133 0.40082 -0.26388)
(-0.38747 0.35858 -0.22313)
(-0.39813 0.36599 -0.22971)
(-0.48990 0.43766 -0.30928)
(-0.51049 0.45855 -0.35016)
(-0.54023 0.47725 -0.39049)
(-0.52914 0.46393 -0.40176)
(-0.54547 0.48528 -0.44732)
(-0.52867 0.46882 -0.43493)
(-0.52580 0.44806 -0.45270)
(-0.50652 0.42650 -0.44491)
(-0.51420 0.45544 -0.47279)
(-0.49897 0.42099 -0.44215)
(-0.48742 0.46195 -0.47938)
(-0.47041 0.45353 -0.47287)
(-0.45754 0.43918 -0.46298)
(-0.44616 0.45155 -0.46676)
(-0.43012 0.45545 -0.46540)
(-0.42090 0.46819 -0.47685)
(-0.39810 0.45751 -0.46728)
(-0.38571 0.45333 -0.46337)
(-0.35745 0.42636 -0.43720)
(-0.36742 0.49782 -0.50306)
(-0.34401 0.47654 -0.48490)
(-0.34659 0.43303 -0.44408)
(-0.32048 0.43408 -0.45144)
(-0.31021 0.44832 -0.46145)
(-0.28757 0.42335 -0.43863)
(-0.28157 0.40497 -0.42616)
(-0.27087 0.39708 -0.41873)
(-0.25229 0.39683 -0.41068)
(-0.23783 0.40532 -0.41033)
(-0.22658 0.38890 -0.40093)
(-0.19307 0.36246 -0.36976)
(-0.17320 0.35154 -0.34817)
(-0.16403 0.32880 -0.33274)
(-0.14057 0.30478 -0.29484)
(-0.11139 0.29218 -0.26220)
(-0.10317 0.29511 -0.25400)
(-0.07085 0.25167 -0.21841)
(-0.06036 0.25256 -0.20834)
(-0.01604 0.18292 -0.14337)
(-0.01273 0.14682 -0.12064)
(-0.00368 0.08541 -0.06776)
(-0.00177 0.05125 -0.03867)
(0.00062 0.01810 -0.01285)
(-0.00066 -0.00370 0.00258)
(-0.00141 -0.01623 0.01142)
(-0.00187 -0.01024 0.00715)
(0.04273 -0.03819 0.02249)
(-0.01985 0.01856 -0.01109)
(-0.18249 0.16907 -0.10179)
(0.05170 -0.04902 0.02906)
(-0.11718 0.11054 -0.06749)
(-0.30675 0.28620 -0.17648)
(-0.41301 0.38429 -0.25782)
(-0.28214 0.26631 -0.16683)
(-0.36265 0.34059 -0.21450)
(-0.43279 0.40439 -0.30309)
(-0.46911 0.42911 -0.33013)
(-0.46946 0.41939 -0.35870)
(-0.50738 0.44544 -0.40298)
(-0.46676 0.41373 -0.37606)
(-0.50212 0.43389 -0.41937)
(-0.49915 0.41703 -0.43453)
(-0.49266 0.41175 -0.43125)
(-0.48647 0.40667 -0.42794)
(-0.49202 0.41596 -0.43907)
(-0.48016 0.43398 -0.45711)
(-0.45703 0.41817 -0.44215)
(-0.45868 0.42929 -0.45443)
(-0.43400 0.42519 -0.43806)
(-0.39983 0.40950 -0.41460)
(-0.38543 0.40731 -0.41151)
(-0.35770 0.40150 -0.40777)
(-0.34212 0.38725 -0.39173)
(-0.33755 0.38881 -0.39435)
(-0.32917 0.39626 -0.40295)
(-0.28336 0.39950 -0.42075)
(-0.27490 0.39342 -0.41496)
(-0.26937 0.38339 -0.40458)
(-0.26279 0.38351 -0.40545)
(-0.24317 0.37355 -0.39326)
(-0.19046 0.32999 -0.34308)
(-0.18190 0.30830 -0.31464)
(-0.16120 0.30507 -0.30914)
(-0.14333 0.30093 -0.30224)
(-0.12702 0.26469 -0.26002)
(-0.10730 0.25756 -0.25292)
(-0.09645 0.25330 -0.23865)
(-0.09180 0.25756 -0.23899)
(-0.05167 0.18167 -0.16569)
(-0.00681 0.07670 -0.06504)
(-0.00195 0.03675 -0.03036)
(0.00002 -0.00117 0.00094)
(0.00049 -0.01393 0.01155)
(0.00019 -0.01760 0.01417)
(0.00097 -0.00092 0.00056)
(0.01134 -0.01120 0.00681)
(-0.07529 0.07204 -0.04462)
(-0.29067 0.28562 -0.19660)
(-0.10259 0.10772 -0.07275)
(-0.38784 0.37531 -0.28527)
(-0.43850 0.41042 -0.31560)
(-0.44775 0.40760 -0.35320)
(-0.40347 0.38294 -0.31853)
(-0.44526 0.40343 -0.35480)
(-0.45134 0.40531 -0.36119)
(-0.45286 0.40142 -0.36570)
(-0.45396 0.38683 -0.38415)
(-0.48401 0.40220 -0.41940)
(-0.47936 0.39781 -0.41656)
(-0.47353 0.39171 -0.41156)
(-0.47976 0.40095 -0.42337)
(-0.44362 0.38507 -0.40981)
(-0.40976 0.35879 -0.37370)
(-0.40054 0.36746 -0.37391)
(-0.37203 0.35150 -0.34896)
(-0.37044 0.37357 -0.37899)
(-0.36693 0.37536 -0.37996)
(-0.33881 0.37263 -0.37510)
(-0.33411 0.37361 -0.37700)
(-0.32609 0.36051 -0.36226)
(-0.32646 0.36823 -0.37218)
(-0.30456 0.36467 -0.37370)
(-0.27695 0.38711 -0.40786)
(-0.27915 0.34251 -0.34893)
(-0.27136 0.37513 -0.39432)
(-0.26429 0.37379 -0.39414)
(-0.23054 0.32926 -0.34339)
(-0.18946 0.29973 -0.30993)
(-0.17801 0.29973 -0.30490)
(-0.17553 0.29416 -0.29866)
(-0.11255 0.23209 -0.23030)
(-0.10551 0.23153 -0.22713)
(-0.09573 0.21177 -0.20736)
(-0.05544 0.12355 -0.12073)
(-0.02658 0.06362 -0.06179)
(-0.00677 0.03300 -0.03037)
(-0.00013 0.00200 -0.00170)
(0.00192 -0.01320 0.01185)
(0.00089 -0.01470 0.01253)
(-0.02324 0.02459 -0.01656)
(-0.06175 0.06316 -0.04529)
(-0.17152 0.17402 -0.12521)
(-0.06552 0.06716 -0.05172)
(-0.25786 0.24701 -0.20452)
(-0.38712 0.35532 -0.30862)
(-0.15463 0.14511 -0.12235)
(-0.25158 0.22928 -0.20200)
(-0.43402 0.39255 -0.34831)
(-0.44006 0.39276 -0.35511)
(-0.44842 0.38123 -0.37380)
(-0.42862 0.36989 -0.35293)
(-0.44621 0.37254 -0.37846)
(-0.47274 0.39128 -0.40843)
(-0.41669 0.34936 -0.35173)
(-0.39768 0.32300 -0.32911)
(-0.41009 0.33585 -0.35161)
(-0.40276 0.34160 -0.35313)
(-0.36985 0.30559 -0.30911)
(-0.36546 0.30790 -0.31161)
(-0.34294 0.30618 -0.29871)
(-0.33706 0.29739 -0.28829)
(-0.33403 0.29847 -0.28807)
(-0.33910 0.30786 -0.30093)
(-0.34325 0.32377 -0.32263)
(-0.33799 0.35123 -0.35172)
(-0.31523 0.29915 -0.28989)
(-0.32589 0.35188 -0.35117)
(-0.31933 0.34832 -0.34777)
(-0.30281 0.33073 -0.32887)
(-0.26911 0.30671 -0.29779)
(-0.25138 0.31617 -0.31727)
(-0.24768 0.27241 -0.25776)
(-0.22932 0.26816 -0.25951)
(-0.22270 0.28689 -0.28562)
(-0.20575 0.27745 -0.27858)
(-0.15408 0.21008 -0.20601)
(-0.12119 0.17953 -0.17886)
(-0.11622 0.20280 -0.20337)
(-0.08086 0.16699 -0.16484)
(-0.03701 0.06299 -0.06185)
(-0.02323 0.04811 -0.04709)
(-0.01549 0.03480 -0.03390)
(0.00279 -0.00674 0.00654)
(-0.01275 0.01313 -0.01008)
(-0.04074 0.04042 -0.03217)
(-0.04485 0.04245 -0.03609)
(-0.02253 0.02133 -0.01867)
(-0.05637 0.05033 -0.04621)
(-0.26910 0.23644 -0.22240)
(-0.32434 0.27657 -0.26987)
(-0.09195 0.07895 -0.07549)
(-0.16645 0.14189 -0.13789)
(-0.24921 0.20929 -0.20944)
(-0.34386 0.28625 -0.28180)
(-0.21535 0.17996 -0.17604)
(-0.33034 0.26672 -0.26537)
(-0.36138 0.28692 -0.28802)
(-0.28254 0.22976 -0.22637)
(-0.31976 0.25928 -0.24672)
(-0.31570 0.27114 -0.25789)
(-0.32103 0.28004 -0.26779)
(-0.27946 0.23562 -0.21961)
(-0.27485 0.23638 -0.21863)
(-0.27836 0.25031 -0.23680)
(-0.25436 0.22515 -0.20935)
(-0.20744 0.18078 -0.15974)
(-0.28152 0.27933 -0.27159)
(-0.25484 0.24743 -0.23429)
(-0.13478 0.12374 -0.10888)
(-0.20177 0.19892 -0.18140)
(-0.15391 0.15607 -0.14323)
(-0.16214 0.17847 -0.16780)
(-0.05253 0.05330 -0.04851)
(-0.06068 0.06321 -0.05637)
(-0.03896 0.04577 -0.04262)
(-0.05508 0.07158 -0.06820)
(0.00249 -0.00305 0.00278)
(-0.01178 0.01703 -0.01617)
(-0.00569 0.00919 -0.00912)
(0.06060 -0.05543 0.05001)
(0.05672 -0.04889 0.04659)
(-0.05252 0.04544 -0.04203)
(0.04667 -0.04056 0.03733)
(0.01578 -0.01354 0.01226)
(-0.11620 0.09745 -0.09484)
(-0.09669 0.08276 -0.07569)
(0.00153 -0.00132 0.00115)
(0.00125 -0.00107 0.00095)
(-0.10050 0.08390 -0.07880)
(-0.16859 0.13834 -0.13004)
(-0.03397 0.02820 -0.02486)
(-0.07835 0.06061 -0.05300)
(-0.13332 0.10310 -0.08997)
(-0.04434 0.03413 -0.02941)
(-0.08350 0.06753 -0.05892)
(-0.08656 0.06820 -0.05597)
(-0.13128 0.11309 -0.09859)
(-0.01084 0.00833 -0.00658)
(-0.02217 0.01841 -0.01586)
(0.00270 -0.00223 0.00180)
(-0.08599 0.07829 -0.06825)
(-0.04888 0.04496 -0.03933)
(0.02196 -0.01999 0.01664)
(0.01297 -0.01299 0.01097)
(0.02234 -0.02299 0.01896)
(0.02456 -0.02855 0.02526)
(-0.00953 0.00737 -0.00638)
(-0.01573 0.01209 -0.01038)
(-0.01317 0.00954 -0.00793)
(0.00571 -0.00417 0.00319)
)