/*--------------------------------*- C++ -*----------------------------------*\ 
| =========                 |                                                 | 
| \\      /  F ield         | OpenFOAM: The Open Source CFD Toolbox           | 
|  \\    /   O peration     | Version:  4.0                                   | 
|   \\  /    A nd           | Web:      www.OpenFOAM.org                      | 
|    \\/     M anipulation  |                                                 | 
\*---------------------------------------------------------------------------*/ 
FoamFile 
{ 
    version     2.0; 
    format      ascii; 
    class       vectorAverageField; 
    object      values; 
} 
// * * * * * * * * * * * * * * * * * * * * * * * * * * * * * * * * * * * * * // 
 
// Average 
(0 0 0) 
 
// Velocity data on points 
2447
(
(0.00271 0.00200 -0.00258)
(-0.00125 -0.00122 0.00157)
(-0.00020 -0.00544 0.00398)
(-0.00137 -0.00174 0.00188)
(0.00126 0.00281 -0.00261)
(-0.00132 -0.01310 0.01078)
(-0.00197 -0.00489 0.00449)
(-0.00885 -0.01083 0.00993)
(-0.00102 -0.00118 0.00109)
(0.00175 0.00160 -0.00156)
(-0.00719 -0.00679 0.00657)
(-0.00172 -0.00131 0.00133)
(0.00224 0.00112 -0.00142)
(-0.01136 -0.00518 0.00623)
(-0.00099 -0.00023 0.00045)
(0.00312 0.00073 -0.00140)
(-0.01068 -0.00238 0.00471)
(-0.00063 -0.00015 0.00027)
(0.00482 0.00140 -0.00184)
(-0.00098 -0.00028 0.00037)
(0.01406 0.00028 -0.00491)
(-0.00209 -0.00054 0.00105)
(0.00192 0.00035 -0.00095)
(0.00060 0.00025 -0.00043)
(-0.01156 -0.01700 0.01704)
(-0.00686 -0.01641 0.01402)
(-0.00369 -0.01909 0.01701)
(0.00144 -0.02298 0.01605)
(0.00420 -0.04052 0.03012)
(0.00416 -0.04062 0.02815)
(-0.00121 -0.03211 0.02623)
(-0.00787 -0.02123 0.01882)
(-0.00261 -0.03336 0.02702)
(-0.01760 -0.02310 0.02107)
(-0.01809 -0.01779 0.01707)
(-0.01735 -0.01326 0.01339)
(-0.02298 -0.02337 0.02234)
(-0.02717 -0.02057 0.02086)
(-0.03719 -0.01541 0.01942)
(-0.02285 -0.01008 0.01233)
(-0.02551 -0.00698 0.01176)
(-0.04705 -0.00888 0.02736)
(-0.04404 -0.00863 0.02612)
(-0.03452 -0.00627 0.01505)
(-0.02389 -0.00495 0.01023)
(-0.05202 -0.01005 0.02065)
(-0.02560 -0.00680 0.00889)
(-0.00817 -0.00257 0.00313)
(-0.04312 -0.00837 0.01824)
(-0.00656 -0.00218 0.00254)
(0.00102 0.00046 -0.00046)
(0.00848 0.00015 -0.00184)
(-0.00314 -0.00040 0.00095)
(-0.00993 -0.00184 0.00393)
(-0.01942 -0.00683 0.01156)
(-0.04630 -0.01909 0.02962)
(-0.03067 -0.01847 0.02460)
(-0.00984 -0.04382 0.03451)
(-0.00768 -0.03576 0.03175)
(-0.00564 -0.04221 0.03529)
(0.00941 -0.04236 0.03277)
(0.01464 -0.03042 0.03257)
(0.01844 -0.03003 0.03088)
(0.00653 -0.02521 0.02955)
(-0.00944 -0.02040 0.02356)
(0.00776 -0.02456 0.02981)
(0.00522 -0.02009 0.02880)
(-0.01339 -0.01841 0.02295)
(-0.02587 -0.01678 0.02586)
(-0.01927 -0.01025 0.02823)
(-0.04186 -0.00917 0.02747)
(-0.05153 -0.00607 0.02518)
(-0.06023 -0.00433 0.01885)
(-0.05361 -0.01041 0.02737)
(-0.06321 -0.00950 0.03364)
(-0.07447 -0.01239 0.02973)
(-0.07074 -0.01102 0.03374)
(-0.08075 -0.01630 0.03274)
(-0.06351 -0.01464 0.02401)
(-0.03794 -0.01094 0.01557)
(-0.07903 -0.01966 0.03250)
(-0.05885 -0.01747 0.02379)
(-0.02645 -0.01057 0.01242)
(-0.00160 -0.00073 0.00074)
(-0.01740 -0.00431 0.00821)
(0.00648 0.00182 -0.00338)
(0.01269 0.00355 -0.00647)
(0.00064 -0.00004 -0.00010)
(-0.01678 0.00056 0.00325)
(-0.04078 -0.00194 0.00955)
(-0.05216 -0.00929 0.01526)
(-0.09556 -0.01163 0.02753)
(-0.08027 -0.01397 0.02393)
(-0.09160 -0.01745 0.03130)
(-0.05965 -0.02374 0.03308)
(-0.05351 -0.02432 0.03641)
(-0.01938 -0.03888 0.03605)
(-0.00944 -0.02232 0.01686)
(-0.00749 -0.03116 0.02736)
(0.00106 -0.03354 0.02815)
(0.00345 -0.03305 0.02815)
(0.01521 -0.02760 0.02734)
(0.02827 -0.02089 0.02860)
(0.02884 -0.01779 0.02834)
(0.02420 -0.01886 0.02554)
(0.01178 -0.02275 0.03016)
(0.01039 -0.00857 0.03411)
(-0.00059 -0.00242 0.03270)
(-0.01423 0.00135 0.03353)
(-0.03595 -0.00240 0.02999)
(-0.04934 -0.00540 0.02709)
(-0.04423 -0.00620 0.02693)
(-0.05052 -0.00485 0.02785)
(-0.04872 -0.00527 0.02852)
(-0.07415 -0.01291 0.03163)
(-0.06980 -0.00918 0.03779)
(-0.07852 -0.02018 0.03286)
(-0.08917 -0.02423 0.03643)
(-0.09560 -0.01475 0.04126)
(-0.09335 -0.01395 0.04054)
(-0.05897 -0.01293 0.02576)
(-0.01724 -0.00379 0.00790)
(-0.08846 -0.01257 0.03425)
(-0.05657 -0.01289 0.02572)
(-0.00882 -0.00211 0.00404)
(-0.00262 -0.00067 0.00140)
(0.01318 -0.00119 -0.00200)
(-0.02719 0.00197 0.00391)
(-0.06502 0.00327 0.01040)
(-0.10323 -0.00081 0.02062)
(-0.13557 0.00339 0.02481)
(-0.10555 -0.00431 0.02063)
(-0.09186 -0.01222 0.02115)
(-0.07386 -0.01574 0.02163)
(-0.05842 -0.01705 0.02134)
(-0.01070 -0.01743 0.01351)
(-0.00648 -0.01962 0.01502)
(-0.00089 -0.02122 0.01591)
(-0.00280 -0.01640 0.01272)
(0.00188 -0.01704 0.01338)
(0.01028 -0.02752 0.02436)
(0.03011 -0.01590 0.02630)
(0.03022 -0.01473 0.02683)
(0.02986 -0.01374 0.02748)
(0.02027 -0.01194 0.02661)
(0.01885 0.00163 0.03219)
(0.01250 -0.00138 0.03798)
(-0.00301 0.00616 0.03819)
(0.00178 0.01206 0.02977)
(-0.00911 0.01097 0.02880)
(-0.01992 0.00378 0.02929)
(-0.03688 -0.00278 0.02730)
(-0.03904 -0.00411 0.02725)
(-0.04265 -0.00599 0.02729)
(-0.04687 -0.00824 0.02747)
(-0.06563 -0.01298 0.02734)
(-0.09438 -0.01516 0.04070)
(-0.09530 -0.01473 0.04146)
(-0.09295 -0.01484 0.04051)
(-0.09492 -0.01272 0.03907)
(-0.07925 -0.01343 0.03364)
(-0.08683 -0.01056 0.03159)
(-0.06658 -0.00988 0.03158)
(-0.03160 -0.00350 0.01704)
(-0.00328 -0.00037 0.00188)
(-0.05981 -0.00411 0.03361)
(-0.01345 -0.00087 0.00844)
(-0.00076 -0.00006 0.00049)
(-0.01643 0.00164 0.00237)
(-0.04661 0.00375 0.00683)
(-0.11507 0.00531 0.01543)
(-0.13875 0.00547 0.02175)
(-0.11452 0.00219 0.01271)
(-0.08558 -0.00466 0.01216)
(-0.07684 -0.00656 0.01129)
(-0.07785 -0.00478 0.01022)
(-0.07061 -0.00565 0.00894)
(-0.05565 -0.01461 0.01662)
(-0.01391 -0.01604 0.01229)
(-0.00938 -0.01287 0.00919)
(-0.00459 -0.01248 0.00927)
(0.00012 -0.01222 0.00968)
(0.00414 -0.01183 0.00999)
(0.02468 -0.00470 0.01154)
(0.03081 -0.00979 0.02373)
(0.02125 0.02212 -0.01132)
(0.02681 0.01774 0.00090)
(0.03143 -0.00575 0.02396)
(0.03112 -0.00827 0.02646)
(0.03043 0.01714 0.01525)
(0.03541 0.03917 -0.00415)
(0.04083 0.03256 0.01699)
(0.02707 0.01807 0.02045)
(0.01868 0.02043 0.02538)
(0.02312 0.02775 0.01434)
(0.02117 0.02724 0.01406)
(0.02065 0.02633 0.01349)
(-0.01654 0.00020 0.02638)
(-0.02645 -0.00231 0.02394)
(-0.02974 -0.00415 0.02354)
(-0.03413 -0.00652 0.02370)
(-0.04137 -0.00826 0.02647)
(-0.06284 -0.01410 0.02717)
(-0.05525 -0.01567 0.02113)
(-0.06889 -0.01217 0.02913)
(-0.06007 -0.00823 0.01960)
(-0.08399 -0.00722 0.03294)
(-0.07860 -0.01181 0.03624)
(-0.08246 -0.00317 0.04672)
(-0.05114 -0.00240 0.03068)
(-0.06002 -0.00103 0.03726)
(-0.01999 -0.00061 0.01309)
(-0.00935 -0.00006 0.00636)
(0.00904 -0.00081 -0.00175)
(-0.00208 0.00027 0.00031)
(-0.10477 0.00741 0.02273)
(-0.14729 0.00695 0.02664)
(-0.13564 -0.00144 0.02547)
(-0.10217 0.00036 0.01650)
(-0.07686 -0.00327 0.00846)
(-0.07158 -0.00404 0.00767)
(-0.06570 -0.00234 0.00404)
(-0.05136 -0.00473 0.00483)
(-0.02456 0.00120 -0.00295)
(-0.00601 -0.00871 0.00502)
(-0.00399 0.00257 -0.00413)
(-0.00055 -0.00515 0.00295)
(0.00241 -0.00657 0.00556)
(0.01884 0.00263 0.00567)
(0.01355 0.00428 -0.00255)
(0.01689 0.03717 -0.03360)
(0.01765 0.03889 -0.03305)
(0.02996 0.04620 -0.03370)
(0.03667 0.04284 -0.01636)
(0.04345 0.05353 -0.01578)
(0.04106 0.04969 0.00943)
(0.04207 0.04028 0.00448)
(0.03037 0.03288 0.00915)
(0.03084 0.03106 0.00797)
(0.03271 0.03003 0.00270)
(0.00883 0.01122 0.00214)
(-0.00261 -0.00142 0.01375)
(-0.01800 -0.00414 0.01709)
(-0.00870 -0.00502 0.00925)
(-0.03375 -0.01024 0.01241)
(-0.00719 -0.01628 0.00415)
(-0.04269 -0.01249 0.01408)
(-0.03856 -0.00900 0.00683)
(-0.04868 -0.00800 0.01110)
(-0.05663 -0.00352 0.01703)
(-0.05069 0.00272 0.01894)
(-0.07686 -0.00003 0.04262)
(-0.07723 -0.00028 0.04578)
(-0.02996 0.00003 0.02001)
(-0.07343 0.00180 0.04463)
(-0.05911 0.00059 0.03827)
(-0.01926 0.00045 0.01761)
(-0.00098 0.00007 0.00166)
(0.02747 -0.00208 -0.00699)
(-0.00092 0.00007 0.00024)
(-0.05282 0.00312 0.01422)
(-0.10590 0.00624 0.02766)
(-0.14571 0.00138 0.03559)
(-0.14352 0.00144 0.04216)
(-0.11826 -0.00509 0.03178)
(-0.11749 0.00194 0.02256)
(-0.09844 0.00185 0.01226)
(-0.07738 0.00301 0.00232)
(-0.05999 -0.00250 0.00872)
(-0.04316 0.00588 -0.02556)
(-0.02885 0.01195 -0.02698)
(-0.01802 0.01879 -0.03861)
(-0.01210 0.03284 -0.05288)
(-0.01092 0.04976 -0.07293)
(0.00857 0.04240 -0.04579)
(0.01758 0.06172 -0.04402)
(0.02288 0.06383 -0.05361)
(0.03282 0.05769 -0.05044)
(0.03684 0.06483 -0.05577)
(0.04559 0.07593 -0.05892)
(0.05190 0.06788 -0.05244)
(0.05809 0.06802 -0.05837)
(0.03835 0.03967 0.00147)
(0.03946 0.03703 -0.00024)
(0.05694 0.03605 -0.01923)
(0.07028 0.02777 -0.03832)
(0.07499 0.02330 -0.04329)
(0.05628 0.00621 -0.02905)
(0.04625 0.00291 -0.02482)
(0.01895 -0.00627 -0.01370)
(-0.00620 -0.01425 -0.00064)
(-0.03752 -0.00645 0.00540)
(0.00010 -0.00537 0.00801)
(-0.01808 -0.00264 0.02052)
(-0.03091 0.00267 0.01870)
(-0.01186 -0.00130 0.01757)
(-0.03675 0.00193 0.02569)
(-0.04905 0.00307 0.03515)
(-0.05335 0.00242 0.05385)
(-0.02536 0.00253 0.04213)
(-0.03063 0.00509 0.04786)
(-0.00868 0.00074 0.01428)
(-0.00541 0.00107 0.00780)
(0.00108 -0.00004 -0.00036)
(-0.04122 0.00214 0.01212)
(-0.12539 0.00405 0.04068)
(-0.12854 -0.00332 0.05209)
(-0.11720 -0.00854 0.05069)
(-0.08347 -0.01397 0.03669)
(-0.10505 -0.00620 0.03076)
(-0.10085 -0.00638 0.02200)
(-0.08543 -0.00906 0.02800)
(-0.07128 -0.00358 0.00857)
(-0.06724 -0.00269 0.00567)
(-0.05511 0.00846 -0.02256)
(-0.04987 0.01185 -0.03312)
(-0.04754 0.01402 -0.03651)
(-0.04018 0.01560 -0.04293)
(-0.03079 0.03609 -0.05977)
(-0.04450 0.03948 -0.07046)
(-0.03363 0.04768 -0.08277)
(-0.01746 0.04121 -0.07185)
(-0.02002 0.06051 -0.09071)
(-0.01299 0.05645 -0.08181)
(-0.00336 0.07075 -0.08390)
(0.00459 0.06904 -0.08326)
(0.01491 0.08176 -0.10248)
(0.02021 0.09713 -0.13681)
(0.02588 0.09700 -0.13765)
(0.03693 0.09779 -0.13136)
(0.06179 0.07992 -0.08836)
(0.07995 0.05830 -0.06534)
(0.07574 0.04377 -0.06635)
(0.08317 0.03282 -0.05767)
(0.09807 0.02700 -0.05982)
(0.09568 0.02111 -0.05561)
(0.08779 0.01675 -0.06728)
(0.05764 0.00034 -0.04044)
(0.08306 0.00128 -0.05895)
(0.04498 0.00002 -0.03469)
(0.05834 -0.00680 -0.02442)
(0.04460 -0.01100 -0.01061)
(0.06224 -0.00760 -0.01574)
(0.00586 -0.00420 0.00556)
(0.01506 0.00076 0.00496)
(0.00217 0.00398 0.01316)
(0.02199 0.00754 0.02250)
(0.00541 0.01124 0.04046)
(-0.00504 0.01255 0.05468)
(-0.02018 0.00328 0.06695)
(-0.00800 0.00008 0.03016)
(0.00068 0.00019 -0.00383)
(0.00238 -0.00085 0.06022)
(-0.01146 -0.00011 0.00522)
(-0.06531 -0.00045 0.02608)
(-0.06298 -0.00649 0.03668)
(-0.10647 -0.00302 0.04851)
(-0.10459 -0.01417 0.05739)
(-0.08458 -0.01516 0.04063)
(-0.07445 -0.01577 0.03657)
(-0.07685 -0.01408 0.03364)
(-0.07166 -0.01261 0.02739)
(-0.06486 0.00041 -0.00968)
(-0.05135 0.01172 -0.03384)
(-0.05034 0.01506 -0.04098)
(-0.05366 0.03246 -0.06429)
(-0.06121 0.06006 -0.11868)
(-0.05893 0.06641 -0.13189)
(-0.05790 0.09210 -0.15765)
(-0.04645 0.08425 -0.13895)
(-0.03914 0.10442 -0.16920)
(-0.07113 0.11600 -0.21095)
(-0.02962 0.10204 -0.15251)
(-0.00286 0.10391 -0.14023)
(0.01288 0.10157 -0.15472)
(0.01772 0.10136 -0.15679)
(0.02451 0.10012 -0.15746)
(0.04406 0.09289 -0.14631)
(0.07659 0.07151 -0.09952)
(0.05089 0.09971 -0.18044)
(0.08511 0.06825 -0.10480)
(0.09331 0.05877 -0.09570)
(0.09560 0.04408 -0.11484)
(0.10130 0.03443 -0.10704)
(0.11762 0.02028 -0.10622)
(0.11101 0.01637 -0.09692)
(0.11215 0.01593 -0.09909)
(0.08233 0.00680 -0.05924)
(0.08710 0.00377 -0.04835)
(0.07297 -0.00866 -0.02182)
(0.07647 -0.00856 -0.02163)
(0.06505 -0.00720 -0.01594)
(0.05623 0.00629 -0.00453)
(0.04768 0.00653 0.01841)
(0.03629 0.00814 0.04748)
(0.05723 0.01061 0.05989)
(0.02705 0.01034 0.06375)
(0.05091 0.01045 0.06963)
(0.01968 0.00607 0.07799)
(0.00859 -0.00686 0.06781)
(0.00055 -0.00092 0.00602)
(-0.00034 0.00039 -0.00226)
(0.00297 0.00043 -0.00194)
(-0.00427 -0.00073 0.00305)
(-0.03189 -0.00544 0.02211)
(-0.08409 -0.01715 0.06152)
(-0.09568 -0.01935 0.06911)
(-0.09072 -0.02201 0.07221)
(-0.08901 -0.01822 0.05735)
(-0.07331 -0.01769 0.04098)
(-0.07023 -0.01402 0.02985)
(-0.06785 -0.01605 0.03295)
(-0.06731 -0.01214 0.02302)
(-0.05299 0.00526 -0.02670)
(-0.07797 0.01244 -0.03560)
(-0.05374 0.01498 -0.04208)
(-0.07439 0.03198 -0.07168)
(-0.09496 0.07074 -0.14823)
(-0.07883 0.07760 -0.16725)
(-0.07857 0.08851 -0.17921)
(-0.08349 0.11919 -0.22710)
(-0.06946 0.11911 -0.21464)
(-0.08199 0.12260 -0.23219)
(-0.06866 0.12221 -0.21971)
(0.00406 0.10523 -0.17531)
(0.00715 0.10517 -0.17835)
(0.01372 0.10317 -0.17861)
(0.01431 0.10555 -0.19754)
(0.03554 0.10711 -0.21238)
(0.07537 0.08518 -0.16368)
(0.08356 0.08834 -0.19904)
(0.08779 0.08339 -0.19551)
(0.09133 0.07981 -0.19329)
(0.11455 0.02810 -0.13763)
(0.11707 0.02026 -0.11115)
(0.11496 0.01553 -0.10154)
(0.11258 0.01040 -0.09047)
(0.08599 -0.00904 -0.02895)
(0.08975 -0.00941 -0.02881)
(0.08822 0.00062 -0.00692)
(0.07347 0.00491 0.01372)
(0.09539 0.00298 0.01688)
(0.06214 0.00368 0.04329)
(0.07340 0.00775 0.06190)
(0.06637 0.00897 0.06539)
(0.06116 0.00922 0.07093)
(0.05632 0.00938 0.07562)
(0.03387 -0.01551 0.09545)
(0.00535 -0.00547 0.03301)
(0.00252 -0.00238 0.01334)
(-0.00244 0.00250 -0.01361)
(-0.00868 -0.00143 0.00654)
(-0.03147 -0.00655 0.02427)
(-0.05687 -0.01267 0.04458)
(-0.04717 -0.01176 0.03931)
(-0.08457 -0.02345 0.07230)
(-0.08322 -0.02458 0.07197)
(-0.05175 -0.02557 0.04587)
(-0.05980 -0.02425 0.05557)
(-0.06373 -0.01902 0.03695)
(-0.06443 -0.01539 0.02779)
(-0.07619 0.00597 -0.01852)
(-0.09885 0.02852 -0.07242)
(-0.08232 0.02900 -0.06768)
(-0.10235 0.04512 -0.09497)
(-0.10784 0.05948 -0.12409)
(-0.10327 0.07557 -0.14866)
(-0.12232 0.09558 -0.19993)
(-0.11712 0.10062 -0.21353)
(-0.10264 0.10862 -0.23317)
(-0.09687 0.12673 -0.24965)
(-0.08047 0.12537 -0.23851)
(-0.09433 0.12909 -0.25589)
(-0.07515 0.12968 -0.26553)
(-0.03788 0.12205 -0.24874)
(-0.02677 0.12419 -0.25070)
(-0.02379 0.12899 -0.27732)
(-0.01565 0.12520 -0.28993)
(0.05167 0.09479 -0.22482)
(0.07137 0.08792 -0.21046)
(0.07887 0.08882 -0.21273)
(0.08339 0.08509 -0.20931)
(0.10165 0.05046 -0.19012)
(0.11830 0.02482 -0.12503)
(0.11766 0.02529 -0.12860)
(0.11960 0.01883 -0.11360)
(0.12485 0.01559 -0.10342)
(0.11061 0.00629 -0.07991)
(0.11454 0.00602 -0.07954)
(0.11983 -0.00170 -0.02741)
(0.12018 0.00438 -0.05413)
(0.11834 0.01029 -0.01495)
(0.11430 0.00504 0.00273)
(0.12190 0.00637 -0.00750)
(0.09788 0.00153 0.03588)
(0.08199 0.00640 0.06513)
(0.07527 0.00767 0.06857)
(0.07313 0.00790 0.07331)
(0.07146 0.00778 0.07788)
(0.06491 0.00790 0.08084)
(0.06544 -0.00547 0.11230)
(0.03863 -0.01433 0.11094)
(0.01249 -0.00761 0.04548)
(-0.00113 0.00104 -0.00550)
(0.00034 0.00009 -0.00034)
(-0.00451 -0.00141 0.00508)
(-0.02631 -0.00903 0.03143)
(-0.07465 -0.02159 0.06578)
(-0.07217 -0.02241 0.06767)
(-0.06138 -0.02822 0.06865)
(-0.03547 -0.03164 0.06674)
(-0.05854 -0.02633 0.05518)
(-0.05151 -0.02391 0.04436)
(-0.04572 -0.02461 0.04174)
(-0.04872 -0.02056 0.03877)
(-0.05704 -0.00883 0.02242)
(-0.09831 0.01934 -0.02717)
(-0.10763 0.03304 -0.07139)
(-0.11077 0.03783 -0.08897)
(-0.14564 0.06808 -0.15391)
(-0.14541 0.08632 -0.17974)
(-0.14304 0.10053 -0.21751)
(-0.14937 0.10811 -0.23474)
(-0.17347 0.13197 -0.29607)
(-0.18419 0.14583 -0.32692)
(-0.17400 0.16056 -0.35684)
(-0.11483 0.14217 -0.30621)
(-0.17095 0.16607 -0.37041)
(-0.11194 0.14657 -0.34949)
(-0.10460 0.14922 -0.35874)
(-0.06303 0.13788 -0.32534)
(-0.05375 0.13766 -0.32639)
(0.01118 0.11225 -0.28236)
(-0.04945 0.13519 -0.35436)
(0.02679 0.10693 -0.28299)
(0.04961 0.09680 -0.25220)
(0.06103 0.09048 -0.23515)
(0.06279 0.07529 -0.24292)
(0.08801 0.05797 -0.20879)
(0.07761 0.06761 -0.22306)
(0.12337 0.02813 -0.14733)
(0.10221 0.04119 -0.15774)
(0.13665 0.00967 -0.11159)
(0.13798 0.00908 -0.10953)
(0.12132 0.00154 -0.05945)
(0.11570 0.00292 -0.03535)
(0.11095 -0.00699 -0.01060)
(0.11655 -0.00447 0.02071)
(0.11386 0.00107 0.03242)
(0.10322 -0.00908 0.06696)
(0.09546 -0.01208 0.09524)
(0.07587 0.00022 0.10301)
(0.07113 -0.01679 0.13377)
(0.05283 -0.01559 0.13804)
(0.07792 -0.01860 0.12240)
(0.06052 -0.01469 0.14665)
(0.02455 -0.01349 0.07208)
(0.00131 -0.00086 0.00412)
(-0.00262 0.00213 -0.00920)
(-0.00063 -0.00121 0.00271)
(-0.01105 -0.00467 0.01441)
(-0.04155 -0.02778 0.07006)
(-0.01482 -0.03191 0.06203)
(-0.02500 -0.03006 0.06635)
(-0.02449 -0.03186 0.06487)
(-0.01533 -0.02938 0.06424)
(-0.04013 -0.02133 0.04513)
(-0.04667 -0.02415 0.04069)
(-0.11972 0.02667 -0.02629)
(-0.11175 0.02291 -0.02603)
(-0.12099 0.03675 -0.05604)
(-0.14854 0.05902 -0.10329)
(-0.18000 0.08644 -0.16886)
(-0.25154 0.13437 -0.28203)
(-0.26169 0.14362 -0.30452)
(-0.22965 0.13234 -0.28455)
(-0.22563 0.14854 -0.32650)
(-0.20904 0.15085 -0.34236)
(-0.22606 0.17098 -0.38917)
(-0.21964 0.17735 -0.41978)
(-0.15012 0.15599 -0.38203)
(-0.12833 0.15242 -0.38934)
(-0.12978 0.15953 -0.39621)
(-0.13354 0.16173 -0.43166)
(-0.12629 0.16027 -0.42846)
(-0.01841 0.12777 -0.32667)
(0.00824 0.11775 -0.30791)
(-0.00254 0.10214 -0.32362)
(0.00378 0.09885 -0.31768)
(0.06003 0.07987 -0.25254)
(0.06022 0.07683 -0.24593)
(0.08943 0.05211 -0.17976)
(0.08533 0.04681 -0.17973)
(0.12100 0.02165 -0.12432)
(0.10796 0.02233 -0.12095)
(0.10628 0.01356 -0.07960)
(0.10833 -0.00337 -0.03530)
(0.10452 -0.00501 -0.02391)
(0.11364 -0.01052 0.00296)
(0.10958 -0.00361 0.03823)
(0.10517 -0.01000 0.02489)
(0.11037 -0.00551 0.06561)
(0.10419 -0.01584 0.09080)
(0.09559 -0.02885 0.10397)
(0.07898 -0.02017 0.12106)
(0.06390 -0.02092 0.13820)
(0.06104 -0.01265 0.14750)
(0.05662 -0.02740 0.15291)
(0.03257 -0.01845 0.10294)
(0.00545 -0.00422 0.01879)
(0.00232 -0.00282 0.01052)
(0.00078 0.00204 -0.00450)
(-0.00327 -0.00850 0.01813)
(-0.00027 -0.00080 0.00174)
(-0.00229 -0.01072 0.02212)
(-0.00384 -0.03075 0.05493)
(-0.01535 -0.03193 0.06393)
(-0.00186 -0.03207 0.05484)
(-0.01373 -0.02583 0.05899)
(-0.03162 -0.01441 0.04758)
(-0.03932 -0.01805 0.05177)
(-0.06530 0.00248 0.02966)
(-0.06141 -0.00221 0.02581)
(-0.10608 0.01700 -0.00253)
(-0.18521 0.07228 -0.09316)
(-0.19993 0.08317 -0.11588)
(-0.19632 0.08618 -0.14491)
(-0.24037 0.12265 -0.24565)
(-0.27429 0.14836 -0.30679)
(-0.27488 0.15289 -0.32559)
(-0.26275 0.16250 -0.36748)
(-0.27909 0.18506 -0.42056)
(-0.27430 0.19199 -0.44874)
(-0.28242 0.21464 -0.49082)
(-0.21120 0.17637 -0.42287)
(-0.19895 0.17874 -0.43915)
(-0.16396 0.17040 -0.44143)
(-0.15122 0.16939 -0.44606)
(-0.14616 0.16874 -0.44453)
(-0.12171 0.15986 -0.42725)
(-0.05085 0.13031 -0.36746)
(-0.01873 0.11053 -0.33991)
(-0.01398 0.10745 -0.33464)
(0.01087 0.09940 -0.30374)
(0.01055 0.09380 -0.28392)
(0.04878 0.07486 -0.22916)
(0.03194 0.07436 -0.21915)
(0.03923 0.06748 -0.20338)
(0.07169 0.04407 -0.15801)
(0.08534 0.01808 -0.08374)
(0.10012 -0.00130 -0.03893)
(0.09662 -0.00404 -0.02908)
(0.10145 -0.00699 -0.01376)
(0.10274 -0.01315 0.00868)
(0.09395 -0.01659 0.06149)
(0.09962 -0.02846 0.10004)
(0.09412 -0.02893 0.11027)
(0.08864 -0.02564 0.11870)
(0.07477 -0.03374 0.13610)
(0.06432 -0.03617 0.14499)
(0.05491 -0.04278 0.15614)
(0.03011 -0.03417 0.13054)
(0.00534 -0.00693 0.02509)
(0.00034 0.00201 -0.00427)
(-0.00033 -0.00375 0.00773)
(-0.00098 -0.02375 0.04648)
(0.00112 -0.01829 0.03596)
(0.00268 -0.02436 0.04722)
(-0.00713 -0.02274 0.04656)
(-0.01899 -0.02138 0.05019)
(-0.04525 -0.00511 0.03517)
(-0.07661 0.01296 0.01543)
(-0.09046 0.02061 0.00991)
(-0.10796 0.02282 -0.00888)
(-0.19113 0.07603 -0.09152)
(-0.20738 0.08741 -0.11177)
(-0.22469 0.09911 -0.13447)
(-0.21909 0.09592 -0.13587)
(-0.25212 0.12290 -0.20677)
(-0.28755 0.15360 -0.29558)
(-0.29545 0.16018 -0.32778)
(-0.33489 0.19790 -0.38805)
(-0.28788 0.16111 -0.34580)
(-0.30346 0.19747 -0.43442)
(-0.30387 0.19957 -0.44234)
(-0.29975 0.22059 -0.49860)
(-0.27595 0.21382 -0.49269)
(-0.27311 0.21441 -0.49580)
(-0.16790 0.17611 -0.46005)
(-0.16459 0.17604 -0.45953)
(-0.14064 0.16756 -0.44290)
(-0.13705 0.16700 -0.44300)
(-0.11149 0.16230 -0.42353)
(-0.08926 0.15384 -0.40355)
(-0.02487 0.11582 -0.32533)
(-0.06188 0.13742 -0.35469)
(-0.00972 0.10623 -0.29799)
(0.01645 0.08130 -0.23041)
(0.01603 0.07765 -0.22011)
(0.02994 0.06776 -0.19977)
(0.02711 0.04968 -0.16054)
(0.09054 -0.00032 -0.04454)
(0.08714 -0.00387 -0.03671)
(0.09387 -0.00819 -0.01911)
(0.08311 -0.02603 0.00856)
(0.08652 -0.02989 0.05917)
(0.08803 -0.02841 0.06617)
(0.07982 -0.04985 0.11102)
(0.07427 -0.04439 0.12472)
(0.07300 -0.04266 0.12916)
(0.07140 -0.04888 0.12858)
(0.07035 -0.04714 0.13281)
(0.06869 -0.04642 0.13752)
(0.05374 -0.04825 0.15811)
(0.03897 -0.04804 0.17407)
(0.03366 -0.04688 0.15980)
(0.00804 -0.01151 0.04005)
(-0.00237 0.00345 -0.01208)
(-0.00010 0.00082 -0.00163)
(0.00123 -0.00668 0.01298)
(0.01694 -0.02192 0.03569)
(0.00883 -0.02620 0.04716)
(0.01561 -0.02233 0.04293)
(-0.00295 -0.01916 0.04339)
(-0.02505 -0.00730 0.03149)
(-0.07320 0.01343 0.01489)
(-0.09016 0.02244 0.00814)
(-0.14130 0.04865 -0.02164)
(-0.16513 0.06177 -0.05183)
(-0.21154 0.09044 -0.10854)
(-0.22807 0.10164 -0.13061)
(-0.28570 0.14282 -0.19650)
(-0.24496 0.11252 -0.16102)
(-0.32378 0.17297 -0.27767)
(-0.34273 0.19083 -0.33184)
(-0.36994 0.21659 -0.39492)
(-0.36152 0.22632 -0.44810)
(-0.35216 0.21932 -0.47058)
(-0.33316 0.22470 -0.49602)
(-0.29217 0.22008 -0.50046)
(-0.30675 0.22596 -0.50588)
(-0.28685 0.21993 -0.50362)
(-0.25478 0.20700 -0.50519)
(-0.23409 0.20777 -0.50776)
(-0.15862 0.17445 -0.45761)
(-0.16433 0.18198 -0.46616)
(-0.15523 0.18075 -0.46528)
(-0.14868 0.17916 -0.45983)
(-0.09768 0.15922 -0.39283)
(-0.09665 0.15996 -0.38407)
(-0.06277 0.13509 -0.34400)
(-0.02140 0.09866 -0.28003)
(0.00023 0.08538 -0.23295)
(0.01637 0.07233 -0.20886)
(0.00682 0.04872 -0.17208)
(0.05101 0.01874 -0.08861)
(0.04640 0.00183 -0.07467)
(0.06083 -0.01772 -0.02056)
(0.05596 -0.03911 0.00967)
(0.07628 -0.03949 0.05235)
(0.07569 -0.04328 0.07746)
(0.06492 -0.06193 0.07409)
(0.06644 -0.05080 0.09176)
(0.07119 -0.05286 0.12523)
(0.06847 -0.05215 0.13461)
(0.05440 -0.06845 0.14883)
(0.04491 -0.06335 0.15917)
(0.03779 -0.05230 0.17595)
(0.03704 -0.05524 0.17766)
(0.01042 -0.01657 0.05531)
(-0.00044 0.00072 -0.00246)
(0.00073 -0.00043 0.00063)
(0.01632 -0.01280 0.01910)
(0.01595 -0.00933 0.01313)
(0.02116 -0.02079 0.04098)
(0.01959 -0.02091 0.04340)
(0.01699 -0.02236 0.04273)
(0.00152 -0.01442 0.04100)
(-0.04624 0.00909 0.02599)
(-0.05326 0.00588 0.02536)
(-0.08640 0.02236 0.00754)
(-0.14612 0.05955 -0.02289)
(-0.19353 0.08511 -0.07060)
(-0.24440 0.11472 -0.12792)
(-0.29557 0.15824 -0.18972)
(-0.34825 0.18802 -0.28540)
(-0.40527 0.22032 -0.35849)
(-0.38773 0.22279 -0.36520)
(-0.38661 0.23699 -0.45075)
(-0.40648 0.25254 -0.44161)
(-0.38761 0.25023 -0.49031)
(-0.38301 0.25864 -0.50642)
(-0.37193 0.26020 -0.53047)
(-0.29932 0.22543 -0.50865)
(-0.29107 0.22529 -0.53287)
(-0.29650 0.23729 -0.55694)
(-0.22506 0.20736 -0.51222)
(-0.22894 0.21509 -0.52136)
(-0.19408 0.20111 -0.49659)
(-0.18684 0.19528 -0.49548)
(-0.13823 0.17848 -0.43734)
(-0.13692 0.17728 -0.42988)
(-0.08762 0.14680 -0.35899)
(-0.09321 0.14104 -0.34255)
(-0.10260 0.14095 -0.32769)
(-0.04584 0.09106 -0.24347)
(-0.03698 0.07050 -0.21526)
(-0.00131 0.02308 -0.13867)
(-0.00095 0.01971 -0.13290)
(0.03703 -0.02179 -0.04089)
(0.03004 -0.03264 -0.02403)
(0.05991 -0.04620 0.03772)
(0.04689 -0.06928 0.05750)
(0.06304 -0.06640 0.10834)
(0.05385 -0.07971 0.12099)
(0.06729 -0.05764 0.13421)
(0.03889 -0.10167 0.14948)
(0.03946 -0.08234 0.16377)
(0.04048 -0.07856 0.16599)
(0.03608 -0.08599 0.17786)
(0.03202 -0.07515 0.18481)
(0.00902 -0.02926 0.07969)
(0.00055 -0.00179 0.00586)
(0.00322 -0.00185 0.00270)
(0.01705 -0.01158 0.02508)
(0.02065 -0.01671 0.03910)
(0.00650 -0.00722 0.04122)
(0.00180 -0.01056 0.04383)
(-0.04212 0.00774 0.02852)
(-0.11182 0.04713 0.00110)
(-0.08536 0.02855 0.01451)
(-0.13559 0.05959 -0.01153)
(-0.16979 0.07863 -0.03529)
(-0.24584 0.12557 -0.11271)
(-0.28891 0.15498 -0.16739)
(-0.32496 0.18196 -0.23675)
(-0.32484 0.18492 -0.22275)
(-0.37995 0.21144 -0.32518)
(-0.39134 0.23757 -0.36541)
(-0.43361 0.28904 -0.45636)
(-0.41912 0.27172 -0.47843)
(-0.41925 0.27965 -0.51040)
(-0.40231 0.27420 -0.51862)
(-0.37245 0.26663 -0.54988)
(-0.34989 0.26197 -0.55927)
(-0.32966 0.25560 -0.56248)
(-0.27779 0.23027 -0.54894)
(-0.25754 0.22622 -0.54243)
(-0.25571 0.23253 -0.54808)
(-0.24911 0.22749 -0.54054)
(-0.19249 0.20023 -0.48561)
(-0.19815 0.20446 -0.47270)
(-0.14096 0.17738 -0.40946)
(-0.13363 0.16417 -0.37494)
(-0.12489 0.14236 -0.33323)
(-0.08223 0.10925 -0.27729)
(-0.07479 0.08407 -0.24744)
(-0.00693 0.02492 -0.14434)
(-0.01650 0.00887 -0.12766)
(0.01517 -0.02163 -0.07019)
(-0.00553 -0.05633 -0.04682)
(0.02385 -0.06109 -0.00454)
(0.02912 -0.08635 0.04632)
(0.04508 -0.07464 0.06186)
(0.05527 -0.08629 0.10014)
(0.03542 -0.11662 0.10940)
(0.03109 -0.11413 0.12622)
(0.03804 -0.10509 0.14631)
(0.03756 -0.09176 0.16958)
(0.02924 -0.09342 0.18303)
(0.02845 -0.08775 0.18301)
(0.01414 -0.05523 0.13818)
(0.00666 -0.02528 0.06828)
(0.00089 -0.00366 0.01024)
(-0.00198 0.00107 -0.00207)
(0.00716 -0.00395 0.00812)
(0.02344 -0.01187 0.02823)
(0.02421 -0.01404 0.04487)
(0.00787 -0.00780 0.04603)
(-0.00574 -0.00256 0.04582)
(-0.04084 0.01246 0.03156)
(-0.01561 0.00157 0.04532)
(-0.09639 0.04001 0.00749)
(-0.12871 0.05683 -0.00665)
(-0.14662 0.06711 -0.01846)
(-0.20696 0.11808 -0.07215)
(-0.23372 0.12277 -0.09619)
(-0.26675 0.15478 -0.14788)
(-0.32144 0.20951 -0.23058)
(-0.36375 0.22659 -0.28515)
(-0.34943 0.23722 -0.27507)
(-0.38317 0.24683 -0.33231)
(-0.43435 0.29560 -0.45289)
(-0.43416 0.29475 -0.46933)
(-0.43436 0.29882 -0.48088)
(-0.42152 0.29853 -0.50771)
(-0.38955 0.27563 -0.55747)
(-0.38821 0.28420 -0.56870)
(-0.36598 0.28517 -0.58854)
(-0.33641 0.26540 -0.58329)
(-0.30994 0.24686 -0.57752)
(-0.29575 0.24595 -0.57819)
(-0.29542 0.25237 -0.58092)
(-0.29161 0.25196 -0.57817)
(-0.23069 0.22013 -0.51374)
(-0.21040 0.21160 -0.48377)
(-0.19621 0.20324 -0.46377)
(-0.18591 0.19659 -0.44092)
(-0.16793 0.16560 -0.37306)
(-0.11988 0.12819 -0.30934)
(-0.12018 0.09338 -0.26206)
(-0.07496 0.06166 -0.21909)
(-0.06852 0.03259 -0.17322)
(-0.01426 -0.04606 -0.06783)
(-0.01333 -0.05625 -0.05483)
(-0.00385 -0.06555 -0.03552)
(-0.00226 -0.07458 -0.02616)
(0.02954 -0.10804 0.08360)
(0.03191 -0.12218 0.10718)
(0.02885 -0.11760 0.12839)
(0.03148 -0.11974 0.13139)
(0.03236 -0.11530 0.15138)
(0.02736 -0.10815 0.16844)
(0.01791 -0.11044 0.18021)
(0.02050 -0.10766 0.17914)
(0.01400 -0.09107 0.19827)
(0.00352 -0.05827 0.13432)
(0.00016 -0.00593 0.01446)
(0.00004 -0.00598 0.01439)
(0.00647 -0.00325 0.00615)
(0.03234 -0.01692 0.03720)
(0.00654 -0.00687 0.04991)
(0.00094 -0.00483 0.04864)
(-0.00778 -0.00143 0.04761)
(-0.01858 0.00305 0.04757)
(-0.08580 0.03717 0.01422)
(-0.12108 0.06014 -0.00580)
(-0.14392 0.06616 -0.01528)
(-0.19229 0.11461 -0.06684)
(-0.25616 0.15483 -0.13953)
(-0.32913 0.22285 -0.24338)
(-0.33957 0.23495 -0.26293)
(-0.35916 0.24834 -0.29218)
(-0.38407 0.27306 -0.34600)
(-0.43503 0.30118 -0.46338)
(-0.43543 0.30933 -0.45807)
(-0.43581 0.30552 -0.47522)
(-0.43926 0.32678 -0.50969)
(-0.42200 0.32482 -0.54807)
(-0.41620 0.31524 -0.54696)
(-0.41121 0.31068 -0.57522)
(-0.38770 0.31163 -0.59769)
(-0.38312 0.30883 -0.60361)
(-0.33402 0.27011 -0.59180)
(-0.30610 0.25872 -0.59013)
(-0.30270 0.25824 -0.58762)
(-0.29092 0.25291 -0.57679)
(-0.26438 0.24068 -0.53699)
(-0.20905 0.21036 -0.47685)
(-0.20904 0.20465 -0.45739)
(-0.19390 0.18377 -0.40307)
(-0.15928 0.15285 -0.35277)
(-0.13276 0.10094 -0.27412)
(-0.11505 0.08152 -0.24889)
(-0.11241 0.07149 -0.23879)
(-0.02271 -0.04701 -0.07381)
(-0.02195 -0.05601 -0.06296)
(-0.01143 -0.06630 -0.04295)
(-0.00908 -0.07778 -0.03101)
(0.01063 -0.10885 0.04827)
(0.02599 -0.13548 0.09682)
(0.01877 -0.13279 0.13604)
(0.02249 -0.13156 0.15126)
(0.02480 -0.12111 0.17196)
(0.01557 -0.11887 0.17891)
(0.01552 -0.11543 0.18060)
(0.00589 -0.09350 0.20219)
(0.00256 -0.06835 0.15573)
(0.00083 -0.03693 0.08644)
(0.00111 -0.07021 0.15967)
(-0.00012 -0.00976 0.02331)
(0.00162 -0.00083 0.00160)
(0.01238 -0.00635 0.01247)
(0.00802 -0.00423 0.00825)
(0.02933 -0.01528 0.03105)
(0.02679 -0.01549 0.05368)
(0.01124 -0.00963 0.05270)
(-0.00084 -0.00456 0.05284)
(-0.01329 0.00130 0.05341)
(-0.00920 -0.00089 0.04999)
(-0.05443 0.02155 0.03977)
(-0.06963 0.03132 0.02793)
(-0.10255 0.04904 0.01352)
(-0.14950 0.09159 -0.03292)
(-0.19119 0.12029 -0.07208)
(-0.21651 0.14191 -0.11011)
(-0.29597 0.19945 -0.19758)
(-0.33144 0.23470 -0.25578)
(-0.35077 0.24811 -0.28268)
(-0.37060 0.27491 -0.31976)
(-0.41872 0.34720 -0.41901)
(-0.43629 0.31347 -0.46869)
(-0.44010 0.35400 -0.49923)
(-0.43780 0.36674 -0.54179)
(-0.41719 0.33213 -0.57518)
(-0.39994 0.32266 -0.59734)
(-0.39068 0.31727 -0.60534)
(-0.36810 0.29877 -0.60923)
(-0.34035 0.28604 -0.61042)
(-0.31290 0.26421 -0.59755)
(-0.30021 0.25777 -0.58495)
(-0.29290 0.25538 -0.56790)
(-0.24425 0.23042 -0.50481)
(-0.24574 0.22573 -0.47903)
(-0.23583 0.21603 -0.44579)
(-0.18172 0.16396 -0.36705)
(-0.15628 0.11948 -0.30174)
(-0.12667 0.08734 -0.25855)
(-0.12194 0.07335 -0.24407)
(-0.07321 -0.00571 -0.14444)
(-0.04244 -0.05208 -0.08721)
(-0.01945 -0.06698 -0.05021)
(-0.01755 -0.09551 -0.01381)
(-0.00163 -0.11951 0.03745)
(-0.00363 -0.13970 0.06600)
(0.01699 -0.14273 0.11306)
(0.02103 -0.13856 0.13619)
(0.02230 -0.13613 0.14680)
(0.01166 -0.13027 0.17035)
(0.00587 -0.11296 0.19563)
(0.00432 -0.09637 0.20518)
(0.00253 -0.09508 0.20667)
(0.00069 -0.09206 0.20664)
(-0.00036 -0.06139 0.14121)
(-0.00084 -0.01021 0.02521)
(0.00076 0.00814 -0.02043)
(0.00074 -0.00053 0.00087)
(0.00890 -0.00644 0.01081)
(0.04200 -0.02687 0.05385)
(0.02600 -0.01984 0.03440)
(0.03443 -0.03125 0.07051)
(0.01968 -0.01845 0.06284)
(0.01216 -0.01555 0.06331)
(-0.01340 -0.00533 0.06533)
(-0.02866 0.00628 0.05572)
(-0.07674 0.03277 0.04025)
(-0.09448 0.03927 0.04081)
(-0.10578 0.05916 0.00735)
(-0.15697 0.09501 -0.04300)
(-0.19871 0.14712 -0.09912)
(-0.24590 0.18319 -0.15627)
(-0.26340 0.20693 -0.18890)
(-0.32604 0.28032 -0.27605)
(-0.34272 0.24879 -0.27597)
(-0.37158 0.30026 -0.32841)
(-0.40319 0.35532 -0.39404)
(-0.42050 0.35838 -0.43951)
(-0.44112 0.38312 -0.49413)
(-0.44302 0.39332 -0.52058)
(-0.43935 0.36285 -0.56992)
(-0.42598 0.37361 -0.58711)
(-0.42100 0.37203 -0.61809)
(-0.38833 0.32338 -0.63218)
(-0.37136 0.31097 -0.63015)
(-0.36305 0.30917 -0.63908)
(-0.33078 0.27955 -0.61435)
(-0.31064 0.26409 -0.58244)
(-0.28663 0.25061 -0.55267)
(-0.26914 0.23512 -0.51001)
(-0.26231 0.22800 -0.48579)
(-0.22272 0.19172 -0.41099)
(-0.21840 0.16796 -0.37809)
(-0.13731 0.09348 -0.26674)
(-0.14040 0.06690 -0.23723)
(-0.11418 0.01891 -0.19013)
(-0.10661 -0.02237 -0.14179)
(-0.07010 -0.06980 -0.06375)
(-0.05772 -0.08691 -0.03874)
(-0.02611 -0.13682 0.03515)
(-0.00943 -0.14338 0.06766)
(0.00443 -0.14496 0.10651)
(0.00215 -0.14692 0.13356)
(0.01602 -0.14044 0.15467)
(-0.00194 -0.13191 0.19389)
(0.00048 -0.12432 0.19480)
(-0.00304 -0.12438 0.21322)
(-0.00243 -0.11480 0.22371)
(-0.00397 -0.09497 0.19967)
(-0.00335 -0.05829 0.12531)
(-0.00130 -0.01654 0.03686)
(0.00081 0.00635 -0.01546)
(0.00512 -0.00465 0.00751)
(0.02676 -0.02531 0.04310)
(0.03364 -0.03097 0.06566)
(0.01501 -0.02269 0.06920)
(0.00662 -0.01345 0.06854)
(0.00020 -0.01315 0.06973)
(-0.01061 -0.00214 0.06376)
(-0.02448 0.00360 0.05764)
(-0.03995 0.01305 0.05316)
(-0.05736 0.02512 0.04012)
(-0.07569 0.03549 0.03632)
(-0.09643 0.05839 0.00552)
(-0.12322 0.08102 -0.02563)
(-0.12409 0.09544 -0.03619)
(-0.14140 0.11117 -0.05548)
(-0.23720 0.18299 -0.15326)
(-0.16074 0.13908 -0.08756)
(-0.25174 0.21117 -0.18920)
(-0.28395 0.26485 -0.23764)
(-0.35357 0.31935 -0.32193)
(-0.38587 0.35617 -0.38331)
(-0.41744 0.37580 -0.42025)
(-0.43423 0.41418 -0.47948)
(-0.43839 0.45098 -0.52284)
(-0.43490 0.39792 -0.56076)
(-0.42938 0.39440 -0.57703)
(-0.42794 0.39370 -0.62793)
(-0.41275 0.37019 -0.63316)
(-0.39446 0.34424 -0.63781)
(-0.37749 0.32045 -0.64968)
(-0.34548 0.29264 -0.62572)
(-0.32918 0.28570 -0.60758)
(-0.30154 0.25831 -0.57285)
(-0.29595 0.25190 -0.53676)
(-0.29004 0.23858 -0.50059)
(-0.24899 0.20997 -0.42964)
(-0.23290 0.17280 -0.38463)
(-0.20866 0.13015 -0.32323)
(-0.19676 0.09571 -0.28657)
(-0.15029 0.03380 -0.21323)
(-0.11977 -0.01313 -0.16076)
(-0.11627 -0.05280 -0.09239)
(-0.07416 -0.09308 -0.03338)
(-0.08751 -0.10021 -0.01168)
(-0.03973 -0.12966 0.06123)
(-0.01309 -0.14589 0.10672)
(-0.03536 -0.14898 0.13785)
(-0.03181 -0.14904 0.14844)
(-0.02205 -0.14317 0.16226)
(-0.03178 -0.14692 0.16045)
(-0.01352 -0.13469 0.18854)
(-0.00722 -0.12425 0.21730)
(-0.00781 -0.12233 0.21686)
(-0.01095 -0.10999 0.21715)
(-0.00425 -0.03389 0.07303)
(-0.00101 -0.00518 0.01231)
(0.00039 0.00199 -0.00476)
(0.00100 -0.00093 0.00140)
(0.01528 -0.01456 0.02253)
(0.03719 -0.03712 0.06069)
(0.03565 -0.03449 0.06717)
(0.02322 -0.02595 0.06617)
(0.01702 -0.02506 0.07025)
(0.00807 -0.01684 0.07125)
(-0.01069 -0.00019 0.05912)
(-0.01939 0.00576 0.05614)
(-0.02007 0.00836 0.05280)
(-0.07992 0.05400 0.00908)
(-0.11501 0.09164 -0.03283)
(-0.13093 0.10647 -0.04976)
(-0.13938 0.11916 -0.06346)
(-0.19859 0.19307 -0.15019)
(-0.24085 0.25161 -0.20035)
(-0.32143 0.31400 -0.29081)
(-0.34833 0.36882 -0.34315)
(-0.39171 0.38577 -0.40087)
(-0.35915 0.39184 -0.37594)
(-0.41631 0.43016 -0.46987)
(-0.43674 0.46199 -0.51825)
(-0.44010 0.45427 -0.53521)
(-0.43603 0.44559 -0.55505)
(-0.42828 0.41287 -0.60752)
(-0.42321 0.38924 -0.63301)
(-0.40949 0.36947 -0.64392)
(-0.39063 0.35990 -0.64593)
(-0.35611 0.31010 -0.63434)
(-0.34783 0.30939 -0.61888)
(-0.32659 0.28226 -0.59050)
(-0.30304 0.25494 -0.54201)
(-0.29515 0.24261 -0.50633)
(-0.28672 0.23270 -0.48485)
(-0.26526 0.20123 -0.42795)
(-0.22279 0.13443 -0.33478)
(-0.21087 0.10471 -0.29799)
(-0.20892 0.07266 -0.24010)
(-0.15797 0.00406 -0.16601)
(-0.12892 -0.05854 -0.06455)
(-0.11513 -0.07397 -0.04240)
(-0.11185 -0.08129 -0.02488)
(-0.08430 -0.10019 0.02735)
(-0.04818 -0.13958 0.11972)
(-0.03678 -0.14600 0.15445)
(-0.02385 -0.14609 0.18269)
(-0.01994 -0.13543 0.19573)
(-0.02341 -0.13450 0.20244)
(-0.01237 -0.13467 0.21305)
(-0.01118 -0.13225 0.22222)
(-0.00793 -0.11772 0.20203)
(-0.00390 -0.03891 0.07768)
(-0.00020 -0.00281 0.00552)
(0.00071 -0.00054 0.00067)
(0.02106 -0.01625 0.02063)
(0.04186 -0.03012 0.04971)
(0.04645 -0.03307 0.05679)
(0.04059 -0.03211 0.06106)
(0.01672 -0.02588 0.06622)
(0.01487 -0.02038 0.06228)
(0.01132 -0.02239 0.06745)
(-0.00548 -0.00255 0.05852)
(-0.01243 0.00285 0.05583)
(-0.00639 0.00076 0.05511)
(-0.01308 0.00590 0.05229)
(-0.01898 0.01074 0.04899)
(-0.07608 0.07363 -0.01580)
(-0.12041 0.10116 -0.04390)
(-0.12905 0.11364 -0.05649)
(-0.18909 0.19799 -0.14496)
(-0.21528 0.23396 -0.17755)
(-0.28758 0.31675 -0.26576)
(-0.31550 0.36982 -0.31534)
(-0.32831 0.38848 -0.33374)
(-0.39999 0.43149 -0.45392)
(-0.43451 0.47279 -0.51438)
(-0.43829 0.46573 -0.52990)
(-0.43998 0.46942 -0.54097)
(-0.43084 0.45748 -0.58908)
(-0.42741 0.40317 -0.63096)
(-0.41718 0.40688 -0.63069)
(-0.37945 0.35254 -0.64316)
(-0.34346 0.30605 -0.61124)
(-0.33464 0.29177 -0.58361)
(-0.29272 0.23728 -0.49207)
(-0.26091 0.17306 -0.37245)
(-0.24809 0.13457 -0.31524)
(-0.20517 0.04553 -0.20021)
(-0.12579 -0.06657 -0.04641)
(-0.11036 -0.08612 -0.00950)
(-0.04334 -0.14409 0.14862)
(-0.03127 -0.14291 0.19496)
(-0.00358 -0.04827 0.08287)
(0.00378 -0.00294 0.00283)
(0.03125 -0.02274 0.02771)
(0.05002 -0.03313 0.04946)
(0.04901 -0.03373 0.03707)
(0.05093 -0.03233 0.04888)
(0.04757 -0.03197 0.05261)
(0.03043 -0.02297 0.05798)
(-0.00021 -0.00427 0.05750)
(-0.00029 -0.00049 0.05370)
(-0.00692 0.00439 0.05119)
(-0.01057 0.01120 0.04360)
(-0.03860 0.05559 0.00432)
(-0.04352 0.07162 -0.01859)
(-0.09220 0.09860 -0.03931)
(-0.13636 0.17140 -0.10507)
(-0.16185 0.18104 -0.11683)
(-0.18682 0.22599 -0.15498)
(-0.26889 0.31450 -0.25108)
(-0.22646 0.28860 -0.20861)
(-0.30426 0.36439 -0.30279)
(-0.31811 0.38491 -0.32340)
(-0.35584 0.42144 -0.38655)
(-0.40876 0.47878 -0.47552)
(-0.43366 0.48167 -0.52112)
(-0.43761 0.47961 -0.53648)
(-0.42935 0.45641 -0.60751)
(-0.00616 0.00372 -0.00323)
(0.01788 -0.01062 0.00911)
(0.06257 -0.03603 0.03420)
(0.05879 -0.03803 0.04560)
(0.05255 -0.03325 0.04843)
(0.04607 -0.02882 0.05369)
(0.03617 -0.02353 0.05610)
(0.03374 -0.01799 0.05363)
(0.03800 -0.01969 0.05316)
(0.02061 -0.00462 0.04957)
(0.01383 0.00363 0.04171)
(0.00762 0.01851 0.02842)
(-0.01719 0.04876 0.00316)
(-0.01234 0.04680 0.00356)
(-0.07846 0.11256 -0.04976)
(-0.11176 0.15715 -0.08963)
(-0.17261 0.22473 -0.14924)
(-0.20553 0.27624 -0.19273)
(-0.28491 0.35367 -0.28056)
(-0.34572 0.43416 -0.36852)
(-0.37915 0.48297 -0.42453)
(-0.00610 0.00320 -0.00282)
(0.00432 -0.00225 0.00201)
(0.02958 -0.01473 0.01368)
(0.06228 -0.03467 0.04058)
(0.06141 -0.03380 0.04239)
(0.06097 -0.02884 0.04471)
(0.04854 -0.01922 0.04494)
(0.03487 -0.00355 0.03933)
(0.02595 0.00579 0.03499)
(0.01107 0.02455 0.01855)
(-0.01165 0.04656 0.00397)
(-0.02366 0.06277 -0.00922)
(-0.05833 0.10230 -0.03953)
(-0.10001 0.16440 -0.08945)
(-0.13707 0.19446 -0.11634)
(-0.15353 0.22432 -0.13337)
(-0.23151 0.31209 -0.22277)
(0.00139 -0.00059 0.00055)
(0.03424 -0.01428 0.01525)
(0.05027 -0.02577 0.02958)
(0.06379 -0.03246 0.03882)
(0.06245 -0.03139 0.04111)
(0.06318 -0.02953 0.04019)
(0.05737 -0.01561 0.03291)
(0.05162 -0.00676 0.03189)
(0.04345 -0.00133 0.03122)
(0.04293 0.00667 0.02047)
(0.02671 0.02904 0.00623)
(0.01699 0.04108 -0.00250)
(0.00713 0.04285 0.00330)
(0.01072 0.05629 -0.01541)
(-0.01175 0.07177 -0.02415)
(-0.06087 0.11941 -0.05661)
(0.00379 -0.00121 0.00117)
(0.04851 -0.02024 0.02375)
(0.06481 -0.03050 0.03775)
(0.06541 -0.01511 0.02290)
(0.06089 -0.02003 0.03118)
(0.05569 -0.01020 0.02438)
(0.05294 -0.00054 0.02184)
(0.04394 0.00692 0.01945)
(0.02565 0.04067 -0.00491)
(0.01557 0.05250 -0.01330)
(-0.00077 0.00015 -0.00017)
(0.01969 -0.00355 0.00416)
(0.05200 -0.00760 0.01189)
(-0.40613 0.40216 -0.64438)
(-0.35158 0.31668 -0.62220)
(-0.29973 0.24726 -0.51222)
(-0.29292 0.22603 -0.45562)
(-0.22990 0.08715 -0.24906)
(-0.15386 -0.03078 -0.09487)
(-0.12215 -0.07423 -0.02780)
(-0.08063 -0.11549 0.08047)
(-0.04785 -0.14601 0.15212)
(-0.02920 -0.14004 0.19995)
(-0.02331 -0.13455 0.20385)
(-0.01020 -0.12020 0.20228)
(-0.00978 -0.11802 0.19954)
(-0.00922 -0.11550 0.19649)
(-0.00077 -0.01086 0.01871)
(-0.43599 0.48900 -0.57382)
(-0.42001 0.44405 -0.62656)
(-0.40585 0.42027 -0.63599)
(-0.39206 0.38447 -0.64328)
(-0.35885 0.32919 -0.63539)
(-0.34667 0.31264 -0.61392)
(-0.33688 0.29945 -0.58169)
(-0.33018 0.29313 -0.55209)
(-0.29793 0.24245 -0.49930)
(-0.31648 0.24969 -0.47057)
(-0.27078 0.18014 -0.38038)
(-0.26008 0.13779 -0.31392)
(-0.23860 0.09616 -0.25649)
(-0.22640 0.07573 -0.23336)
(-0.20204 0.01953 -0.14842)
(-0.13666 -0.05875 -0.05071)
(-0.13207 -0.06724 -0.03068)
(-0.11995 -0.08625 0.00704)
(-0.10506 -0.11398 0.08473)
(-0.06448 -0.13828 0.13313)
(-0.06272 -0.14073 0.15240)
(-0.04637 -0.14184 0.17966)
(-0.03821 -0.14024 0.18878)
(-0.02318 -0.12905 0.20032)
(-0.01075 -0.12217 0.19783)
(-0.00922 -0.11841 0.19274)
(-0.00294 -0.04533 0.07400)
(-0.00026 -0.00453 0.00738)
(-0.39854 0.51904 -0.46598)
(-0.42763 0.51909 -0.52988)
(-0.43076 0.51922 -0.54312)
(-0.43909 0.50543 -0.60011)
(-0.42715 0.48363 -0.60611)
(-0.41295 0.44670 -0.62504)
(-0.39276 0.39985 -0.64264)
(-0.37669 0.37845 -0.63383)
(-0.34958 0.32097 -0.61662)
(-0.35894 0.34936 -0.62601)
(-0.33996 0.31275 -0.59567)
(-0.33374 0.30144 -0.55277)
(-0.32224 0.26875 -0.50383)
(-0.32063 0.25570 -0.47781)
(-0.30360 0.21467 -0.40898)
(-0.28493 0.16693 -0.34190)
(-0.27990 0.14739 -0.30382)
(-0.23379 0.07545 -0.22547)
(-0.22175 0.03886 -0.16587)
(-0.17982 -0.01523 -0.09028)
(-0.16571 -0.04347 -0.03561)
(-0.13859 -0.08096 0.01976)
(-0.12315 -0.10524 0.09453)
(-0.10838 -0.11491 0.09933)
(-0.06980 -0.13529 0.15334)
(-0.04939 -0.14075 0.17701)
(-0.06231 -0.14334 0.16792)
(-0.04119 -0.14375 0.18867)
(-0.03231 -0.13872 0.18830)
(-0.03414 -0.14319 0.18044)
(-0.01229 -0.12779 0.19755)
(-0.00932 -0.11974 0.18562)
(-0.00270 -0.06074 0.09159)
(-0.00049 -0.01413 0.02056)
(0.00014 0.00545 -0.00789)
(-0.28035 0.37883 -0.28370)
(-0.33771 0.44192 -0.36098)
(-0.36245 0.47676 -0.40383)
(-0.39627 0.51780 -0.46073)
(-0.42090 0.53108 -0.51264)
(-0.41926 0.53987 -0.53093)
(-0.43192 0.50922 -0.58117)
(-0.42089 0.49720 -0.58489)
(-0.40883 0.46526 -0.61736)
(-0.40096 0.44513 -0.62457)
(-0.38335 0.41202 -0.62395)
(-0.37200 0.38273 -0.62132)
(-0.36374 0.35586 -0.60358)
(-0.35836 0.34610 -0.58875)
(-0.33517 0.30084 -0.54760)
(-0.34275 0.28919 -0.49002)
(-0.34320 0.27476 -0.45783)
(-0.31465 0.22144 -0.40105)
(-0.30629 0.19830 -0.36489)
(-0.28287 0.13346 -0.28137)
(-0.26042 0.09803 -0.24289)
(-0.23749 0.05650 -0.17632)
(-0.21081 0.01020 -0.11464)
(-0.17893 -0.03754 -0.04458)
(-0.15398 -0.06295 -0.00382)
(-0.16307 -0.06616 0.00736)
(-0.13418 -0.09031 0.05410)
(-0.10939 -0.11834 0.10605)
(-0.08353 -0.13718 0.13386)
(-0.07607 -0.14532 0.14569)
(-0.05285 -0.15060 0.17426)
(-0.02464 -0.14571 0.18441)
(-0.03901 -0.14988 0.16734)
(-0.01461 -0.14591 0.17998)
(-0.00976 -0.12636 0.15826)
(-0.00063 -0.01527 0.01840)
(0.00031 0.01270 -0.01563)
(-0.00990 -0.10523 0.11879)
(-0.09565 0.16248 -0.08801)
(-0.11288 0.18106 -0.10174)
(-0.12353 0.19572 -0.11197)
(-0.20815 0.29239 -0.20121)
(-0.27150 0.37092 -0.27315)
(-0.29822 0.40760 -0.29752)
(-0.30751 0.40997 -0.31917)
(-0.33841 0.45698 -0.36314)
(-0.37009 0.49798 -0.41396)
(-0.39730 0.52411 -0.47363)
(-0.41460 0.54139 -0.51661)
(-0.41927 0.53821 -0.53382)
(-0.41463 0.50412 -0.57632)
(-0.40277 0.45451 -0.62010)
(-0.39652 0.44432 -0.62277)
(-0.38751 0.41606 -0.61734)
(-0.36638 0.36394 -0.61880)
(-0.38218 0.38570 -0.59652)
(-0.35285 0.33065 -0.56161)
(-0.38713 0.39340 -0.58685)
(-0.34817 0.29208 -0.48265)
(-0.34844 0.28595 -0.46749)
(-0.34127 0.26641 -0.44273)
(-0.30368 0.17413 -0.31899)
(-0.27593 0.11822 -0.25975)
(-0.28102 0.12849 -0.27136)
(-0.25909 0.08662 -0.21331)
(-0.22129 0.02111 -0.11375)
(-0.22725 0.03701 -0.13376)
(-0.19363 -0.01941 -0.05762)
(-0.17434 -0.04861 -0.01661)
(-0.16123 -0.07042 0.01709)
(-0.11122 -0.11279 0.08927)
(-0.08496 -0.14108 0.13543)
(-0.07785 -0.14576 0.14083)
(-0.06948 -0.14976 0.14982)
(-0.04090 -0.15382 0.14851)
(-0.03127 -0.15416 0.15530)
(-0.02384 -0.15359 0.15640)
(-0.00969 -0.08489 0.09101)
(-0.00087 -0.01038 0.01129)
(-0.00803 -0.05044 0.04936)
(-0.00146 -0.00961 0.00944)
(0.01069 0.05857 -0.01820)
(0.00640 0.06209 -0.01999)
(-0.02847 0.09829 -0.04564)
(-0.09170 0.16081 -0.08694)
(-0.10648 0.17682 -0.09852)
(-0.10013 0.17259 -0.09559)
(-0.11736 0.19135 -0.10868)
(-0.20224 0.29877 -0.20515)
(-0.15546 0.24359 -0.14201)
(-0.22540 0.33347 -0.22182)
(-0.26714 0.38215 -0.26034)
(-0.33204 0.46808 -0.34606)
(-0.33509 0.47870 -0.35306)
(-0.37245 0.50451 -0.43408)
(-0.41278 0.54256 -0.50906)
(-0.41630 0.53970 -0.52401)
(-0.41712 0.53812 -0.53071)
(-0.41346 0.52319 -0.55044)
(-0.40445 0.46252 -0.61620)
(-0.39886 0.45234 -0.61923)
(-0.40144 0.44474 -0.62756)
(-0.38215 0.39341 -0.62051)
(-0.39144 0.40638 -0.59687)
(-0.39316 0.40346 -0.59117)
(-0.35411 0.31648 -0.50914)
(-0.35427 0.29754 -0.47681)
(-0.34581 0.27599 -0.45093)
(-0.35151 0.28746 -0.46054)
(-0.32565 0.21719 -0.35847)
(-0.30699 0.20238 -0.32779)
(-0.26514 0.12232 -0.23894)
(-0.25278 0.09065 -0.19831)
(-0.18395 -0.03503 -0.03717)
(-0.17559 -0.04636 -0.02227)
(-0.16699 -0.05965 -0.00331)
(-0.12627 -0.09870 0.05631)
(-0.08621 -0.14198 0.13116)
(-0.07940 -0.14620 0.13658)
(-0.07093 -0.15003 0.14589)
(-0.06581 -0.15527 0.14238)
(-0.04256 -0.15412 0.14250)
(-0.02628 -0.14388 0.13712)
(-0.00882 -0.04493 0.04047)
(0.00159 0.00940 -0.00859)
(-0.00063 -0.00329 0.00298)
(0.06393 -0.00635 0.01414)
(0.06202 0.00554 0.00766)
(0.05679 0.00149 0.01532)
(0.05012 0.01536 0.00806)
(0.03917 0.02554 -0.00666)
(0.04470 0.02733 -0.00083)
(0.03066 0.03782 -0.00546)
(0.01551 0.05435 -0.01569)
(0.01496 0.05697 -0.01895)
(0.01038 0.06111 -0.02131)
(0.00583 0.06508 -0.02330)
(-0.02195 0.09987 -0.04825)
(-0.06887 0.14626 -0.07884)
(-0.10780 0.17918 -0.10989)
(-0.14653 0.24070 -0.13829)
(-0.20687 0.31828 -0.19944)
(-0.26788 0.38307 -0.26069)
(-0.31469 0.45431 -0.32337)
(-0.32882 0.47153 -0.34134)
(-0.35618 0.49521 -0.39447)
(-0.37992 0.51834 -0.43577)
(-0.41415 0.54109 -0.51515)
(-0.41513 0.53929 -0.52294)
(-0.41297 0.53319 -0.54517)
(-0.40859 0.49225 -0.58807)
(-0.40813 0.47779 -0.60829)
(-0.40747 0.46747 -0.61564)
(-0.38887 0.42396 -0.61261)
(-0.39573 0.41477 -0.60157)
(-0.39922 0.41351 -0.59577)
(-0.38449 0.37420 -0.55482)
(-0.37739 0.34048 -0.50790)
(-0.37499 0.33350 -0.48493)
(-0.34327 0.27321 -0.42346)
(-0.33110 0.23968 -0.35540)
(-0.30984 0.21106 -0.31457)
(-0.28012 0.15577 -0.26741)
(-0.26178 0.12322 -0.22266)
(-0.24388 0.08719 -0.16229)
(-0.20519 0.00155 -0.08240)
(-0.18071 -0.03802 -0.03513)
(-0.17238 -0.05078 -0.02009)
(-0.16755 -0.05907 -0.00773)
(-0.14287 -0.08974 0.02870)
(-0.09466 -0.14106 0.11451)
(-0.10176 -0.11811 0.06863)
(-0.08260 -0.14656 0.10752)
(-0.05995 -0.15533 0.11017)
(-0.05079 -0.15849 0.13550)
(-0.03780 -0.15599 0.13990)
(-0.03665 -0.14615 0.13185)
(-0.02274 -0.11310 0.09960)
(-0.00536 -0.02491 0.02220)
(0.00405 -0.00048 0.00074)
(0.01065 -0.00111 0.00182)
(0.05620 0.00140 0.00546)
(0.05218 0.00722 0.00585)
(0.02420 0.02042 -0.00834)
(0.03400 0.02309 -0.00788)
(0.01321 0.03907 -0.02477)
(0.00688 0.04290 -0.02436)
(-0.00464 0.05702 -0.03616)
(-0.00197 0.05519 -0.03301)
(-0.01310 0.07473 -0.04271)
(-0.05851 0.10839 -0.07756)
(-0.04681 0.11188 -0.07214)
(-0.07208 0.14314 -0.08508)
(-0.08279 0.16192 -0.09968)
(-0.17388 0.24949 -0.16007)
(-0.19383 0.27102 -0.17501)
(-0.21859 0.32157 -0.20759)
(-0.27675 0.38990 -0.26089)
(-0.31275 0.44015 -0.30811)
(-0.34892 0.47772 -0.34274)
(-0.36567 0.51647 -0.38706)
(-0.38555 0.53259 -0.42958)
(-0.41036 0.55071 -0.49263)
(-0.41197 0.55578 -0.50437)
(-0.41101 0.55529 -0.51602)
(-0.41213 0.52625 -0.56959)
(-0.41143 0.51439 -0.57829)
(-0.41022 0.50459 -0.59316)
(-0.40333 0.46313 -0.60697)
(-0.41280 0.46799 -0.60041)
(-0.41690 0.46007 -0.60085)
(-0.41329 0.42559 -0.58186)
(-0.40642 0.40965 -0.55469)
(-0.40902 0.40127 -0.53192)
(-0.36547 0.32420 -0.45050)
(-0.33989 0.26436 -0.37803)
(-0.31752 0.24128 -0.33949)
(-0.29604 0.19252 -0.26729)
(-0.24965 0.13128 -0.20043)
(-0.22319 0.07825 -0.14276)
(-0.17900 -0.00890 -0.06078)
(-0.13504 -0.08000 0.01156)
(-0.14760 -0.03340 -0.03602)
(-0.12056 -0.12362 0.04698)
(-0.09879 -0.11391 0.04433)
(-0.07483 -0.13329 0.08637)
(-0.06116 -0.13936 0.09305)
(-0.04423 -0.15551 0.11955)
(-0.04436 -0.14522 0.10319)
(-0.01912 -0.10454 0.07854)
(-0.00954 -0.05267 0.03914)
(-0.00357 -0.01984 0.01468)
(0.00186 0.00014 0.00038)
(0.02999 0.01209 -0.00326)
(0.02286 0.02091 -0.01127)
(-0.01451 0.03914 -0.03203)
(-0.01556 0.04044 -0.03303)
(-0.01783 0.04284 -0.03497)
(-0.00168 0.05004 -0.03594)
(-0.02858 0.05181 -0.04441)
(-0.02234 0.06817 -0.05300)
(-0.02624 0.07593 -0.05501)
(-0.06165 0.09700 -0.07844)
(-0.09121 0.11831 -0.10018)
(-0.09329 0.14113 -0.10072)
(-0.08003 0.15354 -0.09551)
(-0.12908 0.19098 -0.12822)
(-0.16720 0.24130 -0.15775)
(-0.26392 0.32240 -0.22462)
(-0.27055 0.35446 -0.24041)
(-0.30252 0.41779 -0.28626)
(-0.37146 0.50094 -0.36096)
(-0.37531 0.52141 -0.38168)
(-0.38631 0.53195 -0.40706)
(-0.40095 0.55525 -0.45075)
(-0.40319 0.55831 -0.43531)
(-0.40678 0.56472 -0.48153)
(-0.41021 0.56427 -0.50571)
(-0.41194 0.52984 -0.56355)
(-0.41732 0.53279 -0.56723)
(-0.42214 0.53602 -0.57617)
(-0.41358 0.50445 -0.59449)
(-0.42464 0.53420 -0.57902)
(-0.41925 0.47928 -0.59900)
(-0.43404 0.48871 -0.59162)
(-0.43743 0.47872 -0.58389)
(-0.43569 0.46248 -0.58500)
(-0.42457 0.44056 -0.55989)
(-0.42365 0.42917 -0.54984)
(-0.39610 0.41425 -0.49785)
(-0.38415 0.36207 -0.47352)
(-0.36389 0.34431 -0.42962)
(-0.33943 0.30414 -0.38449)
(-0.30398 0.23375 -0.29625)
(-0.31854 0.27292 -0.32792)
(-0.27899 0.22521 -0.26598)
(-0.24948 0.18096 -0.22886)
(-0.19836 0.06607 -0.11798)
(-0.14026 -0.00789 -0.07008)
(-0.11944 -0.08106 0.01650)
(-0.12004 -0.02886 -0.04746)
(-0.09360 -0.09769 0.02430)
(-0.04661 -0.10370 0.02819)
(-0.06031 -0.11973 0.05448)
(-0.03726 -0.11272 0.04287)
(-0.03749 -0.14698 0.09066)
(-0.03624 -0.13842 0.08645)
(-0.03497 -0.11282 0.04270)
(-0.02810 -0.10974 0.06768)
(-0.00279 -0.02521 0.01637)
(0.00029 0.00019 0.00004)
(0.00866 0.01558 -0.00950)
(-0.02061 0.03332 -0.02845)
(-0.02689 0.04612 -0.03936)
(-0.02829 0.04917 -0.04219)
(-0.03881 0.05260 -0.04725)
(-0.04034 0.05564 -0.05037)
(-0.05259 0.08032 -0.06713)
(-0.09509 0.12195 -0.10835)
(-0.13225 0.13770 -0.11978)
(-0.12115 0.15778 -0.12442)
(-0.17985 0.20358 -0.16253)
(-0.18868 0.21775 -0.16473)
(-0.21200 0.26659 -0.18641)
(-0.30298 0.35151 -0.25543)
(-0.30587 0.36388 -0.25919)
(-0.32315 0.38198 -0.27242)
(-0.31449 0.42362 -0.29555)
(-0.37920 0.50494 -0.36364)
(-0.38223 0.51489 -0.37485)
(-0.38852 0.53129 -0.39238)
(-0.41098 0.56238 -0.44088)
(-0.40410 0.56891 -0.45428)
(-0.41488 0.57589 -0.49431)
(-0.41418 0.56645 -0.52260)
(-0.40749 0.55507 -0.53069)
(-0.42384 0.54489 -0.57053)
(-0.42628 0.54393 -0.57243)
(-0.42907 0.53420 -0.58240)
(-0.44268 0.52190 -0.58341)
(-0.43560 0.49372 -0.58938)
(-0.43524 0.47137 -0.57893)
(-0.42381 0.45772 -0.54533)
(-0.41340 0.44836 -0.50992)
(-0.37918 0.41095 -0.46255)
(-0.36953 0.40167 -0.44834)
(-0.32760 0.32317 -0.37859)
(-0.28394 0.24725 -0.28152)
(-0.27216 0.23188 -0.26381)
(-0.19355 0.09178 -0.15461)
(-0.20904 0.14584 -0.19521)
(-0.16872 0.05076 -0.10576)
(-0.09851 0.02140 -0.09353)
(-0.09287 -0.04531 -0.02752)
(-0.08823 0.01043 -0.08379)
(-0.05751 -0.08526 0.00644)
(-0.03511 -0.09617 0.01910)
(-0.03315 -0.10490 0.03036)
(-0.02639 -0.11916 0.05594)
(-0.02268 -0.09528 0.04994)
(-0.02596 -0.09878 0.02815)
(-0.00396 -0.03252 0.01660)
(-0.00074 -0.00653 0.00330)
(-0.00008 -0.00033 -0.00001)
(-0.00877 0.01571 -0.01222)
(-0.02559 0.02620 -0.02282)
(-0.03950 0.05038 -0.04510)
(-0.05347 0.05798 -0.05498)
(-0.11537 0.11088 -0.10050)
(-0.12987 0.12931 -0.11602)
(-0.16320 0.14526 -0.13546)
(-0.23216 0.22732 -0.19153)
(-0.25392 0.24177 -0.20382)
(-0.25399 0.24765 -0.20546)
(-0.25527 0.27665 -0.21615)
(-0.32635 0.36264 -0.26966)
(-0.32406 0.37183 -0.27080)
(-0.34095 0.38956 -0.28428)
(-0.38005 0.47023 -0.33595)
(-0.38863 0.51669 -0.37612)
(-0.41211 0.53418 -0.40108)
(-0.42766 0.56867 -0.42956)
(-0.41275 0.57135 -0.45360)
(-0.42400 0.58342 -0.48385)
(-0.41741 0.57779 -0.50563)
(-0.41840 0.57775 -0.51224)
(-0.42928 0.57367 -0.53999)
(-0.42686 0.55240 -0.56589)
(-0.42953 0.54346 -0.57492)
(-0.43760 0.54350 -0.57445)
(-0.43901 0.53525 -0.57792)
(-0.42334 0.50078 -0.57590)
(-0.43798 0.53804 -0.56901)
(-0.43412 0.52137 -0.56781)
(-0.42440 0.49316 -0.52874)
(-0.38661 0.44314 -0.47827)
(-0.38409 0.42908 -0.47246)
(-0.37366 0.42012 -0.45854)
(-0.36249 0.41223 -0.44564)
(-0.30020 0.34130 -0.36465)
(-0.28716 0.26727 -0.29432)
(-0.27610 0.25531 -0.27916)
(-0.22302 0.21908 -0.24379)
(-0.17734 0.13129 -0.17165)
(-0.17622 0.15308 -0.18283)
(-0.09832 0.04191 -0.10676)
(-0.08678 0.02909 -0.09684)
(-0.07091 -0.01797 -0.05308)
(-0.07572 0.01919 -0.09007)
(-0.03200 -0.08621 0.00858)
(-0.02994 -0.09604 0.01861)
(-0.02589 -0.08537 0.00695)
(-0.01820 -0.08326 0.01535)
(-0.01187 -0.05623 0.01714)
(-0.00036 -0.01133 0.00345)
(-0.00018 0.00662 -0.00193)
(0.00318 -0.00304 0.00184)
(-0.00256 0.00166 -0.00135)
(-0.03180 0.02325 -0.01979)
(-0.07843 0.06780 -0.06468)
(-0.13918 0.10288 -0.09654)
(-0.12457 0.10599 -0.09942)
(-0.20575 0.15580 -0.14542)
(-0.18845 0.15171 -0.14937)
(-0.22584 0.18551 -0.17308)
(-0.25100 0.23267 -0.19968)
(-0.27105 0.24747 -0.21058)
(-0.27555 0.25702 -0.21601)
(-0.32660 0.29054 -0.24299)
(-0.31598 0.30673 -0.24976)
(-0.36515 0.34368 -0.27889)
(-0.34432 0.37950 -0.28223)
(-0.35936 0.39575 -0.29465)
(-0.38742 0.43389 -0.32100)
(-0.41987 0.48929 -0.36366)
(-0.41467 0.52283 -0.38304)
(-0.47428 0.53483 -0.41394)
(-0.43477 0.55510 -0.41671)
(-0.43478 0.56298 -0.43179)
(-0.42672 0.57501 -0.44462)
(-0.44983 0.59056 -0.47537)
(-0.41981 0.58211 -0.50175)
(-0.42047 0.58165 -0.50803)
(-0.42496 0.58406 -0.52359)
(-0.43602 0.57092 -0.54673)
(-0.42931 0.55147 -0.56787)
(-0.43595 0.57246 -0.54926)
(-0.42960 0.55786 -0.56617)
(-0.43914 0.56115 -0.56573)
(-0.43196 0.54986 -0.56115)
(-0.43234 0.52915 -0.56610)
(-0.42888 0.52658 -0.56134)
(-0.40382 0.50986 -0.51416)
(-0.37069 0.46912 -0.48420)
(-0.37569 0.43458 -0.46612)
(-0.36269 0.42443 -0.45147)
(-0.29763 0.38841 -0.38746)
(-0.27427 0.32805 -0.32491)
(-0.23308 0.28337 -0.27058)
(-0.18242 0.22671 -0.23361)
(-0.11500 0.10949 -0.14623)
(-0.11855 0.17624 -0.18155)
(-0.08697 0.04775 -0.10817)
(-0.07454 0.03370 -0.09937)
(-0.02861 0.02255 -0.06871)
(-0.03831 -0.02063 -0.04244)
(-0.01356 -0.03020 -0.03344)
(-0.01773 -0.08569 0.00604)
(0.00055 -0.03428 0.00470)
(0.00772 -0.02569 -0.00545)
(0.00014 -0.00084 0.00013)
(0.01138 -0.00730 0.00591)
(-0.07740 0.05260 -0.04351)
(-0.12524 0.08577 -0.07682)
(0.01226 -0.00672 0.00601)
(-0.01723 0.00991 -0.00857)
(-0.17062 0.11531 -0.09478)
(-0.18157 0.12419 -0.10664)
(-0.18934 0.13433 -0.12052)
(-0.24628 0.16335 -0.13313)
(-0.24799 0.18052 -0.16726)
(-0.27765 0.20960 -0.19036)
(-0.27884 0.22689 -0.19853)
(-0.30811 0.23225 -0.19520)
(-0.30809 0.24657 -0.20351)
(-0.29155 0.26315 -0.22160)
(-0.40335 0.33377 -0.26841)
(-0.40731 0.36548 -0.29232)
(-0.40546 0.39378 -0.29982)
(-0.47770 0.42310 -0.33146)
(-0.47009 0.45516 -0.34841)
(-0.47484 0.47564 -0.36420)
(-0.47161 0.51363 -0.39272)
(-0.48696 0.53432 -0.41756)
(-0.47415 0.54136 -0.42240)
(-0.48945 0.56068 -0.44763)
(-0.44923 0.57254 -0.44524)
(-0.46480 0.58341 -0.48171)
(-0.42315 0.58855 -0.49416)
(-0.43396 0.57876 -0.50805)
(-0.42989 0.58351 -0.52018)
(-0.43372 0.58647 -0.52648)
(-0.43377 0.58463 -0.53071)
(-0.42969 0.56948 -0.55206)
(-0.43312 0.56501 -0.55461)
(-0.42155 0.55826 -0.55480)
(-0.41715 0.55161 -0.55824)
(-0.42759 0.54040 -0.56059)
(-0.42137 0.52844 -0.55908)
(-0.38155 0.51009 -0.51831)
(-0.37199 0.49882 -0.50372)
(-0.32921 0.47204 -0.46152)
(-0.35188 0.46011 -0.46221)
(-0.30778 0.42256 -0.41204)
(-0.25409 0.38470 -0.35807)
(-0.23487 0.35771 -0.33132)
(-0.21990 0.30227 -0.28916)
(-0.17389 0.25716 -0.23623)
(-0.17788 0.27992 -0.25661)
(-0.12449 0.20323 -0.19016)
(-0.09208 0.10382 -0.13058)
(-0.10106 0.17841 -0.17467)
(-0.06382 0.13450 -0.13558)
(-0.07548 0.04941 -0.10855)
(-0.03950 0.04251 -0.09218)
(-0.00541 0.01639 -0.07017)
(0.02175 0.00336 -0.06796)
(0.01324 -0.01449 -0.04903)
(0.01006 -0.01794 -0.01029)
(-0.00089 0.00229 0.00042)
(0.00124 -0.00211 -0.00099)
(-0.01218 0.00742 -0.00569)
(-0.10338 0.06446 -0.05269)
(-0.16799 0.10346 -0.07839)
(-0.25536 0.15835 -0.12290)
(-0.27638 0.17384 -0.13403)
(-0.29445 0.21824 -0.18354)
(-0.34840 0.24203 -0.19637)
(-0.39472 0.29502 -0.23609)
(-0.44645 0.33176 -0.26218)
(-0.46269 0.38715 -0.30166)
(-0.48696 0.41299 -0.31610)
(-0.49162 0.44229 -0.34677)
(-0.52886 0.48190 -0.38106)
(-0.51384 0.51153 -0.39134)
(-0.53697 0.53066 -0.42375)
(-0.49845 0.54022 -0.43391)
(-0.52838 0.56493 -0.47736)
(-0.52059 0.56964 -0.48109)
(-0.52107 0.56936 -0.48557)
(-0.46458 0.58337 -0.48644)
(-0.49986 0.57102 -0.49300)
(-0.46172 0.58772 -0.50731)
(-0.44303 0.57842 -0.51688)
(-0.44536 0.57852 -0.52474)
(-0.44114 0.57026 -0.52876)
(-0.42525 0.57000 -0.52979)
(-0.42277 0.57657 -0.53856)
(-0.42203 0.56496 -0.55003)
(-0.42452 0.56300 -0.54961)
(-0.40516 0.56143 -0.53827)
(-0.38433 0.54162 -0.53310)
(-0.39133 0.53743 -0.54121)
(-0.38212 0.52962 -0.53033)
(-0.35270 0.50864 -0.50315)
(-0.32595 0.48663 -0.47895)
(-0.29466 0.44877 -0.42394)
(-0.30182 0.43468 -0.42455)
(-0.25612 0.39428 -0.37062)
(-0.23792 0.37013 -0.34089)
(-0.17088 0.31058 -0.27358)
(-0.13320 0.28995 -0.23664)
(-0.14015 0.25807 -0.21880)
(-0.10215 0.18835 -0.17926)
(-0.06887 0.17161 -0.15827)
(-0.04129 0.14860 -0.12099)
(0.00184 0.03760 -0.08308)
(-0.01914 0.08861 -0.09274)
(0.02295 0.01748 -0.07540)
(0.02510 0.01648 -0.07323)
(0.02021 0.00623 -0.04780)
(0.01240 -0.00440 -0.01525)
(-0.00117 0.00002 0.00086)
(-0.00300 0.00497 0.00215)
(-0.01922 0.01174 -0.00873)
(-0.08664 0.05311 -0.03983)
(-0.12254 0.07601 -0.05563)
(-0.26514 0.16569 -0.12353)
(-0.28725 0.18247 -0.13442)
(-0.32539 0.21951 -0.16851)
(-0.28209 0.17874 -0.13008)
(-0.38054 0.26786 -0.19625)
(-0.40304 0.29030 -0.22434)
(-0.44222 0.32454 -0.25264)
(-0.44467 0.32866 -0.24696)
(-0.45372 0.33682 -0.25857)
(-0.48019 0.37541 -0.29118)
(-0.50635 0.41925 -0.31848)
(-0.52088 0.44920 -0.35369)
(-0.55035 0.49818 -0.39338)
(-0.54817 0.50670 -0.40372)
(-0.55091 0.51135 -0.41034)
(-0.53549 0.53736 -0.43487)
(-0.53733 0.56183 -0.47979)
(-0.53006 0.56519 -0.48190)
(-0.53078 0.56420 -0.48629)
(-0.52753 0.56452 -0.49088)
(-0.47616 0.57347 -0.50664)
(-0.46850 0.57304 -0.51405)
(-0.44548 0.55942 -0.51668)
(-0.44339 0.55394 -0.52153)
(-0.44192 0.55458 -0.52851)
(-0.41424 0.55770 -0.53594)
(-0.41080 0.55665 -0.53751)
(-0.40716 0.55662 -0.53897)
(-0.38329 0.54563 -0.53387)
(-0.37733 0.53616 -0.53038)
(-0.35642 0.52066 -0.51073)
(-0.31095 0.47760 -0.46994)
(-0.29037 0.46143 -0.44656)
(-0.22432 0.40306 -0.38246)
(-0.24800 0.41201 -0.38269)
(-0.21367 0.39096 -0.36805)
(-0.20497 0.37350 -0.34625)
(-0.17418 0.33218 -0.28828)
(-0.13518 0.29615 -0.24289)
(-0.12419 0.28518 -0.22973)
(-0.12127 0.27741 -0.22288)
(-0.11321 0.27426 -0.21732)
(-0.09063 0.23569 -0.19123)
(-0.04782 0.17240 -0.14059)
(-0.02190 0.16309 -0.13310)
(-0.02137 0.13175 -0.11079)
(-0.00960 0.10261 -0.09465)
(0.01775 0.06902 -0.07269)
(0.02272 0.04599 -0.05504)
(0.02123 0.01554 -0.03235)
(0.00509 0.00192 -0.00477)
(-0.00399 -0.00009 0.00197)
(-0.03213 0.01982 -0.01438)
(-0.02961 0.01847 -0.01305)
(-0.18719 0.11779 -0.08417)
(-0.29203 0.18748 -0.13022)
(-0.37509 0.26338 -0.19037)
(-0.38396 0.28279 -0.19737)
(-0.38830 0.28661 -0.20356)
(-0.44872 0.34487 -0.24987)
(-0.48338 0.38995 -0.28854)
(-0.48911 0.40183 -0.28676)
(-0.52780 0.45024 -0.33687)
(-0.54280 0.48161 -0.37162)
(-0.55244 0.50357 -0.40008)
(-0.55392 0.50689 -0.40692)
(-0.55354 0.51377 -0.41651)
(-0.55157 0.52679 -0.44539)
(-0.53871 0.56017 -0.48336)
(-0.53941 0.55796 -0.48723)
(-0.52953 0.54395 -0.48900)
(-0.49056 0.54530 -0.49787)
(-0.47579 0.54514 -0.50443)
(-0.45310 0.52500 -0.50892)
(-0.44771 0.52491 -0.50931)
(-0.44351 0.52449 -0.50971)
(-0.41436 0.55332 -0.53435)
(-0.42529 0.53399 -0.52315)
(-0.41037 0.55201 -0.53566)
(-0.40614 0.55175 -0.53744)
(-0.37565 0.53616 -0.53108)
(-0.36061 0.51925 -0.52012)
(-0.34796 0.51356 -0.51856)
(-0.36984 0.53001 -0.52698)
(-0.32350 0.49190 -0.49159)
(-0.30498 0.47557 -0.48347)
(-0.29907 0.46729 -0.46345)
(-0.22482 0.40542 -0.38851)
(-0.21445 0.39396 -0.37420)
(-0.20459 0.38347 -0.36052)
(-0.18148 0.36332 -0.33075)
(-0.13549 0.30001 -0.24712)
(-0.12661 0.29155 -0.23623)
(-0.13175 0.29921 -0.25165)
(-0.11663 0.28197 -0.22408)
(-0.05250 0.20164 -0.15953)
(-0.07942 0.24889 -0.19128)
(-0.03844 0.19247 -0.15233)
(-0.00849 0.14840 -0.11966)
(-0.02530 0.18101 -0.14111)
(0.02713 0.10687 -0.09736)
(0.03177 0.08975 -0.08810)
(0.01555 0.02103 -0.02341)
(0.01262 0.03026 -0.02901)
(0.00273 0.00347 -0.00376)
(-0.15870 0.10134 -0.06970)
(-0.04038 0.02560 -0.01754)
(-0.16428 0.11621 -0.06821)
(-0.36278 0.25993 -0.17407)
(-0.39928 0.30202 -0.18661)
(-0.41755 0.31520 -0.20987)
(-0.45161 0.35527 -0.24463)
(-0.47615 0.38797 -0.27328)
(-0.48173 0.39649 -0.28020)
(-0.51047 0.42683 -0.31236)
(-0.52355 0.44879 -0.34031)
(-0.55283 0.50047 -0.39852)
(-0.56002 0.51618 -0.42610)
(-0.54254 0.52317 -0.46636)
(-0.54909 0.51283 -0.47171)
(-0.53361 0.51338 -0.47818)
(-0.50261 0.53353 -0.49638)
(-0.49974 0.52941 -0.50229)
(-0.46456 0.51472 -0.50467)
(-0.45063 0.51659 -0.50588)
(-0.44473 0.51656 -0.50603)
(-0.42838 0.51698 -0.51445)
(-0.41101 0.54635 -0.53290)
(-0.40779 0.50672 -0.50438)
(-0.40290 0.51799 -0.51499)
(-0.40638 0.54635 -0.53496)
(-0.38802 0.52794 -0.52872)
(-0.36507 0.51833 -0.52619)
(-0.34475 0.50646 -0.51646)
(-0.31610 0.48549 -0.49627)
(-0.29033 0.46466 -0.47180)
(-0.28661 0.45957 -0.46552)
(-0.26811 0.44455 -0.45303)
(-0.23965 0.42081 -0.41644)
(-0.21610 0.39665 -0.38112)
(-0.20742 0.38749 -0.37039)
(-0.19869 0.37894 -0.35959)
(-0.19586 0.37607 -0.35257)
(-0.15812 0.34243 -0.30749)
(-0.11694 0.29044 -0.24647)
(-0.11943 0.28837 -0.23114)
(-0.09055 0.26859 -0.21299)
(-0.07537 0.24594 -0.19243)
(-0.04679 0.21460 -0.15969)
(-0.02555 0.20902 -0.14809)
(0.00477 0.14871 -0.11346)
(0.02505 0.08552 -0.07779)
(0.01419 0.09156 -0.07341)
(0.02044 0.06519 -0.05928)
(0.00631 0.01713 -0.01559)
(0.00239 0.00534 -0.00507)
(-0.00203 0.00146 -0.00086)
(-0.05534 0.03992 -0.02348)
(-0.01294 0.00983 -0.00575)
(-0.26115 0.19366 -0.11208)
(-0.42906 0.33886 -0.22079)
(-0.19507 0.15880 -0.09723)
(-0.39635 0.30745 -0.19132)
(-0.40658 0.33978 -0.22479)
(-0.47150 0.38756 -0.27167)
(-0.47813 0.41665 -0.28193)
(-0.49209 0.41403 -0.28276)
(-0.49311 0.43198 -0.30899)
(-0.51834 0.45866 -0.35786)
(-0.53620 0.47729 -0.37860)
(-0.54900 0.49207 -0.40846)
(-0.54165 0.48178 -0.41615)
(-0.55952 0.49593 -0.46867)
(-0.56121 0.49449 -0.47299)
(-0.54386 0.48086 -0.47216)
(-0.51317 0.49773 -0.48449)
(-0.52151 0.47696 -0.47310)
(-0.50618 0.49679 -0.49456)
(-0.49002 0.49316 -0.49967)
(-0.46122 0.48022 -0.48247)
(-0.44046 0.49372 -0.48976)
(-0.43988 0.48606 -0.49038)
(-0.41574 0.47946 -0.48190)
(-0.39974 0.47279 -0.48082)
(-0.38065 0.47632 -0.48728)
(-0.37758 0.49607 -0.50496)
(-0.35835 0.50252 -0.52130)
(-0.37398 0.47833 -0.49135)
(-0.35317 0.50410 -0.52712)
(-0.32960 0.48202 -0.50043)
(-0.29968 0.45729 -0.48026)
(-0.27811 0.45065 -0.46396)
(-0.23402 0.40188 -0.41369)
(-0.22515 0.39335 -0.40332)
(-0.19481 0.36901 -0.36154)
(-0.15912 0.33696 -0.32649)
(-0.13910 0.32137 -0.29497)
(-0.11544 0.29684 -0.26183)
(-0.10039 0.29246 -0.24976)
(-0.09527 0.27649 -0.23449)
(-0.06016 0.24488 -0.19634)
(-0.04371 0.22947 -0.17882)
(-0.02731 0.20771 -0.15323)
(-0.00562 0.18486 -0.12878)
(0.00078 0.12530 -0.09531)
(0.00447 0.11872 -0.08532)
(0.00407 0.03113 -0.02329)
(0.00519 0.01728 -0.01450)
(0.05253 -0.04274 0.02482)
(-0.00600 0.00490 -0.00290)
(-0.28774 0.24275 -0.15335)
(0.00375 -0.00328 0.00200)
(-0.08613 0.07486 -0.04584)
(-0.35336 0.32011 -0.19823)
(-0.40457 0.36323 -0.22768)
(-0.44302 0.39965 -0.26841)
(-0.39688 0.36267 -0.22999)
(-0.40650 0.36931 -0.23615)
(-0.48625 0.43264 -0.31100)
(-0.50340 0.45138 -0.34940)
(-0.52810 0.46737 -0.38629)
(-0.51872 0.45535 -0.39637)
(-0.53118 0.47616 -0.43779)
(-0.51600 0.46036 -0.42637)
(-0.51373 0.44042 -0.44222)
(-0.49631 0.42040 -0.43464)
(-0.50311 0.45054 -0.46014)
(-0.48949 0.41562 -0.43198)
(-0.47565 0.45796 -0.46764)
(-0.45956 0.45033 -0.46195)
(-0.44729 0.43584 -0.45512)
(-0.43508 0.44748 -0.46050)
(-0.41822 0.45009 -0.46126)
(-0.40767 0.46212 -0.47375)
(-0.38514 0.44992 -0.46577)
(-0.37226 0.44362 -0.46388)
(-0.34476 0.41560 -0.44087)
(-0.35095 0.48300 -0.50285)
(-0.32854 0.46151 -0.48532)
(-0.33344 0.42081 -0.44718)
(-0.30692 0.42021 -0.45279)
(-0.29645 0.43322 -0.46141)
(-0.27527 0.40902 -0.43859)
(-0.26959 0.39075 -0.42731)
(-0.25946 0.38306 -0.41937)
(-0.24125 0.38312 -0.40920)
(-0.22692 0.39192 -0.40524)
(-0.21629 0.37553 -0.39642)
(-0.18490 0.35079 -0.36446)
(-0.16595 0.34084 -0.34260)
(-0.15761 0.31913 -0.32869)
(-0.13450 0.29645 -0.29081)
(-0.10632 0.28404 -0.25736)
(-0.09835 0.28701 -0.24820)
(-0.06560 0.24504 -0.21504)
(-0.05539 0.24552 -0.20448)
(-0.01117 0.17644 -0.14170)
(-0.00877 0.14313 -0.12023)
(-0.00112 0.08300 -0.06764)
(-0.00024 0.04917 -0.03820)
(0.00135 0.01719 -0.01271)
(-0.00085 -0.00343 0.00255)
(-0.00210 -0.01548 0.01134)
(-0.00241 -0.00949 0.00708)
(0.04457 -0.03909 0.02380)
(-0.02056 0.01892 -0.01154)
(-0.18833 0.17186 -0.10563)
(0.05377 -0.05013 0.03050)
(-0.12101 0.11249 -0.07003)
(-0.31535 0.29025 -0.18245)
(-0.41803 0.38468 -0.26345)
(-0.28990 0.27005 -0.17228)
(-0.37178 0.34477 -0.22113)
(-0.43399 0.40283 -0.30627)
(-0.46730 0.42500 -0.33162)
(-0.46435 0.41353 -0.35717)
(-0.49791 0.43732 -0.39762)
(-0.46072 0.40751 -0.37298)
(-0.49364 0.42670 -0.41232)
(-0.48967 0.41080 -0.42514)
(-0.48371 0.40607 -0.42199)
(-0.47799 0.40155 -0.41883)
(-0.48307 0.41125 -0.42904)
(-0.46980 0.43010 -0.44694)
(-0.44796 0.41485 -0.43452)
(-0.44891 0.42537 -0.44752)
(-0.42408 0.42140 -0.43405)
(-0.39025 0.40477 -0.41438)
(-0.37571 0.40169 -0.41297)
(-0.34758 0.39394 -0.41133)
(-0.33243 0.37911 -0.39731)
(-0.32756 0.37994 -0.40006)
(-0.31865 0.38607 -0.40792)
(-0.27163 0.38563 -0.42270)
(-0.26360 0.37970 -0.41652)
(-0.25864 0.37012 -0.40672)
(-0.25214 0.37009 -0.40664)
(-0.23328 0.36044 -0.39348)
(-0.18349 0.31982 -0.34182)
(-0.17536 0.29948 -0.31557)
(-0.15492 0.29648 -0.30809)
(-0.13757 0.29298 -0.29913)
(-0.12131 0.25869 -0.26006)
(-0.10246 0.25213 -0.25109)
(-0.09178 0.24771 -0.23675)
(-0.08689 0.25125 -0.23669)
(-0.04885 0.17793 -0.16456)
(-0.00472 0.07497 -0.06497)
(-0.00085 0.03583 -0.03036)
(-0.00002 -0.00114 0.00094)
(0.00005 -0.01358 0.01157)
(-0.00040 -0.01710 0.01420)
(0.00100 -0.00094 0.00058)
(0.01180 -0.01147 0.00712)
(-0.07780 0.07338 -0.04627)
(-0.29585 0.28748 -0.20162)
(-0.10594 0.10952 -0.07553)
(-0.39215 0.37600 -0.28958)
(-0.43977 0.40921 -0.31805)
(-0.44428 0.40266 -0.35253)
(-0.40479 0.38150 -0.32108)
(-0.44193 0.39864 -0.35389)
(-0.44720 0.40004 -0.35960)
(-0.44820 0.39584 -0.36346)
(-0.44928 0.38256 -0.37957)
(-0.47583 0.39638 -0.41124)
(-0.47150 0.39241 -0.40849)
(-0.46606 0.38674 -0.40380)
(-0.47172 0.39634 -0.41453)
(-0.43652 0.38179 -0.40363)
(-0.40505 0.35770 -0.37004)
(-0.39505 0.36577 -0.37204)
(-0.36708 0.35010 -0.35013)
(-0.36264 0.36864 -0.38216)
(-0.35893 0.37008 -0.38354)
(-0.33023 0.36545 -0.38146)
(-0.32527 0.36582 -0.38352)
(-0.31804 0.35311 -0.36980)
(-0.31772 0.36006 -0.37933)
(-0.29574 0.35564 -0.37923)
(-0.26594 0.37378 -0.41055)
(-0.27137 0.33335 -0.35621)
(-0.26102 0.36235 -0.39806)
(-0.25408 0.36094 -0.39702)
(-0.22214 0.31856 -0.34753)
(-0.18296 0.29131 -0.31306)
(-0.17179 0.29143 -0.30670)
(-0.16950 0.28617 -0.30102)
(-0.10772 0.22777 -0.23254)
(-0.10079 0.22736 -0.22874)
(-0.09136 0.20819 -0.20931)
(-0.05284 0.12159 -0.12215)
(-0.02521 0.06268 -0.06246)
(-0.00592 0.03223 -0.03037)
(-0.00007 0.00195 -0.00170)
(0.00155 -0.01292 0.01192)
(0.00046 -0.01438 0.01256)
(-0.02405 0.02505 -0.01722)
(-0.06341 0.06396 -0.04664)
(-0.17574 0.17591 -0.12875)
(-0.06723 0.06807 -0.05318)
(-0.25944 0.24660 -0.20655)
(-0.38553 0.35197 -0.30873)
(-0.15472 0.14411 -0.12312)
(-0.25044 0.22702 -0.20196)
(-0.43128 0.38816 -0.34762)
(-0.43662 0.38786 -0.35384)
(-0.44466 0.37671 -0.37045)
(-0.42587 0.36595 -0.35146)
(-0.44098 0.36770 -0.37385)
(-0.46540 0.38589 -0.40111)
(-0.41286 0.34575 -0.34884)
(-0.39598 0.32096 -0.32625)
(-0.40662 0.33360 -0.34810)
(-0.39889 0.33990 -0.35025)
(-0.36851 0.30381 -0.30987)
(-0.36371 0.30743 -0.31282)
(-0.34101 0.30623 -0.30238)
(-0.33579 0.29767 -0.29244)
(-0.33261 0.29867 -0.29300)
(-0.33681 0.30721 -0.30608)
(-0.33948 0.32162 -0.32751)
(-0.33106 0.34515 -0.35860)
(-0.31260 0.29666 -0.29895)
(-0.31867 0.34539 -0.35902)
(-0.31209 0.34146 -0.35626)
(-0.29618 0.32330 -0.33958)
(-0.26229 0.29924 -0.30996)
(-0.24379 0.30695 -0.32630)
(-0.24285 0.26585 -0.27342)
(-0.22479 0.26124 -0.27256)
(-0.21541 0.27851 -0.29501)
(-0.19894 0.27000 -0.28628)
(-0.14921 0.20480 -0.21305)
(-0.11772 0.17537 -0.18458)
(-0.11208 0.19818 -0.20695)
(-0.07734 0.16409 -0.16699)
(-0.03591 0.06188 -0.06385)
(-0.02218 0.04736 -0.04789)
(-0.01473 0.03429 -0.03440)
(0.00264 -0.00664 0.00663)
(-0.01310 0.01332 -0.01038)
(-0.04143 0.04073 -0.03294)
(-0.04504 0.04238 -0.03648)
(-0.02268 0.02133 -0.01894)
(-0.05663 0.05017 -0.04666)
(-0.26814 0.23438 -0.22288)
(-0.32266 0.27385 -0.26934)
(-0.09195 0.07825 -0.07600)
(-0.16629 0.14072 -0.13828)
(-0.24802 0.20751 -0.20873)
(-0.34397 0.28467 -0.28210)
(-0.21562 0.17904 -0.17647)
(-0.33098 0.26575 -0.26543)
(-0.36138 0.28538 -0.28959)
(-0.28415 0.22930 -0.22836)
(-0.32172 0.25950 -0.25170)
(-0.31671 0.27165 -0.26326)
(-0.32124 0.28051 -0.27398)
(-0.28254 0.23621 -0.22831)
(-0.27732 0.23648 -0.22910)
(-0.27943 0.24920 -0.24730)
(-0.25629 0.22470 -0.22001)
(-0.20889 0.18027 -0.17358)
(-0.27943 0.27601 -0.28174)
(-0.25437 0.24415 -0.24761)
(-0.13454 0.12256 -0.11823)
(-0.19944 0.19561 -0.19444)
(-0.15184 0.15249 -0.15635)
(-0.15954 0.17430 -0.17898)
(-0.05186 0.05213 -0.05297)
(-0.05979 0.06197 -0.06142)
(-0.03816 0.04475 -0.04552)
(-0.05366 0.07013 -0.07185)
(0.00244 -0.00299 0.00298)
(-0.01150 0.01674 -0.01702)
(-0.00552 0.00905 -0.00949)
(0.06107 -0.05553 0.05076)
(0.05676 -0.04848 0.04695)
(-0.05286 0.04526 -0.04260)
(0.04701 -0.04042 0.03788)
(0.01598 -0.01355 0.01253)
(-0.11643 0.09699 -0.09518)
(-0.09821 0.08317 -0.07741)
(0.00156 -0.00132 0.00119)
(0.00128 -0.00108 0.00099)
(-0.10178 0.08415 -0.08029)
(-0.17067 0.13868 -0.13343)
(-0.03476 0.02844 -0.02586)
(-0.08103 0.06124 -0.05637)
(-0.13779 0.10416 -0.09614)
(-0.04599 0.03454 -0.03155)
(-0.08565 0.06815 -0.06327)
(-0.08874 0.06911 -0.06197)
(-0.13251 0.11295 -0.10772)
(-0.01116 0.00846 -0.00742)
(-0.02251 0.01842 -0.01748)
(0.00272 -0.00222 0.00205)
(-0.08594 0.07761 -0.07440)
(-0.04872 0.04435 -0.04334)
(0.02197 -0.01975 0.01872)
(0.01279 -0.01272 0.01213)
(0.02201 -0.02259 0.02110)
(0.02415 -0.02800 0.02746)
(-0.00988 0.00746 -0.00681)
(-0.01633 0.01224 -0.01114)
(-0.01366 0.00975 -0.00873)
(0.00592 -0.00425 0.00369)
)