/*--------------------------------*- C++ -*----------------------------------*\ 
| =========                 |                                                 | 
| \\      /  F ield         | OpenFOAM: The Open Source CFD Toolbox           | 
|  \\    /   O peration     | Version:  4.0                                   | 
|   \\  /    A nd           | Web:      www.OpenFOAM.org                      | 
|    \\/     M anipulation  |                                                 | 
\*---------------------------------------------------------------------------*/ 
FoamFile 
{ 
    version     2.0; 
    format      ascii; 
    class       vectorAverageField; 
    object      values; 
} 
// * * * * * * * * * * * * * * * * * * * * * * * * * * * * * * * * * * * * * // 
 
// Average 
(0 0 0) 
 
// Velocity data on points 
2447
(
(0.00309 0.00137 -0.00155)
(-0.00205 -0.00060 0.00024)
(-0.00672 -0.00148 -0.00088)
(-0.00200 -0.00095 -0.00099)
(0.00305 0.00101 0.00212)
(-0.01667 -0.00229 -0.00783)
(-0.00554 -0.00156 -0.00391)
(-0.02075 0.00247 -0.02767)
(-0.00212 0.00016 -0.00287)
(0.00322 -0.00038 0.00447)
(-0.01442 0.00222 -0.01982)
(-0.00300 0.00054 -0.00428)
(0.00306 -0.00093 0.00407)
(-0.01942 0.00747 -0.02613)
(-0.00101 0.00046 -0.00144)
(0.00317 -0.00156 0.00437)
(-0.01119 0.00568 -0.01537)
(-0.00067 0.00042 -0.00088)
(0.00511 -0.00411 0.00727)
(-0.00104 0.00084 -0.00148)
(0.00613 0.00310 -0.00406)
(-0.00164 -0.00053 0.00106)
(0.00121 0.00049 -0.00071)
(0.00049 0.00024 -0.00031)
(-0.01832 -0.01202 0.01834)
(-0.01814 -0.00805 0.01145)
(-0.02553 -0.00498 0.00280)
(-0.03010 -0.00352 -0.00577)
(-0.05121 -0.00616 0.00274)
(-0.05537 -0.00442 -0.01157)
(-0.04371 -0.00333 -0.02126)
(-0.03391 0.00133 -0.03266)
(-0.06108 0.00862 -0.04853)
(-0.04806 0.00816 -0.06278)
(-0.04078 0.00813 -0.05511)
(-0.03391 0.00796 -0.04741)
(-0.05714 0.01336 -0.07594)
(-0.05672 0.01524 -0.07814)
(-0.06896 0.02965 -0.09126)
(-0.04063 0.01647 -0.05424)
(-0.03454 0.01854 -0.04908)
(-0.08883 0.05768 -0.12614)
(-0.08086 0.05341 -0.11513)
(-0.04520 0.02990 -0.06624)
(-0.03112 0.02226 -0.04177)
(-0.07029 0.05364 -0.09789)
(-0.02776 0.02378 -0.04015)
(-0.00875 0.00839 -0.01300)
(-0.05546 0.05011 -0.07383)
(-0.00679 0.00753 -0.01047)
(0.00090 -0.00124 0.00173)
(0.00350 0.00188 -0.00269)
(-0.00152 -0.00088 0.00138)
(-0.00572 -0.00307 0.00551)
(-0.01613 -0.00812 0.01528)
(-0.04193 -0.02105 0.04068)
(-0.03329 -0.01525 0.02865)
(-0.03833 -0.02519 0.04109)
(-0.04514 -0.02268 0.03858)
(-0.05329 -0.01579 0.02377)
(-0.05112 -0.01055 0.00838)
(-0.04911 -0.00166 -0.02514)
(-0.05869 0.00961 -0.04790)
(-0.06113 0.01504 -0.06116)
(-0.06380 0.02186 -0.08914)
(-0.06597 0.01897 -0.06661)
(-0.07061 0.02554 -0.08201)
(-0.06765 0.02581 -0.09600)
(-0.07718 0.03448 -0.10603)
(-0.09219 0.05482 -0.13457)
(-0.10157 0.06429 -0.14169)
(-0.11042 0.07160 -0.15373)
(-0.11818 0.07162 -0.16105)
(-0.10691 0.07659 -0.14944)
(-0.10308 0.08130 -0.14374)
(-0.10313 0.08346 -0.13455)
(-0.11787 0.09730 -0.15886)
(-0.10922 0.09911 -0.14674)
(-0.07186 0.06913 -0.09934)
(-0.04226 0.04408 -0.06203)
(-0.11537 0.11315 -0.15749)
(-0.07566 0.08035 -0.10573)
(-0.02571 0.03244 -0.04588)
(-0.00136 0.00196 -0.00272)
(-0.01591 0.02185 -0.02693)
(0.00512 -0.00817 0.01004)
(0.00956 -0.01553 0.01930)
(0.00021 0.00011 -0.00013)
(-0.00663 -0.00321 0.00471)
(-0.01821 -0.00925 0.01483)
(-0.02620 -0.01584 0.02577)
(-0.04861 -0.02623 0.04680)
(-0.04105 -0.02461 0.04094)
(-0.04757 -0.03431 0.05577)
(-0.05461 -0.02628 0.05584)
(-0.05217 -0.02589 0.05127)
(-0.04951 -0.02663 0.05497)
(-0.05053 -0.02720 0.05755)
(-0.04766 -0.02433 0.04984)
(-0.04641 -0.02007 0.03607)
(-0.05042 -0.01325 0.01427)
(-0.04898 -0.01000 0.00350)
(-0.05167 0.00221 -0.02214)
(-0.05456 0.00727 -0.03430)
(-0.06683 0.01748 -0.05820)
(-0.07669 0.02772 -0.07810)
(-0.09210 0.04824 -0.11607)
(-0.09768 0.05724 -0.13605)
(-0.10175 0.06872 -0.15436)
(-0.10877 0.07555 -0.15717)
(-0.11448 0.07617 -0.15888)
(-0.12709 0.09909 -0.17546)
(-0.13816 0.11697 -0.19137)
(-0.15566 0.14084 -0.19998)
(-0.12719 0.11810 -0.15564)
(-0.15110 0.13433 -0.18741)
(-0.11981 0.11729 -0.16361)
(-0.12304 0.12822 -0.16560)
(-0.13193 0.14053 -0.16782)
(-0.12413 0.13462 -0.16027)
(-0.06963 0.08440 -0.10247)
(-0.01353 0.02068 -0.02758)
(-0.10541 0.12698 -0.15840)
(-0.05553 0.07868 -0.10178)
(-0.00630 0.01036 -0.01403)
(-0.00188 0.00341 -0.00467)
(0.00362 0.00228 -0.00181)
(-0.00866 -0.00527 0.00527)
(-0.02240 -0.01241 0.01511)
(-0.04461 -0.02185 0.03496)
(-0.05591 -0.02689 0.04074)
(-0.05866 -0.03338 0.05983)
(-0.05668 -0.03475 0.06215)
(-0.04840 -0.03679 0.06339)
(-0.05434 -0.03173 0.06116)
(-0.05042 -0.02854 0.06063)
(-0.05059 -0.02697 0.05741)
(-0.05104 -0.02515 0.05404)
(-0.05044 -0.02653 0.05627)
(-0.05121 -0.02432 0.05192)
(-0.05721 -0.00911 0.01611)
(-0.05160 0.00257 -0.02202)
(-0.05365 0.00632 -0.03083)
(-0.05640 0.01083 -0.04168)
(-0.07315 0.02794 -0.07379)
(-0.09281 0.05236 -0.11955)
(-0.09496 0.05667 -0.12675)
(-0.10881 0.07734 -0.16098)
(-0.12864 0.10323 -0.19192)
(-0.12956 0.10531 -0.18823)
(-0.14141 0.11844 -0.19826)
(-0.15866 0.14358 -0.21083)
(-0.16068 0.14752 -0.21079)
(-0.16203 0.15021 -0.20936)
(-0.16307 0.15226 -0.20768)
(-0.15704 0.15361 -0.19896)
(-0.13552 0.14301 -0.17099)
(-0.13230 0.14286 -0.17035)
(-0.13694 0.14602 -0.17370)
(-0.12532 0.14264 -0.18053)
(-0.09460 0.13264 -0.15944)
(-0.12575 0.15785 -0.18834)
(-0.07791 0.11363 -0.13949)
(-0.02600 0.05077 -0.06358)
(-0.00254 0.00533 -0.00671)
(-0.05455 0.10502 -0.13237)
(-0.01108 0.02418 -0.03064)
(-0.00060 0.00135 -0.00172)
(-0.00502 -0.00317 0.00285)
(-0.01476 -0.00997 0.00937)
(-0.04249 -0.03085 0.03540)
(-0.05377 -0.03416 0.04090)
(-0.05481 -0.04448 0.06160)
(-0.05553 -0.04256 0.06749)
(-0.05537 -0.04195 0.07114)
(-0.05585 -0.04297 0.07154)
(-0.05553 -0.04263 0.07472)
(-0.04703 -0.04133 0.07475)
(-0.05018 -0.03018 0.06426)
(-0.04996 -0.03032 0.06461)
(-0.04993 -0.02835 0.05973)
(-0.04988 -0.02617 0.05431)
(-0.05043 -0.02370 0.04884)
(-0.06246 0.00033 -0.00076)
(-0.05080 0.00445 -0.02813)
(-0.05546 0.00295 -0.02700)
(-0.05237 0.01038 -0.04806)
(-0.05244 0.00993 -0.04113)
(-0.05626 0.01396 -0.04892)
(-0.08737 0.05262 -0.12401)
(-0.07945 0.05005 -0.12536)
(-0.09518 0.06995 -0.15040)
(-0.09513 0.06281 -0.13974)
(-0.10722 0.08235 -0.17507)
(-0.13863 0.11842 -0.21817)
(-0.14244 0.12344 -0.22329)
(-0.14600 0.12837 -0.22778)
(-0.15375 0.13942 -0.20989)
(-0.16562 0.15517 -0.22069)
(-0.16725 0.15777 -0.21935)
(-0.16886 0.16021 -0.21713)
(-0.17451 0.17156 -0.21739)
(-0.16308 0.16523 -0.20473)
(-0.16139 0.17619 -0.20884)
(-0.14201 0.16115 -0.19299)
(-0.13851 0.17436 -0.20744)
(-0.13147 0.16396 -0.20273)
(-0.11500 0.16323 -0.19825)
(-0.08281 0.15560 -0.19329)
(-0.04682 0.09478 -0.11904)
(-0.05774 0.11820 -0.14661)
(-0.01700 0.03776 -0.04747)
(-0.00790 0.01807 -0.02254)
(0.00271 0.00150 -0.00110)
(-0.00060 -0.00031 0.00021)
(-0.03691 -0.02001 0.02261)
(-0.05527 -0.03684 0.04271)
(-0.05927 -0.04049 0.05402)
(-0.05884 -0.04118 0.06933)
(-0.05726 -0.04379 0.07223)
(-0.05611 -0.04355 0.07463)
(-0.05652 -0.04414 0.07692)
(-0.04988 -0.04651 0.08175)
(-0.04737 -0.04219 0.07714)
(-0.04982 -0.03054 0.06420)
(-0.05081 -0.03094 0.06381)
(-0.04893 -0.02828 0.05689)
(-0.04861 -0.02578 0.05094)
(-0.04961 -0.01321 0.02398)
(-0.04570 -0.02420 0.04405)
(-0.04052 -0.00103 -0.01334)
(-0.04256 0.00519 -0.03386)
(-0.05075 0.02745 -0.08113)
(-0.06464 0.03529 -0.10082)
(-0.08175 0.06737 -0.14742)
(-0.10358 0.08769 -0.18650)
(-0.13044 0.11571 -0.21900)
(-0.14159 0.12599 -0.22764)
(-0.14695 0.13267 -0.23335)
(-0.16027 0.15492 -0.24740)
(-0.17355 0.16863 -0.24835)
(-0.17867 0.17415 -0.24278)
(-0.17416 0.16840 -0.22682)
(-0.18374 0.19065 -0.23220)
(-0.17633 0.18723 -0.21828)
(-0.18715 0.20830 -0.24305)
(-0.16900 0.19500 -0.22067)
(-0.15989 0.19663 -0.22685)
(-0.15242 0.18998 -0.22301)
(-0.14551 0.18612 -0.21309)
(-0.13622 0.18942 -0.21228)
(-0.09059 0.16325 -0.19611)
(-0.08300 0.15997 -0.19493)
(-0.02705 0.05943 -0.07355)
(-0.08442 0.16401 -0.19537)
(-0.05835 0.12192 -0.14902)
(-0.01729 0.04377 -0.05168)
(-0.00127 0.00360 -0.00389)
(0.00826 0.00294 -0.00224)
(-0.00028 -0.00010 0.00008)
(-0.01931 -0.00795 0.00964)
(-0.04002 -0.01838 0.02297)
(-0.06191 -0.03810 0.05357)
(-0.06494 -0.03195 0.04614)
(-0.06238 -0.03756 0.06018)
(-0.06402 -0.03815 0.06439)
(-0.05573 -0.04550 0.07240)
(-0.05063 -0.05042 0.08142)
(-0.05019 -0.04221 0.08720)
(-0.04096 -0.04676 0.09631)
(-0.03494 -0.04563 0.08599)
(-0.03875 -0.04492 0.07813)
(-0.04262 -0.02945 0.05549)
(-0.03571 -0.01525 0.02139)
(-0.03641 -0.01077 0.00674)
(-0.02578 -0.00463 -0.03088)
(-0.03978 0.01287 -0.05541)
(-0.05540 0.04476 -0.10083)
(-0.06893 0.06505 -0.13312)
(-0.09323 0.09484 -0.18817)
(-0.11152 0.11473 -0.20969)
(-0.12600 0.13259 -0.23348)
(-0.13967 0.12695 -0.23143)
(-0.14636 0.13462 -0.23770)
(-0.16146 0.16363 -0.26707)
(-0.17465 0.18842 -0.27557)
(-0.19093 0.20839 -0.29040)
(-0.19412 0.21765 -0.28396)
(-0.19453 0.21857 -0.27860)
(-0.20126 0.22355 -0.25323)
(-0.18265 0.21807 -0.24017)
(-0.15890 0.19851 -0.22716)
(-0.17005 0.22062 -0.23175)
(-0.15043 0.20531 -0.22230)
(-0.13296 0.19915 -0.21525)
(-0.15154 0.21107 -0.22312)
(-0.12780 0.19653 -0.21058)
(-0.10856 0.18350 -0.20722)
(-0.08413 0.17075 -0.20087)
(-0.11153 0.19293 -0.21415)
(-0.05151 0.11710 -0.12512)
(-0.01143 0.03165 -0.03406)
(-0.00722 0.01824 -0.01923)
(0.00035 0.00011 -0.00012)
(-0.01350 -0.00384 0.00356)
(-0.05326 -0.02166 0.03194)
(-0.05908 -0.02192 0.03960)
(-0.06108 -0.02995 0.04972)
(-0.05405 -0.03579 0.06241)
(-0.05822 -0.03858 0.05951)
(-0.05373 -0.04626 0.07016)
(-0.05854 -0.03897 0.06762)
(-0.05276 -0.04858 0.08173)
(-0.05252 -0.04958 0.08392)
(-0.03494 -0.05243 0.09725)
(-0.03073 -0.05529 0.10296)
(-0.03009 -0.05495 0.10407)
(-0.03385 -0.05307 0.09979)
(-0.03976 -0.04084 0.07963)
(-0.02675 -0.04970 0.08056)
(-0.02555 -0.04898 0.08029)
(-0.02828 -0.03628 0.06989)
(-0.02884 -0.02237 0.03089)
(-0.03311 -0.01321 0.01466)
(-0.02870 -0.00148 -0.02312)
(-0.03650 0.01219 -0.04612)
(-0.05554 0.04786 -0.09773)
(-0.06448 0.08294 -0.15411)
(-0.07208 0.09309 -0.16883)
(-0.09084 0.10698 -0.19558)
(-0.11319 0.12834 -0.22393)
(-0.14508 0.16632 -0.26664)
(-0.16339 0.18084 -0.27990)
(-0.17491 0.19956 -0.28884)
(-0.19419 0.21702 -0.30069)
(-0.19613 0.22192 -0.30547)
(-0.19907 0.23953 -0.30549)
(-0.20180 0.23403 -0.28317)
(-0.20326 0.25208 -0.29344)
(-0.19831 0.24261 -0.26373)
(-0.20567 0.25905 -0.26749)
(-0.19644 0.24860 -0.25516)
(-0.19858 0.25998 -0.26070)
(-0.17101 0.22592 -0.23259)
(-0.17043 0.23498 -0.23315)
(-0.15374 0.22303 -0.22752)
(-0.14895 0.22827 -0.23491)
(-0.12433 0.21503 -0.22651)
(-0.10666 0.20560 -0.21433)
(-0.07551 0.17475 -0.18200)
(-0.02354 0.06082 -0.06358)
(0.00269 -0.00710 0.00762)
(-0.06611 0.14416 -0.14926)
(-0.00405 -0.00136 0.00182)
(-0.02471 -0.00747 0.01066)
(-0.02645 -0.00947 0.01492)
(-0.04514 -0.01311 0.02638)
(-0.06021 -0.02385 0.04910)
(-0.05357 -0.03372 0.05932)
(-0.05007 -0.03649 0.06352)
(-0.05187 -0.03769 0.06524)
(-0.05033 -0.04099 0.06931)
(-0.03973 -0.05056 0.08130)
(-0.02941 -0.05645 0.10232)
(-0.02666 -0.05662 0.10302)
(-0.02681 -0.05006 0.09107)
(-0.02075 -0.04446 0.06368)
(-0.01636 -0.03477 0.05090)
(-0.02633 -0.01626 0.01051)
(-0.02181 -0.01733 0.00818)
(-0.02782 0.00665 -0.02972)
(-0.02966 0.00835 -0.03425)
(-0.03138 0.01732 -0.05206)
(-0.04938 0.04923 -0.10197)
(-0.06319 0.08360 -0.15217)
(-0.07042 0.09301 -0.16509)
(-0.07819 0.10258 -0.17812)
(-0.10738 0.12759 -0.21328)
(-0.13572 0.15958 -0.26077)
(-0.13440 0.16671 -0.25858)
(-0.14789 0.17833 -0.27592)
(-0.16358 0.19497 -0.29690)
(-0.18463 0.22278 -0.30792)
(-0.19117 0.23192 -0.31566)
(-0.20273 0.26405 -0.32504)
(-0.20394 0.26463 -0.31772)
(-0.20355 0.26834 -0.31861)
(-0.20177 0.25902 -0.28974)
(-0.19754 0.26335 -0.28022)
(-0.20131 0.26420 -0.26790)
(-0.19955 0.26601 -0.26780)
(-0.19712 0.26232 -0.25982)
(-0.17694 0.25732 -0.24702)
(-0.16510 0.24827 -0.23727)
(-0.14097 0.23283 -0.23119)
(-0.12822 0.24182 -0.23644)
(-0.11225 0.21914 -0.22552)
(-0.11934 0.23407 -0.23414)
(-0.09778 0.20962 -0.21685)
(-0.05224 0.12559 -0.13030)
(-0.00327 0.00899 -0.00956)
(0.00120 -0.00328 0.00351)
(0.00123 0.00045 -0.00079)
(-0.00180 -0.00069 0.00127)
(-0.01384 -0.00514 0.00928)
(-0.03891 -0.01482 0.02686)
(-0.05035 -0.01791 0.04088)
(-0.04359 -0.01743 0.03251)
(-0.04591 -0.02337 0.04748)
(-0.04965 -0.03431 0.06082)
(-0.04793 -0.04011 0.06787)
(-0.04561 -0.03904 0.06613)
(-0.04402 -0.04392 0.07097)
(-0.03147 -0.05588 0.08396)
(-0.02386 -0.05400 0.06615)
(-0.02377 -0.05867 0.10229)
(-0.01720 -0.05888 0.08748)
(-0.01242 -0.04989 0.05650)
(-0.00955 -0.03586 0.04887)
(-0.01551 -0.02752 0.02365)
(-0.02803 0.00740 -0.03271)
(-0.03047 0.01479 -0.04626)
(-0.03050 0.01513 -0.04545)
(-0.03238 0.02061 -0.05671)
(-0.06307 0.08642 -0.15165)
(-0.06965 0.09407 -0.16189)
(-0.07701 0.10325 -0.17337)
(-0.09318 0.12435 -0.19446)
(-0.12917 0.16609 -0.25163)
(-0.14914 0.18956 -0.28057)
(-0.17333 0.22137 -0.31533)
(-0.17680 0.22750 -0.32043)
(-0.17906 0.23230 -0.32467)
(-0.19699 0.26067 -0.33154)
(-0.20173 0.26944 -0.32612)
(-0.20297 0.27233 -0.31960)
(-0.19771 0.27998 -0.30758)
(-0.20134 0.27010 -0.27539)
(-0.19945 0.27166 -0.27526)
(-0.18798 0.27093 -0.26838)
(-0.16618 0.25847 -0.24962)
(-0.16381 0.26589 -0.25576)
(-0.15506 0.24697 -0.23973)
(-0.13265 0.24819 -0.24214)
(-0.12818 0.24351 -0.24019)
(-0.12304 0.23862 -0.23868)
(-0.11841 0.23446 -0.23711)
(-0.07001 0.16539 -0.17271)
(-0.01802 0.04835 -0.05192)
(-0.00713 0.01903 -0.02053)
(0.00714 -0.01928 0.02072)
(-0.00358 -0.00110 0.00259)
(-0.01382 -0.00545 0.01035)
(-0.02580 -0.01023 0.01939)
(-0.02133 -0.00875 0.01710)
(-0.04073 -0.01721 0.03295)
(-0.04174 -0.01829 0.03400)
(-0.04001 -0.03134 0.05869)
(-0.03170 -0.02754 0.05058)
(-0.04300 -0.03774 0.06428)
(-0.04004 -0.04248 0.06830)
(-0.02544 -0.05421 0.06401)
(-0.00178 -0.07011 0.06743)
(-0.01787 -0.06179 0.07329)
(-0.00235 -0.06701 0.06434)
(-0.01885 -0.05380 0.05266)
(-0.01121 -0.04636 0.04914)
(-0.01276 -0.04655 0.02963)
(-0.00847 -0.03401 0.01814)
(-0.01937 -0.00571 -0.00986)
(-0.03057 0.01436 -0.04562)
(-0.03364 0.02293 -0.05742)
(-0.03497 0.02333 -0.05806)
(-0.04731 0.05449 -0.10087)
(-0.06984 0.09171 -0.15397)
(-0.08472 0.11231 -0.17209)
(-0.10666 0.14447 -0.20649)
(-0.13801 0.17798 -0.23831)
(-0.15176 0.19691 -0.27627)
(-0.16287 0.21602 -0.29934)
(-0.17471 0.22784 -0.31802)
(-0.17740 0.23340 -0.32397)
(-0.19181 0.26324 -0.33793)
(-0.20017 0.27054 -0.33238)
(-0.19932 0.27365 -0.33167)
(-0.20078 0.27531 -0.32583)
(-0.19410 0.28646 -0.31942)
(-0.19573 0.29024 -0.29890)
(-0.19350 0.29204 -0.29856)
(-0.19076 0.28809 -0.28555)
(-0.18517 0.29365 -0.30114)
(-0.17815 0.28734 -0.27519)
(-0.17337 0.27926 -0.26862)
(-0.17060 0.28872 -0.28236)
(-0.14918 0.26275 -0.25363)
(-0.13404 0.25125 -0.24493)
(-0.12993 0.24676 -0.24351)
(-0.12700 0.24414 -0.24348)
(-0.12447 0.24184 -0.24361)
(-0.12021 0.23718 -0.24157)
(-0.11052 0.22712 -0.24730)
(-0.07739 0.17819 -0.19335)
(-0.02781 0.06688 -0.07401)
(0.00291 -0.00766 0.00832)
(0.00014 0.00008 -0.00016)
(-0.00195 -0.00120 0.00242)
(-0.01225 -0.00726 0.01508)
(-0.03505 -0.01499 0.02948)
(-0.03057 -0.01995 0.03400)
(-0.03206 -0.02228 0.03724)
(-0.02264 -0.02231 0.03892)
(-0.02587 -0.02931 0.04417)
(-0.02963 -0.03533 0.05842)
(-0.00874 -0.03999 0.04609)
(-0.01127 -0.04009 0.05262)
(-0.01854 -0.04752 0.05980)
(-0.01014 -0.05561 0.04911)
(0.00223 -0.06924 0.05766)
(0.00583 -0.07604 0.06851)
(0.00442 -0.06533 0.03568)
(-0.00238 -0.05876 0.03095)
(-0.00973 -0.03996 0.02245)
(-0.01101 -0.03421 0.01571)
(-0.02433 0.00200 -0.02800)
(-0.03333 0.01848 -0.04914)
(-0.06269 0.05921 -0.09437)
(-0.05607 0.06077 -0.09481)
(-0.07676 0.07902 -0.11288)
(-0.08988 0.10729 -0.14790)
(-0.10269 0.12281 -0.17030)
(-0.12354 0.16143 -0.20215)
(-0.14449 0.18247 -0.22750)
(-0.15370 0.20273 -0.26554)
(-0.16620 0.20713 -0.25579)
(-0.16708 0.21919 -0.28929)
(-0.18014 0.23447 -0.30953)
(-0.18250 0.24291 -0.33385)
(-0.19154 0.26297 -0.34567)
(-0.19350 0.26920 -0.34251)
(-0.19042 0.27717 -0.35119)
(-0.19373 0.28525 -0.34900)
(-0.18956 0.28760 -0.34426)
(-0.18978 0.30257 -0.32665)
(-0.18853 0.30319 -0.32543)
(-0.18104 0.29363 -0.32079)
(-0.17590 0.28951 -0.29822)
(-0.16679 0.28095 -0.29631)
(-0.15915 0.27562 -0.27966)
(-0.15577 0.27321 -0.27548)
(-0.14495 0.25820 -0.26889)
(-0.13039 0.24683 -0.27308)
(-0.11892 0.23626 -0.25345)
(-0.10792 0.22573 -0.25057)
(-0.09648 0.21173 -0.24345)
(-0.11502 0.23129 -0.25677)
(-0.10005 0.21809 -0.25023)
(-0.04214 0.09850 -0.11308)
(-0.00213 0.00551 -0.00620)
(0.00476 -0.01166 0.01349)
(-0.00076 -0.00080 0.00167)
(-0.00500 -0.00358 0.00716)
(-0.02700 -0.01491 0.03536)
(-0.01677 -0.01660 0.03713)
(-0.01961 -0.01936 0.03836)
(-0.02042 -0.02219 0.04090)
(-0.01750 -0.01951 0.04020)
(-0.00989 -0.03462 0.04220)
(-0.00529 -0.04165 0.04649)
(0.00427 -0.05300 0.02759)
(-0.00310 -0.05286 0.03918)
(0.00271 -0.06426 0.04656)
(0.00496 -0.06692 0.03693)
(0.00562 -0.06472 0.01271)
(-0.00730 -0.03536 -0.02245)
(-0.01242 -0.02667 -0.03248)
(-0.01521 -0.02792 -0.01622)
(-0.02245 -0.00592 -0.03491)
(-0.03066 0.01591 -0.05671)
(-0.05875 0.05300 -0.08830)
(-0.08743 0.08819 -0.11697)
(-0.09255 0.10517 -0.14052)
(-0.10191 0.12182 -0.15968)
(-0.12849 0.15518 -0.18738)
(-0.17277 0.20690 -0.22806)
(-0.17841 0.21520 -0.23738)
(-0.17221 0.22012 -0.28075)
(-0.18383 0.23865 -0.30426)
(-0.19992 0.26667 -0.32963)
(-0.20099 0.27050 -0.33636)
(-0.18624 0.27192 -0.34921)
(-0.18735 0.27819 -0.35900)
(-0.18932 0.28347 -0.34946)
(-0.19060 0.28927 -0.35606)
(-0.18600 0.29692 -0.33003)
(-0.18346 0.29366 -0.32902)
(-0.17274 0.29097 -0.32572)
(-0.16631 0.28349 -0.31324)
(-0.16371 0.28023 -0.31038)
(-0.16090 0.27947 -0.29410)
(-0.15179 0.26885 -0.27756)
(-0.15271 0.27104 -0.28863)
(-0.14314 0.26247 -0.27765)
(-0.13806 0.25150 -0.27730)
(-0.13525 0.24210 -0.27519)
(-0.11657 0.23262 -0.25791)
(-0.10485 0.22119 -0.25348)
(-0.10083 0.21819 -0.25185)
(-0.10427 0.21789 -0.25052)
(-0.05892 0.13579 -0.16033)
(-0.00986 0.02395 -0.02779)
(-0.00536 0.01231 -0.01425)
(0.00125 0.00145 -0.00293)
(-0.00499 -0.00530 0.01127)
(-0.00048 -0.00056 0.00113)
(-0.00594 -0.00684 0.01431)
(-0.01141 -0.01627 0.03419)
(-0.01726 -0.01801 0.03907)
(-0.00880 -0.01940 0.03680)
(-0.01302 -0.02202 0.03713)
(-0.00682 -0.02875 0.03272)
(-0.00959 -0.02686 0.03517)
(0.00112 -0.03291 0.02725)
(0.00079 -0.03828 0.03573)
(0.00581 -0.04726 0.03250)
(0.01615 -0.06165 0.00469)
(0.01650 -0.06490 0.00124)
(0.01596 -0.06806 0.00792)
(-0.00381 -0.03848 -0.02324)
(-0.01334 -0.02792 -0.03846)
(-0.01976 -0.01790 -0.04391)
(-0.03616 0.00730 -0.06635)
(-0.06801 0.04946 -0.10015)
(-0.09542 0.08390 -0.11351)
(-0.13767 0.12787 -0.16350)
(-0.09559 0.10078 -0.12560)
(-0.12322 0.13568 -0.16370)
(-0.15492 0.17976 -0.20175)
(-0.17696 0.20881 -0.22585)
(-0.18169 0.21536 -0.23387)
(-0.18221 0.22092 -0.24443)
(-0.18701 0.24144 -0.28882)
(-0.20208 0.26644 -0.32559)
(-0.20331 0.26952 -0.33171)
(-0.19441 0.26893 -0.34611)
(-0.19591 0.27994 -0.35839)
(-0.18766 0.28662 -0.35835)
(-0.18292 0.28688 -0.35201)
(-0.18158 0.28814 -0.34973)
(-0.17847 0.28846 -0.33684)
(-0.16612 0.27951 -0.32561)
(-0.16515 0.28168 -0.31653)
(-0.16264 0.27828 -0.31373)
(-0.16101 0.27703 -0.30755)
(-0.15621 0.27307 -0.29508)
(-0.14479 0.26035 -0.27972)
(-0.13743 0.24786 -0.27022)
(-0.12943 0.24343 -0.26778)
(-0.12434 0.23871 -0.25664)
(-0.11770 0.23371 -0.25564)
(-0.10922 0.22307 -0.25494)
(-0.10866 0.21838 -0.25551)
(-0.06889 0.15447 -0.17998)
(-0.01279 0.02913 -0.03367)
(0.00121 0.00145 -0.00291)
(-0.00216 -0.00259 0.00527)
(-0.01201 -0.01429 0.03046)
(-0.00961 -0.01178 0.02455)
(-0.01234 -0.01538 0.03225)
(-0.00538 -0.02038 0.03352)
(-0.00455 -0.02294 0.03502)
(0.00064 -0.02698 0.02946)
(0.01239 -0.03597 0.02163)
(0.01452 -0.03874 0.01950)
(0.01434 -0.04917 0.02841)
(0.01716 -0.06069 0.00161)
(0.01729 -0.06207 -0.00455)
(0.01614 -0.06295 -0.01186)
(0.01602 -0.06477 -0.00789)
(-0.00292 -0.04538 -0.03335)
(-0.01027 -0.03099 -0.04454)
(-0.02122 -0.02140 -0.05215)
(-0.05038 0.01091 -0.08859)
(-0.02921 -0.00802 -0.05470)
(-0.07915 0.05625 -0.10983)
(-0.08747 0.06600 -0.11535)
(-0.14142 0.12767 -0.16436)
(-0.14369 0.13750 -0.16793)
(-0.14876 0.14486 -0.17184)
(-0.18210 0.21153 -0.22484)
(-0.18510 0.21517 -0.23110)
(-0.18561 0.22099 -0.24130)
(-0.18926 0.22580 -0.24784)
(-0.19722 0.24518 -0.28934)
(-0.19644 0.25275 -0.30591)
(-0.20106 0.27467 -0.35260)
(-0.19812 0.27158 -0.34946)
(-0.19249 0.27901 -0.35028)
(-0.18461 0.28590 -0.35457)
(-0.18297 0.28575 -0.35359)
(-0.18050 0.28667 -0.35020)
(-0.17359 0.27963 -0.34085)
(-0.16424 0.27949 -0.31929)
(-0.16191 0.27611 -0.31630)
(-0.15982 0.27427 -0.31058)
(-0.15024 0.26708 -0.29371)
(-0.14129 0.25889 -0.27415)
(-0.14058 0.25874 -0.27234)
(-0.12883 0.24700 -0.26244)
(-0.11980 0.24380 -0.24882)
(-0.11839 0.24243 -0.24936)
(-0.11871 0.24260 -0.24877)
(-0.11762 0.24136 -0.24970)
(-0.11605 0.23977 -0.25048)
(-0.11021 0.21913 -0.25685)
(-0.09258 0.20472 -0.23862)
(-0.08464 0.18632 -0.21474)
(-0.02058 0.04609 -0.05296)
(0.00612 -0.01382 0.01586)
(0.00049 0.00056 -0.00117)
(-0.00385 -0.00444 0.00926)
(-0.01157 -0.01031 0.03087)
(-0.01195 -0.01356 0.03478)
(-0.01278 -0.01448 0.03603)
(-0.00455 -0.01911 0.03182)
(0.00178 -0.02488 0.02955)
(0.01195 -0.03403 0.02106)
(0.01444 -0.03710 0.01839)
(0.01829 -0.04359 0.01342)
(0.01400 -0.04624 0.00321)
(0.01860 -0.06074 -0.00701)
(0.01731 -0.06141 -0.01432)
(0.00431 -0.05952 -0.03674)
(0.01338 -0.06319 -0.02174)
(-0.01452 -0.04139 -0.06754)
(-0.03276 -0.02124 -0.07713)
(-0.06036 0.00852 -0.10348)
(-0.08178 0.04416 -0.12413)
(-0.10252 0.07350 -0.13125)
(-0.13319 0.10670 -0.15766)
(-0.14706 0.13713 -0.16876)
(-0.14838 0.13421 -0.16928)
(-0.15247 0.14543 -0.17319)
(-0.18158 0.18854 -0.20422)
(-0.19247 0.20305 -0.21983)
(-0.18849 0.21992 -0.23819)
(-0.19919 0.23411 -0.25928)
(-0.21189 0.24491 -0.28239)
(-0.21342 0.25180 -0.29632)
(-0.19594 0.26014 -0.32256)
(-0.19274 0.25958 -0.33303)
(-0.19479 0.27078 -0.35032)
(-0.19246 0.28194 -0.35544)
(-0.18470 0.28577 -0.35551)
(-0.18107 0.28534 -0.35162)
(-0.17734 0.27803 -0.34457)
(-0.16612 0.27837 -0.33114)
(-0.16339 0.27255 -0.31925)
(-0.14930 0.26735 -0.29580)
(-0.14326 0.25867 -0.28604)
(-0.13912 0.25488 -0.27678)
(-0.13339 0.24834 -0.27118)
(-0.13486 0.24725 -0.27578)
(-0.12824 0.24592 -0.25497)
(-0.11919 0.24347 -0.24737)
(-0.11752 0.24178 -0.24877)
(-0.11096 0.23373 -0.25190)
(-0.11151 0.22027 -0.24658)
(-0.09458 0.20629 -0.23835)
(-0.09776 0.20975 -0.23756)
(-0.02887 0.06336 -0.07190)
(0.00126 -0.00278 0.00316)
(-0.00035 -0.00022 0.00057)
(-0.00812 -0.00586 0.01580)
(-0.00776 -0.00430 0.01185)
(-0.01578 -0.01390 0.03386)
(-0.01574 -0.01476 0.03548)
(-0.01015 -0.01384 0.03462)
(-0.00573 -0.01986 0.03364)
(0.00237 -0.02285 0.02486)
(0.00555 -0.02850 0.02590)
(0.01376 -0.03468 0.01795)
(0.01371 -0.03945 0.01032)
(0.01330 -0.04498 -0.00417)
(0.01654 -0.05380 -0.02403)
(0.00074 -0.04863 -0.04664)
(-0.02286 -0.03729 -0.07954)
(-0.03117 -0.04276 -0.10826)
(-0.05363 -0.01035 -0.10711)
(-0.08951 0.04390 -0.12431)
(-0.09625 0.03206 -0.13016)
(-0.13083 0.08649 -0.14882)
(-0.14430 0.10322 -0.15729)
(-0.16334 0.12992 -0.16469)
(-0.15328 0.14228 -0.17386)
(-0.18512 0.17750 -0.19884)
(-0.19471 0.18813 -0.21313)
(-0.19411 0.20893 -0.22793)
(-0.21041 0.22619 -0.25013)
(-0.21160 0.23725 -0.27638)
(-0.21818 0.24552 -0.28574)
(-0.20956 0.25784 -0.31743)
(-0.22278 0.27109 -0.33467)
(-0.20667 0.27518 -0.35748)
(-0.20850 0.27963 -0.35823)
(-0.20765 0.28225 -0.36492)
(-0.19456 0.28443 -0.35983)
(-0.18662 0.28118 -0.34332)
(-0.16834 0.27336 -0.32671)
(-0.16729 0.27149 -0.32366)
(-0.15546 0.26525 -0.30783)
(-0.14928 0.26031 -0.28543)
(-0.13933 0.25309 -0.27784)
(-0.13332 0.25377 -0.26217)
(-0.12684 0.24398 -0.25695)
(-0.12493 0.24899 -0.25626)
(-0.11756 0.24382 -0.24558)
(-0.12451 0.24526 -0.25887)
(-0.11950 0.23152 -0.25059)
(-0.11608 0.22628 -0.24253)
(-0.11877 0.22754 -0.23784)
(-0.10818 0.21481 -0.23677)
(-0.04715 0.08330 -0.09412)
(-0.00325 0.00588 -0.00667)
(-0.00165 -0.00089 0.00240)
(-0.01379 -0.00816 0.02117)
(-0.01858 -0.01373 0.03426)
(-0.01702 -0.01202 0.03340)
(-0.01399 -0.01155 0.03355)
(-0.00402 -0.01714 0.02800)
(0.00232 -0.02575 0.01889)
(0.00613 -0.02820 0.02151)
(0.00574 -0.03009 0.01410)
(0.01421 -0.03606 0.00353)
(0.01540 -0.04556 -0.02374)
(0.00082 -0.04519 -0.04110)
(-0.01351 -0.04211 -0.06540)
(-0.02145 -0.03354 -0.06039)
(-0.03553 -0.03100 -0.09322)
(-0.05865 -0.00443 -0.10700)
(-0.11911 0.05042 -0.13688)
(-0.12589 0.06274 -0.14173)
(-0.14760 0.09363 -0.16063)
(-0.15888 0.11445 -0.16537)
(-0.18470 0.15141 -0.17658)
(-0.20094 0.17936 -0.19169)
(-0.20064 0.18526 -0.20428)
(-0.20542 0.20272 -0.22413)
(-0.21181 0.21857 -0.24131)
(-0.21822 0.22326 -0.26384)
(-0.22322 0.23162 -0.27646)
(-0.22140 0.25347 -0.30523)
(-0.23920 0.27198 -0.33330)
(-0.22006 0.27541 -0.34825)
(-0.21569 0.28020 -0.35417)
(-0.21253 0.28040 -0.36335)
(-0.19775 0.27769 -0.36076)
(-0.19388 0.27696 -0.34469)
(-0.16962 0.27333 -0.32707)
(-0.16885 0.27079 -0.32387)
(-0.15733 0.26448 -0.30604)
(-0.15152 0.26538 -0.28686)
(-0.14424 0.26005 -0.27915)
(-0.13214 0.25461 -0.26598)
(-0.13270 0.25764 -0.25838)
(-0.12925 0.25494 -0.25650)
(-0.12963 0.25315 -0.26018)
(-0.13295 0.24853 -0.26896)
(-0.12553 0.24752 -0.25766)
(-0.12284 0.23418 -0.24748)
(-0.12683 0.22806 -0.23830)
(-0.12522 0.21897 -0.23116)
(-0.08937 0.14364 -0.16226)
(-0.04102 0.07001 -0.07893)
(-0.00610 0.01033 -0.01168)
(0.00145 0.00069 -0.00166)
(-0.00529 -0.00245 0.00616)
(-0.01728 -0.00913 0.02033)
(-0.02566 -0.01302 0.03466)
(-0.02168 -0.01115 0.03503)
(-0.01927 -0.01104 0.03463)
(-0.00979 -0.01685 0.02874)
(-0.01780 -0.01046 0.03410)
(-0.00292 -0.01932 0.02103)
(0.00282 -0.02651 0.01601)
(0.00519 -0.02965 0.01155)
(0.00396 -0.02633 -0.00864)
(0.00910 -0.03613 -0.02042)
(-0.00554 -0.03224 -0.03405)
(-0.03119 -0.01646 -0.06464)
(-0.04043 -0.01998 -0.08134)
(-0.04428 -0.00885 -0.07977)
(-0.06150 -0.00009 -0.10051)
(-0.12080 0.05136 -0.13513)
(-0.12943 0.06339 -0.14051)
(-0.13692 0.07305 -0.14406)
(-0.14969 0.09703 -0.15859)
(-0.18953 0.15106 -0.17740)
(-0.20251 0.16801 -0.18182)
(-0.20215 0.17675 -0.19677)
(-0.19951 0.17865 -0.20877)
(-0.20748 0.19356 -0.22056)
(-0.21319 0.20706 -0.23660)
(-0.21824 0.21145 -0.25343)
(-0.22022 0.21578 -0.25947)
(-0.21855 0.24171 -0.29634)
(-0.24115 0.27011 -0.33049)
(-0.23984 0.27569 -0.33929)
(-0.23419 0.28003 -0.35036)
(-0.22313 0.27654 -0.34844)
(-0.21620 0.28224 -0.35962)
(-0.19889 0.27745 -0.32610)
(-0.18779 0.27643 -0.33153)
(-0.17947 0.26728 -0.32030)
(-0.15633 0.26820 -0.29269)
(-0.15379 0.26863 -0.28762)
(-0.14928 0.26677 -0.28214)
(-0.14734 0.26966 -0.27797)
(-0.13066 0.25527 -0.25691)
(-0.13074 0.25694 -0.26152)
(-0.13379 0.25042 -0.26886)
(-0.13941 0.25281 -0.27238)
(-0.13359 0.24767 -0.25962)
(-0.12983 0.24111 -0.24940)
(-0.14330 0.23268 -0.24583)
(-0.13986 0.23103 -0.23599)
(-0.13785 0.20507 -0.22507)
(-0.09674 0.12663 -0.13547)
(-0.01033 0.01318 -0.01421)
(-0.01057 0.01274 -0.01386)
(-0.00506 -0.00200 0.00479)
(-0.02672 -0.01304 0.02843)
(-0.02449 -0.01114 0.03589)
(-0.02279 -0.01099 0.03558)
(-0.02065 -0.01077 0.03506)
(-0.01888 -0.01012 0.03458)
(-0.00931 -0.01418 0.02300)
(-0.00119 -0.02097 0.01799)
(0.00264 -0.02760 0.01303)
(-0.00062 -0.02284 -0.00355)
(-0.01296 -0.02361 -0.02967)
(-0.03563 -0.01124 -0.06830)
(-0.04366 -0.00651 -0.07435)
(-0.05211 -0.00381 -0.08512)
(-0.08181 0.02332 -0.09930)
(-0.12856 0.06162 -0.13814)
(-0.12793 0.06154 -0.13533)
(-0.13583 0.07100 -0.14148)
(-0.15608 0.09715 -0.14954)
(-0.17364 0.12534 -0.16645)
(-0.17272 0.12581 -0.16857)
(-0.18769 0.14259 -0.17651)
(-0.18716 0.15195 -0.19248)
(-0.19039 0.15617 -0.19550)
(-0.20984 0.18448 -0.22132)
(-0.21842 0.20783 -0.24974)
(-0.22005 0.21182 -0.25558)
(-0.22176 0.21918 -0.26496)
(-0.22717 0.24311 -0.29885)
(-0.24286 0.27372 -0.33550)
(-0.24376 0.27753 -0.33676)
(-0.23398 0.27682 -0.34740)
(-0.22761 0.28087 -0.35003)
(-0.20438 0.27843 -0.32588)
(-0.19644 0.27621 -0.32164)
(-0.19421 0.27609 -0.31708)
(-0.15863 0.27052 -0.29285)
(-0.15621 0.27178 -0.28859)
(-0.15140 0.27039 -0.28377)
(-0.14899 0.27336 -0.28097)
(-0.13662 0.26745 -0.25751)
(-0.14517 0.27656 -0.27118)
(-0.15610 0.26941 -0.27612)
(-0.15588 0.26857 -0.26672)
(-0.14439 0.24967 -0.26006)
(-0.14786 0.23532 -0.23431)
(-0.14681 0.23235 -0.23205)
(-0.14940 0.19277 -0.20691)
(-0.11491 0.14319 -0.15476)
(-0.06367 0.07798 -0.08456)
(-0.12071 0.14317 -0.15558)
(-0.01763 0.02006 -0.02191)
(-0.00133 -0.00053 0.00123)
(-0.01024 -0.00401 0.00950)
(-0.00688 -0.00268 0.00627)
(-0.02513 -0.00952 0.02344)
(-0.03568 -0.01496 0.03689)
(-0.03225 -0.01226 0.03706)
(-0.02511 -0.01052 0.03676)
(-0.02561 -0.00933 0.03668)
(-0.02201 -0.01044 0.03569)
(-0.01674 -0.01453 0.03270)
(-0.01428 -0.01043 0.03062)
(-0.00644 -0.01433 0.02292)
(-0.00422 -0.01623 0.00933)
(-0.00437 -0.01811 -0.00451)
(-0.01951 -0.01673 -0.01300)
(-0.02965 -0.01170 -0.04878)
(-0.04367 -0.00381 -0.07043)
(-0.05185 -0.00083 -0.08050)
(-0.06981 0.01214 -0.09138)
(-0.12031 0.06184 -0.11263)
(-0.13400 0.06967 -0.13836)
(-0.15599 0.09857 -0.14473)
(-0.17988 0.12743 -0.15849)
(-0.18531 0.14011 -0.17499)
(-0.19077 0.15060 -0.18719)
(-0.18908 0.15370 -0.19326)
(-0.20533 0.17219 -0.20855)
(-0.21309 0.19437 -0.23619)
(-0.21819 0.20667 -0.25135)
(-0.22286 0.21703 -0.26257)
(-0.23876 0.23984 -0.28705)
(-0.24586 0.26654 -0.32207)
(-0.24704 0.27167 -0.32668)
(-0.24614 0.27439 -0.33335)
(-0.23537 0.28141 -0.34631)
(-0.21616 0.28116 -0.33522)
(-0.20030 0.27702 -0.32083)
(-0.19641 0.27748 -0.31515)
(-0.17925 0.28076 -0.30037)
(-0.16226 0.28117 -0.29013)
(-0.15350 0.27385 -0.28543)
(-0.15504 0.28460 -0.28468)
(-0.14700 0.28187 -0.27185)
(-0.15620 0.29414 -0.28784)
(-0.15543 0.28196 -0.27381)
(-0.15862 0.27864 -0.26537)
(-0.15879 0.27348 -0.26314)
(-0.16128 0.25411 -0.25100)
(-0.15903 0.21483 -0.22618)
(-0.15494 0.19313 -0.20850)
(-0.15858 0.19010 -0.20572)
(-0.16001 0.18423 -0.19986)
(-0.10954 0.12287 -0.13361)
(-0.01998 0.01981 -0.02208)
(0.01626 -0.01574 0.01755)
(-0.00071 -0.00035 0.00058)
(-0.00875 -0.00423 0.00718)
(-0.03903 -0.01582 0.03694)
(-0.02570 -0.01153 0.02157)
(-0.04463 -0.01858 0.03864)
(-0.03677 -0.01545 0.03898)
(-0.03521 -0.01412 0.03981)
(-0.03088 -0.01771 0.04094)
(-0.02480 -0.01753 0.03911)
(-0.01723 -0.01583 0.03469)
(-0.01065 -0.01132 0.03089)
(-0.01282 -0.01390 0.02343)
(-0.01079 -0.01967 0.01062)
(-0.01894 -0.01569 -0.00441)
(-0.03394 -0.00833 -0.02395)
(-0.04068 -0.00439 -0.03261)
(-0.07060 0.02145 -0.06127)
(-0.05133 0.00225 -0.07688)
(-0.07893 0.02426 -0.08599)
(-0.11289 0.06373 -0.10375)
(-0.13413 0.07979 -0.11964)
(-0.15987 0.10263 -0.13526)
(-0.17112 0.11883 -0.14388)
(-0.18855 0.13666 -0.16415)
(-0.19240 0.14489 -0.17056)
(-0.21775 0.16792 -0.18063)
(-0.21748 0.17831 -0.20111)
(-0.22522 0.19111 -0.21794)
(-0.21867 0.19115 -0.22572)
(-0.23634 0.21635 -0.25568)
(-0.24139 0.23519 -0.27973)
(-0.24634 0.25328 -0.30187)
(-0.25739 0.26976 -0.31416)
(-0.25549 0.27387 -0.32034)
(-0.24596 0.27827 -0.33540)
(-0.23848 0.28048 -0.32450)
(-0.20318 0.27750 -0.31856)
(-0.20448 0.28407 -0.31246)
(-0.19547 0.29328 -0.30634)
(-0.18542 0.29394 -0.30006)
(-0.18196 0.30250 -0.30559)
(-0.17767 0.30372 -0.30530)
(-0.16184 0.30209 -0.29539)
(-0.16431 0.29743 -0.29346)
(-0.16410 0.28949 -0.28901)
(-0.17636 0.29014 -0.29135)
(-0.16875 0.27514 -0.27541)
(-0.18878 0.24972 -0.26274)
(-0.18385 0.23987 -0.24690)
(-0.19850 0.24007 -0.25631)
(-0.20818 0.21375 -0.22418)
(-0.18224 0.17923 -0.18925)
(-0.11591 0.10858 -0.11451)
(-0.03428 0.03030 -0.03195)
(0.01397 -0.01070 0.01115)
(-0.00542 -0.00293 0.00395)
(-0.02964 -0.01599 0.02216)
(-0.04783 -0.02065 0.03998)
(-0.04400 -0.01670 0.04179)
(-0.04039 -0.01443 0.04414)
(-0.03695 -0.01964 0.04354)
(-0.03288 -0.02465 0.04213)
(-0.02637 -0.01864 0.04002)
(-0.02042 -0.02326 0.03932)
(-0.02122 -0.02599 0.03680)
(-0.01575 -0.01860 0.03428)
(-0.01290 -0.01719 0.02524)
(-0.01620 -0.02029 0.01985)
(-0.02212 -0.02198 0.02183)
(-0.02408 -0.02000 0.01654)
(-0.03466 -0.00657 -0.02104)
(-0.02733 -0.01369 0.01009)
(-0.04615 0.00064 -0.02844)
(-0.07253 0.02161 -0.03807)
(-0.09258 0.04193 -0.07211)
(-0.11480 0.06345 -0.09306)
(-0.12174 0.07376 -0.11255)
(-0.15652 0.10130 -0.12377)
(-0.18170 0.13045 -0.12917)
(-0.19050 0.14092 -0.15793)
(-0.19361 0.14649 -0.16500)
(-0.22863 0.17645 -0.17903)
(-0.22385 0.17691 -0.18854)
(-0.22303 0.18285 -0.20454)
(-0.22787 0.19494 -0.21971)
(-0.23585 0.21153 -0.24136)
(-0.24329 0.22845 -0.26041)
(-0.25017 0.24905 -0.29461)
(-0.25315 0.25679 -0.29596)
(-0.26797 0.27626 -0.30241)
(-0.24918 0.27810 -0.32147)
(-0.24215 0.27814 -0.31574)
(-0.24036 0.29099 -0.32578)
(-0.24032 0.30136 -0.33419)
(-0.21378 0.30211 -0.31302)
(-0.18921 0.30090 -0.29342)
(-0.20266 0.32051 -0.32321)
(-0.18768 0.32097 -0.30603)
(-0.20058 0.33335 -0.32847)
(-0.18206 0.31341 -0.30060)
(-0.18082 0.30912 -0.29982)
(-0.20758 0.31590 -0.32559)
(-0.20802 0.31044 -0.32146)
(-0.20277 0.29712 -0.31210)
(-0.21368 0.30860 -0.32088)
(-0.20458 0.27260 -0.28303)
(-0.21860 0.24349 -0.25373)
(-0.21893 0.23847 -0.24835)
(-0.21785 0.20526 -0.20572)
(-0.07184 0.06312 -0.06365)
(-0.01221 0.00939 -0.00916)
(0.00472 -0.00358 0.00350)
(-0.00105 -0.00057 0.00075)
(-0.01642 -0.00900 0.01183)
(-0.04173 -0.02311 0.03085)
(-0.04837 -0.02424 0.03876)
(-0.04659 -0.02373 0.03953)
(-0.04352 -0.02607 0.04026)
(-0.04084 -0.02452 0.04359)
(-0.03200 -0.03002 0.04282)
(-0.02862 -0.02932 0.04224)
(-0.02700 -0.03119 0.04197)
(-0.01955 -0.02300 0.03065)
(-0.02223 -0.02423 0.02377)
(-0.02434 -0.02139 0.01945)
(-0.02689 -0.01951 0.01690)
(-0.04537 0.00302 -0.01222)
(-0.06577 0.02148 -0.02342)
(-0.09091 0.04380 -0.05762)
(-0.11541 0.06547 -0.06914)
(-0.12784 0.07644 -0.09062)
(-0.12950 0.08379 -0.07928)
(-0.15667 0.11122 -0.11281)
(-0.18293 0.13115 -0.12435)
(-0.18720 0.13549 -0.13240)
(-0.19074 0.14110 -0.14215)
(-0.21499 0.16492 -0.16968)
(-0.23164 0.17972 -0.18212)
(-0.23072 0.18437 -0.18927)
(-0.23896 0.19892 -0.20138)
(-0.23919 0.21084 -0.22997)
(-0.24582 0.22510 -0.23814)
(-0.25064 0.24042 -0.26610)
(-0.26057 0.25892 -0.28973)
(-0.26810 0.27492 -0.29744)
(-0.26748 0.27887 -0.30319)
(-0.25343 0.28312 -0.30328)
(-0.25070 0.29918 -0.32614)
(-0.23972 0.29805 -0.31865)
(-0.22071 0.30088 -0.30622)
(-0.21183 0.31258 -0.31857)
(-0.20997 0.33392 -0.32751)
(-0.20620 0.33410 -0.32782)
(-0.20838 0.33766 -0.33250)
(-0.20269 0.32408 -0.32124)
(-0.21351 0.32169 -0.32951)
(-0.21643 0.31497 -0.32632)
(-0.21713 0.30336 -0.30974)
(-0.21851 0.27825 -0.28243)
(-0.24480 0.28886 -0.27508)
(-0.24285 0.27235 -0.26009)
(-0.24589 0.26114 -0.24811)
(-0.23591 0.23729 -0.20637)
(-0.08610 0.07510 -0.06922)
(-0.00632 0.00549 -0.00490)
(-0.00079 -0.00035 0.00050)
(-0.02369 -0.01052 0.01513)
(-0.05105 -0.02517 0.03407)
(-0.06008 -0.02787 0.04083)
(-0.05544 -0.02724 0.03899)
(-0.04456 -0.02868 0.04180)
(-0.04150 -0.03257 0.04136)
(-0.04323 -0.02801 0.04252)
(-0.03316 -0.03265 0.04248)
(-0.03032 -0.03211 0.04246)
(-0.03195 -0.03437 0.04231)
(-0.02861 -0.03393 0.04217)
(-0.02567 -0.03310 0.04178)
(-0.02629 -0.02889 0.02990)
(-0.02445 -0.02366 0.02212)
(-0.02751 -0.02185 0.02033)
(-0.05007 0.00351 -0.00837)
(-0.06362 0.01425 -0.01381)
(-0.09393 0.04596 -0.04253)
(-0.11241 0.06759 -0.05706)
(-0.12090 0.07456 -0.06122)
(-0.15865 0.10884 -0.09975)
(-0.18475 0.13187 -0.11919)
(-0.18855 0.13613 -0.12743)
(-0.19359 0.14045 -0.13022)
(-0.21708 0.16301 -0.15157)
(-0.23383 0.17995 -0.17760)
(-0.24032 0.18717 -0.17683)
(-0.23996 0.20310 -0.21009)
(-0.24957 0.23121 -0.24190)
(-0.26008 0.24710 -0.25700)
(-0.26807 0.27813 -0.29885)
(-0.24580 0.28810 -0.30068)
(-0.24246 0.30061 -0.30762)
(-0.22576 0.31749 -0.31647)
(-0.21143 0.33717 -0.33192)
(-0.21126 0.34184 -0.33681)
(-0.21896 0.32150 -0.33184)
(-0.24721 0.32095 -0.30597)
(-0.10513 0.10046 -0.08187)
(-0.00404 -0.00175 0.00235)
(-0.03580 -0.01647 0.02171)
(-0.06451 -0.02859 0.04260)
(-0.05480 -0.02354 0.03145)
(-0.06530 -0.02971 0.04215)
(-0.06302 -0.03022 0.04275)
(-0.04980 -0.03658 0.04048)
(-0.03460 -0.03482 0.04200)
(-0.03395 -0.03620 0.04195)
(-0.03022 -0.03605 0.04205)
(-0.02574 -0.04008 0.04113)
(-0.02416 -0.03559 0.03585)
(-0.02410 -0.03688 0.03091)
(-0.02746 -0.02560 0.02721)
(-0.04539 -0.01079 0.01654)
(-0.04668 -0.00375 0.00449)
(-0.06368 0.01013 -0.00018)
(-0.09385 0.04157 -0.03164)
(-0.08350 0.03052 -0.01434)
(-0.11092 0.06448 -0.05119)
(-0.11979 0.07247 -0.05663)
(-0.14583 0.09543 -0.07630)
(-0.17679 0.12355 -0.10139)
(-0.19032 0.13621 -0.11899)
(-0.19583 0.14113 -0.12543)
(-0.22458 0.16853 -0.15232)
(0.00650 0.00263 -0.00328)
(-0.01882 -0.00744 0.00956)
(-0.06853 -0.02739 0.03409)
(-0.06745 -0.02930 0.03710)
(-0.06375 -0.03203 0.03965)
(-0.05975 -0.03414 0.03817)
(-0.05160 -0.03844 0.03918)
(-0.05129 -0.03877 0.04057)
(-0.05236 -0.03991 0.03936)
(-0.04180 -0.04120 0.04179)
(-0.03456 -0.04573 0.04130)
(-0.03207 -0.04471 0.03984)
(-0.02205 -0.04485 0.03675)
(-0.01888 -0.04764 0.03694)
(-0.02936 -0.02573 0.02337)
(-0.03954 -0.01428 0.01796)
(-0.06177 0.00976 0.00184)
(-0.08003 0.02622 -0.01166)
(-0.10686 0.05802 -0.04269)
(-0.14341 0.09077 -0.06525)
(-0.16785 0.11044 -0.07820)
(0.00652 0.00232 -0.00310)
(-0.00463 -0.00165 0.00220)
(-0.03226 -0.01176 0.01464)
(-0.06932 -0.03201 0.03272)
(-0.06810 -0.03337 0.03305)
(-0.06794 -0.03633 0.03448)
(-0.05811 -0.04055 0.03784)
(-0.05073 -0.04383 0.04089)
(-0.04351 -0.04634 0.04237)
(-0.03445 -0.04373 0.03870)
(-0.02742 -0.04385 0.03654)
(-0.02668 -0.04040 0.03521)
(-0.03514 -0.02931 0.02882)
(-0.04708 -0.01430 0.01795)
(-0.05066 -0.00495 0.00947)
(-0.06182 0.00357 0.00620)
(-0.09118 0.03899 -0.02096)
(-0.00154 -0.00050 0.00068)
(-0.03893 -0.01408 0.01686)
(-0.05684 -0.02404 0.02585)
(-0.07199 -0.03150 0.03323)
(-0.06971 -0.03351 0.03356)
(-0.07076 -0.03371 0.03394)
(-0.06944 -0.03525 0.03691)
(-0.06356 -0.03923 0.03816)
(-0.05320 -0.04319 0.03823)
(-0.05884 -0.03936 0.03998)
(-0.04780 -0.04149 0.04010)
(-0.04414 -0.04004 0.03890)
(-0.03564 -0.04361 0.03834)
(-0.04326 -0.03884 0.03946)
(-0.03998 -0.03705 0.03573)
(-0.04130 -0.02636 0.02615)
(-0.00416 -0.00129 0.00187)
(-0.05559 -0.02056 0.02464)
(-0.07381 -0.03140 0.03370)
(-0.08004 -0.02815 0.03571)
(-0.07330 -0.03177 0.03508)
(-0.07103 -0.03249 0.03697)
(-0.07169 -0.03449 0.04010)
(-0.06062 -0.03860 0.04015)
(-0.05031 -0.04036 0.04161)
(-0.04681 -0.03860 0.04004)
(0.00092 0.00026 -0.00040)
(-0.02594 -0.00708 0.01077)
(-0.06503 -0.01906 0.02728)
(-0.24342 0.19593 -0.18144)
(-0.24827 0.22475 -0.23184)
(-0.26824 0.27433 -0.29217)
(-0.26455 0.28439 -0.29610)
(-0.22457 0.30424 -0.30026)
(-0.21950 0.33503 -0.32947)
(-0.21282 0.34075 -0.33589)
(-0.22072 0.34042 -0.33483)
(-0.24104 0.33810 -0.31854)
(-0.26510 0.31976 -0.29553)
(-0.25056 0.28945 -0.27109)
(-0.25138 0.25578 -0.21529)
(-0.24969 0.24998 -0.20837)
(-0.24751 0.24301 -0.20051)
(-0.02381 0.02248 -0.01821)
(-0.22157 0.16106 -0.13467)
(-0.23508 0.18200 -0.16255)
(-0.23491 0.18780 -0.16986)
(-0.24492 0.19923 -0.19027)
(-0.25333 0.22363 -0.22160)
(-0.25089 0.23077 -0.23594)
(-0.25873 0.24869 -0.24622)
(-0.26339 0.26508 -0.26187)
(-0.26817 0.27759 -0.29402)
(-0.25970 0.27962 -0.28015)
(-0.24896 0.29026 -0.29934)
(-0.24196 0.30069 -0.30176)
(-0.22623 0.30414 -0.29912)
(-0.22412 0.30865 -0.30344)
(-0.22779 0.33221 -0.32632)
(-0.21465 0.33947 -0.33385)
(-0.21534 0.34313 -0.33719)
(-0.21875 0.35014 -0.34634)
(-0.23525 0.36902 -0.34627)
(-0.23677 0.34615 -0.33660)
(-0.26185 0.35660 -0.32770)
(-0.26714 0.34594 -0.30845)
(-0.27911 0.34118 -0.29049)
(-0.26686 0.29588 -0.24930)
(-0.25654 0.26250 -0.21369)
(-0.25249 0.25239 -0.20180)
(-0.09772 0.09569 -0.07534)
(-0.00979 0.00951 -0.00742)
(-0.18937 0.13022 -0.08951)
(-0.20974 0.15011 -0.11524)
(-0.21592 0.15479 -0.11989)
(-0.23827 0.17287 -0.13919)
(-0.23851 0.17904 -0.14409)
(-0.24484 0.18764 -0.16366)
(-0.24849 0.19865 -0.18073)
(-0.25564 0.21484 -0.19386)
(-0.25153 0.22974 -0.22967)
(-0.26244 0.23308 -0.20847)
(-0.25699 0.24401 -0.23690)
(-0.25540 0.26192 -0.24780)
(-0.25802 0.27245 -0.26919)
(-0.25872 0.27951 -0.27596)
(-0.25304 0.28879 -0.29014)
(-0.24243 0.29728 -0.29323)
(-0.23457 0.29993 -0.29385)
(-0.22621 0.31370 -0.30710)
(-0.22689 0.33351 -0.31829)
(-0.22042 0.33840 -0.32837)
(-0.22431 0.35289 -0.33621)
(-0.23772 0.36852 -0.34835)
(-0.24131 0.38131 -0.35873)
(-0.25509 0.38182 -0.34222)
(-0.26978 0.37260 -0.31946)
(-0.27683 0.35855 -0.30412)
(-0.29033 0.38009 -0.30381)
(-0.29406 0.35406 -0.28103)
(-0.28239 0.33297 -0.26675)
(-0.29324 0.34872 -0.26049)
(-0.26473 0.27815 -0.22255)
(-0.25366 0.25888 -0.19913)
(-0.12815 0.13028 -0.09656)
(-0.03023 0.03023 -0.02133)
(0.01164 -0.01164 0.00815)
(-0.11653 0.05926 -0.03153)
(-0.14343 0.08735 -0.05440)
(-0.16374 0.10515 -0.06915)
(-0.18653 0.12629 -0.08544)
(-0.20987 0.14787 -0.10608)
(-0.22185 0.15606 -0.11117)
(-0.23560 0.17069 -0.13577)
(-0.23806 0.17632 -0.13973)
(-0.25646 0.19641 -0.15590)
(-0.25869 0.20128 -0.16332)
(-0.25574 0.21259 -0.17743)
(-0.26272 0.22936 -0.19633)
(-0.25334 0.23892 -0.21623)
(-0.25488 0.24603 -0.22472)
(-0.25492 0.26325 -0.24939)
(-0.24441 0.27272 -0.25856)
(-0.24266 0.27977 -0.25959)
(-0.24673 0.29200 -0.28121)
(-0.24074 0.29643 -0.28343)
(-0.23828 0.31530 -0.30127)
(-0.23485 0.32162 -0.30775)
(-0.22606 0.33180 -0.30816)
(-0.22269 0.34039 -0.32239)
(-0.23017 0.35867 -0.32676)
(-0.23333 0.36524 -0.33471)
(-0.24019 0.37562 -0.32207)
(-0.24497 0.37699 -0.33197)
(-0.27501 0.39225 -0.31884)
(-0.28148 0.39251 -0.31667)
(-0.30208 0.40144 -0.29979)
(-0.30853 0.38733 -0.28858)
(-0.29736 0.34313 -0.24610)
(-0.30765 0.37012 -0.25700)
(-0.29729 0.33706 -0.22852)
(-0.25791 0.28866 -0.19621)
(-0.03159 0.03450 -0.02133)
(0.02598 -0.02820 0.01738)
(-0.20455 0.23457 -0.14696)
(-0.04681 -0.01448 0.01795)
(-0.05137 -0.00904 0.01452)
(-0.05499 -0.00428 0.01074)
(-0.08644 0.02843 -0.01137)
(-0.11285 0.05647 -0.03050)
(-0.12332 0.06566 -0.03902)
(-0.12919 0.07079 -0.03910)
(-0.14965 0.09016 -0.05596)
(-0.17310 0.11146 -0.07598)
(-0.19902 0.13504 -0.09445)
(-0.22065 0.15481 -0.11122)
(-0.22704 0.16047 -0.11672)
(-0.24308 0.17960 -0.13633)
(-0.25770 0.20014 -0.15980)
(-0.25838 0.20408 -0.16357)
(-0.25570 0.22168 -0.18241)
(-0.26285 0.23582 -0.20681)
(-0.25138 0.24480 -0.21140)
(-0.25528 0.26027 -0.23675)
(-0.24387 0.24456 -0.21027)
(-0.24253 0.27452 -0.25380)
(-0.24089 0.27668 -0.25541)
(-0.24015 0.28096 -0.26013)
(-0.23295 0.30375 -0.28426)
(-0.23531 0.31865 -0.30392)
(-0.23450 0.31502 -0.29939)
(-0.22629 0.32540 -0.29964)
(-0.22349 0.34469 -0.31824)
(-0.22167 0.33977 -0.30472)
(-0.22862 0.36168 -0.30891)
(-0.23777 0.37570 -0.29992)
(-0.24664 0.38541 -0.31277)
(-0.27936 0.39427 -0.30078)
(-0.29698 0.40304 -0.30349)
(-0.30446 0.40504 -0.29588)
(-0.30980 0.40472 -0.29177)
(-0.30165 0.37421 -0.23171)
(-0.29804 0.36465 -0.22421)
(-0.28320 0.34528 -0.20393)
(-0.16760 0.19456 -0.11161)
(-0.02050 0.02352 -0.01348)
(-0.09784 0.11652 -0.05846)
(-0.01863 0.02217 -0.01107)
(-0.04528 -0.03765 0.03982)
(-0.04239 -0.03772 0.03901)
(-0.04636 -0.02856 0.03208)
(-0.04665 -0.01463 0.01813)
(-0.05049 -0.00991 0.01488)
(-0.04972 -0.01081 0.01557)
(-0.05406 -0.00524 0.01120)
(-0.08946 0.03267 -0.01333)
(-0.06697 0.00980 -0.00103)
(-0.09739 0.04099 -0.02239)
(-0.11172 0.05652 -0.03469)
(-0.14957 0.09085 -0.06393)
(-0.15501 0.09606 -0.06863)
(-0.18499 0.12263 -0.08806)
(-0.21881 0.15296 -0.11018)
(-0.22453 0.15824 -0.11478)
(-0.22801 0.16163 -0.11747)
(-0.23697 0.17349 -0.12838)
(-0.25706 0.19903 -0.15675)
(-0.25777 0.20257 -0.16053)
(-0.25568 0.21322 -0.16841)
(-0.25474 0.22945 -0.19438)
(-0.24488 0.23985 -0.20171)
(-0.24331 0.24232 -0.20608)
(-0.24372 0.26590 -0.24009)
(-0.23955 0.27409 -0.25182)
(-0.23878 0.27846 -0.25674)
(-0.23764 0.27595 -0.25330)
(-0.22819 0.29240 -0.26783)
(-0.22070 0.29504 -0.26509)
(-0.22014 0.31739 -0.27996)
(-0.21212 0.32251 -0.27665)
(-0.23210 0.36907 -0.29578)
(-0.23810 0.37554 -0.29491)
(-0.24436 0.38222 -0.29890)
(-0.27478 0.39634 -0.28831)
(-0.29987 0.40628 -0.29901)
(-0.30659 0.40810 -0.29237)
(-0.31163 0.40772 -0.28875)
(-0.31029 0.40187 -0.26145)
(-0.29377 0.36810 -0.21734)
(-0.26736 0.33044 -0.17684)
(-0.08446 0.10554 -0.05048)
(0.01777 -0.02204 0.01057)
(-0.00619 0.00774 -0.00368)
(-0.08612 -0.02586 0.03658)
(-0.08493 -0.02804 0.03966)
(-0.07657 -0.03151 0.03910)
(-0.07361 -0.03360 0.04204)
(-0.07341 -0.03301 0.04183)
(-0.06907 -0.03535 0.04329)
(-0.05706 -0.03757 0.04171)
(-0.04835 -0.03767 0.04049)
(-0.04980 -0.03661 0.04118)
(-0.04707 -0.03648 0.04035)
(-0.04430 -0.03638 0.03927)
(-0.04542 -0.02765 0.03271)
(-0.04676 -0.01698 0.02211)
(-0.04715 -0.01450 0.02072)
(-0.06489 0.00781 0.00268)
(-0.08948 0.03487 -0.02122)
(-0.10378 0.04805 -0.03500)
(-0.14291 0.08542 -0.06218)
(-0.15105 0.09225 -0.06716)
(-0.17140 0.11025 -0.07973)
(-0.19089 0.12736 -0.09306)
(-0.22232 0.15603 -0.11348)
(-0.22622 0.15985 -0.11645)
(-0.23702 0.17669 -0.12392)
(-0.24833 0.19030 -0.14491)
(-0.25147 0.20178 -0.15340)
(-0.25041 0.20915 -0.16015)
(-0.25308 0.22402 -0.18118)
(-0.24484 0.23752 -0.19746)
(-0.24284 0.23994 -0.20174)
(-0.24162 0.25179 -0.21915)
(-0.23511 0.26316 -0.23562)
(-0.23497 0.26587 -0.24477)
(-0.22972 0.27886 -0.25196)
(-0.21929 0.28388 -0.26083)
(-0.21489 0.29369 -0.26092)
(-0.21244 0.30497 -0.26438)
(-0.20555 0.31334 -0.26031)
(-0.21213 0.32840 -0.27802)
(-0.22157 0.35257 -0.29122)
(-0.23469 0.37179 -0.29027)
(-0.24253 0.37940 -0.28890)
(-0.24618 0.38321 -0.29343)
(-0.27052 0.40093 -0.28316)
(-0.30334 0.41595 -0.29115)
(-0.28072 0.39395 -0.25914)
(-0.29318 0.39954 -0.25761)
(-0.28798 0.37971 -0.21364)
(-0.30399 0.38581 -0.21580)
(-0.29344 0.36657 -0.20133)
(-0.27618 0.34647 -0.18669)
(-0.20835 0.26057 -0.12644)
(-0.04641 0.05842 -0.02752)
(-0.00547 -0.00139 0.00223)
(-0.01468 -0.00347 0.00578)
(-0.08191 -0.02216 0.03562)
(-0.07822 -0.02887 0.03867)
(-0.07178 -0.02804 0.03965)
(-0.07207 -0.03119 0.04027)
(-0.07047 -0.03182 0.04188)
(-0.06140 -0.03530 0.04208)
(-0.05871 -0.03313 0.04175)
(-0.05805 -0.03375 0.04141)
(-0.05114 -0.03286 0.04111)
(-0.04371 -0.03272 0.03828)
(-0.04242 -0.03192 0.03629)
(-0.04313 -0.02368 0.02781)
(-0.04447 -0.01833 0.02539)
(-0.05239 -0.00568 0.00823)
(-0.05549 -0.00150 0.00384)
(-0.07859 0.02403 -0.01348)
(-0.08788 0.03386 -0.02781)
(-0.12034 0.06433 -0.04990)
(-0.11721 0.05816 -0.04732)
(-0.16625 0.10139 -0.07294)
(-0.17710 0.11294 -0.07973)
(-0.20681 0.14306 -0.10074)
(-0.21578 0.15415 -0.10271)
(-0.21747 0.16042 -0.10738)
(-0.24862 0.18969 -0.13056)
(-0.24686 0.19572 -0.13714)
(-0.25234 0.21241 -0.15052)
(-0.25098 0.22052 -0.17126)
(-0.24866 0.22630 -0.17862)
(-0.24857 0.23500 -0.18939)
(-0.24025 0.24229 -0.21190)
(-0.23779 0.25012 -0.21967)
(-0.23654 0.25639 -0.22784)
(-0.22956 0.27072 -0.24554)
(-0.22230 0.28048 -0.25483)
(-0.21500 0.28218 -0.25868)
(-0.21198 0.30096 -0.26640)
(-0.20749 0.31190 -0.26239)
(-0.21833 0.33196 -0.26920)
(-0.23222 0.36032 -0.27192)
(-0.25427 0.37985 -0.25860)
(-0.23388 0.35496 -0.24554)
(-0.29382 0.41591 -0.25355)
(-0.25428 0.36660 -0.21526)
(-0.26752 0.36772 -0.22097)
(-0.26915 0.36062 -0.20041)
(-0.27625 0.35800 -0.19079)
(-0.25572 0.33649 -0.16432)
(-0.16547 0.22105 -0.10136)
(-0.08212 0.11044 -0.04979)
(-0.03075 0.04150 -0.01853)
(-0.00343 -0.00119 0.00181)
(-0.06259 -0.01792 0.03143)
(-0.07421 -0.02567 0.03960)
(-0.06378 -0.02655 0.03972)
(-0.06318 -0.02703 0.03988)
(-0.06192 -0.02782 0.04020)
(-0.06553 -0.03222 0.04268)
(-0.05926 -0.02799 0.04133)
(-0.06134 -0.02969 0.04149)
(-0.05256 -0.03209 0.04303)
(-0.04617 -0.03386 0.03983)
(-0.04169 -0.03312 0.03796)
(-0.04306 -0.02803 0.03460)
(-0.04537 -0.02132 0.02745)
(-0.04021 -0.02181 0.02490)
(-0.04683 -0.01204 0.01241)
(-0.04703 -0.00885 0.00391)
(-0.05533 0.00260 -0.00707)
(-0.09314 0.03794 -0.03553)
(-0.10382 0.04601 -0.03805)
(-0.13550 0.07486 -0.05564)
(-0.15053 0.08867 -0.06579)
(-0.18631 0.12267 -0.09004)
(-0.15893 0.09922 -0.07319)
(-0.20312 0.14501 -0.09786)
(-0.20754 0.15384 -0.09895)
(-0.24676 0.18855 -0.12865)
(-0.24138 0.19226 -0.12688)
(-0.24593 0.21056 -0.13913)
(-0.25286 0.21814 -0.15739)
(-0.24562 0.21336 -0.14307)
(-0.24823 0.22475 -0.17612)
(-0.24608 0.22879 -0.18736)
(-0.24822 0.23806 -0.20984)
(-0.24171 0.23769 -0.21003)
(-0.23971 0.24617 -0.21881)
(-0.23381 0.25039 -0.22017)
(-0.22982 0.24943 -0.23105)
(-0.23236 0.26463 -0.24330)
(-0.22584 0.26350 -0.24967)
(-0.21634 0.26943 -0.25166)
(-0.21190 0.28655 -0.26393)
(-0.21253 0.27931 -0.25975)
(-0.20828 0.28611 -0.26237)
(-0.20508 0.29423 -0.25551)
(-0.21483 0.32853 -0.25226)
(-0.21737 0.33385 -0.23539)
(-0.26600 0.38141 -0.24206)
(-0.22629 0.33929 -0.22482)
(-0.23967 0.35185 -0.21037)
(-0.19056 0.28495 -0.14232)
(-0.23933 0.33547 -0.17469)
(-0.18929 0.27946 -0.13392)
(-0.23361 0.31814 -0.15276)
(-0.22017 0.30155 -0.14143)
(-0.18313 0.27266 -0.12820)
(-0.17050 0.23544 -0.10818)
(-0.03229 0.04686 -0.01955)
(-0.00083 -0.00035 0.00053)
(-0.04411 -0.01623 0.02551)
(-0.04527 -0.01966 0.03034)
(-0.05984 -0.02681 0.04023)
(-0.05943 -0.02760 0.04072)
(-0.05754 -0.02670 0.04068)
(-0.05750 -0.02718 0.04109)
(-0.05333 -0.02761 0.04269)
(-0.04723 -0.03087 0.03994)
(-0.04198 -0.03061 0.03987)
(-0.04229 -0.02797 0.03697)
(-0.03383 -0.02969 0.03346)
(-0.03697 -0.02481 0.02553)
(-0.04186 -0.01823 0.01507)
(-0.03636 -0.01802 0.00593)
(-0.04103 -0.01277 0.00123)
(-0.04040 -0.01295 -0.00086)
(-0.08363 0.02816 -0.02651)
(-0.09469 0.03773 -0.03390)
(-0.10789 0.04948 -0.04002)
(-0.11688 0.06089 -0.04756)
(-0.13536 0.08531 -0.05613)
(-0.17038 0.11904 -0.07163)
(-0.18161 0.14228 -0.07877)
(-0.21309 0.16602 -0.10026)
(-0.21696 0.17511 -0.10521)
(-0.24380 0.20999 -0.13423)
(-0.24353 0.21194 -0.13763)
(-0.24569 0.21537 -0.14663)
(-0.24249 0.22242 -0.17158)
(-0.25418 0.23473 -0.19238)
(-0.24593 0.23996 -0.21384)
(-0.23796 0.23957 -0.21845)
(-0.22961 0.24158 -0.22256)
(-0.22262 0.24488 -0.23551)
(-0.22005 0.24532 -0.23785)
(-0.21252 0.26226 -0.24278)
(-0.20777 0.27973 -0.26103)
(-0.20687 0.28255 -0.25978)
(-0.21015 0.31522 -0.23672)
(-0.21206 0.30367 -0.24791)
(-0.21544 0.32352 -0.24660)
(-0.18653 0.28648 -0.18262)
(-0.22191 0.32778 -0.20618)
(-0.18402 0.28252 -0.17522)
(-0.18203 0.27972 -0.14369)
(-0.16680 0.25798 -0.12312)
(-0.17004 0.26010 -0.12173)
(-0.18043 0.26221 -0.11895)
(-0.13662 0.19665 -0.08776)
(-0.14859 0.23198 -0.10502)
(-0.03896 0.05887 -0.02376)
(-0.00769 0.01171 -0.00469)
(0.00096 0.00040 -0.00080)
(-0.02122 -0.01063 0.01465)
(-0.02789 -0.01084 0.02385)
(-0.05705 -0.02573 0.04052)
(-0.05536 -0.02590 0.04077)
(-0.05072 -0.02465 0.04549)
(-0.04672 -0.02659 0.04231)
(-0.04353 -0.02608 0.04107)
(-0.03766 -0.02574 0.03745)
(-0.03495 -0.02684 0.03605)
(-0.03384 -0.02716 0.03438)
(-0.03390 -0.02607 0.02099)
(-0.03122 -0.02279 0.00723)
(-0.03524 -0.01847 0.00383)
(-0.03338 -0.01968 0.00218)
(-0.05983 0.00798 -0.01623)
(-0.09592 0.03900 -0.03394)
(-0.08420 0.03549 -0.02794)
(-0.09085 0.04830 -0.03217)
(-0.14352 0.09694 -0.05541)
(-0.14676 0.11358 -0.05663)
(-0.18582 0.15046 -0.08053)
(-0.19054 0.15696 -0.08231)
(-0.20766 0.18047 -0.10326)
(-0.23994 0.21055 -0.13056)
(-0.24441 0.21414 -0.14190)
(-0.23978 0.21430 -0.15294)
(-0.24391 0.21930 -0.15978)
(-0.24635 0.22789 -0.18346)
(-0.24421 0.21973 -0.17148)
(-0.24079 0.22196 -0.18031)
(-0.23307 0.22770 -0.20179)
(-0.22438 0.23523 -0.23101)
(-0.22384 0.24022 -0.23347)
(-0.22094 0.24014 -0.23590)
(-0.21757 0.23945 -0.23841)
(-0.20609 0.24697 -0.23984)
(-0.20702 0.27309 -0.26101)
(-0.20609 0.27452 -0.26014)
(-0.19523 0.27004 -0.24234)
(-0.19833 0.28774 -0.22768)
(-0.19463 0.27766 -0.22735)
(-0.17907 0.27541 -0.18096)
(-0.17490 0.27037 -0.17165)
(-0.18217 0.27694 -0.16254)
(-0.16797 0.26254 -0.16125)
(-0.15687 0.24739 -0.11799)
(-0.15785 0.24775 -0.11554)
(-0.14716 0.23640 -0.11023)
(-0.12223 0.19828 -0.08890)
(-0.07674 0.12383 -0.05367)
(-0.01171 0.02019 -0.00757)
(0.00639 -0.01093 0.00393)
(0.00373 0.00170 -0.00372)
(-0.00137 -0.00021 0.00152)
(-0.01937 -0.00451 0.02003)
(-0.05517 -0.01578 0.04638)
(-0.04946 -0.01449 0.04878)
(-0.04798 -0.02402 0.04339)
(-0.04743 -0.01745 0.04785)
(-0.04291 -0.02485 0.04305)
(-0.03619 -0.02772 0.03922)
(-0.03662 -0.02610 0.03772)
(-0.03424 -0.02709 0.03672)
(-0.03211 -0.02841 0.03477)
(-0.02527 -0.03147 0.03122)
(-0.02384 -0.03485 0.02736)
(-0.01675 -0.03848 0.02360)
(-0.02923 -0.02421 0.00588)
(-0.02669 -0.02601 0.00468)
(-0.02825 -0.02273 -0.00118)
(-0.02214 -0.02384 -0.00043)
(-0.05950 0.00757 -0.01947)
(-0.01628 -0.03029 -0.00495)
(-0.06178 0.02099 -0.02012)
(-0.07223 0.03724 -0.02703)
(-0.10164 0.06675 -0.03475)
(-0.10287 0.07843 -0.02906)
(-0.17402 0.14257 -0.07181)
(-0.18059 0.15105 -0.07501)
(-0.19079 0.16637 -0.08134)
(-0.19698 0.18603 -0.08941)
(-0.24146 0.21253 -0.13535)
(-0.20616 0.19692 -0.09722)
(-0.23918 0.21262 -0.13308)
(-0.23496 0.20797 -0.14539)
(-0.23116 0.20900 -0.15319)
(-0.24100 0.21872 -0.17429)
(-0.23926 0.21763 -0.17834)
(-0.22744 0.21562 -0.20240)
(-0.20414 0.20683 -0.21202)
(-0.22122 0.23463 -0.23259)
(-0.21748 0.23398 -0.23628)
(-0.19710 0.22091 -0.23504)
(-0.19708 0.23996 -0.24369)
(-0.18670 0.24428 -0.23555)
(-0.18154 0.24922 -0.22174)
(-0.17287 0.25612 -0.19336)
(-0.15599 0.22628 -0.18997)
(-0.16935 0.26182 -0.17146)
(-0.16192 0.25434 -0.15970)
(-0.10861 0.18555 -0.11011)
(-0.12942 0.21559 -0.11462)
(-0.09926 0.17990 -0.08651)
(-0.13343 0.22106 -0.09980)
(-0.03908 0.06697 -0.02617)
(-0.02206 0.04612 -0.01507)
(-0.00063 0.00122 -0.00041)
(0.00602 0.00090 -0.00678)
(-0.02767 -0.00438 0.03392)
(-0.04433 -0.01064 0.04754)
(0.00475 0.00037 -0.00591)
(-0.00665 -0.00067 0.00842)
(-0.05047 -0.00776 0.05414)
(-0.05113 -0.01012 0.05330)
(-0.05278 -0.01246 0.05140)
(-0.04836 -0.00419 0.05646)
(-0.04692 -0.01399 0.05035)
(-0.03877 -0.02463 0.04316)
(-0.03689 -0.02749 0.04038)
(-0.03602 -0.02039 0.04506)
(-0.03346 -0.02402 0.04173)
(-0.03143 -0.02874 0.03560)
(-0.01966 -0.03657 0.02945)
(-0.01183 -0.04326 0.02341)
(-0.01847 -0.03562 0.01540)
(0.00154 -0.05366 0.01980)
(-0.00493 -0.04732 0.01022)
(-0.00132 -0.04819 0.00877)
(-0.00344 -0.04243 0.00567)
(0.00156 -0.04607 0.00406)
(-0.02724 -0.01459 -0.00658)
(-0.03615 -0.00069 -0.00223)
(-0.07121 0.04234 -0.01914)
(-0.08807 0.06774 -0.01775)
(-0.15505 0.12969 -0.05681)
(-0.15840 0.13427 -0.05741)
(-0.16452 0.15250 -0.06050)
(-0.17142 0.16895 -0.05897)
(-0.17953 0.17963 -0.06517)
(-0.20053 0.19015 -0.09895)
(-0.21620 0.19804 -0.12723)
(-0.20119 0.18269 -0.11912)
(-0.20017 0.17782 -0.12977)
(-0.22538 0.20308 -0.15715)
(-0.23172 0.20718 -0.17402)
(-0.20261 0.18633 -0.17787)
(-0.19653 0.18432 -0.18897)
(-0.18192 0.17733 -0.19379)
(-0.19854 0.20291 -0.21607)
(-0.19613 0.21055 -0.23021)
(-0.18479 0.20382 -0.25046)
(-0.17410 0.20476 -0.22849)
(-0.17378 0.22480 -0.22855)
(-0.16792 0.22869 -0.21521)
(-0.16189 0.21680 -0.21425)
(-0.15275 0.21838 -0.19117)
(-0.16087 0.24528 -0.17930)
(-0.13822 0.20675 -0.17160)
(-0.11328 0.18423 -0.14132)
(-0.15850 0.24900 -0.16076)
(-0.12513 0.20308 -0.12683)
(-0.08781 0.15719 -0.08770)
(-0.05464 0.12255 -0.05523)
(-0.06557 0.13351 -0.05773)
(-0.02084 0.04482 -0.01608)
(0.00152 -0.00353 0.00105)
(-0.00204 0.00457 -0.00156)
(-0.00311 -0.00008 0.00441)
(-0.02845 -0.00302 0.03171)
(-0.02744 0.00423 0.04186)
(-0.04080 0.00418 0.05991)
(-0.04096 0.00360 0.05962)
(-0.04041 -0.01365 0.04992)
(-0.03787 -0.01111 0.05034)
(-0.02828 -0.02443 0.04173)
(-0.02044 -0.03140 0.03682)
(-0.00603 -0.04296 0.02710)
(-0.00086 -0.04689 0.02502)
(0.00294 -0.05527 0.01939)
(0.02438 -0.06782 0.01383)
(0.00851 -0.05644 0.00679)
(0.01271 -0.06017 0.01383)
(-0.00726 -0.03377 0.00553)
(-0.00931 -0.02139 0.01828)
(-0.01893 -0.00796 0.01785)
(-0.02216 -0.00151 0.01853)
(-0.09230 0.07555 -0.01908)
(-0.04528 0.03171 0.01019)
(-0.10764 0.10622 -0.01655)
(-0.13163 0.12991 -0.03323)
(-0.13993 0.14159 -0.03313)
(-0.14901 0.15232 -0.04441)
(-0.14477 0.15182 -0.04695)
(-0.18087 0.17702 -0.07253)
(-0.16094 0.16166 -0.07426)
(-0.16887 0.16547 -0.09024)
(-0.17061 0.16080 -0.09762)
(-0.15588 0.14136 -0.11785)
(-0.17487 0.15479 -0.13108)
(-0.17675 0.15797 -0.14315)
(-0.17316 0.15710 -0.15217)
(-0.17418 0.16174 -0.16723)
(-0.16154 0.16430 -0.18789)
(-0.17588 0.18608 -0.20058)
(-0.16406 0.18485 -0.21049)
(-0.16653 0.19535 -0.22112)
(-0.14495 0.19130 -0.20067)
(-0.12453 0.17220 -0.17947)
(-0.14275 0.19885 -0.19472)
(-0.13616 0.20268 -0.17103)
(-0.11866 0.18589 -0.14816)
(-0.08605 0.14593 -0.11733)
(-0.07023 0.13346 -0.07617)
(-0.07777 0.13134 -0.08765)
(-0.05373 0.11815 -0.05635)
(-0.05038 0.11252 -0.05334)
(-0.03065 0.07456 -0.03451)
(-0.00980 0.02510 -0.00964)
(0.00014 -0.00073 0.00021)
(0.00446 -0.01019 0.00340)
(-0.00316 0.00062 0.00504)
(-0.01425 0.00253 0.02223)
(-0.01834 0.00412 0.03007)
(-0.03975 0.00673 0.06156)
(-0.03986 0.00617 0.06108)
(-0.03675 -0.00112 0.05629)
(-0.03900 0.00735 0.06170)
(-0.03106 -0.00529 0.05369)
(-0.03243 -0.01572 0.04766)
(-0.02393 -0.02698 0.03957)
(-0.02264 -0.02045 0.04109)
(-0.02097 -0.02878 0.03822)
(-0.00576 -0.04215 0.03101)
(0.00820 -0.04909 0.02501)
(0.01537 -0.06199 0.01893)
(0.02660 -0.07115 0.01481)
(0.02709 -0.07149 0.01438)
(0.02790 -0.07222 0.01454)
(0.00698 -0.04944 0.01299)
(-0.00643 -0.02643 0.01986)
(-0.01298 -0.01575 0.01956)
(-0.01641 -0.01015 0.02097)
(-0.02196 -0.00043 0.02168)
(-0.07511 0.07765 0.00154)
(-0.09166 0.09760 -0.00203)
(-0.09714 0.10824 -0.00566)
(-0.10098 0.11769 -0.00839)
(-0.10865 0.12433 -0.02672)
(-0.12617 0.13583 -0.04531)
(-0.12514 0.13272 -0.04703)
(-0.12346 0.12947 -0.04680)
(-0.13961 0.13405 -0.08877)
(-0.14646 0.13356 -0.11624)
(-0.15252 0.13626 -0.12788)
(-0.13212 0.12830 -0.13790)
(-0.13661 0.13674 -0.14484)
(-0.10894 0.12692 -0.14448)
(-0.14004 0.15571 -0.18009)
(-0.10804 0.13030 -0.14897)
(-0.11780 0.14402 -0.16262)
(-0.14150 0.17794 -0.19179)
(-0.12119 0.16801 -0.17685)
(-0.11652 0.16598 -0.17018)
(-0.11968 0.17047 -0.17240)
(-0.11153 0.16326 -0.16341)
(-0.10734 0.16387 -0.15123)
(-0.08738 0.14242 -0.11990)
(-0.06231 0.10968 -0.09751)
(-0.07054 0.11565 -0.09191)
(-0.06162 0.10904 -0.07799)
(-0.03714 0.07604 -0.04720)
(-0.02267 0.05211 -0.03140)
(-0.01138 0.03253 -0.01674)
(-0.00039 0.00253 -0.00106)
(-0.00039 -0.00007 -0.00052)
(-0.00476 0.00122 0.00812)
(-0.00389 0.00125 0.00723)
(-0.02547 0.00650 0.04336)
(-0.03607 0.00963 0.06227)
(-0.03053 -0.00285 0.05479)
(-0.01297 0.00082 0.04946)
(-0.01368 -0.00196 0.04835)
(-0.00113 -0.01971 0.03576)
(0.01304 -0.03354 0.02851)
(0.02046 -0.03442 0.02686)
(0.01450 -0.05415 0.02306)
(0.02425 -0.06356 0.01847)
(0.02803 -0.07191 0.01471)
(0.02901 -0.07284 0.01488)
(0.02826 -0.07314 0.01503)
(0.01636 -0.05388 0.01787)
(-0.00894 -0.02319 0.02131)
(-0.01189 -0.01922 0.02306)
(-0.01845 -0.00550 0.02897)
(-0.04448 0.04143 0.01791)
(-0.06022 0.06775 0.01651)
(-0.06173 0.07895 0.01338)
(-0.06441 0.08384 0.01143)
(-0.06504 0.08624 0.01082)
(-0.11327 0.12725 -0.03599)
(-0.08805 0.10125 -0.01501)
(-0.11118 0.12333 -0.03740)
(-0.10883 0.11924 -0.03845)
(-0.10133 0.10385 -0.05432)
(-0.07991 0.08410 -0.05529)
(-0.08883 0.09131 -0.07431)
(-0.13768 0.12619 -0.11599)
(-0.11185 0.10707 -0.10906)
(-0.06853 0.07397 -0.07611)
(-0.11537 0.11668 -0.12970)
(-0.09872 0.11702 -0.13420)
(-0.09889 0.12111 -0.13823)
(-0.09910 0.12499 -0.14164)
(-0.09174 0.12249 -0.13636)
(-0.11706 0.16388 -0.17335)
(-0.11298 0.16176 -0.16748)
(-0.09716 0.14629 -0.15295)
(-0.10861 0.15914 -0.16156)
(-0.07762 0.13042 -0.11610)
(-0.08492 0.13534 -0.13233)
(-0.06334 0.11059 -0.10100)
(-0.05154 0.08851 -0.08112)
(-0.05225 0.09831 -0.09004)
(-0.02354 0.04894 -0.04117)
(-0.02113 0.04452 -0.03552)
(-0.00250 0.01262 -0.00850)
(-0.00590 0.01224 -0.01055)
(-0.00027 0.00178 -0.00125)
(-0.01908 0.00617 0.03527)
(-0.00469 0.00179 0.00937)
(-0.00351 0.00949 0.03079)
(-0.01498 0.00828 0.05409)
(0.00204 0.00520 0.04801)
(-0.00187 -0.00170 0.04469)
(0.00901 -0.01540 0.03506)
(0.01887 -0.02727 0.02983)
(0.02353 -0.03080 0.02714)
(0.02558 -0.04494 0.02323)
(0.03528 -0.05464 0.01879)
(0.03102 -0.07256 0.01443)
(0.02986 -0.07549 0.01608)
(0.01432 -0.04466 0.02451)
(0.01070 -0.03997 0.02905)
(0.00148 -0.02556 0.03398)
(-0.02885 0.02189 0.02990)
(-0.03877 0.03746 0.02519)
(-0.04880 0.06157 0.02204)
(-0.05553 0.07307 0.01776)
(-0.05595 0.07595 0.01639)
(-0.05396 0.07459 0.00704)
(-0.09822 0.11384 -0.02845)
(-0.05343 0.07118 -0.00006)
(-0.05804 0.07698 -0.00696)
(-0.09596 0.10989 -0.03039)
(-0.06586 0.08315 -0.02470)
(-0.05091 0.06515 -0.03039)
(-0.04132 0.05654 -0.03373)
(-0.04393 0.06095 -0.04712)
(-0.04764 0.06054 -0.05927)
(-0.07102 0.07977 -0.08964)
(-0.04290 0.06246 -0.07074)
(-0.06949 0.08912 -0.10725)
(-0.08896 0.11126 -0.12833)
(-0.08611 0.11182 -0.12771)
(-0.08346 0.11243 -0.12671)
(-0.09089 0.12024 -0.13460)
(-0.07378 0.11332 -0.12497)
(-0.07270 0.12288 -0.12858)
(-0.10466 0.15490 -0.15844)
(-0.06937 0.12302 -0.12175)
(-0.07045 0.11927 -0.12000)
(-0.06215 0.10672 -0.10335)
(-0.03905 0.08003 -0.08119)
(-0.03424 0.06675 -0.06307)
(-0.01709 0.03566 -0.03100)
(-0.01424 0.03336 -0.03190)
(-0.01242 0.02585 -0.02290)
(-0.00292 0.00592 -0.00554)
(-0.00097 0.00195 -0.00175)
(0.00006 0.00016 0.00040)
(0.00132 0.00408 0.01069)
(0.00075 0.00059 0.00183)
(0.00099 0.00843 0.03559)
(0.01315 -0.00857 0.03819)
(0.02559 0.00537 0.02263)
(0.01376 0.00276 0.04391)
(0.04305 -0.00902 0.03141)
(0.02498 -0.02628 0.02827)
(0.04927 -0.03187 0.02194)
(0.02962 -0.03616 0.02565)
(0.04923 -0.04233 0.02001)
(0.05323 -0.05862 0.01343)
(0.05270 -0.06643 0.01330)
(0.04029 -0.06365 0.01823)
(0.04071 -0.06457 0.02233)
(0.02079 -0.06901 0.02884)
(0.01869 -0.07136 0.02975)
(0.00958 -0.04355 0.03802)
(-0.00992 -0.00203 0.03800)
(-0.00035 -0.01928 0.03880)
(-0.02200 0.01904 0.03971)
(-0.02670 0.02649 0.03717)
(-0.03802 0.04639 0.02797)
(-0.04143 0.05676 0.02028)
(-0.03393 0.05391 0.01981)
(-0.02049 0.04005 0.02231)
(-0.00935 0.03224 0.01773)
(-0.00736 0.03277 0.00343)
(-0.01749 0.04498 -0.00280)
(-0.01305 0.03528 -0.01393)
(-0.00375 0.02930 -0.00044)
(0.00222 0.01995 -0.01352)
(-0.01792 0.03933 -0.03018)
(-0.00669 0.03023 -0.03991)
(-0.02821 0.04853 -0.05267)
(-0.01843 0.04991 -0.06318)
(-0.01985 0.05323 -0.06520)
(-0.05334 0.08609 -0.09250)
(-0.03758 0.08191 -0.08293)
(-0.05191 0.09558 -0.10284)
(-0.04873 0.10062 -0.10446)
(-0.03356 0.09312 -0.08569)
(-0.04770 0.10398 -0.09985)
(-0.04420 0.09240 -0.09399)
(-0.03315 0.08045 -0.07993)
(-0.03336 0.07401 -0.07760)
(-0.02680 0.05913 -0.06379)
(-0.00648 0.03127 -0.03665)
(-0.01055 0.03010 -0.03447)
(-0.00159 0.00613 -0.00820)
(-0.00195 0.00481 -0.00509)
(-0.01078 -0.00305 -0.00757)
(0.00095 0.00033 0.00079)
(0.04109 -0.00144 0.02467)
(-0.00090 -0.00011 -0.00038)
(0.01951 0.00225 0.00862)
(0.06883 -0.00553 0.02370)
(0.07081 -0.01056 0.02565)
(0.07102 -0.02690 0.01908)
(0.07916 -0.01126 0.02350)
(0.07636 -0.01428 0.02309)
(0.05935 -0.04266 0.01787)
(0.06501 -0.04694 0.01825)
(0.05613 -0.05611 0.01970)
(0.05774 -0.05292 0.02505)
(0.04119 -0.05518 0.02869)
(0.04723 -0.04559 0.03079)
(0.02437 -0.03497 0.03911)
(0.01717 -0.02253 0.04438)
(-0.00614 -0.00792 0.04294)
(0.01481 -0.01717 0.04571)
(-0.01195 0.01066 0.03899)
(-0.01323 0.02001 0.03928)
(-0.01171 0.01731 0.03818)
(-0.01203 0.02827 0.03042)
(-0.00162 0.02194 0.02788)
(0.00236 0.02247 0.02630)
(0.01676 0.00912 0.02123)
(0.03567 -0.00577 0.01525)
(0.05372 -0.02582 0.01332)
(0.00866 0.01569 -0.01047)
(0.01128 0.01384 -0.01480)
(0.04860 -0.02122 0.00317)
(0.04553 -0.01349 -0.00669)
(0.02638 0.00370 -0.01759)
(0.02806 0.00509 -0.01761)
(0.05262 -0.01392 -0.01110)
(0.05026 -0.01076 -0.01385)
(0.02592 0.01015 -0.02528)
(-0.01225 0.04697 -0.05884)
(0.01560 0.02638 -0.03526)
(0.00223 0.04350 -0.05191)
(-0.01961 0.06366 -0.06610)
(0.00546 0.04516 -0.05186)
(-0.01525 0.06481 -0.06842)
(-0.02420 0.08032 -0.07576)
(-0.03174 0.08954 -0.08439)
(-0.01733 0.06555 -0.06462)
(-0.02333 0.06913 -0.07436)
(-0.00476 0.04270 -0.04539)
(0.00491 0.02603 -0.02619)
(0.00343 0.01371 -0.01517)
(0.00009 0.00968 -0.01202)
(-0.00009 0.00269 -0.00422)
(0.00010 -0.00052 0.00086)
(-0.00095 -0.00088 0.00289)
(0.00025 -0.00139 0.00235)
(-0.01101 -0.00145 -0.00459)
(0.00467 -0.00007 0.00146)
(0.03960 -0.00171 0.01302)
(-0.01428 -0.00067 -0.00405)
(0.02838 -0.00151 0.00782)
(0.06749 -0.00660 0.01947)
(0.08949 -0.01877 0.02031)
(0.06584 -0.00736 0.01675)
(0.08121 -0.01115 0.02087)
(0.09544 -0.02221 0.02027)
(0.08359 -0.02797 0.02216)
(0.08626 -0.02871 0.02714)
(0.06610 -0.04393 0.02874)
(0.08441 -0.02688 0.03177)
(0.05044 -0.02564 0.03648)
(0.02276 -0.02106 0.04423)
(0.02116 -0.01793 0.04498)
(0.01858 -0.01559 0.04560)
(0.01268 -0.01423 0.04660)
(-0.00350 -0.00157 0.04385)
(-0.00079 0.00268 0.04142)
(-0.00353 0.01164 0.03538)
(0.00868 0.00748 0.03211)
(0.02278 0.00235 0.02562)
(0.03090 -0.00659 0.02410)
(0.05436 -0.02276 0.01729)
(0.06132 -0.02895 0.01555)
(0.06406 -0.03060 0.01373)
(0.05876 -0.02640 0.00493)
(0.05743 -0.01842 -0.00789)
(0.05561 -0.01581 -0.00960)
(0.05755 -0.01716 -0.00790)
(0.05337 -0.01231 -0.01094)
(0.04441 -0.00204 -0.01376)
(0.03511 0.01311 -0.02331)
(0.03443 0.01508 -0.01616)
(0.02216 0.02986 -0.02441)
(0.00252 0.04709 -0.05125)
(0.00475 0.04566 -0.03646)
(0.00232 0.05181 -0.04437)
(-0.00052 0.05456 -0.04677)
(-0.00546 0.06077 -0.05091)
(0.00742 0.03355 -0.02537)
(0.00361 0.01329 -0.01249)
(0.00193 0.00578 -0.00605)
(-0.00007 -0.00017 0.00019)
(-0.00087 -0.00204 0.00219)
(-0.00104 -0.00243 0.00288)
(-0.00025 0.00001 -0.00007)
(-0.00376 -0.00014 -0.00085)
(0.01961 -0.00117 0.00477)
(0.09155 -0.00623 0.01418)
(0.04657 0.00271 0.00668)
(0.10883 -0.00995 0.02137)
(0.09626 -0.01967 0.02392)
(0.09874 -0.02214 0.02759)
(0.11669 -0.00892 0.02420)
(0.09852 -0.01835 0.02987)
(0.09408 -0.01997 0.03094)
(0.09046 -0.01847 0.03333)
(0.06064 -0.01214 0.03960)
(0.02861 -0.01549 0.04441)
(0.02553 -0.01450 0.04476)
(0.02157 -0.01409 0.04495)
(0.01623 -0.01441 0.04602)
(0.01740 -0.00866 0.04369)
(0.02028 -0.00307 0.03959)
(0.02685 0.00363 0.03176)
(0.03937 -0.00044 0.02714)
(0.04371 -0.02353 0.02460)
(0.04669 -0.02424 0.02301)
(0.06338 -0.03110 0.01637)
(0.06638 -0.03273 0.01506)
(0.07035 -0.03552 0.01499)
(0.07046 -0.03570 0.01413)
(0.06548 -0.02773 0.01041)
(0.06015 -0.02063 -0.00631)
(0.07527 -0.03225 0.00883)
(0.06197 -0.02257 -0.00436)
(0.05886 -0.01821 -0.00597)
(0.05463 -0.00946 -0.00269)
(0.04395 0.00443 -0.00427)
(0.03548 0.01470 -0.01245)
(0.03604 0.01457 -0.00997)
(0.02179 0.03266 -0.01120)
(0.01845 0.03640 -0.01610)
(0.01772 0.03376 -0.01315)
(0.01076 0.02000 -0.00681)
(0.00507 0.01120 -0.00426)
(0.00244 0.00477 -0.00380)
(0.00012 0.00032 -0.00030)
(-0.00105 -0.00200 0.00146)
(-0.00093 -0.00233 0.00219)
(0.01099 0.00077 0.00156)
(0.02484 0.00167 0.00422)
(0.06598 0.00342 0.01138)
(0.02951 0.00382 0.00526)
(0.07968 -0.00295 0.01610)
(0.09550 -0.01122 0.02654)
(0.04303 -0.00109 0.01023)
(0.06266 -0.00526 0.01853)
(0.10073 -0.01255 0.03144)
(0.09757 -0.01224 0.03337)
(0.06974 -0.00736 0.03824)
(0.08430 -0.00609 0.03713)
(0.05932 -0.00746 0.04200)
(0.03021 -0.01253 0.04434)
(0.06603 0.00315 0.03763)
(0.06302 0.00355 0.03741)
(0.03559 -0.00570 0.03973)
(0.03332 -0.00573 0.03942)
(0.03708 0.00126 0.03567)
(0.03925 -0.00916 0.03369)
(0.05239 -0.01490 0.03075)
(0.05527 -0.01436 0.03002)
(0.05811 -0.01630 0.02836)
(0.05724 -0.01692 0.02682)
(0.06117 -0.02211 0.02393)
(0.06125 -0.03182 0.01826)
(0.07412 -0.02786 0.02016)
(0.06973 -0.03478 0.01577)
(0.07283 -0.03705 0.01532)
(0.08120 -0.04528 0.01343)
(0.08348 -0.03183 0.01449)
(0.07731 -0.02305 0.00638)
(0.07829 -0.03186 0.01760)
(0.07739 -0.02619 0.01281)
(0.07091 -0.01303 0.00870)
(0.06411 -0.00590 0.00654)
(0.04847 0.00042 0.00726)
(0.03568 0.00505 0.00836)
(0.02806 0.01508 -0.00028)
(0.01631 0.02414 -0.00647)
(0.00774 0.00582 0.00213)
(0.00481 0.00727 -0.00142)
(0.00315 0.00577 -0.00163)
(-0.00057 -0.00120 0.00039)
(0.00588 0.00080 0.00104)
(0.01639 0.00280 0.00329)
(0.01569 0.00153 0.00372)
(0.00844 0.00185 0.00221)
(0.01810 0.00381 0.00518)
(0.06300 0.00497 0.02408)
(0.07352 0.01129 0.02935)
(0.02802 0.00614 0.00915)
(0.04405 0.01035 0.01604)
(0.04941 0.00925 0.02383)
(0.06845 0.01893 0.03254)
(0.04570 0.01348 0.02028)
(0.05980 0.01154 0.03173)
(0.04068 0.00085 0.03488)
(0.06108 0.01903 0.02412)
(0.06081 0.00020 0.03004)
(0.05744 -0.00063 0.02807)
(0.05702 -0.01268 0.02743)
(0.06884 0.00215 0.02146)
(0.07147 -0.00596 0.02112)
(0.07617 -0.01344 0.01888)
(0.07556 -0.01181 0.01762)
(0.08710 -0.00860 0.01458)
(0.08248 -0.02585 0.01649)
(0.08278 -0.02963 0.01794)
(0.05731 -0.00419 0.00941)
(0.06435 -0.02934 0.01530)
(0.05339 -0.03137 0.01412)
(0.05500 -0.02048 0.01155)
(0.01839 -0.00973 0.00487)
(0.02079 -0.00697 0.00609)
(0.01127 -0.00143 0.00410)
(0.01610 0.00112 0.00527)
(-0.00068 -0.00007 -0.00033)
(0.00334 0.00114 0.00126)
(0.00137 0.00065 0.00069)
(-0.02257 -0.00580 -0.00576)
(-0.01777 -0.00408 -0.00565)
(0.01716 0.00505 0.00502)
(-0.01569 -0.00480 -0.00444)
(-0.00571 -0.00193 -0.00147)
(0.02586 0.00799 0.01090)
(0.03500 0.01526 0.00883)
(-0.00070 -0.00034 -0.00013)
(-0.00054 -0.00023 -0.00009)
(0.03189 0.01090 0.00819)
(0.04910 0.01266 0.01424)
(0.01470 0.00484 0.00237)
(0.03179 0.01273 0.00561)
(0.05344 0.01818 0.00924)
(0.01909 0.00714 0.00309)
(0.03444 0.00354 0.00606)
(0.04155 0.00220 0.00602)
(0.05702 -0.00454 0.00947)
(0.00517 0.00047 0.00092)
(0.00935 -0.00016 0.00169)
(-0.00133 -0.00006 -0.00021)
(0.03727 -0.00202 0.00614)
(0.02142 -0.00216 0.00363)
(-0.01108 0.00019 -0.00182)
(-0.00505 0.00125 -0.00117)
(-0.00820 0.00071 -0.00262)
(-0.00703 0.00001 -0.00323)
(0.00412 0.00175 0.00068)
(0.00694 0.00268 0.00109)
(0.00734 0.00242 0.00080)
(-0.00293 -0.00041 -0.00048)
)