/*--------------------------------*- C++ -*----------------------------------*\ 
| =========                 |                                                 | 
| \\      /  F ield         | OpenFOAM: The Open Source CFD Toolbox           | 
|  \\    /   O peration     | Version:  4.0                                   | 
|   \\  /    A nd           | Web:      www.OpenFOAM.org                      | 
|    \\/     M anipulation  |                                                 | 
\*---------------------------------------------------------------------------*/ 
FoamFile 
{ 
    version     2.0; 
    format      ascii; 
    class       vectorAverageField; 
    object      values; 
} 
// * * * * * * * * * * * * * * * * * * * * * * * * * * * * * * * * * * * * * // 
 
// Average 
(0 0 0) 
 
// Velocity data on points 
2447
(
(0.00213 0.00228 -0.00238)
(-0.00092 -0.00139 0.00144)
(0.00050 -0.00575 0.00376)
(-0.00101 -0.00181 0.00169)
(0.00086 0.00278 -0.00246)
(-0.00021 -0.01340 0.01069)
(-0.00137 -0.00480 0.00429)
(-0.00899 -0.00935 0.01013)
(-0.00101 -0.00103 0.00109)
(0.00176 0.00133 -0.00158)
(-0.00742 -0.00564 0.00674)
(-0.00179 -0.00104 0.00137)
(0.00233 0.00080 -0.00144)
(-0.01245 -0.00329 0.00663)
(-0.00105 -0.00009 0.00046)
(0.00328 0.00030 -0.00140)
(-0.01129 -0.00089 0.00471)
(-0.00067 -0.00008 0.00025)
(0.00497 0.00091 -0.00173)
(-0.00101 -0.00018 0.00035)
(0.01274 0.00064 -0.00464)
(-0.00189 -0.00065 0.00104)
(0.00171 0.00045 -0.00090)
(0.00051 0.00029 -0.00041)
(-0.00941 -0.01813 0.01680)
(-0.00423 -0.01763 0.01324)
(-0.00116 -0.02056 0.01635)
(0.00353 -0.02395 0.01585)
(0.00758 -0.04279 0.02991)
(0.00727 -0.04227 0.02819)
(0.00074 -0.03272 0.02651)
(-0.00750 -0.01963 0.01891)
(-0.00362 -0.03222 0.02860)
(-0.01864 -0.01981 0.02197)
(-0.01923 -0.01468 0.01784)
(-0.01859 -0.01040 0.01405)
(-0.02508 -0.01919 0.02372)
(-0.02964 -0.01595 0.02215)
(-0.04167 -0.00912 0.02100)
(-0.02529 -0.00625 0.01321)
(-0.02805 -0.00312 0.01247)
(-0.05605 -0.00242 0.02954)
(-0.05215 -0.00274 0.02799)
(-0.03850 -0.00234 0.01580)
(-0.02636 -0.00273 0.01027)
(-0.05804 -0.00536 0.02090)
(-0.02657 -0.00426 0.00828)
(-0.00834 -0.00183 0.00288)
(-0.04603 -0.00484 0.01715)
(-0.00650 -0.00181 0.00226)
(0.00096 0.00044 -0.00041)
(0.00823 0.00014 -0.00204)
(-0.00301 -0.00042 0.00102)
(-0.00927 -0.00208 0.00401)
(-0.01821 -0.00780 0.01198)
(-0.04368 -0.02155 0.03099)
(-0.02763 -0.02087 0.02473)
(-0.00637 -0.04583 0.03407)
(-0.00586 -0.04003 0.03391)
(-0.00368 -0.04440 0.03612)
(0.01065 -0.04451 0.03377)
(0.01154 -0.03206 0.03561)
(0.01438 -0.03111 0.03449)
(0.00185 -0.02455 0.03298)
(-0.01412 -0.01750 0.02700)
(0.00212 -0.02389 0.03391)
(-0.00168 -0.01886 0.03350)
(-0.01887 -0.01499 0.02663)
(-0.03229 -0.01095 0.02815)
(-0.03022 -0.00651 0.03288)
(-0.05271 -0.00285 0.03047)
(-0.06330 0.00133 0.02822)
(-0.07204 0.00510 0.02179)
(-0.06443 -0.00436 0.02920)
(-0.07289 -0.00316 0.03354)
(-0.08225 -0.00588 0.02857)
(-0.08091 -0.00483 0.03263)
(-0.08671 -0.01028 0.03060)
(-0.06500 -0.00997 0.02127)
(-0.03829 -0.00847 0.01383)
(-0.08452 -0.01552 0.03000)
(-0.06039 -0.01450 0.02089)
(-0.02544 -0.00966 0.01103)
(-0.00149 -0.00070 0.00066)
(-0.01679 -0.00426 0.00740)
(0.00616 0.00189 -0.00310)
(0.01197 0.00376 -0.00589)
(0.00064 -0.00005 -0.00012)
(-0.01656 0.00069 0.00375)
(-0.04000 -0.00168 0.01078)
(-0.05053 -0.00919 0.01698)
(-0.09422 -0.01108 0.03127)
(-0.07788 -0.01397 0.02666)
(-0.09021 -0.01759 0.03528)
(-0.05904 -0.02562 0.03705)
(-0.05083 -0.02742 0.03839)
(-0.01804 -0.04209 0.03787)
(-0.01256 -0.02739 0.02525)
(-0.00906 -0.03544 0.03288)
(0.00086 -0.03818 0.03226)
(0.00193 -0.03645 0.03304)
(0.00962 -0.03092 0.03433)
(0.02039 -0.02445 0.03639)
(0.01997 -0.02112 0.03669)
(0.01645 -0.02138 0.03333)
(0.00358 -0.02182 0.03596)
(-0.00051 -0.00846 0.04150)
(-0.01146 -0.00119 0.03985)
(-0.02728 0.00262 0.04053)
(-0.04938 0.00283 0.03448)
(-0.06193 0.00158 0.03029)
(-0.05645 -0.00108 0.02960)
(-0.06322 -0.00037 0.02943)
(-0.06237 -0.00193 0.02943)
(-0.08332 -0.00787 0.03006)
(-0.08331 -0.00475 0.03627)
(-0.08476 -0.01648 0.03041)
(-0.09269 -0.02047 0.03175)
(-0.10095 -0.01167 0.03686)
(-0.09782 -0.01108 0.03631)
(-0.05928 -0.01244 0.02324)
(-0.01635 -0.00420 0.00697)
(-0.08926 -0.01356 0.02933)
(-0.05485 -0.01439 0.02272)
(-0.00823 -0.00244 0.00354)
(-0.00246 -0.00084 0.00124)
(0.01332 -0.00155 -0.00238)
(-0.02722 0.00246 0.00473)
(-0.06508 0.00442 0.01246)
(-0.10296 0.00032 0.02436)
(-0.13620 0.00501 0.02977)
(-0.10663 -0.00511 0.02750)
(-0.09158 -0.01316 0.02742)
(-0.07407 -0.01731 0.02761)
(-0.05960 -0.01978 0.02799)
(-0.01450 -0.02290 0.02304)
(-0.01016 -0.02519 0.02413)
(-0.00460 -0.02705 0.02484)
(-0.00707 -0.02261 0.02266)
(-0.00256 -0.02358 0.02335)
(0.00604 -0.03245 0.03165)
(0.02127 -0.02046 0.03545)
(0.02092 -0.01893 0.03603)
(0.01998 -0.01737 0.03673)
(0.01022 -0.01408 0.03542)
(0.00582 -0.00096 0.04248)
(-0.00029 -0.00193 0.04627)
(-0.01765 0.00565 0.04653)
(-0.01416 0.01109 0.03931)
(-0.02415 0.01129 0.03682)
(-0.03560 0.00681 0.03470)
(-0.05189 -0.00012 0.02962)
(-0.05375 -0.00172 0.02913)
(-0.05693 -0.00366 0.02853)
(-0.06073 -0.00597 0.02799)
(-0.07651 -0.01216 0.02620)
(-0.10037 -0.01218 0.03631)
(-0.10055 -0.01217 0.03712)
(-0.09910 -0.01231 0.03629)
(-0.09796 -0.01254 0.03376)
(-0.07900 -0.01718 0.02863)
(-0.08907 -0.01423 0.02568)
(-0.06641 -0.01398 0.02728)
(-0.03003 -0.00669 0.01459)
(-0.00310 -0.00073 0.00162)
(-0.05763 -0.01190 0.02797)
(-0.01283 -0.00284 0.00714)
(-0.00072 -0.00017 0.00041)
(-0.01668 0.00213 0.00291)
(-0.04721 0.00491 0.00839)
(-0.11627 0.00799 0.02054)
(-0.14125 0.00941 0.02767)
(-0.11723 0.00383 0.02163)
(-0.08799 -0.00539 0.02055)
(-0.07919 -0.00782 0.01981)
(-0.08052 -0.00588 0.01902)
(-0.07326 -0.00733 0.01799)
(-0.05899 -0.01608 0.02505)
(-0.01781 -0.02133 0.02215)
(-0.01370 -0.01888 0.01986)
(-0.00910 -0.01900 0.02004)
(-0.00467 -0.01916 0.02061)
(-0.00094 -0.01918 0.02117)
(0.01678 -0.01313 0.02390)
(0.02107 -0.01495 0.03411)
(0.01474 0.01151 0.00693)
(0.01822 0.00916 0.01753)
(0.02071 -0.01070 0.03479)
(0.02023 -0.01232 0.03665)
(0.01917 0.01136 0.03004)
(0.02680 0.02921 0.01580)
(0.02669 0.02499 0.03418)
(0.01468 0.01358 0.03406)
(0.00414 0.01717 0.03800)
(0.00787 0.02338 0.02898)
(0.00576 0.02311 0.02815)
(0.00501 0.02228 0.02717)
(-0.03238 0.00140 0.03105)
(-0.04171 -0.00085 0.02694)
(-0.04469 -0.00274 0.02603)
(-0.04883 -0.00506 0.02546)
(-0.05644 -0.00797 0.02694)
(-0.07396 -0.01447 0.02582)
(-0.06454 -0.01757 0.01863)
(-0.07526 -0.01280 0.02655)
(-0.06451 -0.01380 0.01571)
(-0.08779 -0.01301 0.02659)
(-0.08103 -0.01994 0.02972)
(-0.08040 -0.01477 0.03847)
(-0.04929 -0.00986 0.02557)
(-0.05806 -0.01059 0.03082)
(-0.01913 -0.00380 0.01101)
(-0.00895 -0.00163 0.00534)
(0.00924 -0.00116 -0.00199)
(-0.00211 0.00033 0.00036)
(-0.10736 0.01160 0.02630)
(-0.15180 0.01189 0.03317)
(-0.13973 0.00315 0.03276)
(-0.10548 0.00218 0.02554)
(-0.07971 -0.00425 0.01757)
(-0.07437 -0.00558 0.01693)
(-0.06841 -0.00456 0.01384)
(-0.05513 -0.00691 0.01544)
(-0.02937 -0.00390 0.00995)
(-0.01052 -0.01559 0.01660)
(-0.00937 -0.00609 0.00991)
(-0.00548 -0.01300 0.01532)
(-0.00285 -0.01441 0.01773)
(0.01093 -0.00646 0.01951)
(0.00696 -0.00570 0.01221)
(0.01276 0.02325 -0.01199)
(0.01230 0.02599 -0.01062)
(0.02352 0.03450 -0.00978)
(0.02788 0.03278 0.00552)
(0.03480 0.04175 0.00773)
(0.02646 0.04135 0.02943)
(0.02866 0.03468 0.02214)
(0.01544 0.02751 0.02493)
(0.01581 0.02586 0.02322)
(0.01710 0.02434 0.01696)
(-0.00522 0.00913 0.01115)
(-0.01847 -0.00216 0.01888)
(-0.03290 -0.00364 0.02043)
(-0.02313 -0.00617 0.01244)
(-0.04580 -0.01201 0.01341)
(-0.01825 -0.01982 0.00575)
(-0.05265 -0.01700 0.01144)
(-0.04605 -0.01699 0.00340)
(-0.05505 -0.01624 0.00671)
(-0.06221 -0.01144 0.01198)
(-0.05521 -0.00719 0.01305)
(-0.07615 -0.01195 0.03416)
(-0.07552 -0.01270 0.03721)
(-0.02882 -0.00505 0.01664)
(-0.07206 -0.01111 0.03572)
(-0.05728 -0.00954 0.03144)
(-0.01863 -0.00351 0.01512)
(-0.00095 -0.00022 0.00145)
(0.02826 -0.00322 -0.00741)
(-0.00095 0.00011 0.00025)
(-0.05435 0.00535 0.01562)
(-0.10882 0.01066 0.03098)
(-0.15098 0.00830 0.04267)
(-0.14838 0.00832 0.04803)
(-0.12350 0.00081 0.03888)
(-0.12226 0.00534 0.03124)
(-0.10168 0.00372 0.02170)
(-0.07951 0.00298 0.01291)
(-0.06330 -0.00399 0.01865)
(-0.04399 0.00110 -0.01075)
(-0.03132 0.00527 -0.01086)
(-0.01948 0.00913 -0.02100)
(-0.01195 0.01932 -0.03237)
(-0.00829 0.03441 -0.04787)
(0.00549 0.02792 -0.02195)
(0.00986 0.04491 -0.01709)
(0.01817 0.04785 -0.02577)
(0.02898 0.04419 -0.02322)
(0.03397 0.05089 -0.02723)
(0.04229 0.06131 -0.02777)
(0.04725 0.05529 -0.02403)
(0.05465 0.05586 -0.02945)
(0.02440 0.03313 0.01933)
(0.02555 0.03068 0.01706)
(0.04539 0.02869 -0.00074)
(0.05944 0.02157 -0.02041)
(0.06503 0.01709 -0.02606)
(0.04607 0.00172 -0.01695)
(0.03571 -0.00104 -0.01408)
(0.00631 -0.00916 -0.00785)
(-0.01596 -0.02037 -0.00055)
(-0.04474 -0.01492 0.00177)
(-0.00646 -0.01236 0.00545)
(-0.02343 -0.01100 0.01625)
(-0.03390 -0.00762 0.01293)
(-0.01710 -0.01018 0.01294)
(-0.03970 -0.00873 0.01807)
(-0.04944 -0.00858 0.02698)
(-0.05317 -0.01044 0.04478)
(-0.02712 -0.00869 0.03413)
(-0.03138 -0.00364 0.04126)
(-0.00849 -0.00183 0.01247)
(-0.00543 -0.00049 0.00660)
(0.00112 -0.00009 -0.00037)
(-0.04273 0.00405 0.01259)
(-0.12998 0.01015 0.04423)
(-0.13343 0.00422 0.05533)
(-0.12205 -0.00123 0.05526)
(-0.08610 -0.00803 0.04276)
(-0.10836 -0.00053 0.03767)
(-0.10434 -0.00096 0.03025)
(-0.08850 -0.00372 0.03520)
(-0.07379 -0.00080 0.01849)
(-0.06967 -0.00050 0.01601)
(-0.05547 0.00592 -0.00842)
(-0.04892 0.00867 -0.01718)
(-0.04672 0.00994 -0.01985)
(-0.03925 0.00900 -0.02592)
(-0.02905 0.02461 -0.03932)
(-0.04067 0.02951 -0.04895)
(-0.02895 0.03474 -0.05941)
(-0.01524 0.02800 -0.04934)
(-0.01528 0.04429 -0.06374)
(-0.00935 0.04025 -0.05523)
(-0.00189 0.05322 -0.05481)
(0.00436 0.05148 -0.05332)
(0.01838 0.06311 -0.06911)
(0.02771 0.07783 -0.09777)
(0.03357 0.07813 -0.09837)
(0.04373 0.07946 -0.09208)
(0.06201 0.06590 -0.05520)
(0.07671 0.04661 -0.03710)
(0.07048 0.03405 -0.04098)
(0.07606 0.02435 -0.03502)
(0.08954 0.01883 -0.03963)
(0.08763 0.01376 -0.03615)
(0.08074 0.00948 -0.04812)
(0.04988 -0.00381 -0.02902)
(0.07740 -0.00487 -0.04413)
(0.03561 -0.00584 -0.02624)
(0.04970 -0.01267 -0.01832)
(0.03612 -0.01603 -0.00679)
(0.05440 -0.01331 -0.01106)
(-0.00050 -0.01162 0.00262)
(0.00790 -0.00817 0.00101)
(-0.00332 -0.00630 0.00785)
(0.01692 -0.00171 0.01731)
(0.00146 0.00119 0.03318)
(-0.00799 0.00195 0.04710)
(-0.02057 -0.00818 0.05863)
(-0.00800 -0.00389 0.02701)
(0.00065 0.00064 -0.00349)
(0.00113 -0.00818 0.05451)
(-0.01190 0.00060 0.00525)
(-0.06780 0.00324 0.02676)
(-0.06609 -0.00163 0.03675)
(-0.11076 0.00328 0.05005)
(-0.10954 -0.00632 0.06066)
(-0.08731 -0.00893 0.04617)
(-0.07623 -0.01011 0.04253)
(-0.07884 -0.00856 0.04000)
(-0.07295 -0.00776 0.03438)
(-0.06402 0.00124 0.00231)
(-0.04972 0.00876 -0.01810)
(-0.04830 0.01103 -0.02415)
(-0.04844 0.02481 -0.04443)
(-0.05121 0.04593 -0.09354)
(-0.04778 0.05085 -0.10445)
(-0.04421 0.07165 -0.12462)
(-0.03590 0.06545 -0.10752)
(-0.02474 0.08147 -0.13094)
(-0.05054 0.09129 -0.17170)
(-0.01846 0.08031 -0.11544)
(0.00667 0.08275 -0.10285)
(0.02330 0.08120 -0.11380)
(0.02852 0.08126 -0.11551)
(0.03536 0.08041 -0.11586)
(0.05271 0.07449 -0.10637)
(0.07898 0.05844 -0.06640)
(0.06243 0.08268 -0.13720)
(0.08619 0.05711 -0.07245)
(0.09248 0.04916 -0.06532)
(0.09607 0.03397 -0.08526)
(0.10135 0.02526 -0.07930)
(0.11703 0.01158 -0.08136)
(0.10911 0.00823 -0.07410)
(0.11085 0.00774 -0.07601)
(0.07660 -0.00038 -0.04550)
(0.08103 -0.00282 -0.03610)
(0.06577 -0.01423 -0.01533)
(0.06982 -0.01423 -0.01520)
(0.05765 -0.01317 -0.01170)
(0.04948 -0.00114 -0.00325)
(0.04076 -0.00096 0.01489)
(0.03115 0.00011 0.04276)
(0.05441 0.00248 0.05468)
(0.02390 0.00102 0.05658)
(0.04847 0.00213 0.06374)
(0.01761 -0.00340 0.07074)
(0.00809 -0.01263 0.06267)
(0.00058 -0.00134 0.00566)
(-0.00035 0.00053 -0.00214)
(0.00312 0.00019 -0.00193)
(-0.00449 -0.00038 0.00302)
(-0.03352 -0.00281 0.02198)
(-0.08844 -0.00981 0.06137)
(-0.10094 -0.01122 0.07024)
(-0.09542 -0.01367 0.07198)
(-0.09210 -0.01154 0.05999)
(-0.07515 -0.01179 0.04642)
(-0.07122 -0.00905 0.03652)
(-0.06855 -0.01093 0.03923)
(-0.06722 -0.00789 0.03033)
(-0.04889 0.00407 -0.01309)
(-0.07123 0.01160 -0.02323)
(-0.05080 0.01124 -0.02543)
(-0.06839 0.02586 -0.05345)
(-0.07976 0.05665 -0.12317)
(-0.06165 0.06052 -0.13758)
(-0.06075 0.06889 -0.14744)
(-0.06051 0.09404 -0.18722)
(-0.04849 0.09407 -0.17432)
(-0.05838 0.09698 -0.19127)
(-0.04701 0.09681 -0.17826)
(0.01759 0.08387 -0.13260)
(0.02117 0.08390 -0.13522)
(0.02773 0.08227 -0.13522)
(0.02920 0.08510 -0.15182)
(0.05191 0.08840 -0.16484)
(0.08315 0.07082 -0.12286)
(0.09410 0.07386 -0.15467)
(0.09762 0.06944 -0.15235)
(0.10069 0.06621 -0.15089)
(0.11895 0.01796 -0.10634)
(0.11744 0.01152 -0.08555)
(0.11434 0.00724 -0.07809)
(0.11247 0.00244 -0.07014)
(0.08020 -0.01469 -0.02052)
(0.08450 -0.01502 -0.02014)
(0.08325 -0.00540 -0.00151)
(0.06911 -0.00203 0.01504)
(0.09262 -0.00364 0.01907)
(0.05713 -0.00264 0.04037)
(0.07100 0.00074 0.05830)
(0.06391 0.00159 0.06094)
(0.05880 0.00166 0.06583)
(0.05403 0.00162 0.06995)
(0.03434 -0.02115 0.09153)
(0.00549 -0.00748 0.03124)
(0.00259 -0.00312 0.01268)
(-0.00253 0.00326 -0.01294)
(-0.00911 -0.00081 0.00642)
(-0.03313 -0.00385 0.02399)
(-0.05985 -0.00765 0.04419)
(-0.04971 -0.00751 0.03880)
(-0.08895 -0.01541 0.07185)
(-0.08739 -0.01636 0.07187)
(-0.05222 -0.02027 0.05009)
(-0.05980 -0.01931 0.05737)
(-0.06403 -0.01375 0.04273)
(-0.06383 -0.01089 0.03453)
(-0.07018 0.00662 -0.00876)
(-0.08657 0.02472 -0.05808)
(-0.07286 0.02380 -0.05151)
(-0.08769 0.03724 -0.07845)
(-0.09248 0.04883 -0.10390)
(-0.08546 0.06128 -0.12501)
(-0.09976 0.07712 -0.17094)
(-0.09366 0.08075 -0.18184)
(-0.07825 0.08514 -0.19598)
(-0.07083 0.10046 -0.20845)
(-0.05610 0.09931 -0.19633)
(-0.06755 0.10234 -0.21342)
(-0.04733 0.10287 -0.21893)
(-0.01360 0.09675 -0.20164)
(-0.00398 0.10051 -0.20214)
(0.00111 0.10593 -0.22530)
(0.01088 0.10220 -0.23595)
(0.06843 0.07709 -0.17747)
(0.08464 0.07222 -0.16442)
(0.09081 0.07413 -0.16700)
(0.09462 0.07086 -0.16450)
(0.11176 0.03795 -0.15043)
(0.12037 0.01544 -0.09684)
(0.12014 0.01579 -0.09980)
(0.12072 0.01006 -0.08758)
(0.12808 0.00725 -0.07731)
(0.11151 -0.00176 -0.06044)
(0.11602 -0.00198 -0.05960)
(0.11996 -0.00862 -0.01508)
(0.12412 -0.00440 -0.03466)
(0.11824 0.00311 -0.00465)
(0.11305 -0.00107 0.00991)
(0.12376 -0.00023 0.00407)
(0.09664 -0.00444 0.03763)
(0.08015 -0.00014 0.06258)
(0.07326 0.00085 0.06507)
(0.07124 0.00104 0.06945)
(0.06967 0.00094 0.07369)
(0.06291 0.00085 0.07578)
(0.06538 -0.01123 0.10747)
(0.03908 -0.02024 0.10596)
(0.01257 -0.00985 0.04319)
(-0.00116 0.00132 -0.00524)
(0.00036 0.00006 -0.00033)
(-0.00482 -0.00102 0.00490)
(-0.02799 -0.00663 0.03046)
(-0.07864 -0.01452 0.06505)
(-0.07467 -0.01621 0.06616)
(-0.06341 -0.02172 0.06801)
(-0.03628 -0.02648 0.06517)
(-0.05780 -0.02137 0.05620)
(-0.04995 -0.01958 0.04762)
(-0.04098 -0.02081 0.04319)
(-0.04417 -0.01724 0.04099)
(-0.05276 -0.00630 0.02653)
(-0.08950 0.01817 -0.02045)
(-0.09517 0.02928 -0.05874)
(-0.09602 0.03203 -0.07315)
(-0.12475 0.05717 -0.13424)
(-0.12309 0.07133 -0.15727)
(-0.11774 0.08217 -0.18735)
(-0.12240 0.08812 -0.20280)
(-0.14132 0.10783 -0.25794)
(-0.14915 0.11902 -0.28615)
(-0.13594 0.13117 -0.31016)
(-0.08252 0.11377 -0.25876)
(-0.13276 0.13708 -0.32159)
(-0.07660 0.11780 -0.29709)
(-0.06782 0.12055 -0.30460)
(-0.03228 0.11274 -0.27123)
(-0.02356 0.11328 -0.27142)
(0.03545 0.09196 -0.22953)
(-0.01872 0.11119 -0.29629)
(0.05030 0.08720 -0.22874)
(0.06752 0.07970 -0.20207)
(0.07622 0.07377 -0.18634)
(0.07876 0.05817 -0.19454)
(0.09978 0.04386 -0.16599)
(0.09091 0.05320 -0.17725)
(0.13078 0.01691 -0.11296)
(0.11266 0.02832 -0.12014)
(0.14354 0.00028 -0.08202)
(0.14501 -0.00022 -0.07994)
(0.12935 -0.00800 -0.03386)
(0.12066 -0.00545 -0.01633)
(0.11743 -0.01524 0.00774)
(0.11946 -0.01048 0.03091)
(0.11533 -0.00421 0.03951)
(0.10451 -0.01436 0.06982)
(0.09789 -0.01702 0.09665)
(0.07585 -0.00535 0.09913)
(0.07178 -0.02107 0.12914)
(0.05397 -0.02134 0.13194)
(0.07943 -0.02326 0.11992)
(0.06143 -0.01947 0.14038)
(0.02503 -0.01572 0.06909)
(0.00133 -0.00099 0.00397)
(-0.00270 0.00241 -0.00887)
(-0.00082 -0.00104 0.00257)
(-0.01189 -0.00361 0.01391)
(-0.04451 -0.02281 0.06832)
(-0.01591 -0.02959 0.05966)
(-0.02596 -0.02662 0.06426)
(-0.02412 -0.02843 0.06340)
(-0.01507 -0.02772 0.06217)
(-0.03677 -0.01865 0.04529)
(-0.04118 -0.02056 0.04204)
(-0.11050 0.02623 -0.02327)
(-0.10186 0.02147 -0.02071)
(-0.10826 0.03262 -0.04810)
(-0.13382 0.05259 -0.09118)
(-0.15960 0.07582 -0.15183)
(-0.22181 0.11680 -0.25474)
(-0.23014 0.12444 -0.27533)
(-0.20038 0.11278 -0.25463)
(-0.18902 0.12416 -0.28978)
(-0.17125 0.12446 -0.30232)
(-0.18505 0.14259 -0.34613)
(-0.17880 0.14897 -0.37316)
(-0.11142 0.12717 -0.32969)
(-0.08761 0.12203 -0.33385)
(-0.09211 0.13176 -0.34080)
(-0.09604 0.13517 -0.37326)
(-0.08994 0.13436 -0.36973)
(0.00781 0.10657 -0.27090)
(0.03120 0.09805 -0.25231)
(0.02345 0.08038 -0.26714)
(0.02890 0.07733 -0.26176)
(0.07737 0.06273 -0.20171)
(0.07688 0.05962 -0.19494)
(0.10129 0.03799 -0.13865)
(0.09965 0.03234 -0.13715)
(0.12962 0.01127 -0.09157)
(0.11793 0.01051 -0.08729)
(0.11773 0.00186 -0.04799)
(0.11878 -0.01381 -0.00936)
(0.11510 -0.01554 0.00093)
(0.12228 -0.01908 0.02250)
(0.11284 -0.00991 0.04681)
(0.11339 -0.01866 0.04122)
(0.11483 -0.01151 0.07345)
(0.10755 -0.02043 0.09418)
(0.09969 -0.03302 0.10715)
(0.08092 -0.02493 0.11924)
(0.06599 -0.02619 0.13437)
(0.06194 -0.01745 0.14097)
(0.05786 -0.03158 0.14714)
(0.03309 -0.02134 0.09877)
(0.00560 -0.00479 0.01811)
(0.00241 -0.00301 0.01019)
(0.00112 0.00176 -0.00428)
(-0.00454 -0.00743 0.01725)
(-0.00040 -0.00070 0.00165)
(-0.00385 -0.00943 0.02102)
(-0.00600 -0.02778 0.05261)
(-0.01548 -0.02968 0.06159)
(-0.00230 -0.03010 0.05204)
(-0.01347 -0.02480 0.05653)
(-0.02976 -0.01395 0.04512)
(-0.03655 -0.01680 0.04974)
(-0.06184 0.00291 0.02648)
(-0.05676 -0.00145 0.02498)
(-0.09876 0.01683 -0.00229)
(-0.17187 0.06770 -0.08893)
(-0.18510 0.07731 -0.10977)
(-0.17789 0.07735 -0.13261)
(-0.21369 0.10788 -0.22328)
(-0.24326 0.12970 -0.27891)
(-0.24178 0.13248 -0.29517)
(-0.22521 0.13807 -0.33033)
(-0.23747 0.15790 -0.37973)
(-0.23139 0.16431 -0.40456)
(-0.23959 0.18687 -0.44478)
(-0.17034 0.14806 -0.37459)
(-0.15828 0.15066 -0.38860)
(-0.12334 0.14237 -0.38543)
(-0.11310 0.14268 -0.38795)
(-0.10899 0.14248 -0.38614)
(-0.08625 0.13432 -0.36802)
(-0.02130 0.10691 -0.30918)
(0.00835 0.08791 -0.28212)
(0.01255 0.08486 -0.27729)
(0.03354 0.07890 -0.24805)
(0.03185 0.07368 -0.22959)
(0.06641 0.05726 -0.17943)
(0.05077 0.05513 -0.16881)
(0.05750 0.04881 -0.15483)
(0.08698 0.02811 -0.11572)
(0.09870 0.00491 -0.05007)
(0.11170 -0.01288 -0.01150)
(0.10833 -0.01572 -0.00268)
(0.11216 -0.01767 0.00999)
(0.11275 -0.02306 0.02870)
(0.10236 -0.02446 0.07352)
(0.10486 -0.03309 0.10476)
(0.09864 -0.03302 0.11311)
(0.09207 -0.02985 0.11907)
(0.07846 -0.03773 0.13498)
(0.06702 -0.04024 0.14205)
(0.05827 -0.04717 0.15281)
(0.03117 -0.03636 0.12621)
(0.00553 -0.00733 0.02431)
(0.00068 0.00174 -0.00405)
(-0.00092 -0.00327 0.00734)
(-0.00404 -0.02118 0.04413)
(-0.00138 -0.01624 0.03408)
(-0.00047 -0.02176 0.04472)
(-0.00751 -0.02135 0.04299)
(-0.01826 -0.02009 0.04644)
(-0.04428 -0.00384 0.03082)
(-0.07281 0.01320 0.01056)
(-0.08633 0.02067 0.00477)
(-0.10034 0.02190 -0.01014)
(-0.17843 0.07153 -0.08852)
(-0.19385 0.08206 -0.10772)
(-0.21013 0.09281 -0.12908)
(-0.20352 0.08917 -0.12922)
(-0.23087 0.11156 -0.19387)
(-0.26011 0.13725 -0.27187)
(-0.26412 0.14117 -0.29961)
(-0.30255 0.17811 -0.35872)
(-0.25348 0.13974 -0.31418)
(-0.26374 0.17233 -0.39535)
(-0.26374 0.17425 -0.40245)
(-0.25745 0.19353 -0.45373)
(-0.23351 0.18639 -0.44560)
(-0.23107 0.18730 -0.44805)
(-0.12947 0.14944 -0.40244)
(-0.12699 0.14967 -0.40181)
(-0.10431 0.14155 -0.38402)
(-0.10143 0.14105 -0.38355)
(-0.08117 0.13795 -0.36360)
(-0.06048 0.12971 -0.34241)
(-0.00073 0.09380 -0.26778)
(-0.03650 0.11409 -0.29438)
(0.01204 0.08511 -0.24107)
(0.03658 0.06089 -0.17839)
(0.03616 0.05723 -0.16892)
(0.04907 0.04819 -0.15083)
(0.04631 0.03001 -0.11567)
(0.10332 -0.01324 -0.01548)
(0.10006 -0.01695 -0.00855)
(0.10564 -0.01994 0.00613)
(0.09501 -0.03783 0.03048)
(0.09578 -0.03848 0.07193)
(0.09669 -0.03642 0.07752)
(0.08715 -0.05579 0.11620)
(0.08005 -0.05006 0.12659)
(0.07833 -0.04793 0.13005)
(0.07703 -0.05411 0.12990)
(0.07560 -0.05199 0.13326)
(0.07350 -0.05084 0.13704)
(0.05728 -0.05228 0.15499)
(0.04040 -0.05055 0.16837)
(0.03482 -0.04885 0.15473)
(0.00831 -0.01205 0.03881)
(-0.00245 0.00362 -0.01171)
(0.00003 0.00072 -0.00155)
(0.00021 -0.00585 0.01231)
(0.01477 -0.02014 0.03293)
(0.00615 -0.02398 0.04376)
(0.01307 -0.01976 0.03912)
(-0.00353 -0.01841 0.03916)
(-0.02414 -0.00646 0.02696)
(-0.06985 0.01357 0.00972)
(-0.08650 0.02245 0.00267)
(-0.13544 0.04763 -0.02679)
(-0.15745 0.05962 -0.05454)
(-0.19918 0.08558 -0.10588)
(-0.21488 0.09603 -0.12666)
(-0.27177 0.13549 -0.19108)
(-0.22931 0.10521 -0.15409)
(-0.30385 0.16186 -0.26395)
(-0.31890 0.17678 -0.31257)
(-0.34149 0.19956 -0.37096)
(-0.32522 0.20449 -0.41583)
(-0.31183 0.19491 -0.43304)
(-0.29312 0.19931 -0.45543)
(-0.25027 0.19335 -0.45471)
(-0.26568 0.20005 -0.46160)
(-0.24537 0.19345 -0.45706)
(-0.21504 0.18079 -0.45348)
(-0.19768 0.18270 -0.45539)
(-0.12177 0.14818 -0.39941)
(-0.12972 0.15660 -0.40722)
(-0.12284 0.15469 -0.40539)
(-0.11802 0.15351 -0.39971)
(-0.06987 0.13538 -0.33155)
(-0.07058 0.13647 -0.32282)
(-0.03803 0.11171 -0.28336)
(0.00158 0.07581 -0.22408)
(0.02133 0.06408 -0.18034)
(0.03653 0.05170 -0.15859)
(0.02823 0.02614 -0.12488)
(0.06771 0.00169 -0.05270)
(0.06443 -0.01702 -0.03990)
(0.07599 -0.03263 0.00626)
(0.07077 -0.05303 0.03171)
(0.08791 -0.04996 0.06799)
(0.08567 -0.05234 0.08829)
(0.07612 -0.07153 0.08662)
(0.07512 -0.05940 0.09971)
(0.07717 -0.05837 0.12729)
(0.07369 -0.05671 0.13497)
(0.05854 -0.07185 0.14698)
(0.04817 -0.06626 0.15609)
(0.03915 -0.05434 0.17028)
(0.03788 -0.05645 0.17187)
(0.01070 -0.01717 0.05362)
(-0.00045 0.00075 -0.00238)
(0.00067 -0.00038 0.00060)
(0.01498 -0.01151 0.01828)
(0.01476 -0.00807 0.01259)
(0.01826 -0.01760 0.03801)
(0.01679 -0.01769 0.04005)
(0.01520 -0.02030 0.03850)
(0.00148 -0.01338 0.03611)
(-0.04701 0.01147 0.01915)
(-0.05201 0.00733 0.01960)
(-0.08326 0.02246 0.00186)
(-0.14567 0.06182 -0.03239)
(-0.19035 0.08539 -0.07696)
(-0.23630 0.11219 -0.12928)
(-0.28820 0.15471 -0.19010)
(-0.33124 0.17810 -0.27516)
(-0.38677 0.20873 -0.34341)
(-0.36760 0.21088 -0.34951)
(-0.35350 0.21714 -0.42009)
(-0.37983 0.23619 -0.41807)
(-0.35242 0.22881 -0.45688)
(-0.34930 0.23783 -0.47252)
(-0.33561 0.23773 -0.49297)
(-0.25869 0.19972 -0.46356)
(-0.25403 0.20053 -0.48493)
(-0.26234 0.21382 -0.50990)
(-0.18945 0.18187 -0.45865)
(-0.19552 0.19017 -0.46682)
(-0.16184 0.17520 -0.43876)
(-0.15491 0.16864 -0.43659)
(-0.11036 0.15370 -0.37645)
(-0.10880 0.15143 -0.36745)
(-0.06118 0.12187 -0.29740)
(-0.06697 0.11546 -0.28173)
(-0.07618 0.11501 -0.26686)
(-0.02112 0.06526 -0.18792)
(-0.01251 0.04471 -0.16320)
(0.02123 -0.00180 -0.09458)
(0.02147 -0.00491 -0.08971)
(0.05497 -0.03978 -0.01053)
(0.04762 -0.05095 0.00279)
(0.07338 -0.05812 0.05533)
(0.05911 -0.08070 0.07124)
(0.07155 -0.07380 0.11406)
(0.06078 -0.08568 0.12502)
(0.07245 -0.06206 0.13476)
(0.04347 -0.10472 0.15003)
(0.04230 -0.08394 0.16157)
(0.04279 -0.08027 0.16310)
(0.03689 -0.08550 0.17395)
(0.03203 -0.07443 0.18013)
(0.00878 -0.02880 0.07786)
(0.00054 -0.00179 0.00571)
(0.00297 -0.00158 0.00260)
(0.01500 -0.00902 0.02354)
(0.01754 -0.01290 0.03579)
(0.00358 -0.00254 0.03599)
(-0.00067 -0.00626 0.03831)
(-0.04352 0.01090 0.02150)
(-0.11551 0.05214 -0.01034)
(-0.08663 0.03127 0.00553)
(-0.13923 0.06448 -0.02338)
(-0.17227 0.08253 -0.04704)
(-0.24478 0.12619 -0.11992)
(-0.28626 0.15444 -0.17165)
(-0.31571 0.17710 -0.23397)
(-0.32098 0.18336 -0.22407)
(-0.36501 0.20275 -0.31468)
(-0.37401 0.22695 -0.35171)
(-0.41509 0.27724 -0.43760)
(-0.39298 0.25543 -0.45333)
(-0.39197 0.26313 -0.48136)
(-0.37302 0.25653 -0.48669)
(-0.33894 0.24572 -0.51241)
(-0.31577 0.24022 -0.51698)
(-0.29637 0.23311 -0.51828)
(-0.24345 0.20614 -0.50025)
(-0.22380 0.20140 -0.49061)
(-0.22720 0.20907 -0.49511)
(-0.22045 0.20307 -0.48675)
(-0.16372 0.17503 -0.42565)
(-0.16950 0.17769 -0.41021)
(-0.11418 0.15193 -0.34676)
(-0.10560 0.13729 -0.31242)
(-0.09752 0.11461 -0.27194)
(-0.05624 0.08221 -0.21868)
(-0.04881 0.05631 -0.19257)
(0.01604 -0.00034 -0.09968)
(0.00669 -0.01612 -0.08564)
(0.03548 -0.04289 -0.03563)
(0.01461 -0.07784 -0.01721)
(0.04075 -0.07869 0.01903)
(0.04243 -0.09879 0.06157)
(0.05690 -0.08549 0.07458)
(0.06462 -0.09425 0.10742)
(0.04415 -0.12388 0.11634)
(0.03878 -0.11981 0.13105)
(0.04281 -0.10844 0.14743)
(0.03949 -0.09187 0.16746)
(0.02941 -0.09181 0.17946)
(0.02849 -0.08654 0.17938)
(0.01361 -0.05380 0.13506)
(0.00635 -0.02476 0.06678)
(0.00084 -0.00358 0.01002)
(-0.00184 0.00088 -0.00206)
(0.00661 -0.00321 0.00801)
(0.02163 -0.00912 0.02749)
(0.02157 -0.00950 0.04210)
(0.00478 -0.00264 0.04143)
(-0.00895 0.00282 0.04017)
(-0.04299 0.01675 0.02494)
(-0.01914 0.00733 0.03890)
(-0.10020 0.04548 -0.00288)
(-0.13332 0.06267 -0.01894)
(-0.15148 0.07303 -0.03107)
(-0.21408 0.12410 -0.08601)
(-0.23706 0.12652 -0.10626)
(-0.26992 0.15722 -0.15702)
(-0.32245 0.21004 -0.23495)
(-0.35927 0.22387 -0.28346)
(-0.35027 0.23721 -0.27764)
(-0.37611 0.24220 -0.32650)
(-0.41764 0.28474 -0.43579)
(-0.41482 0.28252 -0.44943)
(-0.41429 0.28621 -0.45998)
(-0.39817 0.28382 -0.48177)
(-0.35832 0.25597 -0.52134)
(-0.35802 0.26464 -0.53223)
(-0.33855 0.26567 -0.55176)
(-0.30833 0.24433 -0.54335)
(-0.27878 0.22375 -0.53256)
(-0.26568 0.22230 -0.53053)
(-0.26879 0.22980 -0.53270)
(-0.26536 0.22941 -0.52896)
(-0.20258 0.19573 -0.45719)
(-0.18232 0.18539 -0.42173)
(-0.16789 0.17645 -0.40090)
(-0.15796 0.16958 -0.37679)
(-0.14074 0.13754 -0.31130)
(-0.09244 0.09919 -0.24859)
(-0.09331 0.06385 -0.20743)
(-0.04897 0.03306 -0.16730)
(-0.04334 0.00546 -0.12771)
(0.00723 -0.06933 -0.03510)
(0.00747 -0.07857 -0.02429)
(0.01559 -0.08616 -0.00782)
(0.01649 -0.09441 -0.00009)
(0.04012 -0.11714 0.09371)
(0.04074 -0.12966 0.11453)
(0.03622 -0.12301 0.13304)
(0.03730 -0.12345 0.13569)
(0.03645 -0.11743 0.15281)
(0.02942 -0.10819 0.16694)
(0.01891 -0.10932 0.17890)
(0.02102 -0.10639 0.17770)
(0.01261 -0.08751 0.19460)
(0.00202 -0.05574 0.13227)
(-0.00000 -0.00566 0.01424)
(-0.00013 -0.00570 0.01419)
(0.00611 -0.00266 0.00628)
(0.03024 -0.01332 0.03704)
(0.00330 -0.00122 0.04558)
(-0.00236 0.00082 0.04374)
(-0.01127 0.00440 0.04193)
(-0.02257 0.00943 0.04094)
(-0.09125 0.04430 0.00404)
(-0.12843 0.06796 -0.01902)
(-0.14968 0.07299 -0.02845)
(-0.20058 0.12126 -0.08122)
(-0.26317 0.16044 -0.15121)
(-0.33292 0.22509 -0.24925)
(-0.34231 0.23613 -0.26740)
(-0.35919 0.24758 -0.29363)
(-0.38043 0.26976 -0.34237)
(-0.41780 0.28999 -0.44538)
(-0.42027 0.29899 -0.44180)
(-0.41788 0.29389 -0.45614)
(-0.42197 0.31374 -0.48968)
(-0.40252 0.30963 -0.52340)
(-0.39482 0.29942 -0.52082)
(-0.38777 0.29285 -0.54575)
(-0.36724 0.29375 -0.56799)
(-0.36261 0.29050 -0.57313)
(-0.30799 0.24915 -0.55176)
(-0.28056 0.23673 -0.54359)
(-0.27756 0.23630 -0.54002)
(-0.26531 0.23065 -0.52675)
(-0.23962 0.21740 -0.48168)
(-0.18121 0.18399 -0.41434)
(-0.18133 0.17750 -0.39451)
(-0.16650 0.15533 -0.33967)
(-0.13182 0.12356 -0.29098)
(-0.10564 0.07094 -0.21855)
(-0.08799 0.05149 -0.19538)
(-0.08517 0.04104 -0.18630)
(-0.00058 -0.07112 -0.04043)
(-0.00051 -0.07931 -0.03145)
(0.00858 -0.08769 -0.01436)
(0.01002 -0.09821 -0.00435)
(0.02337 -0.12151 0.06334)
(0.03375 -0.14265 0.10524)
(0.02327 -0.13553 0.14025)
(0.02492 -0.13238 0.15324)
(0.02707 -0.12096 0.17166)
(0.01575 -0.11748 0.17891)
(0.01543 -0.11379 0.18022)
(0.00364 -0.08950 0.19947)
(0.00076 -0.06530 0.15360)
(-0.00018 -0.03524 0.08525)
(-0.00076 -0.06702 0.15767)
(-0.00039 -0.00931 0.02302)
(0.00153 -0.00068 0.00165)
(0.01170 -0.00518 0.01277)
(0.00759 -0.00348 0.00849)
(0.02772 -0.01242 0.03173)
(0.02317 -0.00935 0.05234)
(0.00782 -0.00360 0.04994)
(-0.00420 0.00143 0.04815)
(-0.01751 0.00831 0.04785)
(-0.01289 0.00529 0.04433)
(-0.06097 0.03014 0.03017)
(-0.07629 0.03941 0.01710)
(-0.11027 0.05810 0.00138)
(-0.15916 0.10000 -0.04692)
(-0.20152 0.12832 -0.08729)
(-0.22715 0.15025 -0.12517)
(-0.30311 0.20435 -0.20698)
(-0.33555 0.23658 -0.26158)
(-0.35245 0.24823 -0.28569)
(-0.37118 0.27370 -0.32057)
(-0.41300 0.33879 -0.41169)
(-0.42055 0.30272 -0.45141)
(-0.42929 0.34276 -0.48407)
(-0.42443 0.35240 -0.52276)
(-0.39941 0.31644 -0.54978)
(-0.38148 0.30537 -0.56999)
(-0.37157 0.29919 -0.57627)
(-0.34600 0.27885 -0.57486)
(-0.31862 0.26507 -0.56957)
(-0.28907 0.24278 -0.55180)
(-0.27571 0.23608 -0.53602)
(-0.27175 0.23424 -0.51455)
(-0.21877 0.20603 -0.44402)
(-0.22067 0.20054 -0.41773)
(-0.21006 0.18913 -0.38334)
(-0.15437 0.13438 -0.30480)
(-0.12868 0.08825 -0.24312)
(-0.09939 0.05689 -0.20433)
(-0.09456 0.04243 -0.19133)
(-0.04883 -0.03298 -0.10368)
(-0.01933 -0.07789 -0.05282)
(0.00108 -0.08926 -0.02076)
(-0.00002 -0.11450 0.00964)
(0.01169 -0.13329 0.05378)
(0.00682 -0.15085 0.07872)
(0.02324 -0.14814 0.11987)
(0.02414 -0.14071 0.14001)
(0.02458 -0.13715 0.14963)
(0.01251 -0.12967 0.17152)
(0.00475 -0.11015 0.19465)
(0.00201 -0.09219 0.20268)
(0.00017 -0.09083 0.20421)
(-0.00171 -0.08787 0.20420)
(-0.00201 -0.05858 0.13955)
(-0.00115 -0.00971 0.02495)
(0.00101 0.00775 -0.02023)
(0.00069 -0.00046 0.00092)
(0.00832 -0.00559 0.01141)
(0.03954 -0.02247 0.05533)
(0.02424 -0.01703 0.03601)
(0.03144 -0.02584 0.07256)
(0.01614 -0.01228 0.06181)
(0.00853 -0.00898 0.06131)
(-0.01785 0.00181 0.06105)
(-0.03423 0.01385 0.04937)
(-0.08499 0.04291 0.02896)
(-0.10408 0.05115 0.02725)
(-0.11539 0.06919 -0.00592)
(-0.16770 0.10485 -0.05896)
(-0.20953 0.15468 -0.11638)
(-0.25502 0.18887 -0.17053)
(-0.27154 0.21061 -0.20219)
(-0.32952 0.27859 -0.28425)
(-0.34563 0.24943 -0.28012)
(-0.37190 0.29714 -0.32971)
(-0.40240 0.34950 -0.39113)
(-0.41372 0.34936 -0.43062)
(-0.43167 0.37006 -0.48154)
(-0.43200 0.37838 -0.50548)
(-0.42421 0.34755 -0.54885)
(-0.41266 0.35573 -0.56618)
(-0.40807 0.35232 -0.59519)
(-0.37154 0.30374 -0.60177)
(-0.35398 0.29097 -0.59559)
(-0.34800 0.28941 -0.60301)
(-0.31247 0.25996 -0.57004)
(-0.29105 0.24415 -0.53153)
(-0.26680 0.23004 -0.49723)
(-0.24652 0.21125 -0.45140)
(-0.23936 0.20293 -0.42601)
(-0.19654 0.16279 -0.34892)
(-0.19112 0.13746 -0.31880)
(-0.11006 0.06287 -0.21208)
(-0.11184 0.03349 -0.18455)
(-0.08670 -0.01380 -0.14304)
(-0.08017 -0.05346 -0.10144)
(-0.04837 -0.09464 -0.03333)
(-0.03793 -0.10920 -0.01182)
(-0.01267 -0.15161 0.05150)
(0.00107 -0.15460 0.08082)
(0.01168 -0.15178 0.11479)
(0.00632 -0.15062 0.13953)
(0.01772 -0.14077 0.15779)
(-0.00251 -0.12938 0.19418)
(-0.00020 -0.12168 0.19425)
(-0.00505 -0.11989 0.21186)
(-0.00485 -0.10962 0.22130)
(-0.00603 -0.09073 0.19751)
(-0.00455 -0.05607 0.12351)
(-0.00165 -0.01594 0.03635)
(0.00096 0.00618 -0.01534)
(0.00472 -0.00408 0.00802)
(0.02449 -0.02208 0.04578)
(0.03066 -0.02602 0.06831)
(0.01165 -0.01683 0.06956)
(0.00341 -0.00722 0.06695)
(-0.00391 -0.00607 0.06711)
(-0.01591 0.00499 0.06043)
(-0.02988 0.01094 0.05190)
(-0.04580 0.02024 0.04562)
(-0.06469 0.03312 0.03113)
(-0.08354 0.04482 0.02482)
(-0.10471 0.06639 -0.00714)
(-0.13311 0.08982 -0.04103)
(-0.13269 0.10220 -0.05240)
(-0.15064 0.11795 -0.07256)
(-0.24607 0.18810 -0.16775)
(-0.16984 0.14421 -0.10565)
(-0.26034 0.21444 -0.20354)
(-0.28959 0.26400 -0.25034)
(-0.35537 0.31468 -0.32720)
(-0.38376 0.34786 -0.38250)
(-0.41506 0.36815 -0.41477)
(-0.42824 0.39987 -0.47109)
(-0.43161 0.43157 -0.51212)
(-0.42434 0.38037 -0.54316)
(-0.41870 0.37564 -0.55802)
(-0.41712 0.37204 -0.60581)
(-0.39996 0.34914 -0.60798)
(-0.38127 0.32396 -0.60825)
(-0.36510 0.30147 -0.61627)
(-0.33049 0.27388 -0.58459)
(-0.31496 0.26722 -0.56169)
(-0.28297 0.23866 -0.51831)
(-0.27616 0.22969 -0.48239)
(-0.26787 0.21325 -0.44439)
(-0.22311 0.18177 -0.36910)
(-0.20564 0.14200 -0.32603)
(-0.17810 0.09482 -0.26468)
(-0.16330 0.05637 -0.22796)
(-0.12045 -0.00122 -0.16465)
(-0.09260 -0.04626 -0.11843)
(-0.09265 -0.08164 -0.05808)
(-0.05548 -0.11560 -0.00810)
(-0.07050 -0.12059 0.01081)
(-0.02917 -0.14146 0.07421)
(-0.00654 -0.15259 0.11467)
(-0.03037 -0.15348 0.14414)
(-0.02762 -0.15239 0.15388)
(-0.01924 -0.14449 0.16629)
(-0.02844 -0.14903 0.16484)
(-0.01314 -0.13293 0.18962)
(-0.00932 -0.11950 0.21556)
(-0.00995 -0.11762 0.21508)
(-0.01306 -0.10608 0.21353)
(-0.00492 -0.03277 0.07184)
(-0.00112 -0.00505 0.01216)
(0.00044 0.00194 -0.00471)
(0.00092 -0.00083 0.00151)
(0.01406 -0.01288 0.02416)
(0.03394 -0.03264 0.06468)
(0.03231 -0.02934 0.07079)
(0.01971 -0.02025 0.06848)
(0.01311 -0.01877 0.07141)
(0.00419 -0.01018 0.07056)
(-0.01515 0.00530 0.05585)
(-0.02436 0.01172 0.05142)
(-0.02497 0.01398 0.04773)
(-0.08764 0.06110 -0.00197)
(-0.12273 0.09745 -0.04850)
(-0.13921 0.11230 -0.06635)
(-0.14723 0.12398 -0.08057)
(-0.20620 0.19472 -0.16564)
(-0.24525 0.24903 -0.21383)
(-0.32514 0.30904 -0.29918)
(-0.34803 0.35806 -0.34740)
(-0.38890 0.37458 -0.39950)
(-0.35683 0.37885 -0.37694)
(-0.41183 0.41421 -0.46339)
(-0.43022 0.44157 -0.50851)
(-0.43298 0.43373 -0.52381)
(-0.42837 0.42423 -0.54154)
(-0.42025 0.39098 -0.58793)
(-0.41253 0.36744 -0.61013)
(-0.39964 0.34879 -0.61819)
(-0.38137 0.33926 -0.61660)
(-0.34529 0.29218 -0.59647)
(-0.33793 0.29182 -0.57896)
(-0.31320 0.26351 -0.54372)
(-0.28438 0.23294 -0.48933)
(-0.27359 0.21786 -0.45147)
(-0.26340 0.20612 -0.42831)
(-0.23923 0.17179 -0.37156)
(-0.19132 0.09786 -0.27585)
(-0.17962 0.06858 -0.24333)
(-0.17743 0.03586 -0.19141)
(-0.13058 -0.02882 -0.12363)
(-0.10739 -0.08475 -0.03478)
(-0.09556 -0.09761 -0.01587)
(-0.09374 -0.10303 -0.00078)
(-0.07050 -0.11629 0.04559)
(-0.04202 -0.14533 0.12716)
(-0.03299 -0.14873 0.15923)
(-0.02260 -0.14530 0.18439)
(-0.01983 -0.13340 0.19607)
(-0.02435 -0.13095 0.20126)
(-0.01414 -0.13007 0.21122)
(-0.01345 -0.12689 0.21984)
(-0.00968 -0.11380 0.19805)
(-0.00464 -0.03766 0.07601)
(-0.00024 -0.00273 0.00539)
(0.00068 -0.00048 0.00075)
(0.02002 -0.01416 0.02302)
(0.03924 -0.02536 0.05447)
(0.04387 -0.02724 0.06215)
(0.03784 -0.02671 0.06609)
(0.01303 -0.02022 0.06775)
(0.01161 -0.01556 0.06314)
(0.00745 -0.01639 0.06809)
(-0.00973 0.00252 0.05609)
(-0.01694 0.00817 0.05209)
(-0.01048 0.00554 0.05227)
(-0.01739 0.01079 0.04812)
(-0.02355 0.01570 0.04375)
(-0.08095 0.07689 -0.02789)
(-0.12763 0.10599 -0.05996)
(-0.13567 0.11742 -0.07324)
(-0.19389 0.19698 -0.15987)
(-0.21771 0.22987 -0.19121)
(-0.28948 0.30943 -0.27576)
(-0.31367 0.35670 -0.32106)
(-0.32561 0.37392 -0.33805)
(-0.39506 0.41340 -0.45000)
(-0.42774 0.45118 -0.50545)
(-0.43149 0.44418 -0.51951)
(-0.43308 0.44678 -0.52996)
(-0.42408 0.43281 -0.57301)
(-0.41755 0.38047 -0.60916)
(-0.40820 0.38413 -0.60809)
(-0.37235 0.33278 -0.61129)
(-0.33325 0.28862 -0.57017)
(-0.32031 0.27129 -0.53915)
(-0.26981 0.21117 -0.43683)
(-0.23092 0.13887 -0.31739)
(-0.21552 0.09720 -0.26126)
(-0.17549 0.01038 -0.15622)
(-0.10575 -0.09075 -0.01924)
(-0.09360 -0.10613 0.01240)
(-0.03908 -0.14746 0.15375)
(-0.03175 -0.13970 0.19443)
(-0.00430 -0.04676 0.08088)
(0.00365 -0.00263 0.00329)
(0.03000 -0.01981 0.03164)
(0.04803 -0.02781 0.05561)
(0.04748 -0.02925 0.04340)
(0.04891 -0.02695 0.05533)
(0.04536 -0.02669 0.05865)
(0.02795 -0.01846 0.06139)
(-0.00418 0.00039 0.05594)
(-0.00393 0.00377 0.05183)
(-0.01064 0.00860 0.04788)
(-0.01407 0.01457 0.03915)
(-0.03921 0.05524 -0.00331)
(-0.04301 0.06874 -0.02634)
(-0.09538 0.09951 -0.05221)
(-0.13542 0.16575 -0.11981)
(-0.16556 0.17901 -0.13356)
(-0.18675 0.21903 -0.17043)
(-0.26754 0.30453 -0.26231)
(-0.22253 0.27581 -0.22193)
(-0.30172 0.35065 -0.30959)
(-0.31477 0.36972 -0.32846)
(-0.35161 0.40340 -0.38727)
(-0.40155 0.45539 -0.46966)
(-0.42643 0.45848 -0.51201)
(-0.43062 0.45593 -0.52613)
(-0.42216 0.43051 -0.59019)
(-0.00604 0.00321 -0.00398)
(0.01757 -0.00915 0.01139)
(0.06111 -0.03030 0.04253)
(0.05684 -0.03200 0.05348)
(0.05050 -0.02829 0.05554)
(0.04377 -0.02428 0.06068)
(0.03391 -0.01935 0.06068)
(0.03187 -0.01409 0.05741)
(0.03619 -0.01598 0.05790)
(0.01848 -0.00190 0.05095)
(0.01212 0.00514 0.04106)
(0.00744 0.01830 0.02745)
(-0.01531 0.04528 -0.00305)
(-0.00962 0.04219 -0.00292)
(-0.07696 0.10775 -0.05926)
(-0.10871 0.14942 -0.10136)
(-0.16982 0.21524 -0.16228)
(-0.20015 0.26308 -0.20342)
(-0.28061 0.33884 -0.28842)
(-0.33934 0.41435 -0.37045)
(-0.37030 0.45800 -0.42262)
(-0.00606 0.00266 -0.00356)
(0.00429 -0.00187 0.00254)
(0.02927 -0.01197 0.01744)
(0.06050 -0.02895 0.04992)
(0.05962 -0.02828 0.05165)
(0.05942 -0.02360 0.05394)
(0.04729 -0.01629 0.05176)
(0.03470 -0.00146 0.04411)
(0.02647 0.00638 0.03795)
(0.01226 0.02379 0.01979)
(-0.00981 0.04354 -0.00055)
(-0.02092 0.05868 -0.01405)
(-0.05475 0.09645 -0.04654)
(-0.09304 0.15390 -0.09739)
(-0.13180 0.18417 -0.12797)
(-0.14564 0.21139 -0.14462)
(-0.22526 0.29727 -0.23222)
(0.00139 -0.00045 0.00071)
(0.03389 -0.01093 0.01981)
(0.04905 -0.02095 0.03701)
(0.06222 -0.02642 0.04828)
(0.06088 -0.02583 0.05046)
(0.06177 -0.02398 0.04960)
(0.05721 -0.01118 0.04281)
(0.05209 -0.00368 0.04032)
(0.04434 -0.00024 0.03782)
(0.04476 0.00819 0.02817)
(0.03030 0.02707 0.01265)
(0.02130 0.03806 0.00296)
(0.01090 0.03995 0.00496)
(0.01637 0.05204 -0.01045)
(-0.00652 0.06637 -0.02385)
(-0.05508 0.11122 -0.06215)
(0.00384 -0.00086 0.00158)
(0.04802 -0.01508 0.02989)
(0.06340 -0.02429 0.04730)
(0.06586 -0.00814 0.03181)
(0.06048 -0.01400 0.04037)
(0.05625 -0.00534 0.03400)
(0.05420 0.00337 0.03246)
(0.04582 0.00870 0.02749)
(0.03047 0.03797 0.00193)
(0.02103 0.04880 -0.00728)
(-0.00078 0.00007 -0.00025)
(0.02023 -0.00130 0.00641)
(0.05280 -0.00181 0.01874)
(-0.40019 0.37989 -0.61996)
(-0.34269 0.29907 -0.58387)
(-0.27879 0.22310 -0.45900)
(-0.26641 0.19610 -0.40116)
(-0.19820 0.05041 -0.20126)
(-0.13072 -0.05842 -0.06245)
(-0.10371 -0.09633 -0.00330)
(-0.07117 -0.12541 0.09092)
(-0.04526 -0.14710 0.15610)
(-0.02991 -0.13632 0.19848)
(-0.02437 -0.13076 0.20237)
(-0.01199 -0.11587 0.19785)
(-0.01155 -0.11390 0.19507)
(-0.01096 -0.11162 0.19196)
(-0.00093 -0.01054 0.01825)
(-0.42943 0.46199 -0.56047)
(-0.41450 0.41875 -0.60674)
(-0.40137 0.39692 -0.61325)
(-0.38692 0.36339 -0.61605)
(-0.35138 0.31133 -0.59998)
(-0.33719 0.29516 -0.57443)
(-0.32470 0.28036 -0.53952)
(-0.31172 0.27119 -0.50739)
(-0.27556 0.21692 -0.44561)
(-0.28929 0.21984 -0.42043)
(-0.24005 0.14550 -0.32588)
(-0.22651 0.09972 -0.26145)
(-0.20646 0.05920 -0.20880)
(-0.19486 0.03888 -0.18660)
(-0.17460 -0.01282 -0.11094)
(-0.11618 -0.08346 -0.02296)
(-0.11337 -0.08965 -0.00587)
(-0.10431 -0.10461 0.02668)
(-0.09679 -0.12280 0.09392)
(-0.06008 -0.14195 0.13882)
(-0.06053 -0.14119 0.15583)
(-0.04674 -0.13882 0.17975)
(-0.03866 -0.13659 0.18714)
(-0.02431 -0.12473 0.19720)
(-0.01255 -0.11782 0.19329)
(-0.01099 -0.11440 0.18812)
(-0.00361 -0.04389 0.07213)
(-0.00032 -0.00439 0.00719)
(-0.38828 0.49064 -0.46119)
(-0.41965 0.49035 -0.52060)
(-0.42314 0.48985 -0.53271)
(-0.43272 0.47484 -0.58517)
(-0.42161 0.45555 -0.58970)
(-0.40790 0.42088 -0.60406)
(-0.38859 0.37806 -0.61687)
(-0.37128 0.35817 -0.60475)
(-0.34080 0.30335 -0.57861)
(-0.35301 0.33132 -0.59334)
(-0.32984 0.29518 -0.55608)
(-0.31716 0.28124 -0.51209)
(-0.29907 0.24289 -0.45716)
(-0.29397 0.22652 -0.42923)
(-0.27138 0.17966 -0.35657)
(-0.25198 0.13020 -0.29098)
(-0.24496 0.10813 -0.25381)
(-0.20211 0.03825 -0.17917)
(-0.19307 0.00472 -0.12638)
(-0.15651 -0.04311 -0.05936)
(-0.14714 -0.06611 -0.01165)
(-0.12516 -0.09658 0.03703)
(-0.11560 -0.11314 0.10182)
(-0.10200 -0.12112 0.10640)
(-0.06812 -0.13481 0.15460)
(-0.04940 -0.13779 0.17632)
(-0.06219 -0.14031 0.16786)
(-0.04238 -0.13899 0.18675)
(-0.03344 -0.13413 0.18579)
(-0.03571 -0.13814 0.17811)
(-0.01408 -0.12311 0.19300)
(-0.01115 -0.11559 0.18105)
(-0.00359 -0.05874 0.08913)
(-0.00068 -0.01370 0.01995)
(0.00022 0.00529 -0.00765)
(-0.26997 0.35810 -0.29112)
(-0.32816 0.41905 -0.36336)
(-0.35243 0.45098 -0.40301)
(-0.38609 0.48923 -0.45615)
(-0.41195 0.50155 -0.50459)
(-0.40976 0.50759 -0.52073)
(-0.42477 0.47885 -0.56679)
(-0.41443 0.46794 -0.56884)
(-0.40430 0.43871 -0.59683)
(-0.39703 0.42039 -0.60237)
(-0.37875 0.39014 -0.59794)
(-0.36531 0.36300 -0.59171)
(-0.35289 0.33666 -0.56911)
(-0.34534 0.32651 -0.55312)
(-0.31748 0.27981 -0.50650)
(-0.31548 0.26052 -0.44644)
(-0.31145 0.24150 -0.41422)
(-0.28102 0.18494 -0.35187)
(-0.27254 0.16122 -0.31721)
(-0.24734 0.09291 -0.23375)
(-0.22713 0.05962 -0.19788)
(-0.20858 0.02208 -0.13810)
(-0.18538 -0.02076 -0.08081)
(-0.16047 -0.06011 -0.01981)
(-0.13914 -0.08091 0.01546)
(-0.15062 -0.08141 0.02438)
(-0.12496 -0.10096 0.06578)
(-0.10535 -0.12129 0.11185)
(-0.08195 -0.13689 0.13628)
(-0.07604 -0.14259 0.14691)
(-0.05418 -0.14565 0.17296)
(-0.02697 -0.13966 0.18140)
(-0.04059 -0.14475 0.16550)
(-0.01702 -0.13971 0.17591)
(-0.01176 -0.12115 0.15447)
(-0.00082 -0.01470 0.01784)
(0.00050 0.01223 -0.01522)
(-0.01164 -0.10048 0.11658)
(-0.08849 0.15204 -0.09483)
(-0.10548 0.16988 -0.10981)
(-0.11572 0.18385 -0.11997)
(-0.19895 0.27599 -0.20926)
(-0.26107 0.35049 -0.28059)
(-0.28580 0.38531 -0.30054)
(-0.29663 0.38772 -0.32451)
(-0.32658 0.43169 -0.36431)
(-0.35804 0.46970 -0.41061)
(-0.38636 0.49360 -0.46674)
(-0.40464 0.50928 -0.50642)
(-0.41013 0.50603 -0.52240)
(-0.40781 0.47460 -0.56025)
(-0.39848 0.42910 -0.59854)
(-0.39243 0.42004 -0.60013)
(-0.38015 0.39472 -0.59091)
(-0.35865 0.34516 -0.58721)
(-0.36657 0.36423 -0.56434)
(-0.33415 0.30803 -0.52362)
(-0.36936 0.37089 -0.55523)
(-0.31887 0.26147 -0.44079)
(-0.31713 0.25334 -0.42503)
(-0.30812 0.23158 -0.39882)
(-0.26822 0.13502 -0.27408)
(-0.24136 0.07835 -0.21335)
(-0.24586 0.08825 -0.22491)
(-0.22728 0.04854 -0.17111)
(-0.19619 -0.00974 -0.08047)
(-0.20139 0.00505 -0.10059)
(-0.17517 -0.04310 -0.03262)
(-0.16139 -0.06539 0.00135)
(-0.15097 -0.08305 0.03169)
(-0.10693 -0.11666 0.09611)
(-0.08442 -0.13930 0.13752)
(-0.07801 -0.14293 0.14233)
(-0.07012 -0.14607 0.15047)
(-0.04352 -0.14720 0.14774)
(-0.03400 -0.14713 0.15363)
(-0.02683 -0.14562 0.15468)
(-0.01114 -0.08060 0.08949)
(-0.00103 -0.00987 0.01107)
(-0.00897 -0.04739 0.04895)
(-0.00164 -0.00903 0.00935)
(0.01656 0.05440 -0.01245)
(0.01241 0.05744 -0.01513)
(-0.02192 0.09178 -0.04406)
(-0.08436 0.15044 -0.09270)
(-0.09893 0.16578 -0.10536)
(-0.09243 0.16172 -0.10119)
(-0.10943 0.17963 -0.11557)
(-0.19242 0.28180 -0.21115)
(-0.14556 0.22938 -0.14724)
(-0.21360 0.31457 -0.22468)
(-0.25451 0.36065 -0.26385)
(-0.31805 0.44150 -0.34271)
(-0.32091 0.45112 -0.34888)
(-0.36111 0.47470 -0.42867)
(-0.40253 0.51047 -0.49916)
(-0.40674 0.50761 -0.51302)
(-0.40790 0.50611 -0.51904)
(-0.40532 0.49252 -0.53597)
(-0.39986 0.43652 -0.59521)
(-0.39450 0.42741 -0.59722)
(-0.39525 0.42247 -0.60396)
(-0.37392 0.37380 -0.59178)
(-0.37556 0.38420 -0.56676)
(-0.37548 0.38071 -0.56043)
(-0.32851 0.28771 -0.46997)
(-0.32317 0.26540 -0.43535)
(-0.31299 0.24167 -0.40796)
(-0.31894 0.25366 -0.41853)
(-0.29030 0.17957 -0.31635)
(-0.26973 0.16101 -0.28671)
(-0.23121 0.08146 -0.19895)
(-0.22224 0.05304 -0.16210)
(-0.16906 -0.05441 -0.01667)
(-0.16253 -0.06352 -0.00394)
(-0.15577 -0.07423 0.01281)
(-0.12060 -0.10533 0.06571)
(-0.08595 -0.13997 0.13351)
(-0.07975 -0.14326 0.13833)
(-0.07170 -0.14629 0.14676)
(-0.06779 -0.14950 0.14368)
(-0.04547 -0.14679 0.14250)
(-0.02922 -0.13550 0.13621)
(-0.00970 -0.04199 0.04032)
(0.00176 0.00880 -0.00852)
(-0.00069 -0.00308 0.00297)
(0.06589 0.00057 0.02212)
(0.06431 0.01166 0.01796)
(0.05851 0.00655 0.02526)
(0.05310 0.01882 0.01858)
(0.04431 0.02727 0.00360)
(0.04889 0.02902 0.00856)
(0.03530 0.03648 0.00227)
(0.02118 0.05070 -0.00904)
(0.02093 0.05332 -0.01164)
(0.01653 0.05697 -0.01482)
(0.01210 0.06045 -0.01766)
(-0.01435 0.09313 -0.04373)
(-0.06076 0.13673 -0.07972)
(-0.09595 0.16775 -0.10726)
(-0.13431 0.22652 -0.13849)
(-0.19449 0.30002 -0.20065)
(-0.25317 0.36137 -0.25929)
(-0.30043 0.42814 -0.31993)
(-0.31446 0.44435 -0.33707)
(-0.34333 0.46629 -0.38945)
(-0.36765 0.48800 -0.42820)
(-0.40425 0.50901 -0.50450)
(-0.40562 0.50730 -0.51153)
(-0.40473 0.50369 -0.53115)
(-0.40214 0.46435 -0.56974)
(-0.40150 0.45211 -0.58794)
(-0.39999 0.44381 -0.59387)
(-0.38039 0.40249 -0.58624)
(-0.38039 0.39258 -0.57230)
(-0.38179 0.39062 -0.56596)
(-0.36221 0.34808 -0.52100)
(-0.34788 0.30988 -0.47067)
(-0.34432 0.30231 -0.44728)
(-0.30656 0.23426 -0.38145)
(-0.29370 0.19904 -0.31465)
(-0.27440 0.17106 -0.27673)
(-0.24492 0.11475 -0.22932)
(-0.22958 0.08405 -0.18846)
(-0.21704 0.05381 -0.13150)
(-0.18584 -0.02300 -0.05773)
(-0.16660 -0.05676 -0.01549)
(-0.16025 -0.06698 -0.00250)
(-0.15644 -0.07368 0.00865)
(-0.13641 -0.09815 0.04041)
(-0.09462 -0.13926 0.11793)
(-0.10021 -0.12053 0.07606)
(-0.08357 -0.14306 0.11164)
(-0.06328 -0.14971 0.11415)
(-0.05417 -0.15058 0.13646)
(-0.04118 -0.14788 0.13977)
(-0.03964 -0.13800 0.13186)
(-0.02529 -0.10604 0.09948)
(-0.00586 -0.02321 0.02220)
(0.00418 0.00001 0.00119)
(0.01095 0.00024 0.00312)
(0.05879 0.00783 0.01335)
(0.05540 0.01140 0.01449)
(0.02935 0.02214 -0.00187)
(0.03963 0.02445 0.00086)
(0.01925 0.03959 -0.01497)
(0.01317 0.04163 -0.01584)
(0.00260 0.05454 -0.02765)
(0.00501 0.05269 -0.02469)
(-0.00603 0.07007 -0.03449)
(-0.04838 0.10104 -0.06861)
(-0.03642 0.10435 -0.06319)
(-0.06067 0.13362 -0.07847)
(-0.07044 0.15145 -0.09224)
(-0.15833 0.23460 -0.15556)
(-0.17732 0.25505 -0.17046)
(-0.20328 0.30345 -0.20581)
(-0.25790 0.36800 -0.25475)
(-0.29607 0.41522 -0.30326)
(-0.32985 0.45199 -0.33508)
(-0.35100 0.48808 -0.38062)
(-0.37197 0.50396 -0.42044)
(-0.39909 0.51981 -0.48211)
(-0.40184 0.52644 -0.49237)
(-0.40085 0.52630 -0.50304)
(-0.40490 0.49742 -0.55346)
(-0.40382 0.48759 -0.56080)
(-0.40279 0.48104 -0.57450)
(-0.39460 0.44072 -0.58443)
(-0.40067 0.44582 -0.57795)
(-0.40246 0.43865 -0.57703)
(-0.39265 0.40218 -0.55239)
(-0.37934 0.38206 -0.52299)
(-0.37749 0.37064 -0.49852)
(-0.32913 0.28697 -0.41189)
(-0.30172 0.22382 -0.33819)
(-0.28274 0.20275 -0.30200)
(-0.26214 0.15293 -0.23127)
(-0.22100 0.09505 -0.16784)
(-0.20015 0.04854 -0.11538)
(-0.16474 -0.02895 -0.04036)
(-0.12852 -0.09004 0.02480)
(-0.13813 -0.04869 -0.01896)
(-0.12026 -0.12478 0.05604)
(-0.09826 -0.11646 0.05427)
(-0.07623 -0.13197 0.09273)
(-0.06369 -0.13645 0.09882)
(-0.04793 -0.14858 0.12227)
(-0.04791 -0.13806 0.10659)
(-0.02215 -0.09925 0.08084)
(-0.01106 -0.04996 0.04040)
(-0.00414 -0.01881 0.01517)
(0.00201 0.00037 0.00057)
(0.03310 0.01588 0.00147)
(0.02817 0.02323 -0.00510)
(-0.00781 0.03839 -0.02732)
(-0.00877 0.03945 -0.02810)
(-0.01084 0.04135 -0.02968)
(0.00551 0.04895 -0.02627)
(-0.02089 0.04911 -0.03855)
(-0.01392 0.06537 -0.04378)
(-0.01724 0.07124 -0.04659)
(-0.05077 0.08974 -0.06887)
(-0.07770 0.10951 -0.09039)
(-0.08042 0.13178 -0.09093)
(-0.06771 0.14365 -0.08733)
(-0.11335 0.17873 -0.11971)
(-0.15000 0.22659 -0.14874)
(-0.24028 0.30343 -0.21319)
(-0.24823 0.33435 -0.23119)
(-0.28342 0.39435 -0.27937)
(-0.35040 0.47581 -0.35042)
(-0.35761 0.49465 -0.37268)
(-0.36970 0.50436 -0.39700)
(-0.38722 0.52570 -0.43926)
(-0.38639 0.52993 -0.42318)
(-0.39534 0.53565 -0.46989)
(-0.39935 0.53626 -0.49303)
(-0.40456 0.50130 -0.54781)
(-0.40882 0.50622 -0.55136)
(-0.41292 0.51392 -0.56073)
(-0.40531 0.48295 -0.57619)
(-0.41496 0.51291 -0.56350)
(-0.40686 0.45690 -0.57778)
(-0.41919 0.46721 -0.57076)
(-0.42118 0.45805 -0.56178)
(-0.41628 0.43994 -0.55997)
(-0.39898 0.41417 -0.53185)
(-0.39251 0.39946 -0.51890)
(-0.36453 0.38325 -0.46699)
(-0.34996 0.32769 -0.43768)
(-0.32866 0.30805 -0.39409)
(-0.30329 0.26601 -0.34928)
(-0.27101 0.19591 -0.26103)
(-0.28586 0.23614 -0.29410)
(-0.24963 0.18988 -0.23380)
(-0.22154 0.14567 -0.19798)
(-0.17898 0.03846 -0.09388)
(-0.12878 -0.02665 -0.05139)
(-0.11613 -0.08754 0.02789)
(-0.11226 -0.04331 -0.03193)
(-0.09207 -0.10359 0.03487)
(-0.04806 -0.10715 0.03810)
(-0.06208 -0.12024 0.06251)
(-0.03958 -0.11411 0.05169)
(-0.04156 -0.14139 0.09559)
(-0.03994 -0.13258 0.09125)
(-0.03744 -0.11400 0.05160)
(-0.03108 -0.10499 0.07171)
(-0.00360 -0.02405 0.01724)
(0.00034 0.00022 0.00005)
(0.01256 0.01647 -0.00679)
(-0.01521 0.03194 -0.02577)
(-0.01962 0.04416 -0.03499)
(-0.02079 0.04678 -0.03702)
(-0.03113 0.04970 -0.04289)
(-0.03244 0.05244 -0.04529)
(-0.04357 0.07532 -0.06011)
(-0.08094 0.11407 -0.09731)
(-0.11765 0.12804 -0.11055)
(-0.10515 0.14752 -0.11289)
(-0.15968 0.19033 -0.15090)
(-0.16986 0.20360 -0.15504)
(-0.19104 0.25048 -0.17548)
(-0.27614 0.33106 -0.24236)
(-0.27949 0.34301 -0.24693)
(-0.29571 0.36027 -0.25969)
(-0.29214 0.40018 -0.28531)
(-0.35669 0.47983 -0.35208)
(-0.36116 0.48932 -0.36365)
(-0.36815 0.50522 -0.38047)
(-0.39260 0.53645 -0.42698)
(-0.38972 0.54332 -0.44105)
(-0.40191 0.55143 -0.48084)
(-0.40368 0.54030 -0.50878)
(-0.39739 0.53064 -0.51560)
(-0.41434 0.52330 -0.55584)
(-0.41634 0.52291 -0.55781)
(-0.41881 0.51332 -0.56691)
(-0.42824 0.50113 -0.56617)
(-0.41931 0.47331 -0.56896)
(-0.41377 0.44825 -0.55431)
(-0.39840 0.43241 -0.51983)
(-0.38304 0.41832 -0.48219)
(-0.34706 0.37892 -0.43306)
(-0.33717 0.36883 -0.41864)
(-0.29544 0.28870 -0.34825)
(-0.25412 0.21169 -0.24953)
(-0.24397 0.19743 -0.23276)
(-0.17286 0.06204 -0.12896)
(-0.18686 0.11634 -0.16933)
(-0.15308 0.02690 -0.08358)
(-0.08931 0.00230 -0.07712)
(-0.08737 -0.05736 -0.01452)
(-0.08032 -0.00738 -0.06819)
(-0.05678 -0.09238 0.01815)
(-0.03649 -0.10081 0.02946)
(-0.03522 -0.10772 0.04005)
(-0.02935 -0.11697 0.06231)
(-0.02535 -0.09205 0.05455)
(-0.02819 -0.10118 0.03727)
(-0.00499 -0.03131 0.01816)
(-0.00095 -0.00629 0.00362)
(-0.00017 -0.00035 0.00002)
(-0.00631 0.01526 -0.01122)
(-0.02133 0.02442 -0.02225)
(-0.03205 0.04763 -0.04170)
(-0.04566 0.05433 -0.05124)
(-0.10332 0.10428 -0.09433)
(-0.11629 0.12115 -0.10804)
(-0.14852 0.13519 -0.12715)
(-0.21032 0.21333 -0.17931)
(-0.23071 0.22679 -0.19141)
(-0.23010 0.23225 -0.19259)
(-0.23160 0.25974 -0.20326)
(-0.29766 0.34138 -0.25577)
(-0.29590 0.35042 -0.25738)
(-0.31177 0.36738 -0.27062)
(-0.35230 0.44574 -0.32282)
(-0.36602 0.49137 -0.36406)
(-0.38898 0.51032 -0.38715)
(-0.40523 0.54517 -0.41347)
(-0.39571 0.54684 -0.43933)
(-0.40784 0.56083 -0.46862)
(-0.40488 0.55452 -0.49113)
(-0.40618 0.55495 -0.49780)
(-0.41712 0.55292 -0.52587)
(-0.41659 0.53201 -0.55194)
(-0.41912 0.52289 -0.56044)
(-0.42464 0.52432 -0.56053)
(-0.42324 0.51516 -0.56244)
(-0.40360 0.47914 -0.55566)
(-0.41985 0.51821 -0.55375)
(-0.41068 0.49867 -0.54855)
(-0.39917 0.46866 -0.50622)
(-0.35732 0.41453 -0.45176)
(-0.35331 0.39879 -0.44447)
(-0.34272 0.38919 -0.43036)
(-0.33162 0.38091 -0.41753)
(-0.27117 0.30907 -0.33722)
(-0.25753 0.23227 -0.26285)
(-0.24780 0.22119 -0.24841)
(-0.19967 0.18829 -0.21761)
(-0.15843 0.10348 -0.14838)
(-0.15705 0.12498 -0.15960)
(-0.08820 0.02129 -0.08985)
(-0.07795 0.00961 -0.08080)
(-0.06569 -0.03239 -0.03929)
(-0.06786 0.00037 -0.07468)
(-0.03280 -0.09264 0.01940)
(-0.03153 -0.10059 0.02890)
(-0.02687 -0.09185 0.01763)
(-0.01995 -0.08703 0.02415)
(-0.01323 -0.05691 0.02202)
(-0.00073 -0.01127 0.00428)
(0.00005 0.00661 -0.00242)
(0.00269 -0.00288 0.00201)
(-0.00243 0.00158 -0.00148)
(-0.02947 0.02193 -0.02058)
(-0.07082 0.06390 -0.06420)
(-0.12959 0.09605 -0.09654)
(-0.11282 0.09869 -0.09517)
(-0.19315 0.14699 -0.14156)
(-0.17344 0.14176 -0.14258)
(-0.20781 0.17286 -0.16523)
(-0.22895 0.21828 -0.18804)
(-0.24756 0.23220 -0.19878)
(-0.25083 0.24107 -0.20340)
(-0.29881 0.27240 -0.23073)
(-0.28904 0.28849 -0.23592)
(-0.33518 0.32329 -0.26518)
(-0.31449 0.35749 -0.26828)
(-0.32863 0.37308 -0.28064)
(-0.35522 0.40960 -0.30638)
(-0.38753 0.46509 -0.34852)
(-0.38792 0.49843 -0.36855)
(-0.44090 0.50906 -0.39755)
(-0.40819 0.53232 -0.39916)
(-0.41066 0.53952 -0.41531)
(-0.40637 0.55262 -0.42861)
(-0.43039 0.57041 -0.45856)
(-0.40650 0.55986 -0.48686)
(-0.40753 0.55982 -0.49335)
(-0.41205 0.56424 -0.50949)
(-0.42243 0.55283 -0.53359)
(-0.41867 0.53142 -0.55412)
(-0.42218 0.55500 -0.53745)
(-0.41739 0.53900 -0.55365)
(-0.42383 0.54214 -0.55477)
(-0.41445 0.53055 -0.54836)
(-0.41008 0.50735 -0.54830)
(-0.40621 0.50476 -0.54308)
(-0.38052 0.48816 -0.49442)
(-0.34460 0.44319 -0.46192)
(-0.34616 0.40540 -0.43941)
(-0.33328 0.39497 -0.42469)
(-0.27307 0.36176 -0.36369)
(-0.24899 0.29858 -0.29868)
(-0.21016 0.25379 -0.24604)
(-0.16163 0.19751 -0.21090)
(-0.10251 0.08623 -0.12859)
(-0.10493 0.15158 -0.16393)
(-0.07738 0.02714 -0.09192)
(-0.06606 0.01383 -0.08392)
(-0.02416 0.00554 -0.05634)
(-0.03591 -0.03307 -0.02966)
(-0.01248 -0.04211 -0.02232)
(-0.01907 -0.09204 0.01653)
(-0.00047 -0.03612 0.00849)
(0.00712 -0.02924 -0.00109)
(0.00011 -0.00086 0.00020)
(0.01082 -0.00693 0.00651)
(-0.07359 0.04963 -0.04576)
(-0.11844 0.08066 -0.07880)
(0.01184 -0.00621 0.00691)
(-0.01658 0.00923 -0.00967)
(-0.16483 0.11047 -0.09768)
(-0.17462 0.11877 -0.10779)
(-0.18049 0.12753 -0.12025)
(-0.24083 0.15726 -0.13531)
(-0.23515 0.17059 -0.16357)
(-0.26083 0.19740 -0.18426)
(-0.26000 0.21376 -0.19022)
(-0.29218 0.22051 -0.19065)
(-0.29023 0.23381 -0.19686)
(-0.26652 0.24698 -0.20972)
(-0.37722 0.31566 -0.25772)
(-0.37689 0.34484 -0.28025)
(-0.37416 0.37199 -0.28655)
(-0.44183 0.39968 -0.31923)
(-0.43526 0.43146 -0.33357)
(-0.44016 0.45208 -0.34840)
(-0.43638 0.48903 -0.37613)
(-0.45157 0.50905 -0.40057)
(-0.44340 0.51742 -0.40533)
(-0.46272 0.53944 -0.42957)
(-0.42639 0.55086 -0.42782)
(-0.44437 0.56470 -0.46372)
(-0.40874 0.56804 -0.47835)
(-0.41965 0.55882 -0.49208)
(-0.41552 0.56454 -0.50530)
(-0.41846 0.57051 -0.51366)
(-0.41856 0.56899 -0.51854)
(-0.41469 0.55105 -0.54134)
(-0.41774 0.54656 -0.54430)
(-0.40373 0.53966 -0.54433)
(-0.39860 0.53180 -0.54741)
(-0.40827 0.52020 -0.54640)
(-0.39989 0.50669 -0.54246)
(-0.36019 0.48833 -0.50219)
(-0.34990 0.47666 -0.48568)
(-0.30909 0.45176 -0.44324)
(-0.32649 0.43425 -0.44047)
(-0.28485 0.39865 -0.39065)
(-0.23444 0.36327 -0.33749)
(-0.21546 0.33429 -0.31144)
(-0.19980 0.27617 -0.26791)
(-0.15506 0.22993 -0.21672)
(-0.16031 0.25485 -0.23811)
(-0.11103 0.17956 -0.17332)
(-0.08110 0.08078 -0.11461)
(-0.08894 0.15498 -0.15920)
(-0.05382 0.11106 -0.12181)
(-0.06640 0.02881 -0.09315)
(-0.03297 0.02352 -0.07920)
(-0.00126 -0.00124 -0.05878)
(0.02465 -0.01472 -0.05740)
(0.01502 -0.02916 -0.03839)
(0.00986 -0.02289 -0.00564)
(-0.00082 0.00258 0.00006)
(0.00120 -0.00263 -0.00048)
(-0.01192 0.00716 -0.00616)
(-0.10056 0.06177 -0.05570)
(-0.16714 0.10118 -0.08301)
(-0.25323 0.15429 -0.12889)
(-0.27350 0.16922 -0.13948)
(-0.28056 0.20768 -0.18085)
(-0.33555 0.23097 -0.19652)
(-0.37630 0.28142 -0.23181)
(-0.42688 0.31677 -0.25678)
(-0.43400 0.36744 -0.29210)
(-0.45606 0.39222 -0.30632)
(-0.45656 0.41940 -0.33374)
(-0.49521 0.45934 -0.36847)
(-0.47883 0.48765 -0.37648)
(-0.50342 0.50823 -0.40839)
(-0.46664 0.51782 -0.41635)
(-0.50000 0.54642 -0.45711)
(-0.49391 0.55196 -0.46067)
(-0.49527 0.55255 -0.46477)
(-0.44480 0.56540 -0.46826)
(-0.47647 0.55542 -0.47270)
(-0.44443 0.57253 -0.48923)
(-0.42643 0.56205 -0.50082)
(-0.42898 0.56317 -0.50973)
(-0.42472 0.55538 -0.51576)
(-0.40767 0.55425 -0.51884)
(-0.40679 0.55889 -0.52834)
(-0.40348 0.54645 -0.54052)
(-0.40613 0.54450 -0.53981)
(-0.38644 0.54264 -0.52912)
(-0.36572 0.52069 -0.52398)
(-0.37276 0.51689 -0.53070)
(-0.36163 0.50808 -0.51779)
(-0.33266 0.48779 -0.48945)
(-0.30683 0.46636 -0.46389)
(-0.27794 0.43035 -0.40747)
(-0.28033 0.41176 -0.40508)
(-0.23666 0.37176 -0.35128)
(-0.21935 0.34812 -0.32141)
(-0.15505 0.28808 -0.25678)
(-0.12176 0.27069 -0.22287)
(-0.12709 0.23634 -0.20328)
(-0.09016 0.16539 -0.16425)
(-0.05884 0.14914 -0.14541)
(-0.03339 0.12634 -0.10947)
(0.00677 0.01811 -0.07152)
(-0.01299 0.06790 -0.08134)
(0.02670 -0.00159 -0.06523)
(0.02866 -0.00231 -0.06317)
(0.02231 -0.00691 -0.04020)
(0.01280 -0.00956 -0.01185)
(-0.00122 0.00038 0.00067)
(-0.00289 0.00614 0.00099)
(-0.01919 0.01152 -0.00932)
(-0.08635 0.05205 -0.04237)
(-0.12236 0.07474 -0.05904)
(-0.26374 0.16222 -0.13005)
(-0.28505 0.17837 -0.14053)
(-0.31776 0.21200 -0.17253)
(-0.28062 0.17516 -0.13660)
(-0.37155 0.25952 -0.19947)
(-0.38853 0.27830 -0.22368)
(-0.42471 0.31071 -0.24848)
(-0.42857 0.31556 -0.24459)
(-0.43580 0.32279 -0.25439)
(-0.45549 0.35772 -0.28421)
(-0.48015 0.40038 -0.31129)
(-0.48879 0.42732 -0.34378)
(-0.51833 0.47686 -0.38171)
(-0.51548 0.48503 -0.39085)
(-0.51870 0.49008 -0.39692)
(-0.50359 0.51630 -0.41847)
(-0.50895 0.54373 -0.45930)
(-0.50275 0.54763 -0.46128)
(-0.50434 0.54744 -0.46536)
(-0.50213 0.54860 -0.46963)
(-0.45654 0.56012 -0.48744)
(-0.45046 0.56019 -0.49579)
(-0.42718 0.54646 -0.50100)
(-0.42502 0.54131 -0.50678)
(-0.42261 0.54000 -0.51611)
(-0.39466 0.54025 -0.52722)
(-0.39095 0.53861 -0.52923)
(-0.38702 0.53800 -0.53101)
(-0.36369 0.52521 -0.52498)
(-0.35851 0.51487 -0.52112)
(-0.33839 0.50061 -0.49958)
(-0.29384 0.45806 -0.45720)
(-0.27422 0.44312 -0.43257)
(-0.21010 0.38532 -0.36862)
(-0.23241 0.39376 -0.36651)
(-0.19997 0.37356 -0.35406)
(-0.19104 0.35534 -0.33130)
(-0.16121 0.31353 -0.27354)
(-0.12404 0.27755 -0.22939)
(-0.11348 0.26631 -0.21679)
(-0.11027 0.25783 -0.20973)
(-0.10290 0.25514 -0.20501)
(-0.08042 0.21522 -0.17925)
(-0.03902 0.15062 -0.12984)
(-0.01278 0.14215 -0.12482)
(-0.01398 0.10955 -0.10032)
(-0.00317 0.08037 -0.08389)
(0.02279 0.04929 -0.06403)
(0.02652 0.03135 -0.04878)
(0.02346 0.00542 -0.02765)
(0.00537 0.00039 -0.00407)
(-0.00414 0.00079 0.00157)
(-0.03216 0.01954 -0.01533)
(-0.02971 0.01827 -0.01393)
(-0.18708 0.11599 -0.08913)
(-0.29177 0.18454 -0.13742)
(-0.36745 0.25584 -0.19425)
(-0.37741 0.27557 -0.20243)
(-0.38018 0.27853 -0.20787)
(-0.43594 0.33343 -0.25049)
(-0.46323 0.37453 -0.28523)
(-0.46996 0.38694 -0.28645)
(-0.50150 0.43151 -0.33081)
(-0.51548 0.46265 -0.36256)
(-0.52106 0.48264 -0.38795)
(-0.52294 0.48627 -0.39423)
(-0.52174 0.49291 -0.40253)
(-0.52276 0.50846 -0.42899)
(-0.51110 0.54276 -0.46264)
(-0.51255 0.54121 -0.46629)
(-0.50593 0.53043 -0.46791)
(-0.46930 0.53292 -0.47828)
(-0.45664 0.53407 -0.48548)
(-0.43349 0.51435 -0.49261)
(-0.42810 0.51397 -0.49396)
(-0.42380 0.51332 -0.49511)
(-0.39432 0.53607 -0.52551)
(-0.40533 0.51886 -0.51268)
(-0.39008 0.53415 -0.52726)
(-0.38555 0.53316 -0.52947)
(-0.35484 0.51560 -0.52350)
(-0.34021 0.49810 -0.51316)
(-0.32856 0.49185 -0.51037)
(-0.35098 0.50843 -0.51759)
(-0.30577 0.47135 -0.48016)
(-0.28697 0.45445 -0.47372)
(-0.28233 0.44746 -0.45093)
(-0.21067 0.38742 -0.37507)
(-0.20087 0.37643 -0.36061)
(-0.19157 0.36637 -0.34690)
(-0.16966 0.34667 -0.31795)
(-0.12473 0.28196 -0.23386)
(-0.11618 0.27332 -0.22342)
(-0.12163 0.28171 -0.23903)
(-0.10655 0.26350 -0.21182)
(-0.04398 0.18147 -0.14969)
(-0.06963 0.23042 -0.18166)
(-0.02941 0.17282 -0.14392)
(0.00070 0.12837 -0.11250)
(-0.01675 0.16145 -0.13340)
(0.03522 0.08791 -0.09219)
(0.03926 0.07131 -0.08288)
(0.01709 0.01468 -0.02086)
(0.01528 0.02388 -0.02728)
(0.00299 0.00241 -0.00334)
(-0.15909 0.10010 -0.07397)
(-0.04060 0.02537 -0.01872)
(-0.16748 0.11693 -0.07344)
(-0.36203 0.25598 -0.18124)
(-0.39845 0.29840 -0.19397)
(-0.41100 0.30790 -0.21528)
(-0.44117 0.34504 -0.24827)
(-0.45969 0.37452 -0.27429)
(-0.46497 0.38278 -0.28094)
(-0.49064 0.41172 -0.30985)
(-0.50303 0.43325 -0.33591)
(-0.52315 0.48032 -0.38713)
(-0.53050 0.49661 -0.41197)
(-0.51606 0.50676 -0.44755)
(-0.52482 0.49764 -0.45318)
(-0.50986 0.50058 -0.45757)
(-0.48069 0.52175 -0.47595)
(-0.47845 0.51838 -0.48243)
(-0.44505 0.50504 -0.48741)
(-0.43100 0.50626 -0.49012)
(-0.42496 0.50588 -0.49125)
(-0.40785 0.50302 -0.50338)
(-0.39038 0.52892 -0.52444)
(-0.38758 0.49184 -0.49670)
(-0.38196 0.50119 -0.50826)
(-0.38548 0.52810 -0.52695)
(-0.36667 0.50848 -0.52179)
(-0.34362 0.49692 -0.51992)
(-0.32335 0.48473 -0.50922)
(-0.29668 0.46404 -0.48782)
(-0.27238 0.44397 -0.46212)
(-0.26990 0.43913 -0.45506)
(-0.25165 0.42448 -0.44250)
(-0.22450 0.40163 -0.40424)
(-0.20249 0.37883 -0.36785)
(-0.19436 0.37011 -0.35714)
(-0.18620 0.36200 -0.34645)
(-0.18347 0.35931 -0.33930)
(-0.14770 0.32634 -0.29525)
(-0.10783 0.27505 -0.23606)
(-0.10963 0.27054 -0.21892)
(-0.08261 0.25337 -0.20418)
(-0.06574 0.22905 -0.18386)
(-0.03764 0.19570 -0.15155)
(-0.01856 0.19247 -0.14180)
(0.01326 0.13002 -0.10824)
(0.03179 0.06996 -0.07365)
(0.02046 0.07838 -0.07031)
(0.02569 0.05316 -0.05612)
(0.00778 0.01385 -0.01477)
(0.00287 0.00420 -0.00477)
(-0.00208 0.00148 -0.00094)
(-0.05670 0.04043 -0.02559)
(-0.01318 0.00989 -0.00615)
(-0.26460 0.19344 -0.11855)
(-0.42386 0.33232 -0.22614)
(-0.19850 0.15976 -0.10288)
(-0.39710 0.30455 -0.19915)
(-0.40324 0.33531 -0.23053)
(-0.45668 0.37487 -0.27336)
(-0.46946 0.40782 -0.28499)
(-0.47876 0.40249 -0.28417)
(-0.48136 0.42143 -0.30945)
(-0.49857 0.44369 -0.35306)
(-0.51639 0.46215 -0.37238)
(-0.52638 0.47594 -0.39827)
(-0.51929 0.46628 -0.40449)
(-0.53355 0.47941 -0.45088)
(-0.53498 0.47790 -0.45478)
(-0.52049 0.46705 -0.45315)
(-0.49169 0.48681 -0.46363)
(-0.50031 0.46490 -0.45376)
(-0.48619 0.48689 -0.47423)
(-0.46969 0.48334 -0.48088)
(-0.44301 0.47082 -0.46709)
(-0.42146 0.48385 -0.47664)
(-0.42047 0.47530 -0.47925)
(-0.39628 0.46775 -0.47410)
(-0.37964 0.45952 -0.47517)
(-0.36063 0.46018 -0.48304)
(-0.35659 0.47800 -0.49955)
(-0.33616 0.48088 -0.51579)
(-0.35367 0.46085 -0.48746)
(-0.32996 0.48053 -0.52253)
(-0.30923 0.46094 -0.49345)
(-0.28110 0.43609 -0.47254)
(-0.26071 0.43010 -0.45409)
(-0.21956 0.38337 -0.40406)
(-0.21134 0.37541 -0.39344)
(-0.18301 0.35258 -0.35061)
(-0.14951 0.32217 -0.31644)
(-0.12954 0.30690 -0.28440)
(-0.10742 0.28353 -0.25188)
(-0.09406 0.27982 -0.24041)
(-0.08797 0.26262 -0.22567)
(-0.05300 0.23133 -0.18937)
(-0.03667 0.21617 -0.17291)
(-0.01996 0.19226 -0.14741)
(0.00147 0.16873 -0.12368)
(0.00606 0.11524 -0.09255)
(0.00956 0.10768 -0.08225)
(0.00573 0.02806 -0.02260)
(0.00632 0.01471 -0.01384)
(0.05434 -0.04374 0.02677)
(-0.00616 0.00498 -0.00311)
(-0.29076 0.24283 -0.15959)
(0.00387 -0.00334 0.00214)
(-0.08854 0.07597 -0.04878)
(-0.36022 0.32241 -0.20643)
(-0.41019 0.36434 -0.23586)
(-0.44029 0.39501 -0.27351)
(-0.40312 0.36432 -0.23831)
(-0.41148 0.36998 -0.24395)
(-0.47738 0.42336 -0.31239)
(-0.49112 0.43976 -0.34732)
(-0.50985 0.45242 -0.37971)
(-0.50240 0.44195 -0.38837)
(-0.51040 0.46178 -0.42412)
(-0.49708 0.44688 -0.41403)
(-0.49493 0.42790 -0.42763)
(-0.47923 0.40968 -0.42049)
(-0.48496 0.44046 -0.44284)
(-0.47314 0.40571 -0.41799)
(-0.45693 0.44869 -0.45117)
(-0.44190 0.44196 -0.44657)
(-0.43009 0.42760 -0.44344)
(-0.41696 0.43808 -0.45078)
(-0.39954 0.43928 -0.45390)
(-0.38763 0.45032 -0.46738)
(-0.36599 0.43695 -0.46132)
(-0.35299 0.42861 -0.46168)
(-0.32679 0.40011 -0.44220)
(-0.32963 0.46203 -0.49893)
(-0.30861 0.44075 -0.48194)
(-0.31542 0.40377 -0.44751)
(-0.28893 0.40144 -0.45058)
(-0.27864 0.41301 -0.45752)
(-0.25911 0.38999 -0.43477)
(-0.25372 0.37217 -0.42484)
(-0.24430 0.36479 -0.41632)
(-0.22679 0.36512 -0.40372)
(-0.21297 0.37392 -0.39568)
(-0.20272 0.35773 -0.38764)
(-0.17391 0.33500 -0.35500)
(-0.15627 0.32602 -0.33294)
(-0.14854 0.30551 -0.32082)
(-0.12596 0.28412 -0.28344)
(-0.09922 0.27170 -0.24942)
(-0.09176 0.27453 -0.23928)
(-0.05848 0.23424 -0.20924)
(-0.04879 0.23404 -0.19824)
(-0.00502 0.16600 -0.13840)
(-0.00356 0.13640 -0.11868)
(0.00215 0.07871 -0.06689)
(0.00165 0.04589 -0.03729)
(0.00222 0.01581 -0.01241)
(-0.00107 -0.00304 0.00248)
(-0.00291 -0.01429 0.01113)
(-0.00303 -0.00843 0.00690)
(0.04600 -0.03982 0.02542)
(-0.02111 0.01917 -0.01210)
(-0.19270 0.17360 -0.11037)
(0.05548 -0.05103 0.03225)
(-0.12401 0.11382 -0.07311)
(-0.32158 0.29248 -0.18970)
(-0.41965 0.38216 -0.26989)
(-0.29563 0.27217 -0.17881)
(-0.37822 0.34678 -0.22907)
(-0.43175 0.39816 -0.30917)
(-0.46129 0.41716 -0.33240)
(-0.45452 0.40380 -0.35410)
(-0.48299 0.42478 -0.38954)
(-0.45001 0.39753 -0.36780)
(-0.47946 0.41513 -0.40218)
(-0.47351 0.40011 -0.41221)
(-0.46806 0.39600 -0.40923)
(-0.46276 0.39208 -0.40630)
(-0.46722 0.40205 -0.41523)
(-0.45234 0.42132 -0.43266)
(-0.43194 0.40691 -0.42347)
(-0.43189 0.41651 -0.43718)
(-0.40725 0.41276 -0.42724)
(-0.37450 0.39543 -0.41204)
(-0.36021 0.39162 -0.41255)
(-0.33214 0.38209 -0.41323)
(-0.31789 0.36701 -0.40138)
(-0.31284 0.36709 -0.40415)
(-0.30371 0.37180 -0.41082)
(-0.25596 0.36753 -0.42126)
(-0.24847 0.36185 -0.41461)
(-0.24413 0.35289 -0.40555)
(-0.23776 0.35267 -0.40432)
(-0.21988 0.34338 -0.38995)
(-0.17341 0.30602 -0.33712)
(-0.16562 0.28726 -0.31361)
(-0.14556 0.28427 -0.30387)
(-0.12914 0.28118 -0.29273)
(-0.11279 0.24917 -0.25762)
(-0.09502 0.24309 -0.24674)
(-0.08469 0.23835 -0.23249)
(-0.07973 0.24103 -0.23192)
(-0.04435 0.17129 -0.16190)
(-0.00192 0.07167 -0.06431)
(0.00057 0.03413 -0.03009)
(-0.00007 -0.00108 0.00093)
(-0.00052 -0.01293 0.01149)
(-0.00115 -0.01620 0.01409)
(0.00103 -0.00096 0.00061)
(0.01219 -0.01170 0.00748)
(-0.07982 0.07433 -0.04826)
(-0.29927 0.28761 -0.20715)
(-0.10900 0.11095 -0.07861)
(-0.39405 0.37433 -0.29373)
(-0.43755 0.40484 -0.31995)
(-0.43679 0.39429 -0.35041)
(-0.40317 0.37736 -0.32287)
(-0.43453 0.39045 -0.35146)
(-0.43879 0.39126 -0.35634)
(-0.43906 0.38671 -0.35942)
(-0.43914 0.37465 -0.37276)
(-0.46114 0.38631 -0.39996)
(-0.45706 0.38281 -0.39737)
(-0.45195 0.37763 -0.39313)
(-0.45689 0.38747 -0.40238)
(-0.42264 0.37446 -0.39477)
(-0.39394 0.35276 -0.36454)
(-0.38352 0.36009 -0.36845)
(-0.35651 0.34500 -0.35037)
(-0.34925 0.35994 -0.38419)
(-0.34548 0.36100 -0.38598)
(-0.31689 0.35463 -0.38666)
(-0.31179 0.35437 -0.38877)
(-0.30560 0.34235 -0.37628)
(-0.30455 0.34838 -0.38520)
(-0.28258 0.34303 -0.38298)
(-0.25109 0.35648 -0.41002)
(-0.25989 0.32107 -0.36187)
(-0.24694 0.34582 -0.39878)
(-0.24016 0.34432 -0.39673)
(-0.21014 0.30465 -0.34901)
(-0.17304 0.27976 -0.31362)
(-0.16232 0.27982 -0.30580)
(-0.16019 0.27496 -0.30080)
(-0.09971 0.22033 -0.23297)
(-0.09299 0.21998 -0.22853)
(-0.08410 0.20164 -0.20967)
(-0.04851 0.11788 -0.12267)
(-0.02296 0.06080 -0.06268)
(-0.00473 0.03086 -0.03011)
(0.00001 0.00187 -0.00169)
(0.00105 -0.01238 0.01189)
(-0.00012 -0.01374 0.01248)
(-0.02481 0.02543 -0.01795)
(-0.06484 0.06450 -0.04810)
(-0.17926 0.17703 -0.13256)
(-0.06868 0.06873 -0.05470)
(-0.25921 0.24453 -0.20817)
(-0.38054 0.34574 -0.30770)
(-0.15356 0.14199 -0.12357)
(-0.24702 0.22289 -0.20115)
(-0.42451 0.38048 -0.34551)
(-0.42892 0.37957 -0.35103)
(-0.43570 0.36863 -0.36521)
(-0.41837 0.35872 -0.34858)
(-0.43003 0.35919 -0.36713)
(-0.45159 0.37637 -0.39097)
(-0.40352 0.33873 -0.34430)
(-0.38879 0.31558 -0.32232)
(-0.39707 0.32792 -0.34319)
(-0.38892 0.33463 -0.34600)
(-0.36154 0.29899 -0.31042)
(-0.35645 0.30394 -0.31370)
(-0.33397 0.30340 -0.30615)
(-0.32957 0.29519 -0.29691)
(-0.32637 0.29616 -0.29831)
(-0.32960 0.30376 -0.31144)
(-0.33071 0.31650 -0.33230)
(-0.31939 0.33578 -0.36483)
(-0.30581 0.29170 -0.30848)
(-0.30708 0.33569 -0.36609)
(-0.30064 0.33147 -0.36393)
(-0.28582 0.31318 -0.34967)
(-0.25204 0.28932 -0.32134)
(-0.23283 0.29502 -0.33367)
(-0.23535 0.25763 -0.28869)
(-0.21763 0.25268 -0.28476)
(-0.20459 0.26770 -0.30284)
(-0.18852 0.26000 -0.29235)
(-0.14152 0.19762 -0.21890)
(-0.11188 0.16957 -0.18917)
(-0.10533 0.19126 -0.20900)
(-0.07144 0.15893 -0.16792)
(-0.03395 0.06009 -0.06548)
(-0.02042 0.04593 -0.04837)
(-0.01347 0.03328 -0.03465)
(0.00240 -0.00645 0.00667)
(-0.01340 0.01346 -0.01069)
(-0.04187 0.04084 -0.03370)
(-0.04490 0.04204 -0.03680)
(-0.02264 0.02121 -0.01918)
(-0.05630 0.04961 -0.04707)
(-0.26428 0.23040 -0.22265)
(-0.31701 0.26852 -0.26786)
(-0.09085 0.07684 -0.07643)
(-0.16410 0.13825 -0.13837)
(-0.24357 0.20374 -0.20733)
(-0.33957 0.28045 -0.28191)
(-0.21309 0.17649 -0.17665)
(-0.32690 0.26213 -0.26536)
(-0.35597 0.28108 -0.29141)
(-0.28171 0.22676 -0.23081)
(-0.31925 0.25754 -0.25764)
(-0.31332 0.26982 -0.26936)
(-0.31704 0.27869 -0.28087)
(-0.28242 0.23537 -0.23847)
(-0.27678 0.23527 -0.24095)
(-0.27747 0.24663 -0.25889)
(-0.25567 0.22309 -0.23189)
(-0.20886 0.17949 -0.18882)
(-0.27420 0.27091 -0.29223)
(-0.25164 0.23986 -0.26161)
(-0.13317 0.12111 -0.12827)
(-0.19503 0.19134 -0.20782)
(-0.14830 0.14833 -0.16956)
(-0.15519 0.16921 -0.18991)
(-0.05069 0.05076 -0.05748)
(-0.05821 0.06044 -0.06654)
(-0.03683 0.04346 -0.04832)
(-0.05124 0.06812 -0.07521)
(0.00236 -0.00291 0.00318)
(-0.01096 0.01629 -0.01781)
(-0.00522 0.00881 -0.00982)
(0.06093 -0.05525 0.05148)
(0.05612 -0.04764 0.04726)
(-0.05259 0.04470 -0.04320)
(0.04681 -0.03995 0.03846)
(0.01598 -0.01345 0.01283)
(-0.11517 0.09565 -0.09540)
(-0.09849 0.08297 -0.07949)
(0.00158 -0.00133 0.00124)
(0.00129 -0.00108 0.00103)
(-0.10170 0.08371 -0.08217)
(-0.17061 0.13806 -0.13760)
(-0.03516 0.02849 -0.02713)
(-0.08304 0.06175 -0.06057)
(-0.14117 0.10508 -0.10375)
(-0.04729 0.03494 -0.03420)
(-0.08714 0.06867 -0.06839)
(-0.09037 0.07002 -0.06890)
(-0.13287 0.11272 -0.11780)
(-0.01144 0.00861 -0.00839)
(-0.02272 0.01844 -0.01927)
(0.00273 -0.00222 0.00232)
(-0.08520 0.07678 -0.08102)
(-0.04818 0.04368 -0.04759)
(0.02186 -0.01953 0.02093)
(0.01250 -0.01241 0.01333)
(0.02145 -0.02210 0.02330)
(0.02341 -0.02731 0.02962)
(-0.01016 0.00753 -0.00734)
(-0.01682 0.01240 -0.01210)
(-0.01406 0.00997 -0.00971)
(0.00611 -0.00435 0.00426)
)