/*--------------------------------*- C++ -*----------------------------------*\ 
| =========                 |                                                 | 
| \\      /  F ield         | OpenFOAM: The Open Source CFD Toolbox           | 
|  \\    /   O peration     | Version:  4.0                                   | 
|   \\  /    A nd           | Web:      www.OpenFOAM.org                      | 
|    \\/     M anipulation  |                                                 | 
\*---------------------------------------------------------------------------*/ 
FoamFile 
{ 
    version     2.0; 
    format      ascii; 
    class       vectorAverageField; 
    object      values; 
} 
// * * * * * * * * * * * * * * * * * * * * * * * * * * * * * * * * * * * * * // 
 
// Average 
(0 0 0) 
 
// Velocity data on points 
2447
(
(0.00191 0.00233 -0.00224)
(-0.00079 -0.00143 0.00136)
(0.00069 -0.00574 0.00363)
(-0.00082 -0.00178 0.00155)
(0.00069 0.00266 -0.00235)
(0.00001 -0.01315 0.01060)
(-0.00112 -0.00458 0.00413)
(-0.00915 -0.00814 0.01016)
(-0.00100 -0.00090 0.00108)
(0.00178 0.00113 -0.00157)
(-0.00758 -0.00475 0.00676)
(-0.00183 -0.00084 0.00137)
(0.00237 0.00058 -0.00139)
(-0.01308 -0.00205 0.00670)
(-0.00108 -0.00001 0.00043)
(0.00336 0.00004 -0.00131)
(-0.01158 -0.00001 0.00443)
(-0.00068 -0.00004 0.00023)
(0.00508 0.00063 -0.00153)
(-0.00103 -0.00012 0.00031)
(0.01223 0.00066 -0.00444)
(-0.00185 -0.00067 0.00103)
(0.00163 0.00047 -0.00086)
(0.00048 0.00030 -0.00039)
(-0.00937 -0.01806 0.01656)
(-0.00362 -0.01769 0.01268)
(-0.00060 -0.02069 0.01589)
(0.00375 -0.02372 0.01576)
(0.00761 -0.04272 0.02979)
(0.00725 -0.04183 0.02828)
(0.00078 -0.03204 0.02662)
(-0.00772 -0.01804 0.01891)
(-0.00518 -0.03058 0.02954)
(-0.01945 -0.01717 0.02236)
(-0.01998 -0.01229 0.01812)
(-0.01930 -0.00830 0.01426)
(-0.02643 -0.01602 0.02433)
(-0.03107 -0.01261 0.02265)
(-0.04419 -0.00507 0.02147)
(-0.02669 -0.00374 0.01342)
(-0.02934 -0.00077 0.01233)
(-0.06095 0.00152 0.03002)
(-0.05661 0.00087 0.02826)
(-0.04071 0.00015 0.01544)
(-0.02785 -0.00129 0.00968)
(-0.06163 -0.00230 0.01982)
(-0.02723 -0.00280 0.00724)
(-0.00848 -0.00143 0.00249)
(-0.04792 -0.00289 0.01528)
(-0.00652 -0.00164 0.00189)
(0.00093 0.00043 -0.00034)
(0.00826 0.00005 -0.00214)
(-0.00302 -0.00039 0.00104)
(-0.00917 -0.00206 0.00400)
(-0.01833 -0.00790 0.01210)
(-0.04436 -0.02179 0.03146)
(-0.02767 -0.02119 0.02461)
(-0.00706 -0.04543 0.03374)
(-0.00749 -0.04113 0.03517)
(-0.00522 -0.04408 0.03656)
(0.00915 -0.04433 0.03444)
(0.00811 -0.03197 0.03783)
(0.01057 -0.03076 0.03718)
(-0.00181 -0.02338 0.03531)
(-0.01710 -0.01528 0.02936)
(-0.00212 -0.02276 0.03670)
(-0.00632 -0.01756 0.03665)
(-0.02219 -0.01253 0.02910)
(-0.03591 -0.00714 0.02936)
(-0.03667 -0.00397 0.03583)
(-0.05873 0.00104 0.03184)
(-0.06964 0.00573 0.02955)
(-0.07797 0.01047 0.02323)
(-0.07058 -0.00048 0.02953)
(-0.07832 0.00062 0.03203)
(-0.08690 -0.00194 0.02609)
(-0.08687 -0.00104 0.03053)
(-0.09064 -0.00682 0.02723)
(-0.06611 -0.00762 0.01792)
(-0.03868 -0.00731 0.01168)
(-0.08837 -0.01311 0.02615)
(-0.06179 -0.01298 0.01722)
(-0.02504 -0.00941 0.00926)
(-0.00144 -0.00070 0.00055)
(-0.01650 -0.00456 0.00629)
(0.00598 0.00209 -0.00268)
(0.01157 0.00419 -0.00507)
(0.00064 -0.00006 -0.00013)
(-0.01667 0.00088 0.00402)
(-0.04035 -0.00113 0.01142)
(-0.05118 -0.00840 0.01775)
(-0.09571 -0.00975 0.03309)
(-0.07894 -0.01286 0.02789)
(-0.09243 -0.01633 0.03722)
(-0.06183 -0.02528 0.03903)
(-0.05201 -0.02776 0.03916)
(-0.02017 -0.04245 0.03860)
(-0.01706 -0.02945 0.03028)
(-0.01280 -0.03683 0.03610)
(-0.00201 -0.03966 0.03477)
(-0.00137 -0.03732 0.03623)
(0.00401 -0.03188 0.03888)
(0.01390 -0.02585 0.04179)
(0.01313 -0.02250 0.04251)
(0.01047 -0.02226 0.03885)
(-0.00227 -0.02060 0.03991)
(-0.00759 -0.00827 0.04635)
(-0.01810 -0.00067 0.04458)
(-0.03506 0.00330 0.04490)
(-0.05690 0.00588 0.03707)
(-0.06878 0.00574 0.03177)
(-0.06353 0.00218 0.03035)
(-0.07079 0.00257 0.02927)
(-0.07078 0.00048 0.02841)
(-0.08920 -0.00477 0.02697)
(-0.09152 -0.00182 0.03353)
(-0.08908 -0.01421 0.02659)
(-0.09555 -0.01850 0.02609)
(-0.10443 -0.01076 0.03104)
(-0.10074 -0.01044 0.03066)
(-0.05978 -0.01297 0.01957)
(-0.01588 -0.00481 0.00589)
(-0.09030 -0.01527 0.02374)
(-0.05409 -0.01635 0.01906)
(-0.00791 -0.00284 0.00297)
(-0.00237 -0.00101 0.00106)
(0.01344 -0.00178 -0.00261)
(-0.02744 0.00285 0.00523)
(-0.06572 0.00542 0.01371)
(-0.10436 0.00173 0.02644)
(-0.13811 0.00673 0.03264)
(-0.10905 -0.00484 0.03125)
(-0.09369 -0.01277 0.03081)
(-0.07688 -0.01709 0.03093)
(-0.06293 -0.02029 0.03174)
(-0.01923 -0.02535 0.02875)
(-0.01489 -0.02764 0.02962)
(-0.00938 -0.02963 0.03029)
(-0.01202 -0.02555 0.02873)
(-0.00762 -0.02671 0.02950)
(0.00096 -0.03435 0.03626)
(0.01426 -0.02260 0.04175)
(0.01378 -0.02091 0.04241)
(0.01266 -0.01905 0.04320)
(0.00328 -0.01503 0.04161)
(-0.00252 -0.00270 0.04949)
(-0.00832 -0.00239 0.05174)
(-0.02650 0.00511 0.05193)
(-0.02384 0.01037 0.04523)
(-0.03325 0.01131 0.04153)
(-0.04478 0.00854 0.03765)
(-0.06105 0.00194 0.02972)
(-0.06286 0.00026 0.02879)
(-0.06587 -0.00166 0.02764)
(-0.06952 -0.00392 0.02652)
(-0.08356 -0.01127 0.02311)
(-0.10423 -0.01120 0.03051)
(-0.10392 -0.01168 0.03126)
(-0.10301 -0.01168 0.03051)
(-0.10013 -0.01358 0.02768)
(-0.07902 -0.02080 0.02331)
(-0.09067 -0.01743 0.01969)
(-0.06628 -0.01789 0.02279)
(-0.02894 -0.00966 0.01239)
(-0.00297 -0.00106 0.00140)
(-0.05577 -0.01854 0.02359)
(-0.01232 -0.00452 0.00616)
(-0.00069 -0.00026 0.00036)
(-0.01682 0.00242 0.00326)
(-0.04765 0.00566 0.00937)
(-0.11768 0.00993 0.02363)
(-0.14310 0.01202 0.03123)
(-0.11947 0.00501 0.02688)
(-0.09049 -0.00545 0.02521)
(-0.08182 -0.00813 0.02454)
(-0.08307 -0.00619 0.02396)
(-0.07594 -0.00794 0.02307)
(-0.06299 -0.01631 0.02975)
(-0.02252 -0.02373 0.02801)
(-0.01849 -0.02182 0.02629)
(-0.01401 -0.02223 0.02661)
(-0.00976 -0.02266 0.02736)
(-0.00620 -0.02295 0.02814)
(0.01032 -0.01781 0.03216)
(0.01372 -0.01764 0.04128)
(0.00981 0.00468 0.01909)
(0.01200 0.00365 0.02865)
(0.01301 -0.01341 0.04239)
(0.01247 -0.01444 0.04384)
(0.01172 0.00732 0.03983)
(0.02100 0.02212 0.02886)
(0.01776 0.01936 0.04575)
(0.00684 0.01019 0.04312)
(-0.00484 0.01462 0.04623)
(-0.00164 0.02016 0.03826)
(-0.00385 0.02015 0.03695)
(-0.00475 0.01949 0.03563)
(-0.04213 0.00252 0.03314)
(-0.05124 0.00067 0.02738)
(-0.05412 -0.00118 0.02599)
(-0.05818 -0.00339 0.02479)
(-0.06597 -0.00708 0.02500)
(-0.08130 -0.01422 0.02234)
(-0.07065 -0.01811 0.01469)
(-0.07948 -0.01352 0.02231)
(-0.06762 -0.01728 0.01150)
(-0.08990 -0.01759 0.02058)
(-0.08215 -0.02625 0.02379)
(-0.07823 -0.02445 0.03232)
(-0.04761 -0.01613 0.02179)
(-0.05610 -0.01851 0.02628)
(-0.01836 -0.00649 0.00953)
(-0.00857 -0.00295 0.00464)
(0.00930 -0.00136 -0.00214)
(-0.00212 0.00036 0.00039)
(-0.10813 0.01389 0.02843)
(-0.15408 0.01466 0.03703)
(-0.14237 0.00600 0.03694)
(-0.10752 0.00329 0.03065)
(-0.08206 -0.00459 0.02275)
(-0.07689 -0.00620 0.02219)
(-0.07076 -0.00562 0.01948)
(-0.05850 -0.00788 0.02164)
(-0.03322 -0.00680 0.01783)
(-0.01524 -0.01915 0.02368)
(-0.01421 -0.01097 0.01859)
(-0.01036 -0.01723 0.02301)
(-0.00800 -0.01862 0.02535)
(0.00462 -0.01180 0.02862)
(0.00150 -0.01157 0.02168)
(0.00961 0.01405 0.00230)
(0.00867 0.01723 0.00440)
(0.01935 0.02620 0.00594)
(0.02210 0.02556 0.01994)
(0.02897 0.03309 0.02332)
(0.01769 0.03453 0.04306)
(0.02038 0.03006 0.03365)
(0.00606 0.02364 0.03486)
(0.00631 0.02227 0.03269)
(0.00704 0.02086 0.02533)
(-0.01426 0.00841 0.01547)
(-0.02870 -0.00154 0.02063)
(-0.04252 -0.00241 0.02082)
(-0.03256 -0.00562 0.01268)
(-0.05372 -0.01219 0.01165)
(-0.02555 -0.02077 0.00443)
(-0.05886 -0.01894 0.00785)
(-0.05103 -0.02093 -0.00005)
(-0.05917 -0.02073 0.00266)
(-0.06522 -0.01668 0.00747)
(-0.05714 -0.01407 0.00866)
(-0.07461 -0.02158 0.02819)
(-0.07342 -0.02282 0.03126)
(-0.02771 -0.00926 0.01437)
(-0.07006 -0.02143 0.02988)
(-0.05530 -0.01783 0.02689)
(-0.01790 -0.00675 0.01359)
(-0.00091 -0.00046 0.00134)
(0.02852 -0.00387 -0.00767)
(-0.00096 0.00013 0.00026)
(-0.05477 0.00660 0.01642)
(-0.10964 0.01312 0.03286)
(-0.15308 0.01215 0.04669)
(-0.14987 0.01222 0.05124)
(-0.12567 0.00417 0.04278)
(-0.12452 0.00717 0.03614)
(-0.10243 0.00462 0.02713)
(-0.07972 0.00276 0.01909)
(-0.06521 -0.00489 0.02417)
(-0.04403 -0.00192 -0.00183)
(-0.03258 0.00104 -0.00087)
(-0.02046 0.00326 -0.00982)
(-0.01207 0.01102 -0.01923)
(-0.00666 0.02438 -0.03178)
(0.00317 0.01821 -0.00658)
(0.00546 0.03309 0.00111)
(0.01539 0.03648 -0.00734)
(0.02635 0.03433 -0.00518)
(0.03207 0.04052 -0.00830)
(0.04006 0.05013 -0.00758)
(0.04414 0.04569 -0.00583)
(0.05214 0.04657 -0.01125)
(0.01557 0.02832 0.03060)
(0.01663 0.02622 0.02779)
(0.03797 0.02390 0.01052)
(0.05230 0.01824 -0.00980)
(0.05818 0.01408 -0.01644)
(0.03957 0.00002 -0.01053)
(0.02918 -0.00245 -0.00864)
(-0.00166 -0.00972 -0.00641)
(-0.02202 -0.02288 -0.00214)
(-0.04936 -0.01928 -0.00161)
(-0.00990 -0.01650 0.00275)
(-0.02588 -0.01668 0.01268)
(-0.03453 -0.01477 0.00919)
(-0.01935 -0.01605 0.00952)
(-0.04011 -0.01626 0.01338)
(-0.04843 -0.01742 0.02188)
(-0.05197 -0.02048 0.03927)
(-0.02705 -0.01691 0.02948)
(-0.03090 -0.01048 0.03756)
(-0.00812 -0.00388 0.01146)
(-0.00527 -0.00169 0.00600)
(0.00113 -0.00012 -0.00038)
(-0.04319 0.00515 0.01286)
(-0.13102 0.01350 0.04612)
(-0.13422 0.00870 0.05689)
(-0.12280 0.00305 0.05759)
(-0.08512 -0.00446 0.04602)
(-0.10829 0.00265 0.04140)
(-0.10468 0.00203 0.03494)
(-0.08783 -0.00075 0.03914)
(-0.07316 0.00060 0.02441)
(-0.06911 0.00055 0.02222)
(-0.05362 0.00392 0.00011)
(-0.04589 0.00619 -0.00739)
(-0.04393 0.00690 -0.00961)
(-0.03715 0.00469 -0.01534)
(-0.02701 0.01721 -0.02632)
(-0.03633 0.02281 -0.03508)
(-0.02417 0.02626 -0.04422)
(-0.01305 0.01947 -0.03483)
(-0.01185 0.03354 -0.04640)
(-0.00689 0.02953 -0.03811)
(-0.00034 0.04118 -0.03553)
(0.00454 0.03909 -0.03340)
(0.02071 0.04963 -0.04710)
(0.03277 0.06331 -0.07234)
(0.03866 0.06385 -0.07287)
(0.04801 0.06545 -0.06682)
(0.06199 0.05514 -0.03431)
(0.07438 0.03793 -0.01948)
(0.06707 0.02755 -0.02556)
(0.07123 0.01915 -0.02148)
(0.08321 0.01490 -0.02799)
(0.08216 0.01006 -0.02501)
(0.07678 0.00588 -0.03688)
(0.04510 -0.00529 -0.02337)
(0.07441 -0.00757 -0.03591)
(0.03049 -0.00841 -0.02218)
(0.04582 -0.01569 -0.01561)
(0.03223 -0.01854 -0.00558)
(0.05133 -0.01646 -0.00901)
(-0.00366 -0.01594 0.00002)
(0.00469 -0.01331 -0.00137)
(-0.00525 -0.01292 0.00488)
(0.01508 -0.00777 0.01431)
(0.00035 -0.00587 0.02892)
(-0.00825 -0.00623 0.04254)
(-0.01965 -0.01699 0.05411)
(-0.00773 -0.00693 0.02515)
(0.00062 0.00098 -0.00328)
(0.00105 -0.01349 0.05106)
(-0.01201 0.00103 0.00522)
(-0.06847 0.00550 0.02700)
(-0.06689 0.00147 0.03638)
(-0.11179 0.00712 0.05050)
(-0.11023 -0.00145 0.06202)
(-0.08635 -0.00513 0.04909)
(-0.07461 -0.00662 0.04572)
(-0.07740 -0.00523 0.04346)
(-0.07102 -0.00484 0.03830)
(-0.06085 0.00156 0.00973)
(-0.04604 0.00643 -0.00841)
(-0.04436 0.00801 -0.01372)
(-0.04273 0.01957 -0.03191)
(-0.04239 0.03657 -0.07673)
(-0.03833 0.04042 -0.08611)
(-0.03391 0.05783 -0.10275)
(-0.02795 0.05270 -0.08670)
(-0.01425 0.06549 -0.10585)
(-0.03560 0.07431 -0.14546)
(-0.01012 0.06495 -0.09091)
(0.01315 0.06746 -0.07819)
(0.03023 0.06594 -0.08726)
(0.03559 0.06615 -0.08883)
(0.04236 0.06552 -0.08913)
(0.05788 0.06084 -0.08110)
(0.08039 0.04852 -0.04583)
(0.06994 0.06967 -0.11026)
(0.08698 0.04844 -0.05244)
(0.09227 0.04180 -0.04671)
(0.09675 0.02736 -0.06764)
(0.10200 0.01936 -0.06285)
(0.11794 0.00660 -0.06636)
(0.10920 0.00371 -0.06048)
(0.11163 0.00308 -0.06211)
(0.07437 -0.00417 -0.03762)
(0.07885 -0.00630 -0.02901)
(0.06303 -0.01720 -0.01217)
(0.06759 -0.01736 -0.01194)
(0.05499 -0.01648 -0.00970)
(0.04735 -0.00581 -0.00265)
(0.03807 -0.00557 0.01280)
(0.02967 -0.00557 0.03954)
(0.05421 -0.00266 0.05159)
(0.02325 -0.00553 0.05229)
(0.04832 -0.00326 0.06014)
(0.01739 -0.01035 0.06626)
(0.00772 -0.01663 0.05939)
(0.00058 -0.00164 0.00541)
(-0.00034 0.00062 -0.00205)
(0.00316 0.00003 -0.00190)
(-0.00456 -0.00014 0.00295)
(-0.03395 -0.00103 0.02160)
(-0.08947 -0.00484 0.06048)
(-0.10221 -0.00590 0.06986)
(-0.09645 -0.00793 0.07085)
(-0.09177 -0.00704 0.06078)
(-0.07360 -0.00808 0.04924)
(-0.06903 -0.00600 0.04023)
(-0.06614 -0.00770 0.04268)
(-0.06420 -0.00527 0.03455)
(-0.04309 0.00317 -0.00449)
(-0.06307 0.01099 -0.01536)
(-0.04600 0.00841 -0.01506)
(-0.06119 0.02155 -0.04178)
(-0.06663 0.04738 -0.10617)
(-0.04748 0.04911 -0.11758)
(-0.04651 0.05586 -0.12578)
(-0.04374 0.07683 -0.16045)
(-0.03341 0.07671 -0.14741)
(-0.04140 0.07930 -0.16383)
(-0.03160 0.07906 -0.15068)
(0.02653 0.06793 -0.10491)
(0.03032 0.06801 -0.10734)
(0.03678 0.06662 -0.10733)
(0.03894 0.06975 -0.12271)
(0.06273 0.07394 -0.13521)
(0.08825 0.05984 -0.09765)
(0.10178 0.06300 -0.12770)
(0.10497 0.05911 -0.12604)
(0.10788 0.05623 -0.12496)
(0.12341 0.01135 -0.08749)
(0.11951 0.00626 -0.06995)
(0.11584 0.00239 -0.06383)
(0.11501 -0.00240 -0.05746)
(0.07863 -0.01784 -0.01599)
(0.08344 -0.01825 -0.01540)
(0.08244 -0.00907 0.00125)
(0.06852 -0.00647 0.01574)
(0.09291 -0.00776 0.02047)
(0.05579 -0.00686 0.03818)
(0.07109 -0.00361 0.05590)
(0.06386 -0.00304 0.05806)
(0.05865 -0.00313 0.06252)
(0.05383 -0.00333 0.06627)
(0.03452 -0.02492 0.08836)
(0.00541 -0.00887 0.02992)
(0.00256 -0.00362 0.01216)
(-0.00249 0.00378 -0.01242)
(-0.00926 -0.00035 0.00624)
(-0.03360 -0.00195 0.02346)
(-0.06063 -0.00415 0.04331)
(-0.05043 -0.00449 0.03789)
(-0.08989 -0.00975 0.07052)
(-0.08805 -0.01062 0.07083)
(-0.04988 -0.01647 0.05210)
(-0.05734 -0.01549 0.05780)
(-0.06140 -0.01029 0.04586)
(-0.06044 -0.00797 0.03837)
(-0.06252 0.00710 -0.00256)
(-0.07373 0.02226 -0.04820)
(-0.06286 0.02046 -0.04087)
(-0.07358 0.03229 -0.06705)
(-0.07856 0.04188 -0.09008)
(-0.07006 0.05194 -0.10890)
(-0.08121 0.06517 -0.15082)
(-0.07480 0.06768 -0.15996)
(-0.05979 0.06932 -0.17051)
(-0.05199 0.08244 -0.18059)
(-0.03879 0.08120 -0.16811)
(-0.04848 0.08386 -0.18477)
(-0.02807 0.08393 -0.18820)
(0.00249 0.07835 -0.17081)
(0.01088 0.08296 -0.17073)
(0.01740 0.08874 -0.19212)
(0.02787 0.08520 -0.20212)
(0.07927 0.06380 -0.14835)
(0.09382 0.06037 -0.13625)
(0.09971 0.06308 -0.13908)
(0.10329 0.06022 -0.13704)
(0.12052 0.02915 -0.12591)
(0.12377 0.00956 -0.07954)
(0.12413 0.00971 -0.08204)
(0.12376 0.00460 -0.07158)
(0.13350 0.00148 -0.06108)
(0.11548 -0.00694 -0.04815)
(0.12058 -0.00728 -0.04698)
(0.12309 -0.01300 -0.00740)
(0.13053 -0.01042 -0.02227)
(0.12125 -0.00171 0.00176)
(0.11471 -0.00499 0.01423)
(0.12826 -0.00495 0.01129)
(0.09810 -0.00817 0.03854)
(0.08065 -0.00415 0.06064)
(0.07352 -0.00337 0.06259)
(0.07146 -0.00316 0.06667)
(0.06986 -0.00321 0.07064)
(0.06282 -0.00347 0.07220)
(0.06610 -0.01446 0.10326)
(0.03908 -0.02370 0.10186)
(0.01233 -0.01117 0.04133)
(-0.00115 0.00151 -0.00503)
(0.00037 0.00004 -0.00032)
(-0.00497 -0.00070 0.00470)
(-0.02871 -0.00464 0.02930)
(-0.07963 -0.00944 0.06361)
(-0.07440 -0.01144 0.06439)
(-0.06271 -0.01681 0.06673)
(-0.03506 -0.02212 0.06326)
(-0.05500 -0.01729 0.05633)
(-0.04619 -0.01615 0.04926)
(-0.03490 -0.01725 0.04398)
(-0.03804 -0.01417 0.04215)
(-0.04647 -0.00421 0.02904)
(-0.07938 0.01771 -0.01570)
(-0.08200 0.02692 -0.04984)
(-0.08125 0.02835 -0.06214)
(-0.10589 0.05020 -0.11991)
(-0.10376 0.06169 -0.14107)
(-0.09704 0.07008 -0.16658)
(-0.10068 0.07492 -0.18077)
(-0.11642 0.09145 -0.23159)
(-0.12266 0.10079 -0.25785)
(-0.10837 0.11066 -0.27810)
(-0.05992 0.09372 -0.22686)
(-0.10549 0.11658 -0.28825)
(-0.05269 0.09705 -0.26217)
(-0.04316 0.09972 -0.26887)
(-0.01202 0.09422 -0.23637)
(-0.00381 0.09529 -0.23642)
(0.05129 0.07672 -0.19676)
(0.00137 0.09377 -0.25972)
(0.06635 0.07228 -0.19550)
(0.08006 0.06694 -0.17153)
(0.08750 0.06149 -0.15633)
(0.09094 0.04625 -0.16454)
(0.11004 0.03382 -0.13937)
(0.10341 0.04232 -0.14837)
(0.13922 0.00887 -0.09129)
(0.12356 0.01867 -0.09629)
(0.15278 -0.00686 -0.06322)
(0.15443 -0.00738 -0.06114)
(0.13857 -0.01525 -0.01789)
(0.12762 -0.01150 -0.00439)
(0.12543 -0.02128 0.01916)
(0.12430 -0.01479 0.03709)
(0.11892 -0.00790 0.04342)
(0.10729 -0.01750 0.07101)
(0.10110 -0.01994 0.09647)
(0.07707 -0.00854 0.09566)
(0.07251 -0.02244 0.12442)
(0.05469 -0.02391 0.12665)
(0.08116 -0.02492 0.11696)
(0.06211 -0.02093 0.13447)
(0.02497 -0.01661 0.06634)
(0.00132 -0.00105 0.00382)
(-0.00268 0.00253 -0.00855)
(-0.00095 -0.00087 0.00244)
(-0.01227 -0.00271 0.01332)
(-0.04547 -0.01847 0.06602)
(-0.01583 -0.02658 0.05715)
(-0.02548 -0.02308 0.06190)
(-0.02239 -0.02497 0.06173)
(-0.01400 -0.02515 0.06002)
(-0.03221 -0.01579 0.04511)
(-0.03456 -0.01704 0.04288)
(-0.09972 0.02654 -0.02046)
(-0.09084 0.02098 -0.01678)
(-0.09500 0.03036 -0.04206)
(-0.11865 0.04856 -0.08229)
(-0.14035 0.06899 -0.13902)
(-0.19575 0.10481 -0.23504)
(-0.20292 0.11131 -0.25426)
(-0.17538 0.09950 -0.23334)
(-0.15998 0.10775 -0.26386)
(-0.14230 0.10648 -0.27413)
(-0.15445 0.12311 -0.31575)
(-0.14886 0.12904 -0.34023)
(-0.08439 0.10644 -0.29453)
(-0.06033 0.10014 -0.29681)
(-0.06663 0.11181 -0.30415)
(-0.07092 0.11619 -0.33501)
(-0.06558 0.11586 -0.33148)
(0.02575 0.09081 -0.23593)
(0.04724 0.08332 -0.21790)
(0.04165 0.06509 -0.23189)
(0.04684 0.06220 -0.22679)
(0.09184 0.05010 -0.16984)
(0.09154 0.04680 -0.16281)
(0.11298 0.02744 -0.11264)
(0.11356 0.02111 -0.11031)
(0.14003 0.00315 -0.07076)
(0.12893 0.00143 -0.06589)
(0.12965 -0.00739 -0.02823)
(0.12956 -0.02180 0.00682)
(0.12580 -0.02347 0.01638)
(0.13144 -0.02538 0.03455)
(0.11771 -0.01417 0.05180)
(0.12195 -0.02463 0.05110)
(0.12017 -0.01552 0.07763)
(0.11162 -0.02307 0.09525)
(0.10394 -0.03495 0.10792)
(0.08304 -0.02667 0.11676)
(0.06775 -0.02807 0.13037)
(0.06269 -0.01883 0.13485)
(0.05890 -0.03257 0.14157)
(0.03311 -0.02218 0.09469)
(0.00559 -0.00502 0.01744)
(0.00246 -0.00304 0.00983)
(0.00135 0.00147 -0.00406)
(-0.00538 -0.00628 0.01637)
(-0.00048 -0.00058 0.00157)
(-0.00488 -0.00802 0.01995)
(-0.00709 -0.02448 0.05023)
(-0.01464 -0.02663 0.05919)
(-0.00180 -0.02726 0.04961)
(-0.01223 -0.02269 0.05414)
(-0.02679 -0.01234 0.04305)
(-0.03282 -0.01462 0.04802)
(-0.05657 0.00440 0.02459)
(-0.05061 0.00019 0.02460)
(-0.08970 0.01759 -0.00152)
(-0.15697 0.06516 -0.08452)
(-0.16889 0.07381 -0.10403)
(-0.15947 0.07183 -0.12302)
(-0.18967 0.09793 -0.20687)
(-0.21611 0.11692 -0.25864)
(-0.21352 0.11848 -0.27315)
(-0.19498 0.12126 -0.30379)
(-0.20518 0.13912 -0.35045)
(-0.19924 0.14504 -0.37307)
(-0.20835 0.16752 -0.41149)
(-0.14074 0.12801 -0.34082)
(-0.12963 0.13074 -0.35364)
(-0.09566 0.12242 -0.34791)
(-0.08742 0.12362 -0.34957)
(-0.08396 0.12380 -0.34771)
(-0.06245 0.11610 -0.32958)
(-0.00090 0.09021 -0.27209)
(0.02716 0.07204 -0.24591)
(0.03119 0.06905 -0.24131)
(0.05085 0.06410 -0.21298)
(0.04911 0.05864 -0.19509)
(0.08242 0.04348 -0.14784)
(0.06764 0.04004 -0.13665)
(0.07407 0.03409 -0.12380)
(0.10150 0.01574 -0.08889)
(0.11166 -0.00533 -0.02881)
(0.12321 -0.02169 0.00570)
(0.11974 -0.02446 0.01388)
(0.12281 -0.02556 0.02478)
(0.12270 -0.03011 0.04125)
(0.11024 -0.02935 0.08068)
(0.10983 -0.03526 0.10694)
(0.10270 -0.03457 0.11393)
(0.09511 -0.03099 0.11828)
(0.08171 -0.03847 0.13327)
(0.06941 -0.04107 0.13862)
(0.06112 -0.04805 0.14896)
(0.03200 -0.03655 0.12167)
(0.00568 -0.00738 0.02346)
(0.00090 0.00146 -0.00384)
(-0.00131 -0.00276 0.00696)
(-0.00603 -0.01827 0.04187)
(-0.00302 -0.01395 0.03234)
(-0.00250 -0.01880 0.04242)
(-0.00635 -0.01923 0.04020)
(-0.01610 -0.01790 0.04355)
(-0.04111 -0.00188 0.02793)
(-0.06639 0.01432 0.00791)
(-0.07934 0.02159 0.00213)
(-0.09096 0.02228 -0.01002)
(-0.16386 0.06903 -0.08485)
(-0.17837 0.07888 -0.10324)
(-0.19363 0.08890 -0.12360)
(-0.18647 0.08499 -0.12298)
(-0.21000 0.10412 -0.18314)
(-0.23480 0.12592 -0.25420)
(-0.23649 0.12802 -0.27904)
(-0.27467 0.16454 -0.33703)
(-0.22432 0.12499 -0.29124)
(-0.23239 0.15489 -0.36715)
(-0.23230 0.15661 -0.37371)
(-0.22616 0.17467 -0.42109)
(-0.20278 0.16718 -0.41179)
(-0.20076 0.16828 -0.41388)
(-0.10344 0.13047 -0.36409)
(-0.10156 0.13100 -0.36344)
(-0.07986 0.12309 -0.34542)
(-0.07746 0.12269 -0.34467)
(-0.05993 0.12050 -0.32454)
(-0.03983 0.11203 -0.30290)
(0.01762 0.07760 -0.23109)
(-0.01698 0.09647 -0.25549)
(0.03013 0.06889 -0.20470)
(0.05407 0.04490 -0.14513)
(0.05365 0.04117 -0.13615)
(0.06604 0.03281 -0.11951)
(0.06291 0.01492 -0.08675)
(0.11550 -0.02296 0.00284)
(0.11215 -0.02663 0.00924)
(0.11692 -0.02854 0.02200)
(0.10585 -0.04570 0.04469)
(0.10409 -0.04348 0.08009)
(0.10457 -0.04099 0.08464)
(0.09381 -0.05820 0.11944)
(0.08524 -0.05168 0.12757)
(0.08314 -0.04928 0.13024)
(0.08207 -0.05536 0.13053)
(0.08031 -0.05299 0.13316)
(0.07785 -0.05154 0.13617)
(0.06039 -0.05291 0.15134)
(0.04166 -0.05054 0.16240)
(0.03601 -0.04869 0.14938)
(0.00856 -0.01207 0.03748)
(-0.00252 0.00363 -0.01131)
(0.00012 0.00060 -0.00147)
(-0.00047 -0.00498 0.01169)
(0.01411 -0.01821 0.03078)
(0.00505 -0.02127 0.04099)
(0.01269 -0.01741 0.03640)
(-0.00250 -0.01677 0.03605)
(-0.02112 -0.00482 0.02410)
(-0.06375 0.01457 0.00686)
(-0.07977 0.02327 -0.00019)
(-0.12617 0.04743 -0.02872)
(-0.14666 0.05862 -0.05479)
(-0.18435 0.08270 -0.10224)
(-0.19916 0.09252 -0.12207)
(-0.25475 0.13045 -0.18520)
(-0.21175 0.10053 -0.14750)
(-0.28258 0.15422 -0.25256)
(-0.29552 0.16690 -0.29755)
(-0.31566 0.18773 -0.35259)
(-0.29506 0.18952 -0.39169)
(-0.27936 0.17785 -0.40547)
(-0.26222 0.18166 -0.42554)
(-0.21958 0.17469 -0.42160)
(-0.23526 0.18202 -0.42931)
(-0.21522 0.17495 -0.42349)
(-0.18706 0.16243 -0.41755)
(-0.17238 0.16529 -0.41923)
(-0.09690 0.12965 -0.36086)
(-0.10604 0.13847 -0.36810)
(-0.10070 0.13629 -0.36571)
(-0.09635 0.13517 -0.35974)
(-0.04902 0.11720 -0.29160)
(-0.05027 0.11820 -0.28273)
(-0.01839 0.09363 -0.24422)
(0.02026 0.05827 -0.18812)
(0.03929 0.04724 -0.14659)
(0.05398 0.03553 -0.12636)
(0.04580 0.00931 -0.09450)
(0.08238 -0.01128 -0.02965)
(0.07940 -0.03040 -0.01738)
(0.08898 -0.04282 0.02408)
(0.08322 -0.06192 0.04697)
(0.09786 -0.05610 0.07859)
(0.09405 -0.05712 0.09548)
(0.08555 -0.07652 0.09539)
(0.08257 -0.06321 0.10523)
(0.08248 -0.05976 0.12858)
(0.07842 -0.05746 0.13486)
(0.06263 -0.07163 0.14519)
(0.05152 -0.06607 0.15293)
(0.04057 -0.05404 0.16439)
(0.03944 -0.05561 0.16600)
(0.01109 -0.01712 0.05180)
(-0.00047 0.00075 -0.00230)
(0.00063 -0.00033 0.00059)
(0.01421 -0.01031 0.01759)
(0.01407 -0.00712 0.01222)
(0.01739 -0.01505 0.03595)
(0.01617 -0.01511 0.03774)
(0.01561 -0.01837 0.03555)
(0.00350 -0.01203 0.03293)
(-0.04392 0.01329 0.01517)
(-0.04766 0.00893 0.01632)
(-0.07687 0.02325 -0.00117)
(-0.13952 0.06324 -0.03668)
(-0.18156 0.08533 -0.07892)
(-0.22342 0.11046 -0.12778)
(-0.27526 0.15188 -0.18784)
(-0.31175 0.17114 -0.26594)
(-0.36511 0.20035 -0.33088)
(-0.34625 0.20247 -0.33642)
(-0.32482 0.20314 -0.39732)
(-0.35507 0.22459 -0.39965)
(-0.32322 0.21364 -0.43180)
(-0.32186 0.22327 -0.44703)
(-0.30728 0.22204 -0.46488)
(-0.22891 0.18186 -0.43077)
(-0.22726 0.18333 -0.45073)
(-0.23796 0.19785 -0.47567)
(-0.16478 0.16403 -0.42174)
(-0.17204 0.17241 -0.42926)
(-0.13945 0.15687 -0.39952)
(-0.13284 0.14990 -0.39685)
(-0.08961 0.13502 -0.33601)
(-0.08803 0.13187 -0.32626)
(-0.04075 0.10255 -0.25735)
(-0.04672 0.09541 -0.24221)
(-0.05570 0.09416 -0.22731)
(-0.00157 0.04540 -0.15234)
(0.00656 0.02535 -0.12948)
(0.03870 -0.01958 -0.06567)
(0.03880 -0.02238 -0.06132)
(0.06951 -0.05183 0.00968)
(0.06163 -0.06235 0.02134)
(0.08448 -0.06517 0.06770)
(0.06928 -0.08651 0.08161)
(0.07895 -0.07655 0.11838)
(0.06734 -0.08733 0.12820)
(0.07723 -0.06265 0.13494)
(0.04900 -0.10432 0.15061)
(0.04639 -0.08295 0.15945)
(0.04613 -0.07928 0.16023)
(0.03967 -0.08337 0.17024)
(0.03397 -0.07261 0.17526)
(0.00959 -0.02819 0.07571)
(0.00059 -0.00177 0.00552)
(0.00283 -0.00138 0.00253)
(0.01434 -0.00741 0.02255)
(0.01692 -0.01032 0.03374)
(0.00427 0.00003 0.03291)
(0.00035 -0.00361 0.03489)
(-0.04071 0.01285 0.01742)
(-0.11234 0.05464 -0.01615)
(-0.08274 0.03283 0.00073)
(-0.13559 0.06689 -0.02918)
(-0.16708 0.08442 -0.05253)
(-0.23613 0.12588 -0.12206)
(-0.27636 0.15340 -0.17191)
(-0.30154 0.17346 -0.22969)
(-0.31050 0.18170 -0.22244)
(-0.34637 0.19627 -0.30507)
(-0.35488 0.21952 -0.33990)
(-0.39610 0.26869 -0.42246)
(-0.36926 0.24378 -0.43378)
(-0.36819 0.25149 -0.45919)
(-0.34859 0.24408 -0.46270)
(-0.31287 0.23110 -0.48451)
(-0.28983 0.22493 -0.48614)
(-0.27154 0.21744 -0.48608)
(-0.21930 0.18964 -0.46544)
(-0.20002 0.18382 -0.45417)
(-0.20644 0.19214 -0.45790)
(-0.19957 0.18541 -0.44910)
(-0.14280 0.15625 -0.38512)
(-0.14852 0.15700 -0.36837)
(-0.09378 0.13185 -0.30552)
(-0.08453 0.11591 -0.27144)
(-0.07670 0.09244 -0.23213)
(-0.03605 0.06090 -0.18108)
(-0.02909 0.03526 -0.15703)
(0.03372 -0.01838 -0.07038)
(0.02455 -0.03351 -0.05765)
(0.05135 -0.05686 -0.01226)
(0.03007 -0.09091 0.00399)
(0.05420 -0.08893 0.03604)
(0.05353 -0.10516 0.07335)
(0.06683 -0.09077 0.08442)
(0.07295 -0.09719 0.11345)
(0.05266 -0.12612 0.12240)
(0.04674 -0.12121 0.13527)
(0.04856 -0.10819 0.14856)
(0.04342 -0.09012 0.16543)
(0.03250 -0.08914 0.17610)
(0.03112 -0.08419 0.17571)
(0.01528 -0.05233 0.13152)
(0.00706 -0.02422 0.06498)
(0.00094 -0.00351 0.00974)
(-0.00175 0.00076 -0.00205)
(0.00630 -0.00272 0.00795)
(0.02096 -0.00753 0.02712)
(0.02158 -0.00719 0.04046)
(0.00534 -0.00004 0.03862)
(-0.00791 0.00542 0.03674)
(-0.04055 0.01888 0.02119)
(-0.01791 0.01004 0.03500)
(-0.09717 0.04810 -0.00846)
(-0.13027 0.06549 -0.02511)
(-0.14825 0.07590 -0.03723)
(-0.21161 0.12710 -0.09258)
(-0.23129 0.12793 -0.11036)
(-0.26435 0.15798 -0.16023)
(-0.31592 0.21000 -0.23511)
(-0.34842 0.22141 -0.27971)
(-0.34354 0.23671 -0.27656)
(-0.36370 0.23838 -0.32003)
(-0.40006 0.27689 -0.42174)
(-0.39567 0.27370 -0.43347)
(-0.39496 0.27719 -0.44327)
(-0.37752 0.27366 -0.46155)
(-0.33357 0.24216 -0.49440)
(-0.33396 0.25065 -0.50515)
(-0.31721 0.25213 -0.52399)
(-0.28730 0.23008 -0.51361)
(-0.25618 0.20809 -0.49959)
(-0.24370 0.20567 -0.49601)
(-0.24893 0.21363 -0.49779)
(-0.24570 0.21305 -0.49351)
(-0.18177 0.17729 -0.41800)
(-0.16160 0.16496 -0.37999)
(-0.14699 0.15547 -0.35894)
(-0.13714 0.14800 -0.33435)
(-0.12023 0.11519 -0.27081)
(-0.07181 0.07654 -0.20942)
(-0.07318 0.04155 -0.17143)
(-0.02934 0.01196 -0.13332)
(-0.02448 -0.01381 -0.09731)
(0.02355 -0.08383 -0.01204)
(0.02340 -0.09218 -0.00238)
(0.03067 -0.09840 0.01237)
(0.03120 -0.10590 0.01926)
(0.04974 -0.12085 0.10220)
(0.04946 -0.13204 0.12103)
(0.04410 -0.12422 0.13717)
(0.04429 -0.12382 0.13961)
(0.04240 -0.11677 0.15422)
(0.03407 -0.10646 0.16574)
(0.02342 -0.10743 0.17758)
(0.02511 -0.10442 0.17618)
(0.01561 -0.08495 0.19043)
(0.00383 -0.05431 0.12962)
(0.00019 -0.00553 0.01394)
(0.00007 -0.00557 0.01391)
(0.00590 -0.00234 0.00636)
(0.02939 -0.01134 0.03700)
(0.00384 0.00152 0.04290)
(-0.00163 0.00352 0.04072)
(-0.01031 0.00714 0.03845)
(-0.02149 0.01240 0.03688)
(-0.08925 0.04752 -0.00166)
(-0.12701 0.07166 -0.02612)
(-0.14698 0.07631 -0.03499)
(-0.19925 0.12462 -0.08843)
(-0.26008 0.16287 -0.15611)
(-0.32807 0.22600 -0.25020)
(-0.33704 0.23644 -0.26748)
(-0.35216 0.24668 -0.29183)
(-0.37139 0.26702 -0.33727)
(-0.40017 0.28195 -0.43070)
(-0.40421 0.29163 -0.42822)
(-0.40006 0.28558 -0.44068)
(-0.40531 0.30470 -0.47352)
(-0.38529 0.29931 -0.50399)
(-0.37632 0.28866 -0.50035)
(-0.36811 0.28059 -0.52300)
(-0.35047 0.28188 -0.54457)
(-0.34586 0.27831 -0.54918)
(-0.28842 0.23499 -0.52184)
(-0.26126 0.22098 -0.50964)
(-0.25847 0.22039 -0.50546)
(-0.24593 0.21423 -0.49080)
(-0.22057 0.19912 -0.44311)
(-0.16059 0.16326 -0.37245)
(-0.16078 0.15608 -0.35261)
(-0.14591 0.13255 -0.29812)
(-0.11136 0.10063 -0.25083)
(-0.08538 0.04824 -0.18197)
(-0.06784 0.02926 -0.16002)
(-0.06497 0.01887 -0.15145)
(0.01617 -0.08610 -0.01684)
(0.01589 -0.09356 -0.00883)
(0.02410 -0.10046 0.00651)
(0.02510 -0.11013 0.01551)
(0.03469 -0.12769 0.07568)
(0.04232 -0.14517 0.11316)
(0.03029 -0.13592 0.14445)
(0.03066 -0.13152 0.15565)
(0.03241 -0.11932 0.17164)
(0.02013 -0.11562 0.17867)
(0.01959 -0.11183 0.17957)
(0.00651 -0.08714 0.19591)
(0.00292 -0.06365 0.15071)
(0.00101 -0.03438 0.08360)
(0.00149 -0.06539 0.15486)
(-0.00007 -0.00910 0.02259)
(0.00148 -0.00060 0.00167)
(0.01130 -0.00454 0.01296)
(0.00732 -0.00306 0.00863)
(0.02684 -0.01088 0.03213)
(0.02209 -0.00616 0.05154)
(0.00771 -0.00065 0.04821)
(-0.00345 0.00418 0.04516)
(-0.01672 0.01133 0.04431)
(-0.01199 0.00814 0.04082)
(-0.06068 0.03451 0.02428)
(-0.07539 0.04311 0.01054)
(-0.10931 0.06247 -0.00569)
(-0.15883 0.10398 -0.05465)
(-0.20143 0.13235 -0.09509)
(-0.22761 0.15483 -0.13266)
(-0.30047 0.20672 -0.21028)
(-0.33144 0.23745 -0.26246)
(-0.34674 0.24796 -0.28484)
(-0.36534 0.27274 -0.31829)
(-0.40402 0.33297 -0.40404)
(-0.40431 0.29509 -0.43712)
(-0.41726 0.33510 -0.47132)
(-0.41131 0.34267 -0.50751)
(-0.38378 0.30590 -0.52964)
(-0.36591 0.29408 -0.54838)
(-0.35561 0.28720 -0.55330)
(-0.32844 0.26552 -0.54845)
(-0.30128 0.25022 -0.53905)
(-0.27071 0.22738 -0.51827)
(-0.25695 0.22008 -0.50067)
(-0.25486 0.21768 -0.47676)
(-0.19941 0.18638 -0.40273)
(-0.20140 0.17994 -0.37638)
(-0.19031 0.16698 -0.34182)
(-0.13403 0.11100 -0.26430)
(-0.10804 0.06439 -0.20487)
(-0.07910 0.03432 -0.16848)
(-0.07422 0.01998 -0.15623)
(-0.03054 -0.05092 -0.07545)
(-0.00173 -0.09387 -0.02810)
(0.01702 -0.10264 0.00077)
(0.01456 -0.12550 0.02776)
(0.02394 -0.14056 0.06745)
(0.01753 -0.15622 0.09009)
(0.03140 -0.14994 0.12658)
(0.03049 -0.14079 0.14416)
(0.03038 -0.13655 0.15280)
(0.01778 -0.12844 0.17267)
(0.00858 -0.10808 0.19313)
(0.00502 -0.08983 0.19932)
(0.00322 -0.08862 0.20085)
(0.00130 -0.08584 0.20077)
(0.00001 -0.05726 0.13716)
(-0.00079 -0.00953 0.02453)
(0.00072 0.00761 -0.01988)
(0.00065 -0.00041 0.00095)
(0.00786 -0.00501 0.01175)
(0.03833 -0.01994 0.05596)
(0.02314 -0.01515 0.03679)
(0.03016 -0.02256 0.07320)
(0.01544 -0.00905 0.06082)
(0.00831 -0.00577 0.05963)
(-0.01743 0.00518 0.05761)
(-0.03403 0.01751 0.04473)
(-0.08490 0.04781 0.02161)
(-0.10418 0.05714 0.01892)
(-0.11628 0.07463 -0.01372)
(-0.16892 0.11073 -0.06750)
(-0.21123 0.15939 -0.12513)
(-0.25544 0.19234 -0.17705)
(-0.27186 0.21319 -0.20786)
(-0.32724 0.27770 -0.28634)
(-0.34101 0.24961 -0.27995)
(-0.36644 0.29486 -0.32751)
(-0.39731 0.34580 -0.38606)
(-0.40465 0.34327 -0.42177)
(-0.42079 0.36099 -0.47044)
(-0.42039 0.36812 -0.49278)
(-0.41006 0.33707 -0.53192)
(-0.40014 0.34390 -0.54910)
(-0.39584 0.33917 -0.57660)
(-0.35714 0.29066 -0.57780)
(-0.33933 0.27734 -0.56899)
(-0.33454 0.27574 -0.57532)
(-0.29729 0.24548 -0.53706)
(-0.27495 0.22844 -0.49508)
(-0.25052 0.21323 -0.45843)
(-0.22868 0.19188 -0.41120)
(-0.22129 0.18250 -0.38541)
(-0.17665 0.13965 -0.30818)
(-0.17068 0.11412 -0.27949)
(-0.08976 0.04011 -0.17589)
(-0.09074 0.00989 -0.14956)
(-0.06630 -0.03568 -0.11099)
(-0.06009 -0.07352 -0.07301)
(-0.03094 -0.11009 -0.01099)
(-0.02157 -0.12279 0.00845)
(0.00027 -0.15967 0.06554)
(0.01218 -0.16040 0.09258)
(0.02066 -0.15475 0.12270)
(0.01351 -0.15179 0.14545)
(0.02329 -0.13990 0.16109)
(0.00209 -0.12763 0.19417)
(0.00434 -0.11999 0.19344)
(-0.00125 -0.11740 0.21020)
(-0.00174 -0.10674 0.21835)
(-0.00327 -0.08859 0.19450)
(-0.00286 -0.05494 0.12133)
(-0.00116 -0.01564 0.03570)
(0.00075 0.00612 -0.01512)
(0.00437 -0.00361 0.00830)
(0.02265 -0.01946 0.04716)
(0.02930 -0.02302 0.06899)
(0.01120 -0.01387 0.06865)
(0.00380 -0.00466 0.06498)
(-0.00400 -0.00260 0.06452)
(-0.01676 0.00893 0.05677)
(-0.02979 0.01452 0.04750)
(-0.04596 0.02419 0.03992)
(-0.06575 0.03784 0.02457)
(-0.08366 0.04965 0.01728)
(-0.10575 0.07130 -0.01497)
(-0.13522 0.09560 -0.04981)
(-0.13506 0.10733 -0.06155)
(-0.15332 0.12313 -0.08184)
(-0.24678 0.19141 -0.17446)
(-0.17266 0.14844 -0.11512)
(-0.26183 0.21711 -0.20985)
(-0.28991 0.26398 -0.25509)
(-0.35235 0.31190 -0.32736)
(-0.37863 0.34282 -0.37879)
(-0.40927 0.36342 -0.40805)
(-0.42013 0.39008 -0.46284)
(-0.42349 0.41832 -0.50233)
(-0.41354 0.36872 -0.52879)
(-0.40786 0.36325 -0.54256)
(-0.40627 0.35762 -0.58795)
(-0.38791 0.33500 -0.58772)
(-0.36906 0.31029 -0.58488)
(-0.35317 0.28837 -0.59004)
(-0.31707 0.26017 -0.55362)
(-0.30189 0.25295 -0.52791)
(-0.26751 0.22273 -0.47984)
(-0.26006 0.21203 -0.44428)
(-0.25064 0.19364 -0.40565)
(-0.20340 0.15919 -0.32883)
(-0.18530 0.11875 -0.28700)
(-0.15583 0.06924 -0.22620)
(-0.13947 0.02950 -0.18975)
(-0.09856 -0.02446 -0.13182)
(-0.07203 -0.06772 -0.08865)
(-0.07357 -0.10023 -0.03394)
(-0.03938 -0.12937 0.01132)
(-0.05478 -0.13376 0.02823)
(-0.01746 -0.14858 0.08542)
(0.00260 -0.15617 0.12253)
(-0.02169 -0.15645 0.15002)
(-0.01946 -0.15462 0.15894)
(-0.01208 -0.14550 0.16991)
(-0.02077 -0.15066 0.16888)
(-0.00751 -0.13233 0.19048)
(-0.00582 -0.11693 0.21357)
(-0.00662 -0.11501 0.21299)
(-0.01032 -0.10371 0.20983)
(-0.00400 -0.03217 0.07048)
(-0.00096 -0.00500 0.01195)
(0.00038 0.00192 -0.00463)
(0.00085 -0.00073 0.00157)
(0.01298 -0.01144 0.02502)
(0.03128 -0.02892 0.06670)
(0.03033 -0.02587 0.07197)
(0.01834 -0.01678 0.06845)
(0.01174 -0.01481 0.07068)
(0.00349 -0.00646 0.06858)
(-0.01600 0.00874 0.05188)
(-0.02521 0.01544 0.04669)
(-0.02595 0.01770 0.04276)
(-0.08899 0.06549 -0.00940)
(-0.12503 0.10225 -0.05747)
(-0.14171 0.11709 -0.07551)
(-0.14978 0.12838 -0.08979)
(-0.20883 0.19710 -0.17311)
(-0.24582 0.24816 -0.21961)
(-0.32409 0.30608 -0.30148)
(-0.34496 0.35116 -0.34717)
(-0.38357 0.36732 -0.39540)
(-0.35273 0.37043 -0.37460)
(-0.40529 0.40337 -0.45629)
(-0.42235 0.42753 -0.49939)
(-0.42463 0.41973 -0.51362)
(-0.41967 0.40978 -0.52981)
(-0.41123 0.37650 -0.57204)
(-0.40182 0.35295 -0.59162)
(-0.38922 0.33499 -0.59750)
(-0.37130 0.32504 -0.59351)
(-0.33425 0.27914 -0.56757)
(-0.32745 0.27860 -0.54875)
(-0.30076 0.24891 -0.50970)
(-0.26910 0.21574 -0.45215)
(-0.25674 0.19880 -0.41334)
(-0.24554 0.18572 -0.38951)
(-0.21973 0.14978 -0.33317)
(-0.16870 0.07189 -0.23699)
(-0.15689 0.04351 -0.20714)
(-0.15431 0.01126 -0.15919)
(-0.10965 -0.05046 -0.09462)
(-0.08909 -0.10206 -0.01364)
(-0.07836 -0.11318 0.00346)
(-0.07726 -0.11750 0.01697)
(-0.05652 -0.12701 0.05932)
(-0.03258 -0.14938 0.13376)
(-0.02500 -0.15085 0.16364)
(-0.01614 -0.14528 0.18607)
(-0.01438 -0.13270 0.19632)
(-0.02026 -0.12900 0.19994)
(-0.01080 -0.12724 0.20924)
(-0.01077 -0.12338 0.21713)
(-0.00757 -0.11072 0.19423)
(-0.00395 -0.03670 0.07439)
(-0.00019 -0.00267 0.00527)
(0.00064 -0.00042 0.00079)
(0.01889 -0.01256 0.02410)
(0.03712 -0.02203 0.05614)
(0.04206 -0.02355 0.06363)
(0.03600 -0.02313 0.06744)
(0.01158 -0.01648 0.06698)
(0.01014 -0.01197 0.06182)
(0.00623 -0.01262 0.06675)
(-0.01078 0.00592 0.05251)
(-0.01793 0.01172 0.04780)
(-0.01159 0.00894 0.04840)
(-0.01846 0.01430 0.04357)
(-0.02462 0.01927 0.03865)
(-0.08290 0.08063 -0.03550)
(-0.12995 0.11042 -0.06897)
(-0.13791 0.12138 -0.08241)
(-0.19547 0.19780 -0.16723)
(-0.21786 0.22849 -0.19746)
(-0.28853 0.30519 -0.27918)
(-0.31080 0.34859 -0.32199)
(-0.32205 0.36459 -0.33811)
(-0.38876 0.40134 -0.44442)
(-0.41983 0.43623 -0.49685)
(-0.42344 0.42941 -0.51000)
(-0.42497 0.43132 -0.52005)
(-0.41609 0.41613 -0.55965)
(-0.40738 0.36537 -0.59141)
(-0.39855 0.36865 -0.58986)
(-0.36368 0.31901 -0.58627)
(-0.32259 0.27529 -0.53928)
(-0.30742 0.25588 -0.50651)
(-0.25222 0.19129 -0.39863)
(-0.20902 0.11466 -0.28044)
(-0.19199 0.07141 -0.22570)
(-0.15316 -0.01302 -0.12659)
(-0.08820 -0.10687 0.00019)
(-0.07775 -0.11972 0.02870)
(-0.03072 -0.15014 0.15849)
(-0.02685 -0.13815 0.19384)
(-0.00370 -0.04539 0.07903)
(0.00344 -0.00235 0.00353)
(0.02846 -0.01753 0.03323)
(0.04627 -0.02443 0.05732)
(0.04524 -0.02579 0.04599)
(0.04707 -0.02351 0.05708)
(0.04365 -0.02338 0.06007)
(0.02615 -0.01483 0.06117)
(-0.00540 0.00373 0.05275)
(-0.00512 0.00701 0.04839)
(-0.01177 0.01191 0.04373)
(-0.01542 0.01788 0.03431)
(-0.03987 0.05720 -0.00909)
(-0.04396 0.06987 -0.03197)
(-0.09688 0.10217 -0.05972)
(-0.13551 0.16462 -0.12749)
(-0.16717 0.17947 -0.14230)
(-0.18659 0.21637 -0.17800)
(-0.26565 0.29907 -0.26639)
(-0.22024 0.26927 -0.22783)
(-0.29873 0.34225 -0.31124)
(-0.31110 0.36004 -0.32906)
(-0.34673 0.39137 -0.38508)
(-0.39407 0.43926 -0.46326)
(-0.41835 0.44246 -0.50333)
(-0.42260 0.43971 -0.51664)
(-0.41370 0.41292 -0.57580)
(-0.00576 0.00277 -0.00435)
(0.01677 -0.00793 0.01244)
(0.05836 -0.02597 0.04596)
(0.05421 -0.02757 0.05645)
(0.04829 -0.02473 0.05764)
(0.04164 -0.02093 0.06232)
(0.03191 -0.01579 0.06096)
(0.03021 -0.01080 0.05712)
(0.03433 -0.01268 0.05807)
(0.01713 0.00067 0.04896)
(0.01063 0.00767 0.03797)
(0.00638 0.02011 0.02447)
(-0.01598 0.04632 -0.00831)
(-0.01022 0.04293 -0.00840)
(-0.07715 0.10752 -0.06525)
(-0.10813 0.14727 -0.10795)
(-0.16864 0.21119 -0.16873)
(-0.19743 0.25628 -0.20818)
(-0.27715 0.32998 -0.29090)
(-0.33366 0.40107 -0.36913)
(-0.36272 0.44089 -0.41890)
(-0.00581 0.00222 -0.00392)
(0.00411 -0.00156 0.00279)
(0.02806 -0.00976 0.01918)
(0.05737 -0.02428 0.05349)
(0.05656 -0.02376 0.05503)
(0.05672 -0.01943 0.05678)
(0.04521 -0.01345 0.05289)
(0.03343 0.00110 0.04398)
(0.02562 0.00832 0.03677)
(0.01145 0.02542 0.01817)
(-0.01049 0.04456 -0.00500)
(-0.02118 0.05909 -0.01825)
(-0.05431 0.09555 -0.05139)
(-0.09108 0.15012 -0.10191)
(-0.13020 0.18039 -0.13403)
(-0.14263 0.20562 -0.15027)
(-0.22172 0.28886 -0.23601)
(0.00134 -0.00035 0.00079)
(0.03260 -0.00847 0.02164)
(0.04668 -0.01722 0.03986)
(0.05923 -0.02173 0.05181)
(0.05797 -0.02139 0.05375)
(0.05898 -0.01962 0.05280)
(0.05531 -0.00772 0.04590)
(0.05062 -0.00083 0.04225)
(0.04301 0.00193 0.03873)
(0.04396 0.01027 0.02978)
(0.03031 0.02750 0.01365)
(0.02157 0.03805 0.00376)
(0.01093 0.04058 0.00382)
(0.01724 0.05133 -0.00986)
(-0.00592 0.06550 -0.02534)
(-0.05401 0.10900 -0.06597)
(0.00374 -0.00060 0.00177)
(0.04635 -0.01140 0.03230)
(0.06054 -0.01961 0.05076)
(0.06418 -0.00357 0.03490)
(0.05832 -0.00970 0.04341)
(0.05470 -0.00181 0.03714)
(0.05328 0.00616 0.03568)
(0.04507 0.01083 0.02928)
(0.03110 0.03776 0.00306)
(0.02187 0.04819 -0.00624)
(-0.00077 0.00001 -0.00029)
(0.02005 0.00011 0.00732)
(0.05178 0.00171 0.02113)
(-0.39214 0.36457 -0.60020)
(-0.33283 0.28592 -0.55461)
(-0.26235 0.20463 -0.42165)
(-0.24687 0.17429 -0.36378)
(-0.17486 0.02579 -0.16960)
(-0.11159 -0.07685 -0.03998)
(-0.08695 -0.11127 0.01443)
(-0.05942 -0.13290 0.09930)
(-0.03819 -0.14838 0.15944)
(-0.02581 -0.13425 0.19697)
(-0.02059 -0.12852 0.20069)
(-0.01005 -0.11258 0.19365)
(-0.00978 -0.11063 0.19085)
(-0.00936 -0.10839 0.18771)
(-0.00080 -0.01023 0.01783)
(-0.42176 0.44357 -0.54892)
(-0.40687 0.40141 -0.59057)
(-0.39406 0.38073 -0.59488)
(-0.37949 0.34883 -0.59419)
(-0.34249 0.29834 -0.57246)
(-0.32698 0.28190 -0.54447)
(-0.31305 0.26589 -0.50814)
(-0.29659 0.25479 -0.47447)
(-0.25835 0.19765 -0.40816)
(-0.26919 0.19855 -0.38514)
(-0.21782 0.12126 -0.28921)
(-0.20246 0.07392 -0.22676)
(-0.18291 0.03450 -0.17730)
(-0.17148 0.01426 -0.15582)
(-0.15315 -0.03443 -0.08591)
(-0.09831 -0.10009 -0.00350)
(-0.09637 -0.10497 0.01175)
(-0.08886 -0.11752 0.04115)
(-0.08531 -0.13037 0.10129)
(-0.05139 -0.14557 0.14388)
(-0.05360 -0.14266 0.15853)
(-0.04174 -0.13782 0.17953)
(-0.03435 -0.13482 0.18532)
(-0.02144 -0.12177 0.19396)
(-0.01091 -0.11422 0.18899)
(-0.00963 -0.11082 0.18379)
(-0.00317 -0.04249 0.07041)
(-0.00028 -0.00425 0.00701)
(-0.37953 0.47064 -0.45587)
(-0.41144 0.47026 -0.51228)
(-0.41510 0.46946 -0.52360)
(-0.42529 0.45429 -0.57245)
(-0.41425 0.43622 -0.57606)
(-0.40093 0.40331 -0.58698)
(-0.38180 0.36296 -0.59606)
(-0.36369 0.34368 -0.58167)
(-0.33101 0.29006 -0.54963)
(-0.34503 0.31803 -0.56770)
(-0.31938 0.28173 -0.52610)
(-0.30323 0.26630 -0.48130)
(-0.28131 0.22421 -0.42341)
(-0.27424 0.20585 -0.39473)
(-0.24830 0.15545 -0.32085)
(-0.22847 0.10543 -0.25708)
(-0.22010 0.08207 -0.22107)
(-0.17853 0.01338 -0.14913)
(-0.17079 -0.01825 -0.10100)
(-0.13702 -0.06208 -0.03881)
(-0.12986 -0.08246 0.00417)
(-0.11065 -0.10867 0.04937)
(-0.10400 -0.12096 0.10776)
(-0.09180 -0.12718 0.11178)
(-0.06124 -0.13618 0.15548)
(-0.04421 -0.13694 0.17537)
(-0.05700 -0.13940 0.16713)
(-0.03893 -0.13618 0.18435)
(-0.03046 -0.13103 0.18305)
(-0.03326 -0.13446 0.17537)
(-0.01248 -0.11918 0.18865)
(-0.01006 -0.11171 0.17677)
(-0.00326 -0.05659 0.08689)
(-0.00067 -0.01316 0.01940)
(0.00022 0.00508 -0.00744)
(-0.26347 0.34526 -0.29327)
(-0.32096 0.40372 -0.36229)
(-0.34453 0.43332 -0.40010)
(-0.37749 0.46922 -0.45080)
(-0.40343 0.48068 -0.49713)
(-0.40104 0.48506 -0.51196)
(-0.41690 0.45798 -0.55492)
(-0.40688 0.44767 -0.55583)
(-0.39762 0.42012 -0.58030)
(-0.39065 0.40303 -0.58450)
(-0.37152 0.37423 -0.57742)
(-0.35676 0.34829 -0.56847)
(-0.34147 0.32193 -0.54246)
(-0.33296 0.31166 -0.52559)
(-0.30288 0.26434 -0.47552)
(-0.29507 0.24037 -0.41460)
(-0.28859 0.21905 -0.38282)
(-0.25721 0.16037 -0.31800)
(-0.24847 0.13640 -0.28484)
(-0.22201 0.06640 -0.20284)
(-0.20278 0.03430 -0.16881)
(-0.18617 -0.00116 -0.11390)
(-0.16458 -0.04200 -0.05951)
(-0.14329 -0.07661 -0.00392)
(-0.12385 -0.09461 0.02850)
(-0.13667 -0.09377 0.03550)
(-0.11286 -0.11030 0.07386)
(-0.09690 -0.12530 0.11550)
(-0.07516 -0.13852 0.13795)
(-0.07096 -0.14197 0.14708)
(-0.05077 -0.14267 0.17091)
(-0.02551 -0.13486 0.17798)
(-0.03851 -0.14064 0.16300)
(-0.01670 -0.13373 0.17165)
(-0.01162 -0.11585 0.15065)
(-0.00086 -0.01398 0.01732)
(0.00056 0.01161 -0.01482)
(-0.01178 -0.09568 0.11414)
(-0.08647 0.14821 -0.09877)
(-0.10316 0.16547 -0.11422)
(-0.11305 0.17882 -0.12423)
(-0.19421 0.26693 -0.21256)
(-0.25473 0.33794 -0.28291)
(-0.27769 0.37060 -0.30054)
(-0.28929 0.37334 -0.32516)
(-0.31811 0.41450 -0.36276)
(-0.34886 0.44992 -0.40655)
(-0.37725 0.47216 -0.46035)
(-0.39564 0.48651 -0.49817)
(-0.40146 0.48333 -0.51320)
(-0.40007 0.45374 -0.54744)
(-0.39185 0.41115 -0.58127)
(-0.38579 0.40272 -0.58208)
(-0.37083 0.37858 -0.57021)
(-0.34950 0.33114 -0.56240)
(-0.35197 0.34772 -0.53911)
(-0.31867 0.29150 -0.49447)
(-0.35334 0.35367 -0.53037)
(-0.29731 0.24048 -0.41002)
(-0.29439 0.23121 -0.39415)
(-0.28447 0.20831 -0.36748)
(-0.24290 0.10933 -0.24418)
(-0.21638 0.05217 -0.18353)
(-0.22066 0.06196 -0.19488)
(-0.20342 0.02314 -0.14465)
(-0.17540 -0.03124 -0.05999)
(-0.18028 -0.01710 -0.08002)
(-0.15782 -0.06077 -0.01740)
(-0.14711 -0.07902 0.01239)
(-0.13813 -0.09410 0.04105)
(-0.09866 -0.12103 0.10006)
(-0.07870 -0.13967 0.13851)
(-0.07308 -0.14226 0.14268)
(-0.06583 -0.14443 0.15004)
(-0.04238 -0.14188 0.14596)
(-0.03342 -0.14101 0.15114)
(-0.02699 -0.13831 0.15218)
(-0.01146 -0.07619 0.08771)
(-0.00108 -0.00932 0.01083)
(-0.00933 -0.04431 0.04826)
(-0.00171 -0.00843 0.00922)
(0.01760 0.05357 -0.01140)
(0.01344 0.05652 -0.01443)
(-0.02040 0.08976 -0.04457)
(-0.08228 0.14658 -0.09607)
(-0.09659 0.16140 -0.10917)
(-0.09008 0.15739 -0.10435)
(-0.10676 0.17465 -0.11929)
(-0.18755 0.27220 -0.21337)
(-0.14126 0.22196 -0.14989)
(-0.20714 0.30292 -0.22545)
(-0.24693 0.34683 -0.26479)
(-0.30842 0.42281 -0.33974)
(-0.31116 0.43165 -0.34569)
(-0.35239 0.45406 -0.42367)
(-0.39340 0.48761 -0.49124)
(-0.39787 0.48482 -0.50429)
(-0.39912 0.48332 -0.50989)
(-0.39682 0.47043 -0.52497)
(-0.39302 0.41806 -0.57849)
(-0.38770 0.40958 -0.57973)
(-0.38635 0.40548 -0.58540)
(-0.36392 0.35884 -0.56917)
(-0.36047 0.36700 -0.54310)
(-0.35934 0.36320 -0.53621)
(-0.30889 0.26761 -0.44085)
(-0.30041 0.24346 -0.40489)
(-0.28943 0.21866 -0.37704)
(-0.29539 0.23087 -0.38801)
(-0.26494 0.15468 -0.28745)
(-0.24324 0.13367 -0.26000)
(-0.20606 0.05401 -0.17435)
(-0.19879 0.02750 -0.14015)
(-0.15374 -0.06958 -0.00428)
(-0.14821 -0.07740 0.00725)
(-0.14246 -0.08656 0.02285)
(-0.11140 -0.11173 0.07122)
(-0.08042 -0.14022 0.13465)
(-0.07494 -0.14255 0.13885)
(-0.06752 -0.14461 0.14647)
(-0.06492 -0.14604 0.14351)
(-0.04470 -0.14088 0.14131)
(-0.02975 -0.12772 0.13439)
(-0.01001 -0.03915 0.03988)
(0.00183 0.00820 -0.00841)
(-0.00072 -0.00286 0.00293)
(0.06546 0.00469 0.02478)
(0.06371 0.01514 0.02114)
(0.05769 0.00976 0.02824)
(0.05315 0.02095 0.02151)
(0.04568 0.02845 0.00681)
(0.04948 0.03030 0.01078)
(0.03586 0.03677 0.00393)
(0.02218 0.04999 -0.00765)
(0.02214 0.05248 -0.00988)
(0.01776 0.05601 -0.01334)
(0.01331 0.05939 -0.01650)
(-0.01236 0.09073 -0.04263)
(-0.05837 0.13296 -0.08076)
(-0.09065 0.16211 -0.10583)
(-0.12863 0.21860 -0.13850)
(-0.18798 0.28875 -0.20090)
(-0.24424 0.34699 -0.25766)
(-0.29100 0.40986 -0.31737)
(-0.30470 0.42517 -0.33401)
(-0.33400 0.44602 -0.38532)
(-0.35807 0.46635 -0.42250)
(-0.39523 0.48613 -0.49617)
(-0.39670 0.48443 -0.50274)
(-0.39643 0.48194 -0.52053)
(-0.39414 0.44408 -0.55563)
(-0.39272 0.43293 -0.57214)
(-0.39012 0.42551 -0.57700)
(-0.37011 0.38587 -0.56577)
(-0.36547 0.37524 -0.54929)
(-0.36561 0.37286 -0.54244)
(-0.34366 0.32884 -0.49507)
(-0.32542 0.28844 -0.44259)
(-0.32172 0.28065 -0.41920)
(-0.28057 0.20843 -0.35209)
(-0.26733 0.17218 -0.28742)
(-0.24871 0.14399 -0.25243)
(-0.21932 0.08742 -0.20569)
(-0.20522 0.05743 -0.16799)
(-0.19549 0.03006 -0.11310)
(-0.16820 -0.04104 -0.04267)
(-0.15172 -0.07163 -0.00363)
(-0.14650 -0.08034 0.00823)
(-0.14325 -0.08605 0.01877)
(-0.12634 -0.10626 0.04760)
(-0.08914 -0.13985 0.11988)
(-0.09426 -0.12400 0.08078)
(-0.07958 -0.14182 0.11407)
(-0.06204 -0.14603 0.11605)
(-0.05350 -0.14448 0.13584)
(-0.04123 -0.14091 0.13838)
(-0.03968 -0.13091 0.13069)
(-0.02607 -0.09941 0.09847)
(-0.00602 -0.02160 0.02201)
(0.00416 0.00030 0.00136)
(0.01087 0.00100 0.00358)
(0.05887 0.01147 0.01614)
(0.05570 0.01398 0.01723)
(0.03159 0.02338 0.00015)
(0.04157 0.02548 0.00383)
(0.02175 0.03995 -0.01160)
(0.01571 0.04139 -0.01321)
(0.00564 0.05362 -0.02471)
(0.00781 0.05186 -0.02190)
(-0.00345 0.06823 -0.03173)
(-0.04352 0.09753 -0.06461)
(-0.03216 0.10096 -0.05915)
(-0.05587 0.12907 -0.07532)
(-0.06524 0.14621 -0.08815)
(-0.14999 0.22588 -0.15245)
(-0.16812 0.24537 -0.16723)
(-0.19473 0.29198 -0.20402)
(-0.24627 0.35285 -0.25051)
(-0.28518 0.39781 -0.29968)
(-0.31683 0.43316 -0.32955)
(-0.34032 0.46724 -0.37601)
(-0.36164 0.48271 -0.41383)
(-0.38957 0.49716 -0.47418)
(-0.39323 0.50445 -0.48346)
(-0.39197 0.50443 -0.49354)
(-0.39672 0.47580 -0.54146)
(-0.39507 0.46712 -0.54755)
(-0.39423 0.46231 -0.55998)
(-0.38430 0.42295 -0.56692)
(-0.38846 0.42805 -0.56019)
(-0.38882 0.42129 -0.55795)
(-0.37477 0.38395 -0.52895)
(-0.35797 0.36161 -0.49829)
(-0.35353 0.34838 -0.47292)
(-0.30304 0.26136 -0.38472)
(-0.27480 0.19679 -0.31148)
(-0.25799 0.17674 -0.27715)
(-0.23720 0.12546 -0.20920)
(-0.19923 0.06956 -0.14827)
(-0.18124 0.02688 -0.09886)
(-0.15056 -0.04465 -0.02801)
(-0.11911 -0.09900 0.03321)
(-0.12753 -0.06118 -0.00807)
(-0.11435 -0.12843 0.06204)
(-0.09363 -0.11980 0.06084)
(-0.07333 -0.13195 0.09670)
(-0.06225 -0.13464 0.10209)
(-0.04789 -0.14298 0.12317)
(-0.04822 -0.13207 0.10811)
(-0.02324 -0.09434 0.08185)
(-0.01164 -0.04744 0.04099)
(-0.00436 -0.01784 0.01541)
(0.00206 0.00051 0.00062)
(0.03435 0.01794 0.00286)
(0.03060 0.02471 -0.00305)
(-0.00369 0.03816 -0.02558)
(-0.00461 0.03909 -0.02628)
(-0.00660 0.04075 -0.02768)
(0.00890 0.04841 -0.02278)
(-0.01613 0.04781 -0.03617)
(-0.00972 0.06391 -0.03999)
(-0.01296 0.06907 -0.04332)
(-0.04501 0.08621 -0.06429)
(-0.07007 0.10497 -0.08510)
(-0.07356 0.12669 -0.08587)
(-0.06226 0.13859 -0.08308)
(-0.10512 0.17178 -0.11482)
(-0.14061 0.21769 -0.14318)
(-0.22532 0.29046 -0.20570)
(-0.23439 0.32056 -0.22483)
(-0.27122 0.37787 -0.27464)
(-0.33598 0.45669 -0.34292)
(-0.34520 0.47434 -0.36643)
(-0.35762 0.48337 -0.39009)
(-0.37654 0.50340 -0.43155)
(-0.37394 0.50797 -0.41503)
(-0.38634 0.51369 -0.46162)
(-0.39045 0.51484 -0.48369)
(-0.39645 0.47980 -0.53610)
(-0.39999 0.48554 -0.53945)
(-0.40426 0.49550 -0.54862)
(-0.39644 0.46532 -0.56170)
(-0.40597 0.49491 -0.55121)
(-0.39457 0.43887 -0.56093)
(-0.40548 0.44944 -0.55400)
(-0.40727 0.44097 -0.54380)
(-0.39954 0.42181 -0.53977)
(-0.37885 0.39409 -0.50978)
(-0.36850 0.37750 -0.49455)
(-0.34141 0.36042 -0.44442)
(-0.32510 0.30328 -0.41202)
(-0.30383 0.28270 -0.36960)
(-0.27770 0.23972 -0.32576)
(-0.24731 0.16954 -0.23872)
(-0.26222 0.20997 -0.27223)
(-0.22838 0.16457 -0.21364)
(-0.20107 0.12064 -0.17897)
(-0.16255 0.01780 -0.07941)
(-0.11761 -0.04109 -0.03919)
(-0.10938 -0.09418 0.03545)
(-0.10356 -0.05503 -0.02128)
(-0.08701 -0.10933 0.04211)
(-0.04693 -0.10983 0.04521)
(-0.06053 -0.12094 0.06785)
(-0.03936 -0.11486 0.05786)
(-0.04225 -0.13670 0.09845)
(-0.04061 -0.12760 0.09408)
(-0.03742 -0.11453 0.05785)
(-0.03170 -0.10091 0.07416)
(-0.00401 -0.02292 0.01779)
(0.00038 0.00024 0.00005)
(0.01465 0.01716 -0.00585)
(-0.01161 0.03133 -0.02477)
(-0.01491 0.04326 -0.03332)
(-0.01605 0.04566 -0.03497)
(-0.02596 0.04829 -0.04108)
(-0.02720 0.05084 -0.04312)
(-0.03810 0.07267 -0.05714)
(-0.07247 0.10942 -0.09142)
(-0.10824 0.12253 -0.10545)
(-0.09576 0.14142 -0.10656)
(-0.14704 0.18197 -0.14391)
(-0.15810 0.19477 -0.14914)
(-0.17827 0.23994 -0.16878)
(-0.25857 0.31661 -0.23353)
(-0.26228 0.32821 -0.23863)
(-0.27760 0.34465 -0.25105)
(-0.27770 0.38325 -0.27840)
(-0.34128 0.46055 -0.34389)
(-0.34659 0.46968 -0.35571)
(-0.35397 0.48507 -0.37216)
(-0.37930 0.51562 -0.41741)
(-0.37915 0.52271 -0.43199)
(-0.39218 0.53133 -0.47122)
(-0.39505 0.51960 -0.49871)
(-0.38881 0.51079 -0.50458)
(-0.40586 0.50503 -0.54429)
(-0.40755 0.50493 -0.54625)
(-0.40930 0.49549 -0.55457)
(-0.41559 0.48336 -0.55222)
(-0.40548 0.45625 -0.55228)
(-0.39631 0.42968 -0.53480)
(-0.37909 0.41295 -0.49988)
(-0.36041 0.39561 -0.46188)
(-0.32422 0.35550 -0.41211)
(-0.31435 0.34497 -0.39795)
(-0.27236 0.26402 -0.32807)
(-0.23282 0.18618 -0.22936)
(-0.22366 0.17253 -0.21323)
(-0.15637 0.04019 -0.11333)
(-0.17005 0.09468 -0.15312)
(-0.13965 0.00881 -0.06946)
(-0.08139 -0.01183 -0.06557)
(-0.08077 -0.06688 -0.00544)
(-0.07336 -0.02056 -0.05698)
(-0.05415 -0.09769 0.02634)
(-0.03586 -0.10399 0.03706)
(-0.03505 -0.10948 0.04706)
(-0.02993 -0.11467 0.06679)
(-0.02599 -0.08921 0.05767)
(-0.02839 -0.10254 0.04391)
(-0.00546 -0.03014 0.01925)
(-0.00105 -0.00605 0.00384)
(-0.00025 -0.00037 0.00004)
(-0.00467 0.01507 -0.01087)
(-0.01803 0.02361 -0.02204)
(-0.02684 0.04630 -0.04035)
(-0.03998 0.05247 -0.04958)
(-0.09444 0.10007 -0.09143)
(-0.10677 0.11608 -0.10380)
(-0.13775 0.12902 -0.12221)
(-0.19503 0.20364 -0.17188)
(-0.21425 0.21635 -0.18370)
(-0.21349 0.22158 -0.18453)
(-0.21588 0.24823 -0.19482)
(-0.27847 0.32618 -0.24631)
(-0.27721 0.33505 -0.24825)
(-0.29223 0.35125 -0.26125)
(-0.33352 0.42704 -0.31378)
(-0.35045 0.47175 -0.35545)
(-0.37302 0.49118 -0.37725)
(-0.38970 0.52548 -0.40244)
(-0.38356 0.52670 -0.42926)
(-0.39655 0.54147 -0.45775)
(-0.39544 0.53491 -0.48086)
(-0.39693 0.53556 -0.48749)
(-0.40781 0.53467 -0.51518)
(-0.40800 0.51421 -0.54094)
(-0.40999 0.50515 -0.54889)
(-0.41376 0.50731 -0.54930)
(-0.41046 0.49779 -0.54977)
(-0.38806 0.46144 -0.53940)
(-0.40595 0.50128 -0.54086)
(-0.39277 0.48008 -0.53310)
(-0.38036 0.44905 -0.48903)
(-0.33650 0.39297 -0.43254)
(-0.33140 0.37626 -0.42437)
(-0.32089 0.36632 -0.41045)
(-0.31002 0.35786 -0.39786)
(-0.25122 0.28576 -0.31884)
(-0.23660 0.20706 -0.24282)
(-0.22778 0.19651 -0.22884)
(-0.18309 0.16573 -0.20059)
(-0.14429 0.08321 -0.13336)
(-0.14327 0.10461 -0.14440)
(-0.08011 0.00626 -0.07791)
(-0.07080 -0.00456 -0.06923)
(-0.06066 -0.04283 -0.02937)
(-0.06148 -0.01322 -0.06337)
(-0.03201 -0.09704 0.02746)
(-0.03122 -0.10359 0.03650)
(-0.02638 -0.09617 0.02566)
(-0.02015 -0.08938 0.03071)
(-0.01356 -0.05708 0.02561)
(-0.00092 -0.01112 0.00491)
(0.00018 0.00654 -0.00280)
(0.00223 -0.00280 0.00213)
(-0.00225 0.00154 -0.00156)
(-0.02702 0.02134 -0.02113)
(-0.06437 0.06189 -0.06413)
(-0.12073 0.09201 -0.09656)
(-0.10361 0.09424 -0.09283)
(-0.18179 0.14108 -0.13916)
(-0.16139 0.13526 -0.13835)
(-0.19386 0.16462 -0.16003)
(-0.21293 0.20823 -0.18084)
(-0.23041 0.22143 -0.19139)
(-0.23314 0.22984 -0.19545)
(-0.27845 0.25943 -0.22260)
(-0.26980 0.27535 -0.22675)
(-0.31338 0.30837 -0.25569)
(-0.29434 0.34155 -0.25873)
(-0.30773 0.35646 -0.27096)
(-0.33317 0.39146 -0.29614)
(-0.36557 0.44623 -0.33756)
(-0.36966 0.47913 -0.35823)
(-0.41764 0.48871 -0.38554)
(-0.38989 0.51327 -0.38704)
(-0.39422 0.52007 -0.40387)
(-0.39266 0.53364 -0.41736)
(-0.41708 0.55238 -0.44651)
(-0.39676 0.54068 -0.47632)
(-0.39803 0.54084 -0.48292)
(-0.40281 0.54625 -0.49918)
(-0.41231 0.53575 -0.52364)
(-0.40984 0.51382 -0.54320)
(-0.41211 0.53828 -0.52823)
(-0.40780 0.52207 -0.54345)
(-0.41262 0.52525 -0.54548)
(-0.40185 0.51378 -0.53744)
(-0.39320 0.48927 -0.53398)
(-0.38915 0.48676 -0.52844)
(-0.36397 0.47033 -0.47900)
(-0.32646 0.42336 -0.44515)
(-0.32536 0.38357 -0.42025)
(-0.31278 0.37306 -0.40562)
(-0.25678 0.34208 -0.34666)
(-0.23199 0.27709 -0.28084)
(-0.19468 0.23199 -0.22966)
(-0.14780 0.17653 -0.19553)
(-0.09369 0.06946 -0.11601)
(-0.09638 0.13397 -0.15103)
(-0.07008 0.01230 -0.08014)
(-0.05956 -0.00037 -0.07251)
(-0.02126 -0.00632 -0.04663)
(-0.03383 -0.04170 -0.01979)
(-0.01142 -0.05021 -0.01355)
(-0.01904 -0.09614 0.02451)
(-0.00097 -0.03712 0.01136)
(0.00667 -0.03144 0.00234)
(0.00009 -0.00087 0.00026)
(0.01003 -0.00676 0.00690)
(-0.06889 0.04793 -0.04729)
(-0.11106 0.07778 -0.08002)
(0.01110 -0.00597 0.00743)
(-0.01553 0.00890 -0.01032)
(-0.15680 0.10718 -0.09971)
(-0.16609 0.11512 -0.10880)
(-0.17103 0.12293 -0.12034)
(-0.23147 0.15250 -0.13711)
(-0.22258 0.16364 -0.16122)
(-0.24583 0.18862 -0.18026)
(-0.24460 0.20441 -0.18496)
(-0.27696 0.21152 -0.18790)
(-0.27460 0.22423 -0.19284)
(-0.24815 0.23543 -0.20222)
(-0.35612 0.30191 -0.25088)
(-0.35386 0.32928 -0.27200)
(-0.35126 0.35546 -0.27768)
(-0.41489 0.38177 -0.31077)
(-0.41011 0.41335 -0.32338)
(-0.41549 0.43393 -0.33742)
(-0.41211 0.46976 -0.36411)
(-0.42693 0.48897 -0.38795)
(-0.42192 0.49798 -0.39312)
(-0.44404 0.52152 -0.41680)
(-0.41058 0.53229 -0.41566)
(-0.43007 0.54752 -0.45088)
(-0.39873 0.54964 -0.46720)
(-0.40912 0.54083 -0.48079)
(-0.40530 0.54684 -0.49458)
(-0.40811 0.55409 -0.50433)
(-0.40827 0.55268 -0.50976)
(-0.40398 0.53414 -0.53263)
(-0.40668 0.52983 -0.53575)
(-0.39119 0.52315 -0.53541)
(-0.38543 0.51499 -0.53792)
(-0.39399 0.50317 -0.53434)
(-0.38410 0.48899 -0.52883)
(-0.34572 0.47134 -0.48875)
(-0.33486 0.45949 -0.47097)
(-0.29583 0.43605 -0.42874)
(-0.30928 0.41452 -0.42452)
(-0.26959 0.38044 -0.37489)
(-0.22262 0.34744 -0.32162)
(-0.20340 0.31709 -0.29652)
(-0.18661 0.25701 -0.25291)
(-0.14303 0.21038 -0.20313)
(-0.14924 0.23675 -0.22470)
(-0.10259 0.16240 -0.16098)
(-0.07352 0.06416 -0.10297)
(-0.08146 0.13821 -0.14761)
(-0.04763 0.09437 -0.11154)
(-0.05972 0.01415 -0.08170)
(-0.02857 0.01021 -0.06906)
(0.00104 -0.01318 -0.04953)
(0.02565 -0.02651 -0.04843)
(0.01564 -0.03863 -0.02966)
(0.00960 -0.02608 -0.00199)
(-0.00077 0.00276 -0.00023)
(0.00116 -0.00296 -0.00008)
(-0.01139 0.00701 -0.00646)
(-0.09592 0.05999 -0.05754)
(-0.16198 0.09925 -0.08616)
(-0.24508 0.15091 -0.13298)
(-0.26460 0.16522 -0.14332)
(-0.26654 0.19965 -0.17932)
(-0.32064 0.22222 -0.19669)
(-0.35829 0.27042 -0.22920)
(-0.40747 0.30448 -0.25347)
(-0.41064 0.35203 -0.28581)
(-0.43129 0.37584 -0.29991)
(-0.43032 0.40177 -0.32473)
(-0.47038 0.44204 -0.35951)
(-0.45367 0.46897 -0.36597)
(-0.47937 0.49036 -0.39725)
(-0.44444 0.49943 -0.40373)
(-0.47983 0.53008 -0.44247)
(-0.47493 0.53589 -0.44595)
(-0.47678 0.53690 -0.44988)
(-0.43090 0.54853 -0.45538)
(-0.45981 0.54003 -0.45823)
(-0.43223 0.55690 -0.47636)
(-0.41451 0.54580 -0.48937)
(-0.41731 0.54728 -0.49891)
(-0.41301 0.53981 -0.50632)
(-0.39573 0.53847 -0.51048)
(-0.39593 0.54216 -0.52035)
(-0.39058 0.52951 -0.53268)
(-0.39325 0.52769 -0.53164)
(-0.37396 0.52614 -0.52124)
(-0.35379 0.50396 -0.51537)
(-0.36054 0.50041 -0.52104)
(-0.34804 0.49113 -0.50699)
(-0.31965 0.47180 -0.47788)
(-0.29454 0.45117 -0.45126)
(-0.26732 0.41621 -0.39399)
(-0.26620 0.39452 -0.39041)
(-0.22455 0.35520 -0.33662)
(-0.20775 0.33174 -0.30672)
(-0.14556 0.27177 -0.24403)
(-0.11534 0.25642 -0.21182)
(-0.11921 0.22037 -0.19149)
(-0.08281 0.14890 -0.15290)
(-0.05315 0.13320 -0.13520)
(-0.02934 0.11062 -0.10044)
(0.00902 0.00515 -0.06206)
(-0.00986 0.05353 -0.07239)
(0.02812 -0.01407 -0.05649)
(0.02997 -0.01461 -0.05457)
(0.02299 -0.01554 -0.03380)
(0.01281 -0.01295 -0.00908)
(-0.00123 0.00061 0.00051)
(-0.00278 0.00690 0.00008)
(-0.01862 0.01134 -0.00972)
(-0.08374 0.05114 -0.04411)
(-0.11888 0.07351 -0.06144)
(-0.25579 0.15905 -0.13462)
(-0.27629 0.17449 -0.14495)
(-0.30570 0.20555 -0.17550)
(-0.27233 0.17165 -0.14130)
(-0.35809 0.25183 -0.20223)
(-0.37207 0.26825 -0.22362)
(-0.40630 0.29911 -0.24611)
(-0.41118 0.30462 -0.24346)
(-0.41707 0.31088 -0.25206)
(-0.43359 0.34369 -0.27991)
(-0.45798 0.38540 -0.30668)
(-0.46404 0.41054 -0.33692)
(-0.49453 0.46024 -0.37353)
(-0.49158 0.46817 -0.38170)
(-0.49527 0.47351 -0.38738)
(-0.48078 0.49907 -0.40674)
(-0.48871 0.52780 -0.44460)
(-0.48324 0.53182 -0.44648)
(-0.48531 0.53204 -0.45041)
(-0.48370 0.53352 -0.45451)
(-0.44264 0.54585 -0.47367)
(-0.43760 0.54611 -0.48260)
(-0.41408 0.53235 -0.48962)
(-0.41178 0.52736 -0.49612)
(-0.40897 0.52497 -0.50689)
(-0.38131 0.52393 -0.52012)
(-0.37745 0.52212 -0.52231)
(-0.37334 0.52127 -0.52423)
(-0.35076 0.50838 -0.51689)
(-0.34650 0.49813 -0.51230)
(-0.32682 0.48509 -0.48960)
(-0.28304 0.44351 -0.44604)
(-0.26403 0.42945 -0.42070)
(-0.20157 0.37262 -0.35696)
(-0.22280 0.38004 -0.35337)
(-0.19179 0.36103 -0.34236)
(-0.18283 0.34224 -0.31913)
(-0.15372 0.29974 -0.26145)
(-0.11776 0.26370 -0.21847)
(-0.10747 0.25228 -0.20632)
(-0.10414 0.24337 -0.19915)
(-0.09715 0.24095 -0.19502)
(-0.07486 0.20041 -0.16950)
(-0.03422 0.13513 -0.12121)
(-0.00781 0.12709 -0.11783)
(-0.01020 0.09388 -0.09205)
(-0.00017 0.06502 -0.07544)
(0.02497 0.03581 -0.05702)
(0.02816 0.02147 -0.04362)
(0.02428 -0.00127 -0.02373)
(0.00546 -0.00063 -0.00348)
(-0.00417 0.00137 0.00124)
(-0.03127 0.01926 -0.01600)
(-0.02896 0.01804 -0.01455)
(-0.18195 0.11407 -0.09270)
(-0.28391 0.18122 -0.14272)
(-0.35477 0.24868 -0.19748)
(-0.36597 0.26879 -0.20639)
(-0.36789 0.27123 -0.21128)
(-0.42108 0.32356 -0.25136)
(-0.44486 0.36231 -0.28341)
(-0.45238 0.37498 -0.28665)
(-0.47961 0.41640 -0.32693)
(-0.49399 0.44750 -0.35641)
(-0.49790 0.46635 -0.37942)
(-0.50024 0.47026 -0.38530)
(-0.49872 0.47666 -0.39263)
(-0.50191 0.49342 -0.41745)
(-0.49132 0.52726 -0.44782)
(-0.49317 0.52609 -0.45135)
(-0.48832 0.51723 -0.45311)
(-0.45370 0.51989 -0.46441)
(-0.44229 0.52147 -0.47203)
(-0.41865 0.50206 -0.48111)
(-0.41330 0.50149 -0.48307)
(-0.40894 0.50068 -0.48470)
(-0.38051 0.51986 -0.51835)
(-0.39093 0.50416 -0.50457)
(-0.37615 0.51775 -0.52029)
(-0.37150 0.51646 -0.52268)
(-0.34099 0.49871 -0.51639)
(-0.32688 0.48147 -0.50632)
(-0.31638 0.47553 -0.50263)
(-0.33906 0.49173 -0.50855)
(-0.29445 0.45612 -0.46997)
(-0.27557 0.43925 -0.46483)
(-0.27189 0.43287 -0.43991)
(-0.20220 0.37462 -0.36363)
(-0.19274 0.36390 -0.34918)
(-0.18378 0.35407 -0.33552)
(-0.16260 0.33449 -0.30733)
(-0.11863 0.26846 -0.22307)
(-0.11030 0.25969 -0.21303)
(-0.11577 0.26869 -0.22878)
(-0.10090 0.24969 -0.20187)
(-0.03928 0.16684 -0.14166)
(-0.06410 0.21659 -0.17365)
(-0.02435 0.15848 -0.13691)
(0.00577 0.11396 -0.10643)
(-0.01200 0.14709 -0.12695)
(0.03963 0.07464 -0.08749)
(0.04326 0.05855 -0.07816)
(0.01768 0.01038 -0.01872)
(0.01671 0.01946 -0.02573)
(0.00309 0.00170 -0.00299)
(-0.15506 0.09855 -0.07711)
(-0.03963 0.02504 -0.01957)
(-0.16540 0.11628 -0.07743)
(-0.35350 0.25107 -0.18685)
(-0.38996 0.29318 -0.19989)
(-0.39922 0.30055 -0.21964)
(-0.42780 0.33582 -0.25122)
(-0.44352 0.36350 -0.27545)
(-0.44888 0.37165 -0.28188)
(-0.47269 0.39924 -0.30858)
(-0.48554 0.42072 -0.33313)
(-0.50119 0.46471 -0.37916)
(-0.50924 0.48146 -0.40200)
(-0.49695 0.49287 -0.43430)
(-0.50698 0.48478 -0.44018)
(-0.49205 0.48860 -0.44333)
(-0.46427 0.50946 -0.46146)
(-0.46236 0.50640 -0.46844)
(-0.43002 0.49357 -0.47520)
(-0.41597 0.49433 -0.47896)
(-0.40987 0.49371 -0.48073)
(-0.39266 0.48909 -0.49498)
(-0.37603 0.51275 -0.51747)
(-0.37264 0.47771 -0.49051)
(-0.36686 0.48586 -0.50252)
(-0.37107 0.51158 -0.52018)
(-0.35205 0.49197 -0.51557)
(-0.32938 0.47978 -0.51376)
(-0.30940 0.46813 -0.50237)
(-0.28432 0.44830 -0.48007)
(-0.26093 0.42913 -0.45343)
(-0.25950 0.42455 -0.44553)
(-0.24135 0.41029 -0.43308)
(-0.21537 0.38802 -0.39354)
(-0.19435 0.36620 -0.35659)
(-0.18651 0.35775 -0.34600)
(-0.17866 0.34987 -0.33547)
(-0.17603 0.34721 -0.32823)
(-0.14151 0.31451 -0.28519)
(-0.10231 0.26327 -0.22743)
(-0.10409 0.25713 -0.20899)
(-0.07783 0.24148 -0.19677)
(-0.06007 0.21609 -0.17674)
(-0.03237 0.18160 -0.14490)
(-0.01448 0.17973 -0.13663)
(0.01802 0.11634 -0.10358)
(0.03547 0.05906 -0.06990)
(0.02403 0.06887 -0.06746)
(0.02858 0.04473 -0.05327)
(0.00860 0.01155 -0.01402)
(0.00313 0.00341 -0.00450)
(-0.00206 0.00149 -0.00100)
(-0.05617 0.04041 -0.02714)
(-0.01304 0.00984 -0.00645)
(-0.26078 0.19110 -0.12375)
(-0.41368 0.32537 -0.23044)
(-0.19692 0.15895 -0.10714)
(-0.39034 0.30013 -0.20529)
(-0.39545 0.32994 -0.23495)
(-0.44173 0.36444 -0.27495)
(-0.45870 0.39928 -0.28723)
(-0.46468 0.39223 -0.28554)
(-0.46933 0.41201 -0.30978)
(-0.48260 0.43184 -0.34961)
(-0.50086 0.45031 -0.36791)
(-0.50918 0.46327 -0.39100)
(-0.50247 0.45419 -0.39625)
(-0.51483 0.46654 -0.43837)
(-0.51612 0.46505 -0.44197)
(-0.50268 0.45548 -0.43996)
(-0.47507 0.47591 -0.44916)
(-0.48379 0.45393 -0.44040)
(-0.47033 0.47630 -0.46005)
(-0.45349 0.47256 -0.46768)
(-0.42825 0.46021 -0.45629)
(-0.40658 0.47268 -0.46726)
(-0.40489 0.46362 -0.47121)
(-0.38103 0.45564 -0.46809)
(-0.36428 0.44681 -0.47037)
(-0.34605 0.44636 -0.47899)
(-0.34188 0.46284 -0.49455)
(-0.32131 0.46393 -0.51020)
(-0.33923 0.44642 -0.48351)
(-0.31480 0.46258 -0.51726)
(-0.29591 0.44521 -0.48688)
(-0.26910 0.42102 -0.46515)
(-0.24966 0.41559 -0.44533)
(-0.21051 0.37056 -0.39536)
(-0.20265 0.36298 -0.38466)
(-0.17564 0.34108 -0.34114)
(-0.14337 0.31160 -0.30784)
(-0.12355 0.29602 -0.27570)
(-0.10227 0.27318 -0.24373)
(-0.08994 0.26984 -0.23281)
(-0.08331 0.25179 -0.21834)
(-0.04851 0.22049 -0.18348)
(-0.03217 0.20540 -0.16799)
(-0.01548 0.18014 -0.14262)
(0.00560 0.15631 -0.11943)
(0.00922 0.10735 -0.09014)
(0.01258 0.09928 -0.07967)
(0.00669 0.02574 -0.02197)
(0.00695 0.01286 -0.01325)
(0.05440 -0.04401 0.02825)
(-0.00614 0.00499 -0.00326)
(-0.28812 0.24079 -0.16435)
(0.00388 -0.00335 0.00223)
(-0.08862 0.07611 -0.05090)
(-0.35982 0.32121 -0.21221)
(-0.40844 0.36205 -0.24170)
(-0.43414 0.38948 -0.27693)
(-0.40223 0.36253 -0.24408)
(-0.40976 0.36755 -0.24939)
(-0.46777 0.41507 -0.31321)
(-0.48024 0.43031 -0.34552)
(-0.49547 0.44094 -0.37484)
(-0.48917 0.43141 -0.38262)
(-0.49487 0.45040 -0.41435)
(-0.48257 0.43610 -0.40516)
(-0.47999 0.41771 -0.41740)
(-0.46485 0.40045 -0.41068)
(-0.46985 0.43077 -0.43095)
(-0.45904 0.39688 -0.40834)
(-0.44169 0.43900 -0.43977)
(-0.42720 0.43271 -0.43593)
(-0.41535 0.41865 -0.43513)
(-0.40163 0.42799 -0.44381)
(-0.38425 0.42834 -0.44832)
(-0.37166 0.43849 -0.46234)
(-0.35123 0.42513 -0.45744)
(-0.33870 0.41608 -0.45905)
(-0.31379 0.38815 -0.44153)
(-0.31540 0.44591 -0.49440)
(-0.29549 0.42531 -0.47750)
(-0.30286 0.39106 -0.44585)
(-0.27692 0.38798 -0.44695)
(-0.26704 0.39873 -0.45269)
(-0.24854 0.37681 -0.42995)
(-0.24339 0.35960 -0.42089)
(-0.23445 0.35255 -0.41196)
(-0.21753 0.35305 -0.39785)
(-0.20412 0.36150 -0.38716)
(-0.19395 0.34564 -0.37990)
(-0.16676 0.32419 -0.34682)
(-0.14999 0.31562 -0.32457)
(-0.14237 0.29577 -0.31366)
(-0.12006 0.27479 -0.27683)
(-0.09436 0.26211 -0.24272)
(-0.08740 0.26463 -0.23200)
(-0.05369 0.22543 -0.20432)
(-0.04436 0.22451 -0.19304)
(-0.00115 0.15748 -0.13546)
(-0.00015 0.13056 -0.11715)
(0.00424 0.07503 -0.06610)
(0.00280 0.04324 -0.03650)
(0.00273 0.01472 -0.01215)
(-0.00120 -0.00276 0.00242)
(-0.00340 -0.01333 0.01095)
(-0.00338 -0.00762 0.00672)
(0.04615 -0.03998 0.02659)
(-0.02119 0.01917 -0.01249)
(-0.19291 0.17328 -0.11370)
(0.05581 -0.05119 0.03345)
(-0.12438 0.11375 -0.07523)
(-0.32159 0.29160 -0.19470)
(-0.41653 0.37809 -0.27405)
(-0.29586 0.27142 -0.18323)
(-0.37799 0.34543 -0.23445)
(-0.42718 0.39296 -0.31051)
(-0.45420 0.40992 -0.33233)
(-0.44541 0.39564 -0.35146)
(-0.47099 0.41506 -0.38355)
(-0.44074 0.38949 -0.36362)
(-0.46753 0.40579 -0.39482)
(-0.45970 0.39107 -0.40323)
(-0.45443 0.38727 -0.40042)
(-0.44926 0.38367 -0.39770)
(-0.45330 0.39359 -0.40575)
(-0.43748 0.41241 -0.42287)
(-0.41780 0.39858 -0.41584)
(-0.41689 0.40728 -0.42989)
(-0.39275 0.40366 -0.42224)
(-0.36124 0.38618 -0.40981)
(-0.34755 0.38219 -0.41145)
(-0.32014 0.37214 -0.41348)
(-0.30690 0.35742 -0.40268)
(-0.30196 0.35719 -0.40538)
(-0.29308 0.36121 -0.41097)
(-0.24571 0.35533 -0.41802)
(-0.23858 0.34989 -0.41106)
(-0.23460 0.34145 -0.40245)
(-0.22833 0.34111 -0.40048)
(-0.21108 0.33208 -0.38524)
(-0.16646 0.29662 -0.33208)
(-0.15871 0.27881 -0.31037)
(-0.13889 0.27560 -0.29927)
(-0.12312 0.27231 -0.28680)
(-0.10660 0.24178 -0.25442)
(-0.08948 0.23580 -0.24259)
(-0.07949 0.23069 -0.22851)
(-0.07465 0.23287 -0.22754)
(-0.04096 0.16571 -0.15951)
(-0.00006 0.06876 -0.06362)
(0.00150 0.03264 -0.02978)
(-0.00010 -0.00103 0.00092)
(-0.00088 -0.01236 0.01139)
(-0.00163 -0.01543 0.01395)
(0.00104 -0.00096 0.00063)
(0.01231 -0.01175 0.00772)
(-0.08016 0.07435 -0.04959)
(-0.29893 0.28584 -0.21040)
(-0.11015 0.11118 -0.08038)
(-0.39251 0.37117 -0.29564)
(-0.43295 0.39963 -0.32050)
(-0.42955 0.38720 -0.34818)
(-0.39963 0.37277 -0.32306)
(-0.42727 0.38345 -0.34903)
(-0.43091 0.38393 -0.35337)
(-0.43066 0.37918 -0.35598)
(-0.42924 0.36754 -0.36770)
(-0.44813 0.37772 -0.39213)
(-0.44408 0.37446 -0.38970)
(-0.43902 0.36957 -0.38581)
(-0.44350 0.37939 -0.39408)
(-0.40959 0.36708 -0.38872)
(-0.38247 0.34657 -0.36095)
(-0.37234 0.35336 -0.36591)
(-0.34619 0.33879 -0.35038)
(-0.33777 0.35199 -0.38485)
(-0.33411 0.35285 -0.38685)
(-0.30653 0.34594 -0.38880)
(-0.30156 0.34545 -0.39084)
(-0.29610 0.33406 -0.37910)
(-0.29472 0.33955 -0.38752)
(-0.27292 0.33384 -0.38382)
(-0.24134 0.34494 -0.40736)
(-0.25178 0.31263 -0.36369)
(-0.23767 0.33492 -0.39685)
(-0.23097 0.33336 -0.39417)
(-0.20196 0.29565 -0.34769)
(-0.16589 0.27191 -0.31194)
(-0.15550 0.27177 -0.30327)
(-0.15342 0.26716 -0.29872)
(-0.09341 0.21437 -0.23203)
(-0.08689 0.21393 -0.22723)
(-0.07837 0.19618 -0.20885)
(-0.04508 0.11474 -0.12239)
(-0.02119 0.05916 -0.06253)
(-0.00391 0.02973 -0.02979)
(0.00006 0.00179 -0.00168)
(0.00071 -0.01192 0.01181)
(-0.00051 -0.01318 0.01237)
(-0.02511 0.02551 -0.01838)
(-0.06527 0.06445 -0.04890)
(-0.18019 0.17668 -0.13461)
(-0.06913 0.06873 -0.05547)
(-0.25739 0.24188 -0.20858)
(-0.37504 0.34008 -0.30623)
(-0.15182 0.13986 -0.12348)
(-0.24329 0.21915 -0.20010)
(-0.41761 0.37378 -0.34328)
(-0.42135 0.37252 -0.34838)
(-0.42658 0.36148 -0.36111)
(-0.41032 0.35218 -0.34602)
(-0.41951 0.35179 -0.36223)
(-0.43899 0.36813 -0.38395)
(-0.39390 0.33219 -0.34096)
(-0.38001 0.30983 -0.31990)
(-0.38666 0.32203 -0.34010)
(-0.37833 0.32870 -0.34333)
(-0.35267 0.29379 -0.31101)
(-0.34765 0.29930 -0.31445)
(-0.32578 0.29916 -0.30872)
(-0.32190 0.29124 -0.29998)
(-0.31884 0.29223 -0.30184)
(-0.32151 0.29927 -0.31485)
(-0.32192 0.31107 -0.33519)
(-0.30973 0.32818 -0.36785)
(-0.29889 0.28691 -0.31403)
(-0.29796 0.32802 -0.36942)
(-0.29183 0.32381 -0.36747)
(-0.27812 0.30605 -0.35445)
(-0.24484 0.28266 -0.32654)
(-0.22537 0.28723 -0.33615)
(-0.23021 0.25259 -0.29597)
(-0.21273 0.24761 -0.29016)
(-0.19708 0.26089 -0.30558)
(-0.18103 0.25342 -0.29421)
(-0.13590 0.19289 -0.22094)
(-0.10744 0.16574 -0.19065)
(-0.10021 0.18629 -0.20895)
(-0.06678 0.15472 -0.16763)
(-0.03240 0.05880 -0.06603)
(-0.01903 0.04475 -0.04842)
(-0.01247 0.03241 -0.03465)
(0.00220 -0.00628 0.00667)
(-0.01350 0.01347 -0.01084)
(-0.04186 0.04068 -0.03406)
(-0.04452 0.04160 -0.03690)
(-0.02247 0.02102 -0.01927)
(-0.05556 0.04892 -0.04723)
(-0.25971 0.22662 -0.22197)
(-0.31061 0.26346 -0.26643)
(-0.08926 0.07544 -0.07658)
(-0.16110 0.13576 -0.13821)
(-0.23832 0.20002 -0.20618)
(-0.33309 0.27590 -0.28174)
(-0.20917 0.17366 -0.17673)
(-0.32030 0.25788 -0.26564)
(-0.34801 0.27650 -0.29294)
(-0.27652 0.22349 -0.23284)
(-0.31372 0.25454 -0.26187)
(-0.30740 0.26659 -0.27358)
(-0.31090 0.27559 -0.28542)
(-0.27932 0.23357 -0.24527)
(-0.27382 0.23347 -0.24842)
(-0.27394 0.24407 -0.26598)
(-0.25321 0.22127 -0.23922)
(-0.20807 0.17906 -0.19777)
(-0.26929 0.26689 -0.29815)
(-0.24890 0.23719 -0.26940)
(-0.13195 0.12035 -0.13392)
(-0.19164 0.18875 -0.21479)
(-0.14589 0.14611 -0.17601)
(-0.15216 0.16633 -0.19509)
(-0.04989 0.05004 -0.05970)
(-0.05708 0.05960 -0.06911)
(-0.03588 0.04274 -0.04963)
(-0.04938 0.06683 -0.07669)
(0.00229 -0.00286 0.00327)
(-0.01054 0.01599 -0.01814)
(-0.00497 0.00864 -0.00995)
(0.06030 -0.05470 0.05182)
(0.05516 -0.04679 0.04738)
(-0.05188 0.04404 -0.04355)
(0.04620 -0.03938 0.03880)
(0.01579 -0.01329 0.01304)
(-0.11311 0.09414 -0.09552)
(-0.09740 0.08220 -0.08097)
(0.00157 -0.00131 0.00127)
(0.00128 -0.00107 0.00106)
(-0.10029 0.08277 -0.08362)
(-0.16849 0.13679 -0.14063)
(-0.03496 0.02829 -0.02804)
(-0.08334 0.06189 -0.06355)
(-0.14175 0.10542 -0.10903)
(-0.04761 0.03512 -0.03604)
(-0.08731 0.06883 -0.07176)
(-0.09079 0.07049 -0.07324)
(-0.13263 0.11263 -0.12376)
(-0.01154 0.00870 -0.00899)
(-0.02277 0.01849 -0.02034)
(0.00273 -0.00223 0.00248)
(-0.08450 0.07637 -0.08475)
(-0.04776 0.04340 -0.04989)
(0.02178 -0.01948 0.02214)
(0.01232 -0.01226 0.01393)
(0.02108 -0.02186 0.02444)
(0.02286 -0.02695 0.03066)
(-0.01021 0.00756 -0.00771)
(-0.01694 0.01247 -0.01276)
(-0.01420 0.01011 -0.01038)
(0.00620 -0.00442 0.00461)
)