/*--------------------------------*- C++ -*----------------------------------*\ 
| =========                 |                                                 | 
| \\      /  F ield         | OpenFOAM: The Open Source CFD Toolbox           | 
|  \\    /   O peration     | Version:  4.0                                   | 
|   \\  /    A nd           | Web:      www.OpenFOAM.org                      | 
|    \\/     M anipulation  |                                                 | 
\*---------------------------------------------------------------------------*/ 
FoamFile 
{ 
    version     2.0; 
    format      ascii; 
    class       vectorAverageField; 
    object      values; 
} 
// * * * * * * * * * * * * * * * * * * * * * * * * * * * * * * * * * * * * * // 
 
// Average 
(0 0 0) 
 
// Velocity data on points 
2447
(
(0.00186 0.00223 -0.00210)
(-0.00073 -0.00138 0.00127)
(0.00058 -0.00546 0.00355)
(-0.00069 -0.00167 0.00143)
(0.00059 0.00243 -0.00227)
(-0.00025 -0.01237 0.01067)
(-0.00101 -0.00417 0.00403)
(-0.00923 -0.00667 0.01037)
(-0.00099 -0.00074 0.00109)
(0.00178 0.00088 -0.00158)
(-0.00764 -0.00371 0.00688)
(-0.00184 -0.00062 0.00139)
(0.00239 0.00037 -0.00133)
(-0.01350 -0.00083 0.00684)
(-0.00108 0.00006 0.00039)
(0.00338 -0.00018 -0.00118)
(-0.01168 0.00073 0.00400)
(-0.00069 0.00000 0.00020)
(0.00518 0.00042 -0.00125)
(-0.00105 -0.00008 0.00025)
(0.01211 0.00044 -0.00426)
(-0.00191 -0.00063 0.00100)
(0.00163 0.00043 -0.00083)
(0.00048 0.00029 -0.00037)
(-0.01098 -0.01697 0.01640)
(-0.00431 -0.01682 0.01217)
(-0.00122 -0.01980 0.01557)
(0.00274 -0.02244 0.01598)
(0.00523 -0.04077 0.03008)
(0.00506 -0.03956 0.02893)
(-0.00036 -0.03007 0.02714)
(-0.00822 -0.01582 0.01929)
(-0.00747 -0.02790 0.03110)
(-0.02004 -0.01401 0.02320)
(-0.02044 -0.00957 0.01871)
(-0.01967 -0.00601 0.01468)
(-0.02734 -0.01245 0.02542)
(-0.03188 -0.00901 0.02355)
(-0.04583 -0.00123 0.02230)
(-0.02761 -0.00133 0.01381)
(-0.02999 0.00124 0.01202)
(-0.06434 0.00495 0.03045)
(-0.05976 0.00402 0.02837)
(-0.04225 0.00238 0.01470)
(-0.02903 0.00002 0.00878)
(-0.06446 0.00054 0.01818)
(-0.02780 -0.00168 0.00588)
(-0.00863 -0.00115 0.00198)
(-0.04960 -0.00150 0.01284)
(-0.00658 -0.00156 0.00143)
(0.00092 0.00044 -0.00025)
(0.00853 -0.00014 -0.00225)
(-0.00315 -0.00030 0.00106)
(-0.00950 -0.00181 0.00395)
(-0.01964 -0.00734 0.01213)
(-0.04813 -0.02033 0.03171)
(-0.03027 -0.01998 0.02445)
(-0.01135 -0.04279 0.03376)
(-0.01273 -0.04004 0.03661)
(-0.01011 -0.04156 0.03734)
(0.00498 -0.04216 0.03558)
(0.00298 -0.03040 0.04083)
(0.00551 -0.02915 0.04087)
(-0.00597 -0.02136 0.03846)
(-0.01966 -0.01274 0.03263)
(-0.00681 -0.02083 0.04036)
(-0.01090 -0.01572 0.04065)
(-0.02491 -0.00990 0.03245)
(-0.03846 -0.00343 0.03121)
(-0.04202 -0.00144 0.03964)
(-0.06303 0.00452 0.03377)
(-0.07392 0.00944 0.03147)
(-0.08121 0.01479 0.02570)
(-0.07521 0.00310 0.03007)
(-0.08231 0.00378 0.03008)
(-0.09059 0.00138 0.02293)
(-0.09161 0.00227 0.02822)
(-0.09419 -0.00417 0.02305)
(-0.06704 -0.00627 0.01390)
(-0.03906 -0.00681 0.00904)
(-0.09206 -0.01134 0.02123)
(-0.06330 -0.01215 0.01262)
(-0.02484 -0.00967 0.00699)
(-0.00142 -0.00074 0.00040)
(-0.01626 -0.00536 0.00483)
(0.00582 0.00250 -0.00213)
(0.01120 0.00504 -0.00400)
(0.00065 -0.00008 -0.00014)
(-0.01712 0.00121 0.00427)
(-0.04184 -0.00010 0.01201)
(-0.05405 -0.00674 0.01832)
(-0.10033 -0.00718 0.03452)
(-0.08336 -0.01039 0.02880)
(-0.09878 -0.01337 0.03883)
(-0.06884 -0.02301 0.04070)
(-0.05702 -0.02601 0.03963)
(-0.02620 -0.04061 0.03912)
(-0.02527 -0.02975 0.03512)
(-0.02029 -0.03634 0.03920)
(-0.00848 -0.03907 0.03745)
(-0.00767 -0.03640 0.03986)
(-0.00427 -0.03120 0.04393)
(0.00549 -0.02598 0.04803)
(0.00473 -0.02277 0.04925)
(0.00331 -0.02215 0.04545)
(-0.00850 -0.01873 0.04485)
(-0.01446 -0.00804 0.05203)
(-0.02397 -0.00059 0.05021)
(-0.04171 0.00365 0.04988)
(-0.06263 0.00836 0.04036)
(-0.07357 0.00926 0.03386)
(-0.06917 0.00523 0.03121)
(-0.07720 0.00544 0.02904)
(-0.07828 0.00308 0.02690)
(-0.09450 -0.00210 0.02296)
(-0.09850 0.00100 0.03030)
(-0.09320 -0.01238 0.02172)
(-0.09850 -0.01741 0.01912)
(-0.10718 -0.01153 0.02373)
(-0.10301 -0.01162 0.02351)
(-0.06025 -0.01479 0.01472)
(-0.01544 -0.00594 0.00457)
(-0.09111 -0.01876 0.01716)
(-0.05334 -0.01982 0.01457)
(-0.00761 -0.00351 0.00228)
(-0.00227 -0.00128 0.00085)
(0.01362 -0.00201 -0.00287)
(-0.02794 0.00336 0.00576)
(-0.06722 0.00677 0.01503)
(-0.10794 0.00402 0.02837)
(-0.14218 0.00938 0.03545)
(-0.11410 -0.00342 0.03452)
(-0.09904 -0.01099 0.03376)
(-0.08347 -0.01517 0.03402)
(-0.06994 -0.01906 0.03522)
(-0.02748 -0.02617 0.03415)
(-0.02320 -0.02839 0.03491)
(-0.01775 -0.03045 0.03561)
(-0.02039 -0.02684 0.03458)
(-0.01612 -0.02816 0.03550)
(-0.00726 -0.03453 0.04113)
(0.00531 -0.02354 0.04885)
(0.00494 -0.02179 0.04967)
(0.00396 -0.01978 0.05064)
(-0.00425 -0.01537 0.04893)
(-0.01073 -0.00454 0.05748)
(-0.01586 -0.00309 0.05801)
(-0.03435 0.00417 0.05801)
(-0.03263 0.00947 0.05151)
(-0.04141 0.01104 0.04646)
(-0.05263 0.00997 0.04103)
(-0.06920 0.00435 0.02946)
(-0.07110 0.00268 0.02795)
(-0.07404 0.00085 0.02614)
(-0.07761 -0.00128 0.02434)
(-0.08992 -0.01018 0.01889)
(-0.10732 -0.01173 0.02323)
(-0.10649 -0.01294 0.02385)
(-0.10605 -0.01261 0.02318)
(-0.10163 -0.01649 0.02058)
(-0.07845 -0.02642 0.01732)
(-0.09137 -0.02229 0.01320)
(-0.06546 -0.02379 0.01785)
(-0.02750 -0.01398 0.01021)
(-0.00281 -0.00154 0.00117)
(-0.05269 -0.02766 0.01985)
(-0.01153 -0.00683 0.00536)
(-0.00065 -0.00039 0.00031)
(-0.01695 0.00271 0.00365)
(-0.04823 0.00648 0.01044)
(-0.12009 0.01227 0.02679)
(-0.14547 0.01493 0.03486)
(-0.12284 0.00666 0.03190)
(-0.09468 -0.00471 0.02932)
(-0.08643 -0.00752 0.02869)
(-0.08726 -0.00570 0.02834)
(-0.08047 -0.00765 0.02756)
(-0.06992 -0.01536 0.03390)
(-0.03069 -0.02457 0.03350)
(-0.02658 -0.02323 0.03235)
(-0.02221 -0.02391 0.03290)
(-0.01813 -0.02459 0.03391)
(-0.01471 -0.02515 0.03498)
(0.00150 -0.02124 0.04090)
(0.00465 -0.01931 0.04929)
(0.00304 -0.00160 0.03165)
(0.00421 -0.00141 0.04029)
(0.00393 -0.01530 0.05096)
(0.00349 -0.01577 0.05209)
(0.00382 0.00303 0.05015)
(0.01433 0.01455 0.04209)
(0.00853 0.01298 0.05791)
(-0.00103 0.00630 0.05280)
(-0.01338 0.01155 0.05497)
(-0.01090 0.01653 0.04767)
(-0.01316 0.01687 0.04579)
(-0.01426 0.01657 0.04404)
(-0.05107 0.00402 0.03521)
(-0.06010 0.00288 0.02726)
(-0.06295 0.00115 0.02527)
(-0.06695 -0.00089 0.02335)
(-0.07472 -0.00548 0.02191)
(-0.08810 -0.01361 0.01744)
(-0.07590 -0.01819 0.00970)
(-0.08293 -0.01501 0.01684)
(-0.06990 -0.02125 0.00707)
(-0.09033 -0.02390 0.01448)
(-0.08161 -0.03459 0.01786)
(-0.07403 -0.03762 0.02735)
(-0.04476 -0.02469 0.01876)
(-0.05260 -0.02919 0.02293)
(-0.01712 -0.01015 0.00841)
(-0.00796 -0.00473 0.00415)
(0.00927 -0.00153 -0.00232)
(-0.00212 0.00039 0.00044)
(-0.10789 0.01589 0.03059)
(-0.15582 0.01718 0.04084)
(-0.14531 0.00898 0.04090)
(-0.10992 0.00461 0.03519)
(-0.08566 -0.00422 0.02739)
(-0.08096 -0.00599 0.02689)
(-0.07459 -0.00580 0.02461)
(-0.06383 -0.00787 0.02735)
(-0.03906 -0.00868 0.02531)
(-0.02311 -0.02121 0.03042)
(-0.02185 -0.01449 0.02689)
(-0.01827 -0.01998 0.03049)
(-0.01625 -0.02136 0.03282)
(-0.00415 -0.01605 0.03794)
(-0.00657 -0.01620 0.03110)
(0.00455 0.00528 0.01667)
(0.00359 0.00860 0.01977)
(0.01404 0.01756 0.02175)
(0.01529 0.01795 0.03454)
(0.02202 0.02349 0.03905)
(0.00905 0.02622 0.05732)
(0.01215 0.02442 0.04536)
(-0.00329 0.01938 0.04473)
(-0.00322 0.01853 0.04197)
(-0.00326 0.01777 0.03306)
(-0.02329 0.00861 0.01885)
(-0.03875 0.00049 0.02160)
(-0.05183 -0.00008 0.02033)
(-0.04175 -0.00351 0.01198)
(-0.06117 -0.01137 0.00859)
(-0.03229 -0.02029 0.00181)
(-0.06372 -0.02018 0.00373)
(-0.05494 -0.02403 -0.00334)
(-0.06194 -0.02491 -0.00111)
(-0.06622 -0.02276 0.00339)
(-0.05661 -0.02230 0.00553)
(-0.07071 -0.03443 0.02377)
(-0.06912 -0.03635 0.02695)
(-0.02580 -0.01493 0.01281)
(-0.06568 -0.03504 0.02606)
(-0.05164 -0.02889 0.02381)
(-0.01654 -0.01106 0.01275)
(-0.00082 -0.00077 0.00128)
(0.02849 -0.00448 -0.00798)
(-0.00096 0.00015 0.00027)
(-0.05456 0.00773 0.01725)
(-0.10928 0.01531 0.03470)
(-0.15381 0.01555 0.05044)
(-0.14949 0.01580 0.05418)
(-0.12662 0.00731 0.04625)
(-0.12615 0.00888 0.04048)
(-0.10197 0.00551 0.03200)
(-0.07908 0.00276 0.02469)
(-0.06751 -0.00540 0.02883)
(-0.04451 -0.00429 0.00638)
(-0.03462 -0.00245 0.00864)
(-0.02289 -0.00138 0.00113)
(-0.01386 0.00406 -0.00628)
(-0.00660 0.01507 -0.01608)
(-0.00105 0.00883 0.00845)
(0.00003 0.02097 0.01969)
(0.01134 0.02468 0.01105)
(0.02226 0.02370 0.01286)
(0.02888 0.02904 0.01059)
(0.03658 0.03728 0.01204)
(0.03990 0.03478 0.01169)
(0.04833 0.03596 0.00591)
(0.00654 0.02299 0.04164)
(0.00741 0.02152 0.03816)
(0.03006 0.01936 0.02098)
(0.04445 0.01617 -0.00019)
(0.05024 0.01274 -0.00832)
(0.03308 0.00005 -0.00510)
(0.02303 -0.00226 -0.00419)
(-0.00895 -0.00867 -0.00639)
(-0.02675 -0.02404 -0.00423)
(-0.05262 -0.02297 -0.00458)
(-0.01122 -0.02081 0.00054)
(-0.02592 -0.02340 0.01002)
(-0.03232 -0.02335 0.00728)
(-0.01905 -0.02281 0.00743)
(-0.03744 -0.02547 0.01091)
(-0.04470 -0.02872 0.01898)
(-0.04848 -0.03351 0.03628)
(-0.02439 -0.02717 0.02741)
(-0.02864 -0.01935 0.03589)
(-0.00733 -0.00656 0.01101)
(-0.00481 -0.00321 0.00583)
(0.00112 -0.00015 -0.00038)
(-0.04305 0.00616 0.01320)
(-0.12983 0.01643 0.04786)
(-0.13227 0.01319 0.05821)
(-0.12074 0.00724 0.05958)
(-0.08099 -0.00069 0.04880)
(-0.10566 0.00566 0.04458)
(-0.10294 0.00479 0.03917)
(-0.08413 0.00210 0.04250)
(-0.07025 0.00209 0.02998)
(-0.06648 0.00175 0.02807)
(-0.05003 0.00205 0.00796)
(-0.04080 0.00383 0.00171)
(-0.03937 0.00404 -0.00007)
(-0.03435 0.00102 -0.00527)
(-0.02525 0.01066 -0.01369)
(-0.03105 0.01672 -0.02136)
(-0.01879 0.01864 -0.02908)
(-0.01153 0.01185 -0.02054)
(-0.00963 0.02349 -0.02944)
(-0.00584 0.01943 -0.02137)
(0.00031 0.02925 -0.01615)
(0.00353 0.02628 -0.01328)
(0.02160 0.03516 -0.02525)
(0.03650 0.04709 -0.04755)
(0.04235 0.04776 -0.04814)
(0.05071 0.04950 -0.04257)
(0.06045 0.04295 -0.01475)
(0.07073 0.02829 -0.00314)
(0.06273 0.02125 -0.01156)
(0.06535 0.01472 -0.00938)
(0.07513 0.01316 -0.01801)
(0.07577 0.00815 -0.01542)
(0.07322 0.00400 -0.02672)
(0.04068 -0.00505 -0.01888)
(0.07229 -0.00840 -0.02875)
(0.02699 -0.00949 -0.01873)
(0.04471 -0.01791 -0.01308)
(0.03107 -0.02042 -0.00454)
(0.05146 -0.01923 -0.00683)
(-0.00452 -0.02033 -0.00171)
(0.00435 -0.01840 -0.00186)
(-0.00399 -0.02033 0.00421)
(0.01610 -0.01472 0.01339)
(0.00213 -0.01447 0.02692)
(-0.00558 -0.01682 0.04019)
(-0.01651 -0.02823 0.05238)
(-0.00689 -0.01080 0.02416)
(0.00054 0.00142 -0.00317)
(0.00245 -0.02006 0.04920)
(-0.01191 0.00150 0.00518)
(-0.06803 0.00783 0.02722)
(-0.06632 0.00489 0.03583)
(-0.11076 0.01102 0.05061)
(-0.10800 0.00371 0.06290)
(-0.08218 -0.00106 0.05155)
(-0.06972 -0.00278 0.04844)
(-0.07277 -0.00163 0.04644)
(-0.06589 -0.00163 0.04178)
(-0.05502 0.00232 0.01688)
(-0.03996 0.00423 0.00067)
(-0.03815 0.00518 -0.00393)
(-0.03523 0.01477 -0.01989)
(-0.03208 0.02796 -0.05945)
(-0.02764 0.03060 -0.06735)
(-0.02359 0.04450 -0.08067)
(-0.02035 0.04038 -0.06567)
(-0.00418 0.04934 -0.08092)
(-0.02041 0.05737 -0.11874)
(-0.00212 0.04912 -0.06630)
(0.01836 0.05117 -0.05366)
(0.03577 0.04895 -0.06147)
(0.04118 0.04922 -0.06304)
(0.04779 0.04876 -0.06349)
(0.06109 0.04572 -0.05729)
(0.08037 0.03742 -0.02692)
(0.07608 0.05495 -0.08529)
(0.08660 0.03859 -0.03409)
(0.09134 0.03368 -0.02978)
(0.09692 0.02132 -0.05202)
(0.10260 0.01411 -0.04824)
(0.11991 0.00300 -0.05258)
(0.11052 0.00062 -0.04801)
(0.11404 -0.00030 -0.04925)
(0.07408 -0.00675 -0.03025)
(0.07909 -0.00873 -0.02216)
(0.06330 -0.01958 -0.00906)
(0.06857 -0.02001 -0.00859)
(0.05567 -0.01943 -0.00733)
(0.04876 -0.01074 -0.00104)
(0.03854 -0.01062 0.01246)
(0.03133 -0.01254 0.03768)
(0.05674 -0.00834 0.05020)
(0.02514 -0.01347 0.05007)
(0.05066 -0.00935 0.05825)
(0.01931 -0.01902 0.06366)
(0.00777 -0.02137 0.05733)
(0.00057 -0.00201 0.00523)
(-0.00033 0.00074 -0.00198)
(0.00314 -0.00015 -0.00185)
(-0.00453 0.00015 0.00286)
(-0.03367 0.00107 0.02105)
(-0.08843 0.00100 0.05909)
(-0.10097 0.00008 0.06863)
(-0.09511 -0.00106 0.06908)
(-0.08864 -0.00173 0.06086)
(-0.06881 -0.00393 0.05156)
(-0.06351 -0.00256 0.04349)
(-0.06035 -0.00397 0.04568)
(-0.05770 -0.00219 0.03840)
(-0.03404 0.00294 0.00393)
(-0.05061 0.01105 -0.00751)
(-0.03851 0.00576 -0.00527)
(-0.05080 0.01759 -0.03036)
(-0.05064 0.03899 -0.08836)
(-0.03102 0.03841 -0.09694)
(-0.03053 0.04369 -0.10319)
(-0.02636 0.05972 -0.13305)
(-0.01821 0.05917 -0.12008)
(-0.02400 0.06153 -0.13575)
(-0.01619 0.06093 -0.12274)
(0.03407 0.05023 -0.07799)
(0.03801 0.05029 -0.08035)
(0.04427 0.04911 -0.08052)
(0.04729 0.05250 -0.09501)
(0.07239 0.05730 -0.10770)
(0.09201 0.04745 -0.07462)
(0.10911 0.05114 -0.10340)
(0.11217 0.04802 -0.10223)
(0.11513 0.04565 -0.10140)
(0.12906 0.00535 -0.07046)
(0.12335 0.00208 -0.05544)
(0.11934 -0.00130 -0.05047)
(0.12067 -0.00652 -0.04508)
(0.08026 -0.02043 -0.01152)
(0.08578 -0.02108 -0.01067)
(0.08517 -0.01270 0.00415)
(0.07136 -0.01129 0.01742)
(0.09635 -0.01206 0.02287)
(0.05760 -0.01186 0.03707)
(0.07384 -0.00832 0.05466)
(0.06636 -0.00811 0.05650)
(0.06090 -0.00841 0.06059)
(0.05590 -0.00884 0.06401)
(0.03500 -0.02920 0.08573)
(0.00526 -0.01052 0.02886)
(0.00248 -0.00420 0.01172)
(-0.00242 0.00439 -0.01198)
(-0.00927 0.00023 0.00598)
(-0.03338 0.00036 0.02269)
(-0.06007 0.00010 0.04200)
(-0.05008 -0.00071 0.03657)
(-0.08862 -0.00280 0.06851)
(-0.08634 -0.00366 0.06917)
(-0.04435 -0.01158 0.05357)
(-0.05179 -0.01028 0.05769)
(-0.05541 -0.00616 0.04854)
(-0.05351 -0.00441 0.04185)
(-0.05044 0.00838 0.00372)
(-0.05511 0.02065 -0.03752)
(-0.04870 0.01800 -0.03002)
(-0.05428 0.02842 -0.05477)
(-0.06053 0.03581 -0.07542)
(-0.05091 0.04352 -0.09193)
(-0.05907 0.05449 -0.12926)
(-0.05282 0.05564 -0.13678)
(-0.03960 0.05400 -0.14383)
(-0.03236 0.06443 -0.15179)
(-0.02126 0.06276 -0.13932)
(-0.02889 0.06517 -0.15525)
(-0.00884 0.06417 -0.15738)
(0.01751 0.05833 -0.14032)
(0.02438 0.06350 -0.14012)
(0.03246 0.06950 -0.16029)
(0.04340 0.06617 -0.17037)
(0.08865 0.04894 -0.12181)
(0.10228 0.04716 -0.11075)
(0.10867 0.05096 -0.11378)
(0.11232 0.04866 -0.11201)
(0.13097 0.02024 -0.10320)
(0.12911 0.00453 -0.06341)
(0.13047 0.00433 -0.06538)
(0.12921 -0.00002 -0.05652)
(0.14267 -0.00417 -0.04568)
(0.12363 -0.01175 -0.03600)
(0.12956 -0.01238 -0.03449)
(0.13021 -0.01719 0.00045)
(0.14168 -0.01657 -0.01004)
(0.12831 -0.00677 0.00834)
(0.11977 -0.00901 0.01883)
(0.13700 -0.01017 0.01844)
(0.10284 -0.01209 0.04014)
(0.08382 -0.00842 0.05953)
(0.07631 -0.00789 0.06107)
(0.07409 -0.00765 0.06483)
(0.07234 -0.00758 0.06846)
(0.06487 -0.00809 0.06966)
(0.06831 -0.01759 0.09923)
(0.03924 -0.02711 0.09818)
(0.01198 -0.01248 0.03967)
(-0.00112 0.00172 -0.00485)
(0.00038 0.00001 -0.00030)
(-0.00505 -0.00024 0.00443)
(-0.02903 -0.00179 0.02772)
(-0.07880 -0.00307 0.06149)
(-0.07179 -0.00502 0.06220)
(-0.05948 -0.01036 0.06492)
(-0.03161 -0.01579 0.06077)
(-0.04926 -0.01143 0.05622)
(-0.03898 -0.01129 0.05068)
(-0.02498 -0.01154 0.04497)
(-0.02787 -0.00928 0.04330)
(-0.03584 -0.00086 0.03165)
(-0.06376 0.01828 -0.01018)
(-0.06277 0.02546 -0.03997)
(-0.06034 0.02558 -0.05019)
(-0.08084 0.04430 -0.10367)
(-0.07912 0.05317 -0.12289)
(-0.07197 0.05890 -0.14452)
(-0.07473 0.06261 -0.15735)
(-0.08749 0.07521 -0.20364)
(-0.09254 0.08254 -0.22768)
(-0.07821 0.08929 -0.24434)
(-0.03657 0.07266 -0.19408)
(-0.07602 0.09484 -0.25329)
(-0.02862 0.07450 -0.22653)
(-0.01857 0.07686 -0.23282)
(0.00759 0.07350 -0.20241)
(0.01524 0.07507 -0.20281)
(0.06603 0.05945 -0.16643)
(0.02078 0.07449 -0.22501)
(0.08212 0.05537 -0.16516)
(0.09251 0.05277 -0.14390)
(0.09932 0.04812 -0.12883)
(0.10427 0.03389 -0.13675)
(0.12262 0.02337 -0.11451)
(0.11979 0.03030 -0.12089)
(0.15152 0.00058 -0.07062)
(0.13896 0.00806 -0.07349)
(0.16752 -0.01462 -0.04514)
(0.16947 -0.01525 -0.04308)
(0.15249 -0.02335 -0.00287)
(0.13918 -0.01808 0.00711)
(0.13794 -0.02797 0.03002)
(0.13290 -0.01959 0.04312)
(0.12602 -0.01203 0.04710)
(0.11274 -0.02056 0.07218)
(0.10652 -0.02280 0.09589)
(0.08030 -0.01175 0.09238)
(0.07410 -0.02262 0.11918)
(0.05599 -0.02565 0.12145)
(0.08415 -0.02539 0.11370)
(0.06346 -0.02097 0.12801)
(0.02471 -0.01706 0.06347)
(0.00129 -0.00109 0.00366)
(-0.00263 0.00259 -0.00819)
(-0.00109 -0.00058 0.00227)
(-0.01248 -0.00138 0.01253)
(-0.04531 -0.01202 0.06279)
(-0.01462 -0.02109 0.05385)
(-0.02352 -0.01726 0.05878)
(-0.01865 -0.01935 0.05962)
(-0.01162 -0.02015 0.05729)
(-0.02455 -0.01081 0.04499)
(-0.02399 -0.01126 0.04405)
(-0.08274 0.02822 -0.01620)
(-0.07391 0.02163 -0.01196)
(-0.07544 0.02928 -0.03475)
(-0.09652 0.04539 -0.07193)
(-0.11381 0.06303 -0.12389)
(-0.16129 0.09270 -0.21286)
(-0.16737 0.09798 -0.23060)
(-0.14325 0.08624 -0.20980)
(-0.12500 0.09158 -0.23566)
(-0.10865 0.08843 -0.24361)
(-0.11950 0.10309 -0.28273)
(-0.11529 0.10789 -0.30444)
(-0.05587 0.08391 -0.25833)
(-0.03295 0.07625 -0.25883)
(-0.04061 0.09000 -0.26708)
(-0.04517 0.09529 -0.29673)
(-0.04061 0.09551 -0.29350)
(0.04379 0.07311 -0.20293)
(0.06363 0.06674 -0.18606)
(0.06073 0.04865 -0.19893)
(0.06601 0.04598 -0.19400)
(0.10922 0.03627 -0.13989)
(0.10996 0.03266 -0.13243)
(0.12891 0.01585 -0.08786)
(0.13249 0.00830 -0.08493)
(0.15596 -0.00598 -0.05082)
(0.14510 -0.00878 -0.04540)
(0.14662 -0.01813 -0.00985)
(0.14491 -0.03087 0.02190)
(0.14083 -0.03239 0.03075)
(0.14470 -0.03227 0.04574)
(0.12606 -0.01869 0.05656)
(0.13423 -0.03087 0.06017)
(0.12855 -0.01971 0.08120)
(0.11816 -0.02550 0.09576)
(0.11028 -0.03614 0.10806)
(0.08654 -0.02720 0.11399)
(0.07040 -0.02858 0.12602)
(0.06420 -0.01868 0.12812)
(0.06070 -0.03206 0.13552)
(0.03310 -0.02213 0.09017)
(0.00549 -0.00513 0.01671)
(0.00255 -0.00299 0.00940)
(0.00159 0.00098 -0.00378)
(-0.00626 -0.00436 0.01525)
(-0.00057 -0.00040 0.00146)
(-0.00595 -0.00564 0.01861)
(-0.00779 -0.01882 0.04720)
(-0.01249 -0.02095 0.05617)
(-0.00017 -0.02182 0.04684)
(-0.00948 -0.01824 0.05123)
(-0.02143 -0.00854 0.04085)
(-0.02645 -0.01012 0.04619)
(-0.04722 0.00791 0.02336)
(-0.04034 0.00387 0.02479)
(-0.07492 0.01998 0.00043)
(-0.13391 0.06368 -0.07762)
(-0.14411 0.07119 -0.09564)
(-0.13288 0.06720 -0.11117)
(-0.15723 0.08814 -0.18797)
(-0.18014 0.10384 -0.23563)
(-0.17684 0.10412 -0.24832)
(-0.15779 0.10398 -0.27440)
(-0.16653 0.11945 -0.31794)
(-0.16186 0.12459 -0.33843)
(-0.17279 0.14678 -0.37426)
(-0.10793 0.10645 -0.30448)
(-0.09861 0.10915 -0.31642)
(-0.06672 0.10065 -0.30932)
(-0.06077 0.10263 -0.31078)
(-0.05801 0.10326 -0.30906)
(-0.03802 0.09607 -0.29157)
(0.02032 0.07199 -0.23640)
(0.04679 0.05499 -0.21183)
(0.05088 0.05208 -0.20741)
(0.07046 0.04796 -0.17981)
(0.06989 0.04167 -0.16211)
(0.10328 0.02748 -0.11776)
(0.08957 0.02234 -0.10585)
(0.09583 0.01679 -0.09408)
(0.12111 0.00150 -0.06344)
(0.12933 -0.01712 -0.00873)
(0.13921 -0.03167 0.02177)
(0.13542 -0.03427 0.02937)
(0.13763 -0.03429 0.03855)
(0.13654 -0.03763 0.05310)
(0.12094 -0.03398 0.08740)
(0.11674 -0.03660 0.10887)
(0.10827 -0.03505 0.11449)
(0.09932 -0.03058 0.11741)
(0.08616 -0.03748 0.13166)
(0.07287 -0.04023 0.13484)
(0.06505 -0.04704 0.14463)
(0.03331 -0.03569 0.11640)
(0.00591 -0.00724 0.02246)
(0.00114 0.00099 -0.00359)
(-0.00173 -0.00192 0.00651)
(-0.00806 -0.01328 0.03909)
(-0.00470 -0.01005 0.03024)
(-0.00454 -0.01370 0.03967)
(-0.00334 -0.01499 0.03733)
(-0.01169 -0.01337 0.04062)
(-0.03458 0.00208 0.02553)
(-0.05475 0.01723 0.00645)
(-0.06669 0.02415 0.00089)
(-0.07563 0.02444 -0.00830)
(-0.14095 0.06753 -0.07856)
(-0.15409 0.07650 -0.09595)
(-0.16789 0.08561 -0.11514)
(-0.16037 0.08152 -0.11386)
(-0.17994 0.09701 -0.16908)
(-0.19994 0.11415 -0.23348)
(-0.19956 0.11432 -0.25551)
(-0.23788 0.15031 -0.31191)
(-0.18659 0.10969 -0.26533)
(-0.19405 0.13642 -0.33558)
(-0.19405 0.13782 -0.34161)
(-0.18995 0.15440 -0.38437)
(-0.16801 0.14645 -0.37424)
(-0.16658 0.14768 -0.37605)
(-0.07611 0.10958 -0.32497)
(-0.07491 0.11054 -0.32437)
(-0.05456 0.10286 -0.30678)
(-0.05265 0.10263 -0.30586)
(-0.03707 0.10128 -0.28573)
(-0.01717 0.09218 -0.26409)
(0.03866 0.05945 -0.19577)
(0.00580 0.07617 -0.21745)
(0.05253 0.05013 -0.16965)
(0.07643 0.02609 -0.11324)
(0.07600 0.02219 -0.10471)
(0.08802 0.01470 -0.08951)
(0.08405 -0.00257 -0.05883)
(0.13201 -0.03392 0.02004)
(0.12832 -0.03740 0.02602)
(0.13224 -0.03801 0.03692)
(0.12000 -0.05360 0.05870)
(0.11493 -0.04778 0.08842)
(0.11497 -0.04480 0.09189)
(0.10253 -0.05906 0.12332)
(0.09209 -0.05117 0.12929)
(0.08954 -0.04851 0.13104)
(0.08868 -0.05441 0.13195)
(0.08657 -0.05183 0.13373)
(0.08368 -0.05009 0.13587)
(0.06468 -0.05165 0.14727)
(0.04371 -0.04917 0.15552)
(0.03806 -0.04737 0.14322)
(0.00900 -0.01182 0.03591)
(-0.00265 0.00356 -0.01084)
(0.00022 0.00042 -0.00138)
(-0.00118 -0.00354 0.01097)
(0.01439 -0.01488 0.02859)
(0.00475 -0.01636 0.03803)
(0.01389 -0.01358 0.03389)
(0.00038 -0.01310 0.03299)
(-0.01489 -0.00123 0.02190)
(-0.05251 0.01731 0.00519)
(-0.06734 0.02563 -0.00161)
(-0.10961 0.04824 -0.02831)
(-0.12808 0.05851 -0.05256)
(-0.16054 0.08054 -0.09567)
(-0.17402 0.08957 -0.11438)
(-0.22714 0.12527 -0.17560)
(-0.18446 0.09630 -0.13774)
(-0.25035 0.14615 -0.23746)
(-0.26166 0.15618 -0.27880)
(-0.27995 0.17494 -0.33023)
(-0.25629 0.17369 -0.36348)
(-0.23858 0.15938 -0.37398)
(-0.22481 0.16261 -0.39134)
(-0.18435 0.15456 -0.38455)
(-0.19989 0.16260 -0.39287)
(-0.18082 0.15498 -0.38605)
(-0.15595 0.14237 -0.37903)
(-0.14472 0.14653 -0.38074)
(-0.07094 0.10943 -0.32178)
(-0.08082 0.11841 -0.32837)
(-0.07712 0.11619 -0.32549)
(-0.07244 0.11495 -0.31907)
(-0.02503 0.09606 -0.25195)
(-0.02615 0.09666 -0.24273)
(0.00523 0.07239 -0.20594)
(0.04315 0.03778 -0.15330)
(0.06198 0.02716 -0.11407)
(0.07620 0.01645 -0.09541)
(0.06734 -0.00981 -0.06519)
(0.10121 -0.02620 -0.00757)
(0.09779 -0.04483 0.00448)
(0.10518 -0.05330 0.04203)
(0.09846 -0.07032 0.06305)
(0.11022 -0.06135 0.08984)
(0.10439 -0.06062 0.10331)
(0.09711 -0.08006 0.10520)
(0.09187 -0.06509 0.11181)
(0.08937 -0.05888 0.13085)
(0.08472 -0.05599 0.13554)
(0.06840 -0.06904 0.14409)
(0.05646 -0.06393 0.14990)
(0.04302 -0.05241 0.15765)
(0.04254 -0.05354 0.15936)
(0.01183 -0.01675 0.04967)
(-0.00050 0.00073 -0.00221)
(0.00060 -0.00027 0.00057)
(0.01357 -0.00841 0.01690)
(0.01347 -0.00582 0.01196)
(0.01775 -0.01134 0.03417)
(0.01701 -0.01129 0.03578)
(0.01800 -0.01507 0.03286)
(0.00818 -0.00918 0.03030)
(-0.03621 0.01606 0.01239)
(-0.03867 0.01199 0.01421)
(-0.06482 0.02552 -0.00276)
(-0.12571 0.06503 -0.03796)
(-0.16388 0.08532 -0.07746)
(-0.20051 0.10887 -0.12261)
(-0.25150 0.14853 -0.18156)
(-0.28090 0.16353 -0.25266)
(-0.33044 0.19070 -0.31384)
(-0.31370 0.19306 -0.31890)
(-0.28656 0.18779 -0.37084)
(-0.32027 0.21169 -0.37684)
(-0.28541 0.19677 -0.40250)
(-0.28680 0.20730 -0.41724)
(-0.27237 0.20493 -0.43236)
(-0.19460 0.16266 -0.39388)
(-0.19655 0.16477 -0.41300)
(-0.21020 0.18108 -0.43717)
(-0.13793 0.14476 -0.38256)
(-0.14599 0.15287 -0.38940)
(-0.11501 0.13684 -0.35861)
(-0.10879 0.12949 -0.35571)
(-0.06564 0.11348 -0.29494)
(-0.06414 0.10911 -0.28477)
(-0.01648 0.07964 -0.21781)
(-0.02268 0.07136 -0.20325)
(-0.03125 0.06855 -0.18831)
(0.02195 0.02197 -0.11810)
(0.02909 0.00310 -0.09664)
(0.05903 -0.03907 -0.03732)
(0.05891 -0.04137 -0.03337)
(0.08692 -0.06403 0.03002)
(0.07811 -0.07291 0.04087)
(0.09783 -0.07121 0.08117)
(0.08154 -0.09032 0.09398)
(0.08826 -0.07700 0.12414)
(0.07615 -0.08659 0.13294)
(0.08364 -0.06094 0.13607)
(0.05740 -0.10150 0.15275)
(0.05318 -0.08013 0.15800)
(0.05178 -0.07642 0.15770)
(0.04534 -0.07985 0.16678)
(0.03855 -0.06998 0.16989)
(0.01170 -0.02754 0.07312)
(0.00072 -0.00175 0.00530)
(0.00270 -0.00112 0.00249)
(0.01448 -0.00553 0.02187)
(0.01797 -0.00703 0.03230)
(0.00810 0.00267 0.03081)
(0.00459 -0.00048 0.03228)
(-0.03320 0.01528 0.01457)
(-0.10210 0.05674 -0.01924)
(-0.07280 0.03470 -0.00213)
(-0.12422 0.06882 -0.03190)
(-0.15314 0.08590 -0.05462)
(-0.21706 0.12485 -0.12019)
(-0.25560 0.15159 -0.16805)
(-0.27646 0.16922 -0.22136)
(-0.28927 0.17909 -0.21664)
(-0.31570 0.18860 -0.29095)
(-0.32504 0.21120 -0.32355)
(-0.36744 0.25869 -0.40295)
(-0.33629 0.23062 -0.40982)
(-0.33591 0.23845 -0.43272)
(-0.31649 0.23016 -0.43456)
(-0.28061 0.21507 -0.45237)
(-0.25836 0.20811 -0.45137)
(-0.24199 0.20049 -0.44982)
(-0.19222 0.17219 -0.42699)
(-0.17335 0.16456 -0.41465)
(-0.18240 0.17338 -0.41750)
(-0.17532 0.16573 -0.40845)
(-0.11877 0.13465 -0.34305)
(-0.12416 0.13229 -0.32537)
(-0.06956 0.10758 -0.26407)
(-0.05987 0.08985 -0.23054)
(-0.05217 0.06532 -0.19288)
(-0.01204 0.03525 -0.14465)
(-0.00625 0.01073 -0.12225)
(0.05421 -0.03815 -0.04159)
(0.04519 -0.05197 -0.02958)
(0.06975 -0.07073 0.01163)
(0.04762 -0.10254 0.02722)
(0.06989 -0.09749 0.05489)
(0.06689 -0.10933 0.08756)
(0.07890 -0.09388 0.09648)
(0.08353 -0.09755 0.12167)
(0.06405 -0.12554 0.13103)
(0.05783 -0.12007 0.14172)
(0.05724 -0.10545 0.15146)
(0.05060 -0.08690 0.16409)
(0.03933 -0.08531 0.17313)
(0.03709 -0.08074 0.17211)
(0.01959 -0.05077 0.12736)
(0.00898 -0.02373 0.06278)
(0.00123 -0.00345 0.00940)
(-0.00169 0.00062 -0.00206)
(0.00604 -0.00214 0.00795)
(0.02089 -0.00591 0.02708)
(0.02367 -0.00513 0.03947)
(0.00900 0.00225 0.03657)
(-0.00311 0.00756 0.03417)
(-0.03332 0.02079 0.01875)
(-0.01245 0.01214 0.03206)
(-0.08724 0.05010 -0.01186)
(-0.11952 0.06760 -0.02829)
(-0.13684 0.07802 -0.04009)
(-0.20005 0.12917 -0.09529)
(-0.21525 0.12827 -0.11051)
(-0.24875 0.15777 -0.15909)
(-0.29978 0.20932 -0.23090)
(-0.32685 0.21784 -0.27149)
(-0.32710 0.23538 -0.27091)
(-0.34075 0.23328 -0.30912)
(-0.37308 0.26767 -0.40328)
(-0.36731 0.26344 -0.41315)
(-0.36680 0.26679 -0.42214)
(-0.34913 0.26245 -0.43687)
(-0.30231 0.22690 -0.46328)
(-0.30343 0.23500 -0.47404)
(-0.29070 0.23760 -0.49158)
(-0.26203 0.21528 -0.47935)
(-0.22990 0.19173 -0.46221)
(-0.21796 0.18768 -0.45739)
(-0.22520 0.19588 -0.45871)
(-0.22211 0.19484 -0.45398)
(-0.15731 0.15587 -0.37614)
(-0.13734 0.14039 -0.33682)
(-0.12258 0.13011 -0.31597)
(-0.11267 0.12148 -0.29132)
(-0.09612 0.08791 -0.23023)
(-0.04783 0.04938 -0.17112)
(-0.05012 0.01578 -0.13528)
(-0.00680 -0.01188 -0.09956)
(-0.00310 -0.03477 -0.06648)
(0.04195 -0.09723 0.01279)
(0.04145 -0.10432 0.02167)
(0.04787 -0.10887 0.03493)
(0.04812 -0.11535 0.04132)
(0.06207 -0.12188 0.11352)
(0.06126 -0.13153 0.13029)
(0.05527 -0.12290 0.14357)
(0.05480 -0.12208 0.14593)
(0.05210 -0.11413 0.15745)
(0.04267 -0.10330 0.16573)
(0.03260 -0.10477 0.17716)
(0.03382 -0.10176 0.17538)
(0.02363 -0.08296 0.18565)
(0.00928 -0.05371 0.12635)
(0.00077 -0.00550 0.01356)
(0.00066 -0.00555 0.01355)
(0.00572 -0.00205 0.00647)
(0.02921 -0.00952 0.03730)
(0.00753 0.00370 0.04091)
(0.00256 0.00563 0.03846)
(-0.00547 0.00923 0.03580)
(-0.01601 0.01456 0.03375)
(-0.08040 0.04957 -0.00547)
(-0.11790 0.07415 -0.03064)
(-0.13611 0.07870 -0.03826)
(-0.18937 0.12700 -0.09224)
(-0.24712 0.16393 -0.15663)
(-0.31355 0.22605 -0.24651)
(-0.32239 0.23597 -0.26295)
(-0.33567 0.24499 -0.28546)
(-0.35322 0.26325 -0.32782)
(-0.37353 0.27258 -0.41161)
(-0.37942 0.28306 -0.41016)
(-0.37355 0.27599 -0.42080)
(-0.38102 0.29470 -0.45302)
(-0.36163 0.28840 -0.48020)
(-0.35133 0.27724 -0.47542)
(-0.34218 0.26758 -0.49577)
(-0.32876 0.27000 -0.51603)
(-0.32421 0.26608 -0.52009)
(-0.26479 0.22039 -0.48728)
(-0.23787 0.20374 -0.47132)
(-0.23522 0.20274 -0.46660)
(-0.22246 0.19565 -0.45081)
(-0.19725 0.17716 -0.40152)
(-0.13635 0.13812 -0.32930)
(-0.13666 0.13003 -0.30969)
(-0.12164 0.10460 -0.25636)
(-0.08760 0.07301 -0.21104)
(-0.06216 0.02197 -0.14522)
(-0.04495 0.00409 -0.12441)
(-0.04216 -0.00577 -0.11617)
(0.03500 -0.09986 0.00865)
(0.03446 -0.10630 0.01605)
(0.04183 -0.11145 0.02986)
(0.04254 -0.11998 0.03821)
(0.04894 -0.13119 0.09135)
(0.05455 -0.14514 0.12459)
(0.04195 -0.13498 0.15136)
(0.04120 -0.12948 0.16058)
(0.04236 -0.11644 0.17320)
(0.02972 -0.11324 0.17946)
(0.02891 -0.10947 0.17979)
(0.01496 -0.08590 0.19166)
(0.00937 -0.06304 0.14712)
(0.00458 -0.03414 0.08152)
(0.00824 -0.06493 0.15133)
(0.00091 -0.00907 0.02203)
(0.00143 -0.00052 0.00171)
(0.01096 -0.00398 0.01320)
(0.00709 -0.00270 0.00880)
(0.02618 -0.00957 0.03265)
(0.02254 -0.00352 0.05118)
(0.01013 0.00159 0.04700)
(0.00083 0.00613 0.04276)
(-0.01174 0.01306 0.04145)
(-0.00713 0.01019 0.03807)
(-0.05497 0.03796 0.01941)
(-0.06816 0.04543 0.00524)
(-0.10104 0.06552 -0.01105)
(-0.15039 0.10653 -0.05992)
(-0.19280 0.13514 -0.09950)
(-0.21987 0.15850 -0.13643)
(-0.28837 0.20804 -0.20904)
(-0.31834 0.23765 -0.25869)
(-0.33192 0.24698 -0.27938)
(-0.35105 0.27120 -0.31136)
(-0.38784 0.32643 -0.39197)
(-0.37961 0.28631 -0.41836)
(-0.39830 0.32684 -0.45443)
(-0.39204 0.33244 -0.48835)
(-0.36234 0.29503 -0.50487)
(-0.34524 0.28296 -0.52196)
(-0.33463 0.27525 -0.52525)
(-0.30618 0.25201 -0.51710)
(-0.27924 0.23425 -0.50374)
(-0.24802 0.21047 -0.48024)
(-0.23392 0.20202 -0.46114)
(-0.23339 0.19786 -0.43514)
(-0.17595 0.16212 -0.35940)
(-0.17792 0.15425 -0.33325)
(-0.16649 0.13925 -0.29917)
(-0.11036 0.08261 -0.22399)
(-0.08424 0.03646 -0.16673)
(-0.05602 0.00875 -0.13230)
(-0.05122 -0.00489 -0.12051)
(-0.00992 -0.06871 -0.04543)
(0.01816 -0.10835 -0.00090)
(0.03528 -0.11421 0.02491)
(0.03213 -0.13445 0.04924)
(0.03971 -0.14544 0.08492)
(0.03231 -0.15910 0.10547)
(0.04402 -0.14985 0.13673)
(0.04177 -0.13968 0.15126)
(0.04122 -0.13492 0.15859)
(0.02868 -0.12674 0.17542)
(0.01815 -0.10641 0.19187)
(0.01383 -0.08873 0.19529)
(0.01218 -0.08789 0.19675)
(0.01023 -0.08542 0.19650)
(0.00606 -0.05709 0.13412)
(0.00029 -0.00959 0.02395)
(-0.00015 0.00767 -0.01940)
(0.00060 -0.00036 0.00098)
(0.00732 -0.00433 0.01208)
(0.03756 -0.01750 0.05646)
(0.02204 -0.01303 0.03740)
(0.02959 -0.01916 0.07327)
(0.01657 -0.00628 0.05981)
(0.01057 -0.00333 0.05789)
(-0.01317 0.00754 0.05384)
(-0.02936 0.02016 0.03992)
(-0.07830 0.05115 0.01482)
(-0.09699 0.06155 0.01189)
(-0.11071 0.07916 -0.01991)
(-0.16310 0.11625 -0.07315)
(-0.20632 0.16398 -0.13028)
(-0.24880 0.19557 -0.17943)
(-0.26575 0.21594 -0.20914)
(-0.31896 0.27691 -0.28370)
(-0.32771 0.24923 -0.27513)
(-0.35338 0.29198 -0.32054)
(-0.38603 0.34190 -0.37613)
(-0.38916 0.33660 -0.40842)
(-0.40346 0.35112 -0.45517)
(-0.40277 0.35722 -0.47613)
(-0.38989 0.32604 -0.51073)
(-0.38226 0.33204 -0.52747)
(-0.37833 0.32601 -0.55329)
(-0.33773 0.27766 -0.54867)
(-0.31977 0.26335 -0.53736)
(-0.31578 0.26151 -0.54246)
(-0.27729 0.22925 -0.49901)
(-0.25391 0.20961 -0.45448)
(-0.22930 0.19237 -0.41623)
(-0.20639 0.16794 -0.36835)
(-0.19888 0.15719 -0.34255)
(-0.15295 0.11133 -0.26694)
(-0.14681 0.08678 -0.23919)
(-0.06662 0.01428 -0.13924)
(-0.06703 -0.01547 -0.11395)
(-0.04339 -0.05777 -0.07749)
(-0.03731 -0.09263 -0.04227)
(-0.01029 -0.12404 0.01413)
(-0.00174 -0.13468 0.03179)
(0.01749 -0.16535 0.08365)
(0.02779 -0.16414 0.10840)
(0.03433 -0.15597 0.13412)
(0.02580 -0.15162 0.15458)
(0.03408 -0.13817 0.16699)
(0.01279 -0.12629 0.19513)
(0.01503 -0.11897 0.19325)
(0.00899 -0.11610 0.20887)
(0.00746 -0.10520 0.21499)
(0.00488 -0.08788 0.19071)
(0.00210 -0.05459 0.11865)
(0.00027 -0.01558 0.03489)
(0.00014 0.00617 -0.01480)
(0.00389 -0.00297 0.00853)
(0.02030 -0.01601 0.04823)
(0.02854 -0.01990 0.06866)
(0.01273 -0.01145 0.06666)
(0.00709 -0.00338 0.06224)
(-0.00108 0.00000 0.06124)
(-0.01470 0.01250 0.05158)
(-0.02549 0.01719 0.04272)
(-0.04191 0.02775 0.03363)
(-0.06253 0.04239 0.01747)
(-0.07787 0.05343 0.01016)
(-0.10162 0.07616 -0.02183)
(-0.13214 0.10170 -0.05661)
(-0.13365 0.11357 -0.06876)
(-0.15204 0.12943 -0.08861)
(-0.24103 0.19473 -0.17717)
(-0.17174 0.15388 -0.12152)
(-0.25800 0.22036 -0.21187)
(-0.28592 0.26461 -0.25507)
(-0.34382 0.30928 -0.32278)
(-0.36846 0.33803 -0.37045)
(-0.39769 0.35864 -0.39649)
(-0.40649 0.37969 -0.45045)
(-0.41065 0.40451 -0.48864)
(-0.39741 0.35697 -0.51041)
(-0.39172 0.35088 -0.52295)
(-0.39013 0.34325 -0.56563)
(-0.37066 0.32081 -0.56258)
(-0.35167 0.29653 -0.55635)
(-0.33576 0.27491 -0.55826)
(-0.29837 0.24502 -0.51742)
(-0.28338 0.23629 -0.48924)
(-0.24702 0.20308 -0.43758)
(-0.23935 0.19066 -0.40257)
(-0.22946 0.17039 -0.36385)
(-0.17982 0.13168 -0.28727)
(-0.16165 0.09189 -0.24664)
(-0.13078 0.04090 -0.18716)
(-0.11330 0.00142 -0.15138)
(-0.07417 -0.04766 -0.09761)
(-0.04877 -0.08821 -0.05644)
(-0.05075 -0.11787 -0.00792)
(-0.01928 -0.14139 0.03414)
(-0.03416 -0.14610 0.04866)
(-0.00053 -0.15465 0.10001)
(0.01711 -0.15871 0.13396)
(-0.00679 -0.15936 0.15843)
(-0.00502 -0.15688 0.16633)
(0.00138 -0.14686 0.17542)
(-0.00665 -0.15266 0.17493)
(0.00465 -0.13279 0.19248)
(0.00385 -0.11570 0.21174)
(0.00274 -0.11365 0.21097)
(-0.00218 -0.10225 0.20568)
(-0.00129 -0.03195 0.06882)
(-0.00051 -0.00504 0.01167)
(0.00020 0.00194 -0.00452)
(0.00076 -0.00061 0.00161)
(0.01151 -0.00947 0.02572)
(0.02782 -0.02390 0.06821)
(0.02843 -0.02184 0.07196)
(0.01787 -0.01312 0.06685)
(0.01154 -0.01053 0.06843)
(0.00480 -0.00300 0.06502)
(-0.01463 0.01246 0.04584)
(-0.02346 0.01939 0.04012)
(-0.02456 0.02193 0.03591)
(-0.08600 0.06989 -0.01683)
(-0.12418 0.10853 -0.06480)
(-0.14087 0.12330 -0.08250)
(-0.14935 0.13447 -0.09653)
(-0.20865 0.20112 -0.17723)
(-0.24375 0.24843 -0.22163)
(-0.31865 0.30347 -0.29942)
(-0.33840 0.34446 -0.34286)
(-0.37370 0.36001 -0.38672)
(-0.34557 0.36219 -0.36835)
(-0.39420 0.39208 -0.44514)
(-0.40995 0.41283 -0.48641)
(-0.41157 0.40521 -0.49962)
(-0.40620 0.39499 -0.51409)
(-0.39714 0.36218 -0.55205)
(-0.38587 0.33856 -0.56849)
(-0.37326 0.32126 -0.57181)
(-0.35558 0.31033 -0.56540)
(-0.31754 0.26485 -0.53336)
(-0.31132 0.26360 -0.51315)
(-0.28301 0.23167 -0.47104)
(-0.24934 0.19526 -0.41112)
(-0.23592 0.17636 -0.37181)
(-0.22395 0.16175 -0.34784)
(-0.19685 0.12461 -0.29237)
(-0.14351 0.04362 -0.19731)
(-0.13149 0.01703 -0.17009)
(-0.12850 -0.01342 -0.12626)
(-0.08558 -0.07163 -0.06408)
(-0.06636 -0.11883 0.00925)
(-0.05651 -0.12816 0.02492)
(-0.05583 -0.13161 0.03684)
(-0.03710 -0.13754 0.07520)
(-0.01698 -0.15360 0.14273)
(-0.01058 -0.15338 0.17011)
(-0.00300 -0.14609 0.18931)
(-0.00239 -0.13319 0.19755)
(-0.01032 -0.12804 0.19899)
(-0.00176 -0.12532 0.20750)
(-0.00267 -0.12063 0.21430)
(-0.00107 -0.10785 0.19002)
(-0.00165 -0.03586 0.07249)
(-0.00003 -0.00261 0.00514)
(0.00058 -0.00035 0.00081)
(0.01716 -0.01053 0.02473)
(0.03432 -0.01808 0.05628)
(0.03988 -0.01952 0.06294)
(0.03387 -0.01899 0.06668)
(0.01102 -0.01223 0.06431)
(0.00915 -0.00738 0.05841)
(0.00634 -0.00857 0.06353)
(-0.01008 0.00988 0.04663)
(-0.01686 0.01579 0.04141)
(-0.01113 0.01311 0.04219)
(-0.01774 0.01863 0.03689)
(-0.02369 0.02365 0.03159)
(-0.08368 0.08658 -0.04281)
(-0.12955 0.11660 -0.07615)
(-0.13781 0.12737 -0.08942)
(-0.19541 0.20059 -0.17174)
(-0.21654 0.22885 -0.20055)
(-0.28521 0.30180 -0.27871)
(-0.30627 0.34121 -0.31944)
(-0.31673 0.35568 -0.33473)
(-0.37870 0.38913 -0.43480)
(-0.40767 0.42047 -0.48444)
(-0.41087 0.41400 -0.49672)
(-0.41233 0.41531 -0.50637)
(-0.40347 0.39908 -0.54245)
(-0.39204 0.35034 -0.56911)
(-0.38363 0.35280 -0.56715)
(-0.34940 0.30461 -0.55588)
(-0.30633 0.25994 -0.50304)
(-0.28952 0.23830 -0.46899)
(-0.23091 0.16813 -0.35721)
(-0.18421 0.08853 -0.24176)
(-0.16583 0.04439 -0.18933)
(-0.12770 -0.03625 -0.09585)
(-0.06593 -0.12262 0.02135)
(-0.05667 -0.13323 0.04708)
(-0.01591 -0.15331 0.16529)
(-0.01565 -0.13770 0.19400)
(-0.00158 -0.04394 0.07693)
(0.00307 -0.00195 0.00371)
(0.02594 -0.01457 0.03379)
(0.04372 -0.02074 0.05649)
(0.04129 -0.02128 0.04696)
(0.04436 -0.01969 0.05611)
(0.04138 -0.01976 0.05868)
(0.02376 -0.00991 0.05813)
(-0.00530 0.00786 0.04704)
(-0.00523 0.01121 0.04235)
(-0.01164 0.01628 0.03720)
(-0.01598 0.02289 0.02710)
(-0.04132 0.06212 -0.01609)
(-0.04691 0.07487 -0.03867)
(-0.09810 0.10760 -0.06633)
(-0.13702 0.16688 -0.13329)
(-0.16815 0.18233 -0.14862)
(-0.18674 0.21627 -0.18290)
(-0.26295 0.29510 -0.26665)
(-0.21889 0.26521 -0.23076)
(-0.29462 0.33479 -0.30955)
(-0.30614 0.35093 -0.32639)
(-0.33962 0.37929 -0.37950)
(-0.38355 0.42240 -0.45344)
(-0.40620 0.42558 -0.49091)
(-0.41029 0.42280 -0.50340)
(-0.40032 0.39483 -0.55735)
(-0.00519 0.00216 -0.00460)
(0.01518 -0.00629 0.01305)
(0.05317 -0.02049 0.04724)
(0.04963 -0.02205 0.05707)
(0.04473 -0.02031 0.05690)
(0.03839 -0.01660 0.06065)
(0.02889 -0.01075 0.05809)
(0.02765 -0.00615 0.05358)
(0.03125 -0.00787 0.05479)
(0.01547 0.00461 0.04346)
(0.00831 0.01240 0.03154)
(0.00368 0.02462 0.01840)
(-0.01945 0.05161 -0.01548)
(-0.01417 0.04839 -0.01588)
(-0.07936 0.11110 -0.07141)
(-0.10988 0.14892 -0.11377)
(-0.16885 0.21007 -0.17317)
(-0.19650 0.25206 -0.21074)
(-0.27356 0.32246 -0.29037)
(-0.32679 0.38766 -0.36469)
(-0.35352 0.42298 -0.41206)
(-0.00529 0.00164 -0.00415)
(0.00375 -0.00115 0.00295)
(0.02549 -0.00685 0.02016)
(0.05147 -0.01796 0.05426)
(0.05082 -0.01756 0.05541)
(0.05159 -0.01380 0.05597)
(0.04124 -0.00904 0.05009)
(0.03035 0.00551 0.03986)
(0.02291 0.01249 0.03168)
(0.00818 0.03002 0.01337)
(-0.01393 0.04946 -0.01164)
(-0.02454 0.06356 -0.02422)
(-0.05685 0.09857 -0.05708)
(-0.09319 0.15052 -0.10634)
(-0.13164 0.18056 -0.13888)
(-0.14327 0.20362 -0.15465)
(-0.21973 0.28246 -0.23739)
(0.00124 -0.00022 0.00083)
(0.02990 -0.00543 0.02220)
(0.04212 -0.01235 0.04049)
(0.05349 -0.01558 0.05240)
(0.05240 -0.01542 0.05385)
(0.05354 -0.01384 0.05268)
(0.05086 -0.00302 0.04505)
(0.04658 0.00352 0.03990)
(0.03891 0.00630 0.03545)
(0.04033 0.01413 0.02719)
(0.02694 0.03043 0.01054)
(0.01812 0.04090 0.00086)
(0.00736 0.04467 -0.00043)
(0.01403 0.05358 -0.01289)
(-0.00939 0.06825 -0.02935)
(-0.05702 0.11098 -0.07065)
(0.00349 -0.00029 0.00186)
(0.04285 -0.00695 0.03294)
(0.05496 -0.01362 0.05113)
(0.05989 0.00152 0.03491)
(0.05355 -0.00444 0.04309)
(0.05048 0.00271 0.03664)
(0.04982 0.00980 0.03447)
(0.04149 0.01460 0.02685)
(0.02813 0.03987 -0.00016)
(0.01879 0.05023 -0.00910)
(-0.00073 -0.00005 -0.00030)
(0.01917 0.00158 0.00760)
(0.04875 0.00528 0.02115)
(-0.37840 0.34875 -0.57557)
(-0.31730 0.27117 -0.51988)
(-0.24198 0.18307 -0.38056)
(-0.22423 0.14992 -0.32354)
(-0.14872 0.00108 -0.13712)
(-0.08821 -0.09503 -0.01610)
(-0.06517 -0.12608 0.03391)
(-0.04148 -0.14120 0.10944)
(-0.02481 -0.15042 0.16432)
(-0.01612 -0.13310 0.19582)
(-0.01124 -0.12710 0.19925)
(-0.00391 -0.10955 0.18894)
(-0.00398 -0.10749 0.18609)
(-0.00395 -0.10514 0.18291)
(-0.00034 -0.00989 0.01734)
(-0.40977 0.42450 -0.53357)
(-0.39383 0.38347 -0.57015)
(-0.38092 0.36382 -0.57199)
(-0.36649 0.33376 -0.56713)
(-0.32796 0.28417 -0.53931)
(-0.31115 0.26678 -0.50908)
(-0.29626 0.24931 -0.47160)
(-0.27706 0.23606 -0.43641)
(-0.23742 0.17537 -0.36715)
(-0.24584 0.17530 -0.34601)
(-0.19284 0.09538 -0.25064)
(-0.17598 0.04748 -0.19100)
(-0.15664 0.00974 -0.14501)
(-0.14516 -0.01033 -0.12451)
(-0.12794 -0.05591 -0.06033)
(-0.07568 -0.11654 0.01725)
(-0.07431 -0.12038 0.03073)
(-0.06774 -0.13086 0.05720)
(-0.06710 -0.13956 0.11006)
(-0.03602 -0.15045 0.15079)
(-0.04022 -0.14557 0.16234)
(-0.03050 -0.13833 0.17994)
(-0.02440 -0.13427 0.18364)
(-0.01392 -0.11934 0.19030)
(-0.00544 -0.11055 0.18415)
(-0.00475 -0.10695 0.17890)
(-0.00147 -0.04087 0.06846)
(-0.00012 -0.00408 0.00681)
(-0.36892 0.44911 -0.44771)
(-0.39977 0.44879 -0.50089)
(-0.40340 0.44781 -0.51136)
(-0.41360 0.43326 -0.55577)
(-0.40204 0.41602 -0.55850)
(-0.38895 0.38518 -0.56554)
(-0.36940 0.34720 -0.57020)
(-0.35050 0.32804 -0.55339)
(-0.31554 0.27498 -0.51523)
(-0.33136 0.30329 -0.53651)
(-0.30354 0.26622 -0.49064)
(-0.28491 0.24948 -0.44480)
(-0.25986 0.20358 -0.38501)
(-0.25126 0.18344 -0.35611)
(-0.22252 0.12989 -0.28256)
(-0.20258 0.08014 -0.22171)
(-0.19295 0.05596 -0.18761)
(-0.15191 -0.01150 -0.11907)
(-0.14482 -0.04131 -0.07605)
(-0.11306 -0.08120 -0.01802)
(-0.10700 -0.09995 0.01984)
(-0.08985 -0.12235 0.06260)
(-0.08505 -0.13135 0.11464)
(-0.07486 -0.13525 0.11800)
(-0.04763 -0.13962 0.15697)
(-0.03282 -0.13777 0.17476)
(-0.04575 -0.14008 0.16643)
(-0.03029 -0.13432 0.18171)
(-0.02277 -0.12844 0.18004)
(-0.02639 -0.13104 0.17227)
(-0.00711 -0.11503 0.18374)
(-0.00573 -0.10729 0.17191)
(-0.00153 -0.05390 0.08436)
(-0.00041 -0.01241 0.01877)
(0.00012 0.00478 -0.00719)
(-0.25831 0.33369 -0.29262)
(-0.31342 0.38830 -0.35823)
(-0.33573 0.41494 -0.39437)
(-0.36709 0.44779 -0.44247)
(-0.39193 0.45806 -0.48672)
(-0.38945 0.46085 -0.50035)
(-0.40492 0.43607 -0.53972)
(-0.39500 0.42617 -0.53945)
(-0.38585 0.40024 -0.55976)
(-0.37902 0.38449 -0.56230)
(-0.35851 0.35668 -0.55238)
(-0.34243 0.33168 -0.54021)
(-0.32410 0.30486 -0.51039)
(-0.31516 0.29460 -0.49243)
(-0.28394 0.24698 -0.43886)
(-0.27098 0.21868 -0.37789)
(-0.26275 0.19585 -0.34707)
(-0.23094 0.13513 -0.28123)
(-0.22187 0.11117 -0.25028)
(-0.19431 0.04027 -0.17160)
(-0.17564 0.00927 -0.13975)
(-0.15998 -0.02467 -0.09046)
(-0.13933 -0.06369 -0.03933)
(-0.12054 -0.09445 0.01136)
(-0.10241 -0.10999 0.04174)
(-0.11623 -0.10836 0.04636)
(-0.09394 -0.12193 0.08232)
(-0.08181 -0.13159 0.11936)
(-0.06171 -0.14228 0.14027)
(-0.05992 -0.14297 0.14738)
(-0.04219 -0.14059 0.16862)
(-0.02012 -0.12994 0.17408)
(-0.03248 -0.13633 0.16008)
(-0.01368 -0.12646 0.16671)
(-0.00932 -0.10920 0.14621)
(-0.00075 -0.01295 0.01674)
(0.00049 0.01073 -0.01436)
(-0.01041 -0.08951 0.11127)
(-0.08865 0.14849 -0.10281)
(-0.10489 0.16507 -0.11831)
(-0.11441 0.17762 -0.12807)
(-0.19207 0.26036 -0.21412)
(-0.24999 0.32681 -0.28267)
(-0.27061 0.35609 -0.29857)
(-0.28255 0.35955 -0.32273)
(-0.30959 0.39678 -0.35861)
(-0.33883 0.42877 -0.40026)
(-0.36619 0.44899 -0.45154)
(-0.38380 0.46159 -0.48773)
(-0.38957 0.45864 -0.50164)
(-0.38809 0.43111 -0.53158)
(-0.37997 0.39181 -0.55991)
(-0.37371 0.38388 -0.55985)
(-0.35535 0.36006 -0.54509)
(-0.33466 0.31534 -0.53220)
(-0.33133 0.32842 -0.50833)
(-0.29852 0.27302 -0.45949)
(-0.33124 0.33355 -0.49994)
(-0.27234 0.21843 -0.37435)
(-0.26845 0.20822 -0.35866)
(-0.25807 0.18459 -0.33211)
(-0.21508 0.08385 -0.21294)
(-0.18880 0.02631 -0.15380)
(-0.19302 0.03613 -0.16467)
(-0.17623 -0.00232 -0.11922)
(-0.14993 -0.05363 -0.04107)
(-0.15457 -0.04015 -0.06075)
(-0.13464 -0.08041 -0.00366)
(-0.12628 -0.09527 0.02253)
(-0.11844 -0.10793 0.05009)
(-0.08406 -0.12755 0.10389)
(-0.06669 -0.14199 0.13976)
(-0.06218 -0.14325 0.14317)
(-0.05593 -0.14408 0.14959)
(-0.03762 -0.13615 0.14387)
(-0.02975 -0.13391 0.14823)
(-0.02475 -0.12935 0.14924)
(-0.01078 -0.07041 0.08560)
(-0.00103 -0.00857 0.01056)
(-0.00924 -0.04026 0.04743)
(-0.00170 -0.00764 0.00906)
(0.01456 0.05552 -0.01406)
(0.01026 0.05863 -0.01719)
(-0.02305 0.09095 -0.04749)
(-0.08454 0.14677 -0.09970)
(-0.09845 0.16097 -0.11289)
(-0.09208 0.15696 -0.10764)
(-0.10825 0.17345 -0.12282)
(-0.18577 0.26496 -0.21415)
(-0.14087 0.21740 -0.15235)
(-0.20345 0.29263 -0.22547)
(-0.24139 0.33371 -0.26461)
(-0.29924 0.40279 -0.33606)
(-0.30189 0.41067 -0.34212)
(-0.34276 0.43220 -0.41686)
(-0.38153 0.46249 -0.48135)
(-0.38593 0.45985 -0.49344)
(-0.38704 0.45829 -0.49867)
(-0.38429 0.44589 -0.51183)
(-0.38095 0.39803 -0.55789)
(-0.37550 0.39011 -0.55824)
(-0.37088 0.38581 -0.56283)
(-0.34756 0.34158 -0.54162)
(-0.33892 0.34670 -0.51419)
(-0.33690 0.34264 -0.50652)
(-0.28523 0.24610 -0.40680)
(-0.27423 0.22050 -0.36958)
(-0.26292 0.19508 -0.34186)
(-0.26867 0.20734 -0.35297)
(-0.23683 0.12969 -0.25617)
(-0.21414 0.10612 -0.23287)
(-0.17746 0.02595 -0.15126)
(-0.17140 0.00125 -0.12007)
(-0.13218 -0.08715 0.00684)
(-0.12736 -0.09395 0.01747)
(-0.12237 -0.10174 0.03226)
(-0.09579 -0.12053 0.07640)
(-0.06862 -0.14248 0.13606)
(-0.06417 -0.14354 0.13951)
(-0.05774 -0.14425 0.14616)
(-0.05705 -0.14345 0.14331)
(-0.04054 -0.13437 0.13988)
(-0.02837 -0.11800 0.13219)
(-0.00988 -0.03546 0.03934)
(0.00183 0.00740 -0.00828)
(-0.00071 -0.00259 0.00289)
(0.06283 0.00879 0.02457)
(0.06035 0.01856 0.02018)
(0.05423 0.01339 0.02710)
(0.05060 0.02345 0.01971)
(0.04439 0.03015 0.00588)
(0.04713 0.03229 0.00817)
(0.03292 0.03894 0.00125)
(0.01925 0.05179 -0.01022)
(0.01942 0.05400 -0.01213)
(0.01491 0.05766 -0.01564)
(0.01029 0.06119 -0.01886)
(-0.01492 0.09136 -0.04433)
(-0.06057 0.13277 -0.08304)
(-0.08948 0.15933 -0.10541)
(-0.12710 0.21297 -0.13913)
(-0.18482 0.27890 -0.20116)
(-0.23745 0.33288 -0.25581)
(-0.28259 0.39046 -0.31474)
(-0.29559 0.40451 -0.33083)
(-0.32439 0.42423 -0.38023)
(-0.34717 0.44255 -0.41583)
(-0.38326 0.46093 -0.48596)
(-0.38459 0.45917 -0.49208)
(-0.38447 0.45726 -0.50800)
(-0.38111 0.42150 -0.53871)
(-0.37802 0.41107 -0.55309)
(-0.37362 0.40400 -0.55672)
(-0.35338 0.36637 -0.54108)
(-0.34388 0.35467 -0.52116)
(-0.34288 0.35190 -0.51356)
(-0.31963 0.30713 -0.46396)
(-0.29856 0.26535 -0.40928)
(-0.29547 0.25753 -0.38623)
(-0.25183 0.18217 -0.31965)
(-0.23855 0.14508 -0.25875)
(-0.21990 0.11587 -0.22817)
(-0.19070 0.05967 -0.18318)
(-0.17703 0.02985 -0.14956)
(-0.16935 0.00435 -0.09670)
(-0.14500 -0.06087 -0.02892)
(-0.13043 -0.08909 0.00703)
(-0.12609 -0.09653 0.01807)
(-0.12330 -0.10131 0.02822)
(-0.10948 -0.11730 0.05456)
(-0.07726 -0.14269 0.12220)
(-0.08251 -0.12972 0.08600)
(-0.07014 -0.14200 0.11707)
(-0.05668 -0.14275 0.11834)
(-0.04926 -0.13801 0.13501)
(-0.03850 -0.13279 0.13665)
(-0.03722 -0.12248 0.12925)
(-0.02560 -0.09105 0.09720)
(-0.00594 -0.01953 0.02178)
(0.00402 0.00058 0.00139)
(0.01046 0.00169 0.00362)
(0.05686 0.01493 0.01627)
(0.05365 0.01683 0.01658)
(0.03241 0.02513 -0.00033)
(0.04123 0.02713 0.00357)
(0.02228 0.04076 -0.01178)
(0.01611 0.04223 -0.01411)
(0.00628 0.05400 -0.02497)
(0.00810 0.05242 -0.02239)
(-0.00400 0.06836 -0.03243)
(-0.04155 0.09607 -0.06317)
(-0.03190 0.10003 -0.05777)
(-0.05539 0.12722 -0.07415)
(-0.06481 0.14367 -0.08563)
(-0.14516 0.21903 -0.14992)
(-0.16218 0.23725 -0.16446)
(-0.18943 0.28166 -0.20226)
(-0.23691 0.33727 -0.24677)
(-0.27561 0.37944 -0.29611)
(-0.30435 0.41229 -0.32402)
(-0.32922 0.44382 -0.37113)
(-0.35022 0.45852 -0.40668)
(-0.37773 0.47154 -0.46495)
(-0.38241 0.47902 -0.47334)
(-0.38052 0.47904 -0.48288)
(-0.38402 0.45086 -0.52754)
(-0.38138 0.44319 -0.53196)
(-0.38078 0.43971 -0.54259)
(-0.36786 0.40164 -0.54585)
(-0.37048 0.40650 -0.53853)
(-0.36943 0.40004 -0.53444)
(-0.35081 0.36227 -0.50001)
(-0.33136 0.33825 -0.46825)
(-0.32480 0.32334 -0.44220)
(-0.27362 0.23409 -0.35453)
(-0.24531 0.16911 -0.28331)
(-0.23061 0.14978 -0.25131)
(-0.20887 0.09617 -0.18858)
(-0.17386 0.04211 -0.13059)
(-0.15780 0.00280 -0.08384)
(-0.13074 -0.06309 -0.01671)
(-0.10373 -0.11052 0.04167)
(-0.11177 -0.07633 0.00282)
(-0.10165 -0.13542 0.06887)
(-0.08398 -0.12500 0.06817)
(-0.06597 -0.13301 0.10136)
(-0.05716 -0.13320 0.10588)
(-0.04486 -0.13663 0.12422)
(-0.04603 -0.12500 0.10987)
(-0.02326 -0.08804 0.08298)
(-0.01170 -0.04416 0.04168)
(-0.00440 -0.01658 0.01569)
(0.00208 0.00065 0.00059)
(0.03463 0.01983 0.00230)
(0.03176 0.02653 -0.00319)
(0.00016 0.03851 -0.02527)
(-0.00077 0.03936 -0.02594)
(-0.00276 0.04085 -0.02728)
(0.01051 0.04846 -0.02259)
(-0.01171 0.04734 -0.03539)
(-0.00738 0.06334 -0.03885)
(-0.01101 0.06843 -0.04285)
(-0.04141 0.08454 -0.06186)
(-0.06448 0.10237 -0.08128)
(-0.06949 0.12341 -0.08281)
(-0.06116 0.13595 -0.08076)
(-0.10060 0.16683 -0.11136)
(-0.13482 0.21034 -0.13877)
(-0.21230 0.27746 -0.19894)
(-0.22298 0.30668 -0.21898)
(-0.26071 0.36047 -0.27039)
(-0.32196 0.43471 -0.33556)
(-0.33275 0.45087 -0.36033)
(-0.34488 0.45895 -0.38327)
(-0.36428 0.47750 -0.42377)
(-0.36040 0.48202 -0.40707)
(-0.37586 0.48812 -0.45270)
(-0.37963 0.48971 -0.47324)
(-0.38409 0.45491 -0.52254)
(-0.38694 0.46093 -0.52568)
(-0.39216 0.47238 -0.53429)
(-0.38293 0.44355 -0.54421)
(-0.39345 0.47210 -0.53659)
(-0.37661 0.41691 -0.54036)
(-0.38630 0.42736 -0.53338)
(-0.38871 0.41969 -0.52147)
(-0.37718 0.39970 -0.51470)
(-0.35386 0.37058 -0.48286)
(-0.33928 0.35238 -0.46471)
(-0.31451 0.33433 -0.41860)
(-0.29661 0.27640 -0.38312)
(-0.27630 0.25522 -0.34305)
(-0.24938 0.21168 -0.30111)
(-0.22082 0.14119 -0.21682)
(-0.23548 0.18114 -0.25023)
(-0.20440 0.13656 -0.19420)
(-0.17777 0.09330 -0.16108)
(-0.14159 -0.00582 -0.06632)
(-0.10217 -0.05779 -0.02678)
(-0.09719 -0.10359 0.04373)
(-0.09057 -0.06918 -0.00972)
(-0.07721 -0.11712 0.05036)
(-0.04351 -0.11278 0.05386)
(-0.05584 -0.12215 0.07424)
(-0.03727 -0.11532 0.06537)
(-0.04062 -0.13107 0.10191)
(-0.03920 -0.12151 0.09751)
(-0.03567 -0.11465 0.06545)
(-0.03078 -0.09583 0.07712)
(-0.00427 -0.02137 0.01845)
(0.00042 0.00027 0.00003)
(0.01622 0.01819 -0.00582)
(-0.00784 0.03126 -0.02453)
(-0.01021 0.04309 -0.03287)
(-0.01149 0.04533 -0.03432)
(-0.02052 0.04767 -0.04034)
(-0.02185 0.05007 -0.04216)
(-0.03336 0.07110 -0.05606)
(-0.06538 0.10585 -0.08717)
(-0.09943 0.11843 -0.10158)
(-0.08844 0.13661 -0.10201)
(-0.13595 0.17457 -0.13805)
(-0.14797 0.18702 -0.14419)
(-0.16782 0.23002 -0.16330)
(-0.24229 0.30151 -0.22520)
(-0.24647 0.31266 -0.23086)
(-0.26064 0.32793 -0.24295)
(-0.26480 0.36491 -0.27207)
(-0.32625 0.43823 -0.33590)
(-0.33219 0.44684 -0.34790)
(-0.33977 0.46145 -0.36405)
(-0.36523 0.49027 -0.40798)
(-0.36780 0.49747 -0.42295)
(-0.38140 0.50632 -0.46116)
(-0.38443 0.49457 -0.48770)
(-0.37793 0.48631 -0.49252)
(-0.39440 0.48181 -0.53070)
(-0.39576 0.48191 -0.53259)
(-0.39608 0.47275 -0.53979)
(-0.39854 0.46062 -0.53520)
(-0.38710 0.43476 -0.53162)
(-0.37396 0.40692 -0.51104)
(-0.35577 0.38998 -0.47579)
(-0.33360 0.36902 -0.43870)
(-0.29843 0.32887 -0.38887)
(-0.28881 0.31795 -0.37542)
(-0.24628 0.23661 -0.30720)
(-0.20903 0.15784 -0.20974)
(-0.20080 0.14471 -0.19431)
(-0.13618 0.01556 -0.09885)
(-0.15020 0.07016 -0.13750)
(-0.12238 -0.01203 -0.05560)
(-0.07118 -0.02773 -0.05264)
(-0.07066 -0.07819 0.00484)
(-0.06430 -0.03533 -0.04412)
(-0.04913 -0.10351 0.03583)
(-0.03366 -0.10706 0.04637)
(-0.03330 -0.11091 0.05561)
(-0.02897 -0.11133 0.07242)
(-0.02535 -0.08550 0.06149)
(-0.02736 -0.10343 0.05204)
(-0.00572 -0.02849 0.02062)
(-0.00110 -0.00572 0.00412)
(-0.00034 -0.00039 0.00007)
(-0.00296 0.01510 -0.01085)
(-0.01396 0.02330 -0.02195)
(-0.02112 0.04576 -0.03986)
(-0.03352 0.05144 -0.04865)
(-0.08435 0.09631 -0.08978)
(-0.09670 0.11169 -0.10071)
(-0.12580 0.12369 -0.11781)
(-0.17915 0.19386 -0.16541)
(-0.19689 0.20568 -0.17674)
(-0.19641 0.21074 -0.17724)
(-0.20092 0.23679 -0.18693)
(-0.25999 0.31005 -0.23723)
(-0.25948 0.31866 -0.23959)
(-0.27342 0.33377 -0.25231)
(-0.31523 0.40558 -0.30529)
(-0.33510 0.44881 -0.34696)
(-0.35720 0.46816 -0.36744)
(-0.37414 0.50090 -0.39189)
(-0.37095 0.50173 -0.41908)
(-0.38503 0.51665 -0.44669)
(-0.38487 0.51002 -0.47024)
(-0.38650 0.51077 -0.47675)
(-0.39701 0.51084 -0.50334)
(-0.39697 0.49106 -0.52811)
(-0.39778 0.48230 -0.53517)
(-0.39952 0.48498 -0.53594)
(-0.39415 0.47534 -0.53440)
(-0.36859 0.43945 -0.51961)
(-0.38890 0.47961 -0.52480)
(-0.37092 0.45690 -0.51438)
(-0.35801 0.42502 -0.46891)
(-0.31284 0.36775 -0.41086)
(-0.30653 0.35020 -0.40188)
(-0.29634 0.34000 -0.38849)
(-0.28595 0.33144 -0.37639)
(-0.22947 0.25948 -0.29965)
(-0.21343 0.17888 -0.22308)
(-0.20557 0.16884 -0.20956)
(-0.16463 0.14013 -0.18341)
(-0.12786 0.06045 -0.11828)
(-0.12779 0.08180 -0.12885)
(-0.07024 -0.01046 -0.06451)
(-0.06203 -0.02021 -0.05595)
(-0.05380 -0.05429 -0.01783)
(-0.05372 -0.02808 -0.05013)
(-0.02991 -0.10134 0.03736)
(-0.02957 -0.10630 0.04584)
(-0.02483 -0.10022 0.03560)
(-0.01947 -0.09128 0.03883)
(-0.01335 -0.05677 0.03005)
(-0.00107 -0.01081 0.00572)
(0.00028 0.00637 -0.00328)
(0.00158 -0.00277 0.00226)
(-0.00195 0.00152 -0.00164)
(-0.02334 0.02112 -0.02167)
(-0.05585 0.06063 -0.06414)
(-0.10842 0.08854 -0.09641)
(-0.09247 0.09041 -0.09085)
(-0.16653 0.13514 -0.13672)
(-0.14665 0.12900 -0.13418)
(-0.17752 0.15673 -0.15471)
(-0.19553 0.19790 -0.17437)
(-0.21163 0.21020 -0.18464)
(-0.21425 0.21817 -0.18814)
(-0.25606 0.24565 -0.21464)
(-0.24940 0.26126 -0.21801)
(-0.28972 0.29206 -0.24620)
(-0.27460 0.32433 -0.24953)
(-0.28708 0.33829 -0.26159)
(-0.31118 0.37118 -0.28612)
(-0.34392 0.42431 -0.32668)
(-0.35173 0.45631 -0.34814)
(-0.39381 0.46466 -0.37337)
(-0.37163 0.48961 -0.37540)
(-0.37803 0.49598 -0.39279)
(-0.37943 0.50966 -0.40625)
(-0.40394 0.52871 -0.43442)
(-0.38623 0.51596 -0.46552)
(-0.38770 0.51618 -0.47219)
(-0.39291 0.52219 -0.48839)
(-0.40084 0.51225 -0.51291)
(-0.39851 0.49086 -0.53039)
(-0.40083 0.51511 -0.51812)
(-0.39599 0.49961 -0.53144)
(-0.39957 0.50295 -0.53435)
(-0.38737 0.49198 -0.52405)
(-0.37269 0.46649 -0.51672)
(-0.36858 0.46420 -0.51081)
(-0.34500 0.44799 -0.46074)
(-0.30622 0.39989 -0.42581)
(-0.30195 0.35820 -0.39885)
(-0.28994 0.34774 -0.38446)
(-0.23959 0.31950 -0.32762)
(-0.21389 0.25272 -0.26184)
(-0.17818 0.20696 -0.21253)
(-0.13333 0.15308 -0.17923)
(-0.08397 0.05088 -0.10185)
(-0.08811 0.11455 -0.13615)
(-0.06155 -0.00398 -0.06657)
(-0.05199 -0.01579 -0.05911)
(-0.01863 -0.01872 -0.03455)
(-0.03142 -0.05052 -0.00760)
(-0.01029 -0.05822 -0.00249)
(-0.01824 -0.09978 0.03445)
(-0.00139 -0.03773 0.01493)
(0.00603 -0.03326 0.00662)
(0.00007 -0.00086 0.00033)
(0.00869 -0.00669 0.00726)
(-0.06126 0.04656 -0.04888)
(-0.09981 0.07550 -0.08100)
(0.00972 -0.00581 0.00786)
(-0.01364 0.00870 -0.01086)
(-0.14331 0.10378 -0.10182)
(-0.15244 0.11144 -0.10993)
(-0.15681 0.11820 -0.12051)
(-0.21483 0.14684 -0.13919)
(-0.20488 0.15628 -0.15880)
(-0.22607 0.17909 -0.17619)
(-0.22577 0.19448 -0.17998)
(-0.25596 0.20115 -0.18539)
(-0.25445 0.21350 -0.18929)
(-0.22792 0.22321 -0.19532)
(-0.33051 0.28617 -0.24432)
(-0.32765 0.31168 -0.26385)
(-0.32624 0.33667 -0.26928)
(-0.38431 0.36125 -0.30238)
(-0.38289 0.39264 -0.31337)
(-0.38933 0.41305 -0.32657)
(-0.38749 0.44730 -0.35199)
(-0.40166 0.46522 -0.37500)
(-0.39989 0.47445 -0.38094)
(-0.42495 0.49926 -0.40409)
(-0.39479 0.50878 -0.40380)
(-0.41554 0.52467 -0.43801)
(-0.38862 0.52524 -0.45599)
(-0.39770 0.51697 -0.46935)
(-0.39454 0.52274 -0.48365)
(-0.39767 0.53031 -0.49509)
(-0.39785 0.52884 -0.50121)
(-0.39217 0.51129 -0.52281)
(-0.39414 0.50739 -0.52587)
(-0.37722 0.50127 -0.52499)
(-0.37054 0.49345 -0.52640)
(-0.37712 0.48155 -0.51945)
(-0.36548 0.46709 -0.51226)
(-0.32998 0.45101 -0.47225)
(-0.31843 0.43907 -0.45303)
(-0.28188 0.41745 -0.41139)
(-0.29057 0.39120 -0.40656)
(-0.25330 0.35894 -0.35684)
(-0.21133 0.32930 -0.30254)
(-0.19158 0.29744 -0.27897)
(-0.17293 0.23514 -0.23627)
(-0.13098 0.18847 -0.18819)
(-0.13835 0.21642 -0.20939)
(-0.09443 0.14319 -0.14672)
(-0.06544 0.04573 -0.08952)
(-0.07445 0.11969 -0.13391)
(-0.04193 0.07612 -0.09945)
(-0.05223 -0.00173 -0.06818)
(-0.02420 -0.00392 -0.05653)
(0.00258 -0.02526 -0.03770)
(0.02519 -0.03777 -0.03662)
(0.01524 -0.04750 -0.01839)
(0.00905 -0.02897 0.00255)
(-0.00069 0.00291 -0.00059)
(0.00109 -0.00326 0.00041)
(-0.01037 0.00687 -0.00674)
(-0.08764 0.05819 -0.05915)
(-0.15102 0.09680 -0.08940)
(-0.22844 0.14666 -0.13714)
(-0.24690 0.16005 -0.14733)
(-0.24644 0.19042 -0.17806)
(-0.29758 0.21165 -0.19687)
(-0.33301 0.25705 -0.22675)
(-0.37996 0.28924 -0.25031)
(-0.38200 0.33393 -0.27973)
(-0.40134 0.35648 -0.29385)
(-0.40063 0.38147 -0.31580)
(-0.44263 0.42219 -0.35024)
(-0.42663 0.44719 -0.35552)
(-0.45355 0.46928 -0.38574)
(-0.42160 0.47710 -0.39097)
(-0.45877 0.50930 -0.42748)
(-0.45512 0.51501 -0.43092)
(-0.45739 0.51625 -0.43477)
(-0.41674 0.52575 -0.44256)
(-0.44252 0.51885 -0.44375)
(-0.41976 0.53458 -0.46356)
(-0.40194 0.52288 -0.47799)
(-0.40506 0.52428 -0.48814)
(-0.40052 0.51706 -0.49702)
(-0.38358 0.51586 -0.50206)
(-0.38473 0.51905 -0.51197)
(-0.37676 0.50652 -0.52420)
(-0.37926 0.50502 -0.52257)
(-0.36099 0.50437 -0.51230)
(-0.34191 0.48350 -0.50469)
(-0.34788 0.48022 -0.50900)
(-0.33373 0.47066 -0.49388)
(-0.30631 0.45301 -0.46385)
(-0.28205 0.43376 -0.43570)
(-0.25670 0.39966 -0.37745)
(-0.25145 0.37450 -0.37349)
(-0.21273 0.33639 -0.31947)
(-0.19632 0.31288 -0.28948)
(-0.13686 0.25337 -0.22883)
(-0.11013 0.24008 -0.19797)
(-0.11195 0.20221 -0.17736)
(-0.07597 0.13064 -0.13935)
(-0.04854 0.11577 -0.12246)
(-0.02680 0.09359 -0.08923)
(0.00984 -0.00772 -0.04995)
(-0.00799 0.03840 -0.06131)
(0.02796 -0.02613 -0.04491)
(0.02971 -0.02647 -0.04319)
(0.02258 -0.02385 -0.02546)
(0.01244 -0.01618 -0.00558)
(-0.00120 0.00084 0.00032)
(-0.00261 0.00757 -0.00105)
(-0.01737 0.01110 -0.01014)
(-0.07809 0.04997 -0.04589)
(-0.11120 0.07184 -0.06400)
(-0.23901 0.15481 -0.13946)
(-0.25832 0.16917 -0.14976)
(-0.28477 0.19726 -0.17882)
(-0.25484 0.16676 -0.14642)
(-0.33512 0.24145 -0.20570)
(-0.34691 0.25556 -0.22390)
(-0.37931 0.28445 -0.24401)
(-0.38525 0.29085 -0.24267)
(-0.38969 0.29571 -0.25006)
(-0.40475 0.32688 -0.27592)
(-0.42981 0.36746 -0.30232)
(-0.43499 0.39118 -0.32996)
(-0.46767 0.44096 -0.36514)
(-0.46513 0.44866 -0.37226)
(-0.46953 0.45437 -0.37752)
(-0.45641 0.47830 -0.39476)
(-0.46744 0.50764 -0.42955)
(-0.46275 0.51144 -0.43138)
(-0.46520 0.51195 -0.43521)
(-0.46409 0.51344 -0.43922)
(-0.42836 0.52515 -0.45988)
(-0.42431 0.52535 -0.46936)
(-0.40034 0.51136 -0.47833)
(-0.39772 0.50644 -0.48566)
(-0.39457 0.50312 -0.49780)
(-0.36752 0.50137 -0.51284)
(-0.36350 0.49963 -0.51509)
(-0.35920 0.49874 -0.51707)
(-0.33757 0.48723 -0.50731)
(-0.33465 0.47792 -0.50128)
(-0.31525 0.46674 -0.47730)
(-0.27253 0.42695 -0.43213)
(-0.25408 0.41394 -0.40605)
(-0.19398 0.35879 -0.34244)
(-0.21367 0.36429 -0.33723)
(-0.18456 0.34733 -0.32782)
(-0.17565 0.32778 -0.30416)
(-0.14723 0.28402 -0.24616)
(-0.11262 0.24780 -0.20472)
(-0.10263 0.23618 -0.19312)
(-0.09925 0.22686 -0.18584)
(-0.09261 0.22470 -0.18237)
(-0.07070 0.18385 -0.15710)
(-0.03066 0.11813 -0.11034)
(-0.00413 0.11044 -0.10868)
(-0.00780 0.07693 -0.08177)
(0.00118 0.04892 -0.06503)
(0.02563 0.02192 -0.04818)
(0.02862 0.01148 -0.03704)
(0.02421 -0.00782 -0.01871)
(0.00540 -0.00161 -0.00272)
(-0.00413 0.00194 0.00084)
(-0.02927 0.01887 -0.01671)
(-0.02717 0.01768 -0.01524)
(-0.17051 0.11131 -0.09659)
(-0.26641 0.17621 -0.14864)
(-0.33245 0.23884 -0.20146)
(-0.34553 0.25954 -0.21103)
(-0.34685 0.26153 -0.21529)
(-0.39807 0.31082 -0.25255)
(-0.42006 0.34767 -0.28188)
(-0.42846 0.36053 -0.28724)
(-0.45205 0.39817 -0.32337)
(-0.46834 0.42947 -0.35028)
(-0.47197 0.44750 -0.37064)
(-0.47505 0.45179 -0.37604)
(-0.47356 0.45792 -0.38237)
(-0.47928 0.47532 -0.40559)
(-0.47044 0.50748 -0.43268)
(-0.47258 0.50664 -0.43610)
(-0.46906 0.49943 -0.43816)
(-0.43701 0.50129 -0.45055)
(-0.42665 0.50267 -0.45871)
(-0.40215 0.48335 -0.46995)
(-0.39689 0.48254 -0.47254)
(-0.39245 0.48151 -0.47468)
(-0.36613 0.49739 -0.51107)
(-0.37533 0.48343 -0.49643)
(-0.36166 0.49529 -0.51311)
(-0.35695 0.49392 -0.51559)
(-0.32691 0.47737 -0.50818)
(-0.31366 0.46123 -0.49816)
(-0.30499 0.45658 -0.49328)
(-0.32745 0.47185 -0.49716)
(-0.28345 0.43883 -0.45746)
(-0.26486 0.42244 -0.45398)
(-0.26201 0.41645 -0.42620)
(-0.19475 0.36082 -0.34940)
(-0.18561 0.35029 -0.33498)
(-0.17696 0.34060 -0.32139)
(-0.15650 0.32095 -0.29416)
(-0.11364 0.25293 -0.20944)
(-0.10553 0.24400 -0.19990)
(-0.11095 0.25380 -0.21594)
(-0.09639 0.23379 -0.18928)
(-0.03580 0.15049 -0.13141)
(-0.05970 0.20068 -0.16333)
(-0.02043 0.14240 -0.12785)
(0.00965 0.09802 -0.09848)
(-0.00839 0.13094 -0.11860)
(0.04290 0.06047 -0.08109)
(0.04609 0.04511 -0.07175)
(0.01773 0.00600 -0.01597)
(0.01774 0.01480 -0.02364)
(0.00311 0.00097 -0.00254)
(-0.14566 0.09614 -0.08061)
(-0.03726 0.02451 -0.02053)
(-0.15816 0.11430 -0.08206)
(-0.33486 0.24329 -0.19338)
(-0.37161 0.28455 -0.20703)
(-0.37806 0.29012 -0.22488)
(-0.40619 0.32357 -0.25466)
(-0.42057 0.34994 -0.27710)
(-0.42635 0.35805 -0.28320)
(-0.44854 0.38384 -0.30767)
(-0.46308 0.40564 -0.33036)
(-0.47646 0.44670 -0.37088)
(-0.48608 0.46412 -0.39155)
(-0.47646 0.47589 -0.42063)
(-0.48738 0.46901 -0.42657)
(-0.47239 0.47300 -0.42894)
(-0.44634 0.49213 -0.44684)
(-0.44460 0.48910 -0.45447)
(-0.41309 0.47603 -0.46322)
(-0.39908 0.47616 -0.46811)
(-0.39294 0.47519 -0.47054)
(-0.37597 0.46912 -0.48668)
(-0.36093 0.49046 -0.51037)
(-0.35605 0.45790 -0.48431)
(-0.35045 0.46483 -0.49665)
(-0.35603 0.48916 -0.51318)
(-0.33695 0.47050 -0.50894)
(-0.31515 0.45849 -0.50679)
(-0.29581 0.44842 -0.49452)
(-0.27274 0.43045 -0.47098)
(-0.25016 0.41274 -0.44304)
(-0.24998 0.40862 -0.43367)
(-0.23200 0.39491 -0.42160)
(-0.20737 0.37329 -0.38029)
(-0.18726 0.35261 -0.34263)
(-0.17968 0.34439 -0.33223)
(-0.17211 0.33669 -0.32192)
(-0.16956 0.33396 -0.31451)
(-0.13636 0.30131 -0.27281)
(-0.09755 0.24954 -0.21651)
(-0.09965 0.24164 -0.19645)
(-0.07383 0.22737 -0.18722)
(-0.05531 0.20091 -0.16761)
(-0.02808 0.16544 -0.13644)
(-0.01121 0.16484 -0.13001)
(0.02177 0.10104 -0.09725)
(0.03824 0.04741 -0.06481)
(0.02690 0.05841 -0.06358)
(0.03075 0.03573 -0.04940)
(0.00922 0.00909 -0.01301)
(0.00332 0.00257 -0.00414)
(-0.00198 0.00147 -0.00107)
(-0.05391 0.03998 -0.02890)
(-0.01255 0.00966 -0.00681)
(-0.24941 0.18606 -0.12999)
(-0.39506 0.31518 -0.23551)
(-0.19070 0.15637 -0.11199)
(-0.37454 0.29265 -0.21243)
(-0.38078 0.32162 -0.23997)
(-0.42017 0.35156 -0.27695)
(-0.44148 0.38729 -0.28937)
(-0.44380 0.37869 -0.28719)
(-0.45184 0.39953 -0.30978)
(-0.46293 0.41771 -0.34558)
(-0.48215 0.43635 -0.36269)
(-0.48920 0.44838 -0.38284)
(-0.48322 0.44014 -0.38713)
(-0.49456 0.45190 -0.42492)
(-0.49579 0.45051 -0.42818)
(-0.48244 0.44147 -0.42604)
(-0.45631 0.46107 -0.43448)
(-0.46480 0.43976 -0.42650)
(-0.45202 0.46128 -0.44570)
(-0.43467 0.45683 -0.45436)
(-0.41080 0.44432 -0.44553)
(-0.38945 0.45573 -0.45806)
(-0.38649 0.44621 -0.46341)
(-0.36331 0.43782 -0.46224)
(-0.34679 0.42877 -0.46554)
(-0.33021 0.42812 -0.47463)
(-0.32650 0.44320 -0.48921)
(-0.30644 0.44316 -0.50388)
(-0.32391 0.42790 -0.47913)
(-0.30003 0.44106 -0.51113)
(-0.28304 0.42691 -0.47928)
(-0.25776 0.40431 -0.45614)
(-0.23946 0.39983 -0.43491)
(-0.20246 0.35700 -0.38461)
(-0.19492 0.34983 -0.37385)
(-0.16912 0.32888 -0.32936)
(-0.13797 0.30022 -0.29718)
(-0.11827 0.28369 -0.26509)
(-0.09763 0.26108 -0.23368)
(-0.08640 0.25806 -0.22353)
(-0.07921 0.23904 -0.20916)
(-0.04457 0.20750 -0.17593)
(-0.02814 0.19242 -0.16178)
(-0.01164 0.16578 -0.13655)
(0.00897 0.14181 -0.11399)
(0.01182 0.09811 -0.08704)
(0.01510 0.08958 -0.07635)
(0.00747 0.02310 -0.02114)
(0.00744 0.01083 -0.01247)
(0.05312 -0.04383 0.02994)
(-0.00597 0.00493 -0.00344)
(-0.27981 0.23617 -0.16968)
(0.00381 -0.00333 0.00234)
(-0.08691 0.07553 -0.05319)
(-0.35337 0.31649 -0.21806)
(-0.39993 0.35582 -0.24763)
(-0.42250 0.38077 -0.27993)
(-0.39516 0.35696 -0.24971)
(-0.40185 0.36136 -0.25469)
(-0.45327 0.40404 -0.31343)
(-0.46567 0.41859 -0.34266)
(-0.47803 0.42754 -0.36887)
(-0.47279 0.41882 -0.37575)
(-0.47734 0.43708 -0.40348)
(-0.46578 0.42325 -0.39513)
(-0.46223 0.40546 -0.40610)
(-0.44706 0.38889 -0.39995)
(-0.45147 0.41776 -0.41857)
(-0.44132 0.38553 -0.39785)
(-0.42361 0.42527 -0.42821)
(-0.40946 0.41913 -0.42526)
(-0.39710 0.40545 -0.42660)
(-0.38275 0.41308 -0.43692)
(-0.36587 0.41253 -0.44276)
(-0.35282 0.42126 -0.45744)
(-0.33440 0.40882 -0.45349)
(-0.32299 0.39976 -0.45607)
(-0.29987 0.37337 -0.43998)
(-0.30129 0.42646 -0.48905)
(-0.28274 0.40719 -0.47186)
(-0.28996 0.37595 -0.44299)
(-0.26525 0.37264 -0.44194)
(-0.25612 0.38286 -0.44632)
(-0.23862 0.36253 -0.42342)
(-0.23389 0.34623 -0.41521)
(-0.22547 0.33972 -0.40578)
(-0.20926 0.34054 -0.39022)
(-0.19619 0.34839 -0.37670)
(-0.18610 0.33309 -0.37068)
(-0.16042 0.31303 -0.33688)
(-0.14443 0.30465 -0.31426)
(-0.13670 0.28524 -0.30460)
(-0.11440 0.26419 -0.26845)
(-0.08982 0.25098 -0.23439)
(-0.08350 0.25294 -0.22312)
(-0.04924 0.21491 -0.19824)
(-0.04024 0.21291 -0.18660)
(0.00215 0.14727 -0.13171)
(0.00289 0.12342 -0.11522)
(0.00607 0.07055 -0.06508)
(0.00378 0.04009 -0.03549)
(0.00315 0.01344 -0.01181)
(-0.00130 -0.00243 0.00233)
(-0.00380 -0.01219 0.01072)
(-0.00367 -0.00671 0.00648)
(0.04538 -0.03978 0.02784)
(-0.02090 0.01896 -0.01288)
(-0.18987 0.17105 -0.11705)
(0.05521 -0.05081 0.03464)
(-0.12278 0.11246 -0.07730)
(-0.31660 0.28763 -0.19959)
(-0.40811 0.37075 -0.27752)
(-0.29172 0.26785 -0.18738)
(-0.37225 0.34053 -0.23949)
(-0.41867 0.38481 -0.31050)
(-0.44304 0.39979 -0.33085)
(-0.43299 0.38508 -0.34731)
(-0.45633 0.40356 -0.37612)
(-0.42878 0.37946 -0.35773)
(-0.45255 0.39439 -0.38603)
(-0.44236 0.37980 -0.39322)
(-0.43713 0.37621 -0.39067)
(-0.43193 0.37282 -0.38824)
(-0.43560 0.38248 -0.39552)
(-0.41916 0.39998 -0.41290)
(-0.39989 0.38660 -0.40804)
(-0.39786 0.39396 -0.42245)
(-0.37469 0.39031 -0.41715)
(-0.34496 0.37281 -0.40740)
(-0.33235 0.36887 -0.41006)
(-0.30639 0.35895 -0.41328)
(-0.29469 0.34518 -0.40310)
(-0.29015 0.34486 -0.40562)
(-0.28199 0.34856 -0.40984)
(-0.23622 0.34235 -0.41305)
(-0.22947 0.33732 -0.40570)
(-0.22581 0.32951 -0.39748)
(-0.21968 0.32911 -0.39477)
(-0.20306 0.32050 -0.37859)
(-0.15996 0.28682 -0.32531)
(-0.15201 0.26990 -0.30542)
(-0.13239 0.26628 -0.29308)
(-0.11722 0.26233 -0.27922)
(-0.10040 0.23333 -0.24977)
(-0.08388 0.22721 -0.23724)
(-0.07430 0.22157 -0.22340)
(-0.06976 0.22334 -0.22194)
(-0.03759 0.15902 -0.15663)
(0.00163 0.06519 -0.06272)
(0.00232 0.03082 -0.02937)
(-0.00013 -0.00096 0.00091)
(-0.00121 -0.01167 0.01125)
(-0.00204 -0.01449 0.01377)
(0.00103 -0.00095 0.00065)
(0.01225 -0.01168 0.00794)
(-0.07930 0.07356 -0.05085)
(-0.29541 0.28143 -0.21264)
(-0.11031 0.11038 -0.08164)
(-0.38750 0.36503 -0.29583)
(-0.42438 0.39111 -0.31948)
(-0.41945 0.37785 -0.34414)
(-0.39310 0.36541 -0.32123)
(-0.41710 0.37413 -0.34475)
(-0.42015 0.37439 -0.34859)
(-0.41935 0.36951 -0.35076)
(-0.41562 0.35797 -0.36115)
(-0.43133 0.36684 -0.38321)
(-0.42719 0.36378 -0.38104)
(-0.42202 0.35915 -0.37762)
(-0.42614 0.36880 -0.38501)
(-0.39232 0.35668 -0.38229)
(-0.36653 0.33688 -0.35740)
(-0.35739 0.34297 -0.36333)
(-0.33236 0.32892 -0.35042)
(-0.32346 0.34089 -0.38508)
(-0.32014 0.34156 -0.38725)
(-0.29474 0.33472 -0.39001)
(-0.29020 0.33418 -0.39189)
(-0.28557 0.32367 -0.38075)
(-0.28404 0.32868 -0.38866)
(-0.26265 0.32301 -0.38341)
(-0.23231 0.33280 -0.40284)
(-0.24369 0.30323 -0.36389)
(-0.22909 0.32353 -0.39292)
(-0.22248 0.32199 -0.38964)
(-0.19423 0.28660 -0.34432)
(-0.15882 0.26374 -0.30847)
(-0.14879 0.26323 -0.29902)
(-0.14670 0.25887 -0.29491)
(-0.08668 0.20743 -0.23009)
(-0.08039 0.20675 -0.22501)
(-0.07224 0.18966 -0.20718)
(-0.04140 0.11096 -0.12162)
(-0.01930 0.05716 -0.06214)
(-0.00314 0.02839 -0.02938)
(0.00010 0.00170 -0.00166)
(0.00039 -0.01137 0.01170)
(-0.00085 -0.01249 0.01224)
(-0.02519 0.02536 -0.01868)
(-0.06510 0.06379 -0.04936)
(-0.17945 0.17471 -0.13578)
(-0.06900 0.06808 -0.05580)
(-0.25355 0.23729 -0.20763)
(-0.36681 0.33213 -0.30305)
(-0.14885 0.13662 -0.12258)
(-0.23779 0.21392 -0.19794)
(-0.40773 0.36469 -0.33918)
(-0.41075 0.36314 -0.34388)
(-0.41365 0.35186 -0.35531)
(-0.39862 0.34309 -0.34169)
(-0.40520 0.34208 -0.35595)
(-0.42242 0.35756 -0.37588)
(-0.38033 0.32316 -0.33651)
(-0.36661 0.30134 -0.31695)
(-0.37169 0.31359 -0.33668)
(-0.36332 0.31983 -0.34051)
(-0.33896 0.28602 -0.31136)
(-0.33438 0.29171 -0.31517)
(-0.31375 0.29181 -0.31131)
(-0.31035 0.28427 -0.30308)
(-0.30762 0.28525 -0.30532)
(-0.30978 0.29171 -0.31809)
(-0.30993 0.30272 -0.33782)
(-0.29814 0.31824 -0.36992)
(-0.28943 0.27970 -0.31880)
(-0.28754 0.31814 -0.37166)
(-0.28200 0.31418 -0.36974)
(-0.26991 0.29769 -0.35747)
(-0.23771 0.27519 -0.32964)
(-0.21830 0.27899 -0.33653)
(-0.22538 0.24730 -0.30064)
(-0.20826 0.24269 -0.29301)
(-0.18990 0.25406 -0.30607)
(-0.17363 0.24658 -0.29414)
(-0.13027 0.18799 -0.22132)
(-0.10290 0.16181 -0.19075)
(-0.09496 0.18091 -0.20765)
(-0.06175 0.14978 -0.16662)
(-0.03073 0.05739 -0.06613)
(-0.01751 0.04334 -0.04825)
(-0.01139 0.03135 -0.03450)
(0.00199 -0.00607 0.00664)
(-0.01348 0.01335 -0.01091)
(-0.04151 0.04012 -0.03416)
(-0.04382 0.04082 -0.03676)
(-0.02211 0.02065 -0.01923)
(-0.05422 0.04774 -0.04711)
(-0.25278 0.22109 -0.22003)
(-0.30111 0.25621 -0.26378)
(-0.08667 0.07331 -0.07631)
(-0.15631 0.13202 -0.13736)
(-0.23042 0.19461 -0.20428)
(-0.32254 0.26893 -0.28092)
(-0.20267 0.16928 -0.17640)
(-0.30930 0.25130 -0.26575)
(-0.33505 0.26972 -0.29420)
(-0.26726 0.21805 -0.23484)
(-0.30380 0.24923 -0.26594)
(-0.29741 0.26063 -0.27785)
(-0.30111 0.26993 -0.28982)
(-0.27295 0.22985 -0.25202)
(-0.26809 0.22994 -0.25541)
(-0.26809 0.23991 -0.27245)
(-0.24864 0.21799 -0.24596)
(-0.20676 0.17813 -0.20558)
(-0.26309 0.26141 -0.30315)
(-0.24556 0.23407 -0.27573)
(-0.13063 0.11945 -0.13859)
(-0.18809 0.18587 -0.21983)
(-0.14372 0.14401 -0.18010)
(-0.14935 0.16356 -0.19829)
(-0.04917 0.04935 -0.06114)
(-0.05601 0.05878 -0.07088)
(-0.03497 0.04209 -0.05045)
(-0.04746 0.06553 -0.07748)
(0.00223 -0.00283 0.00333)
(-0.01007 0.01568 -0.01831)
(-0.00471 0.00845 -0.01002)
(0.05906 -0.05359 0.05186)
(0.05358 -0.04547 0.04724)
(-0.05054 0.04293 -0.04371)
(0.04503 -0.03840 0.03897)
(0.01539 -0.01299 0.01321)
(-0.10965 0.09177 -0.09541)
(-0.09487 0.08050 -0.08243)
(0.00154 -0.00129 0.00131)
(0.00125 -0.00105 0.00109)
(-0.09735 0.08092 -0.08514)
(-0.16402 0.13422 -0.14374)
(-0.03422 0.02775 -0.02900)
(-0.08250 0.06161 -0.06666)
(-0.14053 0.10510 -0.11446)
(-0.04731 0.03508 -0.03796)
(-0.08665 0.06858 -0.07506)
(-0.09061 0.07056 -0.07731)
(-0.13206 0.11223 -0.12898)
(-0.01158 0.00876 -0.00955)
(-0.02275 0.01851 -0.02129)
(0.00273 -0.00224 0.00261)
(-0.08376 0.07589 -0.08785)
(-0.04739 0.04315 -0.05170)
(0.02178 -0.01947 0.02310)
(0.01217 -0.01213 0.01437)
(0.02076 -0.02167 0.02527)
(0.02235 -0.02666 0.03133)
(-0.01013 0.00754 -0.00811)
(-0.01685 0.01246 -0.01346)
(-0.01420 0.01018 -0.01106)
(0.00625 -0.00448 0.00494)
)