/*--------------------------------*- C++ -*----------------------------------*\ 
| =========                 |                                                 | 
| \\      /  F ield         | OpenFOAM: The Open Source CFD Toolbox           | 
|  \\    /   O peration     | Version:  4.0                                   | 
|   \\  /    A nd           | Web:      www.OpenFOAM.org                      | 
|    \\/     M anipulation  |                                                 | 
\*---------------------------------------------------------------------------*/ 
FoamFile 
{ 
    version     2.0; 
    format      ascii; 
    class       vectorAverageField; 
    object      values; 
} 
// * * * * * * * * * * * * * * * * * * * * * * * * * * * * * * * * * * * * * // 
 
// Average 
(0 0 0) 
 
// Velocity data on points 
2447
(
(0.00213 0.00176 -0.00190)
(-0.00081 -0.00112 0.00115)
(-0.00017 -0.00445 0.00356)
(-0.00057 -0.00130 0.00125)
(0.00057 0.00184 -0.00222)
(-0.00158 -0.00999 0.01115)
(-0.00104 -0.00314 0.00402)
(-0.00886 -0.00395 0.01123)
(-0.00093 -0.00044 0.00115)
(0.00167 0.00045 -0.00167)
(-0.00729 -0.00189 0.00739)
(-0.00175 -0.00024 0.00148)
(0.00229 0.00007 -0.00125)
(-0.01328 0.00088 0.00744)
(-0.00102 0.00014 0.00033)
(0.00321 -0.00040 -0.00096)
(-0.01109 0.00149 0.00331)
(-0.00067 0.00005 0.00015)
(0.00512 0.00021 -0.00083)
(-0.00104 -0.00004 0.00017)
(0.01263 -0.00042 -0.00400)
(-0.00221 -0.00043 0.00095)
(0.00175 0.00028 -0.00076)
(0.00053 0.00022 -0.00034)
(-0.01675 -0.01306 0.01650)
(-0.00793 -0.01351 0.01162)
(-0.00462 -0.01622 0.01539)
(-0.00133 -0.01821 0.01704)
(-0.00339 -0.03364 0.03147)
(-0.00278 -0.03213 0.03125)
(-0.00443 -0.02424 0.02897)
(-0.00912 -0.01106 0.02089)
(-0.01207 -0.02150 0.03498)
(-0.01981 -0.00825 0.02573)
(-0.01987 -0.00485 0.02055)
(-0.01893 -0.00224 0.01605)
(-0.02699 -0.00630 0.02839)
(-0.03092 -0.00315 0.02616)
(-0.04515 0.00403 0.02495)
(-0.02720 0.00204 0.01521)
(-0.02889 0.00351 0.01170)
(-0.06497 0.00901 0.03108)
(-0.06056 0.00776 0.02837)
(-0.04209 0.00509 0.01328)
(-0.02932 0.00171 0.00713)
(-0.06530 0.00431 0.01529)
(-0.02753 -0.00065 0.00390)
(-0.00856 -0.00095 0.00122)
(-0.05020 -0.00038 0.00893)
(-0.00647 -0.00164 0.00076)
(0.00089 0.00050 -0.00011)
(0.00935 -0.00065 -0.00243)
(-0.00355 -0.00008 0.00108)
(-0.01080 -0.00097 0.00382)
(-0.02401 -0.00506 0.01212)
(-0.06017 -0.01441 0.03197)
(-0.03933 -0.01481 0.02440)
(-0.02509 -0.03376 0.03490)
(-0.02873 -0.03326 0.03939)
(-0.02455 -0.03284 0.03954)
(-0.00731 -0.03434 0.03849)
(-0.00917 -0.02457 0.04667)
(-0.00546 -0.02376 0.04794)
(-0.01359 -0.01629 0.04455)
(-0.02253 -0.00813 0.03901)
(-0.01522 -0.01599 0.04718)
(-0.01809 -0.01162 0.04792)
(-0.02753 -0.00547 0.03894)
(-0.03926 0.00192 0.03527)
(-0.04744 0.00247 0.04602)
(-0.06467 0.00904 0.03750)
(-0.07455 0.01376 0.03532)
(-0.07861 0.01938 0.03147)
(-0.07720 0.00804 0.03115)
(-0.08338 0.00744 0.02662)
(-0.09173 0.00537 0.01787)
(-0.09396 0.00659 0.02458)
(-0.09592 -0.00140 0.01661)
(-0.06571 -0.00598 0.00818)
(-0.03822 -0.00716 0.00523)
(-0.09424 -0.00948 0.01322)
(-0.06348 -0.01194 0.00538)
(-0.02398 -0.01096 0.00351)
(-0.00137 -0.00085 0.00018)
(-0.01531 -0.00751 0.00264)
(0.00538 0.00354 -0.00131)
(0.01024 0.00715 -0.00240)
(0.00069 -0.00010 -0.00016)
(-0.01833 0.00199 0.00467)
(-0.04603 0.00244 0.01295)
(-0.06233 -0.00245 0.01920)
(-0.11295 -0.00068 0.03648)
(-0.09612 -0.00391 0.03019)
(-0.11624 -0.00529 0.04142)
(-0.08808 -0.01534 0.04331)
(-0.07254 -0.01879 0.04020)
(-0.04377 -0.03282 0.04006)
(-0.04711 -0.02574 0.04266)
(-0.04068 -0.03098 0.04399)
(-0.02676 -0.03327 0.04213)
(-0.02444 -0.03062 0.04628)
(-0.02383 -0.02608 0.05263)
(-0.01318 -0.02277 0.05845)
(-0.01329 -0.02016 0.06039)
(-0.01160 -0.01944 0.05660)
(-0.01926 -0.01426 0.05367)
(-0.02517 -0.00734 0.06092)
(-0.03174 -0.00113 0.05885)
(-0.04951 0.00365 0.05680)
(-0.06689 0.01110 0.04561)
(-0.07509 0.01343 0.03779)
(-0.07344 0.00978 0.03203)
(-0.08304 0.01010 0.02767)
(-0.08612 0.00806 0.02273)
(-0.09871 0.00155 0.01601)
(-0.10413 0.00567 0.02424)
(-0.09592 -0.01008 0.01360)
(-0.09953 -0.01687 0.00808)
(-0.10616 -0.01558 0.01231)
(-0.10150 -0.01665 0.01244)
(-0.05851 -0.02000 0.00709)
(-0.01411 -0.00865 0.00279)
(-0.08772 -0.02758 0.00812)
(-0.04983 -0.02805 0.00826)
(-0.00681 -0.00506 0.00135)
(-0.00201 -0.00186 0.00059)
(0.01388 -0.00241 -0.00334)
(-0.02902 0.00436 0.00670)
(-0.07066 0.00960 0.01732)
(-0.11700 0.00939 0.03138)
(-0.15171 0.01548 0.04010)
(-0.12702 0.00145 0.03943)
(-0.11368 -0.00517 0.03827)
(-0.10142 -0.00835 0.03917)
(-0.08873 -0.01317 0.04084)
(-0.04932 -0.02316 0.04236)
(-0.04521 -0.02511 0.04306)
(-0.03991 -0.02714 0.04391)
(-0.04254 -0.02442 0.04352)
(-0.03853 -0.02591 0.04470)
(-0.02784 -0.03045 0.04909)
(-0.01468 -0.02163 0.06029)
(-0.01432 -0.02005 0.06136)
(-0.01442 -0.01810 0.06269)
(-0.01857 -0.01402 0.06086)
(-0.02474 -0.00690 0.06936)
(-0.02734 -0.00426 0.06721)
(-0.04476 0.00226 0.06603)
(-0.04494 0.00808 0.05867)
(-0.05220 0.01038 0.05183)
(-0.06192 0.01210 0.04479)
(-0.07838 0.00934 0.02683)
(-0.08057 0.00790 0.02429)
(-0.08341 0.00638 0.02144)
(-0.08673 0.00464 0.01866)
(-0.09530 -0.00764 0.01063)
(-0.10672 -0.01506 0.01175)
(-0.10501 -0.01799 0.01226)
(-0.10522 -0.01673 0.01158)
(-0.09833 -0.02449 0.01072)
(-0.07270 -0.03893 0.00987)
(-0.08611 -0.03309 0.00535)
(-0.05962 -0.03682 0.01216)
(-0.02312 -0.02336 0.00841)
(-0.00235 -0.00258 0.00100)
(-0.04251 -0.04688 0.01821)
(-0.00910 -0.01166 0.00516)
(-0.00051 -0.00067 0.00030)
(-0.01700 0.00318 0.00437)
(-0.04903 0.00797 0.01241)
(-0.12499 0.01690 0.03234)
(-0.14919 0.02030 0.04115)
(-0.13018 0.01071 0.04021)
(-0.10494 -0.00144 0.03581)
(-0.09808 -0.00415 0.03518)
(-0.09764 -0.00271 0.03522)
(-0.09202 -0.00473 0.03458)
(-0.08735 -0.01091 0.04021)
(-0.05231 -0.02174 0.04176)
(-0.04808 -0.02125 0.04148)
(-0.04401 -0.02220 0.04241)
(-0.04028 -0.02320 0.04384)
(-0.03715 -0.02415 0.04532)
(-0.02020 -0.02268 0.05422)
(-0.01547 -0.01877 0.06191)
(-0.01538 -0.00835 0.04997)
(-0.01469 -0.00676 0.05717)
(-0.01560 -0.01553 0.06437)
(-0.01525 -0.01532 0.06517)
(-0.01183 -0.00322 0.06422)
(-0.00141 0.00319 0.05930)
(-0.00992 0.00276 0.07344)
(-0.01556 0.00016 0.06581)
(-0.02720 0.00641 0.06597)
(-0.02654 0.01086 0.05801)
(-0.02866 0.01197 0.05509)
(-0.02998 0.01253 0.05250)
(-0.06286 0.00775 0.03592)
(-0.07137 0.00832 0.02409)
(-0.07413 0.00694 0.02118)
(-0.07786 0.00530 0.01819)
(-0.08469 -0.00097 0.01414)
(-0.09445 -0.01144 0.00764)
(-0.07880 -0.01687 0.00073)
(-0.08321 -0.01843 0.00787)
(-0.06770 -0.02826 0.00164)
(-0.08289 -0.03727 0.00809)
(-0.07310 -0.05156 0.01194)
(-0.05924 -0.06518 0.02602)
(-0.03549 -0.04258 0.01811)
(-0.04101 -0.05138 0.02313)
(-0.01330 -0.01777 0.00844)
(-0.00609 -0.00843 0.00429)
(0.00901 -0.00181 -0.00267)
(-0.00209 0.00044 0.00051)
(-0.10483 0.01871 0.03425)
(-0.15651 0.02104 0.04728)
(-0.14960 0.01423 0.04740)
(-0.11433 0.00757 0.04201)
(-0.09445 -0.00156 0.03478)
(-0.09123 -0.00333 0.03433)
(-0.08462 -0.00356 0.03281)
(-0.07759 -0.00499 0.03640)
(-0.05478 -0.00829 0.03680)
(-0.04430 -0.02017 0.04062)
(-0.04277 -0.01578 0.03930)
(-0.03966 -0.01995 0.04179)
(-0.03821 -0.02130 0.04405)
(-0.02645 -0.01889 0.05170)
(-0.02829 -0.01915 0.04511)
(-0.01226 -0.00524 0.03696)
(-0.01237 -0.00224 0.04168)
(-0.00146 0.00553 0.04312)
(-0.00190 0.00714 0.05412)
(0.00446 0.00821 0.05887)
(-0.00821 0.01171 0.07495)
(-0.00359 0.01470 0.05866)
(-0.01985 0.01291 0.05498)
(-0.02006 0.01333 0.05112)
(-0.02157 0.01467 0.03896)
(-0.03775 0.01170 0.01896)
(-0.05361 0.00722 0.01885)
(-0.06475 0.00645 0.01599)
(-0.05452 0.00370 0.00721)
(-0.06954 -0.00748 0.00106)
(-0.03980 -0.01586 -0.00538)
(-0.06519 -0.02026 -0.00310)
(-0.05487 -0.02701 -0.00741)
(-0.05924 -0.03074 -0.00519)
(-0.05954 -0.03395 0.00007)
(-0.04688 -0.03802 0.00565)
(-0.05578 -0.06105 0.02378)
(-0.05393 -0.06437 0.02741)
(-0.01975 -0.02667 0.01333)
(-0.05016 -0.06297 0.02789)
(-0.03953 -0.05177 0.02500)
(-0.01221 -0.01993 0.01384)
(-0.00053 -0.00140 0.00140)
(0.02768 -0.00541 -0.00858)
(-0.00093 0.00018 0.00029)
(-0.05259 0.00944 0.01866)
(-0.10562 0.01855 0.03771)
(-0.15140 0.02049 0.05636)
(-0.14429 0.02130 0.05877)
(-0.12510 0.01226 0.05153)
(-0.12717 0.01173 0.04683)
(-0.09920 0.00753 0.03957)
(-0.07735 0.00394 0.03358)
(-0.07307 -0.00478 0.03550)
(-0.04878 -0.00544 0.01889)
(-0.04277 -0.00486 0.02321)
(-0.03361 -0.00427 0.01844)
(-0.02457 -0.00205 0.01365)
(-0.01474 0.00444 0.00675)
(-0.01685 -0.00264 0.02940)
(-0.01732 0.00453 0.04573)
(-0.00387 0.00818 0.03598)
(0.00744 0.00785 0.03654)
(0.01580 0.01107 0.03475)
(0.02341 0.01593 0.03551)
(0.02611 0.01699 0.03163)
(0.03511 0.01850 0.02444)
(-0.01052 0.01468 0.05310)
(-0.01000 0.01476 0.04835)
(0.01374 0.01402 0.03010)
(0.02775 0.01675 0.00753)
(0.03267 0.01544 -0.00356)
(0.02132 0.00494 -0.00247)
(0.01304 0.00261 -0.00256)
(-0.01844 -0.00275 -0.01056)
(-0.02905 -0.02259 -0.00863)
(-0.05100 -0.02727 -0.00759)
(-0.00649 -0.02763 -0.00087)
(-0.01817 -0.03591 0.00954)
(-0.01978 -0.03965 0.01003)
(-0.01066 -0.03507 0.00847)
(-0.02349 -0.04338 0.01391)
(-0.02974 -0.05139 0.02180)
(-0.03499 -0.06010 0.04020)
(-0.01191 -0.04747 0.03191)
(-0.01943 -0.03751 0.03963)
(-0.00472 -0.01205 0.01209)
(-0.00311 -0.00628 0.00679)
(0.00107 -0.00020 -0.00040)
(-0.04135 0.00774 0.01390)
(-0.12285 0.02075 0.05061)
(-0.12316 0.02097 0.06021)
(-0.11146 0.01438 0.06269)
(-0.06836 0.00641 0.05318)
(-0.09626 0.01066 0.04940)
(-0.09616 0.00934 0.04590)
(-0.07248 0.00709 0.04766)
(-0.06234 0.00565 0.03924)
(-0.05958 0.00500 0.03781)
(-0.04314 0.00054 0.02016)
(-0.03145 0.00173 0.01593)
(-0.03166 0.00135 0.01472)
(-0.03198 -0.00182 0.01074)
(-0.02746 0.00410 0.00593)
(-0.02517 0.01048 0.00054)
(-0.01426 0.01081 -0.00480)
(-0.01553 0.00404 0.00155)
(-0.01402 0.01179 -0.00439)
(-0.01235 0.00743 0.00291)
(-0.00663 0.01372 0.01176)
(-0.00652 0.00838 0.01521)
(0.01388 0.01340 0.00407)
(0.03328 0.02119 -0.01571)
(0.03903 0.02177 -0.01688)
(0.04564 0.02330 -0.01283)
(0.04923 0.02329 0.00673)
(0.05738 0.01310 0.01309)
(0.04981 0.01351 0.00122)
(0.05018 0.01095 0.00068)
(0.05535 0.01632 -0.01135)
(0.06040 0.01034 -0.00878)
(0.06544 0.00621 -0.01773)
(0.03312 0.00030 -0.01715)
(0.06867 -0.00416 -0.02330)
(0.02459 -0.00701 -0.01661)
(0.04831 -0.01867 -0.01074)
(0.03521 -0.02108 -0.00408)
(0.05790 -0.02173 -0.00412)
(0.00116 -0.02713 -0.00176)
(0.01171 -0.02619 0.00177)
(0.00687 -0.03353 0.00910)
(0.02532 -0.02737 0.01716)
(0.01291 -0.03119 0.03000)
(0.00653 -0.03836 0.04319)
(-0.00489 -0.05086 0.05790)
(-0.00367 -0.01856 0.02540)
(0.00022 0.00230 -0.00330)
(0.00878 -0.03296 0.05124)
(-0.01130 0.00236 0.00510)
(-0.06476 0.01197 0.02757)
(-0.06240 0.01148 0.03484)
(-0.10445 0.01784 0.05030)
(-0.09832 0.01322 0.06395)
(-0.06928 0.00668 0.05543)
(-0.05581 0.00484 0.05280)
(-0.05941 0.00536 0.05122)
(-0.05193 0.00486 0.04754)
(-0.04236 0.00575 0.02892)
(-0.02834 0.00236 0.01501)
(-0.02686 0.00254 0.01150)
(-0.02340 0.00984 -0.00090)
(-0.01769 0.01843 -0.03076)
(-0.01359 0.01903 -0.03703)
(-0.01325 0.02765 -0.04653)
(-0.01484 0.02493 -0.03335)
(0.00422 0.02721 -0.04438)
(-0.00221 0.03436 -0.07757)
(0.00324 0.02671 -0.03064)
(0.01750 0.02674 -0.01990)
(0.03528 0.02192 -0.02811)
(0.04068 0.02207 -0.03012)
(0.04687 0.02167 -0.03136)
(0.05627 0.02178 -0.02898)
(0.07179 0.01989 -0.00724)
(0.07710 0.03113 -0.05614)
(0.07809 0.02293 -0.01526)
(0.08313 0.02160 -0.01306)
(0.09143 0.01509 -0.03721)
(0.09876 0.00935 -0.03442)
(0.12078 0.00239 -0.03852)
(0.11124 0.00085 -0.03546)
(0.11724 -0.00077 -0.03582)
(0.07558 -0.00677 -0.02281)
(0.08261 -0.00882 -0.01476)
(0.06915 -0.02083 -0.00573)
(0.07577 -0.02193 -0.00460)
(0.06321 -0.02232 -0.00381)
(0.05823 -0.01826 0.00284)
(0.04657 -0.01919 0.01573)
(0.04105 -0.02591 0.03856)
(0.06613 -0.01817 0.05173)
(0.03433 -0.02882 0.05232)
(0.05944 -0.02029 0.05939)
(0.02776 -0.03613 0.06527)
(0.00959 -0.03037 0.05829)
(0.00064 -0.00272 0.00524)
(-0.00033 0.00096 -0.00196)
(0.00297 -0.00053 -0.00176)
(-0.00430 0.00075 0.00269)
(-0.03167 0.00537 0.02000)
(-0.08234 0.01292 0.05642)
(-0.09358 0.01167 0.06551)
(-0.08801 0.01316 0.06566)
(-0.07796 0.00912 0.06024)
(-0.05498 0.00433 0.05520)
(-0.04870 0.00446 0.04891)
(-0.04498 0.00376 0.05067)
(-0.04124 0.00448 0.04503)
(-0.01565 0.00541 0.01842)
(-0.02403 0.01381 0.00663)
(-0.02428 0.00342 0.01039)
(-0.03115 0.01357 -0.01121)
(-0.02398 0.02986 -0.05724)
(-0.00579 0.02580 -0.06276)
(-0.00755 0.02939 -0.06599)
(-0.00386 0.03662 -0.09021)
(-0.00029 0.03485 -0.07838)
(-0.00187 0.03704 -0.09223)
(0.00184 0.03535 -0.08048)
(0.03680 0.02211 -0.04268)
(0.04089 0.02200 -0.04525)
(0.04667 0.02100 -0.04623)
(0.05161 0.02463 -0.06003)
(0.07930 0.02974 -0.07461)
(0.08932 0.02759 -0.04937)
(0.11396 0.03325 -0.07657)
(0.11725 0.03182 -0.07583)
(0.12068 0.03055 -0.07514)
(0.13516 -0.00027 -0.05269)
(0.12858 0.00006 -0.03984)
(0.12494 -0.00241 -0.03605)
(0.13232 -0.00924 -0.03034)
(0.08805 -0.02188 -0.00653)
(0.09489 -0.02313 -0.00523)
(0.09525 -0.01700 0.00722)
(0.08222 -0.01884 0.02127)
(0.10684 -0.01814 0.02727)
(0.06686 -0.02089 0.03763)
(0.08282 -0.01607 0.05489)
(0.07498 -0.01672 0.05684)
(0.06898 -0.01761 0.06073)
(0.06359 -0.01861 0.06398)
(0.03651 -0.03671 0.08441)
(0.00518 -0.01359 0.02853)
(0.00237 -0.00525 0.01150)
(-0.00230 0.00549 -0.01176)
(-0.00895 0.00149 0.00546)
(-0.03157 0.00524 0.02122)
(-0.05635 0.00901 0.03948)
(-0.04727 0.00737 0.03403)
(-0.08195 0.01187 0.06461)
(-0.07864 0.01087 0.06595)
(-0.02967 -0.00072 0.05593)
(-0.03667 0.00145 0.05740)
(-0.03969 0.00259 0.05304)
(-0.03618 0.00343 0.04789)
(-0.02375 0.01308 0.01573)
(-0.01625 0.02128 -0.01651)
(-0.02059 0.01740 -0.01049)
(-0.01598 0.02606 -0.03112)
(-0.02702 0.02991 -0.04866)
(-0.01713 0.03424 -0.06184)
(-0.02153 0.04298 -0.09082)
(-0.01695 0.04169 -0.09682)
(-0.00993 0.03423 -0.10018)
(-0.00577 0.03977 -0.10624)
(0.00071 0.03683 -0.09508)
(-0.00286 0.03902 -0.10897)
(0.01545 0.03520 -0.11171)
(0.03311 0.02713 -0.09756)
(0.03721 0.03241 -0.09847)
(0.04831 0.03832 -0.11800)
(0.06001 0.03508 -0.12972)
(0.09467 0.02520 -0.09111)
(0.10811 0.02635 -0.08218)
(0.11688 0.03260 -0.08513)
(0.12123 0.03149 -0.08348)
(0.14504 0.00887 -0.07685)
(0.13665 0.00088 -0.04565)
(0.14040 -0.00009 -0.04660)
(0.13820 -0.00298 -0.03975)
(0.16001 -0.00995 -0.02822)
(0.14148 -0.01615 -0.02136)
(0.14901 -0.01747 -0.01947)
(0.14648 -0.02140 0.00970)
(0.16481 -0.02398 0.00424)
(0.14477 -0.01339 0.01570)
(0.13236 -0.01407 0.02410)
(0.15598 -0.01723 0.02566)
(0.11511 -0.01757 0.04269)
(0.09305 -0.01513 0.05897)
(0.08490 -0.01525 0.06050)
(0.08222 -0.01498 0.06384)
(0.08002 -0.01471 0.06699)
(0.07184 -0.01587 0.06824)
(0.07375 -0.02219 0.09423)
(0.03983 -0.03239 0.09528)
(0.01134 -0.01457 0.03844)
(-0.00106 0.00208 -0.00472)
(0.00038 -0.00006 -0.00026)
(-0.00503 0.00083 0.00389)
(-0.02861 0.00492 0.02461)
(-0.07360 0.01064 0.05739)
(-0.06257 0.00931 0.05862)
(-0.04890 0.00375 0.06178)
(-0.02139 -0.00104 0.05659)
(-0.03412 0.00223 0.05657)
(-0.02092 0.00006 0.05363)
(-0.00172 0.00262 0.04842)
(-0.00386 0.00286 0.04656)
(-0.01089 0.00774 0.03767)
(-0.02856 0.02201 0.00241)
(-0.02198 0.02631 -0.01973)
(-0.01719 0.02453 -0.02672)
(-0.03133 0.03899 -0.07153)
(-0.03281 0.04408 -0.08774)
(-0.02755 0.04561 -0.10529)
(-0.02939 0.04761 -0.11603)
(-0.03775 0.05281 -0.15581)
(-0.04170 0.05678 -0.17623)
(-0.02965 0.05742 -0.18917)
(-0.00340 0.04122 -0.14321)
(-0.02907 0.06157 -0.19681)
(0.00510 0.03906 -0.17229)
(0.01564 0.04045 -0.17894)
(0.03276 0.03957 -0.15526)
(0.03961 0.04165 -0.15735)
(0.08179 0.03103 -0.12899)
(0.04611 0.04316 -0.17867)
(0.10088 0.02782 -0.12852)
(0.10636 0.03044 -0.11184)
(0.11338 0.02764 -0.09643)
(0.12217 0.01623 -0.10328)
(0.14150 0.00897 -0.08463)
(0.14781 0.01220 -0.08629)
(0.17310 -0.00983 -0.04581)
(0.16707 -0.00735 -0.04571)
(0.19646 -0.02467 -0.02377)
(0.19905 -0.02557 -0.02184)
(0.17903 -0.03464 0.01330)
(0.16273 -0.02690 0.01970)
(0.16243 -0.03705 0.04124)
(0.15051 -0.02609 0.04873)
(0.14130 -0.01780 0.04975)
(0.12396 -0.02388 0.07189)
(0.11667 -0.02604 0.09268)
(0.08793 -0.01653 0.08779)
(0.07679 -0.02062 0.11109)
(0.05844 -0.02701 0.11534)
(0.08920 -0.02348 0.10796)
(0.06551 -0.01852 0.11844)
(0.02367 -0.01703 0.05996)
(0.00121 -0.00113 0.00348)
(-0.00245 0.00260 -0.00776)
(-0.00132 0.00014 0.00196)
(-0.01241 0.00178 0.01099)
(-0.04263 0.00339 0.05643)
(-0.01005 -0.00680 0.04773)
(-0.01703 -0.00279 0.05306)
(-0.00826 -0.00556 0.05631)
(-0.00456 -0.00692 0.05248)
(-0.00613 0.00201 0.04621)
(0.00050 0.00325 0.04810)
(-0.04320 0.03407 -0.00399)
(-0.03537 0.02552 -0.00017)
(-0.03243 0.03057 -0.01784)
(-0.04844 0.04291 -0.04943)
(-0.05871 0.05669 -0.09192)
(-0.09106 0.07479 -0.16946)
(-0.09554 0.07802 -0.18479)
(-0.08017 0.06716 -0.16542)
(-0.06084 0.06921 -0.18502)
(-0.04954 0.06271 -0.19033)
(-0.05854 0.07328 -0.22546)
(-0.05790 0.07512 -0.24355)
(-0.01176 0.04835 -0.20174)
(0.00643 0.03837 -0.20029)
(-0.00188 0.05515 -0.21114)
(-0.00555 0.06119 -0.23993)
(-0.00227 0.06229 -0.23785)
(0.06794 0.04422 -0.15983)
(0.08535 0.03966 -0.14635)
(0.08831 0.02298 -0.15680)
(0.09434 0.02077 -0.15204)
(0.13690 0.01512 -0.10250)
(0.14097 0.01080 -0.09416)
(0.15729 -0.00141 -0.05737)
(0.16693 -0.01176 -0.05407)
(0.18685 -0.01896 -0.02692)
(0.17586 -0.02374 -0.02093)
(0.17820 -0.03470 0.01029)
(0.17314 -0.04407 0.03757)
(0.16821 -0.04526 0.04540)
(0.16892 -0.04137 0.05620)
(0.14279 -0.02447 0.06038)
(0.15645 -0.03860 0.06806)
(0.14411 -0.02487 0.08225)
(0.13007 -0.02750 0.09323)
(0.12111 -0.03518 0.10517)
(0.09244 -0.02529 0.10878)
(0.07444 -0.02660 0.11920)
(0.06657 -0.01577 0.11800)
(0.06364 -0.02870 0.12671)
(0.03244 -0.02066 0.08396)
(0.00513 -0.00513 0.01581)
(0.00267 -0.00280 0.00880)
(0.00201 -0.00024 -0.00328)
(-0.00772 0.00051 0.01319)
(-0.00073 0.00008 0.00127)
(-0.00775 0.00040 0.01617)
(-0.00814 -0.00427 0.04172)
(-0.00591 -0.00611 0.05079)
(0.00493 -0.00739 0.04255)
(-0.00152 -0.00605 0.04646)
(-0.00757 0.00224 0.03826)
(-0.01049 0.00200 0.04423)
(-0.02324 0.01747 0.02439)
(-0.01532 0.01399 0.02796)
(-0.03930 0.02712 0.00815)
(-0.08013 0.06337 -0.05797)
(-0.08693 0.06878 -0.07307)
(-0.07469 0.06227 -0.08409)
(-0.08961 0.07410 -0.14960)
(-0.10623 0.08385 -0.19018)
(-0.10288 0.08226 -0.20037)
(-0.08697 0.07809 -0.22035)
(-0.09420 0.08894 -0.25900)
(-0.09380 0.09233 -0.27738)
(-0.10864 0.11359 -0.30845)
(-0.05247 0.07251 -0.24357)
(-0.04721 0.07466 -0.25542)
(-0.02085 0.06556 -0.24928)
(-0.01867 0.06825 -0.25219)
(-0.01705 0.06967 -0.25118)
(-0.00052 0.06339 -0.23634)
(0.05187 0.04283 -0.18764)
(0.07554 0.02812 -0.16754)
(0.08015 0.02544 -0.16335)
(0.10141 0.02254 -0.13696)
(0.10534 0.01391 -0.11902)
(0.14082 0.00098 -0.07978)
(0.12964 -0.00759 -0.06666)
(0.13580 -0.01238 -0.05661)
(0.15727 -0.02141 -0.03259)
(0.16149 -0.03543 0.01415)
(0.16833 -0.04648 0.03874)
(0.16362 -0.04861 0.04557)
(0.16435 -0.04664 0.05242)
(0.16113 -0.04738 0.06465)
(0.13919 -0.03873 0.09290)
(0.12793 -0.03561 0.10880)
(0.11689 -0.03273 0.11300)
(0.10555 -0.02635 0.11469)
(0.09297 -0.03236 0.12842)
(0.07834 -0.03557 0.12854)
(0.07127 -0.04184 0.13761)
(0.03544 -0.03281 0.10875)
(0.00628 -0.00677 0.02104)
(0.00156 -0.00019 -0.00314)
(-0.00244 0.00023 0.00571)
(-0.01136 -0.00048 0.03413)
(-0.00748 -0.00005 0.02661)
(-0.00788 -0.00057 0.03496)
(0.00526 -0.00341 0.03377)
(0.00014 -0.00095 0.03713)
(-0.01687 0.01262 0.02434)
(-0.02510 0.02538 0.00878)
(-0.03436 0.03136 0.00414)
(-0.03853 0.03137 0.00001)
(-0.08678 0.06686 -0.05963)
(-0.09678 0.07404 -0.07474)
(-0.10732 0.08134 -0.09140)
(-0.09992 0.07731 -0.08937)
(-0.11322 0.08670 -0.13616)
(-0.12548 0.09534 -0.19050)
(-0.12261 0.09262 -0.20855)
(-0.16120 0.12708 -0.26176)
(-0.11047 0.08596 -0.21545)
(-0.12016 0.10703 -0.27742)
(-0.12056 0.10767 -0.28288)
(-0.12312 0.12166 -0.31877)
(-0.10561 0.11300 -0.30855)
(-0.10534 0.11429 -0.31022)
(-0.03183 0.07531 -0.26499)
(-0.03182 0.07709 -0.26471)
(-0.01472 0.06983 -0.24938)
(-0.01361 0.06993 -0.24853)
(0.00028 0.06964 -0.22938)
(0.02015 0.05889 -0.20904)
(0.07352 0.02944 -0.14846)
(0.04535 0.04119 -0.16467)
(0.09258 0.01828 -0.12289)
(0.11709 -0.00617 -0.07232)
(0.11667 -0.01046 -0.06453)
(0.12814 -0.01608 -0.05174)
(0.12199 -0.03168 -0.02391)
(0.16161 -0.05037 0.03856)
(0.15695 -0.05329 0.04408)
(0.15945 -0.05148 0.05248)
(0.14394 -0.06309 0.07435)
(0.13267 -0.05100 0.09731)
(0.13209 -0.04729 0.09929)
(0.11640 -0.05592 0.12739)
(0.10269 -0.04550 0.13115)
(0.09951 -0.04264 0.13163)
(0.09888 -0.04804 0.13366)
(0.09629 -0.04533 0.13419)
(0.09283 -0.04334 0.13510)
(0.07164 -0.04603 0.14066)
(0.04728 -0.04508 0.14549)
(0.04191 -0.04376 0.13428)
(0.00983 -0.01109 0.03366)
(-0.00288 0.00337 -0.01016)
(0.00038 -0.00004 -0.00123)
(-0.00242 0.00012 0.00975)
(0.01644 -0.00612 0.02592)
(0.00577 -0.00343 0.03380)
(0.01869 -0.00386 0.03136)
(0.00883 -0.00268 0.02943)
(0.00183 0.00863 0.02137)
(-0.02366 0.02508 0.00720)
(-0.03528 0.03232 0.00147)
(-0.06720 0.05093 -0.02002)
(-0.08127 0.05946 -0.04064)
(-0.10339 0.07808 -0.07536)
(-0.11383 0.08546 -0.09162)
(-0.15991 0.11585 -0.14743)
(-0.12037 0.09010 -0.11117)
(-0.17547 0.13193 -0.20053)
(-0.18509 0.13707 -0.23633)
(-0.20150 0.15250 -0.28211)
(-0.17677 0.14758 -0.30771)
(-0.15675 0.12864 -0.31441)
(-0.15207 0.13126 -0.32803)
(-0.11982 0.12195 -0.31893)
(-0.13399 0.13106 -0.32755)
(-0.11815 0.12257 -0.32018)
(-0.10032 0.10926 -0.31492)
(-0.09628 0.11630 -0.31753)
(-0.02915 0.07649 -0.26255)
(-0.03887 0.08502 -0.26811)
(-0.03778 0.08305 -0.26491)
(-0.03114 0.08133 -0.25765)
(0.01687 0.05918 -0.19506)
(0.01717 0.05857 -0.18512)
(0.04756 0.03508 -0.15296)
(0.08417 0.00242 -0.10691)
(0.10322 -0.00796 -0.07199)
(0.11648 -0.01630 -0.05607)
(0.10497 -0.04134 -0.02812)
(0.13446 -0.05027 0.01844)
(0.12850 -0.06617 0.03069)
(0.13191 -0.06714 0.06381)
(0.12271 -0.07920 0.08331)
(0.12966 -0.06534 0.10327)
(0.12013 -0.06152 0.11250)
(0.11489 -0.08037 0.11761)
(0.10617 -0.06276 0.12044)
(0.09989 -0.05233 0.13393)
(0.09458 -0.04894 0.13637)
(0.07805 -0.06023 0.14277)
(0.06505 -0.05695 0.14576)
(0.04764 -0.04805 0.14783)
(0.04911 -0.04885 0.14958)
(0.01335 -0.01580 0.04660)
(-0.00057 0.00070 -0.00207)
(0.00053 -0.00012 0.00057)
(0.01257 -0.00368 0.01611)
(0.01241 -0.00282 0.01208)
(0.02036 -0.00241 0.03284)
(0.02089 -0.00206 0.03430)
(0.02549 -0.00637 0.03026)
(0.02103 -0.00118 0.02854)
(-0.01445 0.02240 0.01225)
(-0.01451 0.01979 0.01516)
(-0.03353 0.03191 0.00004)
(-0.08680 0.06771 -0.03090)
(-0.11589 0.08419 -0.06448)
(-0.14188 0.10549 -0.10243)
(-0.18931 0.14054 -0.15791)
(-0.20625 0.14886 -0.21733)
(-0.24581 0.17139 -0.27024)
(-0.23647 0.17488 -0.27621)
(-0.20512 0.16111 -0.31800)
(-0.24242 0.18823 -0.32735)
(-0.20657 0.16722 -0.34547)
(-0.21421 0.17986 -0.35975)
(-0.20249 0.17624 -0.37151)
(-0.13120 0.13158 -0.32818)
(-0.13936 0.13463 -0.34762)
(-0.15828 0.15485 -0.36931)
(-0.09128 0.11383 -0.31869)
(-0.09947 0.12057 -0.32464)
(-0.07239 0.10379 -0.29420)
(-0.06685 0.09580 -0.29165)
(-0.02274 0.07596 -0.23347)
(-0.02143 0.06870 -0.22341)
(0.02730 0.03858 -0.16201)
(0.02067 0.02769 -0.14862)
(0.01323 0.02093 -0.13380)
(0.06368 -0.01936 -0.07332)
(0.06785 -0.03476 -0.05346)
(0.09234 -0.06978 -0.00130)
(0.09164 -0.07091 0.00232)
(0.11499 -0.08012 0.05553)
(0.10381 -0.08456 0.06681)
(0.11833 -0.07582 0.09861)
(0.10018 -0.08980 0.11198)
(0.10257 -0.07162 0.13228)
(0.09068 -0.07946 0.14050)
(0.09382 -0.05338 0.13783)
(0.07292 -0.09157 0.15731)
(0.06657 -0.07205 0.15648)
(0.06303 -0.06852 0.15458)
(0.05819 -0.07242 0.16251)
(0.04958 -0.06530 0.16221)
(0.01707 -0.02683 0.06921)
(0.00106 -0.00174 0.00495)
(0.00247 -0.00054 0.00253)
(0.01587 -0.00155 0.02195)
(0.02238 0.00033 0.03232)
(0.01981 0.00757 0.03073)
(0.01726 0.00604 0.03106)
(-0.01169 0.02025 0.01435)
(-0.07059 0.05857 -0.01617)
(-0.04408 0.03796 -0.00056)
(-0.08923 0.06993 -0.02726)
(-0.11182 0.08620 -0.04771)
(-0.16335 0.12007 -0.10453)
(-0.19767 0.14516 -0.14815)
(-0.21177 0.15948 -0.19392)
(-0.23033 0.17067 -0.19302)
(-0.23954 0.17240 -0.25275)
(-0.25300 0.19465 -0.28253)
(-0.29891 0.23857 -0.35828)
(-0.26268 0.20647 -0.35927)
(-0.26485 0.21490 -0.37955)
(-0.24765 0.20534 -0.37983)
(-0.21515 0.18805 -0.39258)
(-0.19584 0.17996 -0.38879)
(-0.18424 0.17285 -0.38522)
(-0.14244 0.14457 -0.36075)
(-0.12466 0.13294 -0.34836)
(-0.13696 0.14215 -0.34984)
(-0.12927 0.13252 -0.34097)
(-0.07462 0.09674 -0.27746)
(-0.07875 0.08677 -0.25929)
(-0.02483 0.06275 -0.20320)
(-0.01505 0.04133 -0.17161)
(-0.00796 0.01498 -0.13768)
(0.03057 -0.01106 -0.09572)
(0.03276 -0.03182 -0.07527)
(0.08768 -0.06935 -0.00470)
(0.07849 -0.07944 0.00753)
(0.09870 -0.08884 0.04310)
(0.07395 -0.11405 0.06096)
(0.09369 -0.10416 0.08167)
(0.08741 -0.10863 0.10916)
(0.09740 -0.09203 0.11466)
(0.10012 -0.09104 0.13451)
(0.08321 -0.11683 0.14552)
(0.07724 -0.11136 0.15277)
(0.07325 -0.09535 0.15735)
(0.06593 -0.07921 0.16284)
(0.05550 -0.07760 0.16953)
(0.05140 -0.07386 0.16754)
(0.03063 -0.04882 0.12110)
(0.01395 -0.02335 0.05943)
(0.00198 -0.00344 0.00888)
(-0.00158 0.00034 -0.00214)
(0.00560 -0.00091 0.00818)
(0.02153 -0.00285 0.02810)
(0.03039 -0.00155 0.04023)
(0.02026 0.00592 0.03602)
(0.01139 0.01062 0.03314)
(-0.01232 0.02357 0.01918)
(0.00408 0.01476 0.03069)
(-0.05706 0.05161 -0.01039)
(-0.08584 0.06866 -0.02460)
(-0.10087 0.07873 -0.03505)
(-0.16145 0.12870 -0.08807)
(-0.16682 0.12481 -0.09842)
(-0.20087 0.15332 -0.14344)
(-0.25153 0.20426 -0.20982)
(-0.26737 0.20739 -0.24294)
(-0.27803 0.22871 -0.24663)
(-0.27954 0.22025 -0.27662)
(-0.30768 0.24875 -0.36011)
(-0.30033 0.24313 -0.36774)
(-0.30102 0.24655 -0.37580)
(-0.28571 0.24217 -0.38617)
(-0.23745 0.20091 -0.40499)
(-0.23989 0.20820 -0.41621)
(-0.23640 0.21436 -0.43098)
(-0.21170 0.19256 -0.41663)
(-0.17929 0.16637 -0.39554)
(-0.16829 0.15874 -0.38985)
(-0.17834 0.16672 -0.39039)
(-0.17535 0.16443 -0.38534)
(-0.11076 0.11798 -0.30809)
(-0.09151 0.09481 -0.26972)
(-0.07688 0.08285 -0.25036)
(-0.06690 0.07121 -0.22675)
(-0.05208 0.03724 -0.17089)
(-0.00560 0.00006 -0.11801)
(-0.01105 -0.02834 -0.08381)
(0.03067 -0.05140 -0.05327)
(0.03142 -0.06740 -0.02358)
(0.06969 -0.11215 0.04844)
(0.06859 -0.11646 0.05698)
(0.07366 -0.11791 0.06838)
(0.07355 -0.12219 0.07470)
(0.08201 -0.11563 0.13216)
(0.08131 -0.12271 0.14604)
(0.07519 -0.11397 0.15473)
(0.07440 -0.11367 0.15758)
(0.07138 -0.10515 0.16398)
(0.06136 -0.09534 0.16730)
(0.05373 -0.09883 0.17786)
(0.05430 -0.09622 0.17535)
(0.04462 -0.08165 0.17829)
(0.02415 -0.05481 0.12123)
(0.00237 -0.00571 0.01295)
(0.00230 -0.00577 0.01297)
(0.00543 -0.00158 0.00679)
(0.02981 -0.00645 0.03887)
(0.01891 0.00673 0.04019)
(0.01537 0.00845 0.03752)
(0.00930 0.01181 0.03455)
(0.00082 0.01687 0.03195)
(-0.05256 0.05025 -0.00539)
(-0.08739 0.07497 -0.03009)
(-0.10110 0.07956 -0.03397)
(-0.15485 0.12706 -0.08797)
(-0.20419 0.16062 -0.14377)
(-0.26783 0.22151 -0.22552)
(-0.27690 0.23071 -0.24059)
(-0.28693 0.23781 -0.26000)
(-0.30250 0.25276 -0.29861)
(-0.30957 0.25364 -0.36789)
(-0.31893 0.26542 -0.36780)
(-0.31057 0.25697 -0.37623)
(-0.32393 0.27625 -0.40844)
(-0.30859 0.27023 -0.43160)
(-0.29613 0.25820 -0.42498)
(-0.28609 0.24663 -0.44235)
(-0.28232 0.25280 -0.45973)
(-0.27800 0.24851 -0.46305)
(-0.21731 0.19824 -0.42389)
(-0.19096 0.17562 -0.40353)
(-0.18845 0.17345 -0.39829)
(-0.17557 0.16401 -0.38161)
(-0.15065 0.13694 -0.33268)
(-0.09048 0.09111 -0.26264)
(-0.09136 0.08133 -0.24387)
(-0.07678 0.05215 -0.19436)
(-0.04500 0.02233 -0.15393)
(-0.02268 -0.02322 -0.09248)
(-0.00684 -0.03787 -0.07365)
(-0.00471 -0.04582 -0.06560)
(0.06337 -0.11498 0.04573)
(0.06246 -0.11917 0.05292)
(0.06856 -0.12115 0.06482)
(0.06902 -0.12726 0.07286)
(0.07199 -0.12813 0.11713)
(0.07618 -0.13760 0.14497)
(0.06551 -0.12933 0.16460)
(0.06376 -0.12292 0.17110)
(0.06408 -0.10892 0.17736)
(0.05260 -0.10822 0.18218)
(0.05142 -0.10480 0.18153)
(0.03797 -0.08671 0.18507)
(0.02708 -0.06455 0.14146)
(0.01440 -0.03522 0.07820)
(0.02677 -0.06688 0.14572)
(0.00360 -0.00946 0.02113)
(0.00135 -0.00040 0.00179)
(0.01042 -0.00309 0.01382)
(0.00670 -0.00212 0.00921)
(0.02523 -0.00755 0.03397)
(0.02562 0.00016 0.05212)
(0.01838 0.00431 0.04698)
(0.01391 0.00829 0.04122)
(0.00372 0.01385 0.03938)
(0.00777 0.01243 0.03646)
(-0.03550 0.04154 0.01516)
(-0.04431 0.04638 0.00120)
(-0.07330 0.06726 -0.01393)
(-0.12024 0.10674 -0.06050)
(-0.16057 0.13534 -0.09619)
(-0.18934 0.16038 -0.13097)
(-0.24737 0.20538 -0.19274)
(-0.27623 0.23364 -0.23769)
(-0.28668 0.24104 -0.25552)
(-0.30789 0.26449 -0.28508)
(-0.34487 0.31264 -0.35939)
(-0.31995 0.26861 -0.37528)
(-0.35132 0.31160 -0.41564)
(-0.34671 0.31538 -0.44737)
(-0.31416 0.27802 -0.45468)
(-0.29994 0.26712 -0.46916)
(-0.28917 0.25818 -0.46973)
(-0.25935 0.23217 -0.45730)
(-0.23297 0.20892 -0.43902)
(-0.20161 0.18283 -0.41254)
(-0.18721 0.17129 -0.39209)
(-0.18857 0.16168 -0.36396)
(-0.12978 0.11604 -0.29021)
(-0.13189 0.10518 -0.26495)
(-0.12082 0.08619 -0.23313)
(-0.06754 0.03001 -0.16534)
(-0.04296 -0.01253 -0.11189)
(-0.01746 -0.03395 -0.08025)
(-0.01341 -0.04505 -0.06876)
(0.02247 -0.09240 -0.00082)
(0.04839 -0.12372 0.04014)
(0.06295 -0.12464 0.06134)
(0.05985 -0.14017 0.08334)
(0.06575 -0.14445 0.11400)
(0.05829 -0.15521 0.13232)
(0.06814 -0.14367 0.15550)
(0.06542 -0.13416 0.16547)
(0.06464 -0.12925 0.17053)
(0.05397 -0.12239 0.18153)
(0.04258 -0.10451 0.19077)
(0.03778 -0.08994 0.18907)
(0.03662 -0.09006 0.19033)
(0.03470 -0.08837 0.18969)
(0.02270 -0.05933 0.12924)
(0.00331 -0.01023 0.02300)
(-0.00259 0.00821 -0.01862)
(0.00051 -0.00024 0.00103)
(0.00622 -0.00296 0.01261)
(0.03672 -0.01318 0.05732)
(0.02007 -0.00881 0.03817)
(0.02952 -0.01284 0.07246)
(0.02142 -0.00215 0.05866)
(0.01838 -0.00020 0.05561)
(0.00048 0.00991 0.04795)
(-0.01383 0.02278 0.03291)
(-0.05535 0.05319 0.00663)
(-0.07151 0.06496 0.00492)
(-0.08910 0.08379 -0.02468)
(-0.13903 0.12262 -0.07370)
(-0.18416 0.16898 -0.12834)
(-0.22224 0.19779 -0.17118)
(-0.24103 0.21804 -0.19852)
(-0.29158 0.27316 -0.26588)
(-0.28585 0.24450 -0.25250)
(-0.31445 0.28343 -0.29473)
(-0.35327 0.33284 -0.34628)
(-0.34911 0.32311 -0.37434)
(-0.36060 0.33317 -0.41900)
(-0.36078 0.33855 -0.43889)
(-0.34332 0.30825 -0.46626)
(-0.34101 0.31431 -0.48192)
(-0.33773 0.30694 -0.50509)
(-0.29459 0.25946 -0.49149)
(-0.27658 0.24262 -0.47701)
(-0.27311 0.24002 -0.48020)
(-0.23385 0.20205 -0.42992)
(-0.20882 0.17530 -0.38376)
(-0.18416 0.15278 -0.34519)
(-0.16144 0.12269 -0.29814)
(-0.15434 0.10926 -0.27325)
(-0.10861 0.05844 -0.20444)
(-0.10377 0.03839 -0.17737)
(-0.02777 -0.02896 -0.08599)
(-0.02848 -0.05473 -0.06205)
(-0.00708 -0.08853 -0.02766)
(-0.00176 -0.11559 0.00463)
(0.02276 -0.13817 0.05286)
(0.03044 -0.14525 0.06828)
(0.04715 -0.16504 0.11412)
(0.05580 -0.16215 0.13589)
(0.06036 -0.15165 0.15454)
(0.05100 -0.14645 0.17177)
(0.05781 -0.13247 0.17911)
(0.03903 -0.12413 0.19805)
(0.04161 -0.11814 0.19406)
(0.03565 -0.11604 0.20776)
(0.03259 -0.10550 0.21021)
(0.02727 -0.08973 0.18479)
(0.01584 -0.05574 0.11454)
(0.00427 -0.01599 0.03362)
(-0.00158 0.00649 -0.01427)
(0.00287 -0.00158 0.00880)
(0.01535 -0.00854 0.04930)
(0.02802 -0.01395 0.06638)
(0.01843 -0.00786 0.06180)
(0.01738 -0.00304 0.05685)
(0.00879 0.00306 0.05508)
(-0.00653 0.01792 0.04068)
(-0.01111 0.02005 0.03523)
(-0.02796 0.03284 0.02316)
(-0.04944 0.04906 0.00596)
(-0.05744 0.05708 0.00101)
(-0.08501 0.08299 -0.02931)
(-0.11672 0.11069 -0.06161)
(-0.12396 0.12432 -0.07512)
(-0.14188 0.14002 -0.09284)
(-0.21731 0.19769 -0.16999)
(-0.16242 0.16311 -0.12383)
(-0.23949 0.22410 -0.20306)
(-0.26970 0.26472 -0.24256)
(-0.31735 0.30310 -0.30210)
(-0.34042 0.32891 -0.34432)
(-0.36537 0.34858 -0.36430)
(-0.37215 0.36127 -0.41884)
(-0.38002 0.38190 -0.45649)
(-0.35931 0.33883 -0.47067)
(-0.35366 0.33232 -0.48123)
(-0.35176 0.32252 -0.51941)
(-0.33065 0.30038 -0.51158)
(-0.31130 0.27659 -0.50013)
(-0.29476 0.25506 -0.49659)
(-0.25596 0.22022 -0.45038)
(-0.24106 0.20693 -0.41955)
(-0.20250 0.16596 -0.36532)
(-0.19622 0.15112 -0.33155)
(-0.18749 0.12808 -0.29385)
(-0.13535 0.08060 -0.22221)
(-0.11917 0.04514 -0.18374)
(-0.08836 -0.00587 -0.12844)
(-0.07068 -0.04150 -0.09468)
(-0.03531 -0.07971 -0.04609)
(-0.01251 -0.11320 -0.00686)
(-0.01319 -0.13835 0.03095)
(0.01430 -0.15182 0.07067)
(0.00192 -0.15859 0.08071)
(0.03089 -0.15802 0.12444)
(0.04552 -0.15742 0.15442)
(0.02423 -0.16051 0.17302)
(0.02566 -0.15749 0.17933)
(0.03111 -0.14737 0.18529)
(0.02404 -0.15377 0.18565)
(0.03351 -0.13414 0.19676)
(0.02941 -0.11622 0.20982)
(0.02762 -0.11385 0.20874)
(0.02029 -0.10207 0.19989)
(0.00626 -0.03250 0.06632)
(0.00076 -0.00527 0.01122)
(-0.00029 0.00203 -0.00434)
(0.00054 -0.00033 0.00167)
(0.00831 -0.00512 0.02649)
(0.02050 -0.01288 0.06960)
(0.02514 -0.01363 0.06966)
(0.01837 -0.00617 0.06141)
(0.01292 -0.00248 0.06200)
(0.01012 0.00256 0.05650)
(-0.00898 0.01933 0.03237)
(-0.01643 0.02643 0.02633)
(-0.01855 0.02982 0.02154)
(-0.07299 0.07627 -0.02753)
(-0.11678 0.12012 -0.07218)
(-0.13280 0.13447 -0.08802)
(-0.14268 0.14590 -0.10107)
(-0.20232 0.20889 -0.17523)
(-0.23533 0.24969 -0.21576)
(-0.30026 0.29834 -0.28437)
(-0.32065 0.33302 -0.32521)
(-0.34776 0.34683 -0.36064)
(-0.32829 0.34877 -0.34865)
(-0.36688 0.37305 -0.41661)
(-0.38073 0.38862 -0.45559)
(-0.38059 0.38177 -0.46721)
(-0.37430 0.37176 -0.47890)
(-0.36286 0.34145 -0.51013)
(-0.34783 0.31796 -0.52086)
(-0.33442 0.30162 -0.51988)
(-0.31697 0.28803 -0.51017)
(-0.27731 0.24161 -0.46895)
(-0.27230 0.23796 -0.44673)
(-0.24232 0.20061 -0.40194)
(-0.20789 0.15793 -0.34036)
(-0.19446 0.13583 -0.30141)
(-0.18209 0.11860 -0.27849)
(-0.15471 0.08091 -0.22585)
(-0.10111 -0.00224 -0.13676)
(-0.08943 -0.02356 -0.11392)
(-0.08676 -0.04759 -0.07716)
(-0.04647 -0.09882 -0.01828)
(-0.02771 -0.13859 0.04310)
(-0.01888 -0.14507 0.05711)
(-0.01828 -0.14762 0.06653)
(-0.00118 -0.14923 0.09950)
(0.01485 -0.15693 0.15767)
(0.02040 -0.15517 0.18138)
(0.02695 -0.14687 0.19578)
(0.02627 -0.13499 0.20060)
(0.01454 -0.12784 0.19850)
(0.02189 -0.12398 0.20605)
(0.01937 -0.11799 0.21097)
(0.01731 -0.10466 0.18436)
(0.00507 -0.03509 0.06977)
(0.00043 -0.00256 0.00495)
(0.00044 -0.00021 0.00082)
(0.01318 -0.00624 0.02493)
(0.02828 -0.00996 0.05371)
(0.03524 -0.01164 0.05788)
(0.02942 -0.01045 0.06150)
(0.01132 -0.00385 0.05651)
(0.00790 0.00237 0.04894)
(0.00854 -0.00098 0.05492)
(-0.00637 0.01770 0.03290)
(-0.01201 0.02360 0.02726)
(-0.00823 0.02161 0.02778)
(-0.01400 0.02733 0.02216)
(-0.01919 0.03236 0.01665)
(-0.08325 0.09954 -0.05352)
(-0.12367 0.12853 -0.08291)
(-0.13314 0.13945 -0.09531)
(-0.19234 0.20755 -0.17204)
(-0.21204 0.23178 -0.19816)
(-0.27575 0.29707 -0.26863)
(-0.29698 0.33049 -0.30727)
(-0.30611 0.34208 -0.32134)
(-0.35499 0.36938 -0.40922)
(-0.37965 0.39437 -0.45475)
(-0.38139 0.38895 -0.46560)
(-0.38263 0.38957 -0.47471)
(-0.37307 0.37275 -0.50567)
(-0.35519 0.32860 -0.52282)
(-0.34730 0.32877 -0.52077)
(-0.31322 0.28221 -0.49688)
(-0.26730 0.23318 -0.43580)
(-0.24963 0.20768 -0.40092)
(-0.18941 0.12675 -0.28745)
(-0.14118 0.04664 -0.18017)
(-0.12229 0.00319 -0.13371)
(-0.08595 -0.06736 -0.04985)
(-0.02745 -0.14115 0.05242)
(-0.01905 -0.14896 0.07441)
(0.01556 -0.15604 0.17685)
(0.01133 -0.13810 0.19534)
(0.00478 -0.04204 0.07404)
(0.00215 -0.00103 0.00390)
(0.01986 -0.00810 0.03285)
(0.03776 -0.01332 0.05060)
(0.03147 -0.01139 0.04568)
(0.03796 -0.01198 0.04964)
(0.03619 -0.01249 0.05133)
(0.01811 0.00117 0.04776)
(-0.00344 0.01645 0.03308)
(-0.00416 0.02017 0.02767)
(-0.00992 0.02560 0.02219)
(-0.01638 0.03431 0.01087)
(-0.04664 0.07566 -0.03014)
(-0.05689 0.09009 -0.05197)
(-0.10042 0.12093 -0.07501)
(-0.14376 0.17662 -0.13917)
(-0.16932 0.19068 -0.15330)
(-0.18904 0.22058 -0.18534)
(-0.25817 0.29094 -0.25872)
(-0.22056 0.26341 -0.22974)
(-0.28735 0.32453 -0.29933)
(-0.29732 0.33743 -0.31471)
(-0.32495 0.36015 -0.36247)
(-0.36169 0.39488 -0.42929)
(-0.37875 0.39778 -0.46149)
(-0.38183 0.39537 -0.47256)
(-0.36784 0.36671 -0.51825)
(-0.00375 0.00081 -0.00480)
(0.01108 -0.00266 0.01325)
(0.03998 -0.00870 0.04557)
(0.03824 -0.01023 0.05388)
(0.03602 -0.01070 0.05051)
(0.03046 -0.00679 0.05165)
(0.02139 0.00090 0.04733)
(0.02107 0.00457 0.04157)
(0.02325 0.00344 0.04280)
(0.01131 0.01409 0.02771)
(0.00194 0.02455 0.01450)
(-0.00515 0.03744 0.00215)
(-0.03202 0.06825 -0.03152)
(-0.02864 0.06621 -0.03271)
(-0.08864 0.12409 -0.08231)
(-0.11923 0.15889 -0.12229)
(-0.17392 0.21395 -0.17675)
(-0.20112 0.25066 -0.21115)
(-0.26974 0.31320 -0.28328)
(-0.31562 0.36644 -0.35063)
(-0.33767 0.39344 -0.39410)
(-0.00392 0.00037 -0.00430)
(0.00278 -0.00025 0.00304)
(0.01872 -0.00050 0.02047)
(0.03633 -0.00370 0.05036)
(0.03608 -0.00351 0.05048)
(0.03814 -0.00103 0.04778)
(0.03046 0.00191 0.03796)
(0.02093 0.01683 0.02529)
(0.01383 0.02402 0.01550)
(-0.00324 0.04356 -0.00121)
(-0.02641 0.06494 -0.02735)
(-0.03784 0.07881 -0.03825)
(-0.06895 0.11128 -0.06898)
(-0.10758 0.15994 -0.11484)
(-0.14253 0.18865 -0.14528)
(-0.15489 0.20849 -0.16074)
(-0.22259 0.27672 -0.23555)
(0.00096 0.00006 0.00085)
(0.02271 0.00101 0.02087)
(0.03036 -0.00162 0.03749)
(0.03867 -0.00196 0.04798)
(0.03795 -0.00201 0.04812)
(0.03930 -0.00090 0.04631)
(0.03816 0.00786 0.03615)
(0.03433 0.01427 0.02777)
(0.02602 0.01830 0.02176)
(0.02806 0.02459 0.01465)
(0.01353 0.04083 -0.00317)
(0.00362 0.05188 -0.01193)
(-0.00725 0.05850 -0.01436)
(-0.00103 0.06382 -0.02592)
(-0.02496 0.08035 -0.04187)
(-0.07234 0.12283 -0.08122)
(0.00279 0.00034 0.00188)
(0.03353 0.00226 0.03082)
(0.04045 -0.00056 0.04609)
(0.04780 0.01156 0.02954)
(0.04059 0.00677 0.03651)
(0.03817 0.01277 0.02909)
(0.03862 0.01836 0.02400)
(0.02935 0.02473 0.01453)
(0.01484 0.04859 -0.01452)
(0.00433 0.05959 -0.02226)
(-0.00060 -0.00016 -0.00029)
(0.01642 0.00429 0.00707)
(0.03995 0.01178 0.01717)
(-0.34309 0.32455 -0.52583)
(-0.27920 0.24622 -0.45455)
(-0.20121 0.14443 -0.31001)
(-0.18265 0.10841 -0.25633)
(-0.10610 -0.03318 -0.08816)
(-0.04840 -0.11783 0.01910)
(-0.02687 -0.14362 0.06237)
(-0.00640 -0.15144 0.12451)
(0.00487 -0.15253 0.17286)
(0.00768 -0.13243 0.19512)
(0.01238 -0.12604 0.19801)
(0.01354 -0.10634 0.18256)
(0.01272 -0.10396 0.17963)
(0.01192 -0.10123 0.17634)
(0.00106 -0.00943 0.01668)
(-0.38144 0.39413 -0.49979)
(-0.36063 0.35551 -0.52786)
(-0.34651 0.33724 -0.52564)
(-0.33256 0.31052 -0.51340)
(-0.29140 0.26089 -0.47596)
(-0.27282 0.24069 -0.44288)
(-0.25784 0.22038 -0.40443)
(-0.23630 0.20290 -0.36717)
(-0.19646 0.13586 -0.29721)
(-0.20277 0.13661 -0.27831)
(-0.14971 0.05430 -0.18869)
(-0.13238 0.00846 -0.13563)
(-0.11378 -0.02465 -0.09624)
(-0.10225 -0.04397 -0.07809)
(-0.08577 -0.08404 -0.02361)
(-0.03648 -0.13648 0.04697)
(-0.03540 -0.13920 0.05778)
(-0.02919 -0.14723 0.08003)
(-0.03060 -0.15232 0.12210)
(-0.00326 -0.15687 0.16193)
(-0.01011 -0.15031 0.16863)
(-0.00344 -0.14073 0.18152)
(-0.00007 -0.13499 0.18195)
(0.00584 -0.11688 0.18517)
(0.01043 -0.10584 0.17765)
(0.00984 -0.10165 0.17229)
(0.00379 -0.03851 0.06581)
(0.00038 -0.00382 0.00654)
(-0.35051 0.41291 -0.42812)
(-0.37491 0.41306 -0.47505)
(-0.37778 0.41207 -0.48401)
(-0.38547 0.40019 -0.51965)
(-0.37180 0.38361 -0.52131)
(-0.35808 0.35677 -0.52195)
(-0.33633 0.32254 -0.51869)
(-0.31635 0.30247 -0.49809)
(-0.27765 0.24906 -0.45051)
(-0.29635 0.27843 -0.47633)
(-0.26601 0.23888 -0.42439)
(-0.24607 0.22017 -0.37665)
(-0.21833 0.16865 -0.31650)
(-0.20864 0.14635 -0.28852)
(-0.17781 0.08946 -0.21910)
(-0.15936 0.04276 -0.16557)
(-0.14860 0.01874 -0.13617)
(-0.10831 -0.04557 -0.07551)
(-0.10155 -0.07234 -0.04167)
(-0.07194 -0.10595 0.01032)
(-0.06549 -0.12395 0.03930)
(-0.05024 -0.14163 0.08017)
(-0.04646 -0.14752 0.12262)
(-0.03972 -0.14765 0.12586)
(-0.01674 -0.14655 0.15922)
(-0.00562 -0.14105 0.17454)
(-0.01889 -0.14271 0.16555)
(-0.00824 -0.13296 0.17844)
(-0.00281 -0.12546 0.17617)
(-0.00795 -0.12668 0.16837)
(0.00834 -0.10923 0.17726)
(0.00760 -0.10086 0.16538)
(0.00423 -0.04959 0.08089)
(0.00060 -0.01111 0.01791)
(-0.00025 0.00426 -0.00686)
(-0.25608 0.31856 -0.28681)
(-0.30373 0.36442 -0.34576)
(-0.32254 0.38516 -0.37930)
(-0.34917 0.41182 -0.42250)
(-0.36883 0.41968 -0.46294)
(-0.36608 0.41999 -0.47519)
(-0.37706 0.40047 -0.50742)
(-0.36674 0.39080 -0.50565)
(-0.35539 0.36745 -0.51839)
(-0.34826 0.35406 -0.51790)
(-0.32455 0.32694 -0.50340)
(-0.30637 0.30278 -0.48561)
(-0.28324 0.27428 -0.44922)
(-0.27480 0.26416 -0.42934)
(-0.24434 0.21681 -0.37065)
(-0.22563 0.18267 -0.31152)
(-0.21664 0.15939 -0.28342)
(-0.18601 0.09650 -0.21941)
(-0.17685 0.07354 -0.19360)
(-0.14921 0.00398 -0.12446)
(-0.13123 -0.02497 -0.09722)
(-0.11572 -0.05697 -0.05870)
(-0.09590 -0.09282 -0.01411)
(-0.07892 -0.11937 0.02963)
(-0.06181 -0.13203 0.05828)
(-0.07608 -0.13019 0.05870)
(-0.05564 -0.13980 0.09244)
(-0.04892 -0.14237 0.12389)
(-0.03106 -0.14956 0.14386)
(-0.03340 -0.14597 0.14811)
(-0.02035 -0.13880 0.16598)
(-0.00436 -0.12310 0.16927)
(-0.01601 -0.12965 0.15657)
(-0.00332 -0.11457 0.16036)
(-0.00102 -0.09801 0.14043)
(-0.00007 -0.01107 0.01598)
(-0.00006 0.00911 -0.01372)
(-0.00485 -0.07860 0.10784)
(-0.10353 0.15772 -0.11113)
(-0.11882 0.17297 -0.12588)
(-0.12797 0.18404 -0.13512)
(-0.19718 0.25561 -0.21444)
(-0.24920 0.31275 -0.27812)
(-0.26509 0.33436 -0.29229)
(-0.27619 0.33949 -0.31325)
(-0.29912 0.36848 -0.34704)
(-0.32394 0.39352 -0.38569)
(-0.34656 0.40976 -0.43209)
(-0.36034 0.41874 -0.46589)
(-0.36480 0.41649 -0.47755)
(-0.35997 0.39283 -0.49945)
(-0.34892 0.35967 -0.51725)
(-0.34192 0.35228 -0.51575)
(-0.31696 0.32706 -0.49639)
(-0.29794 0.28790 -0.47395)
(-0.28548 0.29296 -0.44901)
(-0.25639 0.24077 -0.39342)
(-0.28322 0.29648 -0.44111)
(-0.22636 0.18286 -0.30951)
(-0.22163 0.17170 -0.29482)
(-0.21176 0.14805 -0.26974)
(-0.16896 0.04759 -0.16342)
(-0.14373 -0.00937 -0.11008)
(-0.14802 0.00057 -0.11952)
(-0.13080 -0.03751 -0.08437)
(-0.10554 -0.08490 -0.01831)
(-0.10950 -0.07275 -0.03664)
(-0.09135 -0.10953 0.01120)
(-0.08495 -0.12067 0.03311)
(-0.07852 -0.12994 0.05997)
(-0.05186 -0.13887 0.10826)
(-0.03832 -0.14724 0.14168)
(-0.03578 -0.14638 0.14423)
(-0.03150 -0.14492 0.14944)
(-0.02319 -0.12721 0.14208)
(-0.01781 -0.12227 0.14520)
(-0.01610 -0.11388 0.14637)
(-0.00707 -0.06017 0.08318)
(-0.00065 -0.00721 0.01023)
(-0.00766 -0.03299 0.04673)
(-0.00142 -0.00621 0.00892)
(-0.00025 0.06501 -0.02665)
(-0.00519 0.06889 -0.02958)
(-0.03786 0.10003 -0.05821)
(-0.09989 0.15582 -0.10773)
(-0.11296 0.16885 -0.12043)
(-0.10719 0.16485 -0.11497)
(-0.12234 0.17990 -0.12986)
(-0.19294 0.25920 -0.21405)
(-0.15207 0.21693 -0.15782)
(-0.20734 0.28020 -0.22550)
(-0.24098 0.31538 -0.26332)
(-0.28953 0.36966 -0.32935)
(-0.29211 0.37559 -0.33618)
(-0.32814 0.39612 -0.40217)
(-0.35841 0.41907 -0.46082)
(-0.36157 0.41690 -0.47103)
(-0.36181 0.41513 -0.47576)
(-0.35633 0.40318 -0.48587)
(-0.34972 0.36444 -0.51682)
(-0.34368 0.35727 -0.51565)
(-0.33166 0.35041 -0.51880)
(-0.30735 0.31065 -0.48820)
(-0.29091 0.30894 -0.45826)
(-0.28788 0.30454 -0.44897)
(-0.23967 0.21050 -0.34421)
(-0.22648 0.18361 -0.30542)
(-0.21597 0.15843 -0.27929)
(-0.22083 0.17032 -0.29004)
(-0.18918 0.09303 -0.20415)
(-0.16562 0.06544 -0.19123)
(-0.12902 -0.01504 -0.12058)
(-0.12431 -0.03649 -0.09513)
(-0.09030 -0.11403 0.01824)
(-0.08587 -0.11992 0.02812)
(-0.08160 -0.12603 0.04234)
(-0.06165 -0.13568 0.08219)
(-0.04040 -0.14778 0.13833)
(-0.03785 -0.14680 0.14090)
(-0.03343 -0.14517 0.14626)
(-0.03622 -0.14053 0.14417)
(-0.02741 -0.12387 0.13926)
(-0.02163 -0.10109 0.13047)
(-0.00838 -0.02891 0.03906)
(0.00156 0.00596 -0.00818)
(-0.00061 -0.00209 0.00287)
(0.05421 0.01620 0.01936)
(0.04933 0.02489 0.01124)
(0.04316 0.02098 0.01766)
(0.04079 0.02919 0.00781)
(0.03659 0.03478 -0.00338)
(0.03689 0.03774 -0.00536)
(0.02000 0.04701 -0.01208)
(0.00506 0.06054 -0.02305)
(0.00556 0.06208 -0.02458)
(0.00040 0.06643 -0.02780)
(-0.00496 0.07072 -0.03071)
(-0.03068 0.09951 -0.05413)
(-0.07645 0.14063 -0.09100)
(-0.09935 0.16174 -0.10850)
(-0.13731 0.21012 -0.14347)
(-0.19123 0.26760 -0.20346)
(-0.23553 0.31238 -0.25399)
(-0.27563 0.35884 -0.31122)
(-0.28653 0.37008 -0.32617)
(-0.31179 0.38782 -0.37029)
(-0.32973 0.40163 -0.40305)
(-0.35932 0.41732 -0.46507)
(-0.35966 0.41537 -0.47056)
(-0.35829 0.41312 -0.48378)
(-0.34953 0.38228 -0.50559)
(-0.34172 0.37219 -0.51591)
(-0.33308 0.36457 -0.51747)
(-0.31265 0.33066 -0.49352)
(-0.29535 0.31621 -0.46666)
(-0.29292 0.31281 -0.45749)
(-0.27025 0.26866 -0.40505)
(-0.24753 0.22663 -0.34722)
(-0.24684 0.21913 -0.32565)
(-0.20219 0.14184 -0.26375)
(-0.19023 0.10445 -0.21250)
(-0.17049 0.07258 -0.19194)
(-0.14268 0.01908 -0.15224)
(-0.12845 -0.01097 -0.12714)
(-0.12269 -0.03516 -0.07790)
(-0.10187 -0.09011 -0.01344)
(-0.08843 -0.11632 0.01798)
(-0.08477 -0.12244 0.02848)
(-0.08254 -0.12590 0.03842)
(-0.07269 -0.13640 0.06269)
(-0.04851 -0.14931 0.12582)
(-0.05476 -0.14032 0.09436)
(-0.04646 -0.14337 0.12295)
(-0.04086 -0.13773 0.12419)
(-0.03563 -0.12804 0.13545)
(-0.02834 -0.11936 0.13569)
(-0.02794 -0.10826 0.12870)
(-0.02151 -0.07641 0.09665)
(-0.00508 -0.01584 0.02175)
(0.00354 0.00106 0.00122)
(0.00914 0.00280 0.00298)
(0.04945 0.02094 0.01193)
(0.04546 0.02283 0.00942)
(0.03076 0.02959 -0.00539)
(0.03580 0.03177 -0.00278)
(0.01887 0.04368 -0.01849)
(0.01190 0.04632 -0.02218)
(0.00167 0.05785 -0.03170)
(0.00265 0.05679 -0.02966)
(-0.01284 0.07339 -0.04109)
(-0.04618 0.09864 -0.06671)
(-0.04194 0.10448 -0.06209)
(-0.06650 0.13089 -0.07794)
(-0.07744 0.14661 -0.08687)
(-0.14866 0.21316 -0.14905)
(-0.16356 0.22876 -0.16305)
(-0.19229 0.26919 -0.20170)
(-0.23158 0.31335 -0.24384)
(-0.26771 0.34981 -0.29180)
(-0.29012 0.37641 -0.31671)
(-0.31442 0.40266 -0.36332)
(-0.33269 0.41527 -0.39473)
(-0.35583 0.42586 -0.44743)
(-0.36187 0.43254 -0.45492)
(-0.35811 0.43246 -0.46372)
(-0.35434 0.40572 -0.50118)
(-0.34928 0.39918 -0.50231)
(-0.34879 0.39673 -0.50941)
(-0.32842 0.36151 -0.50528)
(-0.32934 0.36518 -0.49665)
(-0.32605 0.35874 -0.48872)
(-0.29969 0.32128 -0.44369)
(-0.27824 0.29574 -0.41076)
(-0.26959 0.27862 -0.38425)
(-0.22118 0.18903 -0.30200)
(-0.19528 0.12645 -0.23752)
(-0.18376 0.10783 -0.21026)
(-0.15991 0.04982 -0.16105)
(-0.12945 -0.00093 -0.10889)
(-0.11481 -0.03564 -0.06583)
(-0.09157 -0.09281 -0.00385)
(-0.07057 -0.12963 0.05300)
(-0.07928 -0.10116 0.01778)
(-0.07030 -0.14958 0.07988)
(-0.06061 -0.13385 0.08044)
(-0.04702 -0.13491 0.11029)
(-0.04270 -0.13061 0.11409)
(-0.03427 -0.12562 0.12824)
(-0.03746 -0.11241 0.11500)
(-0.02086 -0.07611 0.08656)
(-0.01063 -0.03789 0.04368)
(-0.00402 -0.01416 0.01648)
(0.00203 0.00091 0.00043)
(0.03313 0.02311 -0.00186)
(0.03101 0.03074 -0.00697)
(0.00575 0.04059 -0.02673)
(0.00468 0.04140 -0.02752)
(0.00251 0.04281 -0.02903)
(0.00910 0.05037 -0.02832)
(-0.00555 0.04859 -0.03662)
(-0.00808 0.06487 -0.04201)
(-0.01355 0.07106 -0.04776)
(-0.04138 0.08614 -0.06248)
(-0.06130 0.10273 -0.07842)
(-0.07111 0.12274 -0.08286)
(-0.07147 0.13800 -0.08265)
(-0.10441 0.16437 -0.11037)
(-0.13702 0.20318 -0.13612)
(-0.19998 0.25819 -0.19141)
(-0.21467 0.28598 -0.21298)
(-0.25222 0.33248 -0.26641)
(-0.30492 0.39524 -0.32621)
(-0.31679 0.40839 -0.35231)
(-0.32667 0.41444 -0.37375)
(-0.34407 0.43019 -0.41168)
(-0.33969 0.43373 -0.39581)
(-0.35782 0.44092 -0.43755)
(-0.35987 0.44298 -0.45492)
(-0.35563 0.40959 -0.49703)
(-0.35749 0.41463 -0.50005)
(-0.36531 0.42625 -0.50778)
(-0.35115 0.40098 -0.51084)
(-0.36576 0.42613 -0.50945)
(-0.33579 0.37456 -0.50053)
(-0.34378 0.38363 -0.49339)
(-0.34848 0.37729 -0.47810)
(-0.32930 0.35658 -0.46582)
(-0.30373 0.32656 -0.43128)
(-0.28217 0.30644 -0.40723)
(-0.26375 0.28658 -0.37207)
(-0.24434 0.22977 -0.33200)
(-0.22760 0.20846 -0.29806)
(-0.20018 0.16547 -0.26119)
(-0.17497 0.09513 -0.18487)
(-0.18805 0.13228 -0.21672)
(-0.16232 0.08943 -0.16665)
(-0.13702 0.04858 -0.13700)
(-0.10203 -0.04477 -0.05088)
(-0.07174 -0.08436 -0.00886)
(-0.06911 -0.12058 0.05696)
(-0.06354 -0.09247 0.00872)
(-0.05432 -0.13003 0.06439)
(-0.03472 -0.11556 0.07085)
(-0.04312 -0.12337 0.08708)
(-0.03111 -0.11367 0.08065)
(-0.03360 -0.12020 0.11016)
(-0.03290 -0.10972 0.10565)
(-0.03033 -0.11224 0.08095)
(-0.02627 -0.08587 0.08402)
(-0.00433 -0.01814 0.02001)
(0.00048 0.00031 -0.00002)
(0.01770 0.02082 -0.00712)
(-0.00148 0.03237 -0.02499)
(-0.00273 0.04451 -0.03375)
(-0.00468 0.04667 -0.03534)
(-0.01141 0.04848 -0.04043)
(-0.01323 0.05072 -0.04224)
(-0.02791 0.07119 -0.05776)
(-0.05810 0.10294 -0.08350)
(-0.08797 0.11510 -0.09769)
(-0.08329 0.13254 -0.09890)
(-0.12406 0.16573 -0.13157)
(-0.13815 0.17780 -0.13901)
(-0.15967 0.21672 -0.15856)
(-0.22336 0.27751 -0.21465)
(-0.22869 0.28781 -0.22143)
(-0.24058 0.30049 -0.23300)
(-0.25215 0.33452 -0.26513)
(-0.30761 0.39783 -0.32581)
(-0.31390 0.40527 -0.33776)
(-0.32112 0.41798 -0.35344)
(-0.34450 0.44174 -0.39488)
(-0.35069 0.44868 -0.40995)
(-0.36384 0.45692 -0.44557)
(-0.36432 0.44650 -0.46907)
(-0.35662 0.43844 -0.47218)
(-0.36962 0.43488 -0.50588)
(-0.37034 0.43504 -0.50757)
(-0.36680 0.42659 -0.51221)
(-0.36149 0.41419 -0.50278)
(-0.34726 0.39138 -0.49157)
(-0.32736 0.36218 -0.46550)
(-0.30976 0.34624 -0.43022)
(-0.28199 0.31897 -0.39693)
(-0.25102 0.28030 -0.34826)
(-0.24234 0.26897 -0.33683)
(-0.19953 0.18901 -0.27395)
(-0.16736 0.10949 -0.18133)
(-0.16049 0.09712 -0.16717)
(-0.09885 -0.02510 -0.08014)
(-0.11408 0.02858 -0.11556)
(-0.08962 -0.04645 -0.03640)
(-0.05179 -0.05328 -0.03030)
(-0.04944 -0.09644 0.02259)
(-0.04709 -0.05879 -0.02119)
(-0.03777 -0.11083 0.05334)
(-0.02815 -0.10921 0.06485)
(-0.02839 -0.11037 0.07282)
(-0.02480 -0.10321 0.08470)
(-0.02200 -0.07747 0.06972)
(-0.02418 -0.10184 0.06846)
(-0.00571 -0.02482 0.02362)
(-0.00111 -0.00497 0.00473)
(-0.00054 -0.00044 0.00012)
(-0.00005 0.01563 -0.01111)
(-0.00586 0.02382 -0.02155)
(-0.01095 0.04662 -0.03988)
(-0.02168 0.05155 -0.04766)
(-0.06615 0.09142 -0.08868)
(-0.08031 0.10633 -0.09742)
(-0.10541 0.11707 -0.11120)
(-0.15480 0.17887 -0.15686)
(-0.16962 0.18890 -0.16696)
(-0.17069 0.19396 -0.16714)
(-0.18203 0.21970 -0.17643)
(-0.23629 0.28366 -0.22500)
(-0.23763 0.29181 -0.22842)
(-0.24947 0.30454 -0.24069)
(-0.29174 0.36727 -0.29502)
(-0.31549 0.40681 -0.33597)
(-0.33632 0.42472 -0.35433)
(-0.35296 0.45271 -0.37838)
(-0.35279 0.45291 -0.40451)
(-0.36826 0.46627 -0.43086)
(-0.36716 0.45994 -0.45414)
(-0.36874 0.46055 -0.46030)
(-0.37718 0.46138 -0.48374)
(-0.37393 0.44315 -0.50517)
(-0.37141 0.43546 -0.50992)
(-0.36897 0.43811 -0.51139)
(-0.35992 0.42871 -0.50549)
(-0.32839 0.39523 -0.48189)
(-0.35383 0.43450 -0.49393)
(-0.32687 0.40984 -0.47889)
(-0.31410 0.37727 -0.43205)
(-0.26843 0.31997 -0.37234)
(-0.26026 0.30162 -0.36218)
(-0.25113 0.29120 -0.35035)
(-0.24198 0.28265 -0.33944)
(-0.19101 0.21240 -0.26841)
(-0.17285 0.13013 -0.19376)
(-0.16664 0.12093 -0.18100)
(-0.13207 0.09529 -0.15702)
(-0.09843 0.02213 -0.09562)
(-0.10070 0.04306 -0.10467)
(-0.05220 -0.03738 -0.04119)
(-0.04610 -0.04502 -0.03218)
(-0.04042 -0.07167 0.00337)
(-0.03986 -0.05118 -0.02590)
(-0.02516 -0.10529 0.05698)
(-0.02536 -0.10759 0.06449)
(-0.02145 -0.10351 0.05546)
(-0.01763 -0.09132 0.05515)
(-0.01238 -0.05433 0.03910)
(-0.00130 -0.00986 0.00744)
(0.00045 0.00584 -0.00430)
(0.00013 -0.00280 0.00242)
(-0.00122 0.00152 -0.00173)
(-0.01486 0.02140 -0.02209)
(-0.03782 0.05991 -0.06317)
(-0.08147 0.08363 -0.09443)
(-0.07108 0.08559 -0.08741)
(-0.13439 0.12512 -0.13118)
(-0.11815 0.11934 -0.12633)
(-0.14771 0.14490 -0.14503)
(-0.16695 0.18146 -0.16506)
(-0.18046 0.19197 -0.17471)
(-0.18399 0.19940 -0.17747)
(-0.21874 0.22271 -0.20184)
(-0.21739 0.23751 -0.20533)
(-0.25132 0.26386 -0.23147)
(-0.24835 0.29558 -0.23705)
(-0.25906 0.30746 -0.24882)
(-0.28094 0.33584 -0.27241)
(-0.31471 0.38456 -0.31190)
(-0.32828 0.41404 -0.33514)
(-0.35866 0.41988 -0.35561)
(-0.34675 0.44354 -0.36033)
(-0.35639 0.44901 -0.37814)
(-0.36244 0.46184 -0.39127)
(-0.38577 0.47979 -0.41771)
(-0.36945 0.46553 -0.44963)
(-0.37092 0.46550 -0.45627)
(-0.37654 0.47126 -0.47220)
(-0.38006 0.46113 -0.49599)
(-0.37478 0.44314 -0.50734)
(-0.38040 0.46408 -0.50195)
(-0.37189 0.45196 -0.50998)
(-0.37380 0.45543 -0.51435)
(-0.35911 0.44590 -0.49925)
(-0.33133 0.41976 -0.48420)
(-0.32725 0.41803 -0.47763)
(-0.30807 0.40205 -0.42692)
(-0.26830 0.35433 -0.39075)
(-0.25846 0.31046 -0.36119)
(-0.24797 0.30034 -0.34739)
(-0.20926 0.27720 -0.29384)
(-0.18234 0.20856 -0.23023)
(-0.14954 0.16120 -0.18451)
(-0.10911 0.11185 -0.15213)
(-0.06737 0.01990 -0.07694)
(-0.07554 0.08118 -0.10892)
(-0.04664 -0.03001 -0.04209)
(-0.03898 -0.03990 -0.03441)
(-0.01609 -0.03706 -0.01055)
(-0.02801 -0.06227 0.01630)
(-0.00963 -0.06810 0.01979)
(-0.01662 -0.10206 0.05447)
(-0.00232 -0.03705 0.02218)
(0.00412 -0.03428 0.01522)
(0.00003 -0.00082 0.00049)
(0.00540 -0.00670 0.00765)
(-0.04305 0.04471 -0.05071)
(-0.07381 0.07260 -0.08081)
(0.00621 -0.00570 0.00821)
(-0.00887 0.00856 -0.01131)
(-0.11048 0.09747 -0.10371)
(-0.11997 0.10473 -0.11021)
(-0.12407 0.10961 -0.11913)
(-0.17322 0.13494 -0.14092)
(-0.16646 0.14311 -0.15310)
(-0.18560 0.16212 -0.16794)
(-0.19004 0.17751 -0.17147)
(-0.21133 0.18141 -0.18005)
(-0.21422 0.19387 -0.18316)
(-0.19405 0.20298 -0.18504)
(-0.28208 0.25685 -0.23279)
(-0.28196 0.27982 -0.25059)
(-0.28524 0.30278 -0.25697)
(-0.33062 0.32362 -0.28837)
(-0.33825 0.35495 -0.29762)
(-0.34776 0.37492 -0.30984)
(-0.35135 0.40610 -0.33418)
(-0.36411 0.42088 -0.35570)
(-0.36733 0.42953 -0.36352)
(-0.39655 0.45558 -0.38560)
(-0.37291 0.46200 -0.38803)
(-0.39432 0.47694 -0.41998)
(-0.37409 0.47417 -0.44028)
(-0.37922 0.46701 -0.45265)
(-0.37753 0.47103 -0.46801)
(-0.38160 0.47644 -0.48301)
(-0.38145 0.47439 -0.49033)
(-0.37098 0.46173 -0.50673)
(-0.37033 0.45889 -0.50905)
(-0.35104 0.45397 -0.50698)
(-0.34202 0.44803 -0.50547)
(-0.34360 0.43661 -0.49135)
(-0.32867 0.42257 -0.48100)
(-0.30079 0.41052 -0.44113)
(-0.28780 0.39869 -0.41916)
(-0.25655 0.38051 -0.37885)
(-0.25615 0.34590 -0.37478)
(-0.22370 0.31705 -0.32397)
(-0.19243 0.29457 -0.26603)
(-0.17186 0.26029 -0.24609)
(-0.14949 0.19484 -0.20700)
(-0.11149 0.14912 -0.16205)
(-0.12083 0.17944 -0.18147)
(-0.08184 0.10908 -0.12045)
(-0.05226 0.01479 -0.06498)
(-0.06433 0.08756 -0.10801)
(-0.03438 0.04532 -0.07646)
(-0.03971 -0.02684 -0.04309)
(-0.01831 -0.02571 -0.03179)
(0.00226 -0.04235 -0.01352)
(0.02016 -0.05205 -0.01174)
(0.01130 -0.05795 0.00502)
(0.00702 -0.03177 0.01173)
(-0.00049 0.00297 -0.00132)
(0.00085 -0.00353 0.00140)
(-0.00777 0.00663 -0.00706)
(-0.06684 0.05477 -0.06027)
(-0.12147 0.09091 -0.09316)
(-0.18417 0.13677 -0.14155)
(-0.20029 0.14802 -0.15161)
(-0.20236 0.17265 -0.17465)
(-0.24422 0.18996 -0.19468)
(-0.27841 0.23017 -0.22071)
(-0.32000 0.25782 -0.24264)
(-0.32709 0.29937 -0.26863)
(-0.34463 0.31941 -0.28306)
(-0.34853 0.34398 -0.30085)
(-0.39396 0.38517 -0.33333)
(-0.38253 0.40676 -0.33915)
(-0.41084 0.42943 -0.36647)
(-0.38704 0.43421 -0.37157)
(-0.42570 0.46749 -0.40435)
(-0.42421 0.47221 -0.40815)
(-0.42683 0.47335 -0.41202)
(-0.39590 0.47756 -0.42472)
(-0.41585 0.47337 -0.42287)
(-0.40105 0.48497 -0.44606)
(-0.38216 0.47223 -0.46224)
(-0.38560 0.47236 -0.47348)
(-0.37973 0.46499 -0.48450)
(-0.36429 0.46431 -0.49071)
(-0.36640 0.46790 -0.49996)
(-0.35287 0.45600 -0.51136)
(-0.35427 0.45537 -0.50819)
(-0.33856 0.45710 -0.49781)
(-0.32190 0.44149 -0.48551)
(-0.32546 0.43880 -0.48685)
(-0.30808 0.42925 -0.46994)
(-0.28296 0.41568 -0.43785)
(-0.26032 0.40001 -0.40608)
(-0.23811 0.36682 -0.34582)
(-0.22543 0.33578 -0.34268)
(-0.19321 0.30071 -0.28771)
(-0.17710 0.27675 -0.25718)
(-0.12375 0.21898 -0.19967)
(-0.10341 0.20878 -0.16999)
(-0.10110 0.16853 -0.15025)
(-0.06616 0.09861 -0.11347)
(-0.04353 0.08543 -0.09683)
(-0.02611 0.06457 -0.06647)
(0.00716 -0.02591 -0.02500)
(-0.00825 0.01423 -0.03893)
(0.02318 -0.04218 -0.02024)
(0.02480 -0.04224 -0.01896)
(0.01874 -0.03467 -0.00791)
(0.01057 -0.02011 0.00164)
(-0.00107 0.00113 -0.00007)
(-0.00203 0.00818 -0.00331)
(-0.01395 0.01050 -0.01065)
(-0.06275 0.04711 -0.04805)
(-0.09014 0.06758 -0.06724)
(-0.19381 0.14447 -0.14530)
(-0.21045 0.15633 -0.15569)
(-0.23299 0.17905 -0.18224)
(-0.20772 0.15470 -0.15289)
(-0.27871 0.21802 -0.20963)
(-0.28894 0.22866 -0.22216)
(-0.31894 0.25361 -0.23815)
(-0.32627 0.26170 -0.23887)
(-0.32860 0.26365 -0.24443)
(-0.34511 0.29353 -0.26724)
(-0.37310 0.33193 -0.29302)
(-0.38088 0.35466 -0.31644)
(-0.41947 0.40444 -0.34924)
(-0.41894 0.41199 -0.35496)
(-0.42481 0.41840 -0.35946)
(-0.41632 0.43815 -0.37511)
(-0.43351 0.46715 -0.40593)
(-0.43028 0.46995 -0.40813)
(-0.43295 0.47056 -0.41183)
(-0.43244 0.47141 -0.41598)
(-0.40673 0.47869 -0.44054)
(-0.40385 0.47801 -0.45086)
(-0.37864 0.46274 -0.46279)
(-0.37491 0.45745 -0.47145)
(-0.37095 0.45294 -0.48565)
(-0.34492 0.45080 -0.50294)
(-0.34053 0.44962 -0.50501)
(-0.33584 0.44898 -0.50693)
(-0.31532 0.44271 -0.49101)
(-0.31494 0.43682 -0.48132)
(-0.29555 0.42986 -0.45467)
(-0.25521 0.39465 -0.40568)
(-0.23754 0.38373 -0.37801)
(-0.18299 0.33265 -0.31410)
(-0.19885 0.33344 -0.30610)
(-0.17422 0.32127 -0.29934)
(-0.16546 0.30038 -0.27506)
(-0.13771 0.25378 -0.21539)
(-0.10592 0.21712 -0.17684)
(-0.09659 0.20520 -0.16624)
(-0.09325 0.19536 -0.15878)
(-0.08720 0.19354 -0.15641)
(-0.06654 0.15319 -0.13148)
(-0.02785 0.08812 -0.08781)
(-0.00136 0.08060 -0.08866)
(-0.00729 0.04809 -0.06063)
(-0.00069 0.02305 -0.04395)
(0.02259 0.00041 -0.02982)
(0.02607 -0.00359 -0.02310)
(0.02160 -0.01695 -0.00814)
(0.00490 -0.00297 -0.00107)
(-0.00383 0.00271 -0.00002)
(-0.02373 0.01784 -0.01764)
(-0.02218 0.01669 -0.01617)
(-0.13908 0.10414 -0.10172)
(-0.21839 0.16326 -0.15670)
(-0.27677 0.21621 -0.20629)
(-0.29396 0.23802 -0.21642)
(-0.29484 0.23950 -0.21956)
(-0.34404 0.28293 -0.25130)
(-0.36703 0.31789 -0.27643)
(-0.37671 0.33088 -0.28508)
(-0.39681 0.36193 -0.31543)
(-0.41932 0.39414 -0.33786)
(-0.42570 0.41182 -0.35397)
(-0.43040 0.41692 -0.35847)
(-0.43001 0.42272 -0.36353)
(-0.44042 0.43992 -0.38474)
(-0.43682 0.46747 -0.40882)
(-0.43906 0.46693 -0.41200)
(-0.43648 0.46150 -0.41465)
(-0.40993 0.45985 -0.43013)
(-0.40085 0.45941 -0.43979)
(-0.37405 0.43913 -0.45429)
(-0.36893 0.43770 -0.45791)
(-0.36427 0.43610 -0.46088)
(-0.34248 0.44682 -0.50127)
(-0.34869 0.43624 -0.48488)
(-0.33782 0.44515 -0.50324)
(-0.33306 0.44403 -0.50569)
(-0.30384 0.43209 -0.49477)
(-0.29252 0.41919 -0.48395)
(-0.28805 0.41876 -0.47663)
(-0.30846 0.43186 -0.47631)
(-0.26573 0.40507 -0.43435)
(-0.24890 0.38996 -0.43383)
(-0.24639 0.38472 -0.40020)
(-0.18425 0.33494 -0.32169)
(-0.17561 0.32458 -0.30725)
(-0.16743 0.31496 -0.29367)
(-0.14818 0.29488 -0.26814)
(-0.10714 0.22282 -0.18173)
(-0.09951 0.21360 -0.17315)
(-0.10483 0.22491 -0.18988)
(-0.09093 0.20305 -0.16351)
(-0.03290 0.12045 -0.10973)
(-0.05486 0.17003 -0.14153)
(-0.01689 0.11273 -0.10829)
(0.01282 0.06953 -0.08095)
(-0.00549 0.10122 -0.10033)
(0.04469 0.03623 -0.06620)
(0.04709 0.02270 -0.05698)
(0.01625 -0.00064 -0.00998)
(0.01819 0.00701 -0.01884)
(0.00287 -0.00015 -0.00157)
(-0.11951 0.08964 -0.08547)
(-0.03058 0.02302 -0.02188)
(-0.13578 0.10739 -0.08906)
(-0.28377 0.22306 -0.20213)
(-0.32163 0.26185 -0.21721)
(-0.32464 0.26545 -0.23138)
(-0.35406 0.29600 -0.25713)
(-0.36935 0.32155 -0.27679)
(-0.37637 0.32963 -0.28205)
(-0.39683 0.35187 -0.30305)
(-0.41641 0.37488 -0.32195)
(-0.43165 0.41243 -0.35445)
(-0.44558 0.43146 -0.37162)
(-0.44185 0.44222 -0.39708)
(-0.45260 0.43715 -0.40182)
(-0.43820 0.44032 -0.40502)
(-0.41639 0.45385 -0.42447)
(-0.41439 0.45007 -0.43335)
(-0.38375 0.43451 -0.44575)
(-0.36988 0.43302 -0.45267)
(-0.36365 0.43117 -0.45623)
(-0.34728 0.42299 -0.47502)
(-0.33585 0.44034 -0.50070)
(-0.32701 0.41235 -0.47513)
(-0.32223 0.41719 -0.48808)
(-0.33120 0.43921 -0.50351)
(-0.31228 0.42365 -0.49902)
(-0.29259 0.41341 -0.49563)
(-0.27501 0.40797 -0.48129)
(-0.25595 0.39510 -0.45484)
(-0.23425 0.38093 -0.42387)
(-0.23620 0.37828 -0.41112)
(-0.21889 0.36562 -0.39986)
(-0.19644 0.34556 -0.35493)
(-0.17757 0.32714 -0.31547)
(-0.17039 0.31919 -0.30539)
(-0.16323 0.31166 -0.29545)
(-0.16068 0.30864 -0.28759)
(-0.13000 0.27570 -0.24833)
(-0.09141 0.22216 -0.19382)
(-0.09421 0.21152 -0.17080)
(-0.06910 0.19900 -0.16680)
(-0.04970 0.17106 -0.14811)
(-0.02355 0.13465 -0.11827)
(-0.00817 0.13583 -0.11527)
(0.02487 0.07312 -0.08250)
(0.03982 0.02753 -0.05296)
(0.02931 0.03973 -0.05434)
(0.03203 0.02037 -0.04039)
(0.00962 0.00492 -0.01065)
(0.00342 0.00118 -0.00331)
(-0.00172 0.00141 -0.00116)
(-0.04670 0.03808 -0.03153)
(-0.01099 0.00905 -0.00732)
(-0.21546 0.17103 -0.13943)
(-0.34727 0.29035 -0.24119)
(-0.17099 0.14738 -0.11869)
(-0.32988 0.27223 -0.22183)
(-0.34255 0.30018 -0.24510)
(-0.37137 0.32426 -0.27689)
(-0.39954 0.35849 -0.28792)
(-0.39551 0.34834 -0.28607)
(-0.41142 0.37091 -0.30449)
(-0.42301 0.38866 -0.33374)
(-0.44432 0.40769 -0.34832)
(-0.45061 0.41833 -0.36417)
(-0.44654 0.41207 -0.36688)
(-0.45859 0.42394 -0.39848)
(-0.45984 0.42297 -0.40106)
(-0.44497 0.41308 -0.39958)
(-0.42304 0.42881 -0.41025)
(-0.42961 0.40958 -0.40117)
(-0.41879 0.42748 -0.42234)
(-0.40043 0.42053 -0.43286)
(-0.37848 0.40680 -0.42832)
(-0.35884 0.41514 -0.44418)
(-0.35244 0.40472 -0.45131)
(-0.33081 0.39514 -0.45306)
(-0.31527 0.38627 -0.45763)
(-0.30282 0.38687 -0.46664)
(-0.30118 0.39975 -0.48047)
(-0.28304 0.39922 -0.49345)
(-0.29807 0.38683 -0.47102)
(-0.27741 0.39635 -0.50103)
(-0.26357 0.38955 -0.46579)
(-0.24096 0.37147 -0.43882)
(-0.22499 0.36955 -0.41557)
(-0.19169 0.33136 -0.36353)
(-0.18458 0.32496 -0.35260)
(-0.16032 0.30589 -0.30594)
(-0.13101 0.27835 -0.27574)
(-0.11144 0.25933 -0.24387)
(-0.09142 0.23655 -0.21307)
(-0.08227 0.23388 -0.20459)
(-0.07411 0.21327 -0.18983)
(-0.03981 0.18113 -0.15941)
(-0.02328 0.16588 -0.14793)
(-0.00752 0.13736 -0.12287)
(0.01207 0.11379 -0.10150)
(0.01408 0.08008 -0.07956)
(0.01747 0.07104 -0.06863)
(0.00810 0.01813 -0.01911)
(0.00776 0.00724 -0.01063)
(0.04834 -0.04221 0.03247)
(-0.00537 0.00469 -0.00370)
(-0.25436 0.22162 -0.17607)
(0.00354 -0.00320 0.00247)
(-0.08040 0.07244 -0.05612)
(-0.32953 0.29877 -0.22314)
(-0.37112 0.33459 -0.25235)
(-0.39103 0.35728 -0.27897)
(-0.36973 0.33698 -0.25347)
(-0.37498 0.34046 -0.25789)
(-0.41825 0.37794 -0.30760)
(-0.43272 0.39230 -0.33090)
(-0.44204 0.39975 -0.35231)
(-0.43833 0.39195 -0.35752)
(-0.44434 0.41011 -0.38026)
(-0.43328 0.39653 -0.37277)
(-0.42710 0.37983 -0.38181)
(-0.41086 0.36371 -0.37684)
(-0.41543 0.38886 -0.39529)
(-0.40496 0.36035 -0.37543)
(-0.38969 0.39377 -0.40823)
(-0.37583 0.38713 -0.40706)
(-0.36145 0.37372 -0.41096)
(-0.34628 0.37733 -0.42474)
(-0.33099 0.37482 -0.43277)
(-0.31770 0.37993 -0.44920)
(-0.30388 0.37032 -0.44580)
(-0.29532 0.36232 -0.44911)
(-0.27569 0.33987 -0.43373)
(-0.27918 0.38535 -0.47928)
(-0.26319 0.36947 -0.46074)
(-0.26847 0.34296 -0.43455)
(-0.24727 0.34054 -0.43043)
(-0.24006 0.35082 -0.43280)
(-0.22415 0.33407 -0.40899)
(-0.22039 0.31955 -0.40165)
(-0.21289 0.31444 -0.39124)
(-0.19821 0.31645 -0.37402)
(-0.18554 0.32356 -0.35610)
(-0.17590 0.30929 -0.35263)
(-0.15236 0.29202 -0.31689)
(-0.13729 0.28384 -0.29355)
(-0.12913 0.26460 -0.28560)
(-0.10639 0.24259 -0.25057)
(-0.08369 0.22823 -0.21677)
(-0.07870 0.22893 -0.20484)
(-0.04359 0.19317 -0.18488)
(-0.03501 0.18879 -0.17255)
(0.00536 0.12660 -0.12265)
(0.00609 0.10851 -0.10994)
(0.00789 0.06128 -0.06214)
(0.00465 0.03385 -0.03302)
(0.00352 0.01095 -0.01095)
(-0.00138 -0.00182 0.00211)
(-0.00417 -0.00993 0.01011)
(-0.00391 -0.00502 0.00586)
(0.04220 -0.03832 0.02945)
(-0.01965 0.01801 -0.01324)
(-0.17775 0.16193 -0.12008)
(0.05218 -0.04860 0.03584)
(-0.11582 0.10678 -0.07892)
(-0.29722 0.27219 -0.20314)
(-0.38192 0.34879 -0.27643)
(-0.27506 0.25369 -0.18975)
(-0.35035 0.32214 -0.24215)
(-0.39499 0.36208 -0.30241)
(-0.41454 0.37405 -0.32016)
(-0.40433 0.35989 -0.33210)
(-0.42555 0.37874 -0.35619)
(-0.40215 0.35602 -0.33941)
(-0.42064 0.36927 -0.36423)
(-0.40642 0.35507 -0.37062)
(-0.40109 0.35165 -0.36875)
(-0.39565 0.34843 -0.36707)
(-0.39909 0.35743 -0.37382)
(-0.38318 0.37144 -0.39430)
(-0.36388 0.35805 -0.39264)
(-0.35978 0.36237 -0.40794)
(-0.33919 0.35789 -0.40658)
(-0.31306 0.34008 -0.40101)
(-0.30297 0.33624 -0.40491)
(-0.28076 0.32724 -0.40943)
(-0.27233 0.31593 -0.39921)
(-0.26901 0.31587 -0.40138)
(-0.26296 0.31997 -0.40327)
(-0.22257 0.31617 -0.40032)
(-0.21649 0.31218 -0.39226)
(-0.21323 0.30556 -0.38430)
(-0.20745 0.30536 -0.38064)
(-0.19195 0.29800 -0.36315)
(-0.15093 0.26736 -0.30973)
(-0.14219 0.25162 -0.29246)
(-0.12303 0.24753 -0.27889)
(-0.10871 0.24196 -0.26270)
(-0.09116 0.21552 -0.23792)
(-0.07566 0.20890 -0.22461)
(-0.06689 0.20219 -0.21130)
(-0.06307 0.20364 -0.20904)
(-0.03300 0.14478 -0.14964)
(0.00348 0.05769 -0.06014)
(0.00318 0.02702 -0.02816)
(-0.00015 -0.00084 0.00087)
(-0.00154 -0.01022 0.01081)
(-0.00245 -0.01255 0.01319)
(0.00097 -0.00090 0.00066)
(0.01175 -0.01117 0.00810)
(-0.07517 0.06992 -0.05168)
(-0.28180 0.26587 -0.21014)
(-0.10801 0.10562 -0.08105)
(-0.37037 0.34516 -0.28752)
(-0.40041 0.36684 -0.30927)
(-0.39533 0.35458 -0.32844)
(-0.37455 0.34394 -0.30870)
(-0.39276 0.35077 -0.32857)
(-0.39500 0.35098 -0.33169)
(-0.39326 0.34609 -0.33312)
(-0.38478 0.33450 -0.34222)
(-0.39567 0.34243 -0.36196)
(-0.39127 0.33965 -0.36049)
(-0.38569 0.33545 -0.35806)
(-0.38965 0.34471 -0.36472)
(-0.35593 0.33159 -0.36729)
(-0.33193 0.31201 -0.34811)
(-0.32588 0.31642 -0.35592)
(-0.30314 0.30283 -0.34715)
(-0.29461 0.31300 -0.38112)
(-0.29222 0.31336 -0.38361)
(-0.27256 0.30723 -0.38689)
(-0.26926 0.30695 -0.38843)
(-0.26600 0.29818 -0.37776)
(-0.26470 0.30258 -0.38494)
(-0.24468 0.29801 -0.37746)
(-0.21928 0.30822 -0.39034)
(-0.23029 0.28163 -0.35804)
(-0.21661 0.30029 -0.38086)
(-0.21023 0.29906 -0.37683)
(-0.18278 0.26822 -0.33273)
(-0.14804 0.24665 -0.29739)
(-0.13872 0.24546 -0.28702)
(-0.13644 0.24146 -0.28353)
(-0.07597 0.19188 -0.22284)
(-0.07019 0.19069 -0.21749)
(-0.06258 0.17493 -0.20078)
(-0.03558 0.10236 -0.11816)
(-0.01634 0.05260 -0.06041)
(-0.00220 0.02561 -0.02822)
(0.00015 0.00150 -0.00160)
(-0.00000 -0.01019 0.01131)
(-0.00123 -0.01104 0.01179)
(-0.02473 0.02430 -0.01857)
(-0.06324 0.06069 -0.04849)
(-0.17391 0.16607 -0.13324)
(-0.06731 0.06478 -0.05442)
(-0.24203 0.22329 -0.19973)
(-0.34621 0.31120 -0.28940)
(-0.14080 0.12757 -0.11740)
(-0.22415 0.20018 -0.18884)
(-0.38379 0.34144 -0.32319)
(-0.38556 0.33964 -0.32717)
(-0.38350 0.32803 -0.33677)
(-0.37070 0.31967 -0.32510)
(-0.37324 0.31877 -0.33752)
(-0.38676 0.33349 -0.35591)
(-0.34939 0.30054 -0.32179)
(-0.33473 0.27940 -0.30564)
(-0.33792 0.29249 -0.32557)
(-0.33001 0.29720 -0.33123)
(-0.30650 0.26545 -0.30623)
(-0.30358 0.27076 -0.31157)
(-0.28636 0.27052 -0.31098)
(-0.28359 0.26374 -0.30344)
(-0.28172 0.26453 -0.30622)
(-0.28310 0.26980 -0.31840)
(-0.28377 0.27967 -0.33710)
(-0.27504 0.29327 -0.36755)
(-0.26824 0.25897 -0.32027)
(-0.26758 0.29330 -0.36956)
(-0.26348 0.29009 -0.36736)
(-0.25480 0.27681 -0.35493)
(-0.22561 0.25661 -0.32713)
(-0.20726 0.26027 -0.33037)
(-0.21700 0.23312 -0.29965)
(-0.20103 0.23016 -0.28932)
(-0.17877 0.23866 -0.29954)
(-0.16201 0.23099 -0.28749)
(-0.12134 0.17653 -0.21649)
(-0.09548 0.15264 -0.18638)
(-0.08667 0.16905 -0.20131)
(-0.05370 0.13855 -0.16188)
(-0.02795 0.05404 -0.06468)
(-0.01508 0.04009 -0.04706)
(-0.00969 0.02893 -0.03363)
(0.00167 -0.00559 0.00647)
(-0.01317 0.01271 -0.01065)
(-0.04001 0.03786 -0.03316)
(-0.04179 0.03834 -0.03540)
(-0.02107 0.01938 -0.01855)
(-0.05059 0.04418 -0.04545)
(-0.23575 0.20601 -0.21044)
(-0.27843 0.23722 -0.25237)
(-0.08009 0.06740 -0.07341)
(-0.14433 0.12176 -0.13195)
(-0.21154 0.18030 -0.19612)
(-0.29625 0.24976 -0.27319)
(-0.18631 0.15708 -0.17176)
(-0.28195 0.23338 -0.26046)
(-0.30330 0.25143 -0.28988)
(-0.24338 0.20222 -0.23322)
(-0.27813 0.23279 -0.26664)
(-0.27248 0.24223 -0.28008)
(-0.27736 0.25212 -0.29188)
(-0.25496 0.21602 -0.25791)
(-0.25200 0.21652 -0.26091)
(-0.25279 0.22554 -0.27694)
(-0.23577 0.20553 -0.25124)
(-0.20218 0.17106 -0.21187)
(-0.24948 0.24492 -0.30511)
(-0.23753 0.22311 -0.27864)
(-0.12754 0.11463 -0.14171)
(-0.18091 0.17647 -0.22085)
(-0.13955 0.13715 -0.17936)
(-0.14443 0.15568 -0.19693)
(-0.04779 0.04707 -0.06103)
(-0.05401 0.05607 -0.07112)
(-0.03343 0.04027 -0.05015)
(-0.04421 0.06210 -0.07647)
(0.00212 -0.00272 0.00331)
(-0.00926 0.01485 -0.01805)
(-0.00425 0.00800 -0.00987)
(0.05557 -0.04985 0.05027)
(0.04954 -0.04179 0.04548)
(-0.04691 0.03964 -0.04267)
(0.04183 -0.03544 0.03809)
(0.01425 -0.01202 0.01315)
(-0.10087 0.08512 -0.09299)
(-0.08762 0.07462 -0.08293)
(0.00143 -0.00119 0.00133)
(0.00116 -0.00097 0.00111)
(-0.08926 0.07493 -0.08582)
(-0.15151 0.12536 -0.14566)
(-0.03181 0.02568 -0.02986)
(-0.07835 0.05889 -0.07010)
(-0.13396 0.10077 -0.12038)
(-0.04529 0.03370 -0.04012)
(-0.08332 0.06572 -0.07838)
(-0.08843 0.06797 -0.08142)
(-0.12957 0.10802 -0.13337)
(-0.01142 0.00854 -0.01013)
(-0.02240 0.01800 -0.02212)
(0.00271 -0.00218 0.00272)
(-0.08195 0.07295 -0.09001)
(-0.04654 0.04162 -0.05271)
(0.02172 -0.01893 0.02375)
(0.01193 -0.01163 0.01449)
(0.02023 -0.02088 0.02562)
(0.02144 -0.02569 0.03129)
(-0.00965 0.00721 -0.00856)
(-0.01616 0.01198 -0.01425)
(-0.01382 0.00988 -0.01184)
(0.00620 -0.00440 0.00529)
)