/*--------------------------------*- C++ -*----------------------------------*\ 
| =========                 |                                                 | 
| \\      /  F ield         | OpenFOAM: The Open Source CFD Toolbox           | 
|  \\    /   O peration     | Version:  4.0                                   | 
|   \\  /    A nd           | Web:      www.OpenFOAM.org                      | 
|    \\/     M anipulation  |                                                 | 
\*---------------------------------------------------------------------------*/ 
FoamFile 
{ 
    version     2.0; 
    format      ascii; 
    class       vectorAverageField; 
    object      values; 
} 
// * * * * * * * * * * * * * * * * * * * * * * * * * * * * * * * * * * * * * // 
 
// Average 
(0 0 0) 
 
// Velocity data on points 
2447
(
(0.00227 0.00154 -0.00182)
(-0.00087 -0.00100 0.00110)
(-0.00056 -0.00402 0.00354)
(-0.00055 -0.00115 0.00118)
(0.00060 0.00161 -0.00219)
(-0.00228 -0.00898 0.01125)
(-0.00112 -0.00273 0.00399)
(-0.00865 -0.00300 0.01140)
(-0.00090 -0.00034 0.00116)
(0.00162 0.00031 -0.00168)
(-0.00708 -0.00128 0.00748)
(-0.00169 -0.00012 0.00149)
(0.00221 -0.00002 -0.00122)
(-0.01296 0.00141 0.00755)
(-0.00098 0.00016 0.00031)
(0.00308 -0.00046 -0.00087)
(-0.01063 0.00168 0.00304)
(-0.00065 0.00006 0.00013)
(0.00498 0.00015 -0.00069)
(-0.00102 -0.00003 0.00014)
(0.01282 -0.00079 -0.00388)
(-0.00233 -0.00034 0.00093)
(0.00180 0.00020 -0.00074)
(0.00056 0.00018 -0.00033)
(-0.01912 -0.01131 0.01651)
(-0.00955 -0.01203 0.01141)
(-0.00627 -0.01460 0.01522)
(-0.00326 -0.01639 0.01733)
(-0.00736 -0.03046 0.03179)
(-0.00642 -0.02893 0.03190)
(-0.00642 -0.02178 0.02941)
(-0.00951 -0.00928 0.02123)
(-0.01399 -0.01895 0.03596)
(-0.01956 -0.00623 0.02629)
(-0.01943 -0.00324 0.02092)
(-0.01838 -0.00099 0.01631)
(-0.02654 -0.00420 0.02901)
(-0.03012 -0.00121 0.02666)
(-0.04403 0.00564 0.02544)
(-0.02653 0.00307 0.01547)
(-0.02789 0.00414 0.01142)
(-0.06393 0.01018 0.03028)
(-0.05967 0.00883 0.02746)
(-0.04113 0.00587 0.01244)
(-0.02876 0.00224 0.00636)
(-0.06414 0.00551 0.01379)
(-0.02680 -0.00032 0.00322)
(-0.00834 -0.00089 0.00097)
(-0.04934 0.00001 0.00737)
(-0.00627 -0.00166 0.00055)
(0.00086 0.00051 -0.00007)
(0.00961 -0.00085 -0.00248)
(-0.00368 0.00002 0.00108)
(-0.01127 -0.00061 0.00376)
(-0.02570 -0.00402 0.01207)
(-0.06485 -0.01169 0.03195)
(-0.04296 -0.01244 0.02430)
(-0.03071 -0.02974 0.03528)
(-0.03544 -0.02995 0.04021)
(-0.03055 -0.02896 0.04015)
(-0.01269 -0.03083 0.03932)
(-0.01444 -0.02197 0.04811)
(-0.01021 -0.02143 0.04966)
(-0.01675 -0.01425 0.04593)
(-0.02357 -0.00649 0.04041)
(-0.01867 -0.01403 0.04872)
(-0.02100 -0.01001 0.04948)
(-0.02835 -0.00393 0.04032)
(-0.03894 0.00360 0.03583)
(-0.04882 0.00374 0.04671)
(-0.06399 0.01041 0.03751)
(-0.07325 0.01499 0.03531)
(-0.07590 0.02060 0.03220)
(-0.07631 0.00961 0.03029)
(-0.08205 0.00858 0.02437)
(-0.09019 0.00668 0.01547)
(-0.09287 0.00805 0.02218)
(-0.09446 -0.00039 0.01386)
(-0.06371 -0.00586 0.00619)
(-0.03703 -0.00725 0.00395)
(-0.09295 -0.00867 0.00990)
(-0.06210 -0.01171 0.00279)
(-0.02310 -0.01134 0.00241)
(-0.00132 -0.00089 0.00012)
(-0.01460 -0.00825 0.00199)
(0.00510 0.00390 -0.00108)
(0.00965 0.00787 -0.00196)
(0.00069 -0.00012 -0.00017)
(-0.01869 0.00231 0.00478)
(-0.04736 0.00348 0.01321)
(-0.06515 -0.00068 0.01949)
(-0.11712 0.00202 0.03703)
(-0.10050 -0.00122 0.03064)
(-0.12238 -0.00188 0.04228)
(-0.09528 -0.01193 0.04414)
(-0.07859 -0.01546 0.04027)
(-0.05083 -0.02916 0.04035)
(-0.05604 -0.02342 0.04518)
(-0.04904 -0.02816 0.04549)
(-0.03442 -0.03030 0.04360)
(-0.03152 -0.02772 0.04814)
(-0.03195 -0.02349 0.05517)
(-0.02112 -0.02095 0.06119)
(-0.02097 -0.01862 0.06324)
(-0.01802 -0.01800 0.05939)
(-0.02355 -0.01245 0.05570)
(-0.02937 -0.00699 0.06240)
(-0.03462 -0.00135 0.06001)
(-0.05187 0.00358 0.05716)
(-0.06736 0.01185 0.04567)
(-0.07415 0.01463 0.03765)
(-0.07361 0.01128 0.03060)
(-0.08358 0.01172 0.02533)
(-0.08736 0.00993 0.01926)
(-0.09821 0.00290 0.01269)
(-0.10411 0.00744 0.02045)
(-0.09479 -0.00906 0.01013)
(-0.09767 -0.01639 0.00392)
(-0.10348 -0.01692 0.00815)
(-0.09873 -0.01836 0.00851)
(-0.05651 -0.02176 0.00460)
(-0.01326 -0.00959 0.00230)
(-0.08425 -0.03058 0.00524)
(-0.04727 -0.03086 0.00639)
(-0.00633 -0.00559 0.00110)
(-0.00186 -0.00206 0.00052)
(0.01387 -0.00256 -0.00348)
(-0.02921 0.00474 0.00699)
(-0.07145 0.01069 0.01800)
(-0.11970 0.01155 0.03225)
(-0.15427 0.01791 0.04151)
(-0.13135 0.00366 0.04110)
(-0.11886 -0.00257 0.03984)
(-0.10802 -0.00529 0.04099)
(-0.09588 -0.01036 0.04280)
(-0.05829 -0.02120 0.04512)
(-0.05429 -0.02303 0.04577)
(-0.04913 -0.02502 0.04665)
(-0.05178 -0.02262 0.04648)
(-0.04795 -0.02414 0.04770)
(-0.03641 -0.02812 0.05146)
(-0.02325 -0.02022 0.06330)
(-0.02259 -0.01875 0.06436)
(-0.02229 -0.01690 0.06571)
(-0.02465 -0.01310 0.06362)
(-0.03056 -0.00746 0.07147)
(-0.03185 -0.00458 0.06846)
(-0.04837 0.00159 0.06638)
(-0.04922 0.00756 0.05829)
(-0.05564 0.01006 0.05107)
(-0.06456 0.01279 0.04353)
(-0.08033 0.01119 0.02355)
(-0.08258 0.00989 0.02071)
(-0.08530 0.00851 0.01759)
(-0.08843 0.00697 0.01457)
(-0.09521 -0.00647 0.00639)
(-0.10417 -0.01612 0.00748)
(-0.10216 -0.01968 0.00808)
(-0.10262 -0.01807 0.00728)
(-0.09476 -0.02719 0.00733)
(-0.06863 -0.04319 0.00768)
(-0.08181 -0.03669 0.00289)
(-0.05582 -0.04132 0.01064)
(-0.02078 -0.02665 0.00818)
(-0.00210 -0.00294 0.00098)
(-0.03727 -0.05363 0.01841)
(-0.00789 -0.01337 0.00528)
(-0.00044 -0.00077 0.00031)
(-0.01690 0.00335 0.00460)
(-0.04900 0.00853 0.01307)
(-0.12598 0.01864 0.03424)
(-0.14954 0.02229 0.04325)
(-0.13231 0.01241 0.04322)
(-0.10853 0.00013 0.03830)
(-0.10230 -0.00249 0.03768)
(-0.10139 -0.00122 0.03788)
(-0.09632 -0.00321 0.03729)
(-0.09392 -0.00872 0.04251)
(-0.06116 -0.01986 0.04455)
(-0.05702 -0.01965 0.04456)
(-0.05315 -0.02067 0.04559)
(-0.04964 -0.02174 0.04709)
(-0.04672 -0.02281 0.04864)
(-0.02979 -0.02225 0.05795)
(-0.02419 -0.01785 0.06517)
(-0.02416 -0.00983 0.05505)
(-0.02340 -0.00790 0.06153)
(-0.02410 -0.01495 0.06770)
(-0.02335 -0.01457 0.06835)
(-0.01872 -0.00515 0.06689)
(-0.00894 -0.00044 0.06284)
(-0.01820 -0.00060 0.07586)
(-0.02187 -0.00182 0.06790)
(-0.03266 0.00461 0.06695)
(-0.03270 0.00887 0.05812)
(-0.03465 0.01023 0.05482)
(-0.03597 0.01111 0.05190)
(-0.06635 0.00919 0.03349)
(-0.07429 0.01039 0.02041)
(-0.07694 0.00918 0.01728)
(-0.08046 0.00773 0.01404)
(-0.08674 0.00091 0.00933)
(-0.09475 -0.01034 0.00284)
(-0.07792 -0.01583 -0.00347)
(-0.08135 -0.01930 0.00419)
(-0.06487 -0.03028 -0.00053)
(-0.07770 -0.04180 0.00618)
(-0.06770 -0.05732 0.01032)
(-0.05167 -0.07486 0.02664)
(-0.03080 -0.04888 0.01859)
(-0.03520 -0.05919 0.02406)
(-0.01139 -0.02046 0.00875)
(-0.00517 -0.00974 0.00448)
(0.00886 -0.00190 -0.00278)
(-0.00206 0.00046 0.00054)
(-0.10294 0.01969 0.03538)
(-0.15565 0.02246 0.04944)
(-0.15016 0.01622 0.04964)
(-0.11544 0.00880 0.04446)
(-0.09764 -0.00021 0.03764)
(-0.09506 -0.00193 0.03720)
(-0.08850 -0.00227 0.03599)
(-0.08304 -0.00341 0.03981)
(-0.06151 -0.00742 0.04087)
(-0.05327 -0.01888 0.04407)
(-0.05187 -0.01528 0.04349)
(-0.04887 -0.01896 0.04552)
(-0.04765 -0.02029 0.04767)
(-0.03635 -0.01892 0.05569)
(-0.03803 -0.01912 0.04951)
(-0.02080 -0.00795 0.04274)
(-0.02059 -0.00512 0.04776)
(-0.00941 0.00195 0.04851)
(-0.01026 0.00383 0.05867)
(-0.00409 0.00315 0.06277)
(-0.01620 0.00671 0.07741)
(-0.01052 0.01121 0.05960)
(-0.02652 0.01064 0.05488)
(-0.02675 0.01150 0.05060)
(-0.02865 0.01363 0.03719)
(-0.04271 0.01296 0.01575)
(-0.05828 0.00986 0.01485)
(-0.06842 0.00900 0.01186)
(-0.05828 0.00669 0.00299)
(-0.07114 -0.00566 -0.00331)
(-0.04162 -0.01359 -0.00976)
(-0.06394 -0.01964 -0.00657)
(-0.05296 -0.02737 -0.00963)
(-0.05618 -0.03219 -0.00712)
(-0.05500 -0.03753 -0.00112)
(-0.04138 -0.04330 0.00596)
(-0.04818 -0.07039 0.02480)
(-0.04629 -0.07422 0.02866)
(-0.01676 -0.03082 0.01397)
(-0.04242 -0.07279 0.02961)
(-0.03352 -0.05983 0.02631)
(-0.01011 -0.02307 0.01455)
(-0.00039 -0.00162 0.00146)
(0.02717 -0.00575 -0.00872)
(-0.00091 0.00019 0.00029)
(-0.05147 0.01005 0.01904)
(-0.10349 0.01970 0.03857)
(-0.14945 0.02227 0.05829)
(-0.14133 0.02327 0.06018)
(-0.12367 0.01407 0.05334)
(-0.12680 0.01283 0.04901)
(-0.09787 0.00843 0.04249)
(-0.07677 0.00463 0.03713)
(-0.07531 -0.00418 0.03808)
(-0.05127 -0.00524 0.02372)
(-0.04702 -0.00498 0.02854)
(-0.03917 -0.00439 0.02476)
(-0.03050 -0.00321 0.02064)
(-0.02004 0.00166 0.01425)
(-0.02504 -0.00565 0.03568)
(-0.02660 -0.00013 0.05295)
(-0.01226 0.00328 0.04269)
(-0.00059 0.00290 0.04231)
(0.00835 0.00522 0.04026)
(0.01606 0.00870 0.04014)
(0.01878 0.01093 0.03484)
(0.02805 0.01244 0.02699)
(-0.01766 0.01174 0.05328)
(-0.01719 0.01238 0.04808)
(0.00660 0.01225 0.02926)
(0.02044 0.01717 0.00633)
(0.02501 0.01668 -0.00578)
(0.01631 0.00722 -0.00488)
(0.00890 0.00494 -0.00511)
(-0.02162 -0.00003 -0.01437)
(-0.02883 -0.02127 -0.01158)
(-0.04854 -0.02812 -0.00933)
(-0.00376 -0.02951 -0.00196)
(-0.01402 -0.03996 0.00927)
(-0.01365 -0.04506 0.01129)
(-0.00637 -0.03899 0.00874)
(-0.01670 -0.04941 0.01549)
(-0.02248 -0.05921 0.02351)
(-0.02831 -0.06950 0.04260)
(-0.00595 -0.05448 0.03410)
(-0.01500 -0.04401 0.04166)
(-0.00349 -0.01400 0.01268)
(-0.00230 -0.00737 0.00726)
(0.00105 -0.00022 -0.00040)
(-0.04042 0.00832 0.01403)
(-0.11941 0.02230 0.05132)
(-0.11895 0.02379 0.06065)
(-0.10733 0.01700 0.06366)
(-0.06343 0.00906 0.05492)
(-0.09227 0.01249 0.05123)
(-0.09324 0.01106 0.04852)
(-0.06791 0.00895 0.04972)
(-0.05960 0.00715 0.04294)
(-0.05730 0.00642 0.04171)
(-0.04130 0.00040 0.02506)
(-0.02898 0.00141 0.02162)
(-0.02989 0.00087 0.02058)
(-0.03240 -0.00218 0.01707)
(-0.03003 0.00257 0.01312)
(-0.02474 0.00897 0.00875)
(-0.01473 0.00887 0.00426)
(-0.01911 0.00217 0.00943)
(-0.01801 0.00859 0.00407)
(-0.01716 0.00417 0.01083)
(-0.01195 0.00920 0.02028)
(-0.01297 0.00308 0.02349)
(0.00811 0.00649 0.01201)
(0.02904 0.01266 -0.00754)
(0.03478 0.01313 -0.00907)
(0.04081 0.01445 -0.00583)
(0.04241 0.01654 0.01036)
(0.05007 0.00791 0.01453)
(0.04315 0.01103 0.00154)
(0.04282 0.00996 0.00007)
(0.04642 0.01775 -0.01315)
(0.05305 0.01154 -0.01041)
(0.06106 0.00763 -0.01814)
(0.02954 0.00293 -0.01938)
(0.06604 -0.00177 -0.02435)
(0.02349 -0.00539 -0.01810)
(0.04917 -0.01814 -0.01172)
(0.03664 -0.02054 -0.00550)
(0.05978 -0.02184 -0.00470)
(0.00414 -0.02896 -0.00235)
(0.01520 -0.02838 0.00253)
(0.01187 -0.03775 0.01078)
(0.02933 -0.03149 0.01830)
(0.01775 -0.03691 0.03128)
(0.01187 -0.04594 0.04469)
(0.00040 -0.05884 0.06060)
(-0.00215 -0.02131 0.02614)
(0.00008 0.00262 -0.00339)
(0.01150 -0.03745 0.05235)
(-0.01100 0.00268 0.00504)
(-0.06308 0.01349 0.02751)
(-0.06056 0.01394 0.03429)
(-0.10134 0.02032 0.04984)
(-0.09412 0.01671 0.06415)
(-0.06423 0.00956 0.05695)
(-0.05055 0.00769 0.05461)
(-0.05433 0.00797 0.05318)
(-0.04676 0.00731 0.04997)
(-0.03825 0.00731 0.03381)
(-0.02503 0.00211 0.02082)
(-0.02380 0.00207 0.01770)
(-0.02045 0.00863 0.00649)
(-0.01443 0.01587 -0.01989)
(-0.01063 0.01579 -0.02585)
(-0.01205 0.02265 -0.03460)
(-0.01532 0.02042 -0.02224)
(0.00427 0.02040 -0.03241)
(0.00163 0.02724 -0.06343)
(0.00224 0.01971 -0.01945)
(0.01413 0.01884 -0.01025)
(0.03200 0.01304 -0.01925)
(0.03742 0.01308 -0.02155)
(0.04345 0.01265 -0.02320)
(0.05156 0.01375 -0.02252)
(0.06584 0.01391 -0.00438)
(0.07462 0.02299 -0.04941)
(0.07233 0.01754 -0.01272)
(0.07758 0.01755 -0.01131)
(0.08708 0.01330 -0.03583)
(0.09495 0.00819 -0.03330)
(0.11866 0.00299 -0.03700)
(0.10930 0.00177 -0.03434)
(0.11617 -0.00005 -0.03431)
(0.07485 -0.00596 -0.02276)
(0.08269 -0.00800 -0.01454)
(0.07053 -0.02043 -0.00634)
(0.07758 -0.02175 -0.00492)
(0.06546 -0.02256 -0.00405)
(0.06150 -0.02033 0.00310)
(0.04964 -0.02180 0.01631)
(0.04478 -0.03041 0.03857)
(0.06911 -0.02134 0.05178)
(0.03793 -0.03411 0.05327)
(0.06229 -0.02393 0.05946)
(0.03112 -0.04209 0.06610)
(0.01045 -0.03349 0.05900)
(0.00067 -0.00296 0.00527)
(-0.00033 0.00103 -0.00197)
(0.00289 -0.00067 -0.00171)
(-0.00418 0.00098 0.00261)
(-0.03074 0.00699 0.01950)
(-0.07959 0.01741 0.05516)
(-0.09021 0.01598 0.06404)
(-0.08488 0.01852 0.06409)
(-0.07359 0.01318 0.05990)
(-0.04973 0.00741 0.05669)
(-0.04324 0.00712 0.05121)
(-0.03932 0.00668 0.05282)
(-0.03532 0.00704 0.04790)
(-0.00984 0.00669 0.02447)
(-0.01485 0.01505 0.01284)
(-0.02013 0.00303 0.01678)
(-0.02501 0.01258 -0.00326)
(-0.01589 0.02729 -0.04482)
(0.00120 0.02217 -0.04977)
(-0.00161 0.02526 -0.05221)
(0.00162 0.02946 -0.07525)
(0.00342 0.02725 -0.06425)
(0.00345 0.02939 -0.07723)
(0.00556 0.02731 -0.06630)
(0.03470 0.01289 -0.03299)
(0.03887 0.01268 -0.03572)
(0.04447 0.01171 -0.03712)
(0.05028 0.01533 -0.05074)
(0.07892 0.02039 -0.06625)
(0.08551 0.02078 -0.04432)
(0.11292 0.02722 -0.07076)
(0.11629 0.02642 -0.07016)
(0.11988 0.02557 -0.06951)
(0.13459 -0.00144 -0.04988)
(0.12803 0.00023 -0.03764)
(0.12467 -0.00186 -0.03415)
(0.13442 -0.00917 -0.02786)
(0.08981 -0.02147 -0.00671)
(0.09705 -0.02293 -0.00522)
(0.09782 -0.01776 0.00653)
(0.08554 -0.02096 0.02149)
(0.10954 -0.01966 0.02747)
(0.06991 -0.02372 0.03705)
(0.08526 -0.01844 0.05419)
(0.07744 -0.01944 0.05633)
(0.07133 -0.02060 0.06028)
(0.06587 -0.02184 0.06359)
(0.03665 -0.03919 0.08404)
(0.00514 -0.01466 0.02858)
(0.00231 -0.00561 0.01148)
(-0.00224 0.00587 -0.01175)
(-0.00878 0.00197 0.00523)
(-0.03072 0.00709 0.02056)
(-0.05466 0.01237 0.03836)
(-0.04598 0.01044 0.03291)
(-0.07903 0.01741 0.06288)
(-0.07535 0.01635 0.06451)
(-0.02433 0.00339 0.05699)
(-0.03092 0.00580 0.05743)
(-0.03394 0.00588 0.05499)
(-0.02995 0.00641 0.05054)
(-0.01437 0.01495 0.02121)
(-0.00283 0.02180 -0.00708)
(-0.01127 0.01757 -0.00207)
(-0.00299 0.02556 -0.02068)
(-0.01591 0.02826 -0.03748)
(-0.00633 0.03148 -0.04963)
(-0.00966 0.03964 -0.07544)
(-0.00590 0.03754 -0.08128)
(-0.00155 0.02825 -0.08426)
(0.00129 0.03206 -0.09025)
(0.00596 0.02867 -0.08000)
(0.00399 0.03079 -0.09293)
(0.02150 0.02596 -0.09659)
(0.03590 0.01696 -0.08448)
(0.03909 0.02216 -0.08611)
(0.05147 0.02787 -0.10560)
(0.06353 0.02467 -0.11803)
(0.09401 0.01722 -0.08369)
(0.10738 0.01934 -0.07569)
(0.11710 0.02646 -0.07855)
(0.12167 0.02580 -0.07695)
(0.14721 0.00559 -0.07095)
(0.13678 0.00046 -0.04273)
(0.14142 -0.00077 -0.04326)
(0.13896 -0.00309 -0.03706)
(0.16374 -0.01098 -0.02518)
(0.14598 -0.01666 -0.01887)
(0.15401 -0.01822 -0.01685)
(0.15042 -0.02192 0.01058)
(0.17091 -0.02555 0.00652)
(0.14894 -0.01493 0.01605)
(0.13532 -0.01514 0.02401)
(0.16081 -0.01882 0.02574)
(0.11818 -0.01892 0.04226)
(0.09532 -0.01709 0.05781)
(0.08709 -0.01750 0.05949)
(0.08425 -0.01725 0.06274)
(0.08187 -0.01693 0.06577)
(0.07359 -0.01837 0.06721)
(0.07454 -0.02353 0.09197)
(0.03944 -0.03408 0.09440)
(0.01094 -0.01525 0.03818)
(-0.00102 0.00220 -0.00470)
(0.00038 -0.00009 -0.00025)
(-0.00500 0.00124 0.00366)
(-0.02832 0.00747 0.02330)
(-0.07129 0.01583 0.05560)
(-0.05872 0.01463 0.05717)
(-0.04463 0.00900 0.06055)
(-0.01743 0.00443 0.05506)
(-0.02840 0.00733 0.05689)
(-0.01433 0.00429 0.05509)
(0.00673 0.00785 0.05036)
(0.00489 0.00731 0.04845)
(-0.00188 0.01087 0.04073)
(-0.01566 0.02332 0.00850)
(-0.00761 0.02682 -0.01049)
(-0.00229 0.02448 -0.01614)
(-0.01408 0.03749 -0.05762)
(-0.01703 0.04131 -0.07286)
(-0.01288 0.04151 -0.08936)
(-0.01443 0.04295 -0.09942)
(-0.02114 0.04561 -0.13731)
(-0.02468 0.04843 -0.15662)
(-0.01377 0.04705 -0.16918)
(0.00626 0.03113 -0.12573)
(-0.01364 0.05066 -0.17664)
(0.01522 0.02756 -0.15413)
(0.02595 0.02851 -0.16111)
(0.03968 0.02829 -0.14059)
(0.04631 0.03046 -0.14348)
(0.08491 0.02152 -0.11864)
(0.05340 0.03266 -0.16452)
(0.10502 0.01862 -0.11854)
(0.10876 0.02296 -0.10376)
(0.11588 0.02081 -0.08834)
(0.12608 0.01060 -0.09471)
(0.14562 0.00456 -0.07737)
(0.15543 0.00642 -0.07726)
(0.17799 -0.01249 -0.04029)
(0.17465 -0.01195 -0.03920)
(0.20409 -0.02707 -0.01932)
(0.20690 -0.02806 -0.01744)
(0.18595 -0.03750 0.01581)
(0.16905 -0.02898 0.02137)
(0.16896 -0.03916 0.04234)
(0.15479 -0.02749 0.04833)
(0.14489 -0.01914 0.04868)
(0.12611 -0.02427 0.06997)
(0.11831 -0.02648 0.08990)
(0.08933 -0.01789 0.08531)
(0.07612 -0.01959 0.10769)
(0.05814 -0.02730 0.11304)
(0.08921 -0.02231 0.10490)
(0.06463 -0.01740 0.11474)
(0.02275 -0.01692 0.05878)
(0.00115 -0.00114 0.00342)
(-0.00232 0.00260 -0.00763)
(-0.00141 0.00041 0.00183)
(-0.01233 0.00298 0.01034)
(-0.04142 0.00922 0.05377)
(-0.00824 -0.00144 0.04534)
(-0.01444 0.00259 0.05084)
(-0.00425 -0.00049 0.05515)
(-0.00174 -0.00206 0.05067)
(0.00069 0.00670 0.04716)
(0.00939 0.00859 0.05033)
(-0.02820 0.03592 0.00215)
(-0.02097 0.02681 0.00568)
(-0.01665 0.03096 -0.00971)
(-0.03079 0.04194 -0.03892)
(-0.03868 0.05450 -0.07762)
(-0.06520 0.06847 -0.15066)
(-0.06909 0.07100 -0.16516)
(-0.05741 0.06066 -0.14672)
(-0.03838 0.06185 -0.16464)
(-0.02922 0.05431 -0.16969)
(-0.03734 0.06342 -0.20360)
(-0.03796 0.06432 -0.22102)
(0.00256 0.03672 -0.18206)
(0.01880 0.02605 -0.18046)
(0.01057 0.04367 -0.19230)
(0.00773 0.04984 -0.22094)
(0.01056 0.05119 -0.21939)
(0.07461 0.03449 -0.14708)
(0.09100 0.03048 -0.13513)
(0.09619 0.01455 -0.14456)
(0.10247 0.01250 -0.13989)
(0.14444 0.00826 -0.09246)
(0.14982 0.00368 -0.08381)
(0.16508 -0.00677 -0.04991)
(0.17685 -0.01809 -0.04651)
(0.19537 -0.02254 -0.02167)
(0.18445 -0.02803 -0.01556)
(0.18700 -0.03956 0.01406)
(0.18070 -0.04757 0.03979)
(0.17548 -0.04865 0.04725)
(0.17500 -0.04342 0.05671)
(0.14673 -0.02568 0.05947)
(0.16186 -0.04024 0.06791)
(0.14741 -0.02589 0.08022)
(0.13210 -0.02740 0.09035)
(0.12271 -0.03394 0.10227)
(0.09270 -0.02407 0.10577)
(0.07419 -0.02547 0.11607)
(0.06573 -0.01447 0.11409)
(0.06323 -0.02728 0.12325)
(0.03132 -0.02005 0.08184)
(0.00488 -0.00511 0.01553)
(0.00264 -0.00272 0.00860)
(0.00217 -0.00071 -0.00307)
(-0.00827 0.00238 0.01232)
(-0.00079 0.00026 0.00119)
(-0.00844 0.00271 0.01517)
(-0.00839 0.00130 0.03952)
(-0.00331 -0.00062 0.04872)
(0.00679 -0.00199 0.04097)
(0.00163 -0.00158 0.04476)
(-0.00215 0.00610 0.03767)
(-0.00430 0.00633 0.04387)
(-0.01370 0.02055 0.02561)
(-0.00573 0.01744 0.03002)
(-0.02556 0.02937 0.01242)
(-0.05928 0.06266 -0.04814)
(-0.06485 0.06733 -0.06193)
(-0.05286 0.06026 -0.07133)
(-0.06444 0.06902 -0.13264)
(-0.07872 0.07669 -0.17045)
(-0.07554 0.07457 -0.17994)
(-0.06135 0.06931 -0.19840)
(-0.06790 0.07856 -0.23560)
(-0.06919 0.08147 -0.25383)
(-0.08510 0.10234 -0.28370)
(-0.03325 0.06130 -0.22130)
(-0.02937 0.06322 -0.23361)
(-0.00524 0.05396 -0.22856)
(-0.00427 0.05676 -0.23236)
(-0.00305 0.05842 -0.23169)
(0.01202 0.05242 -0.21812)
(0.06166 0.03308 -0.17254)
(0.08406 0.01922 -0.15439)
(0.08883 0.01662 -0.15033)
(0.11061 0.01406 -0.12468)
(0.11630 0.00456 -0.10669)
(0.15226 -0.00790 -0.06963)
(0.14227 -0.01768 -0.05613)
(0.14832 -0.02215 -0.04673)
(0.16813 -0.02874 -0.02508)
(0.17068 -0.04090 0.01879)
(0.17626 -0.05057 0.04133)
(0.17123 -0.05249 0.04790)
(0.17138 -0.04983 0.05400)
(0.16735 -0.04958 0.06545)
(0.14331 -0.03942 0.09206)
(0.12960 -0.03436 0.10659)
(0.11775 -0.03118 0.11060)
(0.10569 -0.02426 0.11215)
(0.09353 -0.03006 0.12581)
(0.07856 -0.03345 0.12538)
(0.07182 -0.03954 0.13436)
(0.03520 -0.03171 0.10612)
(0.00624 -0.00660 0.02056)
(0.00172 -0.00065 -0.00296)
(-0.00272 0.00105 0.00537)
(-0.01266 0.00441 0.03208)
(-0.00859 0.00376 0.02511)
(-0.00921 0.00443 0.03302)
(0.00849 0.00083 0.03268)
(0.00471 0.00354 0.03612)
(-0.00983 0.01619 0.02451)
(-0.01341 0.02786 0.01081)
(-0.02153 0.03339 0.00666)
(-0.02412 0.03343 0.00461)
(-0.06558 0.06592 -0.05005)
(-0.07434 0.07240 -0.06409)
(-0.08357 0.07900 -0.07956)
(-0.07644 0.07512 -0.07729)
(-0.08750 0.08250 -0.12097)
(-0.09720 0.08827 -0.17141)
(-0.09364 0.08474 -0.18809)
(-0.13183 0.11844 -0.24017)
(-0.08221 0.07760 -0.19434)
(-0.09277 0.09684 -0.25405)
(-0.09332 0.09723 -0.25943)
(-0.09834 0.11049 -0.29385)
(-0.08273 0.10166 -0.28401)
(-0.08286 0.10297 -0.28574)
(-0.01642 0.06384 -0.24445)
(-0.01681 0.06587 -0.24434)
(-0.00111 0.05873 -0.23015)
(-0.00026 0.05890 -0.22941)
(0.01307 0.05874 -0.21104)
(0.03277 0.04733 -0.19155)
(0.08462 0.01913 -0.13441)
(0.05867 0.02891 -0.14846)
(0.10562 0.00730 -0.10919)
(0.13011 -0.01717 -0.06115)
(0.12968 -0.02158 -0.05367)
(0.14080 -0.02643 -0.04182)
(0.13382 -0.04124 -0.01509)
(0.16977 -0.05502 0.04164)
(0.16475 -0.05769 0.04700)
(0.16667 -0.05500 0.05459)
(0.15007 -0.06507 0.07651)
(0.13664 -0.05099 0.09759)
(0.13585 -0.04709 0.09914)
(0.11909 -0.05372 0.12642)
(0.10443 -0.04271 0.12981)
(0.10106 -0.03985 0.12998)
(0.10053 -0.04501 0.13234)
(0.09781 -0.04233 0.13255)
(0.09419 -0.04033 0.13316)
(0.07249 -0.04356 0.13747)
(0.04726 -0.04354 0.14197)
(0.04217 -0.04243 0.13113)
(0.00985 -0.01083 0.03290)
(-0.00288 0.00330 -0.00993)
(0.00045 -0.00022 -0.00116)
(-0.00292 0.00152 0.00925)
(0.01701 -0.00283 0.02499)
(0.00608 0.00139 0.03221)
(0.02036 -0.00036 0.03053)
(0.01205 0.00107 0.02834)
(0.00837 0.01193 0.02180)
(-0.01226 0.02740 0.00908)
(-0.02252 0.03413 0.00392)
(-0.05012 0.05098 -0.01510)
(-0.06245 0.05889 -0.03406)
(-0.08081 0.07632 -0.06503)
(-0.09002 0.08306 -0.08015)
(-0.13285 0.11122 -0.13319)
(-0.09516 0.08703 -0.09803)
(-0.14576 0.12578 -0.18288)
(-0.15482 0.12926 -0.21669)
(-0.17052 0.14362 -0.26057)
(-0.14619 0.13793 -0.28420)
(-0.12566 0.11771 -0.29005)
(-0.12453 0.12032 -0.30313)
(-0.09591 0.11082 -0.29419)
(-0.10934 0.12022 -0.30268)
(-0.09492 0.11152 -0.29548)
(-0.07980 0.09802 -0.29161)
(-0.07844 0.10604 -0.29485)
(-0.01462 0.06541 -0.24243)
(-0.02402 0.07357 -0.24772)
(-0.02381 0.07154 -0.24455)
(-0.01641 0.06958 -0.23712)
(0.03140 0.04615 -0.17704)
(0.03232 0.04498 -0.16696)
(0.06198 0.02191 -0.13678)
(0.09764 -0.00977 -0.09345)
(0.11660 -0.02004 -0.06040)
(0.12932 -0.02739 -0.04557)
(0.11673 -0.05166 -0.01845)
(0.14423 -0.05776 0.02409)
(0.13715 -0.07238 0.03643)
(0.13911 -0.07065 0.06796)
(0.12892 -0.08065 0.08697)
(0.13418 -0.06536 0.10480)
(0.12333 -0.06053 0.11298)
(0.11888 -0.07892 0.11902)
(0.10913 -0.06076 0.12098)
(0.10164 -0.04916 0.13299)
(0.09620 -0.04574 0.13485)
(0.07982 -0.05640 0.14084)
(0.06662 -0.05399 0.14337)
(0.04805 -0.04643 0.14430)
(0.05028 -0.04717 0.14593)
(0.01354 -0.01546 0.04555)
(-0.00058 0.00069 -0.00202)
(0.00050 -0.00007 0.00057)
(0.01202 -0.00189 0.01579)
(0.01181 -0.00166 0.01215)
(0.02114 0.00079 0.03241)
(0.02218 0.00122 0.03384)
(0.02817 -0.00331 0.02946)
(0.02592 0.00148 0.02824)
(-0.00574 0.02405 0.01297)
(-0.00490 0.02206 0.01638)
(-0.02107 0.03361 0.00237)
(-0.07063 0.06737 -0.02636)
(-0.09602 0.08237 -0.05714)
(-0.11797 0.10286 -0.09179)
(-0.16347 0.13589 -0.14531)
(-0.17585 0.14216 -0.19996)
(-0.21118 0.16287 -0.24893)
(-0.20500 0.16695 -0.25603)
(-0.17331 0.15100 -0.29529)
(-0.21118 0.17880 -0.30529)
(-0.17580 0.15628 -0.32185)
(-0.18577 0.16974 -0.33626)
(-0.17541 0.16599 -0.34740)
(-0.10751 0.12092 -0.30335)
(-0.11774 0.12432 -0.32327)
(-0.13832 0.14588 -0.34409)
(-0.07416 0.10338 -0.29595)
(-0.08219 0.10941 -0.30166)
(-0.05676 0.09226 -0.27198)
(-0.05151 0.08403 -0.26969)
(-0.00740 0.06258 -0.21327)
(-0.00623 0.05415 -0.20335)
(0.04245 0.02391 -0.14467)
(0.03567 0.01207 -0.13177)
(0.02872 0.00380 -0.11711)
(0.07750 -0.03368 -0.06065)
(0.08036 -0.04757 -0.04147)
(0.10238 -0.07947 0.00780)
(0.10143 -0.08014 0.01134)
(0.12269 -0.08424 0.06106)
(0.11065 -0.08697 0.07254)
(0.12323 -0.07586 0.10150)
(0.10458 -0.08794 0.11536)
(0.10551 -0.06838 0.13268)
(0.09397 -0.07572 0.14097)
(0.09561 -0.04999 0.13661)
(0.07698 -0.08694 0.15705)
(0.07002 -0.06850 0.15459)
(0.06581 -0.06523 0.15245)
(0.06189 -0.06956 0.16019)
(0.05266 -0.06360 0.15913)
(0.01867 -0.02660 0.06778)
(0.00116 -0.00175 0.00483)
(0.00235 -0.00031 0.00255)
(0.01617 -0.00012 0.02204)
(0.02379 0.00287 0.03249)
(0.02417 0.00889 0.03099)
(0.02204 0.00798 0.03088)
(-0.00314 0.02140 0.01496)
(-0.05735 0.05785 -0.01365)
(-0.03229 0.03817 0.00114)
(-0.07441 0.06878 -0.02389)
(-0.09437 0.08465 -0.04304)
(-0.14070 0.11647 -0.09561)
(-0.17309 0.14082 -0.13705)
(-0.18484 0.15415 -0.17959)
(-0.20509 0.16546 -0.18018)
(-0.20814 0.16486 -0.23390)
(-0.22336 0.18711 -0.26302)
(-0.27039 0.22979 -0.33786)
(-0.23292 0.19686 -0.33724)
(-0.23614 0.20570 -0.35710)
(-0.22008 0.19590 -0.35725)
(-0.18947 0.17836 -0.36890)
(-0.17157 0.17003 -0.36463)
(-0.16186 0.16320 -0.36068)
(-0.12350 0.13514 -0.33634)
(-0.10633 0.12203 -0.32436)
(-0.11955 0.13107 -0.32552)
(-0.11169 0.12070 -0.31686)
(-0.05827 0.08312 -0.25511)
(-0.06194 0.07011 -0.23697)
(-0.00878 0.04640 -0.18353)
(0.00089 0.02372 -0.15299)
(0.00742 -0.00303 -0.12055)
(0.04494 -0.02726 -0.08128)
(0.04553 -0.04634 -0.06158)
(0.09779 -0.07922 0.00476)
(0.08838 -0.08770 0.01721)
(0.10683 -0.09358 0.05069)
(0.08099 -0.11598 0.06963)
(0.09978 -0.10449 0.08785)
(0.09255 -0.10646 0.11382)
(0.10182 -0.08974 0.11818)
(0.10390 -0.08717 0.13637)
(0.08817 -0.11193 0.14809)
(0.08244 -0.10659 0.15429)
(0.07748 -0.09060 0.15749)
(0.07034 -0.07594 0.16106)
(0.06052 -0.07454 0.16723)
(0.05577 -0.07120 0.16519)
(0.03412 -0.04812 0.11866)
(0.01548 -0.02323 0.05822)
(0.00221 -0.00344 0.00869)
(-0.00152 0.00024 -0.00216)
(0.00536 -0.00044 0.00826)
(0.02154 -0.00177 0.02846)
(0.03263 -0.00045 0.04064)
(0.02440 0.00683 0.03599)
(0.01690 0.01119 0.03300)
(-0.00399 0.02384 0.01994)
(0.01044 0.01508 0.03047)
(-0.04461 0.05092 -0.00863)
(-0.07158 0.06749 -0.02169)
(-0.08554 0.07730 -0.03142)
(-0.14457 0.12642 -0.08291)
(-0.14605 0.12150 -0.09107)
(-0.18000 0.14950 -0.13424)
(-0.23032 0.20005 -0.19818)
(-0.24179 0.20131 -0.22796)
(-0.25634 0.22379 -0.23347)
(-0.25337 0.21335 -0.26027)
(-0.28024 0.24027 -0.34021)
(-0.27249 0.23438 -0.34731)
(-0.27372 0.23792 -0.35523)
(-0.25975 0.23393 -0.36467)
(-0.21173 0.19150 -0.38171)
(-0.21469 0.19854 -0.39314)
(-0.21477 0.20617 -0.40718)
(-0.19177 0.18470 -0.39249)
(-0.15958 0.15766 -0.37043)
(-0.14905 0.14873 -0.36477)
(-0.15997 0.15641 -0.36512)
(-0.15704 0.15359 -0.36008)
(-0.09316 0.10432 -0.28431)
(-0.07441 0.07806 -0.24687)
(-0.05999 0.06549 -0.22830)
(-0.05006 0.05269 -0.20540)
(-0.03638 0.01898 -0.15178)
(0.00884 -0.01736 -0.10168)
(0.00184 -0.04336 -0.06815)
(0.04260 -0.06449 -0.03987)
(0.04203 -0.07763 -0.01138)
(0.07727 -0.11534 0.05779)
(0.07592 -0.11858 0.06624)
(0.08049 -0.11889 0.07698)
(0.08026 -0.12236 0.08330)
(0.08714 -0.11151 0.13602)
(0.08660 -0.11769 0.14903)
(0.08063 -0.10913 0.15632)
(0.07989 -0.10925 0.15956)
(0.07697 -0.10078 0.16436)
(0.06704 -0.09176 0.16644)
(0.06048 -0.09602 0.17685)
(0.06087 -0.09367 0.17421)
(0.05167 -0.08105 0.17513)
(0.02930 -0.05518 0.11921)
(0.00293 -0.00579 0.01272)
(0.00287 -0.00584 0.01274)
(0.00526 -0.00139 0.00690)
(0.02975 -0.00536 0.03939)
(0.02312 0.00739 0.04003)
(0.02017 0.00898 0.03733)
(0.01493 0.01219 0.03430)
(0.00732 0.01704 0.03155)
(-0.04112 0.04928 -0.00434)
(-0.07445 0.07369 -0.02848)
(-0.08614 0.07816 -0.03067)
(-0.13969 0.12506 -0.08409)
(-0.18523 0.15707 -0.13577)
(-0.24743 0.21729 -0.21380)
(-0.25659 0.22625 -0.22829)
(-0.26535 0.23270 -0.24635)
(-0.28029 0.24671 -0.28385)
(-0.28276 0.24523 -0.34801)
(-0.29336 0.25734 -0.34840)
(-0.28422 0.24865 -0.35623)
(-0.29992 0.26838 -0.38885)
(-0.28653 0.26301 -0.41109)
(-0.27336 0.25074 -0.40388)
(-0.26316 0.23890 -0.42041)
(-0.26311 0.24663 -0.43700)
(-0.25893 0.24228 -0.44009)
(-0.19835 0.19050 -0.39949)
(-0.17243 0.16567 -0.37823)
(-0.16998 0.16302 -0.37293)
(-0.15719 0.15264 -0.35623)
(-0.13262 0.12219 -0.30824)
(-0.07338 0.07378 -0.24003)
(-0.07460 0.06345 -0.22167)
(-0.06055 0.03308 -0.17398)
(-0.03004 0.00419 -0.13572)
(-0.00956 -0.03868 -0.07623)
(0.00553 -0.05192 -0.05828)
(0.00728 -0.05903 -0.05031)
(0.07115 -0.11820 0.05566)
(0.07009 -0.12150 0.06281)
(0.07572 -0.12234 0.07399)
(0.07609 -0.12751 0.08193)
(0.07816 -0.12491 0.12338)
(0.08214 -0.13306 0.14961)
(0.07264 -0.12598 0.16726)
(0.07074 -0.11951 0.17301)
(0.07085 -0.10529 0.17718)
(0.06012 -0.10573 0.18190)
(0.05885 -0.10253 0.18098)
(0.04597 -0.08688 0.18228)
(0.03324 -0.06503 0.13920)
(0.01782 -0.03559 0.07692)
(0.03326 -0.06749 0.14346)
(0.00455 -0.00959 0.02079)
(0.00130 -0.00036 0.00182)
(0.01010 -0.00273 0.01401)
(0.00647 -0.00189 0.00933)
(0.02459 -0.00675 0.03436)
(0.02654 0.00131 0.05236)
(0.02140 0.00496 0.04697)
(0.01882 0.00859 0.04073)
(0.00962 0.01355 0.03873)
(0.01345 0.01266 0.03603)
(-0.02757 0.04181 0.01399)
(-0.03460 0.04561 0.00040)
(-0.06171 0.06647 -0.01402)
(-0.10730 0.10507 -0.05908)
(-0.14628 0.13331 -0.09268)
(-0.17545 0.15881 -0.12627)
(-0.22896 0.20188 -0.18319)
(-0.25726 0.22962 -0.22601)
(-0.26646 0.23634 -0.24262)
(-0.28850 0.25950 -0.27125)
(-0.32610 0.30563 -0.34379)
(-0.29479 0.26060 -0.35578)
(-0.33098 0.30465 -0.39813)
(-0.32743 0.30830 -0.42945)
(-0.29394 0.27144 -0.43381)
(-0.28100 0.26134 -0.44749)
(-0.27027 0.25209 -0.44722)
(-0.24024 0.22518 -0.43361)
(-0.21428 0.19995 -0.41421)
(-0.18313 0.17301 -0.38716)
(-0.16876 0.16024 -0.36659)
(-0.17080 0.14826 -0.33815)
(-0.11217 0.09892 -0.26620)
(-0.11449 0.08699 -0.24140)
(-0.10384 0.06659 -0.21072)
(-0.05234 0.01108 -0.14636)
(-0.02897 -0.02950 -0.09465)
(-0.00486 -0.04830 -0.06429)
(-0.00127 -0.05828 -0.05295)
(0.03210 -0.09903 0.01219)
(0.05683 -0.12689 0.05161)
(0.07044 -0.12603 0.07107)
(0.06739 -0.13981 0.09241)
(0.07289 -0.14175 0.12135)
(0.06565 -0.15159 0.13914)
(0.07521 -0.13977 0.15983)
(0.07268 -0.13097 0.16858)
(0.07195 -0.12616 0.17295)
(0.06226 -0.11993 0.18215)
(0.05092 -0.10330 0.18948)
(0.04614 -0.09022 0.18639)
(0.04517 -0.09069 0.18762)
(0.04328 -0.08929 0.18691)
(0.02854 -0.06006 0.12729)
(0.00438 -0.01044 0.02264)
(-0.00346 0.00839 -0.01833)
(0.00047 -0.00020 0.00104)
(0.00576 -0.00243 0.01274)
(0.03608 -0.01153 0.05735)
(0.01919 -0.00722 0.03824)
(0.02933 -0.01055 0.07166)
(0.02314 -0.00086 0.05796)
(0.02126 0.00063 0.05452)
(0.00578 0.01025 0.04557)
(-0.00769 0.02305 0.03030)
(-0.04589 0.05273 0.00400)
(-0.06091 0.06474 0.00287)
(-0.07986 0.08401 -0.02560)
(-0.12827 0.12307 -0.07222)
(-0.17389 0.16872 -0.12537)
(-0.20990 0.19633 -0.16535)
(-0.22936 0.21654 -0.19160)
(-0.27891 0.26949 -0.25600)
(-0.26701 0.24024 -0.24019)
(-0.29703 0.27789 -0.28141)
(-0.33843 0.32728 -0.33195)
(-0.33160 0.31633 -0.35856)
(-0.34212 0.32523 -0.40249)
(-0.34287 0.33067 -0.42230)
(-0.32359 0.30121 -0.44714)
(-0.32343 0.30749 -0.46251)
(-0.32038 0.29994 -0.48473)
(-0.27651 0.25311 -0.46838)
(-0.25861 0.23528 -0.45310)
(-0.25528 0.23235 -0.45575)
(-0.21611 0.19214 -0.40381)
(-0.19072 0.16254 -0.35773)
(-0.16627 0.13793 -0.31968)
(-0.14414 0.10586 -0.27339)
(-0.13737 0.09146 -0.24910)
(-0.09247 0.03922 -0.18348)
(-0.08850 0.02123 -0.15675)
(-0.01500 -0.04353 -0.06950)
(-0.01622 -0.06735 -0.04605)
(0.00399 -0.09766 -0.01257)
(0.00865 -0.12137 0.01858)
(0.03227 -0.14072 0.06372)
(0.03967 -0.14649 0.07830)
(0.05559 -0.16230 0.12201)
(0.06386 -0.15914 0.14295)
(0.06804 -0.14822 0.15934)
(0.05871 -0.14303 0.17569)
(0.06526 -0.12931 0.18160)
(0.04783 -0.12255 0.19792)
(0.05061 -0.11719 0.19333)
(0.04481 -0.11550 0.20650)
(0.04147 -0.10530 0.20808)
(0.03519 -0.09017 0.18247)
(0.02074 -0.05604 0.11302)
(0.00570 -0.01610 0.03316)
(-0.00220 0.00658 -0.01409)
(0.00248 -0.00106 0.00884)
(0.01348 -0.00575 0.04936)
(0.02772 -0.01173 0.06508)
(0.02056 -0.00669 0.05957)
(0.02122 -0.00318 0.05451)
(0.01258 0.00379 0.05243)
(-0.00328 0.01944 0.03624)
(-0.00544 0.02047 0.03237)
(-0.02235 0.03400 0.01920)
(-0.04393 0.05063 0.00180)
(-0.04901 0.05727 -0.00199)
(-0.07789 0.08426 -0.03137)
(-0.10971 0.11244 -0.06229)
(-0.11935 0.12686 -0.07644)
(-0.13691 0.14235 -0.09309)
(-0.20623 0.19660 -0.16470)
(-0.15771 0.16488 -0.12300)
(-0.23042 0.22331 -0.19699)
(-0.26186 0.26277 -0.23523)
(-0.30521 0.29870 -0.29128)
(-0.32781 0.32365 -0.33159)
(-0.35081 0.34273 -0.34919)
(-0.35716 0.35304 -0.40409)
(-0.36687 0.37267 -0.44204)
(-0.34295 0.33158 -0.45335)
(-0.33733 0.32509 -0.46325)
(-0.33523 0.31494 -0.49976)
(-0.31361 0.29304 -0.49038)
(-0.29412 0.26944 -0.47739)
(-0.27732 0.24794 -0.47208)
(-0.23837 0.21116 -0.42463)
(-0.22363 0.19596 -0.39341)
(-0.18462 0.15197 -0.33909)
(-0.17927 0.13632 -0.30596)
(-0.17138 0.11237 -0.26891)
(-0.11895 0.06194 -0.20002)
(-0.10408 0.02863 -0.16251)
(-0.07402 -0.02181 -0.10922)
(-0.05677 -0.05552 -0.07638)
(-0.02324 -0.08929 -0.03008)
(-0.00183 -0.11973 0.00815)
(-0.00195 -0.14308 0.04206)
(0.02410 -0.15297 0.08084)
(0.01270 -0.16050 0.08935)
(0.04031 -0.15703 0.13052)
(0.05408 -0.15508 0.15925)
(0.03395 -0.15913 0.17608)
(0.03537 -0.15602 0.18193)
(0.04067 -0.14618 0.18702)
(0.03386 -0.15264 0.18760)
(0.04306 -0.13366 0.19698)
(0.03829 -0.11604 0.20850)
(0.03630 -0.11357 0.20736)
(0.02837 -0.10182 0.19768)
(0.00899 -0.03265 0.06544)
(0.00123 -0.00535 0.01107)
(-0.00047 0.00206 -0.00428)
(0.00046 -0.00022 0.00168)
(0.00711 -0.00348 0.02659)
(0.01775 -0.00874 0.06962)
(0.02387 -0.01058 0.06825)
(0.01859 -0.00372 0.05887)
(0.01352 0.00029 0.05903)
(0.01218 0.00432 0.05279)
(-0.00676 0.02154 0.02692)
(-0.01364 0.02858 0.02085)
(-0.01616 0.03230 0.01586)
(-0.06742 0.07757 -0.03101)
(-0.11319 0.12311 -0.07401)
(-0.12881 0.13716 -0.08892)
(-0.13923 0.14868 -0.10150)
(-0.19878 0.21016 -0.17260)
(-0.23126 0.24864 -0.21170)
(-0.29169 0.29463 -0.27608)
(-0.31273 0.32725 -0.31618)
(-0.33627 0.34028 -0.34822)
(-0.32083 0.34252 -0.33920)
(-0.35508 0.36483 -0.40347)
(-0.36825 0.37880 -0.44169)
(-0.36730 0.37238 -0.45267)
(-0.36061 0.36263 -0.46340)
(-0.34796 0.33372 -0.49215)
(-0.33143 0.31047 -0.50074)
(-0.31763 0.29448 -0.49838)
(-0.30039 0.27986 -0.48781)
(-0.26034 0.23301 -0.44391)
(-0.25588 0.22824 -0.42129)
(-0.22556 0.18886 -0.37615)
(-0.19151 0.14394 -0.31464)
(-0.17848 0.12075 -0.27619)
(-0.16620 0.10268 -0.25390)
(-0.13932 0.06521 -0.20276)
(-0.08672 -0.01788 -0.11671)
(-0.07553 -0.03680 -0.09568)
(-0.07338 -0.05784 -0.06169)
(-0.03438 -0.10623 -0.00442)
(-0.01595 -0.14307 0.05246)
(-0.00748 -0.14853 0.06586)
(-0.00686 -0.15080 0.07439)
(0.00991 -0.15118 0.10565)
(0.02481 -0.15629 0.16084)
(0.03026 -0.15423 0.18348)
(0.03670 -0.14595 0.19658)
(0.03585 -0.13481 0.20053)
(0.02308 -0.12725 0.19762)
(0.03013 -0.12314 0.20501)
(0.02719 -0.11679 0.20944)
(0.02407 -0.10353 0.18238)
(0.00758 -0.03483 0.06889)
(0.00060 -0.00254 0.00489)
(0.00039 -0.00015 0.00082)
(0.01167 -0.00457 0.02486)
(0.02595 -0.00689 0.05236)
(0.03341 -0.00869 0.05552)
(0.02772 -0.00726 0.05902)
(0.01154 -0.00087 0.05306)
(0.00747 0.00588 0.04484)
(0.00949 0.00165 0.05118)
(-0.00491 0.02032 0.02730)
(-0.01010 0.02613 0.02159)
(-0.00710 0.02448 0.02195)
(-0.01255 0.03020 0.01628)
(-0.01743 0.03519 0.01076)
(-0.08282 0.10351 -0.05711)
(-0.12068 0.13166 -0.08443)
(-0.13064 0.14263 -0.09642)
(-0.19051 0.20884 -0.17063)
(-0.20982 0.23165 -0.19573)
(-0.27140 0.29391 -0.26299)
(-0.29309 0.32543 -0.30102)
(-0.30177 0.33599 -0.31465)
(-0.34484 0.36107 -0.39737)
(-0.36780 0.38389 -0.44135)
(-0.36881 0.37894 -0.45160)
(-0.36992 0.37940 -0.46051)
(-0.35992 0.36278 -0.48976)
(-0.33924 0.32065 -0.50317)
(-0.33166 0.31990 -0.50128)
(-0.29755 0.27382 -0.47348)
(-0.25096 0.22298 -0.41019)
(-0.23338 0.19610 -0.37536)
(-0.17359 0.11145 -0.26258)
(-0.12613 0.03228 -0.15927)
(-0.10760 -0.01035 -0.11543)
(-0.07261 -0.07633 -0.03563)
(-0.01570 -0.14521 0.06079)
(-0.00755 -0.15213 0.08145)
(0.02555 -0.15537 0.17900)
(0.02045 -0.13759 0.19487)
(0.00721 -0.04144 0.07316)
(0.00181 -0.00067 0.00396)
(0.01756 -0.00559 0.03229)
(0.03544 -0.01042 0.04800)
(0.02774 -0.00756 0.04490)
(0.03546 -0.00897 0.04681)
(0.03415 -0.00966 0.04813)
(0.01592 0.00531 0.04326)
(-0.00271 0.01940 0.02736)
(-0.00377 0.02328 0.02170)
(-0.00929 0.02879 0.01616)
(-0.01659 0.03826 0.00442)
(-0.04901 0.08043 -0.03560)
(-0.06112 0.09559 -0.05701)
(-0.10121 0.12511 -0.07780)
(-0.14661 0.17967 -0.14065)
(-0.16948 0.19277 -0.15382)
(-0.19002 0.22140 -0.18513)
(-0.25613 0.28828 -0.25420)
(-0.22159 0.26213 -0.22826)
(-0.28443 0.31976 -0.29396)
(-0.29385 0.33149 -0.30881)
(-0.31894 0.35218 -0.35430)
(-0.35276 0.38399 -0.41834)
(-0.36720 0.38675 -0.44825)
(-0.36973 0.38457 -0.45874)
(-0.35382 0.35615 -0.50148)
(-0.00321 0.00029 -0.00486)
(0.00953 -0.00126 0.01327)
(0.03497 -0.00415 0.04468)
(0.03392 -0.00568 0.05229)
(0.03267 -0.00696 0.04765)
(0.02743 -0.00299 0.04768)
(0.01848 0.00530 0.04265)
(0.01846 0.00860 0.03645)
(0.02010 0.00773 0.03766)
(0.00956 0.01762 0.02122)
(-0.00072 0.02907 0.00758)
(-0.00896 0.04229 -0.00452)
(-0.03744 0.07451 -0.03788)
(-0.03489 0.07300 -0.03939)
(-0.09271 0.12869 -0.08635)
(-0.12341 0.16237 -0.12512)
(-0.17635 0.21495 -0.17731)
(-0.20358 0.24977 -0.21062)
(-0.26851 0.30904 -0.27938)
(-0.31146 0.35778 -0.34396)
(-0.33166 0.38176 -0.38595)
(-0.00340 -0.00012 -0.00434)
(0.00241 0.00009 0.00307)
(0.01615 0.00193 0.02051)
(0.03064 0.00177 0.04846)
(0.03052 0.00189 0.04814)
(0.03300 0.00389 0.04413)
(0.02621 0.00619 0.03279)
(0.01708 0.02114 0.01914)
(0.01001 0.02841 0.00874)
(-0.00808 0.04870 -0.00734)
(-0.03178 0.07078 -0.03364)
(-0.04365 0.08459 -0.04394)
(-0.07435 0.11604 -0.07370)
(-0.11422 0.16360 -0.11824)
(-0.14753 0.19150 -0.14740)
(-0.16053 0.21032 -0.16296)
(-0.22447 0.27421 -0.23418)
(0.00085 0.00016 0.00085)
(0.01997 0.00348 0.02025)
(0.02592 0.00250 0.03606)
(0.03307 0.00326 0.04592)
(0.03247 0.00316 0.04549)
(0.03386 0.00408 0.04344)
(0.03320 0.01206 0.03223)
(0.02940 0.01845 0.02258)
(0.02077 0.02298 0.01594)
(0.02301 0.02866 0.00930)
(0.00781 0.04497 -0.00908)
(-0.00266 0.05627 -0.01754)
(-0.01360 0.06387 -0.02037)
(-0.00768 0.06796 -0.03160)
(-0.03180 0.08513 -0.04715)
(-0.07920 0.12745 -0.08551)
(0.00251 0.00058 0.00188)
(0.02995 0.00575 0.02985)
(0.03494 0.00445 0.04380)
(0.04315 0.01535 0.02737)
(0.03567 0.01102 0.03369)
(0.03341 0.01661 0.02583)
(0.03411 0.02167 0.01944)
(0.02436 0.02867 0.00928)
(0.00905 0.05212 -0.02065)
(-0.00204 0.06339 -0.02799)
(-0.00055 -0.00020 -0.00029)
(0.01534 0.00531 0.00690)
(0.03653 0.01422 0.01564)
(-0.32769 0.31556 -0.50531)
(-0.26309 0.23675 -0.42938)
(-0.18543 0.13000 -0.28460)
(-0.16722 0.09339 -0.23261)
(-0.09224 -0.04352 -0.07261)
(-0.03601 -0.12358 0.02914)
(-0.01514 -0.14738 0.06982)
(0.00455 -0.15313 0.12765)
(0.01460 -0.15194 0.17433)
(0.01577 -0.13172 0.19431)
(0.02054 -0.12521 0.19700)
(0.01997 -0.10531 0.18051)
(0.01893 -0.10284 0.17758)
(0.01788 -0.10000 0.17429)
(0.00160 -0.00928 0.01647)
(-0.36927 0.38252 -0.48503)
(-0.34619 0.34505 -0.50995)
(-0.33151 0.32726 -0.50643)
(-0.31771 0.30180 -0.49168)
(-0.27576 0.25202 -0.45127)
(-0.25673 0.23072 -0.41753)
(-0.24208 0.20934 -0.37912)
(-0.22022 0.19016 -0.34146)
(-0.18077 0.12120 -0.27213)
(-0.18673 0.12253 -0.25405)
(-0.13457 0.04019 -0.16754)
(-0.11769 -0.00418 -0.11734)
(-0.09975 -0.03510 -0.08067)
(-0.08839 -0.05394 -0.06355)
(-0.07234 -0.09176 -0.01283)
(-0.02442 -0.14105 0.05489)
(-0.02340 -0.14342 0.06474)
(-0.01725 -0.15067 0.08550)
(-0.01897 -0.15490 0.12412)
(0.00726 -0.15751 0.16396)
(-0.00011 -0.15080 0.16949)
(0.00577 -0.14093 0.18125)
(0.00830 -0.13481 0.18097)
(0.01287 -0.11591 0.18330)
(0.01637 -0.10432 0.17564)
(0.01540 -0.09997 0.17027)
(0.00583 -0.03776 0.06501)
(0.00058 -0.00374 0.00646)
(-0.34360 0.39895 -0.41934)
(-0.36472 0.39936 -0.46351)
(-0.36715 0.39841 -0.47187)
(-0.37325 0.38771 -0.50406)
(-0.35874 0.37136 -0.50535)
(-0.34458 0.34612 -0.50381)
(-0.32185 0.31329 -0.49776)
(-0.30165 0.29272 -0.47603)
(-0.26171 0.23914 -0.42560)
(-0.28144 0.26877 -0.45272)
(-0.25043 0.22830 -0.39917)
(-0.23063 0.20877 -0.35113)
(-0.20248 0.15563 -0.29153)
(-0.19268 0.13278 -0.26417)
(-0.16184 0.07535 -0.19699)
(-0.14444 0.03046 -0.14663)
(-0.13361 0.00693 -0.11926)
(-0.09416 -0.05563 -0.06201)
(-0.08762 -0.08112 -0.03163)
(-0.05896 -0.11232 0.01793)
(-0.05223 -0.13011 0.04370)
(-0.03759 -0.14633 0.08397)
(-0.03406 -0.15140 0.12319)
(-0.02826 -0.15043 0.12677)
(-0.00640 -0.14802 0.15892)
(0.00367 -0.14166 0.17384)
(-0.00960 -0.14298 0.16464)
(-0.00041 -0.13221 0.17713)
(0.00433 -0.12423 0.17471)
(-0.00116 -0.12508 0.16701)
(0.01411 -0.10732 0.17529)
(0.01278 -0.09884 0.16345)
(0.00656 -0.04824 0.07989)
(0.00104 -0.01070 0.01768)
(-0.00041 0.00409 -0.00677)
(-0.25619 0.31263 -0.28392)
(-0.30061 0.35506 -0.34001)
(-0.31791 0.37361 -0.37249)
(-0.34245 0.39792 -0.41366)
(-0.35963 0.40493 -0.45234)
(-0.35670 0.40443 -0.46426)
(-0.36522 0.38704 -0.49344)
(-0.35473 0.37742 -0.49127)
(-0.34222 0.35503 -0.50120)
(-0.33490 0.34253 -0.49960)
(-0.31005 0.31556 -0.48362)
(-0.29121 0.29151 -0.46398)
(-0.26650 0.26230 -0.42555)
(-0.25844 0.25220 -0.40516)
(-0.22869 0.20513 -0.34516)
(-0.20858 0.16927 -0.28729)
(-0.19971 0.14620 -0.26048)
(-0.17001 0.08311 -0.19781)
(-0.16105 0.06086 -0.17413)
(-0.13403 -0.00731 -0.10914)
(-0.11653 -0.03526 -0.08383)
(-0.10119 -0.06627 -0.04945)
(-0.08189 -0.10066 -0.00757)
(-0.06542 -0.12583 0.03367)
(-0.04868 -0.13767 0.06176)
(-0.06274 -0.13578 0.06078)
(-0.04303 -0.14424 0.09393)
(-0.03779 -0.14487 0.12412)
(-0.02065 -0.15108 0.14401)
(-0.02405 -0.14631 0.14773)
(-0.01247 -0.13793 0.16493)
(0.00167 -0.12082 0.16783)
(-0.00979 -0.12720 0.15545)
(0.00099 -0.11076 0.15864)
(0.00251 -0.09444 0.13886)
(0.00027 -0.01047 0.01579)
(-0.00035 0.00860 -0.01355)
(-0.00232 -0.07499 0.10702)
(-0.11041 0.16135 -0.11455)
(-0.12534 0.17606 -0.12891)
(-0.13441 0.18658 -0.13797)
(-0.20026 0.25376 -0.21426)
(-0.24996 0.30729 -0.27581)
(-0.26413 0.32598 -0.28939)
(-0.27460 0.33164 -0.30881)
(-0.29592 0.35757 -0.34182)
(-0.31884 0.38004 -0.37927)
(-0.33914 0.39479 -0.42358)
(-0.35109 0.40245 -0.45635)
(-0.35482 0.40049 -0.46707)
(-0.34820 0.37833 -0.48584)
(-0.33552 0.34748 -0.49961)
(-0.32824 0.34025 -0.49762)
(-0.30101 0.31418 -0.47684)
(-0.28257 0.27713 -0.45108)
(-0.26720 0.27885 -0.42601)
(-0.23982 0.22821 -0.36847)
(-0.26427 0.28174 -0.41835)
(-0.20922 0.16971 -0.28585)
(-0.20435 0.15837 -0.27168)
(-0.19491 0.13502 -0.24742)
(-0.15311 0.03589 -0.14686)
(-0.12866 -0.02028 -0.09613)
(-0.13292 -0.01036 -0.10498)
(-0.11569 -0.04791 -0.07387)
(-0.09106 -0.09364 -0.01251)
(-0.09460 -0.08207 -0.03019)
(-0.07698 -0.11761 0.01422)
(-0.07097 -0.12762 0.03475)
(-0.06507 -0.13580 0.06137)
(-0.04072 -0.14167 0.10860)
(-0.02839 -0.14822 0.14151)
(-0.02640 -0.14678 0.14397)
(-0.02274 -0.14466 0.14895)
(-0.01736 -0.12411 0.14166)
(-0.01283 -0.11837 0.14451)
(-0.01222 -0.10877 0.14584)
(-0.00517 -0.05685 0.08268)
(-0.00044 -0.00677 0.01016)
(-0.00666 -0.03065 0.04669)
(-0.00124 -0.00575 0.00892)
(-0.00680 0.06888 -0.03218)
(-0.01203 0.07305 -0.03505)
(-0.04454 0.10369 -0.06288)
(-0.10699 0.15943 -0.11114)
(-0.11975 0.17197 -0.12356)
(-0.11426 0.16803 -0.11813)
(-0.12903 0.18250 -0.13281)
(-0.19696 0.25706 -0.21396)
(-0.15786 0.21693 -0.16021)
(-0.21028 0.27557 -0.22557)
(-0.24224 0.30842 -0.26267)
(-0.28703 0.35713 -0.32647)
(-0.28959 0.36235 -0.33365)
(-0.32295 0.38245 -0.39574)
(-0.34938 0.40257 -0.45183)
(-0.35187 0.40059 -0.46125)
(-0.35169 0.39877 -0.46577)
(-0.34495 0.38699 -0.47472)
(-0.33632 0.35170 -0.49979)
(-0.33004 0.34477 -0.49808)
(-0.31531 0.33662 -0.50076)
(-0.29069 0.29843 -0.46696)
(-0.27186 0.29391 -0.43641)
(-0.26854 0.28937 -0.42661)
(-0.22243 0.19718 -0.32104)
(-0.20880 0.17003 -0.28205)
(-0.19882 0.14526 -0.25679)
(-0.20328 0.15690 -0.26729)
(-0.17245 0.08073 -0.18626)
(-0.14887 0.05204 -0.17727)
(-0.11269 -0.02777 -0.11124)
(-0.10850 -0.04777 -0.08811)
(-0.07617 -0.12142 0.02013)
(-0.07177 -0.12708 0.02981)
(-0.06772 -0.13268 0.04387)
(-0.04970 -0.13973 0.08291)
(-0.03043 -0.14880 0.13830)
(-0.02842 -0.14726 0.14076)
(-0.02465 -0.14496 0.14586)
(-0.02838 -0.13917 0.14428)
(-0.02196 -0.12025 0.13926)
(-0.01825 -0.09560 0.13037)
(-0.00745 -0.02681 0.03913)
(0.00138 0.00551 -0.00818)
(-0.00054 -0.00193 0.00288)
(0.05078 0.01901 0.01739)
(0.04496 0.02727 0.00769)
(0.03880 0.02386 0.01376)
(0.03676 0.03140 0.00285)
(0.03326 0.03656 -0.00728)
(0.03256 0.03988 -0.01091)
(0.01439 0.05026 -0.01776)
(-0.00121 0.06411 -0.02867)
(-0.00058 0.06539 -0.03007)
(-0.00604 0.07001 -0.03319)
(-0.01175 0.07461 -0.03601)
(-0.03788 0.10293 -0.05869)
(-0.08383 0.14388 -0.09467)
(-0.10455 0.16289 -0.11033)
(-0.14293 0.20934 -0.14576)
(-0.19540 0.26355 -0.20473)
(-0.23639 0.30470 -0.25348)
(-0.27435 0.34697 -0.30979)
(-0.28436 0.35711 -0.32420)
(-0.30778 0.37405 -0.36595)
(-0.32354 0.38613 -0.39744)
(-0.34988 0.40078 -0.45593)
(-0.34975 0.39877 -0.46116)
(-0.34764 0.39616 -0.47345)
(-0.33638 0.36736 -0.49168)
(-0.32668 0.35720 -0.50045)
(-0.31644 0.34917 -0.50128)
(-0.29595 0.31664 -0.47445)
(-0.27607 0.30089 -0.44526)
(-0.27320 0.29723 -0.43559)
(-0.25117 0.25371 -0.38263)
(-0.22837 0.21198 -0.32419)
(-0.22857 0.20466 -0.30342)
(-0.18440 0.12766 -0.24386)
(-0.17317 0.09067 -0.19667)
(-0.15317 0.05808 -0.17992)
(-0.12635 0.00624 -0.14254)
(-0.11198 -0.02359 -0.12073)
(-0.10678 -0.04735 -0.07308)
(-0.08739 -0.09829 -0.01006)
(-0.07414 -0.12387 0.01976)
(-0.07060 -0.12964 0.03017)
(-0.06858 -0.13268 0.04004)
(-0.05974 -0.14165 0.06398)
(-0.03819 -0.15078 0.12618)
(-0.04472 -0.14295 0.09645)
(-0.03772 -0.14314 0.12447)
(-0.03454 -0.13549 0.12628)
(-0.02987 -0.12462 0.13581)
(-0.02375 -0.11491 0.13573)
(-0.02366 -0.10358 0.12887)
(-0.01913 -0.07171 0.09686)
(-0.00455 -0.01465 0.02183)
(0.00335 0.00124 0.00116)
(0.00862 0.00322 0.00275)
(0.04646 0.02319 0.01030)
(0.04213 0.02515 0.00655)
(0.02992 0.03128 -0.00737)
(0.03340 0.03357 -0.00549)
(0.01729 0.04473 -0.02128)
(0.00994 0.04786 -0.02557)
(-0.00056 0.05932 -0.03465)
(0.00008 0.05848 -0.03285)
(-0.01700 0.07548 -0.04505)
(-0.04883 0.09971 -0.06864)
(-0.04688 0.10637 -0.06455)
(-0.07213 0.13259 -0.08026)
(-0.08384 0.14809 -0.08838)
(-0.15167 0.21108 -0.14938)
(-0.16581 0.22567 -0.16312)
(-0.19520 0.26466 -0.20201)
(-0.23145 0.30445 -0.24320)
(-0.26631 0.33865 -0.29029)
(-0.28629 0.36271 -0.31401)
(-0.30985 0.38698 -0.36002)
(-0.32665 0.39871 -0.38974)
(-0.34748 0.40840 -0.43987)
(-0.35381 0.41457 -0.44711)
(-0.34929 0.41438 -0.45562)
(-0.34213 0.38841 -0.48998)
(-0.33611 0.38208 -0.48990)
(-0.33546 0.37961 -0.49573)
(-0.31226 0.34558 -0.48877)
(-0.31260 0.34852 -0.47976)
(-0.30847 0.34190 -0.47047)
(-0.27951 0.30475 -0.42185)
(-0.25778 0.27896 -0.38879)
(-0.24864 0.26118 -0.36237)
(-0.20195 0.17252 -0.28294)
(-0.17749 0.11167 -0.22161)
(-0.16706 0.09337 -0.19623)
(-0.14275 0.03439 -0.15247)
(-0.11408 -0.01475 -0.10268)
(-0.09991 -0.04775 -0.06104)
(-0.07799 -0.10157 -0.00106)
(-0.05887 -0.13480 0.05564)
(-0.06780 -0.10836 0.02177)
(-0.05869 -0.15330 0.08264)
(-0.05193 -0.13573 0.08403)
(-0.03989 -0.13470 0.11308)
(-0.03695 -0.12906 0.11698)
(-0.02967 -0.12159 0.12995)
(-0.03345 -0.10792 0.11710)
(-0.01936 -0.07192 0.08815)
(-0.00993 -0.03569 0.04455)
(-0.00377 -0.01330 0.01682)
(0.00200 0.00100 0.00038)
(0.03240 0.02432 -0.00335)
(0.03053 0.03231 -0.00838)
(0.00776 0.04130 -0.02714)
(0.00662 0.04209 -0.02800)
(0.00436 0.04348 -0.02962)
(0.00828 0.05101 -0.03075)
(-0.00339 0.04898 -0.03706)
(-0.00875 0.06540 -0.04350)
(-0.01506 0.07206 -0.05005)
(-0.04204 0.08674 -0.06316)
(-0.06087 0.10290 -0.07770)
(-0.07282 0.12260 -0.08352)
(-0.07686 0.13908 -0.08431)
(-0.10739 0.16369 -0.11074)
(-0.13961 0.20066 -0.13600)
(-0.19713 0.25092 -0.18908)
(-0.21352 0.27821 -0.21132)
(-0.25078 0.32195 -0.26523)
(-0.30002 0.37998 -0.32288)
(-0.31198 0.39206 -0.34922)
(-0.32074 0.39735 -0.36995)
(-0.33689 0.41202 -0.40660)
(-0.33268 0.41508 -0.39127)
(-0.35102 0.42257 -0.43117)
(-0.35220 0.42464 -0.44730)
(-0.34393 0.39214 -0.48621)
(-0.34541 0.39648 -0.48924)
(-0.35395 0.40744 -0.49675)
(-0.33779 0.38369 -0.49712)
(-0.35404 0.40725 -0.49816)
(-0.31915 0.35743 -0.48439)
(-0.32639 0.36563 -0.47728)
(-0.33180 0.35964 -0.46089)
(-0.31003 0.33892 -0.44660)
(-0.28410 0.30889 -0.41135)
(-0.26035 0.28827 -0.38528)
(-0.24426 0.26783 -0.35449)
(-0.22475 0.21214 -0.31318)
(-0.20949 0.19100 -0.28176)
(-0.18234 0.14878 -0.24704)
(-0.15852 0.07917 -0.17434)
(-0.17073 0.11480 -0.20526)
(-0.14709 0.07292 -0.15765)
(-0.12257 0.03343 -0.12944)
(-0.08815 -0.05716 -0.04683)
(-0.06111 -0.09221 -0.00358)
(-0.05882 -0.12539 0.06069)
(-0.05389 -0.09934 0.01446)
(-0.04600 -0.13322 0.06865)
(-0.03135 -0.11542 0.07690)
(-0.03808 -0.12296 0.09160)
(-0.02860 -0.11216 0.08626)
(-0.03036 -0.11601 0.11335)
(-0.02991 -0.10527 0.10879)
(-0.02812 -0.11046 0.08666)
(-0.02407 -0.08211 0.08667)
(-0.00424 -0.01695 0.02064)
(0.00050 0.00033 -0.00003)
(0.01814 0.02179 -0.00754)
(0.00088 0.03273 -0.02500)
(0.00000 0.04497 -0.03393)
(-0.00223 0.04709 -0.03563)
(-0.00805 0.04869 -0.04029)
(-0.01007 0.05087 -0.04214)
(-0.02617 0.07113 -0.05852)
(-0.05592 0.10176 -0.08234)
(-0.08418 0.11372 -0.09629)
(-0.08238 0.13107 -0.09817)
(-0.12071 0.16240 -0.12937)
(-0.13568 0.17432 -0.13733)
(-0.15820 0.21173 -0.15730)
(-0.21798 0.26834 -0.21100)
(-0.22383 0.27835 -0.21823)
(-0.23488 0.29001 -0.22956)
(-0.24921 0.32303 -0.26290)
(-0.30218 0.38219 -0.32224)
(-0.30844 0.38916 -0.33408)
(-0.31540 0.40107 -0.34950)
(-0.33755 0.42272 -0.38980)
(-0.34471 0.42944 -0.40485)
(-0.35720 0.43714 -0.43926)
(-0.35629 0.42740 -0.46133)
(-0.34808 0.41931 -0.46384)
(-0.35908 0.41562 -0.49555)
(-0.35951 0.41570 -0.49715)
(-0.35445 0.40755 -0.50072)
(-0.34612 0.39487 -0.48950)
(-0.33074 0.37324 -0.47548)
(-0.30859 0.34379 -0.44752)
(-0.29151 0.32835 -0.41252)
(-0.26194 0.29902 -0.38089)
(-0.23283 0.26124 -0.33299)
(-0.22456 0.24987 -0.32238)
(-0.18225 0.17133 -0.26198)
(-0.15215 0.09228 -0.17184)
(-0.14577 0.08027 -0.15821)
(-0.08565 -0.03829 -0.07456)
(-0.10109 0.01438 -0.10850)
(-0.07805 -0.05739 -0.03072)
(-0.04484 -0.06135 -0.02256)
(-0.04183 -0.10174 0.02847)
(-0.04092 -0.06611 -0.01316)
(-0.03360 -0.11214 0.05943)
(-0.02605 -0.10881 0.07158)
(-0.02645 -0.10912 0.07912)
(-0.02285 -0.09979 0.08934)
(-0.02038 -0.07424 0.07279)
(-0.02290 -0.10028 0.07450)
(-0.00558 -0.02339 0.02478)
(-0.00110 -0.00468 0.00496)
(-0.00061 -0.00046 0.00013)
(0.00104 0.01579 -0.01112)
(-0.00282 0.02398 -0.02117)
(-0.00716 0.04684 -0.03964)
(-0.01724 0.05146 -0.04702)
(-0.05935 0.08934 -0.08790)
(-0.07438 0.10409 -0.09598)
(-0.09798 0.11434 -0.10843)
(-0.14639 0.17300 -0.15343)
(-0.16010 0.18232 -0.16298)
(-0.16189 0.18742 -0.16313)
(-0.17622 0.21310 -0.17266)
(-0.22905 0.27353 -0.22055)
(-0.23118 0.28153 -0.22446)
(-0.24225 0.29333 -0.23652)
(-0.28466 0.35252 -0.29135)
(-0.30962 0.39050 -0.33203)
(-0.32974 0.40760 -0.34949)
(-0.34608 0.43356 -0.37338)
(-0.34659 0.43352 -0.39893)
(-0.36219 0.44591 -0.42472)
(-0.36031 0.43973 -0.44767)
(-0.36177 0.44021 -0.45365)
(-0.36898 0.44093 -0.47572)
(-0.36405 0.42328 -0.49561)
(-0.36017 0.41604 -0.49939)
(-0.35596 0.41831 -0.50100)
(-0.34560 0.40904 -0.49349)
(-0.31197 0.37665 -0.46666)
(-0.33908 0.41511 -0.48121)
(-0.30906 0.38998 -0.46447)
(-0.29645 0.35743 -0.41756)
(-0.25096 0.30066 -0.35758)
(-0.24228 0.28227 -0.34709)
(-0.23361 0.27186 -0.33590)
(-0.22498 0.26336 -0.32547)
(-0.17643 0.19440 -0.25689)
(-0.15789 0.11249 -0.18377)
(-0.15228 0.10364 -0.17132)
(-0.12000 0.07907 -0.14788)
(-0.08781 0.00903 -0.08807)
(-0.09086 0.02954 -0.09640)
(-0.04575 -0.04610 -0.03300)
(-0.04042 -0.05294 -0.02374)
(-0.03557 -0.07681 0.01093)
(-0.03497 -0.05843 -0.01720)
(-0.02344 -0.10547 0.06415)
(-0.02377 -0.10690 0.07133)
(-0.02025 -0.10347 0.06278)
(-0.01696 -0.09033 0.06118)
(-0.01196 -0.05296 0.04245)
(-0.00138 -0.00944 0.00809)
(0.00051 0.00559 -0.00468)
(-0.00041 -0.00281 0.00243)
(-0.00093 0.00152 -0.00173)
(-0.01158 0.02141 -0.02195)
(-0.03083 0.05937 -0.06220)
(-0.07095 0.08135 -0.09284)
(-0.06300 0.08356 -0.08563)
(-0.12188 0.12070 -0.12819)
(-0.10733 0.11527 -0.12270)
(-0.13667 0.14009 -0.14077)
(-0.15680 0.17497 -0.16117)
(-0.16936 0.18478 -0.17050)
(-0.17336 0.19203 -0.17307)
(-0.20547 0.21370 -0.19638)
(-0.20632 0.22815 -0.20029)
(-0.23790 0.25277 -0.22545)
(-0.24016 0.28452 -0.23243)
(-0.25023 0.29560 -0.24404)
(-0.27138 0.32222 -0.26727)
(-0.30547 0.36907 -0.30636)
(-0.32104 0.39750 -0.33044)
(-0.34683 0.40226 -0.34854)
(-0.33876 0.42519 -0.35480)
(-0.34933 0.43031 -0.37263)
(-0.35682 0.44258 -0.38571)
(-0.37927 0.45972 -0.41139)
(-0.36304 0.44507 -0.44333)
(-0.36440 0.44486 -0.44991)
(-0.36989 0.45018 -0.46565)
(-0.37136 0.43964 -0.48884)
(-0.36458 0.42329 -0.49770)
(-0.37171 0.44242 -0.49504)
(-0.36150 0.43178 -0.50087)
(-0.36261 0.43509 -0.50574)
(-0.34704 0.42605 -0.48889)
(-0.31445 0.39990 -0.47086)
(-0.31036 0.39836 -0.46407)
(-0.29277 0.38239 -0.41342)
(-0.25297 0.33531 -0.37700)
(-0.24142 0.29125 -0.34680)
(-0.23154 0.28132 -0.33327)
(-0.19715 0.25998 -0.28096)
(-0.17013 0.19140 -0.21870)
(-0.13849 0.14371 -0.17438)
(-0.10003 0.09651 -0.14233)
(-0.06130 0.00915 -0.06799)
(-0.07079 0.06884 -0.09878)
(-0.04132 -0.03853 -0.03331)
(-0.03440 -0.04764 -0.02547)
(-0.01546 -0.04291 -0.00143)
(-0.02686 -0.06548 0.02511)
(-0.00967 -0.07063 0.02823)
(-0.01612 -0.10167 0.06191)
(-0.00272 -0.03637 0.02492)
(0.00322 -0.03413 0.01849)
(0.00001 -0.00079 0.00054)
(0.00411 -0.00667 0.00766)
(-0.03594 0.04380 -0.05076)
(-0.06360 0.07111 -0.07987)
(0.00484 -0.00563 0.00820)
(-0.00701 0.00848 -0.01130)
(-0.09738 0.09444 -0.10330)
(-0.10700 0.10145 -0.10925)
(-0.11106 0.10563 -0.11755)
(-0.15651 0.12944 -0.14015)
(-0.15147 0.13741 -0.14985)
(-0.17009 0.15507 -0.16377)
(-0.17660 0.17054 -0.16746)
(-0.19407 0.17313 -0.17676)
(-0.19891 0.18570 -0.17980)
(-0.18195 0.19501 -0.18061)
(-0.26395 0.24489 -0.22718)
(-0.26548 0.26717 -0.24465)
(-0.27088 0.28945 -0.25169)
(-0.31109 0.30866 -0.28172)
(-0.32235 0.33994 -0.29072)
(-0.33309 0.35971 -0.30270)
(-0.33911 0.38982 -0.32703)
(-0.35139 0.40337 -0.34798)
(-0.35622 0.41166 -0.35662)
(-0.38644 0.43781 -0.37819)
(-0.36547 0.44314 -0.38213)
(-0.38656 0.45724 -0.41305)
(-0.36865 0.45329 -0.43423)
(-0.37205 0.44650 -0.44601)
(-0.37081 0.44959 -0.46174)
(-0.37499 0.45365 -0.47796)
(-0.37461 0.45130 -0.48562)
(-0.36199 0.44058 -0.49975)
(-0.36007 0.43808 -0.50168)
(-0.33991 0.43347 -0.49906)
(-0.32990 0.42826 -0.49638)
(-0.32958 0.41723 -0.47972)
(-0.31347 0.40349 -0.46820)
(-0.28850 0.39287 -0.42857)
(-0.27494 0.38110 -0.40567)
(-0.24569 0.36412 -0.36588)
(-0.24212 0.32698 -0.36230)
(-0.21157 0.29945 -0.31116)
(-0.18430 0.27963 -0.25198)
(-0.16363 0.24476 -0.23344)
(-0.14021 0.17890 -0.19606)
(-0.10404 0.13392 -0.15227)
(-0.11392 0.16476 -0.17089)
(-0.07695 0.09603 -0.11055)
(-0.04750 0.00398 -0.05599)
(-0.06048 0.07540 -0.09814)
(-0.03176 0.03406 -0.06758)
(-0.03528 -0.03512 -0.03394)
(-0.01642 -0.03293 -0.02237)
(0.00165 -0.04773 -0.00416)
(0.01764 -0.05622 -0.00190)
(0.00934 -0.06078 0.01419)
(0.00601 -0.03228 0.01529)
(-0.00040 0.00294 -0.00160)
(0.00073 -0.00358 0.00178)
(-0.00672 0.00649 -0.00708)
(-0.05852 0.05308 -0.05994)
(-0.10945 0.08788 -0.09343)
(-0.16620 0.13185 -0.14153)
(-0.18137 0.14221 -0.15147)
(-0.18516 0.16504 -0.17200)
(-0.22314 0.18057 -0.19206)
(-0.25714 0.21886 -0.21669)
(-0.29652 0.24451 -0.23777)
(-0.30641 0.28525 -0.26279)
(-0.32336 0.30434 -0.27725)
(-0.32944 0.32892 -0.29380)
(-0.37573 0.36994 -0.32511)
(-0.36671 0.39050 -0.33187)
(-0.39508 0.41308 -0.35780)
(-0.37486 0.41689 -0.36353)
(-0.41343 0.45006 -0.39490)
(-0.41271 0.45434 -0.39898)
(-0.41535 0.45535 -0.40285)
(-0.38819 0.45760 -0.41785)
(-0.40582 0.45426 -0.41461)
(-0.39379 0.46406 -0.43932)
(-0.37446 0.45092 -0.45591)
(-0.37784 0.45037 -0.46749)
(-0.37126 0.44278 -0.47903)
(-0.35640 0.44215 -0.48561)
(-0.35874 0.44606 -0.49464)
(-0.34302 0.43431 -0.50546)
(-0.34381 0.43394 -0.50170)
(-0.32901 0.43644 -0.49126)
(-0.31307 0.42295 -0.47727)
(-0.31562 0.42054 -0.47749)
(-0.29709 0.41103 -0.45989)
(-0.27295 0.39898 -0.42707)
(-0.25095 0.38474 -0.39405)
(-0.22973 0.35186 -0.33327)
(-0.21464 0.31913 -0.33052)
(-0.18497 0.28540 -0.27537)
(-0.16899 0.26139 -0.24469)
(-0.11827 0.20461 -0.18831)
(-0.10022 0.19532 -0.15892)
(-0.09658 0.15485 -0.13984)
(-0.06238 0.08630 -0.10354)
(-0.04159 0.07370 -0.08677)
(-0.02595 0.05357 -0.05736)
(0.00564 -0.03184 -0.01518)
(-0.00866 0.00555 -0.03002)
(0.02073 -0.04718 -0.01039)
(0.02228 -0.04715 -0.00926)
(0.01676 -0.03794 -0.00090)
(0.00960 -0.02118 0.00452)
(-0.00100 0.00121 -0.00024)
(-0.00175 0.00827 -0.00419)
(-0.01256 0.01017 -0.01071)
(-0.05650 0.04561 -0.04825)
(-0.08153 0.06535 -0.06763)
(-0.17539 0.13928 -0.14575)
(-0.19097 0.15012 -0.15610)
(-0.21225 0.17087 -0.18161)
(-0.18850 0.14877 -0.15351)
(-0.25608 0.20760 -0.20895)
(-0.26598 0.21706 -0.21947)
(-0.29515 0.24045 -0.23391)
(-0.30281 0.24904 -0.23527)
(-0.30453 0.24998 -0.24022)
(-0.32198 0.27954 -0.26186)
(-0.35115 0.31701 -0.28728)
(-0.36035 0.33961 -0.30922)
(-0.40105 0.38917 -0.34105)
(-0.40143 0.39672 -0.34642)
(-0.40778 0.40333 -0.35062)
(-0.40143 0.42155 -0.36637)
(-0.42075 0.45016 -0.39611)
(-0.41809 0.45255 -0.39861)
(-0.42074 0.45312 -0.40225)
(-0.42039 0.45366 -0.40652)
(-0.39840 0.45888 -0.43302)
(-0.39581 0.45774 -0.44364)
(-0.37014 0.44181 -0.45635)
(-0.36590 0.43629 -0.46535)
(-0.36149 0.43136 -0.48019)
(-0.33574 0.42894 -0.49809)
(-0.33119 0.42797 -0.50004)
(-0.32635 0.42742 -0.50188)
(-0.30588 0.42312 -0.48372)
(-0.30624 0.41864 -0.47279)
(-0.28681 0.41316 -0.44513)
(-0.24747 0.37978 -0.39475)
(-0.23010 0.36964 -0.36650)
(-0.17788 0.32023 -0.30256)
(-0.19212 0.31935 -0.29377)
(-0.16937 0.30892 -0.28778)
(-0.16071 0.28775 -0.26339)
(-0.13329 0.24049 -0.20328)
(-0.10271 0.20379 -0.16578)
(-0.09368 0.19182 -0.15554)
(-0.09039 0.18191 -0.14804)
(-0.08458 0.18016 -0.14602)
(-0.06461 0.14040 -0.12121)
(-0.02688 0.07629 -0.07864)
(-0.00064 0.06862 -0.08010)
(-0.00743 0.03721 -0.05196)
(-0.00180 0.01367 -0.03540)
(0.02080 -0.00723 -0.02218)
(0.02452 -0.00892 -0.01724)
(0.02012 -0.01990 -0.00377)
(0.00462 -0.00341 -0.00038)
(-0.00365 0.00295 -0.00039)
(-0.02146 0.01728 -0.01777)
(-0.02013 0.01615 -0.01632)
(-0.12622 0.10047 -0.10241)
(-0.19874 0.15689 -0.15784)
(-0.25435 0.20606 -0.20595)
(-0.27298 0.22811 -0.21607)
(-0.27377 0.22944 -0.21881)
(-0.32222 0.27051 -0.24827)
(-0.34596 0.30485 -0.27184)
(-0.35603 0.31787 -0.28147)
(-0.37533 0.34668 -0.30998)
(-0.40022 0.37913 -0.33079)
(-0.40792 0.39680 -0.34547)
(-0.41317 0.40216 -0.34964)
(-0.41334 0.40788 -0.35437)
(-0.42531 0.42474 -0.37503)
(-0.42406 0.45059 -0.39888)
(-0.42623 0.45010 -0.40194)
(-0.42371 0.44509 -0.40474)
(-0.39941 0.44196 -0.42175)
(-0.39076 0.44069 -0.43212)
(-0.36306 0.41982 -0.44741)
(-0.35799 0.41811 -0.45138)
(-0.35326 0.41626 -0.45461)
(-0.33296 0.42496 -0.49643)
(-0.33802 0.41568 -0.47926)
(-0.32822 0.42345 -0.49832)
(-0.32341 0.42242 -0.50071)
(-0.29438 0.41223 -0.48838)
(-0.28366 0.40049 -0.47703)
(-0.28071 0.40166 -0.46893)
(-0.30005 0.41412 -0.46747)
(-0.25787 0.38956 -0.42453)
(-0.24192 0.37487 -0.42478)
(-0.23933 0.37010 -0.38943)
(-0.17933 0.32260 -0.31034)
(-0.17089 0.31233 -0.29592)
(-0.16291 0.30276 -0.28237)
(-0.14420 0.28256 -0.25745)
(-0.10397 0.20963 -0.17071)
(-0.09658 0.20034 -0.16247)
(-0.10182 0.21205 -0.17932)
(-0.08827 0.18971 -0.15316)
(-0.03177 0.10807 -0.10072)
(-0.05274 0.15679 -0.13244)
(-0.01570 0.10040 -0.09990)
(0.01350 0.05811 -0.07326)
(-0.00465 0.08896 -0.09234)
(0.04451 0.02659 -0.05935)
(0.04658 0.01398 -0.05024)
(0.01537 -0.00304 -0.00738)
(0.01803 0.00398 -0.01660)
(0.00272 -0.00055 -0.00115)
(-0.10877 0.08636 -0.08624)
(-0.02784 0.02224 -0.02212)
(-0.12637 0.10374 -0.09055)
(-0.26274 0.21351 -0.20303)
(-0.30100 0.25118 -0.21851)
(-0.30289 0.25420 -0.23126)
(-0.33284 0.28359 -0.25527)
(-0.34875 0.30895 -0.27387)
(-0.35622 0.31698 -0.27874)
(-0.37616 0.33792 -0.29845)
(-0.39761 0.36128 -0.31585)
(-0.41421 0.39781 -0.34587)
(-0.42969 0.41734 -0.36183)
(-0.42820 0.42759 -0.38648)
(-0.43842 0.42294 -0.39044)
(-0.42452 0.42583 -0.39441)
(-0.40468 0.43717 -0.41520)
(-0.40247 0.43301 -0.42445)
(-0.37218 0.41627 -0.43814)
(-0.35845 0.41409 -0.44576)
(-0.35221 0.41187 -0.44969)
(-0.33594 0.40286 -0.46926)
(-0.32582 0.41864 -0.49580)
(-0.31547 0.39231 -0.46996)
(-0.31101 0.39635 -0.48319)
(-0.32125 0.41758 -0.49857)
(-0.30232 0.40309 -0.49367)
(-0.28335 0.39354 -0.48976)
(-0.26643 0.38975 -0.47457)
(-0.24881 0.37884 -0.44708)
(-0.22734 0.36601 -0.41504)
(-0.22999 0.36410 -0.40131)
(-0.21301 0.35179 -0.39019)
(-0.19137 0.33249 -0.34431)
(-0.17298 0.31496 -0.30431)
(-0.16596 0.30712 -0.29433)
(-0.15898 0.29965 -0.28452)
(-0.15642 0.29655 -0.27655)
(-0.12680 0.26358 -0.23820)
(-0.08850 0.20963 -0.18425)
(-0.09151 0.19831 -0.16047)
(-0.06685 0.18622 -0.15807)
(-0.04739 0.15797 -0.13970)
(-0.02189 0.12157 -0.11036)
(-0.00712 0.12321 -0.10843)
(0.02545 0.06169 -0.07567)
(0.03967 0.01964 -0.04745)
(0.02965 0.03211 -0.04988)
(0.03191 0.01428 -0.03617)
(0.00959 0.00326 -0.00953)
(0.00339 0.00063 -0.00291)
(-0.00161 0.00137 -0.00119)
(-0.04364 0.03699 -0.03210)
(-0.01033 0.00873 -0.00742)
(-0.20127 0.16382 -0.14125)
(-0.32755 0.27885 -0.24062)
(-0.16258 0.14270 -0.11971)
(-0.31110 0.26227 -0.22269)
(-0.32659 0.28990 -0.24421)
(-0.35159 0.31199 -0.27398)
(-0.38204 0.34509 -0.28425)
(-0.37578 0.33466 -0.28268)
(-0.39454 0.35762 -0.29936)
(-0.40670 0.37552 -0.32619)
(-0.42855 0.39450 -0.33971)
(-0.43472 0.40469 -0.35424)
(-0.43133 0.39916 -0.35635)
(-0.44380 0.41125 -0.38592)
(-0.44505 0.41044 -0.38822)
(-0.42954 0.40008 -0.38719)
(-0.40966 0.41436 -0.39967)
(-0.41512 0.39585 -0.38954)
(-0.40534 0.41232 -0.41214)
(-0.38673 0.40434 -0.42330)
(-0.36550 0.39004 -0.42030)
(-0.34674 0.39707 -0.43746)
(-0.33891 0.38628 -0.44492)
(-0.31783 0.37604 -0.44754)
(-0.30272 0.36723 -0.45250)
(-0.29171 0.36820 -0.46125)
(-0.29095 0.38031 -0.47507)
(-0.27352 0.37970 -0.48756)
(-0.28751 0.36823 -0.46558)
(-0.26814 0.37658 -0.49525)
(-0.25543 0.37246 -0.45872)
(-0.23367 0.35614 -0.43026)
(-0.21864 0.35524 -0.40659)
(-0.18667 0.31889 -0.35393)
(-0.17973 0.31277 -0.34294)
(-0.15607 0.29451 -0.29580)
(-0.12751 0.26740 -0.26626)
(-0.10820 0.24761 -0.23467)
(-0.08844 0.22480 -0.20410)
(-0.08005 0.22217 -0.19628)
(-0.07165 0.20123 -0.18132)
(-0.03778 0.16902 -0.15184)
(-0.02136 0.15371 -0.14122)
(-0.00612 0.12485 -0.11630)
(0.01291 0.10172 -0.09543)
(0.01462 0.07204 -0.07558)
(0.01802 0.06303 -0.06472)
(0.00820 0.01596 -0.01802)
(0.00775 0.00577 -0.00973)
(0.04625 -0.04121 0.03299)
(-0.00512 0.00455 -0.00375)
(-0.24343 0.21432 -0.17629)
(0.00341 -0.00313 0.00249)
(-0.07749 0.07064 -0.05649)
(-0.31869 0.28944 -0.22224)
(-0.35822 0.32368 -0.25099)
(-0.37731 0.34566 -0.27538)
(-0.35812 0.32650 -0.25173)
(-0.36282 0.32965 -0.25591)
(-0.40316 0.36539 -0.30209)
(-0.41837 0.37964 -0.32309)
(-0.42673 0.38672 -0.34277)
(-0.42349 0.37917 -0.34729)
(-0.43041 0.39753 -0.36868)
(-0.41944 0.38394 -0.36140)
(-0.41215 0.36763 -0.36971)
(-0.39548 0.35162 -0.36519)
(-0.40043 0.37547 -0.38422)
(-0.38953 0.34824 -0.36410)
(-0.37590 0.37937 -0.39880)
(-0.36220 0.37247 -0.39834)
(-0.34698 0.35902 -0.40286)
(-0.33167 0.36106 -0.41792)
(-0.31698 0.35767 -0.42664)
(-0.30375 0.36132 -0.44375)
(-0.29151 0.35261 -0.44025)
(-0.28388 0.34494 -0.44358)
(-0.26537 0.32384 -0.42808)
(-0.27000 0.36681 -0.47335)
(-0.25489 0.35221 -0.45426)
(-0.25915 0.32721 -0.42833)
(-0.23937 0.32523 -0.42335)
(-0.23294 0.33566 -0.42523)
(-0.21757 0.32027 -0.40102)
(-0.21411 0.30636 -0.39376)
(-0.20696 0.30180 -0.38306)
(-0.19298 0.30433 -0.36560)
(-0.18058 0.31136 -0.34659)
(-0.17116 0.29740 -0.34383)
(-0.14841 0.28126 -0.30750)
(-0.13370 0.27323 -0.28415)
(-0.12541 0.25409 -0.27660)
(-0.10268 0.23177 -0.24212)
(-0.08074 0.21703 -0.20861)
(-0.07628 0.21731 -0.19668)
(-0.04120 0.18246 -0.17817)
(-0.03284 0.17730 -0.16572)
(0.00640 0.11686 -0.11766)
(0.00716 0.10108 -0.10641)
(0.00845 0.05672 -0.06010)
(0.00489 0.03097 -0.03161)
(0.00360 0.00983 -0.01044)
(-0.00139 -0.00156 0.00198)
(-0.00423 -0.00891 0.00970)
(-0.00394 -0.00429 0.00551)
(0.04076 -0.03743 0.02967)
(-0.01907 0.01748 -0.01321)
(-0.17218 0.15704 -0.11969)
(0.05074 -0.04732 0.03582)
(-0.11255 0.10367 -0.07852)
(-0.28827 0.26396 -0.20192)
(-0.37000 0.33755 -0.27264)
(-0.26725 0.24608 -0.18825)
(-0.34017 0.31236 -0.24012)
(-0.38403 0.35046 -0.29588)
(-0.40165 0.36128 -0.31259)
(-0.39151 0.34744 -0.32278)
(-0.41201 0.36663 -0.34525)
(-0.39007 0.34424 -0.32894)
(-0.40660 0.35702 -0.35274)
(-0.39104 0.34309 -0.35901)
(-0.38570 0.33972 -0.35744)
(-0.38020 0.33657 -0.35608)
(-0.38365 0.34535 -0.36281)
(-0.36837 0.35812 -0.38494)
(-0.34902 0.34457 -0.38432)
(-0.34425 0.34775 -0.39998)
(-0.32475 0.34277 -0.39997)
(-0.29993 0.32470 -0.39579)
(-0.29072 0.32076 -0.39999)
(-0.26986 0.31188 -0.40465)
(-0.26252 0.30144 -0.39426)
(-0.25964 0.30147 -0.39629)
(-0.25439 0.30579 -0.39752)
(-0.21620 0.30310 -0.39259)
(-0.21038 0.29953 -0.38432)
(-0.20722 0.29333 -0.37637)
(-0.20161 0.29326 -0.37249)
(-0.18660 0.28645 -0.35474)
(-0.14653 0.25703 -0.30142)
(-0.13747 0.24166 -0.28497)
(-0.11865 0.23755 -0.27129)
(-0.10479 0.23153 -0.25450)
(-0.08702 0.20597 -0.23120)
(-0.07204 0.19922 -0.21769)
(-0.06362 0.19217 -0.20466)
(-0.06005 0.19355 -0.20221)
(-0.03099 0.13733 -0.14533)
(0.00410 0.05387 -0.05831)
(0.00345 0.02511 -0.02728)
(-0.00016 -0.00077 0.00085)
(-0.00164 -0.00949 0.01048)
(-0.00257 -0.01160 0.01277)
(0.00095 -0.00088 0.00066)
(0.01150 -0.01087 0.00806)
(-0.07320 0.06791 -0.05133)
(-0.27513 0.25755 -0.20656)
(-0.10652 0.10279 -0.07977)
(-0.36185 0.33450 -0.28098)
(-0.38924 0.35449 -0.30193)
(-0.38416 0.34274 -0.31889)
(-0.36552 0.33266 -0.30036)
(-0.38148 0.33886 -0.31883)
(-0.38341 0.33909 -0.32169)
(-0.38131 0.33421 -0.32283)
(-0.37115 0.32268 -0.33158)
(-0.38034 0.33050 -0.35072)
(-0.37587 0.32785 -0.34956)
(-0.37019 0.32382 -0.34751)
(-0.37417 0.33297 -0.35407)
(-0.34070 0.31937 -0.35864)
(-0.31746 0.29986 -0.34169)
(-0.31264 0.30354 -0.35025)
(-0.29083 0.29000 -0.34288)
(-0.28237 0.29924 -0.37625)
(-0.28033 0.29946 -0.37886)
(-0.26273 0.29337 -0.38213)
(-0.25989 0.29318 -0.38352)
(-0.25707 0.28504 -0.37294)
(-0.25588 0.28920 -0.37986)
(-0.23647 0.28512 -0.37171)
(-0.21308 0.29571 -0.38259)
(-0.22368 0.26995 -0.35219)
(-0.21054 0.28825 -0.37316)
(-0.20429 0.28719 -0.36895)
(-0.17714 0.25804 -0.32522)
(-0.14287 0.23704 -0.29029)
(-0.13388 0.23567 -0.27979)
(-0.13152 0.23178 -0.27647)
(-0.07133 0.18301 -0.21740)
(-0.06581 0.18167 -0.21206)
(-0.05845 0.16659 -0.19589)
(-0.03310 0.09745 -0.11536)
(-0.01510 0.05001 -0.05897)
(-0.00184 0.02415 -0.02742)
(0.00017 0.00140 -0.00155)
(-0.00014 -0.00957 0.01099)
(-0.00135 -0.01030 0.01144)
(-0.02442 0.02365 -0.01828)
(-0.06216 0.05891 -0.04754)
(-0.17080 0.16116 -0.13059)
(-0.06626 0.06284 -0.05320)
(-0.23634 0.21589 -0.19438)
(-0.33654 0.30045 -0.28097)
(-0.13697 0.12294 -0.11406)
(-0.21776 0.19314 -0.18325)
(-0.37264 0.32955 -0.31352)
(-0.37393 0.32768 -0.31718)
(-0.37001 0.31601 -0.32612)
(-0.35808 0.30772 -0.31507)
(-0.35921 0.30708 -0.32700)
(-0.37144 0.32167 -0.34510)
(-0.33583 0.28911 -0.31274)
(-0.32083 0.26833 -0.29792)
(-0.32349 0.28181 -0.31809)
(-0.31587 0.28590 -0.32455)
(-0.29256 0.25485 -0.30083)
(-0.29035 0.26000 -0.30688)
(-0.27452 0.25941 -0.30745)
(-0.27195 0.25292 -0.30013)
(-0.27039 0.25358 -0.30307)
(-0.27149 0.25834 -0.31498)
(-0.27238 0.26774 -0.33324)
(-0.26475 0.28042 -0.36294)
(-0.25851 0.24776 -0.31699)
(-0.25846 0.28041 -0.36506)
(-0.25487 0.27745 -0.36269)
(-0.24730 0.26529 -0.34998)
(-0.21933 0.24592 -0.32233)
(-0.20157 0.24974 -0.32456)
(-0.21191 0.22409 -0.29537)
(-0.19649 0.22186 -0.28420)
(-0.17312 0.22937 -0.29353)
(-0.15637 0.22171 -0.28159)
(-0.11695 0.16945 -0.21196)
(-0.09182 0.14678 -0.18239)
(-0.08279 0.16205 -0.19654)
(-0.05022 0.13209 -0.15804)
(-0.02661 0.05187 -0.06325)
(-0.01403 0.03820 -0.04599)
(-0.00897 0.02753 -0.03285)
(0.00153 -0.00531 0.00632)
(-0.01297 0.01233 -0.01041)
(-0.03919 0.03659 -0.03236)
(-0.04077 0.03701 -0.03444)
(-0.02055 0.01868 -0.01806)
(-0.04890 0.04232 -0.04423)
(-0.22796 0.19816 -0.20428)
(-0.26826 0.22760 -0.24506)
(-0.07711 0.06436 -0.07132)
(-0.13892 0.11651 -0.12821)
(-0.20319 0.17300 -0.19074)
(-0.28455 0.23975 -0.26698)
(-0.17900 0.15071 -0.16791)
(-0.26998 0.22404 -0.25525)
(-0.28952 0.24171 -0.28465)
(-0.23286 0.19381 -0.22958)
(-0.26668 0.22364 -0.26331)
(-0.26145 0.23228 -0.27752)
(-0.26671 0.24223 -0.28914)
(-0.24632 0.20762 -0.25660)
(-0.24400 0.20817 -0.25934)
(-0.24510 0.21677 -0.27494)
(-0.22905 0.19765 -0.24973)
(-0.19866 0.16525 -0.21086)
(-0.24252 0.23518 -0.30208)
(-0.23245 0.21539 -0.27581)
(-0.12523 0.11069 -0.14065)
(-0.17661 0.16999 -0.21801)
(-0.13651 0.13211 -0.17627)
(-0.14118 0.15008 -0.19362)
(-0.04677 0.04536 -0.06003)
(-0.05271 0.05402 -0.07009)
(-0.03251 0.03887 -0.04931)
(-0.04255 0.05970 -0.07500)
(0.00206 -0.00262 0.00325)
(-0.00886 0.01427 -0.01769)
(-0.00404 0.00768 -0.00967)
(0.05390 -0.04784 0.04901)
(0.04770 -0.03990 0.04420)
(-0.04523 0.03790 -0.04169)
(0.04034 -0.03388 0.03723)
(0.01373 -0.01149 0.01294)
(-0.09695 0.08163 -0.09094)
(-0.08431 0.07138 -0.08193)
(0.00138 -0.00113 0.00132)
(0.00111 -0.00093 0.00110)
(-0.08563 0.07167 -0.08488)
(-0.14576 0.12027 -0.14431)
(-0.03066 0.02450 -0.02972)
(-0.07611 0.05681 -0.07020)
(-0.13030 0.09731 -0.12056)
(-0.04412 0.03256 -0.04024)
(-0.08131 0.06346 -0.07832)
(-0.08679 0.06563 -0.08151)
(-0.12745 0.10439 -0.13286)
(-0.01125 0.00827 -0.01016)
(-0.02205 0.01746 -0.02206)
(0.00267 -0.00211 0.00271)
(-0.08053 0.07047 -0.08939)
(-0.04577 0.04023 -0.05223)
(0.02148 -0.01833 0.02358)
(0.01171 -0.01122 0.01430)
(0.01981 -0.02017 0.02531)
(0.02087 -0.02483 0.03078)
(-0.00939 0.00696 -0.00859)
(-0.01575 0.01158 -0.01429)
(-0.01355 0.00956 -0.01191)
(0.00612 -0.00428 0.00532)
)