/*--------------------------------*- C++ -*----------------------------------*\ 
| =========                 |                                                 | 
| \\      /  F ield         | OpenFOAM: The Open Source CFD Toolbox           | 
|  \\    /   O peration     | Version:  4.0                                   | 
|   \\  /    A nd           | Web:      www.OpenFOAM.org                      | 
|    \\/     M anipulation  |                                                 | 
\*---------------------------------------------------------------------------*/ 
FoamFile 
{ 
    version     2.0; 
    format      ascii; 
    class       vectorAverageField; 
    object      values; 
} 
// * * * * * * * * * * * * * * * * * * * * * * * * * * * * * * * * * * * * * // 
 
// Average 
(0 0 0) 
 
// Velocity data on points 
2447
(
(0.00251 0.00119 -0.00167)
(-0.00100 -0.00081 0.00100)
(-0.00126 -0.00337 0.00342)
(-0.00058 -0.00093 0.00104)
(0.00071 0.00128 -0.00206)
(-0.00365 -0.00750 0.01102)
(-0.00135 -0.00216 0.00380)
(-0.00850 -0.00176 0.01102)
(-0.00087 -0.00021 0.00112)
(0.00155 0.00012 -0.00160)
(-0.00684 -0.00049 0.00718)
(-0.00161 0.00004 0.00142)
(0.00207 -0.00014 -0.00110)
(-0.01232 0.00206 0.00718)
(-0.00089 0.00018 0.00025)
(0.00281 -0.00054 -0.00070)
(-0.00971 0.00193 0.00245)
(-0.00060 0.00008 0.00009)
(0.00462 0.00004 -0.00040)
(-0.00094 -0.00001 0.00008)
(0.01297 -0.00140 -0.00360)
(-0.00247 -0.00019 0.00088)
(0.00187 0.00009 -0.00068)
(0.00060 0.00013 -0.00031)
(-0.02251 -0.00848 0.01622)
(-0.01205 -0.00968 0.01091)
(-0.00911 -0.01207 0.01458)
(-0.00660 -0.01365 0.01719)
(-0.01399 -0.02553 0.03141)
(-0.01263 -0.02413 0.03181)
(-0.01016 -0.01815 0.02903)
(-0.01052 -0.00684 0.02066)
(-0.01756 -0.01530 0.03575)
(-0.01953 -0.00360 0.02562)
(-0.01895 -0.00117 0.02023)
(-0.01762 0.00060 0.01566)
(-0.02613 -0.00148 0.02819)
(-0.02899 0.00126 0.02568)
(-0.04189 0.00763 0.02421)
(-0.02524 0.00435 0.01472)
(-0.02596 0.00495 0.01017)
(-0.06136 0.01150 0.02645)
(-0.05735 0.01007 0.02375)
(-0.03877 0.00680 0.01011)
(-0.02719 0.00294 0.00458)
(-0.06078 0.00710 0.00999)
(-0.02490 0.00026 0.00177)
(-0.00775 -0.00075 0.00048)
(-0.04662 0.00069 0.00400)
(-0.00576 -0.00163 0.00015)
(0.00078 0.00052 -0.00000)
(0.00983 -0.00118 -0.00250)
(-0.00382 0.00018 0.00107)
(-0.01179 0.00000 0.00362)
(-0.02786 -0.00229 0.01182)
(-0.07087 -0.00718 0.03147)
(-0.04784 -0.00858 0.02375)
(-0.03889 -0.02327 0.03514)
(-0.04525 -0.02452 0.04067)
(-0.03953 -0.02279 0.04011)
(-0.02129 -0.02539 0.03952)
(-0.02303 -0.01812 0.04850)
(-0.01825 -0.01812 0.05013)
(-0.02222 -0.01145 0.04582)
(-0.02576 -0.00438 0.04013)
(-0.02464 -0.01133 0.04868)
(-0.02619 -0.00791 0.04930)
(-0.03008 -0.00200 0.03990)
(-0.03846 0.00562 0.03408)
(-0.05072 0.00509 0.04428)
(-0.06221 0.01193 0.03412)
(-0.07029 0.01628 0.03169)
(-0.07090 0.02188 0.02935)
(-0.07353 0.01150 0.02581)
(-0.07834 0.01002 0.01826)
(-0.08561 0.00851 0.00960)
(-0.08903 0.00994 0.01549)
(-0.08950 0.00125 0.00754)
(-0.05879 -0.00530 0.00205)
(-0.03409 -0.00707 0.00140)
(-0.08833 -0.00720 0.00283)
(-0.05815 -0.01094 -0.00215)
(-0.02095 -0.01152 0.00048)
(-0.00118 -0.00091 0.00001)
(-0.01311 -0.00907 0.00093)
(0.00451 0.00432 -0.00070)
(0.00845 0.00871 -0.00124)
(0.00069 -0.00013 -0.00017)
(-0.01889 0.00282 0.00482)
(-0.04848 0.00515 0.01333)
(-0.06807 0.00226 0.01962)
(-0.12115 0.00655 0.03725)
(-0.10506 0.00326 0.03085)
(-0.12915 0.00379 0.04288)
(-0.10422 -0.00626 0.04473)
(-0.08644 -0.00991 0.03982)
(-0.06066 -0.02308 0.04029)
(-0.06843 -0.01946 0.04829)
(-0.06087 -0.02335 0.04704)
(-0.04562 -0.02541 0.04496)
(-0.04224 -0.02302 0.04966)
(-0.04418 -0.01940 0.05739)
(-0.03360 -0.01815 0.06315)
(-0.03318 -0.01628 0.06515)
(-0.02854 -0.01595 0.06104)
(-0.03074 -0.00996 0.05605)
(-0.03639 -0.00673 0.06121)
(-0.03954 -0.00200 0.05801)
(-0.05527 0.00303 0.05375)
(-0.06739 0.01245 0.04185)
(-0.07173 0.01585 0.03363)
(-0.07256 0.01281 0.02466)
(-0.08250 0.01333 0.01782)
(-0.08727 0.01189 0.01004)
(-0.09494 0.00476 0.00514)
(-0.10186 0.00965 0.01098)
(-0.09043 -0.00734 0.00267)
(-0.09211 -0.01511 -0.00421)
(-0.09714 -0.01821 0.00004)
(-0.09236 -0.02013 0.00092)
(-0.05202 -0.02364 0.00017)
(-0.01157 -0.01066 0.00144)
(-0.07695 -0.03388 -0.00039)
(-0.04210 -0.03405 0.00295)
(-0.00541 -0.00620 0.00068)
(-0.00157 -0.00229 0.00040)
(0.01368 -0.00278 -0.00359)
(-0.02904 0.00532 0.00722)
(-0.07141 0.01239 0.01849)
(-0.12159 0.01508 0.03280)
(-0.15539 0.02176 0.04257)
(-0.13544 0.00739 0.04291)
(-0.12445 0.00182 0.04161)
(-0.11579 -0.00024 0.04304)
(-0.10480 -0.00568 0.04507)
(-0.07069 -0.01780 0.04862)
(-0.06696 -0.01945 0.04915)
(-0.06217 -0.02138 0.05001)
(-0.06480 -0.01949 0.05020)
(-0.06138 -0.02105 0.05142)
(-0.04910 -0.02425 0.05376)
(-0.03667 -0.01800 0.06562)
(-0.03564 -0.01675 0.06653)
(-0.03486 -0.01509 0.06769)
(-0.03467 -0.01184 0.06482)
(-0.04019 -0.00847 0.07085)
(-0.03940 -0.00529 0.06658)
(-0.05396 0.00017 0.06252)
(-0.05545 0.00597 0.05300)
(-0.06022 0.00878 0.04542)
(-0.06770 0.01293 0.03687)
(-0.08156 0.01294 0.01422)
(-0.08378 0.01186 0.01105)
(-0.08621 0.01077 0.00770)
(-0.08895 0.00956 0.00448)
(-0.09285 -0.00503 -0.00299)
(-0.09808 -0.01706 -0.00088)
(-0.09569 -0.02141 -0.00000)
(-0.09658 -0.01937 -0.00109)
(-0.08731 -0.03011 0.00041)
(-0.06093 -0.04806 0.00316)
(-0.07368 -0.04066 -0.00249)
(-0.04892 -0.04666 0.00733)
(-0.01677 -0.03068 0.00742)
(-0.00168 -0.00339 0.00091)
(-0.02870 -0.06194 0.01761)
(-0.00591 -0.01549 0.00519)
(-0.00033 -0.00089 0.00030)
(-0.01656 0.00361 0.00481)
(-0.04833 0.00938 0.01370)
(-0.12557 0.02132 0.03630)
(-0.14807 0.02535 0.04544)
(-0.13357 0.01509 0.04704)
(-0.11230 0.00280 0.04175)
(-0.10701 0.00032 0.04119)
(-0.10552 0.00132 0.04161)
(-0.10126 -0.00063 0.04115)
(-0.10197 -0.00496 0.04552)
(-0.07329 -0.01658 0.04816)
(-0.06941 -0.01682 0.04860)
(-0.06599 -0.01795 0.04967)
(-0.06295 -0.01915 0.05121)
(-0.06047 -0.02037 0.05277)
(-0.04450 -0.02138 0.06179)
(-0.03790 -0.01638 0.06775)
(-0.03802 -0.01206 0.06062)
(-0.03722 -0.00968 0.06566)
(-0.03761 -0.01406 0.07011)
(-0.03631 -0.01346 0.07040)
(-0.02989 -0.00837 0.06744)
(-0.02126 -0.00635 0.06492)
(-0.03160 -0.00604 0.07533)
(-0.03215 -0.00518 0.06713)
(-0.04110 0.00123 0.06391)
(-0.04188 0.00481 0.05329)
(-0.04339 0.00647 0.04935)
(-0.04455 0.00769 0.04589)
(-0.07053 0.01030 0.02520)
(-0.07702 0.01230 0.01042)
(-0.07942 0.01138 0.00711)
(-0.08258 0.01029 0.00366)
(-0.08808 0.00293 -0.00163)
(-0.09301 -0.00895 -0.00726)
(-0.07531 -0.01397 -0.01229)
(-0.07705 -0.01990 -0.00338)
(-0.05953 -0.03220 -0.00584)
(-0.06870 -0.04705 0.00146)
(-0.05847 -0.06411 0.00621)
(-0.03947 -0.08683 0.02585)
(-0.02320 -0.05669 0.01824)
(-0.02591 -0.06894 0.02405)
(-0.00833 -0.02383 0.00876)
(-0.00370 -0.01139 0.00454)
(0.00855 -0.00204 -0.00287)
(-0.00200 0.00048 0.00056)
(-0.09932 0.02117 0.03630)
(-0.15273 0.02479 0.05171)
(-0.14910 0.01941 0.05216)
(-0.11569 0.01083 0.04767)
(-0.10113 0.00205 0.04169)
(-0.09944 0.00043 0.04130)
(-0.09309 -0.00016 0.04057)
(-0.08993 -0.00081 0.04462)
(-0.07075 -0.00595 0.04655)
(-0.06582 -0.01657 0.04862)
(-0.06474 -0.01427 0.04916)
(-0.06199 -0.01715 0.05038)
(-0.06122 -0.01840 0.05227)
(-0.05118 -0.01866 0.06026)
(-0.05245 -0.01878 0.05513)
(-0.03421 -0.01198 0.04983)
(-0.03380 -0.00945 0.05485)
(-0.02227 -0.00377 0.05412)
(-0.02373 -0.00165 0.06259)
(-0.01794 -0.00486 0.06505)
(-0.02926 -0.00133 0.07627)
(-0.02151 0.00490 0.05608)
(-0.03642 0.00597 0.04967)
(-0.03652 0.00737 0.04473)
(-0.03869 0.01040 0.02949)
(-0.04895 0.01306 0.00631)
(-0.06391 0.01218 0.00415)
(-0.07235 0.01147 0.00138)
(-0.06277 0.00996 -0.00738)
(-0.07217 -0.00348 -0.01297)
(-0.04422 -0.01051 -0.01939)
(-0.06141 -0.01824 -0.01440)
(-0.04952 -0.02714 -0.01547)
(-0.05095 -0.03328 -0.01234)
(-0.04776 -0.04158 -0.00501)
(-0.03316 -0.04961 0.00420)
(-0.03618 -0.08193 0.02443)
(-0.03416 -0.08645 0.02862)
(-0.01199 -0.03603 0.01418)
(-0.03031 -0.08501 0.03013)
(-0.02401 -0.06993 0.02674)
(-0.00683 -0.02707 0.01498)
(-0.00019 -0.00191 0.00150)
(0.02620 -0.00623 -0.00868)
(-0.00088 0.00021 0.00029)
(-0.04949 0.01093 0.01917)
(-0.09963 0.02137 0.03903)
(-0.14544 0.02508 0.06021)
(-0.13620 0.02616 0.06124)
(-0.12063 0.01687 0.05536)
(-0.12500 0.01466 0.05170)
(-0.09563 0.00990 0.04677)
(-0.07586 0.00571 0.04259)
(-0.07806 -0.00291 0.04193)
(-0.05490 -0.00476 0.03128)
(-0.05328 -0.00502 0.03650)
(-0.04740 -0.00473 0.03411)
(-0.03957 -0.00525 0.03084)
(-0.02846 -0.00284 0.02502)
(-0.03767 -0.01010 0.04400)
(-0.04157 -0.00705 0.06168)
(-0.02578 -0.00433 0.05069)
(-0.01364 -0.00478 0.04838)
(-0.00406 -0.00396 0.04564)
(0.00396 -0.00262 0.04369)
(0.00690 0.00096 0.03589)
(0.01673 0.00225 0.02696)
(-0.02836 0.00599 0.04862)
(-0.02779 0.00731 0.04271)
(-0.00420 0.00785 0.02322)
(0.00934 0.01550 0.00009)
(0.01355 0.01600 -0.01347)
(0.00818 0.00897 -0.01267)
(0.00196 0.00707 -0.01297)
(-0.02685 0.00304 -0.02348)
(-0.02902 -0.01899 -0.01875)
(-0.04448 -0.02850 -0.01443)
(-0.00092 -0.03136 -0.00611)
(-0.00869 -0.04468 0.00652)
(-0.00524 -0.05143 0.01094)
(-0.00104 -0.04353 0.00665)
(-0.00720 -0.05654 0.01554)
(-0.01187 -0.06875 0.02381)
(-0.01818 -0.08138 0.04382)
(0.00224 -0.06313 0.03482)
(-0.00845 -0.05235 0.04299)
(-0.00165 -0.01652 0.01310)
(-0.00110 -0.00879 0.00765)
(0.00101 -0.00025 -0.00039)
(-0.03882 0.00914 0.01385)
(-0.11398 0.02456 0.05141)
(-0.11271 0.02760 0.06026)
(-0.10156 0.02066 0.06428)
(-0.05736 0.01257 0.05736)
(-0.08681 0.01512 0.05370)
(-0.08915 0.01367 0.05229)
(-0.06219 0.01149 0.05276)
(-0.05649 0.00919 0.04857)
(-0.05480 0.00833 0.04763)
(-0.03949 0.00023 0.03302)
(-0.02670 0.00088 0.03095)
(-0.02849 0.00014 0.03012)
(-0.03386 -0.00277 0.02722)
(-0.03440 -0.00007 0.02404)
(-0.02535 0.00626 0.02149)
(-0.01678 0.00537 0.01822)
(-0.02507 -0.00098 0.02122)
(-0.02450 0.00326 0.01648)
(-0.02501 -0.00111 0.02222)
(-0.02111 0.00196 0.03177)
(-0.02359 -0.00491 0.03415)
(-0.00160 -0.00412 0.02193)
(0.02152 -0.00046 0.00256)
(0.02728 -0.00025 0.00038)
(0.03255 0.00060 0.00218)
(0.03136 0.00522 0.01258)
(0.03811 -0.00104 0.01281)
(0.03257 0.00552 -0.00194)
(0.03106 0.00663 -0.00491)
(0.03289 0.01695 -0.02008)
(0.04108 0.01097 -0.01699)
(0.05268 0.00801 -0.02255)
(0.02276 0.00563 -0.02624)
(0.05960 0.00065 -0.02909)
(0.02010 -0.00365 -0.02345)
(0.04720 -0.01726 -0.01615)
(0.03605 -0.01948 -0.01038)
(0.05905 -0.02163 -0.00835)
(0.00715 -0.03072 -0.00584)
(0.01854 -0.03066 0.00071)
(0.01762 -0.04266 0.01054)
(0.03332 -0.03645 0.01732)
(0.02347 -0.04400 0.03073)
(0.01859 -0.05565 0.04451)
(0.00771 -0.06905 0.06221)
(-0.00001 -0.02485 0.02645)
(-0.00013 0.00302 -0.00342)
(0.01459 -0.04317 0.05228)
(-0.01053 0.00311 0.00483)
(-0.06038 0.01553 0.02678)
(-0.05794 0.01719 0.03275)
(-0.09655 0.02369 0.04822)
(-0.08849 0.02137 0.06362)
(-0.05801 0.01338 0.05898)
(-0.04429 0.01140 0.05725)
(-0.04823 0.01140 0.05608)
(-0.04068 0.01047 0.05371)
(-0.03374 0.00916 0.04155)
(-0.02175 0.00162 0.03045)
(-0.02088 0.00126 0.02794)
(-0.01762 0.00640 0.01843)
(-0.01127 0.01136 -0.00284)
(-0.00788 0.01030 -0.00846)
(-0.01138 0.01425 -0.01652)
(-0.01696 0.01291 -0.00571)
(0.00296 0.00946 -0.01483)
(0.00591 0.01568 -0.04210)
(-0.00069 0.00859 -0.00367)
(0.00799 0.00637 0.00247)
(0.02593 -0.00055 -0.00786)
(0.03141 -0.00072 -0.01064)
(0.03726 -0.00128 -0.01295)
(0.04365 0.00085 -0.01514)
(0.05571 0.00363 -0.00324)
(0.07002 0.00966 -0.04137)
(0.06268 0.00802 -0.01212)
(0.06788 0.00993 -0.01213)
(0.07907 0.00865 -0.03679)
(0.08707 0.00470 -0.03474)
(0.11210 0.00233 -0.03768)
(0.10301 0.00174 -0.03566)
(0.11081 -0.00018 -0.03497)
(0.07058 -0.00543 -0.02570)
(0.07924 -0.00728 -0.01718)
(0.06878 -0.01961 -0.01006)
(0.07630 -0.02119 -0.00817)
(0.06514 -0.02246 -0.00718)
(0.06316 -0.02281 0.00082)
(0.05145 -0.02485 0.01442)
(0.04788 -0.03611 0.03613)
(0.07057 -0.02546 0.04934)
(0.04123 -0.04092 0.05231)
(0.06380 -0.02873 0.05709)
(0.03439 -0.04980 0.06503)
(0.01110 -0.03755 0.05857)
(0.00068 -0.00328 0.00523)
(-0.00031 0.00113 -0.00194)
(0.00277 -0.00086 -0.00161)
(-0.00403 0.00128 0.00243)
(-0.02946 0.00910 0.01837)
(-0.07592 0.02328 0.05223)
(-0.08565 0.02174 0.06087)
(-0.08079 0.02550 0.06059)
(-0.06805 0.01850 0.05884)
(-0.04348 0.01143 0.05882)
(-0.03685 0.01052 0.05478)
(-0.03277 0.01042 0.05615)
(-0.02852 0.01024 0.05253)
(-0.00367 0.00784 0.03445)
(-0.00389 0.01592 0.02351)
(-0.01590 0.00229 0.02746)
(-0.01779 0.01065 0.01012)
(-0.00594 0.02241 -0.02467)
(0.00930 0.01579 -0.02906)
(0.00507 0.01795 -0.03066)
(0.00824 0.01779 -0.05242)
(0.00751 0.01506 -0.04309)
(0.00990 0.01706 -0.05450)
(0.00970 0.01451 -0.04516)
(0.03044 -0.00114 -0.02012)
(0.03475 -0.00150 -0.02311)
(0.04011 -0.00246 -0.02513)
(0.04740 0.00102 -0.03835)
(0.07733 0.00578 -0.05517)
(0.07887 0.00928 -0.03901)
(0.11003 0.01640 -0.06381)
(0.11329 0.01652 -0.06352)
(0.11691 0.01630 -0.06300)
(0.13016 -0.00442 -0.04804)
(0.12326 -0.00077 -0.03714)
(0.12015 -0.00214 -0.03415)
(0.13275 -0.00949 -0.02673)
(0.08811 -0.02067 -0.00973)
(0.09578 -0.02238 -0.00788)
(0.09732 -0.01860 0.00285)
(0.08681 -0.02360 0.01929)
(0.10941 -0.02157 0.02517)
(0.07128 -0.02728 0.03361)
(0.08544 -0.02154 0.05075)
(0.07789 -0.02304 0.05316)
(0.07180 -0.02457 0.05721)
(0.06641 -0.02615 0.06062)
(0.03532 -0.04250 0.08189)
(0.00481 -0.01607 0.02815)
(0.00210 -0.00609 0.01127)
(-0.00203 0.00637 -0.01155)
(-0.00853 0.00259 0.00477)
(-0.02957 0.00949 0.01916)
(-0.05241 0.01675 0.03592)
(-0.04429 0.01441 0.03058)
(-0.07531 0.02460 0.05917)
(-0.07122 0.02346 0.06127)
(-0.01842 0.00860 0.05851)
(-0.02413 0.01115 0.05733)
(-0.02733 0.01007 0.05802)
(-0.02285 0.01015 0.05484)
(-0.00318 0.01670 0.03071)
(0.01329 0.02137 0.00930)
(-0.00022 0.01677 0.01231)
(0.01280 0.02341 -0.00273)
(-0.00195 0.02453 -0.01882)
(0.00715 0.02603 -0.02950)
(0.00539 0.03297 -0.05035)
(0.00812 0.02983 -0.05619)
(0.00895 0.01839 -0.05941)
(0.01026 0.01960 -0.06580)
(0.01237 0.01568 -0.05730)
(0.01274 0.01767 -0.06858)
(0.02908 0.01162 -0.07386)
(0.03905 0.00159 -0.06564)
(0.04119 0.00669 -0.06851)
(0.05567 0.01189 -0.08775)
(0.06815 0.00899 -0.10092)
(0.09220 0.00444 -0.07387)
(0.10505 0.00765 -0.06746)
(0.11584 0.01566 -0.07028)
(0.12050 0.01563 -0.06882)
(0.14687 -0.00045 -0.06394)
(0.13293 -0.00141 -0.04096)
(0.13868 -0.00292 -0.04077)
(0.13567 -0.00429 -0.03568)
(0.16394 -0.01311 -0.02295)
(0.14745 -0.01767 -0.01765)
(0.15604 -0.01955 -0.01534)
(0.15076 -0.02265 0.00921)
(0.17414 -0.02789 0.00761)
(0.14999 -0.01720 0.01410)
(0.13499 -0.01670 0.02138)
(0.16255 -0.02096 0.02359)
(0.11830 -0.02067 0.03931)
(0.09495 -0.01972 0.05373)
(0.08685 -0.02053 0.05564)
(0.08384 -0.02035 0.05878)
(0.08123 -0.01998 0.06167)
(0.07303 -0.02177 0.06340)
(0.07232 -0.02541 0.08665)
(0.03699 -0.03653 0.09146)
(0.00974 -0.01620 0.03719)
(-0.00091 0.00236 -0.00461)
(0.00038 -0.00013 -0.00022)
(-0.00497 0.00175 0.00324)
(-0.02796 0.01062 0.02081)
(-0.06835 0.02256 0.05187)
(-0.05383 0.02112 0.05406)
(-0.03948 0.01555 0.05801)
(-0.01294 0.01096 0.05216)
(-0.02171 0.01352 0.05711)
(-0.00680 0.00936 0.05739)
(0.01659 0.01375 0.05366)
(0.01519 0.01226 0.05185)
(0.00882 0.01409 0.04604)
(0.00060 0.02375 0.01917)
(0.01009 0.02614 0.00560)
(0.01573 0.02315 0.00242)
(0.00789 0.03369 -0.03398)
(0.00334 0.03549 -0.04799)
(0.00608 0.03387 -0.06286)
(0.00509 0.03448 -0.07191)
(0.00127 0.03387 -0.10708)
(-0.00127 0.03505 -0.12491)
(0.00809 0.03115 -0.13771)
(0.01913 0.01580 -0.09912)
(0.00794 0.03412 -0.14520)
(0.02942 0.01077 -0.12679)
(0.04055 0.01091 -0.13430)
(0.04923 0.01171 -0.11874)
(0.05558 0.01397 -0.12276)
(0.08871 0.00719 -0.10355)
(0.06388 0.01688 -0.14315)
(0.10987 0.00448 -0.10393)
(0.11093 0.01080 -0.09252)
(0.11786 0.00935 -0.07742)
(0.12947 0.00116 -0.08300)
(0.14814 -0.00309 -0.06810)
(0.16264 -0.00314 -0.06527)
(0.17980 -0.01701 -0.03404)
(0.18076 -0.01935 -0.03135)
(0.20881 -0.03084 -0.01450)
(0.21188 -0.03195 -0.01266)
(0.19020 -0.04160 0.01756)
(0.17289 -0.03189 0.02177)
(0.17322 -0.04194 0.04187)
(0.15606 -0.02932 0.04544)
(0.14519 -0.02103 0.04492)
(0.12471 -0.02463 0.06485)
(0.11630 -0.02692 0.08363)
(0.08766 -0.01983 0.07949)
(0.07132 -0.01846 0.10091)
(0.05460 -0.02797 0.10778)
(0.08525 -0.02084 0.09833)
(0.05958 -0.01624 0.10766)
(0.02012 -0.01687 0.05625)
(0.00099 -0.00115 0.00329)
(-0.00199 0.00260 -0.00736)
(-0.00155 0.00076 0.00158)
(-0.01228 0.00449 0.00914)
(-0.04018 0.01638 0.04875)
(-0.00653 0.00488 0.04110)
(-0.01159 0.00890 0.04683)
(0.00030 0.00537 0.05296)
(0.00142 0.00338 0.04743)
(0.00878 0.01182 0.04869)
(0.01979 0.01456 0.05412)
(-0.00853 0.03651 0.01283)
(-0.00240 0.02701 0.01612)
(0.00356 0.02977 0.00466)
(-0.00775 0.03877 -0.02041)
(-0.01207 0.04935 -0.05307)
(-0.02981 0.05771 -0.11811)
(-0.03263 0.05926 -0.13135)
(-0.02625 0.04978 -0.11482)
(-0.00777 0.04956 -0.13059)
(-0.00130 0.04082 -0.13600)
(-0.00762 0.04810 -0.16820)
(-0.00950 0.04820 -0.18532)
(0.02276 0.01971 -0.15160)
(0.03651 0.00826 -0.15048)
(0.02842 0.02686 -0.16345)
(0.02707 0.03338 -0.19165)
(0.02925 0.03500 -0.19088)
(0.08365 0.01950 -0.12813)
(0.09818 0.01612 -0.11858)
(0.10601 0.00180 -0.12616)
(0.11240 -0.00007 -0.12172)
(0.15246 -0.00280 -0.07837)
(0.15947 -0.00778 -0.06935)
(0.17203 -0.01545 -0.04052)
(0.18652 -0.02794 -0.03676)
(0.20194 -0.02815 -0.01568)
(0.19159 -0.03461 -0.00940)
(0.19458 -0.04670 0.01808)
(0.18643 -0.05248 0.04124)
(0.18097 -0.05335 0.04808)
(0.17857 -0.04621 0.05534)
(0.14761 -0.02736 0.05586)
(0.16465 -0.04253 0.06556)
(0.14741 -0.02741 0.07493)
(0.13030 -0.02712 0.08387)
(0.12038 -0.03200 0.09579)
(0.08909 -0.02250 0.09924)
(0.07016 -0.02413 0.10957)
(0.06056 -0.01309 0.10671)
(0.05921 -0.02565 0.11639)
(0.02763 -0.01939 0.07781)
(0.00420 -0.00511 0.01495)
(0.00240 -0.00263 0.00823)
(0.00243 -0.00129 -0.00267)
(-0.00919 0.00469 0.01066)
(-0.00089 0.00048 0.00103)
(-0.00962 0.00554 0.01319)
(-0.00954 0.00807 0.03533)
(-0.00050 0.00564 0.04495)
(0.00835 0.00419 0.03790)
(0.00526 0.00328 0.04172)
(0.00471 0.00986 0.03661)
(0.00349 0.01076 0.04327)
(-0.00093 0.02270 0.02774)
(0.00656 0.02033 0.03363)
(-0.00752 0.03053 0.01999)
(-0.03073 0.05903 -0.03086)
(-0.03459 0.06267 -0.04233)
(-0.02337 0.05509 -0.04890)
(-0.02988 0.05982 -0.10321)
(-0.04058 0.06466 -0.13632)
(-0.03758 0.06190 -0.14489)
(-0.02557 0.05529 -0.16169)
(-0.03059 0.06253 -0.19695)
(-0.03401 0.06518 -0.21543)
(-0.05048 0.08547 -0.24437)
(-0.00573 0.04478 -0.18619)
(-0.00352 0.04650 -0.19953)
(0.01743 0.03717 -0.19650)
(0.01675 0.04013 -0.20168)
(0.01744 0.04202 -0.20152)
(0.03036 0.03631 -0.18998)
(0.07515 0.01830 -0.14976)
(0.09510 0.00575 -0.13455)
(0.09990 0.00326 -0.13072)
(0.12199 0.00077 -0.10676)
(0.12967 -0.00987 -0.08889)
(0.16528 -0.02169 -0.05558)
(0.15731 -0.03306 -0.04157)
(0.16296 -0.03696 -0.03323)
(0.17971 -0.03988 -0.01525)
(0.17953 -0.04896 0.02392)
(0.18280 -0.05630 0.04332)
(0.17744 -0.05789 0.04942)
(0.17663 -0.05421 0.05434)
(0.17146 -0.05252 0.06439)
(0.14480 -0.04044 0.08834)
(0.12756 -0.03257 0.10080)
(0.11475 -0.02912 0.10461)
(0.10188 -0.02170 0.10593)
(0.09071 -0.02718 0.11943)
(0.07525 -0.03069 0.11869)
(0.06910 -0.03655 0.12764)
(0.03240 -0.03034 0.10122)
(0.00572 -0.00638 0.01967)
(0.00199 -0.00120 -0.00258)
(-0.00320 0.00205 0.00471)
(-0.01496 0.01032 0.02803)
(-0.01055 0.00834 0.02208)
(-0.01164 0.01038 0.02908)
(0.01203 0.00527 0.03038)
(0.01021 0.00809 0.03398)
(-0.00061 0.01917 0.02444)
(0.00231 0.02885 0.01414)
(-0.00408 0.03366 0.01084)
(-0.00496 0.03394 0.01260)
(-0.03632 0.06184 -0.03320)
(-0.04317 0.06729 -0.04535)
(-0.05043 0.07288 -0.05874)
(-0.04392 0.06931 -0.05601)
(-0.05149 0.07404 -0.09472)
(-0.05751 0.07608 -0.13831)
(-0.05307 0.07167 -0.15266)
(-0.08949 0.10402 -0.20303)
(-0.04276 0.06408 -0.15820)
(-0.05349 0.08098 -0.21514)
(-0.05417 0.08115 -0.22049)
(-0.06186 0.09369 -0.25394)
(-0.04901 0.08477 -0.24513)
(-0.04967 0.08613 -0.24704)
(0.00610 0.04722 -0.21258)
(0.00519 0.04949 -0.21275)
(0.01883 0.04243 -0.20042)
(0.01935 0.04260 -0.19988)
(0.03160 0.04202 -0.18313)
(0.05075 0.02959 -0.16525)
(0.09917 0.00318 -0.11389)
(0.07692 0.01002 -0.12464)
(0.12228 -0.00963 -0.08937)
(0.14603 -0.03383 -0.04557)
(0.14559 -0.03831 -0.03862)
(0.15590 -0.04201 -0.02828)
(0.14782 -0.05531 -0.00345)
(0.17693 -0.06152 0.04436)
(0.17153 -0.06376 0.04944)
(0.17245 -0.05979 0.05572)
(0.15495 -0.06767 0.07719)
(0.13839 -0.05097 0.09520)
(0.13721 -0.04687 0.09615)
(0.11926 -0.05055 0.12195)
(0.10348 -0.03915 0.12481)
(0.09980 -0.03633 0.12462)
(0.09957 -0.04108 0.12734)
(0.09661 -0.03845 0.12717)
(0.09274 -0.03644 0.12743)
(0.07031 -0.04026 0.13074)
(0.04403 -0.04154 0.13538)
(0.03971 -0.04066 0.12523)
(0.00917 -0.01049 0.03148)
(-0.00267 0.00321 -0.00951)
(0.00057 -0.00043 -0.00103)
(-0.00380 0.00322 0.00819)
(0.01689 0.00077 0.02273)
(0.00574 0.00671 0.02874)
(0.02174 0.00301 0.02810)
(0.01572 0.00461 0.02593)
(0.01675 0.01439 0.02200)
(0.00313 0.02813 0.01209)
(-0.00507 0.03405 0.00795)
(-0.02631 0.04813 -0.00680)
(-0.03605 0.05519 -0.02271)
(-0.04921 0.07091 -0.04690)
(-0.05655 0.07672 -0.05999)
(-0.09396 0.10145 -0.10800)
(-0.05976 0.07982 -0.07486)
(-0.10294 0.11415 -0.15177)
(-0.11098 0.11546 -0.18226)
(-0.12512 0.12843 -0.22318)
(-0.10147 0.12215 -0.24424)
(-0.08069 0.10089 -0.24905)
(-0.08408 0.10370 -0.26246)
(-0.06064 0.09414 -0.25473)
(-0.07286 0.10383 -0.26285)
(-0.06058 0.09499 -0.25625)
(-0.04951 0.08159 -0.25471)
(-0.05169 0.09057 -0.25918)
(0.00673 0.04913 -0.21127)
(-0.00215 0.05646 -0.21625)
(-0.00322 0.05392 -0.21320)
(0.00506 0.05140 -0.20580)
(0.05201 0.02615 -0.15036)
(0.05379 0.02392 -0.14034)
(0.08166 0.00174 -0.11311)
(0.11489 -0.02808 -0.07407)
(0.13333 -0.03814 -0.04422)
(0.14500 -0.04399 -0.03112)
(0.13096 -0.06664 -0.00534)
(0.15460 -0.06837 0.03079)
(0.14613 -0.08108 0.04312)
(0.14619 -0.07564 0.07152)
(0.13468 -0.08242 0.08945)
(0.13723 -0.06524 0.10398)
(0.12434 -0.05896 0.11069)
(0.12138 -0.07634 0.11797)
(0.11027 -0.05798 0.11859)
(0.10092 -0.04499 0.12845)
(0.09527 -0.04155 0.12959)
(0.07930 -0.05100 0.13520)
(0.06581 -0.04988 0.13753)
(0.04550 -0.04424 0.13765)
(0.04880 -0.04485 0.13901)
(0.01284 -0.01501 0.04360)
(-0.00054 0.00067 -0.00194)
(0.00043 0.00000 0.00055)
(0.01074 0.00018 0.01481)
(0.01048 -0.00028 0.01186)
(0.02132 0.00394 0.03055)
(0.02307 0.00429 0.03185)
(0.03090 -0.00072 0.02713)
(0.03188 0.00311 0.02682)
(0.00611 0.02381 0.01334)
(0.00803 0.02269 0.01783)
(-0.00401 0.03336 0.00611)
(-0.04744 0.06353 -0.01901)
(-0.06738 0.07648 -0.04473)
(-0.08348 0.09567 -0.07326)
(-0.12535 0.12549 -0.12300)
(-0.13123 0.12938 -0.16923)
(-0.16003 0.14754 -0.21117)
(-0.15824 0.15254 -0.22066)
(-0.12663 0.13443 -0.25602)
(-0.16450 0.16253 -0.26706)
(-0.13026 0.13906 -0.28189)
(-0.14326 0.15352 -0.29690)
(-0.13492 0.14990 -0.30760)
(-0.07233 0.10478 -0.26376)
(-0.08536 0.10870 -0.28441)
(-0.10785 0.13169 -0.30431)
(-0.04846 0.08757 -0.26036)
(-0.05632 0.09228 -0.26567)
(-0.03343 0.07438 -0.23772)
(-0.02878 0.06584 -0.23581)
(0.01477 0.04181 -0.18291)
(0.01543 0.03176 -0.17308)
(0.06321 0.00161 -0.11912)
(0.05620 -0.01138 -0.10699)
(0.05001 -0.02164 -0.09271)
(0.09557 -0.05471 -0.04253)
(0.09659 -0.06634 -0.02472)
(0.11466 -0.09321 0.01977)
(0.11334 -0.09320 0.02310)
(0.13078 -0.08983 0.06693)
(0.11792 -0.09025 0.07827)
(0.12717 -0.07567 0.10259)
(0.10829 -0.08512 0.11680)
(0.10666 -0.06367 0.12991)
(0.09584 -0.07032 0.13819)
(0.09509 -0.04550 0.13168)
(0.08035 -0.07995 0.15308)
(0.07219 -0.06311 0.14889)
(0.06704 -0.06042 0.14673)
(0.06462 -0.06528 0.15432)
(0.05427 -0.06087 0.15273)
(0.01975 -0.02606 0.06502)
(0.00119 -0.00174 0.00462)
(0.00207 -0.00004 0.00250)
(0.01589 0.00128 0.02140)
(0.02478 0.00503 0.03140)
(0.02949 0.00877 0.02987)
(0.02796 0.00862 0.02918)
(0.00838 0.02060 0.01498)
(-0.03816 0.05348 -0.01044)
(-0.01564 0.03561 0.00321)
(-0.05276 0.06368 -0.01908)
(-0.06880 0.07881 -0.03561)
(-0.10727 0.10760 -0.08023)
(-0.13649 0.13073 -0.11744)
(-0.14476 0.14272 -0.15406)
(-0.16696 0.15406 -0.15726)
(-0.16149 0.15070 -0.20058)
(-0.17892 0.17293 -0.22890)
(-0.22666 0.21394 -0.30217)
(-0.18791 0.18050 -0.29927)
(-0.19246 0.19018 -0.31879)
(-0.17826 0.18039 -0.31911)
(-0.15074 0.16303 -0.32964)
(-0.13515 0.15454 -0.32510)
(-0.12804 0.14797 -0.32111)
(-0.09482 0.12042 -0.29769)
(-0.07885 0.10530 -0.28655)
(-0.09312 0.11331 -0.28752)
(-0.08536 0.10201 -0.27922)
(-0.03422 0.06202 -0.22098)
(-0.03762 0.04468 -0.20289)
(0.01389 0.02151 -0.15418)
(0.02335 -0.00265 -0.12547)
(0.02867 -0.02949 -0.09519)
(0.06427 -0.05089 -0.06023)
(0.06251 -0.06739 -0.04186)
(0.11025 -0.09322 0.01730)
(0.10045 -0.09935 0.02982)
(0.11620 -0.10013 0.05962)
(0.08913 -0.11845 0.07949)
(0.10613 -0.10462 0.09382)
(0.09771 -0.10297 0.11706)
(0.10570 -0.08641 0.11969)
(0.10660 -0.08150 0.13531)
(0.09300 -0.10431 0.14787)
(0.08753 -0.09905 0.15262)
(0.08116 -0.08342 0.15398)
(0.07408 -0.07078 0.15555)
(0.06529 -0.06968 0.16108)
(0.05960 -0.06710 0.15929)
(0.03711 -0.04671 0.11380)
(0.01664 -0.02287 0.05589)
(0.00238 -0.00341 0.00835)
(-0.00138 0.00011 -0.00214)
(0.00483 0.00012 0.00813)
(0.02089 -0.00073 0.02816)
(0.03471 -0.00011 0.03981)
(0.02939 0.00639 0.03441)
(0.02397 0.01004 0.03123)
(0.00736 0.02189 0.01997)
(0.01883 0.01347 0.02858)
(-0.02688 0.04697 -0.00670)
(-0.05076 0.06240 -0.01777)
(-0.06298 0.07171 -0.02616)
(-0.11908 0.11918 -0.07437)
(-0.11498 0.11286 -0.07866)
(-0.14837 0.13994 -0.11826)
(-0.19746 0.18955 -0.17757)
(-0.20267 0.18844 -0.20136)
(-0.22240 0.21214 -0.21013)
(-0.21314 0.19940 -0.23139)
(-0.23787 0.22462 -0.30540)
(-0.22968 0.21863 -0.31174)
(-0.23162 0.22241 -0.31961)
(-0.21965 0.21925 -0.32814)
(-0.17269 0.17638 -0.34284)
(-0.17648 0.18304 -0.35449)
(-0.18135 0.19247 -0.36807)
(-0.16091 0.17153 -0.35334)
(-0.12949 0.14359 -0.33026)
(-0.11990 0.13281 -0.32487)
(-0.13193 0.13961 -0.32513)
(-0.12917 0.13604 -0.32020)
(-0.06708 0.08308 -0.24780)
(-0.04959 0.05245 -0.21190)
(-0.03562 0.03910 -0.19468)
(-0.02585 0.02476 -0.17319)
(-0.01422 -0.00816 -0.12317)
(0.02857 -0.04290 -0.07746)
(0.01945 -0.06538 -0.04564)
(0.05833 -0.08344 -0.02093)
(0.05575 -0.09222 0.00531)
(0.08626 -0.11967 0.06891)
(0.08456 -0.12139 0.07700)
(0.08835 -0.12005 0.08651)
(0.08798 -0.12237 0.09261)
(0.09238 -0.10520 0.13765)
(0.09196 -0.10989 0.14933)
(0.08613 -0.10146 0.15470)
(0.08556 -0.10219 0.15859)
(0.08270 -0.09380 0.16120)
(0.07279 -0.08596 0.16195)
(0.06777 -0.09107 0.17226)
(0.06788 -0.08920 0.16963)
(0.05902 -0.07906 0.16846)
(0.03484 -0.05485 0.11511)
(0.00351 -0.00580 0.01228)
(0.00348 -0.00586 0.01231)
(0.00484 -0.00112 0.00689)
(0.02875 -0.00421 0.03911)
(0.02827 0.00663 0.03816)
(0.02619 0.00797 0.03543)
(0.02219 0.01080 0.03232)
(0.01596 0.01523 0.02933)
(-0.02481 0.04514 -0.00377)
(-0.05545 0.06856 -0.02661)
(-0.06409 0.07259 -0.02604)
(-0.11678 0.11840 -0.07749)
(-0.15617 0.14780 -0.12203)
(-0.21543 0.20657 -0.19309)
(-0.22461 0.21517 -0.20650)
(-0.23145 0.22076 -0.22214)
(-0.24537 0.23364 -0.25768)
(-0.24125 0.22972 -0.31335)
(-0.25351 0.24205 -0.31465)
(-0.24333 0.23331 -0.32151)
(-0.26203 0.25361 -0.35500)
(-0.25148 0.24950 -0.37616)
(-0.23741 0.23709 -0.36810)
(-0.22711 0.22521 -0.38335)
(-0.23208 0.23489 -0.39939)
(-0.22818 0.23052 -0.40209)
(-0.16880 0.17712 -0.35990)
(-0.14406 0.14932 -0.33794)
(-0.14179 0.14595 -0.33266)
(-0.12930 0.13430 -0.31628)
(-0.10572 0.09915 -0.27035)
(-0.04861 0.04737 -0.20545)
(-0.05038 0.03627 -0.18783)
(-0.03741 0.00458 -0.14316)
(-0.00908 -0.02263 -0.10837)
(0.00846 -0.06143 -0.05270)
(0.02233 -0.07252 -0.03630)
(0.02349 -0.07844 -0.02859)
(0.08048 -0.12261 0.06764)
(0.07919 -0.12468 0.07449)
(0.08412 -0.12382 0.08436)
(0.08436 -0.12765 0.09193)
(0.08516 -0.12004 0.12849)
(0.08872 -0.12598 0.15212)
(0.08076 -0.12029 0.16728)
(0.07874 -0.11385 0.17194)
(0.07824 -0.09916 0.17336)
(0.06870 -0.10119 0.17836)
(0.06724 -0.09830 0.17719)
(0.05481 -0.08576 0.17628)
(0.04000 -0.06467 0.13454)
(0.02156 -0.03552 0.07432)
(0.04044 -0.06724 0.13880)
(0.00559 -0.00961 0.02010)
(0.00119 -0.00028 0.00182)
(0.00932 -0.00222 0.01398)
(0.00596 -0.00153 0.00931)
(0.02292 -0.00561 0.03417)
(0.02699 0.00220 0.05123)
(0.02493 0.00475 0.04540)
(0.02503 0.00733 0.03833)
(0.01735 0.01143 0.03605)
(0.02082 0.01113 0.03375)
(-0.01632 0.03972 0.01085)
(-0.02091 0.04199 -0.00191)
(-0.04486 0.06233 -0.01500)
(-0.08801 0.09924 -0.05697)
(-0.12448 0.12658 -0.08670)
(-0.15375 0.15243 -0.11795)
(-0.20018 0.19229 -0.16654)
(-0.22724 0.21912 -0.20536)
(-0.23452 0.22490 -0.21977)
(-0.25747 0.24753 -0.24683)
(-0.29590 0.29099 -0.31649)
(-0.25550 0.24548 -0.32199)
(-0.29789 0.29049 -0.36769)
(-0.29606 0.29424 -0.39829)
(-0.26140 0.25877 -0.39853)
(-0.25021 0.24995 -0.41111)
(-0.23965 0.24038 -0.40979)
(-0.20998 0.21248 -0.39454)
(-0.18518 0.18460 -0.37409)
(-0.15478 0.15674 -0.34665)
(-0.14069 0.14226 -0.32628)
(-0.14396 0.12676 -0.29788)
(-0.08638 0.07260 -0.22932)
(-0.08910 0.05917 -0.20537)
(-0.07919 0.03688 -0.17668)
(-0.03087 -0.01698 -0.11768)
(-0.00962 -0.05446 -0.06919)
(0.01232 -0.06942 -0.04136)
(0.01518 -0.07781 -0.03045)
(0.04454 -0.10877 0.02935)
(0.06726 -0.13149 0.06570)
(0.07934 -0.12784 0.08230)
(0.07627 -0.13902 0.10217)
(0.08121 -0.13750 0.12794)
(0.07426 -0.14591 0.14487)
(0.08337 -0.13346 0.16199)
(0.08107 -0.12566 0.16920)
(0.08041 -0.12091 0.17266)
(0.07202 -0.11535 0.17961)
(0.06045 -0.10020 0.18497)
(0.05550 -0.08913 0.18047)
(0.05475 -0.09005 0.18175)
(0.05287 -0.08906 0.18106)
(0.03506 -0.06003 0.12327)
(0.00557 -0.01054 0.02194)
(-0.00442 0.00848 -0.01776)
(0.00040 -0.00013 0.00104)
(0.00500 -0.00166 0.01272)
(0.03432 -0.00948 0.05607)
(0.01767 -0.00522 0.03756)
(0.02868 -0.00797 0.06889)
(0.02503 -0.00000 0.05529)
(0.02481 0.00060 0.05122)
(0.01302 0.00915 0.04043)
(0.00085 0.02158 0.02504)
(-0.03224 0.04954 -0.00104)
(-0.04539 0.06146 -0.00165)
(-0.06606 0.08124 -0.02777)
(-0.11165 0.12003 -0.06992)
(-0.15745 0.16423 -0.11983)
(-0.19005 0.18985 -0.15491)
(-0.21026 0.20987 -0.17911)
(-0.25792 0.25941 -0.23840)
(-0.23708 0.22938 -0.21846)
(-0.26902 0.26510 -0.25806)
(-0.31371 0.31422 -0.30752)
(-0.30301 0.30205 -0.33129)
(-0.31196 0.30947 -0.37370)
(-0.31353 0.31515 -0.39338)
(-0.29156 0.28750 -0.41415)
(-0.29447 0.29401 -0.42929)
(-0.29180 0.28632 -0.44979)
(-0.24731 0.24093 -0.42975)
(-0.23000 0.22183 -0.41354)
(-0.22707 0.21843 -0.41552)
(-0.18864 0.17527 -0.36211)
(-0.16326 0.14186 -0.31678)
(-0.13955 0.11444 -0.28005)
(-0.11859 0.07964 -0.23532)
(-0.11236 0.06393 -0.21219)
(-0.06932 0.01040 -0.15151)
(-0.06664 -0.00474 -0.12579)
(0.00251 -0.06509 -0.04572)
(0.00039 -0.08606 -0.02323)
(0.01863 -0.11127 0.00815)
(0.02210 -0.12999 0.03696)
(0.04413 -0.14430 0.07681)
(0.05103 -0.14804 0.08983)
(0.06567 -0.15782 0.12942)
(0.07336 -0.15415 0.14905)
(0.07695 -0.14248 0.16225)
(0.06775 -0.13732 0.17726)
(0.07392 -0.12389 0.18134)
(0.05817 -0.11897 0.19472)
(0.06117 -0.11444 0.18955)
(0.05554 -0.11325 0.20205)
(0.05190 -0.10343 0.20292)
(0.04433 -0.08938 0.17750)
(0.02642 -0.05561 0.10991)
(0.00736 -0.01601 0.03225)
(-0.00291 0.00661 -0.01371)
(0.00196 -0.00038 0.00875)
(0.01098 -0.00222 0.04855)
(0.02705 -0.00917 0.06193)
(0.02331 -0.00594 0.05491)
(0.02608 -0.00434 0.04956)
(0.01765 0.00355 0.04694)
(0.00144 0.02007 0.02856)
(0.00243 0.01931 0.02677)
(-0.01422 0.03365 0.01221)
(-0.03563 0.05073 -0.00509)
(-0.03671 0.05501 -0.00743)
(-0.06712 0.08329 -0.03492)
(-0.09862 0.11163 -0.06338)
(-0.11156 0.12717 -0.07826)
(-0.12841 0.14213 -0.09308)
(-0.18827 0.19073 -0.15512)
(-0.14952 0.16372 -0.12086)
(-0.21511 0.21770 -0.18584)
(-0.24826 0.25536 -0.22218)
(-0.28474 0.28749 -0.27225)
(-0.30647 0.31123 -0.30946)
(-0.32640 0.32920 -0.32356)
(-0.33200 0.33646 -0.37834)
(-0.34445 0.35483 -0.41686)
(-0.31572 0.31708 -0.42338)
(-0.31021 0.31074 -0.43225)
(-0.30793 0.30028 -0.46573)
(-0.28573 0.27900 -0.45430)
(-0.26624 0.25588 -0.43935)
(-0.24929 0.23451 -0.43161)
(-0.21090 0.19531 -0.38305)
(-0.19673 0.17738 -0.35190)
(-0.15777 0.12953 -0.29818)
(-0.15379 0.11262 -0.26639)
(-0.14728 0.08732 -0.23063)
(-0.09503 0.03348 -0.16638)
(-0.08234 0.00342 -0.13062)
(-0.05382 -0.04581 -0.08071)
(-0.03759 -0.07654 -0.04938)
(-0.00702 -0.10378 -0.00767)
(0.01214 -0.12974 0.02815)
(0.01249 -0.14973 0.05620)
(0.03631 -0.15456 0.09247)
(0.02616 -0.16284 0.09899)
(0.05174 -0.15498 0.13571)
(0.06430 -0.15095 0.16225)
(0.04566 -0.15607 0.17702)
(0.04707 -0.15278 0.18224)
(0.05206 -0.14321 0.18628)
(0.04568 -0.14983 0.18713)
(0.05437 -0.13154 0.19443)
(0.04885 -0.11440 0.20428)
(0.04663 -0.11184 0.20311)
(0.03817 -0.10027 0.19279)
(0.01222 -0.03243 0.06368)
(0.00177 -0.00539 0.01078)
(-0.00068 0.00208 -0.00417)
(0.00035 -0.00009 0.00167)
(0.00553 -0.00136 0.02630)
(0.01419 -0.00352 0.06843)
(0.02217 -0.00693 0.06501)
(0.01909 -0.00127 0.05400)
(0.01463 0.00302 0.05339)
(0.01511 0.00565 0.04601)
(-0.00340 0.02327 0.01810)
(-0.00944 0.03008 0.01199)
(-0.01250 0.03421 0.00681)
(-0.05900 0.07704 -0.03636)
(-0.10689 0.12418 -0.07655)
(-0.12180 0.13761 -0.08989)
(-0.13289 0.14916 -0.10160)
(-0.19194 0.20796 -0.16717)
(-0.22349 0.24292 -0.20398)
(-0.27679 0.28458 -0.26123)
(-0.29865 0.31427 -0.30009)
(-0.31663 0.32604 -0.32680)
(-0.30736 0.32891 -0.32256)
(-0.33484 0.34829 -0.38063)
(-0.34687 0.36010 -0.41741)
(-0.34464 0.35437 -0.42725)
(-0.33738 0.34517 -0.43643)
(-0.32290 0.31862 -0.46092)
(-0.30438 0.29600 -0.46602)
(-0.29009 0.28062 -0.46178)
(-0.27365 0.26465 -0.45015)
(-0.23368 0.21756 -0.40305)
(-0.23022 0.21101 -0.38040)
(-0.19971 0.16906 -0.33538)
(-0.16674 0.12120 -0.27469)
(-0.15446 0.09646 -0.23750)
(-0.14248 0.07737 -0.21630)
(-0.11673 0.04051 -0.16800)
(-0.06634 -0.04163 -0.08693)
(-0.05610 -0.05691 -0.06907)
(-0.05476 -0.07334 -0.03975)
(-0.01819 -0.11723 0.01443)
(-0.00073 -0.14931 0.06396)
(0.00712 -0.15322 0.07615)
(0.00773 -0.15498 0.08333)
(0.02387 -0.15326 0.11179)
(0.03691 -0.15440 0.16218)
(0.04216 -0.15175 0.18327)
(0.04842 -0.14337 0.19461)
(0.04738 -0.13321 0.19771)
(0.03361 -0.12536 0.19414)
(0.04020 -0.12079 0.20131)
(0.03677 -0.11393 0.20519)
(0.03254 -0.10111 0.17821)
(0.01066 -0.03418 0.06719)
(0.00081 -0.00250 0.00477)
(0.00032 -0.00007 0.00082)
(0.00962 -0.00226 0.02454)
(0.02280 -0.00294 0.04982)
(0.03097 -0.00514 0.05146)
(0.02561 -0.00354 0.05459)
(0.01224 0.00237 0.04696)
(0.00732 0.00978 0.03794)
(0.01115 0.00432 0.04461)
(-0.00254 0.02267 0.01834)
(-0.00711 0.02826 0.01252)
(-0.00517 0.02713 0.01275)
(-0.01017 0.03276 0.00702)
(-0.01463 0.03759 0.00153)
(-0.08125 0.10652 -0.06227)
(-0.11516 0.13288 -0.08634)
(-0.12573 0.14383 -0.09757)
(-0.18612 0.20688 -0.16714)
(-0.20484 0.22757 -0.19056)
(-0.26272 0.28485 -0.25276)
(-0.28506 0.31368 -0.28958)
(-0.29300 0.32276 -0.30251)
(-0.32717 0.34454 -0.37658)
(-0.34741 0.36423 -0.41793)
(-0.34723 0.36002 -0.42707)
(-0.34813 0.36029 -0.43559)
(-0.33755 0.34432 -0.46196)
(-0.31280 0.30542 -0.46920)
(-0.30608 0.30347 -0.46754)
(-0.27225 0.25815 -0.43481)
(-0.22551 0.20505 -0.36924)
(-0.20828 0.17626 -0.33497)
(-0.14985 0.08689 -0.22454)
(-0.10429 0.00986 -0.12827)
(-0.08652 -0.03116 -0.08871)
(-0.05418 -0.08984 -0.01588)
(-0.00052 -0.15072 0.07074)
(0.00711 -0.15619 0.08919)
(0.03765 -0.15335 0.17891)
(0.03183 -0.13593 0.19174)
(0.01031 -0.04038 0.07150)
(0.00138 -0.00019 0.00402)
(0.01456 -0.00224 0.03126)
(0.03231 -0.00662 0.04399)
(0.02297 -0.00249 0.04356)
(0.03216 -0.00506 0.04251)
(0.03148 -0.00604 0.04316)
(0.01345 0.01021 0.03613)
(-0.00130 0.02227 0.01829)
(-0.00286 0.02634 0.01240)
(-0.00805 0.03187 0.00676)
(-0.01644 0.04231 -0.00537)
(-0.05160 0.08516 -0.04368)
(-0.06625 0.10132 -0.06399)
(-0.10116 0.12818 -0.08169)
(-0.14914 0.18082 -0.14181)
(-0.16812 0.19221 -0.15334)
(-0.18983 0.21898 -0.18336)
(-0.25103 0.28019 -0.24575)
(-0.22122 0.25650 -0.22443)
(-0.27783 0.30853 -0.28392)
(-0.28639 0.31856 -0.29794)
(-0.30768 0.33628 -0.33956)
(-0.33677 0.36381 -0.39906)
(-0.34725 0.36637 -0.42510)
(-0.34891 0.36455 -0.43454)
(-0.33031 0.33700 -0.47223)
(-0.00251 -0.00042 -0.00496)
(0.00755 0.00064 0.01333)
(0.02854 0.00193 0.04348)
(0.02846 0.00023 0.04976)
(0.02843 -0.00215 0.04330)
(0.02384 0.00166 0.04161)
(0.01508 0.01057 0.03535)
(0.01533 0.01340 0.02862)
(0.01630 0.01288 0.02982)
(0.00745 0.02158 0.01151)
(-0.00402 0.03428 -0.00259)
(-0.01377 0.04785 -0.01428)
(-0.04442 0.08169 -0.04695)
(-0.04307 0.08105 -0.04884)
(-0.09736 0.13276 -0.09180)
(-0.12805 0.16456 -0.12833)
(-0.17828 0.21300 -0.17678)
(-0.20521 0.24489 -0.20852)
(-0.26435 0.29887 -0.27177)
(-0.30283 0.34095 -0.33193)
(-0.32018 0.36069 -0.37153)
(-0.00273 -0.00078 -0.00443)
(0.00194 0.00055 0.00312)
(0.01292 0.00514 0.02068)
(0.02367 0.00879 0.04571)
(0.02372 0.00878 0.04472)
(0.02665 0.01009 0.03884)
(0.02090 0.01151 0.02533)
(0.01230 0.02623 0.01016)
(0.00519 0.03352 -0.00110)
(-0.01414 0.05455 -0.01630)
(-0.03866 0.07745 -0.04260)
(-0.05101 0.09097 -0.05210)
(-0.08090 0.12059 -0.08027)
(-0.12213 0.16616 -0.12267)
(-0.15297 0.19248 -0.14963)
(-0.16668 0.20975 -0.16542)
(-0.22509 0.26683 -0.23076)
(0.00072 0.00030 0.00087)
(0.01648 0.00671 0.01958)
(0.02044 0.00781 0.03409)
(0.02615 0.00997 0.04303)
(0.02570 0.00975 0.04173)
(0.02713 0.01045 0.03941)
(0.02704 0.01722 0.02673)
(0.02318 0.02351 0.01527)
(0.01410 0.02864 0.00763)
(0.01660 0.03346 0.00187)
(0.00051 0.04962 -0.01740)
(-0.01064 0.06113 -0.02550)
(-0.02172 0.06995 -0.02913)
(-0.01624 0.07242 -0.03949)
(-0.04054 0.09024 -0.05446)
(-0.08768 0.13179 -0.09133)
(0.00214 0.00091 0.00192)
(0.02538 0.01033 0.02873)
(0.02810 0.01089 0.04066)
(0.03723 0.02020 0.02493)
(0.02964 0.01635 0.02999)
(0.02761 0.02125 0.02151)
(0.02849 0.02549 0.01321)
(0.01802 0.03330 0.00202)
(0.00155 0.05595 -0.02903)
(-0.01023 0.06744 -0.03592)
(-0.00048 -0.00026 -0.00029)
(0.01392 0.00667 0.00691)
(0.03207 0.01740 0.01419)
(-0.30253 0.29889 -0.47022)
(-0.23781 0.21977 -0.38874)
(-0.16161 0.10650 -0.24559)
(-0.14407 0.06931 -0.19674)
(-0.07266 -0.05932 -0.05059)
(-0.01955 -0.13183 0.04201)
(-0.00003 -0.15235 0.07835)
(0.01818 -0.15469 0.12963)
(0.02675 -0.15003 0.17363)
(0.02588 -0.13000 0.19116)
(0.03064 -0.12308 0.19346)
(0.02808 -0.10325 0.17651)
(0.02680 -0.10068 0.17363)
(0.02547 -0.09772 0.17039)
(0.00229 -0.00903 0.01610)
(-0.34849 0.36160 -0.45915)
(-0.32237 0.32615 -0.47874)
(-0.30699 0.30913 -0.47337)
(-0.29355 0.28551 -0.45517)
(-0.25104 0.23570 -0.41098)
(-0.23160 0.21303 -0.37685)
(-0.21764 0.19009 -0.33911)
(-0.19575 0.16835 -0.30156)
(-0.15712 0.09740 -0.23374)
(-0.16251 0.09937 -0.21741)
(-0.11241 0.01800 -0.13618)
(-0.09643 -0.02381 -0.09075)
(-0.07978 -0.05111 -0.05858)
(-0.06890 -0.06904 -0.04303)
(-0.05386 -0.10311 0.00176)
(-0.00870 -0.14727 0.06437)
(-0.00782 -0.14904 0.07275)
(-0.00192 -0.15498 0.09111)
(-0.00409 -0.15773 0.12467)
(0.02027 -0.15734 0.16405)
(0.01251 -0.15051 0.16832)
(0.01751 -0.14037 0.17870)
(0.01898 -0.13387 0.17789)
(0.02183 -0.11399 0.17937)
(0.02402 -0.10173 0.17178)
(0.02263 -0.09720 0.16650)
(0.00850 -0.03658 0.06356)
(0.00084 -0.00362 0.00632)
(-0.33080 0.37468 -0.40375)
(-0.34704 0.37546 -0.44290)
(-0.34881 0.37460 -0.45024)
(-0.35241 0.36561 -0.47687)
(-0.33691 0.34971 -0.47732)
(-0.32237 0.32704 -0.47244)
(-0.29843 0.29635 -0.46221)
(-0.27828 0.27501 -0.43916)
(-0.23682 0.22145 -0.38538)
(-0.25808 0.25109 -0.41390)
(-0.22628 0.20951 -0.35903)
(-0.20701 0.18860 -0.31149)
(-0.17844 0.13364 -0.25343)
(-0.16852 0.11019 -0.22735)
(-0.13811 0.05270 -0.16412)
(-0.12240 0.01102 -0.11892)
(-0.11165 -0.01140 -0.09483)
(-0.07421 -0.07072 -0.04290)
(-0.06810 -0.09398 -0.01773)
(-0.04138 -0.12129 0.02759)
(-0.03455 -0.13822 0.04865)
(-0.02105 -0.15230 0.08753)
(-0.01808 -0.15613 0.12192)
(-0.01334 -0.15361 0.12606)
(0.00687 -0.14923 0.15654)
(0.01559 -0.14176 0.17105)
(0.00261 -0.14260 0.16169)
(0.00994 -0.13055 0.17380)
(0.01372 -0.12202 0.17130)
(0.00810 -0.12244 0.16384)
(0.02164 -0.10427 0.17150)
(0.01967 -0.09570 0.15984)
(0.00973 -0.04627 0.07809)
(0.00167 -0.01014 0.01727)
(-0.00065 0.00387 -0.00661)
(-0.25401 0.30024 -0.27813)
(-0.29354 0.33742 -0.32952)
(-0.30858 0.35288 -0.36020)
(-0.32999 0.37374 -0.39809)
(-0.34357 0.37958 -0.43342)
(-0.34042 0.37813 -0.44485)
(-0.34521 0.36379 -0.46865)
(-0.33472 0.35435 -0.46585)
(-0.32095 0.33346 -0.47118)
(-0.31342 0.32224 -0.46788)
(-0.28723 0.29556 -0.44985)
(-0.26771 0.27145 -0.42780)
(-0.24081 0.24118 -0.38720)
(-0.23340 0.23104 -0.36647)
(-0.20477 0.18458 -0.30567)
(-0.18280 0.14657 -0.25060)
(-0.17414 0.12397 -0.22614)
(-0.14608 0.06133 -0.16583)
(-0.13755 0.04050 -0.14548)
(-0.11178 -0.02472 -0.08703)
(-0.09532 -0.05085 -0.06471)
(-0.08062 -0.07975 -0.03653)
(-0.06254 -0.11152 0.00110)
(-0.04712 -0.13427 0.03828)
(-0.03124 -0.14487 0.06516)
(-0.04472 -0.14264 0.06222)
(-0.02638 -0.14955 0.09423)
(-0.02288 -0.14753 0.12267)
(-0.00692 -0.15233 0.14227)
(-0.01136 -0.14602 0.14552)
(-0.00164 -0.13629 0.16201)
(0.01006 -0.11731 0.16465)
(-0.00095 -0.12349 0.15272)
(0.00743 -0.10559 0.15543)
(0.00781 -0.08962 0.13600)
(0.00084 -0.00968 0.01548)
(-0.00084 0.00794 -0.01329)
(0.00170 -0.07015 0.10530)
(-0.11863 0.16390 -0.11910)
(-0.13297 0.17767 -0.13280)
(-0.14184 0.18732 -0.14158)
(-0.20260 0.24766 -0.21290)
(-0.24868 0.29560 -0.27097)
(-0.26049 0.31016 -0.28353)
(-0.26999 0.31640 -0.30052)
(-0.28895 0.33799 -0.33217)
(-0.30903 0.35684 -0.36750)
(-0.32590 0.36942 -0.40819)
(-0.33525 0.37534 -0.43893)
(-0.33791 0.37379 -0.44803)
(-0.32891 0.35384 -0.46156)
(-0.31406 0.32628 -0.46887)
(-0.30653 0.31931 -0.46609)
(-0.27647 0.29178 -0.44343)
(-0.25872 0.25766 -0.41336)
(-0.23958 0.25425 -0.38879)
(-0.21464 0.20617 -0.32943)
(-0.23580 0.25614 -0.38164)
(-0.18335 0.14727 -0.25014)
(-0.17831 0.13583 -0.23693)
(-0.16948 0.11319 -0.21418)
(-0.12962 0.01737 -0.12281)
(-0.10671 -0.03689 -0.07606)
(-0.11081 -0.02715 -0.08406)
(-0.09403 -0.06310 -0.05884)
(-0.07087 -0.10578 -0.00469)
(-0.07378 -0.09505 -0.02135)
(-0.05723 -0.12815 0.01775)
(-0.05183 -0.13626 0.03590)
(-0.04677 -0.14297 0.06185)
(-0.02557 -0.14466 0.10754)
(-0.01495 -0.14874 0.13951)
(-0.01355 -0.14654 0.14194)
(-0.01065 -0.14364 0.14670)
(-0.00859 -0.11959 0.13994)
(-0.00513 -0.11297 0.14255)
(-0.00580 -0.10197 0.14422)
(-0.00191 -0.05251 0.08156)
(-0.00007 -0.00620 0.01001)
(-0.00472 -0.02765 0.04639)
(-0.00087 -0.00516 0.00886)
(-0.01521 0.07292 -0.03986)
(-0.02082 0.07746 -0.04268)
(-0.05287 0.10701 -0.06928)
(-0.11551 0.16197 -0.11572)
(-0.12775 0.17370 -0.12767)
(-0.12265 0.16987 -0.12236)
(-0.13680 0.18337 -0.13663)
(-0.20042 0.25053 -0.21297)
(-0.16417 0.21388 -0.16314)
(-0.21224 0.26549 -0.22474)
(-0.24171 0.29482 -0.26047)
(-0.28111 0.33557 -0.32045)
(-0.28358 0.33983 -0.32814)
(-0.31279 0.35904 -0.38387)
(-0.33391 0.37521 -0.43526)
(-0.33545 0.37352 -0.44331)
(-0.33475 0.37166 -0.44736)
(-0.32650 0.36026 -0.45419)
(-0.31490 0.32976 -0.46993)
(-0.30841 0.32320 -0.46739)
(-0.29020 0.31292 -0.46909)
(-0.26514 0.27675 -0.43127)
(-0.24327 0.26793 -0.40059)
(-0.23951 0.26312 -0.39032)
(-0.19649 0.17441 -0.28534)
(-0.18218 0.14698 -0.24687)
(-0.17297 0.12311 -0.22320)
(-0.17687 0.13425 -0.23322)
(-0.14748 0.06079 -0.16009)
(-0.12422 0.03124 -0.15631)
(-0.08942 -0.04625 -0.09713)
(-0.08604 -0.06372 -0.07774)
(-0.05669 -0.13071 0.02181)
(-0.05242 -0.13595 0.03109)
(-0.04874 -0.14080 0.04473)
(-0.03326 -0.14428 0.08253)
(-0.01685 -0.14933 0.13649)
(-0.01544 -0.14707 0.13888)
(-0.01245 -0.14398 0.14374)
(-0.01705 -0.13670 0.14290)
(-0.01346 -0.11512 0.13811)
(-0.01219 -0.08847 0.12943)
(-0.00559 -0.02416 0.03902)
(0.00101 0.00493 -0.00814)
(-0.00041 -0.00173 0.00287)
(0.04625 0.02268 0.01544)
(0.03934 0.03009 0.00361)
(0.03335 0.02723 0.00885)
(0.03174 0.03368 -0.00358)
(0.02917 0.03814 -0.01229)
(0.02699 0.04204 -0.01803)
(0.00713 0.05377 -0.02539)
(-0.00924 0.06782 -0.03642)
(-0.00842 0.06871 -0.03760)
(-0.01427 0.07365 -0.04064)
(-0.02041 0.07860 -0.04339)
(-0.04688 0.10591 -0.06509)
(-0.09281 0.14614 -0.09976)
(-0.11028 0.16192 -0.11267)
(-0.14907 0.20534 -0.14867)
(-0.19914 0.25449 -0.20586)
(-0.23538 0.29024 -0.25150)
(-0.27018 0.32650 -0.30607)
(-0.27891 0.33505 -0.31956)
(-0.29951 0.35067 -0.35743)
(-0.31228 0.36035 -0.38653)
(-0.33390 0.37341 -0.43899)
(-0.33318 0.37139 -0.44365)
(-0.33007 0.36807 -0.45413)
(-0.31554 0.34233 -0.46655)
(-0.30332 0.33188 -0.47275)
(-0.29103 0.32307 -0.47234)
(-0.27053 0.29253 -0.44175)
(-0.24715 0.27447 -0.40991)
(-0.24363 0.27034 -0.39980)
(-0.22251 0.22804 -0.34703)
(-0.19963 0.18699 -0.28892)
(-0.20077 0.17993 -0.26964)
(-0.15786 0.10450 -0.21400)
(-0.14750 0.06875 -0.17324)
(-0.12758 0.03590 -0.16165)
(-0.10270 -0.01279 -0.12781)
(-0.08850 -0.04158 -0.11078)
(-0.08410 -0.06438 -0.06600)
(-0.06722 -0.10910 -0.00598)
(-0.05448 -0.13328 0.02131)
(-0.05114 -0.13843 0.03141)
(-0.04945 -0.14089 0.04105)
(-0.04186 -0.14762 0.06434)
(-0.02391 -0.15180 0.12488)
(-0.03062 -0.14543 0.09790)
(-0.02518 -0.14211 0.12494)
(-0.02484 -0.13172 0.12786)
(-0.02069 -0.11970 0.13508)
(-0.01609 -0.10884 0.13476)
(-0.01642 -0.09733 0.12815)
(-0.01448 -0.06565 0.09656)
(-0.00350 -0.01316 0.02181)
(0.00309 0.00147 0.00114)
(0.00792 0.00377 0.00259)
(0.04255 0.02604 0.00885)
(0.03795 0.02789 0.00317)
(0.02908 0.03293 -0.00970)
(0.03055 0.03526 -0.00894)
(0.01569 0.04514 -0.02469)
(0.00783 0.04885 -0.02994)
(-0.00293 0.06004 -0.03848)
(-0.00278 0.05952 -0.03704)
(-0.02196 0.07691 -0.05035)
(-0.05140 0.09931 -0.07102)
(-0.05254 0.10704 -0.06784)
(-0.07864 0.13276 -0.08348)
(-0.09121 0.14774 -0.09062)
(-0.15407 0.20514 -0.14929)
(-0.16710 0.21817 -0.16255)
(-0.19721 0.25484 -0.20163)
(-0.22916 0.28839 -0.24088)
(-0.26200 0.31910 -0.28654)
(-0.27871 0.33951 -0.30796)
(-0.30113 0.36094 -0.35292)
(-0.31576 0.37135 -0.37959)
(-0.33314 0.37975 -0.42535)
(-0.33974 0.38507 -0.43199)
(-0.33429 0.38455 -0.43980)
(-0.32271 0.36005 -0.46885)
(-0.31530 0.35368 -0.46694)
(-0.31413 0.35063 -0.47077)
(-0.28733 0.31838 -0.45964)
(-0.28656 0.31985 -0.45032)
(-0.28111 0.31271 -0.43927)
(-0.24883 0.27612 -0.38657)
(-0.22689 0.25023 -0.35385)
(-0.21701 0.23156 -0.32804)
(-0.17306 0.14561 -0.25356)
(-0.15079 0.08811 -0.19756)
(-0.14194 0.07056 -0.17514)
(-0.11740 0.01151 -0.13918)
(-0.09180 -0.03443 -0.09320)
(-0.07861 -0.06454 -0.05412)
(-0.05900 -0.11282 0.00220)
(-0.04254 -0.14071 0.05813)
(-0.05158 -0.11732 0.02656)
(-0.04231 -0.15675 0.08463)
(-0.03930 -0.13713 0.08769)
(-0.02933 -0.13352 0.11563)
(-0.02798 -0.12621 0.11986)
(-0.02201 -0.11583 0.13124)
(-0.02640 -0.10170 0.11904)
(-0.01617 -0.06632 0.08983)
(-0.00838 -0.03275 0.04549)
(-0.00319 -0.01217 0.01719)
(0.00198 0.00113 0.00036)
(0.03147 0.02569 -0.00468)
(0.03019 0.03383 -0.00983)
(0.01098 0.04138 -0.02727)
(0.00977 0.04211 -0.02825)
(0.00741 0.04340 -0.03005)
(0.00784 0.05068 -0.03371)
(0.00015 0.04838 -0.03731)
(-0.00882 0.06463 -0.04527)
(-0.01628 0.07182 -0.05302)
(-0.04188 0.08571 -0.06391)
(-0.05901 0.10106 -0.07640)
(-0.07391 0.12025 -0.08411)
(-0.08291 0.13829 -0.08660)
(-0.10996 0.16017 -0.11085)
(-0.14147 0.19421 -0.13538)
(-0.19117 0.23737 -0.18448)
(-0.20984 0.26379 -0.20765)
(-0.24661 0.30351 -0.26186)
(-0.29096 0.35446 -0.31551)
(-0.30301 0.36512 -0.34209)
(-0.31022 0.36939 -0.36145)
(-0.32452 0.38240 -0.39590)
(-0.32068 0.38475 -0.38132)
(-0.33876 0.39241 -0.41834)
(-0.33864 0.39416 -0.43236)
(-0.32513 0.36346 -0.46574)
(-0.32584 0.36642 -0.46861)
(-0.33466 0.37550 -0.47556)
(-0.31609 0.35401 -0.47198)
(-0.33413 0.37502 -0.47656)
(-0.29311 0.32795 -0.45598)
(-0.29876 0.33434 -0.44915)
(-0.30462 0.32868 -0.43149)
(-0.27988 0.30821 -0.41460)
(-0.25371 0.27848 -0.37892)
(-0.22744 0.25731 -0.35058)
(-0.21413 0.23631 -0.32601)
(-0.19491 0.18306 -0.28369)
(-0.18160 0.16244 -0.25617)
(-0.15534 0.12206 -0.22484)
(-0.13365 0.05474 -0.15820)
(-0.14450 0.08769 -0.18732)
(-0.12397 0.04793 -0.14360)
(-0.10116 0.01107 -0.11768)
(-0.06836 -0.07396 -0.04087)
(-0.04602 -0.10244 0.00353)
(-0.04408 -0.13087 0.06464)
(-0.04014 -0.10808 0.02200)
(-0.03403 -0.13641 0.07351)
(-0.02579 -0.11461 0.08470)
(-0.03001 -0.12171 0.09698)
(-0.02407 -0.10967 0.09348)
(-0.02453 -0.11003 0.11684)
(-0.02443 -0.09909 0.11228)
(-0.02399 -0.10765 0.09403)
(-0.01992 -0.07696 0.08965)
(-0.00387 -0.01538 0.02140)
(0.00053 0.00035 -0.00004)
(0.01889 0.02271 -0.00779)
(0.00445 0.03251 -0.02469)
(0.00426 0.04457 -0.03376)
(0.00167 0.04659 -0.03567)
(-0.00288 0.04786 -0.03970)
(-0.00516 0.04989 -0.04162)
(-0.02296 0.06945 -0.05921)
(-0.05159 0.09802 -0.08017)
(-0.07765 0.10958 -0.09358)
(-0.07972 0.12674 -0.09645)
(-0.11449 0.15515 -0.12515)
(-0.13061 0.16675 -0.13399)
(-0.15440 0.20175 -0.15440)
(-0.20848 0.25203 -0.20397)
(-0.21503 0.26156 -0.21185)
(-0.22490 0.27174 -0.22263)
(-0.24299 0.30325 -0.25781)
(-0.29238 0.35610 -0.31440)
(-0.29858 0.36241 -0.32605)
(-0.30518 0.37307 -0.34087)
(-0.32543 0.39165 -0.37885)
(-0.33372 0.39787 -0.39393)
(-0.34485 0.40440 -0.42601)
(-0.34206 0.39571 -0.44571)
(-0.33328 0.38755 -0.44715)
(-0.34073 0.38289 -0.47542)
(-0.34066 0.38272 -0.47683)
(-0.33357 0.37495 -0.47876)
(-0.32084 0.36151 -0.46514)
(-0.30387 0.34152 -0.44738)
(-0.27889 0.31199 -0.41710)
(-0.26248 0.29711 -0.38315)
(-0.23069 0.26538 -0.35410)
(-0.20432 0.22933 -0.30795)
(-0.19669 0.21809 -0.29858)
(-0.15593 0.14289 -0.24232)
(-0.12890 0.06597 -0.15688)
(-0.12331 0.05472 -0.14415)
(-0.06658 -0.05651 -0.06599)
(-0.08187 -0.00637 -0.09755)
(-0.06132 -0.07233 -0.02269)
(-0.03442 -0.07259 -0.01147)
(-0.03074 -0.10851 0.03629)
(-0.03156 -0.07629 -0.00171)
(-0.02704 -0.11325 0.06748)
(-0.02224 -0.10780 0.08053)
(-0.02277 -0.10700 0.08741)
(-0.01903 -0.09503 0.09519)
(-0.01726 -0.06973 0.07648)
(-0.02021 -0.09784 0.08250)
(-0.00511 -0.02149 0.02622)
(-0.00101 -0.00429 0.00526)
(-0.00070 -0.00049 0.00013)
(0.00273 0.01570 -0.01094)
(0.00142 0.02372 -0.02030)
(-0.00147 0.04610 -0.03888)
(-0.01059 0.05017 -0.04569)
(-0.04906 0.08464 -0.08577)
(-0.06507 0.09893 -0.09299)
(-0.08651 0.10833 -0.10355)
(-0.13310 0.16204 -0.14688)
(-0.14522 0.17026 -0.15550)
(-0.14794 0.17536 -0.15566)
(-0.16629 0.20072 -0.16586)
(-0.21691 0.25580 -0.21212)
(-0.22016 0.26357 -0.21676)
(-0.23016 0.27401 -0.22826)
(-0.27265 0.32797 -0.28325)
(-0.29918 0.36344 -0.32348)
(-0.31796 0.37913 -0.33923)
(-0.33385 0.40203 -0.36237)
(-0.33525 0.40165 -0.38718)
(-0.35056 0.41239 -0.41154)
(-0.34757 0.40627 -0.43388)
(-0.34876 0.40645 -0.43950)
(-0.35369 0.40638 -0.45916)
(-0.34636 0.38948 -0.47649)
(-0.34065 0.38283 -0.47881)
(-0.33356 0.38397 -0.48033)
(-0.32146 0.37486 -0.47072)
(-0.28527 0.34402 -0.43964)
(-0.31397 0.38066 -0.45763)
(-0.28025 0.35517 -0.43857)
(-0.26779 0.32304 -0.39240)
(-0.22299 0.26767 -0.33286)
(-0.21384 0.24957 -0.32208)
(-0.20586 0.23934 -0.31189)
(-0.19802 0.23104 -0.30224)
(-0.15351 0.16507 -0.23780)
(-0.13478 0.08520 -0.16795)
(-0.13008 0.07703 -0.15609)
(-0.10126 0.05419 -0.13349)
(-0.07182 -0.01020 -0.07655)
(-0.07573 0.00931 -0.08373)
(-0.03589 -0.05853 -0.02109)
(-0.03165 -0.06421 -0.01153)
(-0.02798 -0.08384 0.02162)
(-0.02730 -0.06874 -0.00462)
(-0.02017 -0.10531 0.07387)
(-0.02066 -0.10555 0.08049)
(-0.01774 -0.10309 0.07278)
(-0.01529 -0.08870 0.06933)
(-0.01087 -0.05102 0.04689)
(-0.00139 -0.00888 0.00897)
(0.00055 0.00527 -0.00521)
(-0.00115 -0.00279 0.00236)
(-0.00054 0.00148 -0.00170)
(-0.00702 0.02100 -0.02134)
(-0.02077 0.05736 -0.05999)
(-0.05583 0.07652 -0.08941)
(-0.05104 0.07907 -0.08223)
(-0.10336 0.11217 -0.12248)
(-0.09118 0.10737 -0.11630)
(-0.12007 0.13091 -0.13327)
(-0.14111 0.16313 -0.15380)
(-0.15229 0.17185 -0.16249)
(-0.15688 0.17877 -0.16478)
(-0.18522 0.19799 -0.18620)
(-0.18914 0.21183 -0.19076)
(-0.21736 0.23384 -0.21410)
(-0.22673 0.26546 -0.22350)
(-0.23591 0.27536 -0.23465)
(-0.25598 0.29935 -0.25709)
(-0.29027 0.34323 -0.29491)
(-0.30857 0.36998 -0.32034)
(-0.32780 0.37320 -0.33408)
(-0.32506 0.39479 -0.34300)
(-0.33660 0.39935 -0.36075)
(-0.34587 0.41058 -0.37385)
(-0.36662 0.42620 -0.39786)
(-0.35080 0.41115 -0.42979)
(-0.35190 0.41060 -0.43615)
(-0.35680 0.41490 -0.45121)
(-0.35498 0.40347 -0.47294)
(-0.34635 0.38939 -0.47841)
(-0.35511 0.40566 -0.47937)
(-0.34271 0.39691 -0.48207)
(-0.34220 0.39961 -0.48755)
(-0.32548 0.39106 -0.46846)
(-0.28678 0.36496 -0.44632)
(-0.28264 0.36359 -0.43932)
(-0.26700 0.34759 -0.38960)
(-0.22752 0.30190 -0.35328)
(-0.21414 0.25853 -0.32270)
(-0.20520 0.24899 -0.30973)
(-0.17681 0.23025 -0.25983)
(-0.15019 0.16306 -0.20030)
(-0.12047 0.11576 -0.15829)
(-0.08543 0.07228 -0.12694)
(-0.05161 -0.00709 -0.05457)
(-0.06247 0.04914 -0.08323)
(-0.03293 -0.05094 -0.02047)
(-0.02709 -0.05887 -0.01242)
(-0.01379 -0.05185 0.01206)
(-0.02422 -0.07023 0.03758)
(-0.00901 -0.07452 0.04046)
(-0.01463 -0.10087 0.07215)
(-0.00303 -0.03538 0.02873)
(0.00200 -0.03391 0.02325)
(-0.00001 -0.00075 0.00063)
(0.00237 -0.00653 0.00750)
(-0.02609 0.04177 -0.04980)
(-0.04906 0.06759 -0.07735)
(0.00301 -0.00547 0.00800)
(-0.00449 0.00822 -0.01104)
(-0.07859 0.08840 -0.10100)
(-0.08819 0.09480 -0.10632)
(-0.09214 0.09793 -0.11381)
(-0.13241 0.11941 -0.13683)
(-0.12946 0.12693 -0.14329)
(-0.14718 0.14260 -0.15577)
(-0.15628 0.15794 -0.15975)
(-0.16871 0.15876 -0.16954)
(-0.17599 0.17132 -0.17261)
(-0.16346 0.18092 -0.17205)
(-0.23679 0.22460 -0.21608)
(-0.24071 0.24598 -0.23282)
(-0.24897 0.26717 -0.24088)
(-0.28179 0.28379 -0.26795)
(-0.29774 0.31463 -0.27690)
(-0.30998 0.33389 -0.28846)
(-0.31936 0.36243 -0.31253)
(-0.33106 0.37435 -0.33236)
(-0.33788 0.38200 -0.34235)
(-0.36879 0.40770 -0.36298)
(-0.35189 0.41167 -0.36951)
(-0.37196 0.42414 -0.39843)
(-0.35761 0.41880 -0.42102)
(-0.35844 0.41234 -0.43168)
(-0.35760 0.41393 -0.44761)
(-0.36138 0.41571 -0.46493)
(-0.36058 0.41290 -0.47286)
(-0.34492 0.40428 -0.48388)
(-0.34100 0.40197 -0.48516)
(-0.31964 0.39755 -0.48150)
(-0.30819 0.39310 -0.47727)
(-0.30551 0.38275 -0.45763)
(-0.28786 0.36943 -0.44457)
(-0.26673 0.36048 -0.40590)
(-0.25239 0.34875 -0.38208)
(-0.22591 0.33334 -0.34339)
(-0.21839 0.29379 -0.34046)
(-0.19086 0.26841 -0.28969)
(-0.16939 0.25238 -0.22984)
(-0.14877 0.21727 -0.21327)
(-0.12446 0.15223 -0.17867)
(-0.09153 0.10909 -0.13675)
(-0.10185 0.13995 -0.15417)
(-0.06821 0.07466 -0.09521)
(-0.03969 -0.01233 -0.04251)
(-0.05337 0.05551 -0.08285)
(-0.02693 0.01616 -0.05362)
(-0.02809 -0.04739 -0.02050)
(-0.01294 -0.04400 -0.00824)
(0.00133 -0.05611 0.00992)
(0.01455 -0.06287 0.01306)
(0.00711 -0.06545 0.02792)
(0.00459 -0.03310 0.02064)
(-0.00027 0.00291 -0.00201)
(0.00056 -0.00365 0.00236)
(-0.00526 0.00618 -0.00696)
(-0.04669 0.04973 -0.05843)
(-0.09222 0.08204 -0.09207)
(-0.14041 0.12259 -0.13897)
(-0.15415 0.13155 -0.14862)
(-0.16001 0.15168 -0.16566)
(-0.19262 0.16453 -0.18529)
(-0.22588 0.19975 -0.20771)
(-0.26194 0.22219 -0.22728)
(-0.27553 0.26158 -0.25050)
(-0.29158 0.27918 -0.26462)
(-0.30049 0.30360 -0.27929)
(-0.34732 0.34372 -0.30843)
(-0.34181 0.36294 -0.31676)
(-0.36974 0.38493 -0.34021)
(-0.35465 0.38765 -0.34722)
(-0.39223 0.41993 -0.37612)
(-0.39254 0.42355 -0.38067)
(-0.39511 0.42434 -0.38450)
(-0.37356 0.42410 -0.40321)
(-0.38752 0.42176 -0.39752)
(-0.37940 0.42891 -0.42455)
(-0.35966 0.41522 -0.44146)
(-0.36271 0.41366 -0.45323)
(-0.35502 0.40566 -0.46510)
(-0.34093 0.40480 -0.47206)
(-0.34356 0.40895 -0.48100)
(-0.32474 0.39717 -0.49044)
(-0.32447 0.39699 -0.48598)
(-0.31083 0.40010 -0.47552)
(-0.29547 0.38911 -0.45972)
(-0.29665 0.38716 -0.45844)
(-0.27674 0.37759 -0.43995)
(-0.25420 0.36744 -0.40656)
(-0.23327 0.35514 -0.37244)
(-0.21327 0.32294 -0.31197)
(-0.19547 0.28876 -0.30954)
(-0.16963 0.25733 -0.25500)
(-0.15411 0.23373 -0.22458)
(-0.10770 0.17916 -0.17024)
(-0.09280 0.17098 -0.14154)
(-0.08777 0.13131 -0.12368)
(-0.05528 0.06593 -0.08812)
(-0.03710 0.05411 -0.07116)
(-0.02436 0.03548 -0.04292)
(0.00411 -0.04133 -0.00017)
(-0.00836 -0.00849 -0.01596)
(0.01770 -0.05528 0.00474)
(0.01908 -0.05512 0.00569)
(0.01409 -0.04317 0.00991)
(0.00813 -0.02284 0.00898)
(-0.00088 0.00135 -0.00050)
(-0.00134 0.00842 -0.00552)
(-0.01057 0.00954 -0.01059)
(-0.04755 0.04268 -0.04763)
(-0.06916 0.06103 -0.06689)
(-0.14891 0.12951 -0.14369)
(-0.16292 0.13879 -0.15381)
(-0.18240 0.15665 -0.17752)
(-0.16084 0.13784 -0.15153)
(-0.22330 0.18985 -0.20427)
(-0.23257 0.19753 -0.21206)
(-0.26019 0.21837 -0.22431)
(-0.26817 0.22741 -0.22645)
(-0.26916 0.22712 -0.23051)
(-0.28764 0.25590 -0.25007)
(-0.31818 0.29167 -0.27449)
(-0.32914 0.31401 -0.29398)
(-0.37207 0.36252 -0.32400)
(-0.37362 0.36999 -0.32887)
(-0.38046 0.37671 -0.33261)
(-0.37705 0.39287 -0.34865)
(-0.39869 0.42049 -0.37673)
(-0.39684 0.42233 -0.37970)
(-0.39935 0.42279 -0.38322)
(-0.39919 0.42290 -0.38763)
(-0.38232 0.42520 -0.41700)
(-0.38010 0.42339 -0.42794)
(-0.35404 0.40660 -0.44129)
(-0.34902 0.40068 -0.45049)
(-0.34383 0.39510 -0.46599)
(-0.31842 0.39178 -0.48434)
(-0.31362 0.39097 -0.48607)
(-0.30856 0.39043 -0.48773)
(-0.28776 0.38800 -0.46699)
(-0.28882 0.38525 -0.45489)
(-0.26938 0.38136 -0.42607)
(-0.23172 0.35066 -0.37441)
(-0.21495 0.34154 -0.34571)
(-0.16637 0.29479 -0.28256)
(-0.17833 0.29192 -0.27319)
(-0.15832 0.28376 -0.26798)
(-0.15004 0.26274 -0.24380)
(-0.12377 0.21570 -0.18412)
(-0.09517 0.17940 -0.14834)
(-0.08669 0.16754 -0.13862)
(-0.08356 0.15777 -0.13116)
(-0.07813 0.15602 -0.12957)
(-0.05949 0.11781 -0.10505)
(-0.02407 0.05630 -0.06395)
(0.00127 0.04807 -0.06579)
(-0.00683 0.01944 -0.03786)
(-0.00261 -0.00149 -0.02158)
(0.01838 -0.01966 -0.00956)
(0.02224 -0.01779 -0.00750)
(0.01782 -0.02465 0.00332)
(0.00415 -0.00415 0.00078)
(-0.00330 0.00333 -0.00103)
(-0.01820 0.01618 -0.01761)
(-0.01717 0.01511 -0.01621)
(-0.10769 0.09354 -0.10143)
(-0.17045 0.14526 -0.15645)
(-0.22188 0.18867 -0.20177)
(-0.24230 0.21071 -0.21168)
(-0.24292 0.21182 -0.21383)
(-0.28979 0.24900 -0.23984)
(-0.31415 0.28200 -0.26077)
(-0.32487 0.29506 -0.27137)
(-0.34288 0.32069 -0.29697)
(-0.37043 0.35289 -0.31539)
(-0.37966 0.37031 -0.32796)
(-0.38550 0.37586 -0.33159)
(-0.38636 0.38144 -0.33586)
(-0.40003 0.39752 -0.35563)
(-0.40188 0.42099 -0.37928)
(-0.40386 0.42052 -0.38213)
(-0.40128 0.41595 -0.38507)
(-0.38026 0.41091 -0.40428)
(-0.37229 0.40857 -0.41558)
(-0.34354 0.38692 -0.43139)
(-0.33859 0.38482 -0.43576)
(-0.33379 0.38263 -0.43925)
(-0.31525 0.38789 -0.48264)
(-0.31876 0.38057 -0.46448)
(-0.31036 0.38649 -0.48435)
(-0.30547 0.38547 -0.48658)
(-0.27654 0.37706 -0.47246)
(-0.26636 0.36662 -0.46027)
(-0.26518 0.36948 -0.45141)
(-0.28297 0.38127 -0.44923)
(-0.24168 0.35937 -0.40509)
(-0.22695 0.34526 -0.40582)
(-0.22445 0.34140 -0.36934)
(-0.16795 0.29716 -0.29046)
(-0.15992 0.28717 -0.27624)
(-0.15231 0.27782 -0.26294)
(-0.13461 0.25770 -0.23910)
(-0.09643 0.18526 -0.15326)
(-0.08946 0.17601 -0.14550)
(-0.09437 0.18790 -0.16214)
(-0.08164 0.16542 -0.13669)
(-0.02848 0.08640 -0.08603)
(-0.04748 0.13278 -0.11748)
(-0.01268 0.07863 -0.08574)
(0.01488 0.03856 -0.06002)
(-0.00236 0.06741 -0.07861)
(0.04401 0.00979 -0.04706)
(0.04547 -0.00110 -0.03826)
(0.01393 -0.00709 -0.00295)
(0.01757 -0.00124 -0.01255)
(0.00248 -0.00123 -0.00042)
(-0.09331 0.08026 -0.08568)
(-0.02388 0.02075 -0.02201)
(-0.11262 0.09700 -0.09084)
(-0.23223 0.19685 -0.20057)
(-0.27072 0.23261 -0.21629)
(-0.27098 0.23467 -0.22686)
(-0.30132 0.26205 -0.24812)
(-0.31781 0.28680 -0.26483)
(-0.32580 0.29464 -0.26912)
(-0.34486 0.31368 -0.28675)
(-0.36836 0.33705 -0.30187)
(-0.38628 0.37172 -0.32820)
(-0.40339 0.39151 -0.34232)
(-0.40457 0.40087 -0.36574)
(-0.41374 0.39652 -0.36855)
(-0.40059 0.39916 -0.37356)
(-0.38380 0.40771 -0.39646)
(-0.38120 0.40301 -0.40603)
(-0.35173 0.38489 -0.42120)
(-0.33835 0.38171 -0.42962)
(-0.33216 0.37898 -0.43396)
(-0.31588 0.36866 -0.45425)
(-0.30745 0.38180 -0.48179)
(-0.29528 0.35805 -0.45561)
(-0.29116 0.36084 -0.46903)
(-0.30293 0.38071 -0.48444)
(-0.28378 0.36732 -0.47861)
(-0.26556 0.35839 -0.47396)
(-0.24947 0.35632 -0.45765)
(-0.23367 0.34770 -0.42916)
(-0.21254 0.33656 -0.39613)
(-0.21615 0.33581 -0.38185)
(-0.19964 0.32402 -0.37065)
(-0.17947 0.30598 -0.32469)
(-0.16203 0.28980 -0.28467)
(-0.15533 0.28219 -0.27492)
(-0.14867 0.27490 -0.26540)
(-0.14620 0.27178 -0.25749)
(-0.11837 0.23913 -0.22074)
(-0.08129 0.18559 -0.16803)
(-0.08474 0.17398 -0.14395)
(-0.06092 0.16214 -0.14330)
(-0.04192 0.13392 -0.12529)
(-0.01806 0.09824 -0.09672)
(-0.00432 0.10017 -0.09595)
(0.02649 0.04173 -0.06335)
(0.03913 0.00590 -0.03746)
(0.03004 0.01870 -0.04157)
(0.03145 0.00369 -0.02848)
(0.00944 0.00040 -0.00746)
(0.00330 -0.00030 -0.00220)
(-0.00144 0.00129 -0.00119)
(-0.03915 0.03487 -0.03228)
(-0.00937 0.00817 -0.00743)
(-0.18061 0.15142 -0.14113)
(-0.29816 0.25872 -0.23552)
(-0.15005 0.13421 -0.11889)
(-0.28315 0.24442 -0.21981)
(-0.30248 0.27153 -0.23857)
(-0.32174 0.29023 -0.26498)
(-0.35525 0.32151 -0.27430)
(-0.34596 0.31083 -0.27303)
(-0.36824 0.33386 -0.28717)
(-0.38064 0.35161 -0.31014)
(-0.40281 0.37004 -0.32200)
(-0.40842 0.37936 -0.33467)
(-0.40575 0.37470 -0.33588)
(-0.41814 0.38678 -0.36223)
(-0.41931 0.38616 -0.36409)
(-0.40300 0.37529 -0.36383)
(-0.38621 0.38781 -0.37897)
(-0.39002 0.37022 -0.36736)
(-0.38176 0.38485 -0.39186)
(-0.36311 0.37566 -0.40369)
(-0.34314 0.36071 -0.40287)
(-0.32580 0.36588 -0.42154)
(-0.31599 0.35458 -0.42912)
(-0.29568 0.34328 -0.43258)
(-0.28122 0.33448 -0.43800)
(-0.27164 0.33529 -0.44607)
(-0.27198 0.34613 -0.45974)
(-0.25530 0.34513 -0.47140)
(-0.26803 0.33520 -0.45021)
(-0.25005 0.34153 -0.47904)
(-0.23891 0.34057 -0.44129)
(-0.21808 0.32652 -0.41115)
(-0.20454 0.32672 -0.38743)
(-0.17452 0.29313 -0.33466)
(-0.16792 0.28746 -0.32373)
(-0.14550 0.27043 -0.27703)
(-0.11825 0.24413 -0.24855)
(-0.09993 0.22369 -0.21800)
(-0.08084 0.20117 -0.18815)
(-0.07338 0.19843 -0.18140)
(-0.06509 0.17763 -0.16618)
(-0.03268 0.14574 -0.13798)
(-0.01672 0.13038 -0.12834)
(-0.00283 0.10180 -0.10395)
(0.01481 0.07988 -0.08389)
(0.01599 0.05682 -0.06742)
(0.01913 0.04837 -0.05699)
(0.00838 0.01190 -0.01578)
(0.00768 0.00314 -0.00800)
(0.04309 -0.03925 0.03309)
(-0.00473 0.00430 -0.00375)
(-0.22693 0.20128 -0.17339)
(0.00322 -0.00298 0.00247)
(-0.07300 0.06716 -0.05598)
(-0.30183 0.27258 -0.21724)
(-0.33824 0.30414 -0.24488)
(-0.35573 0.32453 -0.26575)
(-0.33985 0.30749 -0.24509)
(-0.34374 0.31010 -0.24887)
(-0.37912 0.34237 -0.28936)
(-0.39476 0.35602 -0.30687)
(-0.40135 0.36233 -0.32380)
(-0.39860 0.35506 -0.32728)
(-0.40627 0.37341 -0.34662)
(-0.39549 0.35986 -0.33967)
(-0.38645 0.34405 -0.34683)
(-0.36928 0.32827 -0.34303)
(-0.37477 0.35043 -0.36283)
(-0.36336 0.32493 -0.34240)
(-0.35223 0.35313 -0.37951)
(-0.33893 0.34597 -0.38003)
(-0.32267 0.33247 -0.38529)
(-0.30737 0.33240 -0.40175)
(-0.29342 0.32759 -0.41106)
(-0.28042 0.32926 -0.42868)
(-0.26992 0.32132 -0.42484)
(-0.26312 0.31374 -0.42797)
(-0.24579 0.29423 -0.41213)
(-0.25203 0.33343 -0.45711)
(-0.23802 0.32054 -0.43743)
(-0.24077 0.29776 -0.41179)
(-0.22282 0.29617 -0.40563)
(-0.21739 0.30653 -0.40705)
(-0.20277 0.29295 -0.38252)
(-0.19957 0.27993 -0.37521)
(-0.19293 0.27611 -0.36428)
(-0.18016 0.27912 -0.34696)
(-0.16856 0.28604 -0.32738)
(-0.15936 0.27249 -0.32515)
(-0.13800 0.25800 -0.28868)
(-0.12408 0.25026 -0.26596)
(-0.11573 0.23165 -0.25876)
(-0.09359 0.20913 -0.22567)
(-0.07306 0.19401 -0.19319)
(-0.06947 0.19375 -0.18180)
(-0.03521 0.16028 -0.16462)
(-0.02750 0.15435 -0.15238)
(0.00922 0.09747 -0.10707)
(0.00986 0.08543 -0.09796)
(0.00984 0.04724 -0.05514)
(0.00551 0.02529 -0.02854)
(0.00375 0.00767 -0.00933)
(-0.00140 -0.00107 0.00171)
(-0.00434 -0.00693 0.00871)
(-0.00395 -0.00294 0.00476)
(0.03852 -0.03568 0.02943)
(-0.01816 0.01652 -0.01294)
(-0.16345 0.14815 -0.11713)
(0.04845 -0.04490 0.03520)
(-0.10735 0.09797 -0.07666)
(-0.27414 0.24894 -0.19685)
(-0.35097 0.31704 -0.26277)
(-0.25481 0.23216 -0.18306)
(-0.32396 0.29448 -0.23333)
(-0.36566 0.32896 -0.28193)
(-0.38028 0.33779 -0.29690)
(-0.36973 0.32416 -0.30434)
(-0.38874 0.34332 -0.32423)
(-0.36894 0.32160 -0.30883)
(-0.38237 0.33350 -0.33097)
(-0.36489 0.31989 -0.33696)
(-0.35961 0.31667 -0.33581)
(-0.35413 0.31367 -0.33492)
(-0.35754 0.32216 -0.34157)
(-0.34330 0.33336 -0.36574)
(-0.32408 0.31968 -0.36652)
(-0.31849 0.32135 -0.38251)
(-0.30056 0.31555 -0.38412)
(-0.27764 0.29715 -0.38171)
(-0.26944 0.29291 -0.38610)
(-0.25001 0.28369 -0.39040)
(-0.24385 0.27425 -0.37973)
(-0.24144 0.27427 -0.38146)
(-0.23710 0.27867 -0.38193)
(-0.20147 0.27688 -0.37414)
(-0.19603 0.27386 -0.36571)
(-0.19300 0.26825 -0.35781)
(-0.18772 0.26834 -0.35376)
(-0.17352 0.26223 -0.33594)
(-0.13541 0.23463 -0.28350)
(-0.12603 0.21983 -0.26821)
(-0.10803 0.21575 -0.25482)
(-0.09529 0.20936 -0.23781)
(-0.07746 0.18494 -0.21642)
(-0.06351 0.17815 -0.20283)
(-0.05579 0.17075 -0.19044)
(-0.05255 0.17193 -0.18788)
(-0.02590 0.12113 -0.13534)
(0.00564 0.04568 -0.05378)
(0.00411 0.02107 -0.02510)
(-0.00018 -0.00064 0.00077)
(-0.00189 -0.00793 0.00963)
(-0.00285 -0.00958 0.01170)
(0.00091 -0.00083 0.00064)
(0.01109 -0.01032 0.00786)
(-0.07003 0.06421 -0.05000)
(-0.26388 0.24228 -0.19815)
(-0.10366 0.09738 -0.07667)
(-0.34699 0.31452 -0.26733)
(-0.37042 0.33184 -0.28682)
(-0.36460 0.32026 -0.30021)
(-0.34949 0.31150 -0.28375)
(-0.36172 0.31627 -0.29988)
(-0.36314 0.31647 -0.30233)
(-0.36043 0.31154 -0.30302)
(-0.34790 0.30007 -0.31119)
(-0.35440 0.30747 -0.32925)
(-0.34992 0.30504 -0.32852)
(-0.34417 0.30131 -0.32706)
(-0.34815 0.31029 -0.33342)
(-0.31535 0.29625 -0.34055)
(-0.29360 0.27717 -0.32687)
(-0.29029 0.27968 -0.33630)
(-0.26999 0.26626 -0.33079)
(-0.26112 0.27373 -0.36264)
(-0.25947 0.27369 -0.36532)
(-0.24411 0.26716 -0.36805)
(-0.24176 0.26696 -0.36913)
(-0.23947 0.25968 -0.35875)
(-0.23833 0.26341 -0.36516)
(-0.21973 0.25976 -0.35607)
(-0.19855 0.27028 -0.36415)
(-0.20883 0.24605 -0.33643)
(-0.19618 0.26352 -0.35485)
(-0.19018 0.26265 -0.35049)
(-0.16366 0.23580 -0.30765)
(-0.13064 0.21570 -0.27364)
(-0.12232 0.21410 -0.26335)
(-0.11985 0.21039 -0.26023)
(-0.06124 0.16293 -0.20380)
(-0.05622 0.16140 -0.19866)
(-0.04946 0.14774 -0.18357)
(-0.02774 0.08628 -0.10814)
(-0.01242 0.04413 -0.05526)
(-0.00098 0.02092 -0.02542)
(0.00021 0.00118 -0.00143)
(-0.00048 -0.00820 0.01018)
(-0.00164 -0.00868 0.01055)
(-0.02380 0.02243 -0.01758)
(-0.06018 0.05557 -0.04545)
(-0.16511 0.15194 -0.12479)
(-0.06419 0.05915 -0.05063)
(-0.22622 0.20207 -0.18370)
(-0.31956 0.28021 -0.26447)
(-0.13027 0.11439 -0.10750)
(-0.20652 0.17989 -0.17233)
(-0.35311 0.30709 -0.29473)
(-0.35360 0.30499 -0.29784)
(-0.34697 0.29317 -0.30577)
(-0.33645 0.28507 -0.29565)
(-0.33536 0.28467 -0.30673)
(-0.34563 0.29888 -0.32426)
(-0.31301 0.26730 -0.29453)
(-0.29783 0.24726 -0.28176)
(-0.29956 0.26107 -0.30209)
(-0.29244 0.26434 -0.30954)
(-0.26980 0.23438 -0.28784)
(-0.26848 0.23938 -0.29474)
(-0.25457 0.23817 -0.29669)
(-0.25231 0.23213 -0.28977)
(-0.25109 0.23255 -0.29287)
(-0.25173 0.23656 -0.30421)
(-0.25263 0.24510 -0.32154)
(-0.24569 0.25577 -0.34946)
(-0.24071 0.22601 -0.30604)
(-0.24078 0.25555 -0.35151)
(-0.23772 0.25285 -0.34885)
(-0.23130 0.24201 -0.33572)
(-0.20493 0.22358 -0.30837)
(-0.18802 0.22752 -0.30928)
(-0.19907 0.20424 -0.28243)
(-0.18447 0.20287 -0.27029)
(-0.15971 0.20859 -0.27816)
(-0.14332 0.20105 -0.26648)
(-0.10673 0.15333 -0.20023)
(-0.08324 0.13301 -0.17198)
(-0.07381 0.14598 -0.18473)
(-0.04272 0.11734 -0.14822)
(-0.02354 0.04664 -0.05945)
(-0.01179 0.03384 -0.04315)
(-0.00742 0.02433 -0.03081)
(0.00124 -0.00468 0.00593)
(-0.01258 0.01161 -0.00991)
(-0.03764 0.03421 -0.03071)
(-0.03892 0.03451 -0.03252)
(-0.01958 0.01736 -0.01705)
(-0.04601 0.03889 -0.04170)
(-0.21451 0.18330 -0.19206)
(-0.25091 0.20954 -0.23040)
(-0.07203 0.05875 -0.06703)
(-0.12972 0.10674 -0.12062)
(-0.18916 0.15920 -0.17974)
(-0.26503 0.22053 -0.25332)
(-0.16680 0.13851 -0.15937)
(-0.25030 0.20595 -0.24315)
(-0.26703 0.22249 -0.27214)
(-0.21562 0.17752 -0.22009)
(-0.24761 0.20537 -0.25353)
(-0.24297 0.21296 -0.26855)
(-0.24829 0.22262 -0.27972)
(-0.23082 0.19033 -0.24948)
(-0.22905 0.19077 -0.25170)
(-0.23028 0.19861 -0.26637)
(-0.21585 0.18111 -0.24229)
(-0.18962 0.15170 -0.20452)
(-0.22811 0.21517 -0.29137)
(-0.22025 0.19795 -0.26554)
(-0.11913 0.10132 -0.13578)
(-0.16627 0.15543 -0.20896)
(-0.12836 0.12052 -0.16758)
(-0.13256 0.13705 -0.18423)
(-0.04401 0.04139 -0.05713)
(-0.04933 0.04913 -0.06684)
(-0.03017 0.03542 -0.04683)
(-0.03870 0.05396 -0.07085)
(0.00189 -0.00239 0.00308)
(-0.00793 0.01286 -0.01667)
(-0.00355 0.00690 -0.00910)
(0.05097 -0.04411 0.04633)
(0.04457 -0.03641 0.04155)
(-0.04239 0.03464 -0.03950)
(0.03782 -0.03096 0.03530)
(0.01285 -0.01049 0.01237)
(-0.09038 0.07497 -0.08634)
(-0.07880 0.06516 -0.07883)
(0.00129 -0.00103 0.00127)
(0.00104 -0.00084 0.00107)
(-0.07964 0.06538 -0.08183)
(-0.13605 0.11010 -0.13945)
(-0.02871 0.02221 -0.02887)
(-0.07197 0.05213 -0.06877)
(-0.12339 0.08942 -0.11810)
(-0.04188 0.02992 -0.03948)
(-0.07720 0.05831 -0.07642)
(-0.08296 0.06012 -0.07968)
(-0.12186 0.09585 -0.12898)
(-0.01080 0.00761 -0.00994)
(-0.02112 0.01609 -0.02144)
(0.00256 -0.00194 0.00263)
(-0.07668 0.06451 -0.08633)
(-0.04354 0.03681 -0.05026)
(0.02058 -0.01677 0.02272)
(0.01107 -0.01023 0.01366)
(0.01862 -0.01835 0.02418)
(0.01936 -0.02260 0.02919)
(-0.00889 0.00638 -0.00842)
(-0.01496 0.01064 -0.01403)
(-0.01297 0.00879 -0.01173)
(0.00589 -0.00394 0.00522)
)