/*--------------------------------*- C++ -*----------------------------------*\ 
| =========                 |                                                 | 
| \\      /  F ield         | OpenFOAM: The Open Source CFD Toolbox           | 
|  \\    /   O peration     | Version:  4.0                                   | 
|   \\  /    A nd           | Web:      www.OpenFOAM.org                      | 
|    \\/     M anipulation  |                                                 | 
\*---------------------------------------------------------------------------*/ 
FoamFile 
{ 
    version     2.0; 
    format      ascii; 
    class       vectorAverageField; 
    object      values; 
} 
// * * * * * * * * * * * * * * * * * * * * * * * * * * * * * * * * * * * * * // 
 
// Average 
(0 0 0) 
 
// Velocity data on points 
2447
(
(0.00290 0.00155 -0.00160)
(-0.00197 -0.00067 0.00023)
(-0.00669 -0.00149 -0.00115)
(-0.00194 -0.00095 -0.00110)
(0.00306 0.00092 0.00240)
(-0.01683 -0.00198 -0.00912)
(-0.00560 -0.00137 -0.00441)
(-0.02274 0.00498 -0.03002)
(-0.00232 0.00042 -0.00311)
(0.00356 -0.00082 0.00483)
(-0.01596 0.00416 -0.02142)
(-0.00335 0.00097 -0.00461)
(0.00345 -0.00147 0.00434)
(-0.02177 0.01049 -0.02816)
(-0.00116 0.00068 -0.00152)
(0.00364 -0.00225 0.00463)
(-0.01282 0.00806 -0.01631)
(-0.00076 0.00056 -0.00095)
(0.00570 -0.00516 0.00793)
(-0.00116 0.00105 -0.00161)
(0.00587 0.00347 -0.00442)
(-0.00160 -0.00060 0.00111)
(0.00115 0.00055 -0.00076)
(0.00046 0.00027 -0.00032)
(-0.01702 -0.01366 0.01854)
(-0.01715 -0.00912 0.01145)
(-0.02491 -0.00545 0.00201)
(-0.03031 -0.00321 -0.00738)
(-0.05072 -0.00644 0.00053)
(-0.05606 -0.00361 -0.01457)
(-0.04448 -0.00228 -0.02464)
(-0.03580 0.00388 -0.03612)
(-0.06456 0.01270 -0.05393)
(-0.05276 0.01395 -0.06812)
(-0.04515 0.01352 -0.05958)
(-0.03782 0.01281 -0.05112)
(-0.06326 0.02085 -0.08211)
(-0.06321 0.02325 -0.08429)
(-0.07712 0.04012 -0.09838)
(-0.04550 0.02271 -0.05845)
(-0.03933 0.02509 -0.05246)
(-0.09959 0.07259 -0.13709)
(-0.09068 0.06719 -0.12521)
(-0.05142 0.03867 -0.07158)
(-0.03497 0.02800 -0.04553)
(-0.07881 0.06625 -0.10706)
(-0.03083 0.02924 -0.04393)
(-0.00965 0.01016 -0.01430)
(-0.06059 0.05975 -0.08182)
(-0.00732 0.00882 -0.01174)
(0.00096 -0.00144 0.00196)
(0.00359 0.00194 -0.00294)
(-0.00153 -0.00093 0.00148)
(-0.00563 -0.00331 0.00587)
(-0.01579 -0.00881 0.01608)
(-0.04118 -0.02277 0.04273)
(-0.03200 -0.01722 0.02955)
(-0.03560 -0.02865 0.04138)
(-0.04294 -0.02588 0.03830)
(-0.05248 -0.01709 0.02315)
(-0.05073 -0.01091 0.00641)
(-0.04976 -0.00081 -0.02996)
(-0.06079 0.01201 -0.05455)
(-0.06461 0.01926 -0.06815)
(-0.06997 0.02918 -0.09729)
(-0.07011 0.02390 -0.07401)
(-0.07602 0.03201 -0.09024)
(-0.07465 0.03415 -0.10450)
(-0.08549 0.04509 -0.11542)
(-0.10197 0.06724 -0.14787)
(-0.11269 0.07930 -0.15488)
(-0.12313 0.08865 -0.16733)
(-0.13224 0.08991 -0.17384)
(-0.11876 0.09337 -0.16404)
(-0.11378 0.09807 -0.15872)
(-0.11390 0.10083 -0.14845)
(-0.12909 0.11572 -0.17669)
(-0.11896 0.11737 -0.16345)
(-0.07748 0.08124 -0.11118)
(-0.04545 0.05152 -0.06962)
(-0.12415 0.13101 -0.17790)
(-0.08037 0.09206 -0.12040)
(-0.02740 0.03744 -0.05194)
(-0.00144 0.00225 -0.00309)
(-0.01655 0.02448 -0.03093)
(0.00527 -0.00907 0.01159)
(0.00981 -0.01721 0.02233)
(0.00022 0.00011 -0.00015)
(-0.00685 -0.00328 0.00523)
(-0.01870 -0.00955 0.01616)
(-0.02690 -0.01639 0.02747)
(-0.04974 -0.02718 0.05026)
(-0.04207 -0.02551 0.04363)
(-0.04847 -0.03575 0.05931)
(-0.05520 -0.02750 0.05873)
(-0.05136 -0.02792 0.05382)
(-0.04823 -0.02898 0.05682)
(-0.05094 -0.02859 0.05902)
(-0.04715 -0.02614 0.05075)
(-0.04496 -0.02267 0.03526)
(-0.05035 -0.01403 0.01230)
(-0.04944 -0.01035 0.00050)
(-0.05252 0.00280 -0.02770)
(-0.05612 0.00872 -0.04071)
(-0.07023 0.02091 -0.06599)
(-0.08227 0.03406 -0.08650)
(-0.10016 0.05777 -0.12807)
(-0.10721 0.06874 -0.14957)
(-0.11270 0.08248 -0.17009)
(-0.12052 0.09152 -0.17236)
(-0.12733 0.09354 -0.17339)
(-0.13914 0.11707 -0.19478)
(-0.15038 0.13643 -0.21403)
(-0.16724 0.16108 -0.22609)
(-0.13698 0.13669 -0.17529)
(-0.16237 0.15453 -0.21185)
(-0.12885 0.13544 -0.18517)
(-0.13007 0.14577 -0.18938)
(-0.13842 0.15771 -0.19313)
(-0.13003 0.15090 -0.18452)
(-0.07276 0.09436 -0.11803)
(-0.01391 0.02295 -0.03182)
(-0.10938 0.14106 -0.18316)
(-0.05725 0.08713 -0.11771)
(-0.00641 0.01141 -0.01628)
(-0.00190 0.00373 -0.00542)
(0.00381 0.00230 -0.00207)
(-0.00912 -0.00531 0.00598)
(-0.02336 -0.01260 0.01701)
(-0.04641 -0.02202 0.03871)
(-0.05801 -0.02745 0.04490)
(-0.06044 -0.03443 0.06388)
(-0.05843 -0.03549 0.06629)
(-0.04933 -0.03820 0.06717)
(-0.05556 -0.03266 0.06449)
(-0.05115 -0.02966 0.06250)
(-0.05108 -0.02826 0.05884)
(-0.05134 -0.02655 0.05502)
(-0.05098 -0.02775 0.05754)
(-0.05169 -0.02554 0.05272)
(-0.05809 -0.00947 0.01390)
(-0.05262 0.00325 -0.02760)
(-0.05507 0.00754 -0.03707)
(-0.05841 0.01280 -0.04870)
(-0.07749 0.03291 -0.08292)
(-0.10034 0.06135 -0.13283)
(-0.10306 0.06667 -0.14029)
(-0.11956 0.09097 -0.17819)
(-0.14109 0.11972 -0.21331)
(-0.14190 0.12237 -0.20914)
(-0.15344 0.13698 -0.22143)
(-0.17066 0.16397 -0.23823)
(-0.17246 0.16799 -0.23880)
(-0.17354 0.17068 -0.23773)
(-0.17431 0.17267 -0.23634)
(-0.16722 0.17317 -0.22810)
(-0.14227 0.16045 -0.19689)
(-0.13859 0.15988 -0.19647)
(-0.14355 0.16339 -0.20043)
(-0.13057 0.15912 -0.20825)
(-0.09718 0.14581 -0.18549)
(-0.13013 0.17431 -0.21871)
(-0.08002 0.12464 -0.16190)
(-0.02590 0.05509 -0.07388)
(-0.00251 0.00578 -0.00779)
(-0.05477 0.11418 -0.15365)
(-0.01100 0.02621 -0.03552)
(-0.00059 0.00146 -0.00199)
(-0.00525 -0.00324 0.00319)
(-0.01542 -0.01026 0.01031)
(-0.04483 -0.03130 0.03905)
(-0.05630 -0.03488 0.04470)
(-0.05741 -0.04546 0.06605)
(-0.05784 -0.04381 0.07127)
(-0.05757 -0.04313 0.07508)
(-0.05809 -0.04419 0.07554)
(-0.05768 -0.04380 0.07884)
(-0.04848 -0.04229 0.07902)
(-0.05110 -0.03113 0.06658)
(-0.05083 -0.03130 0.06683)
(-0.05062 -0.02948 0.06135)
(-0.05045 -0.02736 0.05536)
(-0.05100 -0.02484 0.04934)
(-0.06422 0.00111 -0.00497)
(-0.05203 0.00534 -0.03424)
(-0.05807 0.00446 -0.03341)
(-0.05491 0.01226 -0.05613)
(-0.05411 0.01147 -0.04836)
(-0.05845 0.01620 -0.05667)
(-0.09502 0.06086 -0.13810)
(-0.08637 0.05683 -0.14055)
(-0.10321 0.07923 -0.16831)
(-0.10326 0.07240 -0.15572)
(-0.11758 0.09518 -0.19479)
(-0.15204 0.13562 -0.24343)
(-0.15601 0.14122 -0.24946)
(-0.15968 0.14662 -0.25483)
(-0.16512 0.15835 -0.23725)
(-0.17737 0.17571 -0.25058)
(-0.17881 0.17836 -0.24956)
(-0.18016 0.18079 -0.24762)
(-0.18501 0.19204 -0.25004)
(-0.17267 0.18481 -0.23632)
(-0.16970 0.19621 -0.24238)
(-0.14896 0.17975 -0.22307)
(-0.14416 0.19285 -0.24068)
(-0.13673 0.18087 -0.23502)
(-0.11859 0.17871 -0.23081)
(-0.08341 0.16933 -0.22419)
(-0.04683 0.10296 -0.13798)
(-0.05776 0.12844 -0.16973)
(-0.01685 0.04094 -0.05494)
(-0.00782 0.01960 -0.02606)
(0.00275 0.00162 -0.00116)
(-0.00062 -0.00032 0.00024)
(-0.03780 -0.02119 0.02410)
(-0.05762 -0.03789 0.04592)
(-0.06195 -0.04147 0.05803)
(-0.06133 -0.04208 0.07401)
(-0.05952 -0.04511 0.07627)
(-0.05827 -0.04482 0.07876)
(-0.05855 -0.04554 0.08106)
(-0.05170 -0.04761 0.08664)
(-0.04859 -0.04352 0.08087)
(-0.05060 -0.03160 0.06623)
(-0.05194 -0.03177 0.06576)
(-0.04954 -0.02950 0.05810)
(-0.04918 -0.02699 0.05162)
(-0.05035 -0.01378 0.02184)
(-0.04604 -0.02555 0.04379)
(-0.04144 -0.00199 -0.01946)
(-0.04455 0.00566 -0.04124)
(-0.05466 0.03035 -0.09279)
(-0.06988 0.04016 -0.11407)
(-0.08895 0.07511 -0.16579)
(-0.11347 0.09921 -0.20820)
(-0.14253 0.13097 -0.24458)
(-0.15494 0.14333 -0.25470)
(-0.16043 0.15062 -0.26157)
(-0.17335 0.17386 -0.27957)
(-0.18601 0.18913 -0.28247)
(-0.19044 0.19497 -0.27722)
(-0.18544 0.18900 -0.25910)
(-0.19440 0.21192 -0.26760)
(-0.18608 0.20769 -0.25302)
(-0.19593 0.22920 -0.28318)
(-0.17706 0.21582 -0.25715)
(-0.16682 0.21682 -0.26442)
(-0.15892 0.20965 -0.25979)
(-0.15145 0.20441 -0.24811)
(-0.14108 0.20764 -0.24689)
(-0.09171 0.17795 -0.22740)
(-0.08353 0.17411 -0.22578)
(-0.02689 0.06452 -0.08503)
(-0.08501 0.17863 -0.22614)
(-0.05833 0.13255 -0.17235)
(-0.01702 0.04744 -0.05956)
(-0.00127 0.00392 -0.00446)
(0.00822 0.00338 -0.00216)
(-0.00028 -0.00011 0.00007)
(-0.01939 -0.00887 0.00987)
(-0.04050 -0.02001 0.02395)
(-0.06404 -0.03944 0.05722)
(-0.06595 -0.03452 0.04806)
(-0.06439 -0.03916 0.06373)
(-0.06650 -0.03909 0.06861)
(-0.05750 -0.04730 0.07674)
(-0.05231 -0.05233 0.08643)
(-0.05195 -0.04377 0.09187)
(-0.04274 -0.04834 0.10177)
(-0.03606 -0.04754 0.09016)
(-0.03938 -0.04729 0.08111)
(-0.04331 -0.03120 0.05578)
(-0.03686 -0.01680 0.01840)
(-0.03765 -0.01182 0.00280)
(-0.02643 -0.00589 -0.03821)
(-0.04236 0.01368 -0.06533)
(-0.05986 0.04871 -0.11536)
(-0.07481 0.07088 -0.15097)
(-0.10248 0.10503 -0.21206)
(-0.12141 0.12694 -0.23684)
(-0.13729 0.14681 -0.26356)
(-0.15297 0.14389 -0.25909)
(-0.15986 0.15227 -0.26662)
(-0.17429 0.18232 -0.30184)
(-0.18641 0.20780 -0.31461)
(-0.20274 0.22913 -0.33296)
(-0.20522 0.23928 -0.32717)
(-0.20545 0.24040 -0.32163)
(-0.21110 0.24504 -0.29541)
(-0.19093 0.23954 -0.28056)
(-0.16574 0.21887 -0.26471)
(-0.17788 0.24206 -0.27013)
(-0.15703 0.22523 -0.25830)
(-0.13823 0.21850 -0.24969)
(-0.15816 0.23157 -0.25912)
(-0.13257 0.21582 -0.24396)
(-0.11149 0.20083 -0.23969)
(-0.08541 0.18681 -0.23138)
(-0.11542 0.21197 -0.24672)
(-0.05240 0.12829 -0.14347)
(-0.01142 0.03455 -0.03905)
(-0.00727 0.02001 -0.02204)
(0.00034 0.00014 -0.00011)
(-0.01328 -0.00467 0.00318)
(-0.05319 -0.02441 0.03234)
(-0.05778 -0.02602 0.03943)
(-0.06043 -0.03391 0.05038)
(-0.05302 -0.04009 0.06427)
(-0.05877 -0.04171 0.06205)
(-0.05520 -0.04840 0.07455)
(-0.05860 -0.04250 0.07039)
(-0.05340 -0.05142 0.08622)
(-0.05326 -0.05231 0.08864)
(-0.03604 -0.05504 0.10284)
(-0.03173 -0.05792 0.10933)
(-0.03114 -0.05741 0.11040)
(-0.03486 -0.05554 0.10541)
(-0.04061 -0.04312 0.08225)
(-0.02735 -0.05250 0.08400)
(-0.02571 -0.05212 0.08305)
(-0.02832 -0.03934 0.07109)
(-0.02955 -0.02466 0.02846)
(-0.03425 -0.01489 0.01096)
(-0.02991 -0.00276 -0.03036)
(-0.03897 0.01239 -0.05577)
(-0.06010 0.05106 -0.11341)
(-0.07087 0.08880 -0.17670)
(-0.07925 0.10009 -0.19311)
(-0.09984 0.11658 -0.22272)
(-0.12261 0.14053 -0.25438)
(-0.15600 0.18225 -0.30281)
(-0.17517 0.19880 -0.31864)
(-0.18607 0.21886 -0.33133)
(-0.20604 0.23748 -0.34503)
(-0.20787 0.24284 -0.35105)
(-0.21058 0.26110 -0.35297)
(-0.21199 0.25593 -0.32850)
(-0.21376 0.27387 -0.34124)
(-0.20838 0.26451 -0.30777)
(-0.21587 0.28190 -0.31232)
(-0.20684 0.27161 -0.29748)
(-0.20902 0.28359 -0.30396)
(-0.17890 0.24793 -0.27095)
(-0.17820 0.25803 -0.27112)
(-0.16067 0.24490 -0.26358)
(-0.15654 0.25124 -0.27068)
(-0.13029 0.23694 -0.25975)
(-0.11118 0.22599 -0.24557)
(-0.07749 0.19161 -0.20841)
(-0.02407 0.06664 -0.07268)
(0.00275 -0.00776 0.00868)
(-0.06919 0.15891 -0.17049)
(-0.00381 -0.00180 0.00161)
(-0.02385 -0.00948 0.00994)
(-0.02461 -0.01271 0.01323)
(-0.04365 -0.01659 0.02553)
(-0.05833 -0.02872 0.04864)
(-0.05211 -0.03837 0.06060)
(-0.04847 -0.04127 0.06525)
(-0.05072 -0.04212 0.06736)
(-0.04932 -0.04541 0.07199)
(-0.03951 -0.05443 0.08546)
(-0.03020 -0.05940 0.10869)
(-0.02742 -0.05957 0.10931)
(-0.02738 -0.05306 0.09555)
(-0.02143 -0.04747 0.06504)
(-0.01685 -0.03804 0.05072)
(-0.02796 -0.01817 0.00605)
(-0.02312 -0.01931 0.00369)
(-0.03020 0.00529 -0.03906)
(-0.03261 0.00727 -0.04412)
(-0.03421 0.01693 -0.06334)
(-0.05362 0.05175 -0.11888)
(-0.06973 0.08929 -0.17486)
(-0.07765 0.09975 -0.18936)
(-0.08614 0.11042 -0.20397)
(-0.11722 0.13886 -0.24361)
(-0.14594 0.17425 -0.29672)
(-0.14609 0.18113 -0.29575)
(-0.15829 0.19423 -0.31489)
(-0.17464 0.21318 -0.34013)
(-0.19641 0.24217 -0.35410)
(-0.20272 0.25183 -0.36361)
(-0.21404 0.28527 -0.37673)
(-0.21516 0.28609 -0.36881)
(-0.21488 0.28993 -0.37004)
(-0.21191 0.28122 -0.33733)
(-0.20834 0.28635 -0.32648)
(-0.21198 0.28777 -0.31236)
(-0.21033 0.28977 -0.31206)
(-0.20756 0.28624 -0.30278)
(-0.18663 0.28140 -0.28661)
(-0.17432 0.27341 -0.27401)
(-0.14925 0.25655 -0.26545)
(-0.13633 0.26734 -0.27052)
(-0.11860 0.24213 -0.25737)
(-0.12696 0.25908 -0.26739)
(-0.10299 0.23113 -0.24713)
(-0.05464 0.13820 -0.14817)
(-0.00341 0.00985 -0.01085)
(0.00126 -0.00360 0.00398)
(0.00112 0.00062 -0.00070)
(-0.00163 -0.00097 0.00112)
(-0.01266 -0.00714 0.00827)
(-0.03564 -0.02037 0.02416)
(-0.04753 -0.02332 0.03906)
(-0.03963 -0.02400 0.02942)
(-0.04301 -0.02892 0.04686)
(-0.04770 -0.03932 0.06208)
(-0.04645 -0.04485 0.07022)
(-0.04368 -0.04409 0.06815)
(-0.04240 -0.04885 0.07379)
(-0.03059 -0.06068 0.08824)
(-0.02191 -0.05932 0.06918)
(-0.02424 -0.06197 0.10868)
(-0.01718 -0.06235 0.09267)
(-0.01258 -0.05345 0.05780)
(-0.00990 -0.04000 0.04824)
(-0.01589 -0.03155 0.02059)
(-0.03116 0.00628 -0.04246)
(-0.03379 0.01411 -0.05737)
(-0.03405 0.01448 -0.05662)
(-0.03621 0.02041 -0.06896)
(-0.06991 0.09207 -0.17469)
(-0.07709 0.10063 -0.18625)
(-0.08499 0.11080 -0.19923)
(-0.10258 0.13381 -0.22347)
(-0.14087 0.17999 -0.28858)
(-0.16066 0.20551 -0.32113)
(-0.18726 0.24016 -0.36205)
(-0.19039 0.24648 -0.36830)
(-0.19245 0.25143 -0.37347)
(-0.20850 0.28088 -0.38397)
(-0.21326 0.29079 -0.37837)
(-0.21444 0.29401 -0.37130)
(-0.20914 0.30266 -0.35777)
(-0.21232 0.29365 -0.32091)
(-0.21058 0.29529 -0.32062)
(-0.19909 0.29572 -0.31132)
(-0.17656 0.28353 -0.28842)
(-0.17464 0.29174 -0.29490)
(-0.16500 0.27246 -0.27587)
(-0.14173 0.27438 -0.27711)
(-0.13683 0.26940 -0.27459)
(-0.13133 0.26423 -0.27253)
(-0.12635 0.25980 -0.27048)
(-0.07438 0.18190 -0.19664)
(-0.01891 0.05306 -0.05891)
(-0.00751 0.02088 -0.02330)
(0.00750 -0.02114 0.02352)
(-0.00322 -0.00168 0.00229)
(-0.01247 -0.00769 0.00924)
(-0.02333 -0.01433 0.01740)
(-0.01911 -0.01241 0.01533)
(-0.03663 -0.02389 0.02989)
(-0.03764 -0.02495 0.03109)
(-0.03674 -0.03748 0.05910)
(-0.02737 -0.03429 0.05011)
(-0.04056 -0.04311 0.06598)
(-0.03775 -0.04782 0.07070)
(-0.02276 -0.05976 0.06695)
(0.00106 -0.07687 0.07145)
(-0.01621 -0.06683 0.07749)
(0.00012 -0.07331 0.06796)
(-0.01841 -0.05797 0.05464)
(-0.01067 -0.05056 0.04966)
(-0.01266 -0.05088 0.02828)
(-0.00849 -0.03838 0.01519)
(-0.02149 -0.00800 -0.01699)
(-0.03436 0.01381 -0.05680)
(-0.03778 0.02288 -0.06999)
(-0.03940 0.02345 -0.07079)
(-0.05339 0.05697 -0.11891)
(-0.07809 0.09801 -0.17820)
(-0.09418 0.12050 -0.19887)
(-0.11806 0.15542 -0.23816)
(-0.15142 0.19294 -0.27503)
(-0.16419 0.21306 -0.31781)
(-0.17540 0.23311 -0.34429)
(-0.18855 0.24661 -0.36578)
(-0.19107 0.25233 -0.37285)
(-0.20460 0.28299 -0.39092)
(-0.21187 0.29156 -0.38538)
(-0.21129 0.29462 -0.38479)
(-0.21256 0.29665 -0.37835)
(-0.20681 0.30845 -0.37154)
(-0.20803 0.31307 -0.34840)
(-0.20599 0.31485 -0.34798)
(-0.20346 0.31305 -0.33187)
(-0.19794 0.31724 -0.35022)
(-0.19101 0.31303 -0.31874)
(-0.18597 0.30556 -0.31038)
(-0.18345 0.31434 -0.32725)
(-0.15986 0.28893 -0.29181)
(-0.14368 0.27775 -0.28038)
(-0.13916 0.27303 -0.27842)
(-0.13611 0.27036 -0.27816)
(-0.13350 0.26805 -0.27812)
(-0.12877 0.26309 -0.27549)
(-0.11914 0.25213 -0.28210)
(-0.08275 0.19695 -0.21982)
(-0.02959 0.07383 -0.08402)
(0.00307 -0.00841 0.00945)
(0.00012 0.00011 -0.00014)
(-0.00168 -0.00166 0.00220)
(-0.01056 -0.01011 0.01381)
(-0.03129 -0.02114 0.02662)
(-0.02613 -0.02699 0.03127)
(-0.02742 -0.02937 0.03488)
(-0.01787 -0.02963 0.03666)
(-0.02095 -0.03670 0.04320)
(-0.02540 -0.04213 0.05902)
(-0.00257 -0.04795 0.04573)
(-0.00556 -0.04755 0.05292)
(-0.01390 -0.05453 0.06103)
(-0.00596 -0.06272 0.05035)
(0.00562 -0.07617 0.06067)
(0.00890 -0.08288 0.07334)
(0.00642 -0.07160 0.03703)
(-0.00148 -0.06416 0.03122)
(-0.01044 -0.04439 0.02090)
(-0.01226 -0.03826 0.01320)
(-0.02822 0.00035 -0.03562)
(-0.03844 0.01792 -0.05948)
(-0.07109 0.06271 -0.11089)
(-0.06353 0.06403 -0.11245)
(-0.08665 0.08433 -0.13209)
(-0.10118 0.11519 -0.17280)
(-0.11566 0.13262 -0.19786)
(-0.13665 0.17416 -0.23457)
(-0.15894 0.19783 -0.26332)
(-0.16700 0.21932 -0.30666)
(-0.18220 0.22479 -0.29622)
(-0.18176 0.23713 -0.33391)
(-0.19465 0.25356 -0.35677)
(-0.19694 0.26269 -0.38429)
(-0.20560 0.28316 -0.39919)
(-0.20690 0.28876 -0.39640)
(-0.20516 0.29712 -0.40694)
(-0.20637 0.30578 -0.40480)
(-0.20361 0.30842 -0.39971)
(-0.20325 0.32357 -0.38015)
(-0.20207 0.32416 -0.37877)
(-0.19495 0.31617 -0.37312)
(-0.18914 0.31324 -0.34679)
(-0.18044 0.30462 -0.34475)
(-0.17230 0.30119 -0.32370)
(-0.16832 0.29949 -0.31767)
(-0.15698 0.28487 -0.30962)
(-0.14193 0.27303 -0.31357)
(-0.12859 0.26253 -0.28932)
(-0.11673 0.25118 -0.28629)
(-0.10390 0.23544 -0.27726)
(-0.12496 0.25731 -0.29438)
(-0.10834 0.24340 -0.28547)
(-0.04517 0.10901 -0.12876)
(-0.00227 0.00607 -0.00707)
(0.00505 -0.01283 0.01537)
(-0.00068 -0.00106 0.00157)
(-0.00426 -0.00490 0.00656)
(-0.02288 -0.02153 0.03256)
(-0.01272 -0.02327 0.03501)
(-0.01507 -0.02631 0.03612)
(-0.01538 -0.02954 0.03895)
(-0.01269 -0.02651 0.03825)
(-0.00422 -0.04226 0.04115)
(0.00120 -0.04980 0.04630)
(0.01012 -0.06099 0.02671)
(0.00188 -0.06031 0.03948)
(0.00726 -0.07166 0.04845)
(0.00826 -0.07378 0.03855)
(0.00774 -0.07087 0.01234)
(-0.00967 -0.03916 -0.02574)
(-0.01574 -0.02978 -0.03699)
(-0.01838 -0.03096 -0.01993)
(-0.02660 -0.00765 -0.04169)
(-0.03591 0.01539 -0.06700)
(-0.06650 0.05570 -0.10302)
(-0.09824 0.09469 -0.13606)
(-0.10465 0.11315 -0.16401)
(-0.11511 0.13127 -0.18687)
(-0.14263 0.16791 -0.21835)
(-0.18981 0.22462 -0.26597)
(-0.19556 0.23360 -0.27663)
(-0.18769 0.23823 -0.32462)
(-0.19953 0.25808 -0.35163)
(-0.21550 0.28758 -0.38179)
(-0.21650 0.29136 -0.38952)
(-0.20145 0.29205 -0.40412)
(-0.20284 0.29804 -0.41555)
(-0.20372 0.30401 -0.40543)
(-0.20524 0.30928 -0.41312)
(-0.20032 0.31805 -0.38394)
(-0.19818 0.31507 -0.38286)
(-0.18766 0.31251 -0.37880)
(-0.18102 0.30600 -0.36467)
(-0.17846 0.30306 -0.36134)
(-0.17564 0.30364 -0.34253)
(-0.16468 0.29458 -0.32083)
(-0.16690 0.29560 -0.33555)
(-0.15649 0.28870 -0.32043)
(-0.15059 0.27793 -0.31932)
(-0.14775 0.26814 -0.31768)
(-0.12668 0.25852 -0.29608)
(-0.11377 0.24604 -0.29040)
(-0.10942 0.24405 -0.28723)
(-0.11198 0.24172 -0.28640)
(-0.06306 0.15063 -0.18289)
(-0.01048 0.02638 -0.03166)
(-0.00566 0.01348 -0.01634)
(0.00113 0.00187 -0.00276)
(-0.00441 -0.00700 0.01059)
(-0.00043 -0.00072 0.00107)
(-0.00529 -0.00891 0.01349)
(-0.00883 -0.02181 0.03227)
(-0.01277 -0.02506 0.03710)
(-0.00521 -0.02594 0.03493)
(-0.00869 -0.02875 0.03501)
(-0.00191 -0.03573 0.03050)
(-0.00384 -0.03439 0.03312)
(0.00727 -0.04044 0.02480)
(0.00692 -0.04586 0.03446)
(0.01185 -0.05541 0.03168)
(0.02148 -0.06939 0.00309)
(0.02128 -0.07241 -0.00022)
(0.01961 -0.07533 0.00745)
(-0.00468 -0.04295 -0.02679)
(-0.01659 -0.03109 -0.04317)
(-0.02409 -0.02023 -0.04961)
(-0.04270 0.00755 -0.07581)
(-0.07735 0.05332 -0.11455)
(-0.10757 0.09107 -0.13080)
(-0.15239 0.14008 -0.18783)
(-0.10728 0.10832 -0.14631)
(-0.13685 0.14665 -0.19004)
(-0.17111 0.19539 -0.23528)
(-0.19441 0.22692 -0.26346)
(-0.19925 0.23403 -0.27266)
(-0.19952 0.23976 -0.28473)
(-0.20289 0.26023 -0.33537)
(-0.21816 0.28755 -0.37734)
(-0.21927 0.29062 -0.38433)
(-0.21039 0.28935 -0.40053)
(-0.21217 0.30050 -0.41457)
(-0.20343 0.30639 -0.41516)
(-0.19968 0.30706 -0.40834)
(-0.19820 0.30842 -0.40590)
(-0.19440 0.30918 -0.39159)
(-0.18179 0.30116 -0.37902)
(-0.18006 0.30393 -0.36861)
(-0.17757 0.30077 -0.36542)
(-0.17574 0.30005 -0.35809)
(-0.17103 0.29686 -0.34406)
(-0.15798 0.28502 -0.32543)
(-0.14942 0.27320 -0.31312)
(-0.14033 0.26846 -0.30975)
(-0.13473 0.26424 -0.29627)
(-0.12718 0.25816 -0.29528)
(-0.11833 0.24712 -0.29327)
(-0.11671 0.24095 -0.29415)
(-0.07293 0.16952 -0.20652)
(-0.01348 0.03185 -0.03865)
(0.00111 0.00184 -0.00275)
(-0.00198 -0.00331 0.00499)
(-0.01063 -0.01871 0.02873)
(-0.00872 -0.01521 0.02321)
(-0.01112 -0.01992 0.03049)
(-0.00243 -0.02634 0.03150)
(-0.00057 -0.02959 0.03308)
(0.00507 -0.03369 0.02722)
(0.01783 -0.04315 0.01912)
(0.02031 -0.04607 0.01690)
(0.02036 -0.05747 0.02734)
(0.02265 -0.06848 -0.00041)
(0.02230 -0.06962 -0.00681)
(0.02056 -0.07020 -0.01440)
(0.02040 -0.07205 -0.00992)
(-0.00158 -0.05037 -0.03782)
(-0.01280 -0.03438 -0.04967)
(-0.02553 -0.02383 -0.05791)
(-0.05718 0.01221 -0.09845)
(-0.03476 -0.00940 -0.06148)
(-0.08923 0.06132 -0.12457)
(-0.09832 0.07199 -0.13101)
(-0.15644 0.14010 -0.18809)
(-0.15894 0.15053 -0.19337)
(-0.16441 0.15859 -0.19816)
(-0.19996 0.23013 -0.26229)
(-0.20298 0.23415 -0.26947)
(-0.20327 0.24010 -0.28126)
(-0.20705 0.24523 -0.28886)
(-0.21485 0.26540 -0.33589)
(-0.21410 0.27340 -0.35514)
(-0.21811 0.29610 -0.40764)
(-0.21637 0.29325 -0.40374)
(-0.20959 0.29877 -0.40573)
(-0.20160 0.30629 -0.41103)
(-0.20003 0.30632 -0.40998)
(-0.19734 0.30717 -0.40644)
(-0.19034 0.30063 -0.39628)
(-0.17932 0.30152 -0.37194)
(-0.17701 0.29831 -0.36861)
(-0.17469 0.29689 -0.36190)
(-0.16448 0.29019 -0.34323)
(-0.15411 0.28307 -0.32006)
(-0.15317 0.28320 -0.31761)
(-0.13961 0.27071 -0.30622)
(-0.12923 0.26776 -0.28961)
(-0.12761 0.26650 -0.28980)
(-0.12788 0.26633 -0.28963)
(-0.12662 0.26518 -0.29030)
(-0.12482 0.26361 -0.29081)
(-0.11823 0.24131 -0.29610)
(-0.09792 0.22438 -0.27406)
(-0.08925 0.20365 -0.24683)
(-0.02164 0.05031 -0.06084)
(0.00643 -0.01508 0.01822)
(0.00047 0.00072 -0.00111)
(-0.00363 -0.00566 0.00877)
(-0.01114 -0.01399 0.02935)
(-0.01041 -0.01862 0.03272)
(-0.01225 -0.01908 0.03418)
(-0.00218 -0.02480 0.02966)
(0.00521 -0.03101 0.02739)
(0.01701 -0.04097 0.01846)
(0.01992 -0.04421 0.01567)
(0.02408 -0.05130 0.01078)
(0.01903 -0.05368 0.00030)
(0.02381 -0.06826 -0.00968)
(0.02192 -0.06860 -0.01729)
(0.00588 -0.06505 -0.04070)
(0.01705 -0.07003 -0.02471)
(-0.01531 -0.04437 -0.07376)
(-0.03725 -0.02242 -0.08446)
(-0.06798 0.01048 -0.11382)
(-0.09116 0.04904 -0.13774)
(-0.11454 0.08056 -0.14706)
(-0.14750 0.11780 -0.17877)
(-0.16244 0.15042 -0.19373)
(-0.16376 0.14758 -0.19366)
(-0.16823 0.15952 -0.19930)
(-0.19962 0.20661 -0.23680)
(-0.21082 0.22269 -0.25597)
(-0.20641 0.23925 -0.27772)
(-0.21768 0.25489 -0.30166)
(-0.23016 0.26621 -0.32844)
(-0.23210 0.27358 -0.34468)
(-0.21459 0.28166 -0.37380)
(-0.21130 0.28056 -0.38512)
(-0.21269 0.29114 -0.40498)
(-0.20967 0.30242 -0.41169)
(-0.20207 0.30666 -0.41182)
(-0.19816 0.30603 -0.40789)
(-0.19418 0.29923 -0.40086)
(-0.18204 0.29995 -0.38538)
(-0.17873 0.29458 -0.37298)
(-0.16379 0.29013 -0.34622)
(-0.15772 0.28201 -0.33608)
(-0.15222 0.27795 -0.32461)
(-0.14541 0.27197 -0.31709)
(-0.14704 0.26983 -0.32377)
(-0.13927 0.26936 -0.29836)
(-0.12842 0.26702 -0.28846)
(-0.12633 0.26532 -0.28947)
(-0.11934 0.25669 -0.29266)
(-0.11882 0.24139 -0.28554)
(-0.09988 0.22563 -0.27405)
(-0.10308 0.22900 -0.27337)
(-0.03031 0.06900 -0.08268)
(0.00132 -0.00303 0.00363)
(-0.00038 -0.00028 0.00054)
(-0.00838 -0.00755 0.01510)
(-0.00838 -0.00542 0.01130)
(-0.01611 -0.01781 0.03220)
(-0.01590 -0.01898 0.03374)
(-0.00931 -0.01869 0.03263)
(-0.00406 -0.02536 0.03168)
(0.00469 -0.02860 0.02229)
(0.00933 -0.03497 0.02354)
(0.01885 -0.04149 0.01514)
(0.01855 -0.04666 0.00727)
(0.01733 -0.05201 -0.00771)
(0.02076 -0.06065 -0.02841)
(0.00184 -0.05328 -0.05234)
(-0.02480 -0.03975 -0.08676)
(-0.03532 -0.04432 -0.11629)
(-0.05932 -0.00906 -0.11685)
(-0.10004 0.04949 -0.13769)
(-0.10663 0.03821 -0.14346)
(-0.14450 0.09657 -0.16645)
(-0.15892 0.11548 -0.17749)
(-0.17984 0.14467 -0.18752)
(-0.16894 0.15647 -0.19953)
(-0.20337 0.19550 -0.23017)
(-0.21315 0.20821 -0.24734)
(-0.21273 0.22905 -0.26580)
(-0.22964 0.24796 -0.29125)
(-0.23017 0.25881 -0.32130)
(-0.23694 0.26758 -0.33253)
(-0.22831 0.27937 -0.36776)
(-0.24155 0.29333 -0.38650)
(-0.22481 0.29670 -0.41246)
(-0.22667 0.30155 -0.41341)
(-0.22609 0.30480 -0.42046)
(-0.21219 0.30616 -0.41711)
(-0.20379 0.30337 -0.39912)
(-0.18497 0.29521 -0.38146)
(-0.18378 0.29348 -0.37813)
(-0.17019 0.28783 -0.36078)
(-0.16381 0.28379 -0.33591)
(-0.15264 0.27631 -0.32662)
(-0.14588 0.27728 -0.30838)
(-0.13749 0.26735 -0.30125)
(-0.13608 0.27258 -0.29902)
(-0.12617 0.26706 -0.28611)
(-0.13580 0.26825 -0.30121)
(-0.12891 0.25324 -0.29078)
(-0.12427 0.24705 -0.28076)
(-0.12639 0.24760 -0.27444)
(-0.11509 0.23391 -0.27203)
(-0.05023 0.09084 -0.10796)
(-0.00342 0.00639 -0.00768)
(-0.00179 -0.00111 0.00229)
(-0.01486 -0.01020 0.02019)
(-0.01980 -0.01742 0.03256)
(-0.01811 -0.01605 0.03153)
(-0.01421 -0.01607 0.03157)
(-0.00234 -0.02256 0.02558)
(0.00435 -0.03183 0.01616)
(0.00909 -0.03458 0.01881)
(0.00838 -0.03647 0.01109)
(0.01798 -0.04266 -0.00017)
(0.01899 -0.05156 -0.02885)
(0.00185 -0.04968 -0.04686)
(-0.01396 -0.04517 -0.07214)
(-0.02289 -0.03587 -0.06723)
(-0.03980 -0.03206 -0.10112)
(-0.06490 -0.00238 -0.11749)
(-0.13196 0.05937 -0.15211)
(-0.13947 0.07242 -0.15771)
(-0.16246 0.10647 -0.18014)
(-0.17458 0.12889 -0.18696)
(-0.20261 0.16877 -0.20240)
(-0.22043 0.19926 -0.22161)
(-0.21993 0.20560 -0.23680)
(-0.22409 0.22389 -0.26070)
(-0.23108 0.24060 -0.28105)
(-0.23762 0.24557 -0.30617)
(-0.24232 0.25411 -0.32063)
(-0.24069 0.27583 -0.35314)
(-0.25832 0.29559 -0.38413)
(-0.23888 0.29814 -0.40117)
(-0.23470 0.30341 -0.40814)
(-0.23059 0.30325 -0.41853)
(-0.21547 0.29980 -0.41719)
(-0.21056 0.29934 -0.39980)
(-0.18625 0.29533 -0.38185)
(-0.18518 0.29330 -0.37898)
(-0.17223 0.28684 -0.35953)
(-0.16646 0.28920 -0.33815)
(-0.15863 0.28396 -0.32874)
(-0.14529 0.27825 -0.31322)
(-0.14490 0.28133 -0.30398)
(-0.14064 0.27838 -0.30141)
(-0.14271 0.27671 -0.30517)
(-0.14608 0.27200 -0.31463)
(-0.13715 0.27066 -0.29996)
(-0.13213 0.25535 -0.28674)
(-0.13611 0.24824 -0.27550)
(-0.13386 0.23834 -0.26662)
(-0.09546 0.15669 -0.18618)
(-0.04375 0.07633 -0.09051)
(-0.00649 0.01125 -0.01339)
(0.00157 0.00080 -0.00162)
(-0.00574 -0.00289 0.00600)
(-0.01885 -0.01079 0.01968)
(-0.02777 -0.01625 0.03313)
(-0.02344 -0.01487 0.03328)
(-0.02067 -0.01496 0.03279)
(-0.00945 -0.02155 0.02652)
(-0.01906 -0.01443 0.03220)
(-0.00176 -0.02453 0.01829)
(0.00474 -0.03255 0.01309)
(0.00744 -0.03584 0.00837)
(0.00566 -0.03134 -0.01397)
(0.01187 -0.04146 -0.02563)
(-0.00545 -0.03606 -0.04028)
(-0.03411 -0.01700 -0.07360)
(-0.04480 -0.01980 -0.09020)
(-0.04937 -0.00767 -0.08990)
(-0.06834 0.00260 -0.11122)
(-0.13381 0.06057 -0.15051)
(-0.14319 0.07366 -0.15681)
(-0.15126 0.08438 -0.16129)
(-0.16455 0.11056 -0.17911)
(-0.20815 0.16915 -0.20332)
(-0.22200 0.18790 -0.20975)
(-0.22114 0.19829 -0.22801)
(-0.21821 0.19975 -0.24209)
(-0.22640 0.21508 -0.25608)
(-0.23290 0.22950 -0.27498)
(-0.23779 0.23440 -0.29353)
(-0.23984 0.23892 -0.30029)
(-0.23767 0.26433 -0.34235)
(-0.26043 0.29394 -0.38067)
(-0.25895 0.29943 -0.39059)
(-0.25309 0.30355 -0.40254)
(-0.24121 0.29998 -0.40125)
(-0.23351 0.30492 -0.41507)
(-0.21582 0.30128 -0.37889)
(-0.20435 0.29946 -0.38584)
(-0.19588 0.29083 -0.37432)
(-0.17156 0.29201 -0.34471)
(-0.16886 0.29273 -0.33904)
(-0.16403 0.29082 -0.33282)
(-0.16201 0.29395 -0.32802)
(-0.14405 0.27937 -0.30192)
(-0.14440 0.28076 -0.30653)
(-0.14722 0.27395 -0.31422)
(-0.15319 0.27699 -0.31641)
(-0.14669 0.27129 -0.30114)
(-0.14092 0.26299 -0.28863)
(-0.15644 0.25431 -0.28314)
(-0.15223 0.25202 -0.27166)
(-0.14919 0.22413 -0.25735)
(-0.10433 0.13800 -0.15454)
(-0.01112 0.01435 -0.01621)
(-0.01142 0.01391 -0.01577)
(-0.00551 -0.00222 0.00471)
(-0.02899 -0.01487 0.02776)
(-0.02666 -0.01468 0.03424)
(-0.02471 -0.01466 0.03386)
(-0.02229 -0.01460 0.03326)
(-0.02037 -0.01406 0.03269)
(-0.00961 -0.01866 0.02025)
(-0.00076 -0.02631 0.01470)
(0.00433 -0.03363 0.00995)
(0.00007 -0.02756 -0.00887)
(-0.01473 -0.02675 -0.03587)
(-0.03983 -0.01099 -0.07787)
(-0.04885 -0.00540 -0.08450)
(-0.05807 -0.00181 -0.09578)
(-0.09084 0.02863 -0.11241)
(-0.14221 0.07187 -0.15446)
(-0.14166 0.07181 -0.15183)
(-0.15009 0.08226 -0.15876)
(-0.17211 0.11155 -0.16941)
(-0.19027 0.14252 -0.19064)
(-0.18915 0.14275 -0.19263)
(-0.20572 0.16137 -0.20255)
(-0.20463 0.17250 -0.22197)
(-0.20821 0.17713 -0.22573)
(-0.22864 0.20644 -0.25667)
(-0.23807 0.23097 -0.28909)
(-0.23973 0.23511 -0.29552)
(-0.24147 0.24250 -0.30622)
(-0.24665 0.26678 -0.34398)
(-0.26206 0.29764 -0.38611)
(-0.26247 0.30137 -0.38766)
(-0.25191 0.30043 -0.39972)
(-0.24523 0.30429 -0.40367)
(-0.22116 0.30230 -0.37856)
(-0.21308 0.30007 -0.37441)
(-0.21064 0.30009 -0.36967)
(-0.17390 0.29461 -0.34500)
(-0.17147 0.29612 -0.34015)
(-0.16643 0.29472 -0.33461)
(-0.16422 0.29796 -0.33123)
(-0.15112 0.29195 -0.30292)
(-0.16034 0.30156 -0.31572)
(-0.17180 0.29453 -0.31821)
(-0.17125 0.29365 -0.30627)
(-0.15872 0.27361 -0.29930)
(-0.16225 0.25686 -0.26881)
(-0.16065 0.25344 -0.26627)
(-0.16208 0.21066 -0.23551)
(-0.12436 0.15642 -0.17615)
(-0.06883 0.08516 -0.09625)
(-0.13090 0.15665 -0.17674)
(-0.01908 0.02194 -0.02490)
(-0.00145 -0.00058 0.00121)
(-0.01114 -0.00442 0.00937)
(-0.00748 -0.00292 0.00621)
(-0.02736 -0.01053 0.02311)
(-0.03907 -0.01736 0.03601)
(-0.03528 -0.01497 0.03592)
(-0.02735 -0.01410 0.03510)
(-0.02808 -0.01281 0.03495)
(-0.02387 -0.01421 0.03391)
(-0.01858 -0.01876 0.03030)
(-0.01554 -0.01480 0.02802)
(-0.00696 -0.01903 0.01976)
(-0.00502 -0.02039 0.00457)
(-0.00490 -0.02221 -0.01018)
(-0.02294 -0.01905 -0.01892)
(-0.03406 -0.01256 -0.05725)
(-0.04911 -0.00274 -0.08074)
(-0.05798 0.00119 -0.09133)
(-0.07812 0.01600 -0.10359)
(-0.13403 0.07122 -0.12969)
(-0.14822 0.08081 -0.15575)
(-0.17156 0.11331 -0.16538)
(-0.19758 0.14550 -0.18346)
(-0.20317 0.15947 -0.20164)
(-0.20850 0.17134 -0.21591)
(-0.20689 0.17469 -0.22300)
(-0.22417 0.19435 -0.24138)
(-0.23277 0.21772 -0.27277)
(-0.23795 0.23011 -0.29028)
(-0.24259 0.24049 -0.30310)
(-0.25826 0.26357 -0.32972)
(-0.26531 0.29080 -0.37013)
(-0.26589 0.29592 -0.37526)
(-0.26437 0.29834 -0.38306)
(-0.25295 0.30518 -0.39933)
(-0.23306 0.30463 -0.38872)
(-0.21685 0.30095 -0.37340)
(-0.21279 0.30159 -0.36748)
(-0.19479 0.30509 -0.35267)
(-0.17785 0.30604 -0.34190)
(-0.16890 0.29843 -0.33641)
(-0.17118 0.31028 -0.33407)
(-0.16374 0.30779 -0.31820)
(-0.17421 0.32052 -0.33440)
(-0.17192 0.30750 -0.31652)
(-0.17503 0.30443 -0.30424)
(-0.17501 0.29893 -0.30127)
(-0.17796 0.27790 -0.28694)
(-0.17443 0.23479 -0.25792)
(-0.16862 0.21141 -0.23677)
(-0.17252 0.20819 -0.23327)
(-0.17382 0.20176 -0.22654)
(-0.11883 0.13455 -0.15149)
(-0.02167 0.02174 -0.02498)
(0.01762 -0.01727 0.01986)
(-0.00077 -0.00037 0.00058)
(-0.00949 -0.00451 0.00714)
(-0.04255 -0.01764 0.03629)
(-0.02792 -0.01255 0.02124)
(-0.04871 -0.02063 0.03801)
(-0.04030 -0.01818 0.03790)
(-0.03857 -0.01724 0.03842)
(-0.03361 -0.02145 0.03914)
(-0.02706 -0.02151 0.03685)
(-0.01904 -0.02037 0.03196)
(-0.01224 -0.01602 0.02813)
(-0.01511 -0.01809 0.01952)
(-0.01334 -0.02341 0.00595)
(-0.02267 -0.01842 -0.01098)
(-0.03953 -0.00928 -0.03184)
(-0.04734 -0.00438 -0.04171)
(-0.08025 0.02469 -0.07372)
(-0.05761 0.00425 -0.08799)
(-0.08881 0.02891 -0.09929)
(-0.12601 0.07264 -0.12129)
(-0.14881 0.09112 -0.13841)
(-0.17709 0.11750 -0.15667)
(-0.18898 0.13556 -0.16734)
(-0.20739 0.15614 -0.19038)
(-0.21168 0.16570 -0.19827)
(-0.23961 0.19147 -0.21056)
(-0.23899 0.20224 -0.23358)
(-0.24665 0.21553 -0.25232)
(-0.23916 0.21542 -0.26023)
(-0.25725 0.24082 -0.29410)
(-0.26112 0.25916 -0.32103)
(-0.26617 0.27754 -0.34583)
(-0.27656 0.29378 -0.36125)
(-0.27411 0.29748 -0.36836)
(-0.26344 0.30174 -0.38691)
(-0.25558 0.30394 -0.37539)
(-0.21964 0.30144 -0.37067)
(-0.22106 0.30835 -0.36508)
(-0.21230 0.31811 -0.35903)
(-0.20213 0.31945 -0.35262)
(-0.19977 0.32890 -0.35760)
(-0.19591 0.33036 -0.35670)
(-0.18120 0.32914 -0.34364)
(-0.18390 0.32443 -0.33973)
(-0.18259 0.31571 -0.33347)
(-0.19671 0.31708 -0.33347)
(-0.18713 0.30136 -0.31415)
(-0.20923 0.27375 -0.29717)
(-0.20249 0.26254 -0.27954)
(-0.21897 0.26337 -0.28837)
(-0.22886 0.23498 -0.25161)
(-0.19967 0.19730 -0.21250)
(-0.12704 0.11983 -0.12849)
(-0.03748 0.03344 -0.03588)
(0.01517 -0.01181 0.01261)
(-0.00589 -0.00310 0.00394)
(-0.03228 -0.01700 0.02204)
(-0.05167 -0.02279 0.03922)
(-0.04758 -0.01949 0.04056)
(-0.04383 -0.01761 0.04275)
(-0.04022 -0.02315 0.04197)
(-0.03566 -0.02844 0.03963)
(-0.02877 -0.02260 0.03777)
(-0.02244 -0.02770 0.03642)
(-0.02368 -0.03050 0.03356)
(-0.01760 -0.02319 0.03125)
(-0.01541 -0.02130 0.02089)
(-0.01979 -0.02388 0.01527)
(-0.02692 -0.02545 0.01659)
(-0.02932 -0.02320 0.01085)
(-0.04053 -0.00747 -0.02913)
(-0.03320 -0.01636 0.00339)
(-0.05403 0.00097 -0.03793)
(-0.08366 0.02402 -0.04971)
(-0.10443 0.04739 -0.08646)
(-0.12853 0.07203 -0.11037)
(-0.13567 0.08397 -0.13155)
(-0.17356 0.11549 -0.14533)
(-0.20146 0.14804 -0.15386)
(-0.20986 0.16080 -0.18479)
(-0.21341 0.16728 -0.19262)
(-0.25244 0.20131 -0.20989)
(-0.24701 0.20157 -0.22018)
(-0.24531 0.20756 -0.23694)
(-0.24979 0.21990 -0.25348)
(-0.25655 0.23589 -0.27792)
(-0.26425 0.25305 -0.29901)
(-0.26997 0.27330 -0.33722)
(-0.27212 0.28034 -0.33979)
(-0.28612 0.29947 -0.34815)
(-0.26665 0.30145 -0.37036)
(-0.25887 0.30142 -0.36557)
(-0.25726 0.31466 -0.37879)
(-0.25751 0.32538 -0.39037)
(-0.23081 0.32737 -0.36661)
(-0.20599 0.32674 -0.34484)
(-0.22217 0.34746 -0.37629)
(-0.20713 0.34850 -0.35620)
(-0.22237 0.36158 -0.37940)
(-0.20270 0.34105 -0.34610)
(-0.20171 0.33682 -0.34355)
(-0.23300 0.34464 -0.36954)
(-0.23343 0.33896 -0.36437)
(-0.22699 0.32510 -0.35302)
(-0.23940 0.33707 -0.36275)
(-0.22734 0.29858 -0.31851)
(-0.24071 0.26774 -0.28459)
(-0.24088 0.26226 -0.27872)
(-0.23894 0.22608 -0.23077)
(-0.07851 0.06963 -0.07146)
(-0.01326 0.01034 -0.01031)
(0.00512 -0.00395 0.00394)
(-0.00114 -0.00060 0.00075)
(-0.01784 -0.00950 0.01179)
(-0.04540 -0.02458 0.03062)
(-0.05221 -0.02636 0.03799)
(-0.05001 -0.02633 0.03807)
(-0.04693 -0.02897 0.03868)
(-0.04409 -0.02782 0.04177)
(-0.03462 -0.03402 0.03978)
(-0.03110 -0.03346 0.03907)
(-0.02944 -0.03538 0.03859)
(-0.02238 -0.02720 0.02621)
(-0.02708 -0.02772 0.01847)
(-0.02962 -0.02461 0.01376)
(-0.03270 -0.02247 0.01071)
(-0.05296 0.00260 -0.02203)
(-0.07532 0.02282 -0.03513)
(-0.10308 0.04847 -0.07201)
(-0.12951 0.07273 -0.08586)
(-0.14301 0.08607 -0.10896)
(-0.14431 0.09302 -0.09823)
(-0.17429 0.12538 -0.13542)
(-0.20292 0.14853 -0.14885)
(-0.20748 0.15395 -0.15763)
(-0.21137 0.16069 -0.16820)
(-0.23741 0.18829 -0.19888)
(-0.25578 0.20495 -0.21332)
(-0.25395 0.20961 -0.22067)
(-0.26255 0.22465 -0.23428)
(-0.26090 0.23557 -0.26493)
(-0.26722 0.24948 -0.27394)
(-0.27088 0.26445 -0.30529)
(-0.27948 0.28245 -0.33281)
(-0.28636 0.29805 -0.34241)
(-0.28530 0.30195 -0.34944)
(-0.27039 0.30618 -0.35077)
(-0.26753 0.32265 -0.37949)
(-0.25633 0.32219 -0.37087)
(-0.23744 0.32585 -0.35654)
(-0.23046 0.33829 -0.37161)
(-0.23076 0.36158 -0.37945)
(-0.22735 0.36202 -0.37916)
(-0.23006 0.36584 -0.38361)
(-0.22451 0.35186 -0.36907)
(-0.23847 0.35059 -0.37418)
(-0.24240 0.34372 -0.36899)
(-0.24243 0.33159 -0.34843)
(-0.24197 0.30467 -0.31745)
(-0.26911 0.31597 -0.30879)
(-0.26651 0.29862 -0.29177)
(-0.26972 0.28667 -0.27818)
(-0.25752 0.26086 -0.23138)
(-0.09406 0.08286 -0.07756)
(-0.00690 0.00606 -0.00548)
(-0.00084 -0.00036 0.00049)
(-0.02514 -0.01099 0.01493)
(-0.05408 -0.02660 0.03321)
(-0.06343 -0.02981 0.03932)
(-0.05892 -0.02937 0.03750)
(-0.04772 -0.03171 0.03995)
(-0.04454 -0.03582 0.03905)
(-0.04633 -0.03120 0.04061)
(-0.03578 -0.03660 0.03934)
(-0.03286 -0.03618 0.03921)
(-0.03450 -0.03835 0.03897)
(-0.03112 -0.03805 0.03870)
(-0.02811 -0.03731 0.03817)
(-0.03098 -0.03218 0.02452)
(-0.02973 -0.02695 0.01647)
(-0.03336 -0.02492 0.01427)
(-0.05761 0.00300 -0.01828)
(-0.07286 0.01493 -0.02484)
(-0.10560 0.05023 -0.05678)
(-0.12537 0.07391 -0.07414)
(-0.13452 0.08176 -0.07888)
(-0.17681 0.12257 -0.12162)
(-0.20489 0.14902 -0.14347)
(-0.20906 0.15440 -0.15248)
(-0.21462 0.15956 -0.15571)
(-0.23987 0.18575 -0.17898)
(-0.25842 0.20532 -0.20852)
(-0.26523 0.21278 -0.20754)
(-0.26275 0.22816 -0.24278)
(-0.27075 0.25540 -0.27828)
(-0.28049 0.27095 -0.29610)
(-0.28602 0.30113 -0.34437)
(-0.26266 0.31176 -0.34842)
(-0.25940 0.32503 -0.35699)
(-0.24460 0.34346 -0.36802)
(-0.23275 0.36510 -0.38359)
(-0.23341 0.37026 -0.38758)
(-0.24520 0.35048 -0.37529)
(-0.27235 0.35057 -0.34351)
(-0.11440 0.11052 -0.09176)
(-0.00428 -0.00181 0.00233)
(-0.03773 -0.01723 0.02105)
(-0.06764 -0.03042 0.04090)
(-0.05766 -0.02457 0.03023)
(-0.06835 -0.03155 0.04030)
(-0.06603 -0.03231 0.04082)
(-0.05282 -0.03949 0.03786)
(-0.03719 -0.03868 0.03876)
(-0.03650 -0.04004 0.03851)
(-0.03276 -0.04008 0.03848)
(-0.02814 -0.04430 0.03709)
(-0.02751 -0.03956 0.03029)
(-0.02797 -0.04058 0.02431)
(-0.03264 -0.02886 0.02099)
(-0.05242 -0.01290 0.00799)
(-0.05388 -0.00525 -0.00448)
(-0.07310 0.01009 -0.01077)
(-0.10589 0.04516 -0.04558)
(-0.09434 0.03217 -0.02744)
(-0.12363 0.07026 -0.06785)
(-0.13307 0.07922 -0.07400)
(-0.16218 0.10609 -0.09642)
(-0.19559 0.13861 -0.12432)
(-0.21082 0.15392 -0.14356)
(-0.21705 0.16009 -0.15071)
(-0.24794 0.19223 -0.18019)
(0.00685 0.00265 -0.00323)
(-0.01975 -0.00757 0.00930)
(-0.07158 -0.02818 0.03261)
(-0.07070 -0.03064 0.03537)
(-0.06675 -0.03384 0.03762)
(-0.06262 -0.03634 0.03569)
(-0.05450 -0.04117 0.03635)
(-0.05416 -0.04153 0.03762)
(-0.05516 -0.04256 0.03630)
(-0.04437 -0.04450 0.03809)
(-0.03708 -0.04942 0.03708)
(-0.03453 -0.04850 0.03502)
(-0.02540 -0.04890 0.03082)
(-0.02217 -0.05185 0.03091)
(-0.03385 -0.02906 0.01557)
(-0.04526 -0.01697 0.00901)
(-0.07016 0.00916 -0.00925)
(-0.08934 0.02725 -0.02453)
(-0.11867 0.06273 -0.05867)
(-0.15812 0.09971 -0.08402)
(-0.18445 0.12250 -0.09820)
(0.00687 0.00232 -0.00305)
(-0.00488 -0.00165 0.00216)
(-0.03391 -0.01181 0.01426)
(-0.07245 -0.03313 0.03061)
(-0.07115 -0.03463 0.03078)
(-0.07076 -0.03779 0.03173)
(-0.06071 -0.04280 0.03460)
(-0.05340 -0.04667 0.03719)
(-0.04619 -0.04958 0.03833)
(-0.03706 -0.04719 0.03383)
(-0.03067 -0.04760 0.03072)
(-0.02995 -0.04428 0.02890)
(-0.03940 -0.03267 0.02149)
(-0.05223 -0.01695 0.00868)
(-0.05700 -0.00700 -0.00067)
(-0.06846 0.00194 -0.00466)
(-0.10104 0.04106 -0.03504)
(-0.00162 -0.00050 0.00067)
(-0.04067 -0.01425 0.01605)
(-0.05930 -0.02478 0.02423)
(-0.07509 -0.03252 0.03108)
(-0.07270 -0.03471 0.03119)
(-0.07371 -0.03487 0.03148)
(-0.07229 -0.03670 0.03404)
(-0.06625 -0.04113 0.03466)
(-0.05587 -0.04561 0.03429)
(-0.06164 -0.04155 0.03626)
(-0.05042 -0.04426 0.03546)
(-0.04669 -0.04307 0.03375)
(-0.03819 -0.04711 0.03283)
(-0.04575 -0.04193 0.03390)
(-0.04318 -0.04028 0.02942)
(-0.04568 -0.02941 0.01819)
(-0.00437 -0.00126 0.00184)
(-0.05819 -0.02083 0.02355)
(-0.07686 -0.03237 0.03147)
(-0.08338 -0.02845 0.03415)
(-0.07633 -0.03272 0.03307)
(-0.07406 -0.03364 0.03474)
(-0.07451 -0.03604 0.03699)
(-0.06343 -0.04069 0.03650)
(-0.05291 -0.04297 0.03680)
(-0.04930 -0.04147 0.03471)
(0.00097 0.00025 -0.00040)
(-0.02701 -0.00687 0.01048)
(-0.06755 -0.01898 0.02620)
(-0.26822 0.22200 -0.21210)
(-0.27012 0.24928 -0.26714)
(-0.28661 0.29735 -0.33636)
(-0.28188 0.30755 -0.34170)
(-0.24149 0.32941 -0.34891)
(-0.24009 0.36220 -0.38131)
(-0.23467 0.36894 -0.38717)
(-0.24469 0.36937 -0.38068)
(-0.26636 0.36761 -0.36078)
(-0.29118 0.34936 -0.33115)
(-0.27507 0.31659 -0.30429)
(-0.27388 0.28081 -0.24076)
(-0.27189 0.27458 -0.23319)
(-0.26940 0.26709 -0.22455)
(-0.02592 0.02475 -0.02042)
(-0.24531 0.18330 -0.16118)
(-0.25951 0.20715 -0.19159)
(-0.25831 0.21280 -0.19912)
(-0.26880 0.22460 -0.22104)
(-0.27611 0.24863 -0.25602)
(-0.27236 0.25502 -0.27185)
(-0.27939 0.27236 -0.28396)
(-0.28264 0.28832 -0.30198)
(-0.28624 0.30048 -0.33876)
(-0.27722 0.30311 -0.32339)
(-0.26583 0.31377 -0.34662)
(-0.25888 0.32507 -0.35005)
(-0.24311 0.32931 -0.34720)
(-0.24134 0.33415 -0.35267)
(-0.24795 0.35908 -0.37768)
(-0.23599 0.36737 -0.38557)
(-0.23721 0.37129 -0.38838)
(-0.24179 0.37882 -0.39713)
(-0.26019 0.39853 -0.39360)
(-0.26272 0.37565 -0.38131)
(-0.28788 0.38688 -0.37033)
(-0.29210 0.37635 -0.34714)
(-0.30436 0.37107 -0.32628)
(-0.29103 0.32318 -0.27921)
(-0.27920 0.28807 -0.23925)
(-0.27462 0.27726 -0.22617)
(-0.10629 0.10525 -0.08449)
(-0.01065 0.01047 -0.00833)
(-0.20781 0.14494 -0.11161)
(-0.23141 0.16948 -0.13957)
(-0.23841 0.17535 -0.14475)
(-0.26391 0.19757 -0.16674)
(-0.26324 0.20350 -0.17205)
(-0.27012 0.21332 -0.19189)
(-0.27365 0.22461 -0.21089)
(-0.27987 0.24023 -0.22581)
(-0.27336 0.25411 -0.26510)
(-0.28583 0.25797 -0.24250)
(-0.27804 0.26773 -0.27349)
(-0.27453 0.28468 -0.28589)
(-0.27607 0.29574 -0.31049)
(-0.27630 0.30284 -0.31849)
(-0.26993 0.31215 -0.33549)
(-0.25923 0.32105 -0.33909)
(-0.25143 0.32477 -0.33980)
(-0.24381 0.33934 -0.35662)
(-0.24578 0.36006 -0.36860)
(-0.24088 0.36614 -0.37879)
(-0.24580 0.38089 -0.38606)
(-0.26082 0.39741 -0.39858)
(-0.26711 0.41093 -0.40611)
(-0.28008 0.41193 -0.38827)
(-0.29476 0.40289 -0.36019)
(-0.30143 0.38914 -0.34213)
(-0.31537 0.41116 -0.34267)
(-0.31893 0.38461 -0.31645)
(-0.30717 0.36260 -0.29980)
(-0.31704 0.37916 -0.29388)
(-0.28812 0.30482 -0.24913)
(-0.27543 0.28415 -0.22349)
(-0.13924 0.14323 -0.10838)
(-0.03284 0.03327 -0.02398)
(0.01265 -0.01282 0.00916)
(-0.12853 0.06371 -0.04719)
(-0.15811 0.09554 -0.07256)
(-0.17984 0.11616 -0.08852)
(-0.20473 0.14052 -0.10670)
(-0.23115 0.16623 -0.12968)
(-0.24353 0.17612 -0.13470)
(-0.26019 0.19442 -0.16201)
(-0.26213 0.20007 -0.16574)
(-0.28268 0.22238 -0.18408)
(-0.28494 0.22739 -0.19227)
(-0.28054 0.23804 -0.20808)
(-0.28655 0.25442 -0.22922)
(-0.27478 0.26319 -0.25138)
(-0.27577 0.26998 -0.26055)
(-0.27388 0.28607 -0.28774)
(-0.26188 0.29634 -0.29839)
(-0.25977 0.30421 -0.29968)
(-0.26374 0.31599 -0.32516)
(-0.25786 0.32108 -0.32768)
(-0.25604 0.34084 -0.34856)
(-0.25273 0.34750 -0.35647)
(-0.24438 0.35835 -0.35636)
(-0.24253 0.36757 -0.37251)
(-0.25090 0.38645 -0.37638)
(-0.25509 0.39361 -0.38383)
(-0.26136 0.40394 -0.37002)
(-0.26794 0.40600 -0.37874)
(-0.29867 0.42240 -0.36260)
(-0.30557 0.42321 -0.35913)
(-0.32591 0.43298 -0.34048)
(-0.33261 0.41966 -0.32627)
(-0.32065 0.37353 -0.27782)
(-0.33155 0.40138 -0.29101)
(-0.32061 0.36781 -0.25767)
(-0.27867 0.31548 -0.22105)
(-0.03414 0.03778 -0.02407)
(0.02814 -0.03091 0.01960)
(-0.22049 0.25571 -0.16598)
(-0.05162 -0.01717 0.00865)
(-0.05672 -0.01142 0.00475)
(-0.06040 -0.00639 0.00049)
(-0.09541 0.02963 -0.02444)
(-0.12413 0.06046 -0.04600)
(-0.13504 0.07086 -0.05490)
(-0.14280 0.07681 -0.05572)
(-0.16425 0.09877 -0.07375)
(-0.18935 0.12350 -0.09530)
(-0.21799 0.15118 -0.11569)
(-0.24156 0.17441 -0.13362)
(-0.24912 0.18144 -0.13991)
(-0.26737 0.20330 -0.16187)
(-0.28382 0.22611 -0.18837)
(-0.28436 0.23002 -0.19271)
(-0.27944 0.24669 -0.21402)
(-0.28599 0.26058 -0.24096)
(-0.27204 0.26924 -0.24662)
(-0.27491 0.28411 -0.27411)
(-0.26390 0.26894 -0.24546)
(-0.25997 0.29883 -0.29305)
(-0.25813 0.30133 -0.29490)
(-0.25710 0.30575 -0.30020)
(-0.25017 0.32958 -0.32843)
(-0.25327 0.34443 -0.35171)
(-0.25225 0.34085 -0.34628)
(-0.24405 0.35158 -0.34717)
(-0.24313 0.37173 -0.36697)
(-0.24049 0.36666 -0.35164)
(-0.24780 0.38887 -0.35619)
(-0.25657 0.40339 -0.34565)
(-0.26680 0.41373 -0.35930)
(-0.30134 0.42437 -0.34353)
(-0.32042 0.43419 -0.34526)
(-0.32765 0.43659 -0.33676)
(-0.33324 0.43674 -0.33161)
(-0.32233 0.40509 -0.26408)
(-0.31900 0.39555 -0.25466)
(-0.30323 0.37516 -0.23104)
(-0.17949 0.21172 -0.12674)
(-0.02201 0.02565 -0.01528)
(-0.10390 0.12646 -0.06695)
(-0.01980 0.02407 -0.01267)
(-0.04776 -0.04064 0.03432)
(-0.04484 -0.04089 0.03327)
(-0.04966 -0.03144 0.02519)
(-0.05116 -0.01735 0.00883)
(-0.05544 -0.01236 0.00515)
(-0.05429 -0.01334 0.00590)
(-0.05911 -0.00743 0.00100)
(-0.09731 0.03396 -0.02677)
(-0.07227 0.00866 -0.01242)
(-0.10502 0.04310 -0.03623)
(-0.12072 0.06021 -0.04981)
(-0.16158 0.09941 -0.08108)
(-0.16675 0.10528 -0.08589)
(-0.20143 0.13676 -0.10832)
(-0.23927 0.17215 -0.13213)
(-0.24600 0.17861 -0.13739)
(-0.24995 0.18263 -0.14025)
(-0.25996 0.19603 -0.15229)
(-0.28309 0.22492 -0.18491)
(-0.28370 0.22844 -0.18926)
(-0.28025 0.23876 -0.19866)
(-0.27776 0.25421 -0.22783)
(-0.26559 0.26441 -0.23631)
(-0.26352 0.26688 -0.24098)
(-0.26228 0.29052 -0.27806)
(-0.25690 0.29894 -0.29085)
(-0.25584 0.30342 -0.29634)
(-0.25481 0.30108 -0.29246)
(-0.24500 0.31856 -0.30913)
(-0.23754 0.32143 -0.30510)
(-0.23738 0.34364 -0.32380)
(-0.22889 0.34903 -0.32017)
(-0.25031 0.39646 -0.34140)
(-0.25642 0.40310 -0.34040)
(-0.26320 0.41008 -0.34461)
(-0.29467 0.42586 -0.33142)
(-0.32268 0.43742 -0.34091)
(-0.32922 0.43965 -0.33341)
(-0.33457 0.43976 -0.32874)
(-0.33102 0.43323 -0.29884)
(-0.31298 0.39821 -0.24832)
(-0.28417 0.35832 -0.20166)
(-0.08923 0.11432 -0.05794)
(0.01881 -0.02391 0.01211)
(-0.00655 0.00838 -0.00422)
(-0.08916 -0.02545 0.03496)
(-0.08792 -0.02846 0.03754)
(-0.07951 -0.03243 0.03677)
(-0.07644 -0.03488 0.03922)
(-0.07607 -0.03393 0.03891)
(-0.07189 -0.03682 0.04005)
(-0.05971 -0.03984 0.03720)
(-0.05086 -0.04047 0.03523)
(-0.05234 -0.03936 0.03599)
(-0.04957 -0.03940 0.03491)
(-0.04674 -0.03947 0.03355)
(-0.04798 -0.03068 0.02578)
(-0.05026 -0.01981 0.01341)
(-0.05046 -0.01690 0.01241)
(-0.06925 0.00653 -0.00813)
(-0.09542 0.03603 -0.03476)
(-0.11120 0.05145 -0.04903)
(-0.15328 0.09313 -0.07877)
(-0.16223 0.10099 -0.08403)
(-0.18552 0.12209 -0.09835)
(-0.20725 0.14211 -0.11249)
(-0.24325 0.17591 -0.13557)
(-0.24770 0.18044 -0.13875)
(-0.26007 0.19932 -0.14749)
(-0.27285 0.21478 -0.17113)
(-0.27604 0.22680 -0.18143)
(-0.27423 0.23400 -0.18948)
(-0.27616 0.24866 -0.21312)
(-0.26578 0.26219 -0.23178)
(-0.26323 0.26464 -0.23636)
(-0.26092 0.27653 -0.25532)
(-0.25292 0.28849 -0.27295)
(-0.25354 0.29178 -0.28263)
(-0.24661 0.30479 -0.29038)
(-0.23702 0.31101 -0.29979)
(-0.23251 0.32061 -0.30014)
(-0.22899 0.33155 -0.30445)
(-0.22180 0.34005 -0.30037)
(-0.23039 0.35537 -0.32065)
(-0.23944 0.37970 -0.33588)
(-0.25252 0.39911 -0.33547)
(-0.26037 0.40693 -0.33411)
(-0.26448 0.41098 -0.33896)
(-0.28862 0.42970 -0.32772)
(-0.32442 0.44696 -0.33400)
(-0.29892 0.42305 -0.29856)
(-0.31234 0.42967 -0.29581)
(-0.30439 0.40904 -0.24632)
(-0.32179 0.41639 -0.24811)
(-0.31142 0.39672 -0.23060)
(-0.29274 0.37477 -0.21391)
(-0.22010 0.28219 -0.14520)
(-0.04895 0.06323 -0.03162)
(-0.00568 -0.00134 0.00217)
(-0.01517 -0.00336 0.00556)
(-0.08484 -0.02178 0.03419)
(-0.08098 -0.02902 0.03655)
(-0.07416 -0.02780 0.03751)
(-0.07460 -0.03162 0.03765)
(-0.07307 -0.03251 0.03912)
(-0.06398 -0.03650 0.03889)
(-0.06123 -0.03455 0.03815)
(-0.06055 -0.03526 0.03767)
(-0.05353 -0.03515 0.03610)
(-0.04584 -0.03503 0.03324)
(-0.04446 -0.03475 0.03054)
(-0.04536 -0.02643 0.02057)
(-0.04643 -0.02117 0.01743)
(-0.05577 -0.00723 -0.00080)
(-0.05908 -0.00268 -0.00549)
(-0.08383 0.02450 -0.02565)
(-0.09332 0.03612 -0.04033)
(-0.12872 0.06984 -0.06491)
(-0.12596 0.06406 -0.06124)
(-0.17967 0.11220 -0.08961)
(-0.19243 0.12643 -0.09699)
(-0.22567 0.16101 -0.12054)
(-0.23619 0.17395 -0.12294)
(-0.23833 0.18085 -0.12797)
(-0.27315 0.21414 -0.15477)
(-0.27093 0.22006 -0.16304)
(-0.27740 0.23790 -0.17940)
(-0.27468 0.24548 -0.20270)
(-0.27191 0.25153 -0.21107)
(-0.27146 0.26062 -0.22350)
(-0.26076 0.26749 -0.24717)
(-0.25806 0.27674 -0.25472)
(-0.25624 0.28340 -0.26376)
(-0.24851 0.29795 -0.28228)
(-0.24072 0.30817 -0.29261)
(-0.23310 0.30910 -0.29671)
(-0.23090 0.32834 -0.30637)
(-0.22525 0.33868 -0.30198)
(-0.23630 0.35897 -0.31007)
(-0.24907 0.38732 -0.31425)
(-0.27098 0.40745 -0.29913)
(-0.24965 0.38143 -0.28353)
(-0.30938 0.44443 -0.29664)
(-0.26845 0.39324 -0.25008)
(-0.28376 0.39571 -0.25432)
(-0.28445 0.38864 -0.23078)
(-0.29224 0.38680 -0.21918)
(-0.26898 0.36307 -0.18992)
(-0.17371 0.23878 -0.11714)
(-0.08617 0.11929 -0.05758)
(-0.03225 0.04482 -0.02144)
(-0.00357 -0.00112 0.00180)
(-0.06485 -0.01734 0.03039)
(-0.07663 -0.02519 0.03772)
(-0.06598 -0.02588 0.03793)
(-0.06538 -0.02644 0.03802)
(-0.06413 -0.02738 0.03820)
(-0.06811 -0.03300 0.03994)
(-0.06150 -0.02772 0.03916)
(-0.06377 -0.03063 0.03828)
(-0.05511 -0.03372 0.03931)
(-0.04841 -0.03556 0.03569)
(-0.04406 -0.03458 0.03399)
(-0.04516 -0.03014 0.02915)
(-0.04747 -0.02395 0.02018)
(-0.04212 -0.02442 0.01765)
(-0.04915 -0.01385 0.00424)
(-0.04934 -0.00983 -0.00402)
(-0.05816 0.00222 -0.01666)
(-0.09900 0.04116 -0.04832)
(-0.11180 0.05157 -0.05013)
(-0.14630 0.08359 -0.06960)
(-0.16300 0.09952 -0.08048)
(-0.20269 0.13797 -0.10692)
(-0.17261 0.11175 -0.08785)
(-0.22196 0.16332 -0.11648)
(-0.22752 0.17328 -0.11873)
(-0.27106 0.21275 -0.15268)
(-0.26494 0.21619 -0.15137)
(-0.27073 0.23569 -0.16667)
(-0.27811 0.24378 -0.18768)
(-0.27035 0.23854 -0.17141)
(-0.27163 0.25004 -0.20834)
(-0.26955 0.25437 -0.22091)
(-0.27292 0.26471 -0.24557)
(-0.26433 0.26376 -0.24534)
(-0.26181 0.27341 -0.25395)
(-0.25397 0.27794 -0.25507)
(-0.25166 0.27688 -0.26510)
(-0.25268 0.29208 -0.27975)
(-0.24661 0.29130 -0.28554)
(-0.23639 0.29756 -0.28735)
(-0.23168 0.31390 -0.30228)
(-0.23289 0.30669 -0.29722)
(-0.22842 0.31324 -0.29941)
(-0.22375 0.32096 -0.29208)
(-0.23204 0.35486 -0.29025)
(-0.23314 0.35968 -0.27015)
(-0.28187 0.40915 -0.28041)
(-0.24170 0.36517 -0.25802)
(-0.25308 0.37718 -0.24423)
(-0.19973 0.30616 -0.16518)
(-0.25143 0.36070 -0.20245)
(-0.19825 0.30069 -0.15524)
(-0.24557 0.34314 -0.17711)
(-0.23102 0.32502 -0.16410)
(-0.19164 0.29337 -0.14869)
(-0.17878 0.25373 -0.12562)
(-0.03370 0.05054 -0.02287)
(-0.00087 -0.00033 0.00053)
(-0.04582 -0.01568 0.02466)
(-0.04686 -0.01898 0.02911)
(-0.06199 -0.02615 0.03843)
(-0.06162 -0.02715 0.03871)
(-0.05965 -0.02604 0.03881)
(-0.05966 -0.02668 0.03906)
(-0.05557 -0.02813 0.03973)
(-0.04969 -0.03175 0.03692)
(-0.04414 -0.03165 0.03624)
(-0.04489 -0.02948 0.03266)
(-0.03603 -0.03142 0.02898)
(-0.03895 -0.02658 0.01963)
(-0.04406 -0.01988 0.00815)
(-0.03808 -0.01918 -0.00118)
(-0.04301 -0.01366 -0.00653)
(-0.04231 -0.01370 -0.00860)
(-0.08897 0.03085 -0.03788)
(-0.10189 0.04266 -0.04527)
(-0.11640 0.05576 -0.05204)
(-0.12654 0.06867 -0.05980)
(-0.14715 0.09617 -0.06954)
(-0.18582 0.13360 -0.08730)
(-0.19872 0.15949 -0.09615)
(-0.23404 0.18694 -0.12041)
(-0.23811 0.19642 -0.12626)
(-0.26850 0.23498 -0.16127)
(-0.26819 0.23697 -0.16525)
(-0.27036 0.24063 -0.17564)
(-0.26661 0.24807 -0.20318)
(-0.27910 0.26172 -0.22601)
(-0.26993 0.26710 -0.24856)
(-0.26103 0.26666 -0.25254)
(-0.25234 0.26918 -0.25581)
(-0.24512 0.27265 -0.26853)
(-0.24251 0.27300 -0.27071)
(-0.23307 0.28947 -0.27677)
(-0.22834 0.30692 -0.29717)
(-0.22719 0.30960 -0.29580)
(-0.22684 0.34119 -0.27195)
(-0.23058 0.33027 -0.28294)
(-0.23288 0.34966 -0.28245)
(-0.19856 0.30918 -0.20836)
(-0.23604 0.35268 -0.23656)
(-0.19554 0.30475 -0.19988)
(-0.19104 0.30048 -0.16679)
(-0.17459 0.27736 -0.14263)
(-0.17785 0.27972 -0.14121)
(-0.18884 0.28222 -0.13829)
(-0.14301 0.21176 -0.10228)
(-0.15511 0.24943 -0.12203)
(-0.04061 0.06344 -0.02787)
(-0.00801 0.01261 -0.00550)
(0.00101 0.00035 -0.00083)
(-0.02205 -0.01023 0.01426)
(-0.02897 -0.00988 0.02359)
(-0.05911 -0.02484 0.03885)
(-0.05738 -0.02504 0.03895)
(-0.05307 -0.02433 0.04351)
(-0.04887 -0.02673 0.03978)
(-0.04546 -0.02608 0.03820)
(-0.03966 -0.02663 0.03386)
(-0.03681 -0.02771 0.03250)
(-0.03565 -0.02823 0.03059)
(-0.03558 -0.02750 0.01558)
(-0.03270 -0.02398 0.00071)
(-0.03690 -0.01950 -0.00324)
(-0.03492 -0.02066 -0.00488)
(-0.06368 0.00995 -0.02519)
(-0.10345 0.04438 -0.04518)
(-0.09099 0.04064 -0.03878)
(-0.09868 0.05526 -0.04274)
(-0.15673 0.10929 -0.06952)
(-0.16083 0.12802 -0.07112)
(-0.20372 0.16878 -0.09826)
(-0.20906 0.17594 -0.10062)
(-0.22872 0.20198 -0.12570)
(-0.26431 0.23530 -0.15726)
(-0.26918 0.23932 -0.17019)
(-0.26419 0.23920 -0.18204)
(-0.26839 0.24518 -0.18919)
(-0.27063 0.25458 -0.21434)
(-0.26924 0.24615 -0.20139)
(-0.26486 0.24888 -0.20965)
(-0.25692 0.25441 -0.23311)
(-0.24803 0.26267 -0.26311)
(-0.24698 0.26790 -0.26603)
(-0.24400 0.26770 -0.26826)
(-0.24051 0.26688 -0.27049)
(-0.22749 0.27388 -0.27049)
(-0.22808 0.30030 -0.29640)
(-0.22699 0.30164 -0.29527)
(-0.21444 0.29600 -0.27402)
(-0.21497 0.31307 -0.25877)
(-0.21171 0.30303 -0.25706)
(-0.19122 0.29791 -0.20539)
(-0.18630 0.29220 -0.19487)
(-0.19303 0.29893 -0.18552)
(-0.17852 0.28350 -0.18307)
(-0.16416 0.26595 -0.13642)
(-0.16501 0.26636 -0.13392)
(-0.15377 0.25409 -0.12750)
(-0.12742 0.21308 -0.10331)
(-0.07967 0.13294 -0.06282)
(-0.01205 0.02165 -0.00896)
(0.00655 -0.01173 0.00470)
(0.00390 0.00147 -0.00381)
(-0.00139 -0.00012 0.00152)
(-0.01980 -0.00345 0.01979)
(-0.05686 -0.01424 0.04509)
(-0.05084 -0.01300 0.04725)
(-0.05005 -0.02317 0.04151)
(-0.04896 -0.01618 0.04603)
(-0.04488 -0.02413 0.04127)
(-0.03776 -0.02765 0.03651)
(-0.03851 -0.02675 0.03436)
(-0.03598 -0.02779 0.03337)
(-0.03380 -0.02932 0.03127)
(-0.02656 -0.03240 0.02771)
(-0.02469 -0.03623 0.02332)
(-0.01719 -0.03991 0.01952)
(-0.03058 -0.02539 -0.00061)
(-0.02787 -0.02722 -0.00183)
(-0.02953 -0.02352 -0.00805)
(-0.02332 -0.02447 -0.00783)
(-0.06406 0.01022 -0.02869)
(-0.01745 -0.03020 -0.01188)
(-0.06685 0.02504 -0.02914)
(-0.07815 0.04297 -0.03731)
(-0.11086 0.07578 -0.04660)
(-0.11298 0.08881 -0.04063)
(-0.19077 0.15986 -0.08861)
(-0.19809 0.16916 -0.09250)
(-0.20991 0.18599 -0.10045)
(-0.21683 0.20743 -0.11060)
(-0.26603 0.23745 -0.16271)
(-0.22717 0.21943 -0.11964)
(-0.26352 0.23733 -0.16021)
(-0.26014 0.23316 -0.17237)
(-0.25579 0.23430 -0.18039)
(-0.26535 0.24533 -0.20292)
(-0.26366 0.24424 -0.20693)
(-0.25223 0.24182 -0.23165)
(-0.22736 0.23236 -0.24021)
(-0.24466 0.26193 -0.26435)
(-0.24076 0.26118 -0.26782)
(-0.21907 0.24711 -0.26386)
(-0.21807 0.26600 -0.27431)
(-0.20599 0.26988 -0.26453)
(-0.19900 0.27430 -0.24827)
(-0.18643 0.27882 -0.21729)
(-0.16983 0.24868 -0.21132)
(-0.18084 0.28353 -0.19378)
(-0.17234 0.27501 -0.18067)
(-0.11459 0.20056 -0.12436)
(-0.13614 0.23264 -0.13039)
(-0.10314 0.19349 -0.09932)
(-0.13906 0.23749 -0.11567)
(-0.04045 0.07207 -0.03066)
(-0.02227 0.04951 -0.01819)
(-0.00064 0.00131 -0.00050)
(0.00613 0.00047 -0.00677)
(-0.02815 -0.00257 0.03361)
(-0.04496 -0.00842 0.04618)
(0.00488 -0.00006 -0.00593)
(-0.00678 -0.00008 0.00843)
(-0.05082 -0.00500 0.05249)
(-0.05159 -0.00782 0.05139)
(-0.05395 -0.01085 0.04953)
(-0.04806 -0.00133 0.05402)
(-0.04827 -0.01247 0.04837)
(-0.04011 -0.02369 0.04098)
(-0.03820 -0.02743 0.03741)
(-0.03668 -0.01913 0.04269)
(-0.03409 -0.02356 0.03866)
(-0.03301 -0.02957 0.03224)
(-0.01979 -0.03753 0.02624)
(-0.01191 -0.04472 0.01964)
(-0.01892 -0.03692 0.01060)
(0.00196 -0.05563 0.01636)
(-0.00513 -0.04883 0.00585)
(-0.00123 -0.04997 0.00386)
(-0.00371 -0.04377 -0.00023)
(0.00172 -0.04743 -0.00201)
(-0.02936 -0.01327 -0.01406)
(-0.03938 0.00188 -0.01010)
(-0.07747 0.04860 -0.02876)
(-0.09653 0.07661 -0.02826)
(-0.16997 0.14536 -0.07193)
(-0.17343 0.15012 -0.07297)
(-0.18099 0.17015 -0.07671)
(-0.18831 0.18777 -0.07585)
(-0.19714 0.19936 -0.08273)
(-0.22181 0.21249 -0.12077)
(-0.23936 0.22160 -0.15213)
(-0.22316 0.20550 -0.14134)
(-0.22277 0.20083 -0.15223)
(-0.24927 0.22799 -0.18374)
(-0.25601 0.23298 -0.20186)
(-0.22566 0.21034 -0.20336)
(-0.21936 0.20806 -0.21470)
(-0.20379 0.20014 -0.21853)
(-0.22207 0.22824 -0.24351)
(-0.21869 0.23629 -0.25848)
(-0.20713 0.22925 -0.27783)
(-0.19388 0.22925 -0.25407)
(-0.19222 0.24957 -0.25538)
(-0.18414 0.25308 -0.23972)
(-0.17831 0.24078 -0.23881)
(-0.16690 0.24075 -0.21256)
(-0.17292 0.26698 -0.20136)
(-0.15025 0.22723 -0.19085)
(-0.12223 0.20160 -0.15762)
(-0.16896 0.26965 -0.18127)
(-0.13277 0.21992 -0.14257)
(-0.09194 0.16941 -0.09928)
(-0.05587 0.13157 -0.06238)
(-0.06735 0.14356 -0.06593)
(-0.02093 0.04816 -0.01928)
(0.00151 -0.00379 0.00129)
(-0.00203 0.00491 -0.00190)
(-0.00308 0.00023 0.00435)
(-0.02847 -0.00108 0.03090)
(-0.02616 0.00727 0.04028)
(-0.03914 0.00838 0.05754)
(-0.03928 0.00762 0.05706)
(-0.04096 -0.01213 0.04765)
(-0.03741 -0.00916 0.04788)
(-0.02820 -0.02327 0.03914)
(-0.01948 -0.03074 0.03432)
(-0.00534 -0.04386 0.02399)
(0.00006 -0.04816 0.02183)
(0.00330 -0.05717 0.01600)
(0.02581 -0.06997 0.00979)
(0.00924 -0.05859 0.00176)
(0.01316 -0.06214 0.00881)
(-0.00791 -0.03424 -0.00132)
(-0.01067 -0.02077 0.01221)
(-0.02110 -0.00622 0.01149)
(-0.02449 0.00064 0.01205)
(-0.10110 0.08500 -0.02995)
(-0.04942 0.03646 0.00213)
(-0.11842 0.11834 -0.02761)
(-0.14429 0.14450 -0.04650)
(-0.15340 0.15730 -0.04692)
(-0.16372 0.16944 -0.05925)
(-0.16040 0.16971 -0.06130)
(-0.20004 0.19759 -0.09024)
(-0.17881 0.18137 -0.09124)
(-0.18804 0.18595 -0.10894)
(-0.19036 0.18136 -0.11601)
(-0.17628 0.16144 -0.13646)
(-0.19666 0.17644 -0.15156)
(-0.19825 0.17978 -0.16436)
(-0.19380 0.17823 -0.17324)
(-0.19478 0.18309 -0.18923)
(-0.18128 0.18549 -0.21122)
(-0.19643 0.20934 -0.22553)
(-0.18358 0.20772 -0.23470)
(-0.18606 0.21890 -0.24621)
(-0.16068 0.21366 -0.22265)
(-0.13811 0.19240 -0.19864)
(-0.15718 0.22081 -0.21656)
(-0.14811 0.22302 -0.19018)
(-0.12836 0.20448 -0.16382)
(-0.09292 0.16063 -0.12956)
(-0.07362 0.14446 -0.08512)
(-0.08259 0.14347 -0.09768)
(-0.05497 0.12687 -0.06345)
(-0.05140 0.12080 -0.06025)
(-0.03079 0.08003 -0.03949)
(-0.00956 0.02691 -0.01158)
(0.00009 -0.00078 0.00030)
(0.00442 -0.01095 0.00417)
(-0.00299 0.00100 0.00485)
(-0.01352 0.00417 0.02140)
(-0.01720 0.00637 0.02885)
(-0.03767 0.01113 0.05903)
(-0.03781 0.01038 0.05839)
(-0.03541 0.00187 0.05364)
(-0.03676 0.01174 0.05900)
(-0.02922 -0.00262 0.05072)
(-0.03153 -0.01414 0.04492)
(-0.02290 -0.02598 0.03701)
(-0.02143 -0.01875 0.03866)
(-0.01979 -0.02788 0.03565)
(-0.00462 -0.04252 0.02850)
(0.00993 -0.04970 0.02181)
(0.01652 -0.06354 0.01550)
(0.02816 -0.07347 0.01040)
(0.02866 -0.07398 0.00975)
(0.02947 -0.07477 0.00977)
(0.00700 -0.05069 0.00743)
(-0.00756 -0.02624 0.01395)
(-0.01461 -0.01476 0.01343)
(-0.01823 -0.00880 0.01483)
(-0.02409 0.00158 0.01543)
(-0.08239 0.08665 -0.00813)
(-0.10062 0.10865 -0.01214)
(-0.10646 0.12070 -0.01602)
(-0.11075 0.13103 -0.01895)
(-0.12058 0.13898 -0.03811)
(-0.14103 0.15315 -0.05789)
(-0.14020 0.15008 -0.05955)
(-0.13852 0.14677 -0.05903)
(-0.15756 0.15300 -0.10428)
(-0.16622 0.15309 -0.13405)
(-0.17164 0.15532 -0.14670)
(-0.14923 0.14616 -0.15605)
(-0.15346 0.15469 -0.16341)
(-0.12258 0.14339 -0.16119)
(-0.15738 0.17559 -0.20132)
(-0.12148 0.14699 -0.16607)
(-0.13211 0.16209 -0.18073)
(-0.15721 0.19931 -0.21287)
(-0.13458 0.18785 -0.19596)
(-0.12912 0.18531 -0.18848)
(-0.13237 0.19017 -0.19069)
(-0.12334 0.18203 -0.18089)
(-0.11750 0.18165 -0.16689)
(-0.09426 0.15717 -0.13252)
(-0.06749 0.12100 -0.10785)
(-0.07549 0.12726 -0.10217)
(-0.06534 0.11938 -0.08661)
(-0.03831 0.08289 -0.05343)
(-0.02316 0.05666 -0.03577)
(-0.01090 0.03508 -0.01942)
(-0.00017 0.00274 -0.00141)
(-0.00058 -0.00007 -0.00038)
(-0.00443 0.00184 0.00779)
(-0.00356 0.00183 0.00692)
(-0.02368 0.00977 0.04150)
(-0.03339 0.01431 0.05942)
(-0.02847 0.00010 0.05179)
(-0.00988 0.00463 0.04645)
(-0.01085 0.00154 0.04540)
(0.00154 -0.01726 0.03268)
(0.01560 -0.03242 0.02563)
(0.02339 -0.03304 0.02345)
(0.01622 -0.05484 0.01938)
(0.02617 -0.06500 0.01408)
(0.02963 -0.07423 0.01014)
(0.03062 -0.07523 0.01013)
(0.02983 -0.07580 0.01012)
(0.01726 -0.05542 0.01240)
(-0.01023 -0.02281 0.01537)
(-0.01332 -0.01859 0.01717)
(-0.01986 -0.00390 0.02336)
(-0.04818 0.04690 0.01057)
(-0.06522 0.07554 0.00905)
(-0.06669 0.08810 0.00573)
(-0.06988 0.09366 0.00375)
(-0.07079 0.09650 0.00324)
(-0.12691 0.14372 -0.04724)
(-0.09838 0.11478 -0.02403)
(-0.12494 0.13979 -0.04853)
(-0.12268 0.13567 -0.04935)
(-0.11557 0.12016 -0.06518)
(-0.09276 0.09861 -0.06499)
(-0.10276 0.10623 -0.08630)
(-0.15693 0.14526 -0.13315)
(-0.12717 0.12298 -0.12414)
(-0.07956 0.08646 -0.08664)
(-0.13124 0.13354 -0.14643)
(-0.11161 0.13257 -0.14966)
(-0.11153 0.13682 -0.15415)
(-0.11157 0.14089 -0.15793)
(-0.10328 0.13778 -0.15201)
(-0.13020 0.18329 -0.19226)
(-0.12545 0.18070 -0.18567)
(-0.10818 0.16326 -0.16969)
(-0.12043 0.17757 -0.17904)
(-0.08431 0.14424 -0.12845)
(-0.09401 0.15068 -0.14665)
(-0.06904 0.12232 -0.11186)
(-0.05585 0.09789 -0.09010)
(-0.05722 0.10857 -0.09978)
(-0.02453 0.05375 -0.04643)
(-0.02165 0.04873 -0.04025)
(-0.00202 0.01379 -0.01013)
(-0.00599 0.01346 -0.01208)
(-0.00018 0.00195 -0.00152)
(-0.01741 0.00893 0.03367)
(-0.00421 0.00255 0.00894)
(-0.00068 0.01281 0.02896)
(-0.01121 0.01282 0.05080)
(0.00670 0.01036 0.04461)
(0.00197 0.00239 0.04146)
(0.01254 -0.01219 0.03148)
(0.02209 -0.02529 0.02639)
(0.02685 -0.02892 0.02362)
(0.02848 -0.04423 0.01956)
(0.03832 -0.05435 0.01463)
(0.03277 -0.07464 0.00969)
(0.03146 -0.07806 0.01091)
(0.01527 -0.04557 0.01875)
(0.01159 -0.04020 0.02354)
(0.00227 -0.02554 0.02872)
(-0.03087 0.02542 0.02394)
(-0.04157 0.04223 0.01866)
(-0.05242 0.06889 0.01556)
(-0.05996 0.08186 0.01081)
(-0.06072 0.08529 0.00953)
(-0.06097 0.08553 0.00106)
(-0.11072 0.12940 -0.03833)
(-0.06078 0.08257 -0.00588)
(-0.06673 0.08937 -0.01296)
(-0.10863 0.12548 -0.04013)
(-0.07639 0.09665 -0.03254)
(-0.06118 0.07821 -0.03733)
(-0.05073 0.06843 -0.04002)
(-0.05313 0.07219 -0.05444)
(-0.05636 0.07132 -0.06716)
(-0.08253 0.09282 -0.10138)
(-0.05180 0.07375 -0.07960)
(-0.08084 0.10252 -0.11943)
(-0.10085 0.12601 -0.14303)
(-0.09746 0.12628 -0.14237)
(-0.09435 0.12664 -0.14126)
(-0.10244 0.13533 -0.15007)
(-0.08355 0.12716 -0.13908)
(-0.08111 0.13657 -0.14274)
(-0.11633 0.17288 -0.17571)
(-0.07701 0.13652 -0.13523)
(-0.07830 0.13250 -0.13289)
(-0.06839 0.11857 -0.11458)
(-0.04369 0.08897 -0.09031)
(-0.03714 0.07389 -0.07059)
(-0.01775 0.03922 -0.03511)
(-0.01523 0.03688 -0.03575)
(-0.01287 0.02846 -0.02601)
(-0.00301 0.00655 -0.00634)
(-0.00098 0.00215 -0.00202)
(0.00011 0.00021 0.00038)
(0.00254 0.00541 0.01003)
(0.00100 0.00085 0.00169)
(0.00469 0.01249 0.03306)
(0.01748 -0.00427 0.03456)
(0.02976 0.00936 0.02045)
(0.01893 0.00831 0.04022)
(0.04866 -0.00375 0.02773)
(0.02865 -0.02394 0.02467)
(0.05424 -0.02870 0.01797)
(0.03347 -0.03450 0.02176)
(0.05365 -0.04008 0.01567)
(0.05668 -0.05769 0.00905)
(0.05556 -0.06582 0.00858)
(0.04265 -0.06374 0.01353)
(0.04359 -0.06501 0.01740)
(0.02244 -0.07129 0.02321)
(0.02020 -0.07392 0.02405)
(0.01156 -0.04443 0.03339)
(-0.00931 -0.00063 0.03267)
(0.00142 -0.01871 0.03375)
(-0.02254 0.02221 0.03478)
(-0.02782 0.03052 0.03245)
(-0.03973 0.05271 0.02262)
(-0.04472 0.06452 0.01455)
(-0.03761 0.06174 0.01525)
(-0.02380 0.04814 0.01900)
(-0.01306 0.04064 0.01500)
(-0.01220 0.04144 0.00029)
(-0.02389 0.05506 -0.00681)
(-0.02048 0.04595 -0.01771)
(-0.00885 0.03801 -0.00349)
(-0.00502 0.03018 -0.01600)
(-0.02528 0.04918 -0.03529)
(-0.01325 0.03936 -0.04491)
(-0.03551 0.05830 -0.05949)
(-0.02474 0.05890 -0.07051)
(-0.02589 0.06204 -0.07285)
(-0.06101 0.09696 -0.10330)
(-0.04385 0.09142 -0.09234)
(-0.05951 0.10639 -0.11413)
(-0.05569 0.11124 -0.11583)
(-0.03898 0.10219 -0.09496)
(-0.05380 0.11461 -0.11077)
(-0.05025 0.10217 -0.10419)
(-0.03792 0.08851 -0.08831)
(-0.03747 0.08195 -0.08607)
(-0.03050 0.06589 -0.07125)
(-0.00843 0.03447 -0.04043)
(-0.01231 0.03356 -0.03846)
(-0.00212 0.00689 -0.00915)
(-0.00212 0.00533 -0.00577)
(-0.01235 -0.00464 -0.00694)
(0.00110 0.00048 0.00072)
(0.04638 0.00352 0.02157)
(-0.00101 -0.00021 -0.00033)
(0.02188 0.00444 0.00754)
(0.07586 0.00116 0.02004)
(0.07806 -0.00380 0.02161)
(0.07713 -0.02200 0.01488)
(0.08669 -0.00415 0.01936)
(0.08361 -0.00756 0.01890)
(0.06423 -0.03980 0.01309)
(0.06972 -0.04419 0.01369)
(0.05967 -0.05445 0.01526)
(0.06212 -0.05108 0.02043)
(0.04441 -0.05512 0.02352)
(0.05169 -0.04431 0.02582)
(0.02839 -0.03379 0.03443)
(0.02201 -0.02067 0.04038)
(-0.00373 -0.00620 0.03861)
(0.01976 -0.01502 0.04192)
(-0.01074 0.01386 0.03451)
(-0.01194 0.02412 0.03506)
(-0.01082 0.02162 0.03521)
(-0.01236 0.03388 0.02736)
(-0.00245 0.02799 0.02557)
(0.00049 0.02931 0.02443)
(0.01542 0.01521 0.01982)
(0.03434 -0.00045 0.01496)
(0.05361 -0.02193 0.01401)
(0.00270 0.02472 -0.01297)
(0.00605 0.02186 -0.01725)
(0.04729 -0.01650 0.00326)
(0.04389 -0.00873 -0.00734)
(0.02280 0.01029 -0.01965)
(0.02521 0.01087 -0.01954)
(0.05158 -0.00983 -0.01164)
(0.04927 -0.00677 -0.01466)
(0.02398 0.01508 -0.02791)
(-0.01753 0.05509 -0.06574)
(0.01341 0.03168 -0.03917)
(-0.00105 0.04951 -0.05781)
(-0.02459 0.07096 -0.07361)
(0.00258 0.05071 -0.05705)
(-0.01886 0.07143 -0.07534)
(-0.02857 0.08804 -0.08395)
(-0.03692 0.09822 -0.09349)
(-0.02136 0.07128 -0.07153)
(-0.02814 0.07603 -0.08220)
(-0.00774 0.04649 -0.04970)
(0.00281 0.02750 -0.02868)
(0.00215 0.01453 -0.01663)
(-0.00065 0.01060 -0.01320)
(-0.00035 0.00301 -0.00467)
(0.00015 -0.00059 0.00096)
(-0.00074 -0.00102 0.00321)
(0.00040 -0.00159 0.00263)
(-0.01233 -0.00267 -0.00401)
(0.00514 0.00039 0.00124)
(0.04361 0.00216 0.01103)
(-0.01572 -0.00204 -0.00344)
(0.03105 0.00113 0.00651)
(0.07390 -0.00043 0.01614)
(0.09696 -0.01237 0.01599)
(0.07173 -0.00155 0.01366)
(0.08849 -0.00407 0.01692)
(0.10281 -0.01577 0.01596)
(0.09020 -0.02264 0.01775)
(0.09374 -0.02342 0.02269)
(0.07197 -0.04094 0.02406)
(0.09230 -0.02168 0.02721)
(0.05613 -0.02216 0.03205)
(0.02837 -0.01863 0.04029)
(0.02690 -0.01538 0.04118)
(0.02436 -0.01300 0.04195)
(0.01770 -0.01196 0.04297)
(-0.00105 0.00105 0.04041)
(0.00172 0.00590 0.03876)
(-0.00238 0.01544 0.03308)
(0.00982 0.01158 0.03032)
(0.02370 0.00720 0.02472)
(0.03165 -0.00164 0.02381)
(0.05529 -0.01885 0.01800)
(0.06262 -0.02575 0.01668)
(0.06531 -0.02751 0.01488)
(0.05894 -0.02265 0.00549)
(0.05689 -0.01482 -0.00807)
(0.05516 -0.01230 -0.00997)
(0.05751 -0.01407 -0.00806)
(0.05310 -0.00899 -0.01145)
(0.04430 0.00130 -0.01483)
(0.03545 0.01552 -0.02517)
(0.03546 0.01688 -0.01733)
(0.02213 0.03255 -0.02639)
(0.00038 0.05142 -0.05616)
(0.00361 0.04852 -0.04000)
(0.00081 0.05490 -0.04886)
(-0.00243 0.05808 -0.05156)
(-0.00837 0.06520 -0.05639)
(0.00622 0.03516 -0.02780)
(0.00256 0.01386 -0.01363)
(0.00140 0.00604 -0.00661)
(-0.00005 -0.00017 0.00021)
(-0.00066 -0.00212 0.00239)
(-0.00077 -0.00255 0.00315)
(-0.00028 -0.00002 -0.00006)
(-0.00409 -0.00048 -0.00072)
(0.02135 0.00061 0.00393)
(0.09855 0.00039 0.01117)
(0.05013 0.00626 0.00546)
(0.11708 -0.00183 0.01741)
(0.10351 -0.01267 0.01994)
(0.10711 -0.01569 0.02308)
(0.12580 0.00002 0.02012)
(0.10723 -0.01160 0.02552)
(0.10264 -0.01361 0.02656)
(0.09935 -0.01217 0.02899)
(0.06896 -0.00666 0.03590)
(0.03531 -0.01217 0.04062)
(0.03220 -0.01130 0.04110)
(0.02822 -0.01106 0.04145)
(0.02208 -0.01184 0.04251)
(0.02302 -0.00564 0.04115)
(0.02526 0.00062 0.03838)
(0.03033 0.00775 0.03077)
(0.04319 0.00401 0.02665)
(0.04628 -0.01996 0.02489)
(0.04897 -0.02057 0.02346)
(0.06520 -0.02829 0.01767)
(0.06818 -0.03004 0.01640)
(0.07259 -0.03323 0.01656)
(0.07251 -0.03342 0.01562)
(0.06751 -0.02571 0.01147)
(0.06015 -0.01758 -0.00627)
(0.07800 -0.03102 0.01028)
(0.06238 -0.01995 -0.00404)
(0.05916 -0.01546 -0.00588)
(0.05622 -0.00796 -0.00236)
(0.04596 0.00523 -0.00411)
(0.03676 0.01624 -0.01322)
(0.03748 0.01595 -0.01048)
(0.02363 0.03247 -0.01193)
(0.01980 0.03653 -0.01732)
(0.01904 0.03370 -0.01408)
(0.01158 0.01986 -0.00725)
(0.00537 0.01115 -0.00456)
(0.00218 0.00490 -0.00415)
(0.00009 0.00033 -0.00033)
(-0.00092 -0.00204 0.00158)
(-0.00073 -0.00240 0.00239)
(0.01182 0.00162 0.00129)
(0.02674 0.00369 0.00358)
(0.07103 0.00877 0.00960)
(0.03186 0.00644 0.00459)
(0.08592 0.00331 0.01353)
(0.10382 -0.00434 0.02280)
(0.04662 0.00235 0.00880)
(0.06841 -0.00061 0.01612)
(0.11005 -0.00523 0.02728)
(0.10723 -0.00502 0.02917)
(0.07892 -0.00086 0.03453)
(0.09495 0.00139 0.03331)
(0.06879 -0.00180 0.03831)
(0.03753 -0.00884 0.04069)
(0.07619 0.01012 0.03444)
(0.07320 0.00978 0.03488)
(0.04396 -0.00178 0.03736)
(0.04052 -0.00168 0.03765)
(0.04587 0.00662 0.03424)
(0.04600 -0.00519 0.03329)
(0.05878 -0.01101 0.03094)
(0.06205 -0.01036 0.03028)
(0.06441 -0.01248 0.02891)
(0.06307 -0.01325 0.02727)
(0.06606 -0.01858 0.02458)
(0.06427 -0.02925 0.01945)
(0.07917 -0.02479 0.02180)
(0.07222 -0.03244 0.01739)
(0.07544 -0.03501 0.01709)
(0.08437 -0.04425 0.01566)
(0.08762 -0.03061 0.01700)
(0.08080 -0.02134 0.00810)
(0.08274 -0.03119 0.02060)
(0.08205 -0.02563 0.01519)
(0.07533 -0.01250 0.01047)
(0.06868 -0.00571 0.00811)
(0.05265 0.00039 0.00862)
(0.03865 0.00507 0.00954)
(0.02974 0.01522 0.00003)
(0.01772 0.02386 -0.00682)
(0.00843 0.00567 0.00239)
(0.00525 0.00714 -0.00147)
(0.00339 0.00569 -0.00172)
(-0.00060 -0.00118 0.00042)
(0.00634 0.00133 0.00091)
(0.01778 0.00438 0.00292)
(0.01710 0.00288 0.00330)
(0.00930 0.00269 0.00201)
(0.02024 0.00563 0.00470)
(0.07099 0.01131 0.02166)
(0.08332 0.01877 0.02666)
(0.03184 0.00902 0.00829)
(0.05005 0.01502 0.01465)
(0.05687 0.01475 0.02194)
(0.07930 0.02709 0.03022)
(0.05276 0.01891 0.01882)
(0.07052 0.01801 0.02960)
(0.05062 0.00624 0.03339)
(0.07098 0.02603 0.02273)
(0.07110 0.00603 0.02938)
(0.06567 0.00488 0.02808)
(0.06376 -0.00891 0.02798)
(0.07668 0.00711 0.02213)
(0.07871 -0.00188 0.02234)
(0.08254 -0.00972 0.02039)
(0.08194 -0.00821 0.01918)
(0.09334 -0.00502 0.01682)
(0.08743 -0.02345 0.01838)
(0.08816 -0.02822 0.02027)
(0.06170 -0.00217 0.01085)
(0.06861 -0.02916 0.01768)
(0.05672 -0.03218 0.01669)
(0.05875 -0.02059 0.01357)
(0.01958 -0.00994 0.00573)
(0.02238 -0.00707 0.00705)
(0.01227 -0.00145 0.00460)
(0.01785 0.00092 0.00596)
(-0.00076 -0.00007 -0.00037)
(0.00371 0.00110 0.00143)
(0.00151 0.00059 0.00077)
(-0.02510 -0.00815 -0.00525)
(-0.02017 -0.00591 -0.00511)
(0.01943 0.00689 0.00459)
(-0.01775 -0.00648 -0.00406)
(-0.00650 -0.00254 -0.00134)
(0.02978 0.01105 0.01011)
(0.03995 0.01937 0.00818)
(-0.00079 -0.00042 -0.00012)
(-0.00060 -0.00029 -0.00009)
(0.03635 0.01428 0.00768)
(0.05609 0.01762 0.01369)
(0.01646 0.00625 0.00229)
(0.03590 0.01583 0.00558)
(0.06006 0.02301 0.00938)
(0.02144 0.00890 0.00313)
(0.03791 0.00568 0.00651)
(0.04520 0.00434 0.00685)
(0.06118 -0.00214 0.01093)
(0.00564 0.00075 0.00104)
(0.01011 0.00027 0.00192)
(-0.00144 -0.00012 -0.00024)
(0.04017 -0.00066 0.00707)
(0.02309 -0.00154 0.00426)
(-0.01198 -0.00019 -0.00214)
(-0.00544 0.00122 -0.00136)
(-0.00895 0.00062 -0.00295)
(-0.00780 0.00004 -0.00359)
(0.00464 0.00215 0.00067)
(0.00779 0.00332 0.00111)
(0.00810 0.00299 0.00085)
(-0.00321 -0.00058 -0.00054)
)