/*--------------------------------*- C++ -*----------------------------------*\ 
| =========                 |                                                 | 
| \\      /  F ield         | OpenFOAM: The Open Source CFD Toolbox           | 
|  \\    /   O peration     | Version:  4.0                                   | 
|   \\  /    A nd           | Web:      www.OpenFOAM.org                      | 
|    \\/     M anipulation  |                                                 | 
\*---------------------------------------------------------------------------*/ 
FoamFile 
{ 
    version     2.0; 
    format      ascii; 
    class       vectorAverageField; 
    object      values; 
} 
// * * * * * * * * * * * * * * * * * * * * * * * * * * * * * * * * * * * * * // 
 
// Average 
(0 0 0) 
 
// Velocity data on points 
2447
(
(0.00407 -0.00027 -0.00119)
(-0.00203 -0.00012 0.00067)
(-0.00491 -0.00149 0.00233)
(-0.00161 -0.00044 0.00046)
(0.00213 0.00067 -0.00102)
(-0.01173 -0.00376 0.00701)
(-0.00385 -0.00110 0.00195)
(-0.01024 -0.00191 0.00402)
(-0.00105 -0.00022 0.00037)
(0.00159 0.00020 -0.00048)
(-0.00710 -0.00083 0.00230)
(-0.00148 -0.00007 0.00039)
(0.00149 -0.00001 0.00000)
(-0.00923 0.00080 0.00098)
(-0.00048 0.00010 -0.00014)
(0.00147 -0.00030 0.00050)
(-0.00514 0.00105 -0.00174)
(-0.00032 0.00005 -0.00015)
(0.00238 0.00016 0.00136)
(-0.00049 -0.00003 -0.00028)
(0.01372 -0.00444 -0.00227)
(-0.00283 0.00057 0.00064)
(0.00219 -0.00049 -0.00048)
(0.00081 -0.00013 -0.00023)
(-0.03371 0.00427 0.01269)
(-0.02273 0.00010 0.00814)
(-0.02283 -0.00299 0.01032)
(-0.02179 -0.00576 0.01196)
(-0.04181 -0.00876 0.02342)
(-0.03962 -0.01025 0.02238)
(-0.03023 -0.00909 0.01892)
(-0.01910 -0.00424 0.00965)
(-0.03458 -0.00965 0.02036)
(-0.02367 -0.00408 0.01014)
(-0.01990 -0.00222 0.00694)
(-0.01632 -0.00076 0.00448)
(-0.02770 -0.00307 0.01018)
(-0.02688 -0.00118 0.00745)
(-0.03132 0.00273 0.00281)
(-0.01895 0.00161 0.00191)
(-0.01626 0.00244 -0.00162)
(-0.04069 0.00209 -0.00571)
(-0.03774 0.00161 -0.00602)
(-0.02225 0.00244 -0.00723)
(-0.01541 0.00081 -0.00665)
(-0.03507 0.00220 -0.01516)
(-0.01309 -0.00050 -0.00766)
(-0.00404 -0.00096 -0.00256)
(-0.02599 -0.00279 -0.01604)
(-0.00287 -0.00171 -0.00208)
(0.00034 0.00049 0.00034)
(0.00928 -0.00276 -0.00176)
(-0.00379 0.00102 0.00078)
(-0.01239 0.00317 0.00261)
(-0.03169 0.00633 0.00893)
(-0.08128 0.01529 0.02409)
(-0.05983 0.00977 0.01804)
(-0.06527 0.00482 0.02754)
(-0.07120 0.00019 0.03373)
(-0.06746 0.00170 0.03078)
(-0.05065 -0.00699 0.02997)
(-0.04945 -0.00909 0.03497)
(-0.04469 -0.01336 0.03494)
(-0.04074 -0.00997 0.02836)
(-0.03465 -0.00808 0.02101)
(-0.04359 -0.01052 0.03056)
(-0.04207 -0.01099 0.02954)
(-0.03602 -0.00680 0.01969)
(-0.03483 -0.00034 0.00848)
(-0.04683 -0.00546 0.01255)
(-0.04503 0.00103 -0.00111)
(-0.04708 0.00350 -0.00548)
(-0.04448 0.00845 -0.00726)
(-0.04778 0.00158 -0.01056)
(-0.04816 0.00042 -0.02097)
(-0.04958 0.00109 -0.02716)
(-0.05350 -0.00028 -0.02707)
(-0.04973 -0.00559 -0.03080)
(-0.03079 -0.00794 -0.02198)
(-0.01775 -0.00832 -0.01310)
(-0.05229 -0.01225 -0.03542)
(-0.03375 -0.01210 -0.02632)
(-0.00996 -0.01121 -0.00939)
(-0.00052 -0.00085 -0.00051)
(-0.00726 -0.00977 -0.00458)
(0.00236 0.00469 0.00132)
(0.00429 0.00930 0.00250)
(0.00059 -0.00019 -0.00011)
(-0.01693 0.00517 0.00331)
(-0.04523 0.01310 0.00947)
(-0.06759 0.01774 0.01502)
(-0.11540 0.03007 0.02760)
(-0.10431 0.02700 0.02360)
(-0.12948 0.03304 0.03290)
(-0.11282 0.02232 0.03527)
(-0.09967 0.01779 0.03076)
(-0.08239 0.00646 0.03280)
(-0.08496 0.00087 0.04336)
(-0.08210 0.00047 0.04100)
(-0.07135 -0.00328 0.03868)
(-0.06914 -0.00458 0.04102)
(-0.07023 -0.00557 0.04670)
(-0.06192 -0.01165 0.05013)
(-0.06087 -0.01274 0.05103)
(-0.05531 -0.01576 0.04594)
(-0.05046 -0.01047 0.03633)
(-0.05130 -0.01634 0.03279)
(-0.04830 -0.01584 0.02584)
(-0.05164 -0.01289 0.01636)
(-0.05192 -0.00249 0.00399)
(-0.04911 0.00227 -0.00550)
(-0.04955 -0.00291 -0.01840)
(-0.05316 -0.00432 -0.03024)
(-0.05988 -0.00579 -0.04130)
(-0.06001 -0.00468 -0.03671)
(-0.06872 -0.00306 -0.04074)
(-0.05467 -0.01234 -0.03693)
(-0.05627 -0.01783 -0.04317)
(-0.06424 -0.02601 -0.03981)
(-0.06067 -0.02782 -0.03681)
(-0.03220 -0.02656 -0.02129)
(-0.00588 -0.01125 -0.00355)
(-0.04915 -0.03764 -0.03014)
(-0.02404 -0.03630 -0.01567)
(-0.00262 -0.00634 -0.00165)
(-0.00075 -0.00240 -0.00030)
(0.01162 -0.00357 -0.00256)
(-0.02486 0.00766 0.00499)
(-0.06125 0.01898 0.01241)
(-0.10887 0.03125 0.02278)
(-0.13501 0.03816 0.02965)
(-0.12365 0.02749 0.03306)
(-0.12073 0.02569 0.03346)
(-0.11699 0.02506 0.03429)
(-0.10962 0.01789 0.03691)
(-0.08484 0.00053 0.04421)
(-0.08330 -0.00079 0.04452)
(-0.08086 -0.00291 0.04525)
(-0.08123 -0.00289 0.04593)
(-0.07980 -0.00498 0.04707)
(-0.07389 -0.00808 0.04576)
(-0.06474 -0.01336 0.05328)
(-0.06344 -0.01380 0.05324)
(-0.06225 -0.01401 0.05311)
(-0.05781 -0.01529 0.04712)
(-0.05843 -0.02171 0.04276)
(-0.05378 -0.01811 0.03528)
(-0.05618 -0.01857 0.02247)
(-0.05314 -0.01926 0.00828)
(-0.05172 -0.01582 0.00028)
(-0.05390 -0.01063 -0.01193)
(-0.05798 -0.00736 -0.03891)
(-0.05950 -0.00767 -0.04211)
(-0.06113 -0.00740 -0.04500)
(-0.06301 -0.00685 -0.04754)
(-0.06336 -0.01654 -0.04846)
(-0.06563 -0.02466 -0.04143)
(-0.06402 -0.02907 -0.03939)
(-0.06585 -0.02704 -0.04137)
(-0.05744 -0.03576 -0.03646)
(-0.03753 -0.05178 -0.02296)
(-0.04884 -0.04334 -0.03280)
(-0.02976 -0.05156 -0.01414)
(-0.00776 -0.03368 -0.00099)
(-0.00074 -0.00376 0.00002)
(-0.01168 -0.06776 0.00158)
(-0.00201 -0.01724 0.00144)
(-0.00011 -0.00099 0.00009)
(-0.01404 0.00430 0.00358)
(-0.04150 0.01228 0.01026)
(-0.10880 0.03178 0.02815)
(-0.12778 0.03665 0.03526)
(-0.11822 0.02762 0.04007)
(-0.10561 0.01896 0.03746)
(-0.10212 0.01728 0.03724)
(-0.09988 0.01672 0.03788)
(-0.09695 0.01512 0.03773)
(-0.10254 0.01632 0.03957)
(-0.08565 0.00160 0.04392)
(-0.08199 -0.00083 0.04489)
(-0.08045 -0.00291 0.04598)
(-0.07933 -0.00502 0.04743)
(-0.07857 -0.00721 0.04897)
(-0.06925 -0.01860 0.05470)
(-0.06522 -0.01496 0.05552)
(-0.06027 -0.02395 0.05657)
(-0.06121 -0.02163 0.05737)
(-0.06453 -0.01587 0.05662)
(-0.06340 -0.01530 0.05546)
(-0.04780 -0.03042 0.04503)
(-0.04089 -0.03806 0.04867)
(-0.05081 -0.03719 0.04835)
(-0.04763 -0.02905 0.03946)
(-0.04692 -0.02736 0.02631)
(-0.04309 -0.03236 0.00988)
(-0.04204 -0.03111 0.00390)
(-0.04143 -0.03014 -0.00119)
(-0.05777 -0.01197 -0.02490)
(-0.05664 -0.00981 -0.04375)
(-0.05853 -0.00934 -0.04657)
(-0.06134 -0.00841 -0.04938)
(-0.06757 -0.01333 -0.05332)
(-0.06594 -0.02000 -0.05316)
(-0.06009 -0.01588 -0.04879)
(-0.05744 -0.02483 -0.03851)
(-0.04535 -0.03310 -0.03369)
(-0.04597 -0.05101 -0.02783)
(-0.03692 -0.06851 -0.02026)
(-0.01641 -0.09557 0.00311)
(-0.00862 -0.06281 0.00405)
(-0.00875 -0.07691 0.00704)
(-0.00252 -0.02675 0.00308)
(-0.00094 -0.01287 0.00187)
(0.00721 -0.00221 -0.00209)
(-0.00166 0.00052 0.00040)
(-0.08381 0.02439 0.02728)
(-0.13056 0.03418 0.04111)
(-0.13012 0.03331 0.04235)
(-0.10224 0.02200 0.04087)
(-0.09543 0.01556 0.03852)
(-0.09470 0.01470 0.03819)
(-0.08935 0.01253 0.03827)
(-0.08937 0.01322 0.04140)
(-0.07537 0.00285 0.04521)
(-0.07852 -0.00316 0.04565)
(-0.07534 -0.00660 0.04776)
(-0.07643 -0.00640 0.04776)
(-0.07742 -0.00746 0.04919)
(-0.07126 -0.01592 0.05570)
(-0.06969 -0.01491 0.05347)
(-0.05201 -0.02781 0.05292)
(-0.05265 -0.02861 0.05583)
(-0.03964 -0.03312 0.05086)
(-0.04293 -0.03285 0.05313)
(-0.03812 -0.04312 0.05019)
(-0.04487 -0.04398 0.04603)
(-0.03131 -0.03925 0.01919)
(-0.03768 -0.03535 0.00586)
(-0.03625 -0.03411 -0.00099)
(-0.03677 -0.03158 -0.01940)
(-0.03691 -0.02145 -0.04472)
(-0.05136 -0.01370 -0.05075)
(-0.05616 -0.01049 -0.05162)
(-0.05460 -0.00806 -0.05601)
(-0.05889 -0.01551 -0.05571)
(-0.05001 -0.01656 -0.05745)
(-0.05289 -0.01883 -0.04740)
(-0.04371 -0.02483 -0.04196)
(-0.04157 -0.03068 -0.03758)
(-0.03592 -0.04426 -0.02875)
(-0.02401 -0.05412 -0.01653)
(-0.01508 -0.09033 0.00251)
(-0.01242 -0.09597 0.00659)
(-0.00322 -0.04060 0.00560)
(-0.00938 -0.09468 0.00873)
(-0.00686 -0.07848 0.00976)
(-0.00116 -0.03104 0.00857)
(0.00011 -0.00226 0.00102)
(0.02212 -0.00680 -0.00576)
(-0.00074 0.00023 0.00019)
(-0.04215 0.01232 0.01366)
(-0.08468 0.02446 0.02838)
(-0.12591 0.03424 0.04754)
(-0.11894 0.03267 0.04629)
(-0.10544 0.02673 0.04485)
(-0.10798 0.02401 0.04334)
(-0.08702 0.01780 0.04542)
(-0.07144 0.01240 0.04449)
(-0.07485 0.00938 0.03896)
(-0.05527 0.00224 0.03796)
(-0.05645 -0.00144 0.04213)
(-0.05350 -0.00581 0.04197)
(-0.04825 -0.01383 0.04195)
(-0.03692 -0.02126 0.03948)
(-0.04988 -0.02630 0.05045)
(-0.05756 -0.03502 0.06645)
(-0.04018 -0.03785 0.05468)
(-0.03143 -0.03944 0.04842)
(-0.02209 -0.04591 0.04488)
(-0.01133 -0.05305 0.03656)
(-0.00667 -0.05047 0.02077)
(0.00475 -0.05298 0.00942)
(-0.03111 -0.03982 0.00763)
(-0.02924 -0.03847 -0.00031)
(-0.00980 -0.03855 -0.01681)
(0.00034 -0.02933 -0.03522)
(0.00471 -0.02974 -0.05242)
(-0.00583 -0.01945 -0.05001)
(-0.01223 -0.01659 -0.04968)
(-0.03979 -0.01194 -0.06064)
(-0.03911 -0.01841 -0.04726)
(-0.03940 -0.02627 -0.03910)
(-0.01350 -0.03410 -0.02846)
(-0.01310 -0.04986 -0.01508)
(-0.00262 -0.05556 -0.00482)
(-0.00688 -0.04827 -0.01353)
(-0.00094 -0.06024 -0.00105)
(-0.00097 -0.07535 0.00517)
(-0.00435 -0.09344 0.02224)
(0.00450 -0.07155 0.01625)
(0.00026 -0.06207 0.02827)
(0.00104 -0.01954 0.00891)
(0.00071 -0.01034 0.00540)
(0.00088 -0.00027 -0.00026)
(-0.03331 0.01013 0.00917)
(-0.09906 0.02820 0.03730)
(-0.10052 0.03121 0.04376)
(-0.09459 0.02632 0.05044)
(-0.05917 0.01675 0.05268)
(-0.08133 0.02131 0.04802)
(-0.08326 0.02189 0.04944)
(-0.06149 0.01580 0.04945)
(-0.05723 0.01277 0.05007)
(-0.05591 0.01176 0.04962)
(-0.03951 0.00274 0.04302)
(-0.02932 0.00082 0.04476)
(-0.03043 -0.00027 0.04380)
(-0.03666 -0.00283 0.04167)
(-0.03678 -0.00956 0.03729)
(-0.02840 -0.00587 0.04126)
(-0.02155 -0.01085 0.03980)
(-0.02993 -0.01314 0.03616)
(-0.02856 -0.01937 0.03469)
(-0.03295 -0.02304 0.03866)
(-0.03266 -0.02987 0.04662)
(-0.03450 -0.03580 0.04672)
(-0.01194 -0.04640 0.03546)
(0.01422 -0.05255 0.02112)
(0.02003 -0.05442 0.01778)
(0.02496 -0.05811 0.01566)
(0.02062 -0.05469 0.00696)
(0.02149 -0.05331 -0.00547)
(0.02232 -0.04492 -0.02483)
(0.01426 -0.03771 -0.03191)
(0.01824 -0.03290 -0.05403)
(0.01973 -0.03205 -0.04915)
(0.02687 -0.02454 -0.04491)
(-0.00104 -0.01475 -0.05476)
(0.02562 -0.01975 -0.04603)
(-0.00205 -0.01887 -0.04564)
(0.00969 -0.02602 -0.03530)
(0.00635 -0.02615 -0.03031)
(0.02131 -0.02934 -0.02435)
(-0.00687 -0.03290 -0.02657)
(0.00272 -0.03370 -0.01804)
(0.00747 -0.04743 -0.00573)
(0.01784 -0.04534 0.00039)
(0.01665 -0.05451 0.01330)
(0.01642 -0.07088 0.02524)
(0.01168 -0.08192 0.04297)
(0.00109 -0.02961 0.01869)
(-0.00014 0.00362 -0.00246)
(0.00853 -0.05246 0.03727)
(-0.00941 0.00327 0.00286)
(-0.05328 0.01711 0.01751)
(-0.05465 0.01906 0.01980)
(-0.08574 0.02691 0.03194)
(-0.08450 0.02606 0.04742)
(-0.06018 0.01744 0.05300)
(-0.04934 0.01468 0.05391)
(-0.05200 0.01494 0.05316)
(-0.04594 0.01325 0.05340)
(-0.03844 0.00854 0.05068)
(-0.02561 0.00091 0.04596)
(-0.02427 -0.00051 0.04483)
(-0.01994 -0.00275 0.03923)
(-0.01072 -0.00863 0.03166)
(-0.00630 -0.01258 0.02775)
(-0.00611 -0.02145 0.02078)
(-0.01440 -0.01933 0.02587)
(0.00402 -0.03503 0.02062)
(0.01521 -0.03062 0.00726)
(-0.00244 -0.03664 0.02622)
(0.00331 -0.04456 0.02419)
(0.02090 -0.05312 0.01546)
(0.02637 -0.05474 0.01216)
(0.03219 -0.05672 0.00890)
(0.03685 -0.05794 -0.00135)
(0.04057 -0.05466 -0.00798)
(0.06983 -0.05491 -0.02172)
(0.05124 -0.05011 -0.01760)
(0.05152 -0.04508 -0.02249)
(0.06200 -0.04123 -0.04348)
(0.06175 -0.03952 -0.04324)
(0.07381 -0.03206 -0.04018)
(0.06405 -0.02912 -0.04060)
(0.06976 -0.02956 -0.03711)
(0.03380 -0.02474 -0.03777)
(0.03999 -0.02505 -0.02810)
(0.02652 -0.02813 -0.02512)
(0.03342 -0.02979 -0.02150)
(0.02721 -0.02973 -0.02169)
(0.03527 -0.03462 -0.01223)
(0.02641 -0.03428 -0.00177)
(0.02954 -0.05060 0.01702)
(0.04530 -0.04024 0.03247)
(0.02583 -0.05557 0.03445)
(0.04038 -0.04438 0.03882)
(0.02131 -0.06534 0.04479)
(0.00267 -0.04570 0.04262)
(-0.00002 -0.00394 0.00394)
(0.00002 0.00136 -0.00147)
(0.00267 -0.00096 -0.00089)
(-0.00395 0.00144 0.00127)
(-0.02872 0.01034 0.01031)
(-0.07513 0.02688 0.03087)
(-0.08326 0.02737 0.03838)
(-0.08172 0.02969 0.03599)
(-0.06951 0.02284 0.04451)
(-0.04909 0.01481 0.05418)
(-0.04331 0.01305 0.05449)
(-0.04055 0.01281 0.05568)
(-0.03688 0.01171 0.05594)
(-0.01392 0.00229 0.05213)
(-0.00841 0.00709 0.04888)
(-0.02065 -0.00005 0.04704)
(-0.01471 0.00163 0.03958)
(0.00231 -0.00176 0.02377)
(0.01316 -0.01217 0.01966)
(0.00895 -0.01626 0.01997)
(0.02026 -0.02888 0.00257)
(0.01696 -0.03294 0.00625)
(0.02241 -0.03120 0.00054)
(0.01963 -0.03515 0.00448)
(0.02819 -0.05356 0.00848)
(0.03256 -0.05476 0.00557)
(0.03737 -0.05613 0.00293)
(0.04973 -0.05489 -0.00723)
(0.08025 -0.05542 -0.02294)
(0.07458 -0.05238 -0.02544)
(0.10981 -0.05052 -0.04229)
(0.11016 -0.04799 -0.04273)
(0.11144 -0.04645 -0.04231)
(0.09564 -0.04142 -0.03888)
(0.08283 -0.03309 -0.03476)
(0.07711 -0.03071 -0.03340)
(0.08710 -0.03100 -0.02085)
(0.04157 -0.03054 -0.02110)
(0.04880 -0.03270 -0.01746)
(0.05507 -0.03235 -0.00975)
(0.05415 -0.03802 0.00770)
(0.06986 -0.03722 0.01477)
(0.04323 -0.04163 0.01517)
(0.05362 -0.03716 0.03445)
(0.04860 -0.03881 0.03600)
(0.04404 -0.04059 0.03910)
(0.03999 -0.04222 0.04177)
(0.01389 -0.05384 0.06244)
(-0.00026 -0.01942 0.02131)
(-0.00021 -0.00736 0.00859)
(0.00025 0.00766 -0.00881)
(-0.00836 0.00297 0.00219)
(-0.02948 0.01084 0.01006)
(-0.05255 0.01927 0.01976)
(-0.04504 0.01670 0.01590)
(-0.07770 0.02882 0.03431)
(-0.07439 0.02760 0.03809)
(-0.03108 0.01133 0.05299)
(-0.03380 0.01229 0.04956)
(-0.03692 0.01242 0.05727)
(-0.03315 0.01154 0.05823)
(-0.00981 0.00957 0.05368)
(0.00724 0.00624 0.05563)
(-0.00334 0.00346 0.04839)
(0.01108 0.00266 0.04740)
(0.00562 0.00132 0.02981)
(0.01563 -0.00260 0.02188)
(0.01800 -0.00371 0.01523)
(0.02194 -0.00850 0.00972)
(0.02175 -0.02119 0.00418)
(0.02628 -0.02893 -0.00446)
(0.02548 -0.03390 -0.00204)
(0.02931 -0.03189 -0.00741)
(0.04297 -0.04032 -0.01376)
(0.04964 -0.05196 -0.01561)
(0.05277 -0.04817 -0.02187)
(0.07295 -0.04722 -0.03703)
(0.08189 -0.04623 -0.04655)
(0.09534 -0.05416 -0.04229)
(0.10500 -0.05280 -0.03986)
(0.11616 -0.04867 -0.04319)
(0.11833 -0.04741 -0.04214)
(0.12323 -0.04528 -0.03793)
(0.09443 -0.03618 -0.03351)
(0.10043 -0.03779 -0.03071)
(0.09320 -0.03555 -0.02935)
(0.11972 -0.04337 -0.01017)
(0.10449 -0.03997 -0.01027)
(0.11297 -0.04284 -0.00598)
(0.10080 -0.04122 0.00670)
(0.13036 -0.05226 0.01748)
(0.10689 -0.04062 0.01175)
(0.09144 -0.03710 0.01486)
(0.11921 -0.04310 0.02499)
(0.07801 -0.03747 0.03021)
(0.05985 -0.03641 0.03759)
(0.05390 -0.03719 0.03860)
(0.05110 -0.03729 0.04106)
(0.04824 -0.03699 0.04338)
(0.04189 -0.03822 0.04440)
(0.03450 -0.03957 0.06554)
(0.01027 -0.04874 0.07015)
(-0.00072 -0.02013 0.02854)
(0.00013 0.00285 -0.00353)
(0.00040 -0.00015 -0.00007)
(-0.00528 0.00189 0.00100)
(-0.02976 0.01088 0.00739)
(-0.07085 0.02652 0.02815)
(-0.05662 0.02043 0.03252)
(-0.04686 0.01759 0.04048)
(-0.02375 0.00945 0.03407)
(-0.03319 0.01370 0.04979)
(-0.02010 0.00903 0.05637)
(0.00191 0.00816 0.05905)
(0.00248 0.00679 0.05835)
(-0.00052 0.00644 0.05660)
(0.00235 0.00860 0.04962)
(0.00963 0.00800 0.05213)
(0.01033 0.00587 0.05813)
(0.01719 0.00636 0.03709)
(0.01874 0.00195 0.02289)
(0.02180 -0.00323 0.01241)
(0.02396 -0.00473 0.00641)
(0.03190 -0.00976 -0.01612)
(0.03594 -0.01219 -0.02918)
(0.04357 -0.02042 -0.04358)
(0.04086 -0.03454 -0.02670)
(0.04680 -0.01854 -0.05207)
(0.05905 -0.03858 -0.04902)
(0.07187 -0.04309 -0.05711)
(0.07057 -0.04003 -0.05280)
(0.07615 -0.03875 -0.05729)
(0.09910 -0.04545 -0.05150)
(0.08981 -0.03733 -0.07278)
(0.11962 -0.05227 -0.05245)
(0.11616 -0.04838 -0.05287)
(0.12066 -0.05122 -0.04043)
(0.12517 -0.04953 -0.04076)
(0.13017 -0.05119 -0.03501)
(0.15081 -0.05632 -0.02512)
(0.13981 -0.05297 -0.00808)
(0.15350 -0.06336 -0.00111)
(0.16285 -0.06319 0.01124)
(0.16622 -0.06477 0.01361)
(0.14846 -0.07068 0.03414)
(0.13415 -0.05655 0.03255)
(0.13853 -0.06508 0.05094)
(0.11613 -0.05022 0.04396)
(0.10184 -0.04246 0.03920)
(0.08199 -0.03969 0.05397)
(0.07351 -0.04123 0.06940)
(0.04930 -0.03609 0.05944)
(0.02321 -0.02947 0.07888)
(0.01438 -0.04027 0.08384)
(0.04008 -0.03150 0.07949)
(0.01124 -0.02705 0.08416)
(-0.00008 -0.02132 0.04398)
(-0.00013 -0.00139 0.00259)
(0.00045 0.00306 -0.00583)
(-0.00211 0.00078 0.00014)
(-0.01359 0.00485 0.00279)
(-0.04821 0.01683 0.02136)
(-0.01959 0.00398 0.01984)
(-0.02237 0.00680 0.02584)
(-0.01183 0.00262 0.03828)
(-0.00997 -0.00046 0.03011)
(-0.00190 0.00474 0.04734)
(0.00463 0.00815 0.06144)
(0.00257 0.01464 0.04566)
(0.00409 0.00953 0.04882)
(0.01053 0.00877 0.04958)
(0.00854 0.01252 0.03847)
(0.01372 0.01543 0.02449)
(0.01687 0.01537 -0.00693)
(0.01875 0.01487 -0.01571)
(0.01712 0.00854 -0.01014)
(0.03238 0.00207 -0.02133)
(0.03917 -0.00708 -0.03014)
(0.04126 -0.00133 -0.05485)
(0.04452 0.00084 -0.07276)
(0.06081 -0.02920 -0.05994)
(0.07214 -0.04083 -0.06420)
(0.06485 -0.02298 -0.07475)
(0.06654 -0.01377 -0.09650)
(0.06791 -0.01286 -0.09700)
(0.10485 -0.03882 -0.06533)
(0.11354 -0.04379 -0.06137)
(0.11442 -0.04500 -0.05938)
(0.11909 -0.04742 -0.05571)
(0.15134 -0.05713 -0.02846)
(0.15995 -0.06419 -0.01878)
(0.15284 -0.06369 -0.00665)
(0.16865 -0.07670 0.00013)
(0.16617 -0.06652 0.01146)
(0.16187 -0.07387 0.01799)
(0.16888 -0.08522 0.04363)
(0.15631 -0.08269 0.05919)
(0.15217 -0.08255 0.06383)
(0.14353 -0.07155 0.06393)
(0.10814 -0.04847 0.05163)
(0.12952 -0.06656 0.06989)
(0.10777 -0.05011 0.06655)
(0.08546 -0.04205 0.07144)
(0.07447 -0.04195 0.08315)
(0.04483 -0.03298 0.08104)
(0.02674 -0.03400 0.08883)
(0.01059 -0.02411 0.08332)
(0.01640 -0.03396 0.09242)
(-0.00301 -0.02402 0.06152)
(-0.00082 -0.00607 0.01183)
(-0.00025 -0.00280 0.00672)
(0.00342 -0.00128 -0.00022)
(-0.01308 0.00480 0.00108)
(-0.00128 0.00048 0.00009)
(-0.01468 0.00533 0.00137)
(-0.02431 0.00785 0.01081)
(-0.01265 0.00197 0.02500)
(-0.00640 -0.00015 0.01827)
(-0.00407 -0.00221 0.02434)
(0.00144 -0.00057 0.02687)
(-0.00155 0.00167 0.03641)
(0.00732 0.00368 0.03123)
(0.00730 0.00473 0.04172)
(0.00140 0.01158 0.04414)
(0.00428 0.02316 0.02811)
(0.00402 0.02479 0.02480)
(0.00953 0.01897 0.02640)
(0.01625 0.01833 -0.00202)
(0.01544 0.01897 -0.01806)
(0.01895 0.01590 -0.02424)
(0.03132 0.00702 -0.03946)
(0.03444 0.01256 -0.06688)
(0.03027 0.01797 -0.08610)
(0.02379 0.03408 -0.11421)
(0.04724 -0.00204 -0.07606)
(0.04905 -0.00069 -0.09033)
(0.06250 -0.00960 -0.09452)
(0.05958 -0.00716 -0.10215)
(0.05978 -0.00610 -0.10287)
(0.06934 -0.01293 -0.09720)
(0.09932 -0.03392 -0.07398)
(0.10817 -0.04262 -0.06408)
(0.11115 -0.04522 -0.06080)
(0.13377 -0.05487 -0.04539)
(0.14008 -0.06800 -0.02840)
(0.16695 -0.08141 -0.00591)
(0.16608 -0.09483 0.00913)
(0.16857 -0.09680 0.01500)
(0.17231 -0.09077 0.02387)
(0.16468 -0.08938 0.05020)
(0.15742 -0.08805 0.06271)
(0.15298 -0.08807 0.06720)
(0.14885 -0.08223 0.06839)
(0.14209 -0.07702 0.07372)
(0.11201 -0.06111 0.08564)
(0.08512 -0.04542 0.08930)
(0.07033 -0.04120 0.09094)
(0.05747 -0.03417 0.08922)
(0.05289 -0.03700 0.10112)
(0.03419 -0.03720 0.09873)
(0.02978 -0.04101 0.10673)
(-0.00035 -0.03221 0.08254)
(-0.00038 -0.00668 0.01609)
(0.00302 -0.00114 -0.00023)
(-0.00509 0.00187 0.00046)
(-0.02603 0.00896 0.00333)
(-0.01946 0.00660 0.00252)
(-0.02331 0.00753 0.00349)
(0.00379 -0.00458 0.01156)
(0.00465 -0.00356 0.01661)
(0.00388 0.00132 0.01506)
(0.01801 0.00245 0.01851)
(0.01599 0.00492 0.01903)
(0.00876 0.00903 0.03687)
(0.00290 0.02396 0.02471)
(0.00167 0.02675 0.01941)
(0.00006 0.02990 0.01370)
(0.00227 0.02800 0.01758)
(0.00510 0.02900 -0.00328)
(0.00748 0.02701 -0.02258)
(0.01136 0.02386 -0.02813)
(-0.00581 0.04922 -0.06960)
(0.01837 0.01727 -0.03256)
(0.02061 0.02981 -0.08064)
(0.02022 0.03068 -0.08556)
(0.01690 0.04216 -0.11921)
(0.02386 0.03395 -0.11697)
(0.02270 0.03543 -0.11982)
(0.05178 0.00009 -0.10855)
(0.05077 0.00138 -0.10936)
(0.06071 -0.00680 -0.10290)
(0.06119 -0.00804 -0.10311)
(0.07178 -0.01799 -0.09273)
(0.08854 -0.03472 -0.08191)
(0.11986 -0.05823 -0.04723)
(0.11003 -0.05944 -0.05071)
(0.14276 -0.07602 -0.02512)
(0.15917 -0.09748 0.00748)
(0.15865 -0.10120 0.01306)
(0.16489 -0.10231 0.01990)
(0.15574 -0.10821 0.03970)
(0.15613 -0.09409 0.06588)
(0.15139 -0.09436 0.06997)
(0.14851 -0.08769 0.07217)
(0.13826 -0.09060 0.08909)
(0.11266 -0.06931 0.09473)
(0.10938 -0.06522 0.09353)
(0.09256 -0.05950 0.11268)
(0.07556 -0.04965 0.11077)
(0.06999 -0.04668 0.10931)
(0.07238 -0.04989 0.11290)
(0.06764 -0.04708 0.11154)
(0.06216 -0.04451 0.11065)
(0.03340 -0.04307 0.11005)
(0.00232 -0.04301 0.11069)
(0.00366 -0.04127 0.10276)
(-0.00006 -0.01078 0.02581)
(0.00014 0.00331 -0.00779)
(0.00101 -0.00038 -0.00011)
(-0.00734 0.00264 0.00093)
(0.00680 -0.00680 0.00136)
(-0.00421 -0.00207 0.00259)
(0.01491 -0.01258 0.00217)
(0.01071 -0.00974 0.00521)
(0.01989 -0.00693 0.01116)
(0.01990 0.00038 0.01440)
(0.01690 0.00389 0.01485)
(0.00951 0.00984 0.01728)
(0.00505 0.01604 0.01375)
(-0.00032 0.02836 0.01592)
(-0.00213 0.03187 0.01021)
(-0.01875 0.04629 -0.01760)
(-0.00244 0.03415 0.00639)
(-0.01717 0.05775 -0.03856)
(-0.02210 0.05688 -0.05644)
(-0.02717 0.06750 -0.08496)
(-0.00606 0.06372 -0.09874)
(0.00751 0.04855 -0.10040)
(0.00280 0.05205 -0.11986)
(0.01642 0.04297 -0.12241)
(0.00876 0.05187 -0.12744)
(0.01518 0.04401 -0.12549)
(0.01461 0.03438 -0.13022)
(0.01131 0.03803 -0.13926)
(0.05134 0.00003 -0.10906)
(0.04464 0.00169 -0.11336)
(0.04086 -0.00745 -0.11021)
(0.05044 -0.01494 -0.10534)
(0.09456 -0.04594 -0.06963)
(0.09995 -0.05426 -0.06217)
(0.11676 -0.07136 -0.04005)
(0.13444 -0.09261 -0.00997)
(0.15033 -0.10317 0.01012)
(0.15793 -0.10550 0.01923)
(0.14241 -0.11822 0.04290)
(0.14938 -0.10895 0.06288)
(0.14185 -0.11709 0.07465)
(0.14211 -0.10649 0.09002)
(0.13037 -0.10378 0.10407)
(0.12147 -0.08206 0.10816)
(0.10138 -0.07139 0.10962)
(0.10706 -0.08326 0.12105)
(0.09294 -0.06819 0.11422)
(0.07614 -0.05329 0.11526)
(0.06828 -0.04886 0.11402)
(0.05444 -0.05010 0.11883)
(0.03702 -0.04960 0.11794)
(0.00634 -0.04445 0.11303)
(0.01296 -0.04412 0.11455)
(0.00086 -0.01514 0.03583)
(-0.00000 0.00068 -0.00159)
(0.00012 -0.00009 0.00017)
(0.00351 -0.00282 0.00348)
(0.00383 -0.00234 0.00374)
(0.01412 -0.01064 0.00516)
(0.01708 -0.01273 0.00506)
(0.02524 -0.01956 0.00171)
(0.03227 -0.02122 0.00539)
(0.02560 -0.01008 -0.00005)
(0.02317 -0.00743 0.01080)
(0.01872 0.00224 0.01090)
(-0.00035 0.01659 0.00011)
(-0.00873 0.02688 -0.00488)
(-0.01395 0.04258 -0.00812)
(-0.03664 0.06122 -0.04059)
(-0.03256 0.06697 -0.05514)
(-0.04246 0.08054 -0.07118)
(-0.04712 0.08664 -0.08848)
(-0.02420 0.07171 -0.10795)
(-0.05029 0.09259 -0.12201)
(-0.02618 0.07940 -0.13178)
(-0.04033 0.09225 -0.14992)
(-0.03745 0.09055 -0.16080)
(0.00746 0.05287 -0.13049)
(-0.00920 0.05540 -0.15050)
(-0.02879 0.07424 -0.16927)
(0.01264 0.03262 -0.14116)
(0.00443 0.03016 -0.14411)
(0.02047 0.00902 -0.12602)
(0.02087 0.00045 -0.12453)
(0.06342 -0.03483 -0.08894)
(0.05831 -0.04701 -0.07779)
(0.09773 -0.07468 -0.04034)
(0.09069 -0.08780 -0.02918)
(0.08672 -0.10076 -0.01675)
(0.12092 -0.12089 0.01879)
(0.12055 -0.12785 0.03217)
(0.12950 -0.13819 0.06561)
(0.12766 -0.13693 0.06795)
(0.13155 -0.11833 0.09329)
(0.12308 -0.11548 0.10118)
(0.11842 -0.09264 0.11128)
(0.10653 -0.09652 0.12195)
(0.09067 -0.06877 0.12365)
(0.08479 -0.07373 0.12754)
(0.07124 -0.05208 0.11657)
(0.07685 -0.07436 0.13680)
(0.05773 -0.05824 0.12876)
(0.04852 -0.05687 0.12562)
(0.05118 -0.06057 0.13149)
(0.03249 -0.05624 0.12811)
(0.01053 -0.02457 0.05337)
(0.00025 -0.00170 0.00374)
(0.00074 -0.00044 0.00084)
(0.01055 -0.00745 0.00565)
(0.02019 -0.01403 0.00510)
(0.03720 -0.02278 0.00169)
(0.03544 -0.02149 0.00117)
(0.02737 -0.01398 -0.00184)
(0.00953 0.00132 -0.01304)
(0.01814 -0.00561 -0.00264)
(0.00137 0.00955 -0.01367)
(-0.00562 0.02278 -0.01705)
(-0.02626 0.04630 -0.02704)
(-0.04573 0.06533 -0.04441)
(-0.04707 0.07577 -0.05840)
(-0.06608 0.08510 -0.06942)
(-0.04980 0.08265 -0.07623)
(-0.06710 0.10340 -0.10144)
(-0.10377 0.13702 -0.16196)
(-0.07055 0.10977 -0.15248)
(-0.07507 0.12174 -0.17029)
(-0.06783 0.11560 -0.17320)
(-0.05305 0.10243 -0.18100)
(-0.04550 0.09412 -0.17981)
(-0.04250 0.08618 -0.17932)
(-0.02432 0.06338 -0.16393)
(-0.01482 0.04387 -0.15658)
(-0.02453 0.03890 -0.15914)
(-0.02226 0.02749 -0.15150)
(0.01895 -0.01390 -0.11176)
(0.01060 -0.03983 -0.09365)
(0.05669 -0.06194 -0.06366)
(0.06530 -0.08504 -0.04126)
(0.06639 -0.10772 -0.01418)
(0.09615 -0.12142 0.00926)
(0.09111 -0.13132 0.02479)
(0.12603 -0.13883 0.06443)
(0.11704 -0.14121 0.07507)
(0.12721 -0.13101 0.09348)
(0.10577 -0.14183 0.11034)
(0.11411 -0.12198 0.11444)
(0.10498 -0.11136 0.12630)
(0.10607 -0.09792 0.12332)
(0.10115 -0.08590 0.13127)
(0.10019 -0.10004 0.14302)
(0.09320 -0.09243 0.14389)
(0.08031 -0.07813 0.13824)
(0.06613 -0.06422 0.13572)
(0.06028 -0.06241 0.13638)
(0.05030 -0.06181 0.13362)
(0.02599 -0.04294 0.09347)
(0.00946 -0.02148 0.04579)
(0.00123 -0.00323 0.00682)
(-0.00062 0.00032 -0.00103)
(0.00241 -0.00106 0.00371)
(0.01536 -0.00893 0.01255)
(0.03257 -0.02206 0.01186)
(0.03707 -0.02386 0.00400)
(0.03788 -0.02442 0.00056)
(0.03033 -0.01623 -0.00023)
(0.03725 -0.02353 -0.00222)
(0.01582 -0.00186 -0.01591)
(0.00352 0.00742 -0.01706)
(-0.00342 0.01481 -0.01896)
(-0.04338 0.05524 -0.04635)
(-0.03082 0.04804 -0.03782)
(-0.05919 0.07180 -0.05963)
(-0.09652 0.11503 -0.09717)
(-0.09175 0.11280 -0.09977)
(-0.11299 0.13272 -0.11867)
(-0.09603 0.12145 -0.12022)
(-0.11471 0.14539 -0.16832)
(-0.10735 0.14162 -0.17146)
(-0.10955 0.14552 -0.17906)
(-0.10241 0.14573 -0.18695)
(-0.06996 0.11295 -0.19297)
(-0.07540 0.11610 -0.20366)
(-0.08437 0.12391 -0.21961)
(-0.07223 0.10653 -0.20828)
(-0.05058 0.08168 -0.18671)
(-0.04587 0.06579 -0.18323)
(-0.05737 0.06452 -0.18410)
(-0.05609 0.05908 -0.18046)
(-0.00713 0.00435 -0.12905)
(0.00069 -0.03381 -0.09950)
(0.01243 -0.04715 -0.08717)
(0.02182 -0.06290 -0.07272)
(0.02971 -0.09184 -0.03242)
(0.06266 -0.11853 0.00179)
(0.05613 -0.13604 0.02542)
(0.08707 -0.14412 0.04190)
(0.08117 -0.14139 0.06106)
(0.10458 -0.14716 0.10410)
(0.10354 -0.14674 0.10941)
(0.10585 -0.14164 0.11480)
(0.10688 -0.14264 0.11856)
(0.10315 -0.10740 0.13741)
(0.10223 -0.10577 0.14471)
(0.09385 -0.09453 0.14514)
(0.09516 -0.09632 0.14894)
(0.08970 -0.08640 0.14566)
(0.07501 -0.07814 0.14207)
(0.07464 -0.08303 0.14887)
(0.07276 -0.08195 0.14643)
(0.05588 -0.07027 0.14067)
(0.03344 -0.04950 0.09536)
(0.00318 -0.00528 0.01012)
(0.00334 -0.00531 0.01013)
(0.00252 -0.00134 0.00386)
(0.01968 -0.01204 0.01968)
(0.03775 -0.02449 0.00583)
(0.03778 -0.02459 0.00353)
(0.03754 -0.02420 0.00067)
(0.03635 -0.02261 -0.00262)
(0.01871 -0.00427 -0.02015)
(0.00071 0.01210 -0.03121)
(-0.00390 0.01486 -0.02158)
(-0.04590 0.05676 -0.05354)
(-0.06545 0.07666 -0.07243)
(-0.10975 0.12794 -0.11175)
(-0.11802 0.13571 -0.12037)
(-0.12077 0.14029 -0.12702)
(-0.13191 0.15072 -0.15200)
(-0.11865 0.15024 -0.17641)
(-0.13179 0.16025 -0.18165)
(-0.12114 0.15387 -0.18406)
(-0.13916 0.17153 -0.21863)
(-0.13366 0.17003 -0.23600)
(-0.12054 0.16033 -0.22618)
(-0.11245 0.15025 -0.23547)
(-0.12180 0.15848 -0.25328)
(-0.12009 0.15442 -0.25388)
(-0.08134 0.10605 -0.21183)
(-0.06677 0.07340 -0.19321)
(-0.06600 0.06835 -0.18924)
(-0.05692 0.05517 -0.17742)
(-0.04060 0.01275 -0.14338)
(0.00123 -0.04018 -0.09428)
(-0.00119 -0.05290 -0.07974)
(0.00973 -0.08391 -0.04549)
(0.03096 -0.10383 -0.01944)
(0.04661 -0.13460 0.02130)
(0.05772 -0.14031 0.03300)
(0.05844 -0.14446 0.03914)
(0.10063 -0.15143 0.10427)
(0.10026 -0.15196 0.10864)
(0.10402 -0.14715 0.11410)
(0.10555 -0.14876 0.11885)
(0.10571 -0.12918 0.13590)
(0.10927 -0.12576 0.15009)
(0.10135 -0.11742 0.15731)
(0.09914 -0.11069 0.15719)
(0.08959 -0.09089 0.15363)
(0.08278 -0.09411 0.15472)
(0.07949 -0.09139 0.15322)
(0.05720 -0.07672 0.14655)
(0.04018 -0.05825 0.11132)
(0.02118 -0.03210 0.06132)
(0.04184 -0.06053 0.11484)
(0.00556 -0.00867 0.01653)
(0.00061 -0.00031 0.00105)
(0.00500 -0.00263 0.00797)
(0.00312 -0.00158 0.00547)
(0.01306 -0.00729 0.01901)
(0.02495 -0.01357 0.02260)
(0.03135 -0.01845 0.01476)
(0.03796 -0.02540 0.00466)
(0.03629 -0.02402 0.00134)
(0.03724 -0.02411 0.00101)
(0.01913 -0.00346 -0.01766)
(0.01788 -0.00491 -0.02528)
(0.00707 0.00890 -0.03068)
(-0.02510 0.03914 -0.05395)
(-0.05129 0.06284 -0.06459)
(-0.07592 0.08693 -0.08348)
(-0.10289 0.11580 -0.10205)
(-0.12389 0.14015 -0.12283)
(-0.12682 0.14432 -0.12941)
(-0.14817 0.16430 -0.14984)
(-0.18558 0.20024 -0.20530)
(-0.13423 0.16369 -0.18850)
(-0.17402 0.19984 -0.24346)
(-0.17740 0.20365 -0.26763)
(-0.14614 0.17760 -0.25633)
(-0.13766 0.17210 -0.26560)
(-0.12915 0.16249 -0.26216)
(-0.11166 0.13666 -0.24257)
(-0.09721 0.10502 -0.22420)
(-0.07638 0.07929 -0.19960)
(-0.06656 0.06254 -0.18427)
(-0.07456 0.03782 -0.16090)
(-0.03025 -0.01863 -0.10988)
(-0.03303 -0.03588 -0.08986)
(-0.02434 -0.06035 -0.06911)
(0.01180 -0.10191 -0.02424)
(0.03052 -0.13171 0.01195)
(0.04935 -0.13953 0.03024)
(0.05171 -0.14556 0.03860)
(0.07396 -0.15351 0.08015)
(0.09420 -0.16519 0.10453)
(0.10136 -0.15285 0.11354)
(0.10185 -0.15906 0.12569)
(0.10832 -0.14945 0.13804)
(0.10283 -0.15271 0.14983)
(0.10842 -0.13311 0.15657)
(0.10529 -0.12543 0.15808)
(0.10352 -0.11903 0.15903)
(0.09449 -0.11050 0.15888)
(0.07205 -0.09033 0.15751)
(0.06013 -0.07974 0.15026)
(0.05928 -0.08096 0.15144)
(0.05629 -0.08023 0.15049)
(0.03666 -0.05403 0.10208)
(0.00570 -0.00949 0.01798)
(-0.00445 0.00761 -0.01452)
(0.00022 -0.00008 0.00069)
(0.00290 -0.00117 0.00836)
(0.02533 -0.01542 0.02889)
(0.01394 -0.00802 0.02157)
(0.02948 -0.01914 0.03411)
(0.03057 -0.01948 0.02149)
(0.03468 -0.02452 0.01517)
(0.03542 -0.02244 0.00152)
(0.02845 -0.01361 -0.00997)
(0.01321 0.00288 -0.02964)
(0.00927 0.00840 -0.03147)
(-0.01479 0.03054 -0.04339)
(-0.04873 0.06570 -0.06239)
(-0.08943 0.10366 -0.08930)
(-0.11153 0.12237 -0.10717)
(-0.13208 0.14183 -0.12065)
(-0.17018 0.18048 -0.15917)
(-0.13295 0.14932 -0.13180)
(-0.16633 0.17940 -0.16344)
(-0.20904 0.22152 -0.21133)
(-0.19255 0.21064 -0.22071)
(-0.19568 0.21373 -0.25367)
(-0.19743 0.21941 -0.27099)
(-0.17248 0.19890 -0.27594)
(-0.18054 0.20550 -0.29056)
(-0.17985 0.19687 -0.30060)
(-0.14349 0.15979 -0.27284)
(-0.13447 0.14007 -0.25613)
(-0.13377 0.13553 -0.25563)
(-0.10771 0.08960 -0.20909)
(-0.08976 0.05205 -0.17377)
(-0.07360 0.02206 -0.14641)
(-0.05769 -0.01661 -0.11074)
(-0.05197 -0.03387 -0.09378)
(-0.01903 -0.08106 -0.04766)
(-0.01610 -0.09211 -0.02888)
(0.04119 -0.13766 0.02770)
(0.03895 -0.15283 0.04588)
(0.05442 -0.16706 0.06792)
(0.05817 -0.17649 0.08648)
(0.07711 -0.17610 0.11007)
(0.08368 -0.17432 0.11764)
(0.09884 -0.16942 0.14021)
(0.10441 -0.16175 0.15450)
(0.10364 -0.14392 0.15934)
(0.09596 -0.13857 0.16688)
(0.09854 -0.12209 0.16605)
(0.08008 -0.11395 0.17026)
(0.08066 -0.10870 0.16477)
(0.07488 -0.10771 0.17434)
(0.06724 -0.09432 0.17184)
(0.05316 -0.08150 0.14862)
(0.03150 -0.05038 0.09190)
(0.00854 -0.01436 0.02680)
(-0.00305 0.00576 -0.01124)
(0.00173 -0.00042 0.00586)
(0.01104 -0.00402 0.03119)
(0.02858 -0.01854 0.03102)
(0.03364 -0.02494 0.01916)
(0.03774 -0.02926 0.01169)
(0.03405 -0.02217 0.00805)
(0.02367 -0.00631 -0.00839)
(0.02837 -0.01391 -0.00870)
(0.01713 0.00040 -0.02115)
(0.00025 0.01815 -0.03202)
(0.00677 0.01147 -0.03430)
(-0.02317 0.04194 -0.04941)
(-0.04872 0.06668 -0.06477)
(-0.06679 0.08608 -0.07513)
(-0.08028 0.09787 -0.08216)
(-0.11447 0.12560 -0.10904)
(-0.10175 0.11678 -0.09706)
(-0.14440 0.15269 -0.12899)
(-0.17885 0.18340 -0.15737)
(-0.19336 0.20314 -0.18891)
(-0.21077 0.22282 -0.21529)
(-0.22115 0.23462 -0.22357)
(-0.22190 0.23528 -0.27017)
(-0.23843 0.25031 -0.30712)
(-0.20158 0.22254 -0.29691)
(-0.19787 0.21760 -0.30101)
(-0.19881 0.20667 -0.31680)
(-0.17914 0.18900 -0.30107)
(-0.16417 0.16967 -0.28309)
(-0.15033 0.14818 -0.26894)
(-0.12481 0.10867 -0.22476)
(-0.11658 0.08584 -0.20119)
(-0.08994 0.03711 -0.15906)
(-0.08651 0.01639 -0.13442)
(-0.08404 -0.01078 -0.10589)
(-0.03840 -0.06280 -0.06049)
(-0.02992 -0.08494 -0.03135)
(-0.00672 -0.12654 0.00650)
(0.00486 -0.14700 0.03262)
(0.03326 -0.16289 0.05608)
(0.05144 -0.18276 0.08036)
(0.05303 -0.18748 0.09347)
(0.07397 -0.18368 0.11757)
(0.06717 -0.19197 0.12052)
(0.08820 -0.17103 0.14072)
(0.09836 -0.15929 0.15865)
(0.08172 -0.16484 0.16811)
(0.08235 -0.15960 0.17081)
(0.08334 -0.14741 0.17237)
(0.08024 -0.15640 0.17363)
(0.08108 -0.13213 0.17413)
(0.07015 -0.11047 0.17716)
(0.06715 -0.10757 0.17541)
(0.05563 -0.09296 0.16287)
(0.01603 -0.02974 0.05311)
(0.00208 -0.00497 0.00893)
(-0.00079 0.00191 -0.00345)
(0.00031 -0.00007 0.00114)
(0.00523 -0.00146 0.01770)
(0.01534 -0.00592 0.04415)
(0.02537 -0.01500 0.03511)
(0.02913 -0.01697 0.02095)
(0.02794 -0.01397 0.01744)
(0.02998 -0.01470 0.00729)
(0.01646 0.00262 -0.01674)
(0.01327 0.00712 -0.02192)
(0.00956 0.01234 -0.02572)
(-0.02270 0.04196 -0.05139)
(-0.06624 0.08682 -0.07475)
(-0.07806 0.09689 -0.08134)
(-0.08975 0.10812 -0.08782)
(-0.14261 0.15505 -0.12763)
(-0.16833 0.17864 -0.15472)
(-0.19952 0.20315 -0.18929)
(-0.22029 0.22600 -0.22273)
(-0.22348 0.23314 -0.23509)
(-0.22789 0.23794 -0.24300)
(-0.23580 0.24680 -0.28105)
(-0.24307 0.25381 -0.31034)
(-0.23753 0.24968 -0.31523)
(-0.23043 0.24294 -0.31820)
(-0.21418 0.22256 -0.32387)
(-0.19721 0.20335 -0.31448)
(-0.18312 0.19028 -0.30472)
(-0.17575 0.17347 -0.28999)
(-0.14650 0.12938 -0.24117)
(-0.14687 0.11745 -0.22377)
(-0.12195 0.07482 -0.18817)
(-0.09898 0.02459 -0.13896)
(-0.08976 -0.00184 -0.11115)
(-0.08018 -0.02070 -0.09510)
(-0.05849 -0.05335 -0.06008)
(-0.01817 -0.12313 0.00302)
(-0.00879 -0.13016 0.00900)
(-0.00436 -0.13543 0.02145)
(0.02636 -0.16781 0.06616)
(0.04487 -0.18753 0.09339)
(0.05169 -0.18781 0.10145)
(0.05265 -0.18780 0.10516)
(0.06553 -0.17669 0.12322)
(0.07429 -0.16746 0.15602)
(0.07777 -0.16065 0.17127)
(0.08223 -0.14860 0.17624)
(0.07692 -0.13567 0.17655)
(0.06282 -0.12752 0.17076)
(0.06543 -0.11809 0.17564)
(0.05992 -0.10865 0.17677)
(0.05125 -0.09424 0.15324)
(0.01559 -0.03138 0.05679)
(0.00112 -0.00228 0.00409)
(0.00021 0.00001 0.00062)
(0.00684 -0.00007 0.01810)
(0.02090 -0.00521 0.02979)
(0.03103 -0.01280 0.02582)
(0.02958 -0.01348 0.02601)
(0.02503 -0.01031 0.01369)
(0.01956 -0.00159 0.00526)
(0.02579 -0.01064 0.00987)
(0.01584 0.00412 -0.01615)
(0.01284 0.00823 -0.02108)
(0.01253 0.00942 -0.02050)
(0.00883 0.01398 -0.02519)
(0.00555 0.01765 -0.02933)
(-0.05482 0.08013 -0.06816)
(-0.07569 0.09605 -0.08012)
(-0.08668 0.10662 -0.08645)
(-0.14126 0.15654 -0.13239)
(-0.15796 0.17149 -0.14828)
(-0.19720 0.20802 -0.19543)
(-0.21890 0.23018 -0.22560)
(-0.22400 0.23518 -0.23651)
(-0.23587 0.24642 -0.28054)
(-0.24607 0.25654 -0.31336)
(-0.24256 0.25356 -0.31792)
(-0.24278 0.25388 -0.32420)
(-0.23422 0.24226 -0.33580)
(-0.20571 0.21071 -0.32005)
(-0.20640 0.20832 -0.31573)
(-0.17899 0.16548 -0.27609)
(-0.14387 0.10982 -0.21464)
(-0.13092 0.07938 -0.18802)
(-0.08602 -0.01118 -0.10169)
(-0.04728 -0.07553 -0.03640)
(-0.03096 -0.10827 -0.01228)
(-0.00225 -0.14754 0.03825)
(0.04555 -0.18661 0.09617)
(0.05271 -0.18862 0.10814)
(0.07463 -0.16483 0.16829)
(0.06805 -0.14373 0.17115)
(0.01724 -0.03757 0.06159)
(0.00107 0.00023 0.00345)
(0.01203 -0.00089 0.02178)
(0.02937 -0.00938 0.02338)
(0.01947 -0.00144 0.03102)
(0.02971 -0.00819 0.02177)
(0.03074 -0.01058 0.01953)
(0.02132 0.00225 0.00620)
(0.01547 0.00557 -0.01578)
(0.01254 0.01062 -0.02035)
(0.00825 0.01561 -0.02500)
(-0.00082 0.02823 -0.03407)
(-0.03735 0.06946 -0.05987)
(-0.05746 0.09012 -0.07090)
(-0.07498 0.10043 -0.08064)
(-0.12332 0.14708 -0.11944)
(-0.13187 0.14869 -0.12590)
(-0.15561 0.17125 -0.14734)
(-0.19723 0.21032 -0.19057)
(-0.18199 0.19935 -0.17955)
(-0.21520 0.22766 -0.22331)
(-0.22033 0.23295 -0.23536)
(-0.23251 0.24202 -0.26317)
(-0.24487 0.25743 -0.30857)
(-0.24657 0.25801 -0.32080)
(-0.24621 0.25700 -0.32561)
(-0.22767 0.23601 -0.33790)
(-0.00180 -0.00108 -0.00466)
(0.00560 0.00203 0.01172)
(0.02226 0.00427 0.03395)
(0.02590 -0.00082 0.03285)
(0.02745 -0.00486 0.02229)
(0.02839 -0.00530 0.01506)
(0.02169 0.00355 0.00558)
(0.02063 0.00628 -0.00084)
(0.02112 0.00635 0.00023)
(0.01438 0.01206 -0.01970)
(0.00204 0.02780 -0.03049)
(-0.00930 0.04153 -0.03929)
(-0.04219 0.07827 -0.06181)
(-0.04447 0.08182 -0.06323)
(-0.08170 0.11284 -0.09123)
(-0.10983 0.13793 -0.11326)
(-0.14917 0.16876 -0.14520)
(-0.16866 0.19041 -0.17286)
(-0.20668 0.22283 -0.21821)
(-0.23062 0.24605 -0.26636)
(-0.24058 0.25832 -0.29767)
(-0.00201 -0.00125 -0.00426)
(0.00144 0.00087 0.00297)
(0.01038 0.00655 0.01957)
(0.02329 0.00722 0.03073)
(0.02388 0.00659 0.02761)
(0.02671 0.00602 0.01718)
(0.02169 0.00753 0.00023)
(0.01465 0.01962 -0.01789)
(0.00727 0.02756 -0.02947)
(-0.01063 0.04686 -0.04024)
(-0.03653 0.07269 -0.05846)
(-0.04703 0.08321 -0.06545)
(-0.07042 0.10433 -0.08482)
(-0.10670 0.14053 -0.11559)
(-0.12984 0.15917 -0.13085)
(-0.14015 0.17052 -0.14622)
(-0.18221 0.20307 -0.19091)
(0.00055 0.00037 0.00090)
(0.01327 0.00685 0.01662)
(0.01898 0.00654 0.02386)
(0.02459 0.00802 0.02875)
(0.02487 0.00723 0.02462)
(0.02554 0.00771 0.02221)
(0.02585 0.01060 0.00645)
(0.02129 0.01697 -0.00791)
(0.01262 0.02385 -0.01740)
(0.01409 0.02616 -0.01946)
(-0.00125 0.04106 -0.03965)
(-0.01155 0.05164 -0.04612)
(-0.02143 0.06277 -0.05115)
(-0.01904 0.06224 -0.05709)
(-0.04069 0.08031 -0.06618)
(-0.07981 0.11524 -0.09212)
(0.00149 0.00116 0.00215)
(0.02108 0.01014 0.02416)
(0.02570 0.00854 0.02651)
(0.03063 0.01633 0.01931)
(0.02777 0.01110 0.01668)
(0.02622 0.01369 0.00681)
(0.02661 0.01489 -0.00722)
(0.01529 0.02557 -0.01877)
(-0.00286 0.04640 -0.04870)
(-0.01323 0.05660 -0.05425)
(-0.00036 -0.00026 -0.00035)
(0.01102 0.00632 0.00812)
(0.02448 0.01453 0.01338)
(-0.20375 0.20271 -0.31326)
(-0.15391 0.12567 -0.23043)
(-0.09589 0.00795 -0.11752)
(-0.08047 -0.02580 -0.08479)
(-0.01740 -0.12414 0.00920)
(0.02953 -0.17453 0.07637)
(0.04655 -0.18691 0.10010)
(0.06077 -0.17835 0.13131)
(0.06545 -0.15975 0.16053)
(0.05847 -0.13773 0.17052)
(0.05931 -0.12505 0.16959)
(0.04773 -0.09978 0.15338)
(0.04557 -0.09638 0.15052)
(0.04314 -0.09247 0.14730)
(0.00380 -0.00834 0.01385)
(-0.24951 0.25552 -0.33904)
(-0.22412 0.22615 -0.33353)
(-0.20874 0.21118 -0.32184)
(-0.20006 0.19070 -0.29680)
(-0.16677 0.14152 -0.24814)
(-0.14959 0.11730 -0.22076)
(-0.13981 0.09198 -0.19205)
(-0.12514 0.06566 -0.16259)
(-0.09214 -0.00073 -0.10911)
(-0.09384 0.00125 -0.10259)
(-0.05338 -0.06728 -0.04376)
(-0.03805 -0.09949 -0.01647)
(-0.02296 -0.11636 0.00141)
(-0.01364 -0.13078 0.01299)
(0.00095 -0.15366 0.04265)
(0.03935 -0.18429 0.08950)
(0.04077 -0.18507 0.09400)
(0.04634 -0.18716 0.10581)
(0.04658 -0.18722 0.12450)
(0.06147 -0.17473 0.15630)
(0.05330 -0.16537 0.15598)
(0.05674 -0.15242 0.16100)
(0.05431 -0.14379 0.15904)
(0.04788 -0.11673 0.15707)
(0.04436 -0.09823 0.14902)
(0.04133 -0.09209 0.14401)
(0.01522 -0.03401 0.05484)
(0.00149 -0.00333 0.00545)
(-0.24709 0.26438 -0.32503)
(-0.25448 0.26456 -0.34191)
(-0.25563 0.26459 -0.34476)
(-0.25516 0.25997 -0.35065)
(-0.24062 0.24448 -0.34402)
(-0.23188 0.22959 -0.32601)
(-0.20925 0.20205 -0.30216)
(-0.19463 0.17815 -0.27843)
(-0.15513 0.12535 -0.22781)
(-0.17871 0.15225 -0.25083)
(-0.14883 0.11020 -0.20710)
(-0.13567 0.08601 -0.17123)
(-0.10888 0.03328 -0.12859)
(-0.09922 0.01205 -0.11079)
(-0.07286 -0.03711 -0.06701)
(-0.05911 -0.06631 -0.04042)
(-0.04885 -0.08226 -0.02834)
(-0.01679 -0.13067 0.01022)
(-0.00823 -0.14673 0.02277)
(0.01350 -0.16465 0.05528)
(0.02080 -0.17643 0.06609)
(0.03226 -0.18778 0.09812)
(0.03735 -0.19284 0.12004)
(0.03859 -0.18298 0.12236)
(0.05143 -0.16896 0.14369)
(0.05570 -0.15602 0.15462)
(0.04562 -0.15680 0.14479)
(0.04664 -0.13831 0.15339)
(0.04602 -0.12730 0.15112)
(0.04233 -0.12635 0.14386)
(0.04380 -0.10197 0.14889)
(0.03918 -0.09057 0.13826)
(0.01867 -0.04260 0.06750)
(0.00362 -0.00914 0.01485)
(-0.00138 0.00346 -0.00569)
(-0.20070 0.22493 -0.22922)
(-0.22530 0.24435 -0.26737)
(-0.23499 0.25331 -0.29184)
(-0.24802 0.26497 -0.31951)
(-0.25623 0.26729 -0.33892)
(-0.25494 0.26836 -0.34686)
(-0.25313 0.25783 -0.34798)
(-0.24630 0.25012 -0.34061)
(-0.23796 0.23252 -0.32523)
(-0.23145 0.22293 -0.31590)
(-0.20661 0.19572 -0.29313)
(-0.19034 0.16834 -0.26674)
(-0.15994 0.13393 -0.23188)
(-0.15632 0.12366 -0.21525)
(-0.13303 0.08160 -0.16718)
(-0.10927 0.04459 -0.13219)
(-0.10137 0.02669 -0.11941)
(-0.07859 -0.02691 -0.07180)
(-0.07020 -0.04152 -0.06186)
(-0.04672 -0.09023 -0.02577)
(-0.03257 -0.11076 -0.01094)
(-0.01824 -0.13123 0.00249)
(-0.00279 -0.15520 0.02926)
(0.01118 -0.17177 0.05463)
(0.02440 -0.18057 0.07711)
(0.01483 -0.17510 0.06845)
(0.02907 -0.18066 0.09555)
(0.03055 -0.17218 0.11404)
(0.04202 -0.17270 0.13064)
(0.03631 -0.16073 0.13022)
(0.04133 -0.14707 0.14313)
(0.04160 -0.11707 0.14339)
(0.03496 -0.12623 0.13308)
(0.03569 -0.10285 0.13445)
(0.03081 -0.08611 0.11768)
(0.00314 -0.00854 0.01331)
(-0.00267 0.00691 -0.01136)
(0.02081 -0.06600 0.09061)
(-0.10356 0.13811 -0.11388)
(-0.11446 0.14776 -0.12340)
(-0.12060 0.15374 -0.13089)
(-0.16455 0.19196 -0.18128)
(-0.19657 0.22204 -0.22567)
(-0.20419 0.22664 -0.23674)
(-0.21179 0.23343 -0.24380)
(-0.22414 0.24455 -0.27189)
(-0.23713 0.25477 -0.29997)
(-0.24746 0.26252 -0.32559)
(-0.25395 0.26587 -0.34480)
(-0.25531 0.26514 -0.34678)
(-0.24699 0.24900 -0.33732)
(-0.23282 0.22594 -0.31935)
(-0.22695 0.21915 -0.31309)
(-0.19666 0.18420 -0.28554)
(-0.18063 0.15396 -0.25191)
(-0.15842 0.13651 -0.23577)
(-0.14118 0.09829 -0.18675)
(-0.15402 0.13604 -0.23193)
(-0.10986 0.04583 -0.13514)
(-0.10468 0.03615 -0.12734)
(-0.09708 0.01883 -0.11296)
(-0.06078 -0.05626 -0.05448)
(-0.04165 -0.09939 -0.01974)
(-0.04547 -0.09093 -0.02607)
(-0.02974 -0.11722 -0.01391)
(-0.00750 -0.15213 0.02239)
(-0.01120 -0.14149 0.00879)
(0.00476 -0.16621 0.03381)
(0.01001 -0.16858 0.04328)
(0.01494 -0.17532 0.06501)
(0.02744 -0.16574 0.10021)
(0.03473 -0.16555 0.12580)
(0.03483 -0.16045 0.12688)
(0.03602 -0.15559 0.13025)
(0.02945 -0.11954 0.12139)
(0.03006 -0.11149 0.12329)
(0.02732 -0.09909 0.12432)
(0.01417 -0.04811 0.06974)
(0.00173 -0.00555 0.00857)
(0.00575 -0.02455 0.03938)
(0.00108 -0.00454 0.00752)
(-0.01760 0.06122 -0.05734)
(-0.02291 0.06624 -0.05962)
(-0.04868 0.08935 -0.07845)
(-0.10076 0.13592 -0.11208)
(-0.11003 0.14420 -0.12063)
(-0.10572 0.14067 -0.11746)
(-0.11638 0.15031 -0.12811)
(-0.16061 0.19205 -0.18630)
(-0.13530 0.16755 -0.15119)
(-0.16805 0.19817 -0.19945)
(-0.18922 0.21739 -0.22736)
(-0.21711 0.23897 -0.27460)
(-0.21810 0.24148 -0.28434)
(-0.23746 0.25692 -0.31573)
(-0.25373 0.26564 -0.34391)
(-0.25449 0.26466 -0.34552)
(-0.25438 0.26328 -0.34605)
(-0.24858 0.25329 -0.34081)
(-0.23432 0.22869 -0.32255)
(-0.22909 0.22243 -0.31665)
(-0.20812 0.20301 -0.30915)
(-0.18337 0.16741 -0.26948)
(-0.16085 0.14732 -0.24728)
(-0.15626 0.14119 -0.23938)
(-0.12320 0.07098 -0.16096)
(-0.10755 0.04455 -0.13446)
(-0.09981 0.02663 -0.11952)
(-0.10273 0.03499 -0.12660)
(-0.07474 -0.02193 -0.08344)
(-0.05606 -0.04456 -0.08713)
(-0.02687 -0.10420 -0.04586)
(-0.02242 -0.11408 -0.03839)
(0.00589 -0.16392 0.03163)
(0.00926 -0.16732 0.03900)
(0.01250 -0.17123 0.05020)
(0.02198 -0.16517 0.07910)
(0.03336 -0.16500 0.12285)
(0.03355 -0.16021 0.12401)
(0.03483 -0.15536 0.12752)
(0.03000 -0.14372 0.12524)
(0.02568 -0.11458 0.11949)
(0.02043 -0.08418 0.11082)
(0.00467 -0.02202 0.03317)
(-0.00101 0.00440 -0.00693)
(0.00034 -0.00156 0.00244)
(0.03744 0.01876 0.01389)
(0.03122 0.02065 -0.00338)
(0.02913 0.01749 -0.00380)
(0.02812 0.02038 -0.02001)
(0.02527 0.02342 -0.02707)
(0.02085 0.02984 -0.03300)
(0.00192 0.04349 -0.04292)
(-0.01197 0.05576 -0.05459)
(-0.01084 0.05526 -0.05543)
(-0.01629 0.06044 -0.05789)
(-0.02200 0.06573 -0.06015)
(-0.04303 0.08636 -0.07774)
(-0.08098 0.12014 -0.10282)
(-0.09068 0.12663 -0.11099)
(-0.12138 0.15721 -0.14192)
(-0.15779 0.18962 -0.18921)
(-0.18394 0.21203 -0.22192)
(-0.20866 0.23316 -0.26865)
(-0.21513 0.23819 -0.27859)
(-0.22923 0.24986 -0.30160)
(-0.23944 0.25522 -0.31822)
(-0.25421 0.26443 -0.34448)
(-0.25408 0.26293 -0.34511)
(-0.25188 0.25500 -0.34209)
(-0.23677 0.23597 -0.33269)
(-0.22245 0.22143 -0.32641)
(-0.20842 0.20769 -0.31909)
(-0.19098 0.18098 -0.28507)
(-0.16369 0.15272 -0.25509)
(-0.15874 0.14654 -0.24755)
(-0.14087 0.11121 -0.20855)
(-0.11934 0.07501 -0.16744)
(-0.11945 0.06861 -0.15672)
(-0.08600 0.01168 -0.11941)
(-0.07311 -0.01461 -0.10152)
(-0.05561 -0.04104 -0.09725)
(-0.03764 -0.07581 -0.07386)
(-0.02474 -0.09620 -0.06702)
(-0.01807 -0.11566 -0.03424)
(-0.00386 -0.14758 0.01130)
(0.00730 -0.16471 0.03082)
(0.01000 -0.16761 0.03869)
(0.01169 -0.16999 0.04672)
(0.01678 -0.16934 0.06401)
(0.02900 -0.16651 0.11259)
(0.02071 -0.15896 0.09383)
(0.02556 -0.15322 0.11309)
(0.02066 -0.13353 0.11531)
(0.02285 -0.11929 0.11636)
(0.02270 -0.10614 0.11580)
(0.02004 -0.09448 0.10992)
(0.01222 -0.06113 0.08221)
(0.00238 -0.01205 0.01853)
(0.00243 0.00133 0.00141)
(0.00626 0.00309 0.00294)
(0.03463 0.02011 0.00903)
(0.03298 0.01973 -0.00391)
(0.02880 0.02207 -0.01653)
(0.02855 0.02236 -0.02061)
(0.01678 0.02768 -0.03573)
(0.00944 0.03282 -0.04335)
(0.00057 0.04137 -0.05070)
(0.00008 0.04175 -0.05003)
(-0.01824 0.05814 -0.06378)
(-0.03977 0.07431 -0.07811)
(-0.04347 0.08198 -0.07719)
(-0.06509 0.10325 -0.09010)
(-0.07487 0.11319 -0.09608)
(-0.12264 0.15422 -0.13818)
(-0.13191 0.16255 -0.14846)
(-0.15514 0.18846 -0.18162)
(-0.17862 0.20798 -0.21217)
(-0.20201 0.22801 -0.25084)
(-0.21702 0.24106 -0.26056)
(-0.23407 0.25460 -0.29908)
(-0.24583 0.26194 -0.31015)
(-0.25717 0.26827 -0.33731)
(-0.26446 0.26983 -0.33697)
(-0.25930 0.26617 -0.33901)
(-0.24772 0.24849 -0.34315)
(-0.23681 0.23730 -0.33525)
(-0.23200 0.22571 -0.32852)
(-0.20418 0.19711 -0.30761)
(-0.19817 0.19013 -0.29984)
(-0.18936 0.17848 -0.28659)
(-0.15747 0.14406 -0.24105)
(-0.13919 0.12186 -0.21756)
(-0.12806 0.10282 -0.19991)
(-0.09387 0.04003 -0.15185)
(-0.07525 -0.00093 -0.11869)
(-0.06891 -0.01393 -0.10606)
(-0.04463 -0.06015 -0.08720)
(-0.02826 -0.09035 -0.05414)
(-0.01644 -0.11252 -0.02491)
(-0.00042 -0.14518 0.01616)
(0.01256 -0.16070 0.06264)
(0.00170 -0.14264 0.03958)
(0.01472 -0.16744 0.08026)
(0.01072 -0.14640 0.08719)
(0.01704 -0.14034 0.10930)
(0.01568 -0.12857 0.11209)
(0.01905 -0.11464 0.11689)
(0.01302 -0.09927 0.10602)
(0.00793 -0.06335 0.08099)
(0.00366 -0.03120 0.04112)
(0.00132 -0.01157 0.01556)
(0.00186 0.00102 0.00061)
(0.02787 0.01943 -0.00323)
(0.03002 0.02279 -0.01373)
(0.01870 0.02742 -0.02902)
(0.01765 0.02772 -0.03066)
(0.01564 0.02831 -0.03362)
(0.01205 0.03057 -0.04467)
(0.01014 0.03113 -0.04124)
(-0.00096 0.04133 -0.05407)
(-0.00883 0.04909 -0.06384)
(-0.02898 0.06051 -0.07160)
(-0.04063 0.07227 -0.07843)
(-0.05588 0.08814 -0.08699)
(-0.06714 0.10489 -0.09221)
(-0.08726 0.11983 -0.10786)
(-0.11116 0.14337 -0.12828)
(-0.14575 0.16880 -0.16093)
(-0.16221 0.19003 -0.18124)
(-0.19254 0.21825 -0.22787)
(-0.22896 0.25103 -0.25979)
(-0.23925 0.25836 -0.28397)
(-0.24516 0.26105 -0.29544)
(-0.25513 0.26798 -0.32046)
(-0.25460 0.26972 -0.30750)
(-0.26614 0.27402 -0.33245)
(-0.26322 0.27143 -0.33558)
(-0.24958 0.24989 -0.34279)
(-0.24557 0.24532 -0.34206)
(-0.24665 0.23849 -0.34013)
(-0.22930 0.22180 -0.32672)
(-0.24362 0.23496 -0.33889)
(-0.20234 0.19511 -0.30697)
(-0.19914 0.19091 -0.30315)
(-0.20137 0.18347 -0.28663)
(-0.17919 0.16676 -0.26886)
(-0.15822 0.14200 -0.24148)
(-0.13518 0.12181 -0.21737)
(-0.12273 0.10392 -0.20962)
(-0.10912 0.06586 -0.17522)
(-0.09854 0.05055 -0.16225)
(-0.07788 0.02187 -0.14275)
(-0.05956 -0.02718 -0.10054)
(-0.06763 -0.00500 -0.11997)
(-0.05398 -0.03180 -0.09032)
(-0.03954 -0.05580 -0.07127)
(-0.01134 -0.11601 -0.01339)
(0.00247 -0.13203 0.02546)
(0.00814 -0.14775 0.06868)
(0.00571 -0.13316 0.04165)
(0.01259 -0.14808 0.07927)
(0.00867 -0.12060 0.09316)
(0.01161 -0.12627 0.09772)
(0.00911 -0.11379 0.09878)
(0.01264 -0.10862 0.10818)
(0.01069 -0.09760 0.10365)
(0.00851 -0.11162 0.09935)
(0.00766 -0.07569 0.08297)
(0.00085 -0.01478 0.02010)
(0.00055 0.00031 0.00004)
(0.01971 0.01653 -0.00786)
(0.01233 0.02178 -0.02482)
(0.01441 0.02930 -0.03533)
(0.01184 0.03022 -0.03862)
(0.00932 0.03134 -0.04072)
(0.00713 0.03233 -0.04347)
(-0.00954 0.04533 -0.06420)
(-0.03061 0.06471 -0.07982)
(-0.05273 0.07653 -0.08842)
(-0.05645 0.09001 -0.09259)
(-0.08347 0.11063 -0.11115)
(-0.09779 0.12033 -0.12099)
(-0.11866 0.14527 -0.13808)
(-0.15920 0.17902 -0.17030)
(-0.16499 0.18624 -0.17774)
(-0.17280 0.19307 -0.18500)
(-0.18900 0.21598 -0.21971)
(-0.23046 0.25216 -0.25677)
(-0.23544 0.25625 -0.26657)
(-0.24203 0.26268 -0.27673)
(-0.25787 0.27300 -0.29961)
(-0.26426 0.27448 -0.31291)
(-0.26885 0.27444 -0.32950)
(-0.26525 0.26858 -0.33885)
(-0.25788 0.25920 -0.33361)
(-0.25169 0.24261 -0.34242)
(-0.24957 0.24011 -0.34217)
(-0.24039 0.23222 -0.33904)
(-0.21918 0.21182 -0.32300)
(-0.20190 0.19460 -0.30134)
(-0.17762 0.16769 -0.27331)
(-0.16259 0.15286 -0.25094)
(-0.13250 0.12370 -0.23461)
(-0.11477 0.09777 -0.20307)
(-0.10909 0.08944 -0.19796)
(-0.07799 0.03515 -0.15857)
(-0.05843 -0.01896 -0.09981)
(-0.05495 -0.02614 -0.09066)
(-0.01313 -0.10138 -0.03038)
(-0.02618 -0.06722 -0.05471)
(-0.00935 -0.11215 0.00473)
(0.00305 -0.10430 0.01976)
(0.01059 -0.12986 0.05447)
(0.00454 -0.10582 0.02894)
(0.00764 -0.12171 0.07996)
(0.00799 -0.11418 0.09249)
(0.00794 -0.11202 0.09622)
(0.01052 -0.09646 0.09530)
(0.00563 -0.06899 0.07345)
(0.00694 -0.10233 0.09101)
(0.00111 -0.02116 0.02556)
(0.00021 -0.00423 0.00514)
(-0.00076 -0.00048 -0.00009)
(0.00671 0.01089 -0.01055)
(0.00777 0.01752 -0.01683)
(0.01097 0.03075 -0.03848)
(0.00421 0.03319 -0.04471)
(-0.02546 0.05474 -0.07785)
(-0.03906 0.06574 -0.08482)
(-0.05529 0.07323 -0.09172)
(-0.09301 0.11041 -0.12310)
(-0.10194 0.11613 -0.12841)
(-0.10488 0.12020 -0.12902)
(-0.12278 0.14085 -0.14081)
(-0.16477 0.18086 -0.17389)
(-0.16829 0.18686 -0.17866)
(-0.17656 0.19441 -0.18601)
(-0.21350 0.23249 -0.22842)
(-0.23638 0.25728 -0.26188)
(-0.25045 0.26662 -0.26857)
(-0.26605 0.27993 -0.28257)
(-0.26613 0.27798 -0.30282)
(-0.27753 0.28252 -0.31394)
(-0.27092 0.27302 -0.33100)
(-0.27069 0.27135 -0.33363)
(-0.26646 0.26167 -0.33913)
(-0.25512 0.24463 -0.34414)
(-0.24738 0.23799 -0.34228)
(-0.23139 0.22943 -0.34007)
(-0.21860 0.22063 -0.32904)
(-0.18554 0.19277 -0.29608)
(-0.20681 0.21808 -0.31756)
(-0.17548 0.19551 -0.29840)
(-0.16367 0.16859 -0.26661)
(-0.12890 0.12509 -0.22287)
(-0.12183 0.11198 -0.21399)
(-0.11604 0.10446 -0.20795)
(-0.11093 0.09850 -0.20192)
(-0.08145 0.05392 -0.15682)
(-0.06368 -0.00518 -0.10780)
(-0.06122 -0.01004 -0.09891)
(-0.04192 -0.02556 -0.07996)
(-0.02193 -0.06645 -0.03507)
(-0.02705 -0.05191 -0.03938)
(0.00014 -0.09418 0.01323)
(0.00276 -0.09720 0.02236)
(0.00615 -0.10665 0.04756)
(0.00516 -0.09952 0.02940)
(0.00814 -0.11302 0.08925)
(0.00796 -0.11178 0.09289)
(0.00868 -0.11093 0.08897)
(0.00679 -0.09384 0.08061)
(0.00269 -0.05346 0.05117)
(0.00062 -0.00926 0.00973)
(-0.00044 0.00548 -0.00570)
(-0.00211 -0.00246 0.00129)
(0.00002 0.00122 -0.00113)
(0.00032 0.01609 -0.01594)
(-0.00217 0.03978 -0.05010)
(-0.02749 0.05183 -0.07329)
(-0.02481 0.05246 -0.07193)
(-0.06161 0.07261 -0.10173)
(-0.05457 0.07010 -0.09826)
(-0.08006 0.08908 -0.11031)
(-0.09789 0.11071 -0.12688)
(-0.10656 0.11686 -0.13220)
(-0.11082 0.12205 -0.13409)
(-0.13237 0.13614 -0.14697)
(-0.13908 0.14705 -0.15194)
(-0.16114 0.16339 -0.16604)
(-0.17284 0.18783 -0.18095)
(-0.18081 0.19538 -0.18781)
(-0.19681 0.21213 -0.20409)
(-0.22810 0.24500 -0.22660)
(-0.24514 0.26287 -0.25187)
(-0.25962 0.26832 -0.25130)
(-0.25828 0.27686 -0.26507)
(-0.26682 0.27910 -0.27930)
(-0.27478 0.28412 -0.28970)
(-0.28878 0.29218 -0.30135)
(-0.27373 0.27613 -0.32752)
(-0.27334 0.27375 -0.33105)
(-0.27344 0.27112 -0.33706)
(-0.26229 0.25440 -0.34658)
(-0.25337 0.24291 -0.34447)
(-0.25929 0.25132 -0.35071)
(-0.24558 0.24223 -0.34519)
(-0.23774 0.23970 -0.35105)
(-0.22180 0.22966 -0.33145)
(-0.18152 0.20357 -0.30632)
(-0.17747 0.20139 -0.30089)
(-0.16539 0.18551 -0.26708)
(-0.13214 0.14913 -0.23983)
(-0.12273 0.11848 -0.21617)
(-0.11711 0.11186 -0.20744)
(-0.10045 0.10121 -0.17373)
(-0.08036 0.05282 -0.13106)
(-0.05815 0.01882 -0.09961)
(-0.03655 -0.00903 -0.07281)
(-0.01509 -0.05799 -0.01249)
(-0.02704 -0.01882 -0.03375)
(0.00060 -0.08807 0.01581)
(0.00438 -0.09288 0.02374)
(0.00515 -0.08299 0.04809)
(0.00169 -0.09170 0.06426)
(0.00972 -0.09440 0.06896)
(0.00908 -0.10858 0.08900)
(0.00317 -0.03726 0.03461)
(0.00383 -0.03711 0.03334)
(0.00008 -0.00079 0.00074)
(-0.00011 -0.00539 0.00499)
(-0.01034 0.03173 -0.03624)
(-0.02164 0.04773 -0.06068)
(0.00071 -0.00476 0.00534)
(-0.00102 0.00692 -0.00745)
(-0.04006 0.06011 -0.07881)
(-0.04838 0.06196 -0.08671)
(-0.05306 0.06262 -0.09487)
(-0.08130 0.07911 -0.10888)
(-0.08085 0.08347 -0.11523)
(-0.09561 0.09411 -0.12478)
(-0.10522 0.10530 -0.13048)
(-0.11235 0.10522 -0.13456)
(-0.12036 0.11468 -0.13928)
(-0.11555 0.12337 -0.13803)
(-0.17158 0.15178 -0.17037)
(-0.17999 0.17222 -0.17857)
(-0.18869 0.18725 -0.18779)
(-0.21397 0.19920 -0.19969)
(-0.22864 0.22163 -0.21134)
(-0.23959 0.23596 -0.21917)
(-0.25135 0.25892 -0.23362)
(-0.26211 0.26985 -0.24591)
(-0.26598 0.27118 -0.25873)
(-0.28935 0.28629 -0.27445)
(-0.27723 0.28630 -0.28361)
(-0.29008 0.29014 -0.29958)
(-0.28128 0.28291 -0.31996)
(-0.27675 0.27511 -0.32628)
(-0.27421 0.27175 -0.33464)
(-0.27134 0.26495 -0.34404)
(-0.26898 0.26058 -0.34946)
(-0.24845 0.24831 -0.35265)
(-0.23948 0.24182 -0.35133)
(-0.21785 0.23598 -0.34405)
(-0.20412 0.22981 -0.33825)
(-0.20069 0.22055 -0.32028)
(-0.18290 0.20777 -0.30772)
(-0.16781 0.19849 -0.28099)
(-0.15329 0.18687 -0.26261)
(-0.13312 0.17376 -0.23567)
(-0.12589 0.14331 -0.23364)
(-0.10957 0.12692 -0.19705)
(-0.10434 0.12102 -0.15226)
(-0.08447 0.09379 -0.13963)
(-0.06369 0.04659 -0.11509)
(-0.04561 0.01885 -0.08064)
(-0.05228 0.04065 -0.09467)
(-0.02999 -0.00381 -0.04480)
(-0.00823 -0.06139 -0.00110)
(-0.01939 -0.01704 -0.03302)
(-0.00298 -0.04329 -0.00646)
(0.00325 -0.08546 0.01726)
(0.00855 -0.08078 0.03219)
(0.01315 -0.08571 0.04895)
(0.01989 -0.08840 0.05527)
(0.01569 -0.08758 0.06361)
(0.00529 -0.03903 0.03400)
(-0.00033 0.00316 -0.00287)
(0.00056 -0.00427 0.00380)
(-0.00254 0.00458 -0.00502)
(-0.02334 0.03467 -0.04386)
(-0.05544 0.05694 -0.06992)
(-0.08537 0.08413 -0.10651)
(-0.09578 0.08902 -0.11475)
(-0.10558 0.10101 -0.13063)
(-0.12942 0.10944 -0.14348)
(-0.15688 0.13351 -0.16228)
(-0.18452 0.14671 -0.17820)
(-0.20388 0.17943 -0.19127)
(-0.21831 0.19270 -0.20036)
(-0.22977 0.21407 -0.20830)
(-0.27120 0.24486 -0.22850)
(-0.26760 0.25912 -0.23724)
(-0.29103 0.27457 -0.25014)
(-0.27891 0.27458 -0.25807)
(-0.30519 0.29423 -0.27564)
(-0.30494 0.29525 -0.27946)
(-0.30573 0.29429 -0.28238)
(-0.29028 0.28836 -0.30284)
(-0.29765 0.28748 -0.29212)
(-0.29131 0.28574 -0.31649)
(-0.27230 0.27103 -0.32868)
(-0.27209 0.26702 -0.33531)
(-0.26282 0.25726 -0.34268)
(-0.25005 0.25352 -0.34591)
(-0.25096 0.25452 -0.35406)
(-0.22785 0.24075 -0.35450)
(-0.22422 0.23786 -0.35041)
(-0.21230 0.23675 -0.34125)
(-0.19370 0.22524 -0.32853)
(-0.19317 0.22425 -0.32596)
(-0.17450 0.21212 -0.30909)
(-0.15853 0.20332 -0.28340)
(-0.14204 0.19329 -0.25737)
(-0.12431 0.16636 -0.21502)
(-0.11082 0.14082 -0.21186)
(-0.09679 0.12095 -0.17175)
(-0.08654 0.10404 -0.14931)
(-0.05572 0.06665 -0.10668)
(-0.04563 0.06002 -0.08376)
(-0.04317 0.03420 -0.07027)
(-0.02045 -0.01059 -0.03761)
(-0.00806 -0.01897 -0.02146)
(-0.00541 -0.02790 0.00491)
(0.01229 -0.07489 0.04310)
(0.00415 -0.05636 0.02957)
(0.02177 -0.08488 0.04894)
(0.02194 -0.08451 0.04973)
(0.01400 -0.06276 0.04156)
(0.00609 -0.02929 0.02202)
(-0.00050 0.00179 -0.00142)
(-0.00128 0.00981 -0.00880)
(-0.00628 0.00669 -0.00798)
(-0.02840 0.02979 -0.03601)
(-0.04201 0.04223 -0.05092)
(-0.09143 0.08868 -0.11008)
(-0.10239 0.09387 -0.11860)
(-0.12095 0.10569 -0.13662)
(-0.10059 0.09365 -0.11670)
(-0.15411 0.12825 -0.15839)
(-0.16209 0.13202 -0.16492)
(-0.18239 0.14347 -0.17649)
(-0.18986 0.15056 -0.17801)
(-0.19024 0.15005 -0.18120)
(-0.21098 0.17398 -0.19236)
(-0.24102 0.20194 -0.20831)
(-0.25504 0.22274 -0.21836)
(-0.29291 0.25784 -0.23953)
(-0.29446 0.26364 -0.24230)
(-0.30005 0.26815 -0.24506)
(-0.29568 0.27775 -0.25662)
(-0.30968 0.29413 -0.27616)
(-0.30769 0.29438 -0.27855)
(-0.30850 0.29341 -0.28123)
(-0.30712 0.29209 -0.28456)
(-0.29161 0.28423 -0.30789)
(-0.28897 0.28088 -0.31625)
(-0.26564 0.26425 -0.32445)
(-0.25937 0.25726 -0.33063)
(-0.25125 0.25007 -0.34197)
(-0.22581 0.23980 -0.35165)
(-0.22059 0.23802 -0.35201)
(-0.21517 0.23639 -0.35216)
(-0.18901 0.22475 -0.33245)
(-0.18741 0.22171 -0.32431)
(-0.16900 0.21427 -0.30021)
(-0.13926 0.19075 -0.25947)
(-0.12627 0.18217 -0.23697)
(-0.08952 0.14645 -0.19113)
(-0.09875 0.14325 -0.18644)
(-0.08385 0.13844 -0.18079)
(-0.08044 0.12490 -0.16230)
(-0.06754 0.09343 -0.11692)
(-0.04619 0.06517 -0.08967)
(-0.04009 0.05626 -0.08162)
(-0.03886 0.05023 -0.07517)
(-0.03395 0.04750 -0.07401)
(-0.02259 0.02196 -0.05195)
(-0.00197 -0.01887 -0.01359)
(0.01497 -0.03148 -0.01124)
(0.00360 -0.04070 0.01245)
(0.00549 -0.05128 0.02671)
(0.01664 -0.06178 0.03702)
(0.01868 -0.05003 0.02851)
(0.01230 -0.04050 0.02793)
(0.00254 -0.00683 0.00488)
(-0.00177 0.00458 -0.00346)
(-0.01098 0.01127 -0.01335)
(-0.01052 0.01050 -0.01237)
(-0.06664 0.06422 -0.07780)
(-0.10799 0.09881 -0.12109)
(-0.15255 0.12759 -0.15683)
(-0.17328 0.14563 -0.16431)
(-0.17422 0.14634 -0.16542)
(-0.21393 0.16949 -0.18677)
(-0.23826 0.19534 -0.19967)
(-0.25232 0.20879 -0.20555)
(-0.26643 0.22729 -0.22232)
(-0.29029 0.25010 -0.23545)
(-0.29943 0.26329 -0.24245)
(-0.30434 0.26699 -0.24490)
(-0.30465 0.27098 -0.24740)
(-0.31281 0.27881 -0.26198)
(-0.31131 0.29330 -0.27816)
(-0.31188 0.29192 -0.28030)
(-0.30689 0.28495 -0.28337)
(-0.28850 0.27585 -0.29783)
(-0.28037 0.27176 -0.30652)
(-0.25357 0.25040 -0.31615)
(-0.24930 0.24788 -0.31922)
(-0.24504 0.24546 -0.32147)
(-0.22332 0.23782 -0.35034)
(-0.22716 0.23646 -0.33779)
(-0.21822 0.23568 -0.35073)
(-0.21290 0.23359 -0.35134)
(-0.18319 0.22055 -0.33631)
(-0.17150 0.21040 -0.32390)
(-0.16785 0.20920 -0.31723)
(-0.18181 0.21811 -0.31971)
(-0.14375 0.19645 -0.28219)
(-0.13193 0.18711 -0.27948)
(-0.13249 0.18384 -0.25584)
(-0.08911 0.14774 -0.19677)
(-0.08354 0.14045 -0.18658)
(-0.07812 0.13345 -0.17719)
(-0.06553 0.11711 -0.15936)
(-0.04592 0.06864 -0.09402)
(-0.04088 0.06147 -0.08762)
(-0.04133 0.06913 -0.09974)
(-0.03554 0.05337 -0.08018)
(-0.00191 -0.00250 -0.03367)
(-0.01062 0.02423 -0.06132)
(0.00933 -0.01282 -0.03056)
(0.02141 -0.03648 -0.00572)
(0.01545 -0.02178 -0.02303)
(0.04062 -0.05711 0.00744)
(0.03929 -0.05960 0.01389)
(0.00955 -0.02243 0.01419)
(0.01429 -0.02130 0.00583)
(0.00163 -0.00378 0.00247)
(-0.05868 0.05504 -0.06615)
(-0.01490 0.01436 -0.01693)
(-0.07788 0.06848 -0.07181)
(-0.16293 0.13547 -0.15800)
(-0.19721 0.16280 -0.17152)
(-0.19738 0.16280 -0.17652)
(-0.22743 0.18254 -0.19170)
(-0.24570 0.20269 -0.20128)
(-0.25358 0.20882 -0.20453)
(-0.26952 0.22290 -0.21690)
(-0.29084 0.23991 -0.22743)
(-0.30575 0.26398 -0.24304)
(-0.31901 0.27706 -0.25272)
(-0.31427 0.27818 -0.26781)
(-0.31999 0.27160 -0.27052)
(-0.30543 0.27194 -0.27432)
(-0.29047 0.27530 -0.29184)
(-0.28618 0.26916 -0.29877)
(-0.26046 0.25176 -0.30960)
(-0.24898 0.24665 -0.31470)
(-0.24371 0.24369 -0.31752)
(-0.22651 0.23144 -0.33120)
(-0.21618 0.23334 -0.34879)
(-0.20741 0.21989 -0.33106)
(-0.20177 0.21915 -0.33956)
(-0.21122 0.23112 -0.34978)
(-0.19061 0.21749 -0.34042)
(-0.17105 0.20602 -0.33403)
(-0.15520 0.20021 -0.31906)
(-0.13931 0.19019 -0.29592)
(-0.11904 0.17875 -0.26976)
(-0.12356 0.17991 -0.26243)
(-0.10840 0.17055 -0.25129)
(-0.09583 0.15493 -0.22093)
(-0.08366 0.14206 -0.19239)
(-0.07852 0.13627 -0.18519)
(-0.07333 0.13047 -0.17834)
(-0.07247 0.12822 -0.17322)
(-0.05164 0.10187 -0.14628)
(-0.02778 0.06202 -0.10396)
(-0.03636 0.05862 -0.08653)
(-0.01379 0.04302 -0.08536)
(-0.00424 0.02138 -0.06684)
(0.00730 -0.00231 -0.04101)
(0.01863 -0.00451 -0.03892)
(0.03092 -0.03882 -0.00780)
(0.03462 -0.04852 0.00786)
(0.02979 -0.03623 -0.00149)
(0.02727 -0.03814 0.00676)
(0.00781 -0.01084 0.00229)
(0.00262 -0.00386 0.00111)
(-0.00100 0.00094 -0.00095)
(-0.02720 0.02512 -0.02561)
(-0.00679 0.00586 -0.00600)
(-0.12987 0.10574 -0.11383)
(-0.22515 0.18201 -0.18487)
(-0.11532 0.09889 -0.09455)
(-0.21112 0.17280 -0.17414)
(-0.23849 0.19789 -0.18567)
(-0.25018 0.20587 -0.20175)
(-0.28448 0.22955 -0.21172)
(-0.27325 0.22084 -0.20996)
(-0.29580 0.23754 -0.21940)
(-0.30607 0.25096 -0.23178)
(-0.32491 0.26238 -0.24029)
(-0.32493 0.26564 -0.24880)
(-0.32102 0.26013 -0.24886)
(-0.32614 0.26613 -0.26562)
(-0.32678 0.26525 -0.26681)
(-0.30767 0.25349 -0.26785)
(-0.29068 0.26021 -0.27856)
(-0.29470 0.24672 -0.27066)
(-0.28468 0.25612 -0.28848)
(-0.26894 0.24769 -0.29683)
(-0.25267 0.23316 -0.29729)
(-0.23754 0.23446 -0.30948)
(-0.22612 0.22433 -0.31477)
(-0.20813 0.21125 -0.31314)
(-0.19590 0.20316 -0.31673)
(-0.18044 0.19693 -0.31751)
(-0.17956 0.20241 -0.32516)
(-0.16051 0.19700 -0.33081)
(-0.17517 0.19446 -0.31898)
(-0.15363 0.19208 -0.33489)
(-0.14407 0.18865 -0.30558)
(-0.12118 0.17554 -0.27937)
(-0.11119 0.17252 -0.26205)
(-0.08640 0.14610 -0.22182)
(-0.08139 0.14164 -0.21365)
(-0.06577 0.12633 -0.18221)
(-0.04350 0.10398 -0.15972)
(-0.03496 0.08660 -0.14040)
(-0.02088 0.06865 -0.11866)
(-0.01183 0.06365 -0.11684)
(-0.01133 0.05195 -0.10053)
(0.00719 0.02592 -0.07393)
(0.01864 0.01187 -0.06424)
(0.02179 -0.00568 -0.04473)
(0.02816 -0.01719 -0.02683)
(0.02807 -0.01824 -0.02278)
(0.02622 -0.01826 -0.01642)
(0.00927 -0.00739 -0.00311)
(0.00698 -0.00798 0.00067)
(0.03304 -0.02983 0.02669)
(-0.00363 0.00322 -0.00301)
(-0.18008 0.14829 -0.13704)
(0.00256 -0.00226 0.00197)
(-0.05793 0.05076 -0.04466)
(-0.24681 0.20109 -0.17288)
(-0.27578 0.22315 -0.19437)
(-0.29116 0.23517 -0.20589)
(-0.27960 0.22639 -0.19385)
(-0.28232 0.22759 -0.19641)
(-0.30785 0.24394 -0.22086)
(-0.32023 0.25206 -0.23080)
(-0.32143 0.25382 -0.24055)
(-0.31719 0.24599 -0.24264)
(-0.31898 0.25706 -0.25472)
(-0.30896 0.24478 -0.24893)
(-0.29578 0.22787 -0.25444)
(-0.27764 0.21246 -0.25270)
(-0.28028 0.22963 -0.26843)
(-0.27188 0.20944 -0.25260)
(-0.26122 0.23041 -0.27999)
(-0.24970 0.22374 -0.28068)
(-0.23414 0.21204 -0.28552)
(-0.21923 0.20900 -0.29620)
(-0.20568 0.20085 -0.29930)
(-0.19459 0.20062 -0.30967)
(-0.18101 0.19023 -0.30277)
(-0.17037 0.18056 -0.30233)
(-0.15150 0.16255 -0.28422)
(-0.15679 0.18713 -0.31910)
(-0.14243 0.17695 -0.30115)
(-0.14483 0.16228 -0.28294)
(-0.12639 0.15824 -0.27326)
(-0.11962 0.16308 -0.27376)
(-0.10594 0.15150 -0.25278)
(-0.10248 0.14275 -0.24575)
(-0.09659 0.13918 -0.23725)
(-0.08763 0.13819 -0.22497)
(-0.08128 0.14088 -0.21523)
(-0.07131 0.13014 -0.21091)
(-0.05542 0.11746 -0.18376)
(-0.04594 0.10896 -0.16932)
(-0.03850 0.09693 -0.16162)
(-0.02446 0.07577 -0.13991)
(-0.01067 0.06153 -0.11836)
(-0.00944 0.06012 -0.11481)
(0.01281 0.03061 -0.09154)
(0.01542 0.02730 -0.08407)
(0.03434 -0.00801 -0.04596)
(0.03314 -0.00838 -0.04216)
(0.02175 -0.00840 -0.02181)
(0.01109 -0.00487 -0.01024)
(0.00476 -0.00316 -0.00255)
(-0.00134 0.00121 0.00011)
(-0.00494 0.00330 0.00217)
(-0.00375 0.00342 0.00029)
(0.03067 -0.02712 0.02352)
(-0.01494 0.01230 -0.01034)
(-0.13402 0.10977 -0.09338)
(0.03986 -0.03374 0.02824)
(-0.08883 0.07283 -0.06094)
(-0.22605 0.18402 -0.15606)
(-0.28953 0.23040 -0.20273)
(-0.21131 0.17145 -0.14458)
(-0.26830 0.21699 -0.18398)
(-0.30090 0.23509 -0.21286)
(-0.30912 0.23736 -0.22289)
(-0.29449 0.22077 -0.22388)
(-0.30739 0.23350 -0.23786)
(-0.29115 0.21555 -0.22525)
(-0.29583 0.22142 -0.24269)
(-0.27436 0.20532 -0.24805)
(-0.26938 0.20256 -0.24753)
(-0.26439 0.20006 -0.24738)
(-0.26669 0.20713 -0.25240)
(-0.25321 0.21511 -0.27077)
(-0.23511 0.20267 -0.27244)
(-0.22826 0.20276 -0.28430)
(-0.21312 0.19488 -0.28298)
(-0.19389 0.17764 -0.27824)
(-0.18469 0.17236 -0.27923)
(-0.16235 0.15921 -0.27491)
(-0.15403 0.15048 -0.26244)
(-0.15028 0.14916 -0.26177)
(-0.14411 0.14986 -0.26090)
(-0.10398 0.14126 -0.24426)
(-0.09917 0.13836 -0.23748)
(-0.09638 0.13435 -0.23051)
(-0.09189 0.13350 -0.22774)
(-0.08037 0.12679 -0.21273)
(-0.05160 0.10164 -0.17477)
(-0.04376 0.08843 -0.16167)
(-0.02968 0.08236 -0.15402)
(-0.02389 0.07618 -0.14485)
(-0.00975 0.05273 -0.12503)
(-0.00077 0.04704 -0.11593)
(0.00327 0.04058 -0.10764)
(0.00594 0.03983 -0.10611)
(0.01522 0.02055 -0.07163)
(0.01854 -0.00493 -0.02300)
(0.00969 -0.00352 -0.01009)
(-0.00034 0.00015 0.00029)
(-0.00395 0.00162 0.00373)
(-0.00516 0.00241 0.00432)
(0.00075 -0.00062 0.00051)
(0.00932 -0.00776 0.00624)
(-0.05832 0.04773 -0.03963)
(-0.22053 0.17620 -0.15089)
(-0.08811 0.07195 -0.05833)
(-0.28727 0.22446 -0.20094)
(-0.30323 0.23420 -0.21579)
(-0.29165 0.21744 -0.21946)
(-0.28491 0.21639 -0.20847)
(-0.28774 0.21307 -0.21881)
(-0.28777 0.21238 -0.22046)
(-0.28336 0.20657 -0.22041)
(-0.26624 0.19240 -0.22825)
(-0.26546 0.19471 -0.24208)
(-0.26131 0.19274 -0.24216)
(-0.25624 0.18973 -0.24201)
(-0.25928 0.19735 -0.24687)
(-0.22893 0.18443 -0.25260)
(-0.21345 0.16861 -0.24416)
(-0.20890 0.16799 -0.24873)
(-0.19309 0.15621 -0.24404)
(-0.17792 0.15779 -0.26279)
(-0.17567 0.15683 -0.26377)
(-0.15550 0.14633 -0.25526)
(-0.15191 0.14500 -0.25390)
(-0.14987 0.13972 -0.24531)
(-0.14724 0.14142 -0.24827)
(-0.12843 0.13499 -0.23694)
(-0.10123 0.13664 -0.23563)
(-0.11662 0.12224 -0.21649)
(-0.09909 0.13200 -0.22757)
(-0.09379 0.13034 -0.22397)
(-0.07090 0.10600 -0.18910)
(-0.04600 0.08636 -0.16167)
(-0.04038 0.08361 -0.15671)
(-0.03809 0.08044 -0.15346)
(0.00496 0.03390 -0.10976)
(0.00777 0.03170 -0.10756)
(0.00986 0.02618 -0.09806)
(0.00731 0.01364 -0.05703)
(0.00530 0.00567 -0.02888)
(0.00570 0.00041 -0.01181)
(0.00054 -0.00019 -0.00058)
(-0.00308 0.00065 0.00437)
(-0.00406 0.00146 0.00425)
(-0.02027 0.01662 -0.01339)
(-0.05060 0.04033 -0.03439)
(-0.13859 0.11002 -0.09437)
(-0.05315 0.04184 -0.03773)
(-0.18456 0.14031 -0.13491)
(-0.25483 0.18891 -0.19284)
(-0.10456 0.07749 -0.07825)
(-0.16362 0.12012 -0.12518)
(-0.27950 0.20506 -0.21436)
(-0.27792 0.20139 -0.21609)
(-0.26571 0.18664 -0.22338)
(-0.25915 0.18052 -0.21483)
(-0.25267 0.17780 -0.22359)
(-0.25793 0.18751 -0.23858)
(-0.23582 0.16334 -0.21362)
(-0.22270 0.14647 -0.20804)
(-0.21945 0.15697 -0.22576)
(-0.21366 0.15852 -0.23080)
(-0.19688 0.13368 -0.21568)
(-0.19519 0.13844 -0.22069)
(-0.18321 0.13466 -0.21938)
(-0.18197 0.13007 -0.21451)
(-0.18004 0.12992 -0.21610)
(-0.17896 0.13303 -0.22367)
(-0.17574 0.13827 -0.23463)
(-0.15950 0.13968 -0.24510)
(-0.16274 0.12155 -0.21739)
(-0.15316 0.13792 -0.24239)
(-0.14890 0.13507 -0.23760)
(-0.13974 0.12510 -0.22310)
(-0.11463 0.10579 -0.19446)
(-0.09757 0.10733 -0.19358)
(-0.10978 0.09368 -0.17231)
(-0.09600 0.09101 -0.16232)
(-0.07005 0.08697 -0.16548)
(-0.05740 0.07914 -0.15677)
(-0.03909 0.05545 -0.11346)
(-0.02550 0.04554 -0.09423)
(-0.01283 0.04330 -0.10173)
(0.00584 0.02183 -0.07860)
(-0.00308 0.01162 -0.03080)
(0.00248 0.00533 -0.02249)
(0.00260 0.00324 -0.01599)
(-0.00066 -0.00049 0.00305)
(-0.01042 0.00822 -0.00739)
(-0.03046 0.02335 -0.02251)
(-0.03106 0.02311 -0.02348)
(-0.01546 0.01129 -0.01212)
(-0.03546 0.02371 -0.02967)
(-0.16572 0.11503 -0.13783)
(-0.18987 0.12720 -0.16473)
(-0.05414 0.03407 -0.04712)
(-0.09755 0.06304 -0.08569)
(-0.14185 0.09485 -0.12949)
(-0.19974 0.12808 -0.18462)
(-0.12586 0.08010 -0.11585)
(-0.18612 0.11651 -0.18035)
(-0.19550 0.12451 -0.20523)
(-0.15950 0.09733 -0.16464)
(-0.18243 0.11130 -0.18965)
(-0.17794 0.11704 -0.20001)
(-0.17735 0.12222 -0.20665)
(-0.16473 0.09800 -0.18361)
(-0.16007 0.09741 -0.18092)
(-0.15757 0.10232 -0.18943)
(-0.14876 0.09200 -0.17185)
(-0.12610 0.06979 -0.13743)
(-0.14902 0.11129 -0.19981)
(-0.13945 0.09685 -0.17503)
(-0.07500 0.04405 -0.08746)
(-0.09888 0.07272 -0.13165)
(-0.06946 0.05436 -0.09714)
(-0.06990 0.05971 -0.10864)
(-0.02389 0.01836 -0.03317)
(-0.02548 0.01952 -0.03844)
(-0.01354 0.01311 -0.02601)
(-0.01359 0.01738 -0.03791)
(0.00074 -0.00076 0.00161)
(-0.00190 0.00352 -0.00858)
(-0.00041 0.00158 -0.00459)
(0.03957 -0.02725 0.03286)
(0.03352 -0.02110 0.02916)
(-0.03227 0.01982 -0.02806)
(0.02884 -0.01770 0.02504)
(0.00978 -0.00571 0.00883)
(-0.06828 0.04324 -0.06263)
(-0.06011 0.03490 -0.05734)
(0.00099 -0.00053 0.00092)
(0.00079 -0.00043 0.00078)
(-0.05960 0.03457 -0.06087)
(-0.10156 0.05782 -0.10382)
(-0.02161 0.01096 -0.02131)
(-0.05344 0.02425 -0.05142)
(-0.09092 0.04182 -0.08800)
(-0.03101 0.01376 -0.02938)
(-0.05505 0.02745 -0.05477)
(-0.05839 0.02643 -0.05547)
(-0.08145 0.04358 -0.08647)
(-0.00757 0.00324 -0.00679)
(-0.01415 0.00718 -0.01445)
(0.00163 -0.00077 0.00168)
(-0.04837 0.02773 -0.05547)
(-0.02624 0.01547 -0.03111)
(0.01237 -0.00651 0.01359)
(0.00601 -0.00412 0.00783)
(0.00942 -0.00644 0.01330)
(0.00831 -0.00748 0.01535)
(-0.00663 0.00293 -0.00629)
(-0.01109 0.00486 -0.01044)
(-0.00954 0.00375 -0.00861)
(0.00414 -0.00162 0.00356)
)