/*--------------------------------*- C++ -*----------------------------------*\ 
| =========                 |                                                 | 
| \\      /  F ield         | OpenFOAM: The Open Source CFD Toolbox           | 
|  \\    /   O peration     | Version:  4.0                                   | 
|   \\  /    A nd           | Web:      www.OpenFOAM.org                      | 
|    \\/     M anipulation  |                                                 | 
\*---------------------------------------------------------------------------*/ 
FoamFile 
{ 
    version     2.0; 
    format      ascii; 
    class       vectorAverageField; 
    object      values; 
} 
// * * * * * * * * * * * * * * * * * * * * * * * * * * * * * * * * * * * * * // 
 
// Average 
(0 0 0) 
 
// Velocity data on points 
2447
(
(0.00469 -0.00079 -0.00115)
(-0.00244 0.00012 0.00065)
(-0.00622 -0.00093 0.00219)
(-0.00208 -0.00032 0.00040)
(0.00274 0.00056 -0.00082)
(-0.01455 -0.00280 0.00619)
(-0.00488 -0.00092 0.00160)
(-0.01085 -0.00299 0.00235)
(-0.00112 -0.00033 0.00020)
(0.00162 0.00039 -0.00022)
(-0.00718 -0.00170 0.00112)
(-0.00143 -0.00028 0.00014)
(0.00129 0.00019 0.00024)
(-0.00788 -0.00062 -0.00051)
(-0.00033 0.00002 -0.00022)
(0.00101 -0.00005 0.00075)
(-0.00352 0.00018 -0.00260)
(-0.00022 0.00000 -0.00019)
(0.00157 0.00039 0.00166)
(-0.00032 -0.00008 -0.00034)
(0.01411 -0.00549 -0.00197)
(-0.00294 0.00084 0.00059)
(0.00232 -0.00070 -0.00044)
(0.00090 -0.00023 -0.00023)
(-0.03726 0.00873 0.01201)
(-0.02652 0.00350 0.00785)
(-0.02763 0.00005 0.00969)
(-0.02685 -0.00347 0.01095)
(-0.05084 -0.00333 0.02199)
(-0.04833 -0.00627 0.02043)
(-0.03689 -0.00682 0.01668)
(-0.02199 -0.00467 0.00707)
(-0.03923 -0.00940 0.01645)
(-0.02479 -0.00654 0.00631)
(-0.01996 -0.00462 0.00367)
(-0.01564 -0.00299 0.00175)
(-0.02764 -0.00635 0.00567)
(-0.02556 -0.00485 0.00295)
(-0.02638 -0.00222 -0.00235)
(-0.01609 -0.00132 -0.00117)
(-0.01239 -0.00016 -0.00428)
(-0.03093 -0.00479 -0.01357)
(-0.02859 -0.00462 -0.01326)
(-0.01547 -0.00116 -0.01122)
(-0.01055 -0.00115 -0.00898)
(-0.02417 -0.00235 -0.02046)
(-0.00869 -0.00185 -0.00925)
(-0.00268 -0.00134 -0.00304)
(-0.01773 -0.00571 -0.01974)
(-0.00186 -0.00189 -0.00237)
(0.00021 0.00048 0.00037)
(0.00894 -0.00325 -0.00145)
(-0.00373 0.00130 0.00067)
(-0.01251 0.00426 0.00230)
(-0.03255 0.00934 0.00803)
(-0.08350 0.02314 0.02168)
(-0.06322 0.01630 0.01662)
(-0.07332 0.01459 0.02594)
(-0.07834 0.00945 0.03165)
(-0.07538 0.00981 0.02845)
(-0.05926 -0.00114 0.02758)
(-0.05609 -0.00683 0.03087)
(-0.05110 -0.01290 0.03033)
(-0.04471 -0.01115 0.02335)
(-0.03591 -0.01179 0.01560)
(-0.04732 -0.01200 0.02523)
(-0.04454 -0.01411 0.02366)
(-0.03608 -0.01109 0.01399)
(-0.03162 -0.00579 0.00185)
(-0.04157 -0.01240 0.00364)
(-0.03562 -0.00667 -0.01002)
(-0.03544 -0.00524 -0.01472)
(-0.03208 -0.00100 -0.01604)
(-0.03528 -0.00592 -0.01910)
(-0.03462 -0.00664 -0.02948)
(-0.03437 -0.00511 -0.03444)
(-0.03760 -0.00781 -0.03594)
(-0.03354 -0.01130 -0.03788)
(-0.02051 -0.01080 -0.02550)
(-0.01189 -0.00976 -0.01513)
(-0.03748 -0.01689 -0.04165)
(-0.02452 -0.01413 -0.02936)
(-0.00644 -0.01143 -0.01060)
(-0.00032 -0.00083 -0.00056)
(-0.00547 -0.00991 -0.00510)
(0.00177 0.00471 0.00151)
(0.00319 0.00926 0.00281)
(0.00055 -0.00020 -0.00008)
(-0.01594 0.00583 0.00260)
(-0.04329 0.01549 0.00775)
(-0.06621 0.02271 0.01312)
(-0.11111 0.03746 0.02325)
(-0.10213 0.03465 0.02059)
(-0.12674 0.04246 0.02856)
(-0.11271 0.03197 0.03127)
(-0.10232 0.02747 0.02769)
(-0.08768 0.01694 0.03042)
(-0.08679 0.00906 0.03956)
(-0.08617 0.00951 0.03799)
(-0.07756 0.00520 0.03622)
(-0.07558 0.00209 0.03776)
(-0.07504 -0.00074 0.04215)
(-0.06715 -0.00939 0.04478)
(-0.06570 -0.01166 0.04527)
(-0.06030 -0.01632 0.04028)
(-0.05337 -0.01261 0.03016)
(-0.05170 -0.02151 0.02370)
(-0.04694 -0.02268 0.01581)
(-0.04544 -0.02088 0.00511)
(-0.04212 -0.01137 -0.00608)
(-0.03733 -0.00672 -0.01533)
(-0.03739 -0.01243 -0.02851)
(-0.03844 -0.01457 -0.04106)
(-0.04523 -0.01598 -0.05193)
(-0.04428 -0.01151 -0.04432)
(-0.05212 -0.01159 -0.05085)
(-0.03965 -0.01705 -0.04341)
(-0.04210 -0.02128 -0.04813)
(-0.05084 -0.03055 -0.04469)
(-0.04807 -0.03200 -0.04134)
(-0.02525 -0.02784 -0.02346)
(-0.00433 -0.01116 -0.00394)
(-0.03927 -0.03901 -0.03254)
(-0.01872 -0.03635 -0.01718)
(-0.00193 -0.00618 -0.00177)
(-0.00056 -0.00234 -0.00034)
(0.01070 -0.00369 -0.00203)
(-0.02294 0.00819 0.00384)
(-0.05652 0.02058 0.00938)
(-0.10210 0.03582 0.01783)
(-0.12497 0.04260 0.02310)
(-0.11654 0.03425 0.02731)
(-0.11664 0.03376 0.02868)
(-0.11425 0.03371 0.02949)
(-0.10777 0.02622 0.03216)
(-0.08571 0.00821 0.04013)
(-0.08492 0.00701 0.04056)
(-0.08328 0.00487 0.04139)
(-0.08275 0.00442 0.04183)
(-0.08193 0.00221 0.04301)
(-0.07831 -0.00174 0.04189)
(-0.06949 -0.01137 0.04772)
(-0.06806 -0.01258 0.04744)
(-0.06669 -0.01370 0.04699)
(-0.06107 -0.01717 0.04068)
(-0.05905 -0.02707 0.03294)
(-0.05345 -0.02410 0.02518)
(-0.05119 -0.02700 0.01004)
(-0.04618 -0.03032 -0.00515)
(-0.04306 -0.02695 -0.01264)
(-0.04356 -0.02236 -0.02446)
(-0.04426 -0.01849 -0.05058)
(-0.04552 -0.01850 -0.05345)
(-0.04694 -0.01775 -0.05581)
(-0.04860 -0.01661 -0.05773)
(-0.04887 -0.02359 -0.05568)
(-0.05214 -0.02929 -0.04639)
(-0.05117 -0.03331 -0.04400)
(-0.05298 -0.03151 -0.04613)
(-0.04612 -0.03843 -0.04024)
(-0.03041 -0.05195 -0.02436)
(-0.04011 -0.04400 -0.03428)
(-0.02420 -0.05180 -0.01528)
(-0.00606 -0.03318 -0.00120)
(-0.00058 -0.00371 -0.00002)
(-0.00862 -0.06655 0.00144)
(-0.00141 -0.01700 0.00134)
(-0.00008 -0.00098 0.00008)
(-0.01293 0.00436 0.00289)
(-0.03841 0.01281 0.00836)
(-0.10080 0.03423 0.02306)
(-0.11836 0.03909 0.02911)
(-0.11029 0.03148 0.03416)
(-0.10061 0.02477 0.03303)
(-0.09767 0.02353 0.03292)
(-0.09527 0.02243 0.03345)
(-0.09272 0.02113 0.03337)
(-0.09915 0.02385 0.03479)
(-0.08591 0.00921 0.03972)
(-0.08229 0.00630 0.04059)
(-0.08131 0.00403 0.04173)
(-0.08074 0.00170 0.04320)
(-0.08045 -0.00070 0.04474)
(-0.07278 -0.01565 0.04962)
(-0.06951 -0.01384 0.04965)
(-0.06352 -0.02501 0.05103)
(-0.06451 -0.02376 0.05126)
(-0.06854 -0.01598 0.05030)
(-0.06748 -0.01584 0.04897)
(-0.04863 -0.03763 0.03573)
(-0.04279 -0.04692 0.03984)
(-0.05115 -0.04696 0.03711)
(-0.04751 -0.03737 0.02909)
(-0.04294 -0.03835 0.01358)
(-0.03714 -0.04648 -0.00431)
(-0.03520 -0.04561 -0.01058)
(-0.03393 -0.04493 -0.01588)
(-0.04738 -0.02326 -0.03671)
(-0.04378 -0.02148 -0.05557)
(-0.04554 -0.02054 -0.05786)
(-0.04824 -0.01895 -0.06002)
(-0.05464 -0.02258 -0.06252)
(-0.05211 -0.02663 -0.05995)
(-0.05141 -0.01906 -0.05197)
(-0.04842 -0.02824 -0.04197)
(-0.03943 -0.03385 -0.03472)
(-0.03791 -0.05158 -0.02886)
(-0.03040 -0.06800 -0.02065)
(-0.01229 -0.09405 0.00302)
(-0.00624 -0.06187 0.00383)
(-0.00611 -0.07589 0.00678)
(-0.00168 -0.02643 0.00292)
(-0.00057 -0.01273 0.00178)
(0.00667 -0.00217 -0.00171)
(-0.00152 0.00052 0.00032)
(-0.07754 0.02440 0.02256)
(-0.12052 0.03597 0.03463)
(-0.12096 0.03674 0.03594)
(-0.09541 0.02550 0.03498)
(-0.09101 0.02068 0.03409)
(-0.09047 0.02022 0.03378)
(-0.08560 0.01777 0.03394)
(-0.08612 0.01874 0.03646)
(-0.07373 0.00765 0.04042)
(-0.07888 0.00340 0.04130)
(-0.07484 -0.00138 0.04309)
(-0.07729 -0.00043 0.04339)
(-0.07871 -0.00147 0.04481)
(-0.07330 -0.01238 0.05057)
(-0.07117 -0.01049 0.04883)
(-0.05466 -0.02873 0.04873)
(-0.05545 -0.03106 0.05090)
(-0.04167 -0.04000 0.04485)
(-0.04476 -0.04125 0.04576)
(-0.03993 -0.05370 0.04104)
(-0.04404 -0.05726 0.03320)
(-0.02905 -0.05476 0.00601)
(-0.03182 -0.05068 -0.00856)
(-0.02985 -0.04978 -0.01561)
(-0.02960 -0.04779 -0.03372)
(-0.02714 -0.03660 -0.05692)
(-0.04084 -0.02665 -0.06275)
(-0.04472 -0.02210 -0.06251)
(-0.04621 -0.01817 -0.06473)
(-0.04970 -0.02269 -0.06161)
(-0.04794 -0.02154 -0.06137)
(-0.04693 -0.02109 -0.04920)
(-0.03972 -0.02506 -0.04193)
(-0.03696 -0.03024 -0.03716)
(-0.03145 -0.04463 -0.02811)
(-0.02168 -0.05409 -0.01536)
(-0.01136 -0.08898 0.00274)
(-0.00893 -0.09462 0.00655)
(-0.00198 -0.04014 0.00539)
(-0.00625 -0.09340 0.00883)
(-0.00437 -0.07752 0.00951)
(-0.00051 -0.03087 0.00813)
(0.00012 -0.00228 0.00098)
(0.02052 -0.00669 -0.00458)
(-0.00069 0.00022 0.00015)
(-0.03927 0.01225 0.01117)
(-0.07876 0.02442 0.02328)
(-0.11734 0.03560 0.04013)
(-0.11187 0.03326 0.03871)
(-0.09860 0.02877 0.03825)
(-0.10002 0.02647 0.03696)
(-0.08308 0.02042 0.04093)
(-0.06918 0.01523 0.04064)
(-0.07182 0.01444 0.03429)
(-0.05449 0.00669 0.03486)
(-0.05588 0.00235 0.03848)
(-0.05394 -0.00274 0.03877)
(-0.04947 -0.01239 0.03946)
(-0.03874 -0.02246 0.03750)
(-0.05096 -0.02695 0.04647)
(-0.05893 -0.03858 0.06122)
(-0.04177 -0.04399 0.04943)
(-0.03411 -0.04746 0.04280)
(-0.02517 -0.05646 0.03910)
(-0.01312 -0.06681 0.02884)
(-0.00773 -0.06576 0.01192)
(0.00390 -0.07009 0.00025)
(-0.02601 -0.05620 -0.00649)
(-0.02372 -0.05516 -0.01460)
(-0.00681 -0.05559 -0.02948)
(0.00145 -0.04691 -0.04481)
(0.00565 -0.04800 -0.06206)
(-0.00711 -0.03227 -0.05744)
(-0.01355 -0.02785 -0.05634)
(-0.03988 -0.02042 -0.06495)
(-0.03984 -0.02026 -0.04813)
(-0.03606 -0.02626 -0.03858)
(-0.01726 -0.03554 -0.02737)
(-0.01489 -0.05092 -0.01423)
(-0.00368 -0.05527 -0.00250)
(-0.00952 -0.04918 -0.01229)
(-0.00105 -0.05949 0.00116)
(-0.00046 -0.07442 0.00644)
(-0.00314 -0.09352 0.02184)
(0.00268 -0.07201 0.01721)
(0.00107 -0.06281 0.02748)
(0.00116 -0.01971 0.00859)
(0.00090 -0.01040 0.00527)
(0.00083 -0.00027 -0.00021)
(-0.03120 0.01000 0.00739)
(-0.09347 0.02816 0.03099)
(-0.09662 0.03090 0.03662)
(-0.09234 0.02675 0.04360)
(-0.06127 0.01724 0.04798)
(-0.07980 0.02244 0.04300)
(-0.08102 0.02372 0.04467)
(-0.06231 0.01659 0.04498)
(-0.05808 0.01404 0.04609)
(-0.05677 0.01315 0.04566)
(-0.04022 0.00526 0.04065)
(-0.03162 0.00272 0.04288)
(-0.03226 0.00177 0.04175)
(-0.03807 -0.00007 0.03998)
(-0.03745 -0.00857 0.03495)
(-0.03081 -0.00607 0.04018)
(-0.02465 -0.01151 0.03892)
(-0.03146 -0.01255 0.03411)
(-0.02994 -0.02151 0.03318)
(-0.03500 -0.02509 0.03699)
(-0.03546 -0.03481 0.04407)
(-0.03615 -0.04056 0.04379)
(-0.01428 -0.05512 0.03277)
(0.01161 -0.06479 0.01985)
(0.01740 -0.06772 0.01634)
(0.02269 -0.07351 0.01332)
(0.01883 -0.07247 0.00074)
(0.01843 -0.07009 -0.01373)
(0.02156 -0.06262 -0.03282)
(0.01179 -0.05421 -0.03986)
(0.01681 -0.05232 -0.06280)
(0.01545 -0.04904 -0.05707)
(0.01974 -0.03785 -0.04911)
(-0.00691 -0.02475 -0.05824)
(0.01483 -0.02907 -0.04663)
(-0.00775 -0.02627 -0.04632)
(-0.00233 -0.03059 -0.03451)
(-0.00286 -0.03019 -0.02943)
(0.00848 -0.03335 -0.02251)
(-0.01151 -0.03413 -0.02501)
(-0.00302 -0.03502 -0.01612)
(0.00264 -0.04818 -0.00355)
(0.01121 -0.04788 0.00233)
(0.01245 -0.05687 0.01498)
(0.01309 -0.07381 0.02592)
(0.00989 -0.08335 0.04217)
(0.00058 -0.03027 0.01804)
(-0.00005 0.00371 -0.00235)
(0.00511 -0.05456 0.03677)
(-0.00906 0.00318 0.00218)
(-0.05083 0.01683 0.01405)
(-0.05397 0.01875 0.01546)
(-0.08213 0.02668 0.02575)
(-0.08394 0.02614 0.04041)
(-0.06251 0.01783 0.04809)
(-0.05306 0.01499 0.04958)
(-0.05505 0.01536 0.04885)
(-0.04971 0.01364 0.04961)
(-0.04215 0.00902 0.04835)
(-0.02878 0.00254 0.04457)
(-0.02734 0.00111 0.04363)
(-0.02313 -0.00263 0.03877)
(-0.01398 -0.01042 0.03439)
(-0.00943 -0.01487 0.03088)
(-0.00763 -0.02672 0.02375)
(-0.01566 -0.02403 0.02748)
(0.00132 -0.04239 0.02275)
(0.01319 -0.03842 0.01340)
(-0.00500 -0.04481 0.02710)
(0.00099 -0.05537 0.02317)
(0.01823 -0.06517 0.01538)
(0.02363 -0.06756 0.01208)
(0.02942 -0.07034 0.00874)
(0.03427 -0.07392 -0.00288)
(0.03618 -0.07272 -0.01291)
(0.06769 -0.07360 -0.02082)
(0.04791 -0.06892 -0.02187)
(0.04662 -0.06371 -0.02730)
(0.05588 -0.05875 -0.04550)
(0.05260 -0.05537 -0.04524)
(0.05906 -0.04492 -0.03893)
(0.04953 -0.04099 -0.03947)
(0.05400 -0.04075 -0.03516)
(0.02105 -0.03286 -0.03674)
(0.02610 -0.03269 -0.02646)
(0.01202 -0.03257 -0.02332)
(0.01830 -0.03411 -0.01924)
(0.01392 -0.03349 -0.01940)
(0.02458 -0.03910 -0.00922)
(0.01698 -0.03809 0.00064)
(0.02194 -0.05523 0.01816)
(0.03474 -0.04570 0.03429)
(0.01878 -0.05981 0.03556)
(0.03062 -0.04995 0.04004)
(0.01494 -0.06948 0.04459)
(-0.00067 -0.04805 0.04087)
(-0.00027 -0.00411 0.00375)
(0.00013 0.00143 -0.00140)
(0.00266 -0.00095 -0.00065)
(-0.00396 0.00143 0.00091)
(-0.02877 0.01022 0.00769)
(-0.07584 0.02661 0.02377)
(-0.08328 0.02763 0.03042)
(-0.08333 0.02941 0.02780)
(-0.07155 0.02300 0.03820)
(-0.05306 0.01507 0.04963)
(-0.04775 0.01333 0.05078)
(-0.04569 0.01298 0.05199)
(-0.04240 0.01184 0.05303)
(-0.02112 0.00182 0.05177)
(-0.01507 0.00518 0.05116)
(-0.02476 0.00129 0.04657)
(-0.01722 0.00123 0.04177)
(-0.00070 -0.00520 0.03051)
(0.00823 -0.01572 0.02601)
(0.00428 -0.02123 0.02676)
(0.01821 -0.03675 0.01024)
(0.01506 -0.04125 0.01238)
(0.02059 -0.03953 0.00827)
(0.01785 -0.04394 0.01067)
(0.02558 -0.06528 0.00982)
(0.02989 -0.06696 0.00707)
(0.03451 -0.06877 0.00448)
(0.04805 -0.06876 -0.00454)
(0.07776 -0.07215 -0.01885)
(0.07163 -0.07130 -0.02522)
(0.10600 -0.07150 -0.03906)
(0.10530 -0.06843 -0.03932)
(0.10568 -0.06646 -0.03865)
(0.08063 -0.05414 -0.03536)
(0.06652 -0.04490 -0.03208)
(0.06011 -0.04141 -0.03064)
(0.06812 -0.03901 -0.01580)
(0.02484 -0.03526 -0.01864)
(0.03154 -0.03744 -0.01455)
(0.03907 -0.03807 -0.00713)
(0.04109 -0.04351 0.01074)
(0.05392 -0.04340 0.01790)
(0.03236 -0.04717 0.01670)
(0.04088 -0.04339 0.03642)
(0.03685 -0.04493 0.03768)
(0.03298 -0.04671 0.04044)
(0.02952 -0.04825 0.04282)
(0.00634 -0.05795 0.06026)
(-0.00195 -0.02049 0.02029)
(-0.00095 -0.00779 0.00818)
(0.00098 0.00809 -0.00838)
(-0.00837 0.00297 0.00140)
(-0.02980 0.01074 0.00716)
(-0.05330 0.01910 0.01453)
(-0.04589 0.01660 0.01123)
(-0.07988 0.02859 0.02611)
(-0.07699 0.02732 0.03017)
(-0.03824 0.01140 0.04845)
(-0.03998 0.01178 0.04487)
(-0.04291 0.01248 0.05355)
(-0.03968 0.01153 0.05538)
(-0.01708 0.00766 0.05568)
(-0.00233 0.00304 0.06298)
(-0.00992 0.00119 0.05266)
(0.00287 -0.00135 0.05555)
(0.00137 -0.00286 0.03747)
(0.01133 -0.00752 0.02989)
(0.01382 -0.01023 0.02642)
(0.01818 -0.01508 0.02091)
(0.01861 -0.02724 0.01449)
(0.02474 -0.03730 0.00508)
(0.02388 -0.04262 0.00577)
(0.02804 -0.04056 0.00214)
(0.04090 -0.05002 -0.00418)
(0.04824 -0.06324 -0.00831)
(0.05231 -0.06066 -0.01529)
(0.07349 -0.06183 -0.02889)
(0.08105 -0.06024 -0.03646)
(0.09246 -0.07103 -0.03720)
(0.10106 -0.07093 -0.03529)
(0.11177 -0.06863 -0.03828)
(0.11296 -0.06710 -0.03707)
(0.10969 -0.05947 -0.03129)
(0.07802 -0.04844 -0.02987)
(0.08365 -0.04985 -0.02636)
(0.07543 -0.04668 -0.02550)
(0.09966 -0.05349 -0.00428)
(0.08536 -0.04762 -0.00453)
(0.09338 -0.05065 0.00026)
(0.07984 -0.04804 0.01056)
(0.10972 -0.05999 0.02356)
(0.08811 -0.04887 0.01622)
(0.07354 -0.04498 0.01851)
(0.09966 -0.05085 0.03033)
(0.06144 -0.04424 0.03381)
(0.04591 -0.04321 0.03954)
(0.04090 -0.04389 0.04030)
(0.03834 -0.04412 0.04253)
(0.03558 -0.04390 0.04469)
(0.03007 -0.04485 0.04548)
(0.02139 -0.04605 0.06563)
(0.00166 -0.05379 0.06806)
(-0.00385 -0.02181 0.02754)
(0.00046 0.00303 -0.00338)
(0.00041 -0.00015 -0.00002)
(-0.00542 0.00184 0.00032)
(-0.03065 0.01040 0.00327)
(-0.07284 0.02638 0.02049)
(-0.05937 0.01886 0.02512)
(-0.05160 0.01698 0.03393)
(-0.02994 0.00788 0.02750)
(-0.04025 0.01277 0.04527)
(-0.02818 0.00822 0.05292)
(-0.00817 0.00556 0.05744)
(-0.00683 0.00443 0.05695)
(-0.00857 0.00390 0.05601)
(-0.00342 0.00444 0.05425)
(0.00173 0.00373 0.05993)
(0.00021 0.00239 0.06762)
(0.01061 0.00064 0.05088)
(0.01457 -0.00460 0.03653)
(0.01756 -0.00995 0.02645)
(0.02049 -0.01172 0.02121)
(0.03160 -0.01752 0.00263)
(0.03755 -0.02063 -0.00891)
(0.04491 -0.02992 -0.02366)
(0.04010 -0.04344 -0.01355)
(0.04969 -0.02882 -0.03231)
(0.06081 -0.04791 -0.03358)
(0.07387 -0.05430 -0.04179)
(0.07102 -0.05189 -0.03990)
(0.07655 -0.05161 -0.04401)
(0.09686 -0.05956 -0.04092)
(0.09157 -0.05141 -0.05758)
(0.11629 -0.06776 -0.04171)
(0.11240 -0.06585 -0.04466)
(0.11631 -0.06940 -0.03304)
(0.11763 -0.06457 -0.03115)
(0.11790 -0.06578 -0.02690)
(0.13900 -0.07173 -0.01559)
(0.11982 -0.06390 -0.00033)
(0.13682 -0.07591 0.00706)
(0.13967 -0.07255 0.02025)
(0.14300 -0.07421 0.02279)
(0.12787 -0.07904 0.04078)
(0.11535 -0.06429 0.03896)
(0.12130 -0.07233 0.05667)
(0.09846 -0.05787 0.04825)
(0.08360 -0.05066 0.04297)
(0.06535 -0.04647 0.05668)
(0.05750 -0.04797 0.07107)
(0.03528 -0.04334 0.06016)
(0.00788 -0.03617 0.07868)
(0.00165 -0.04652 0.08250)
(0.02506 -0.03803 0.08003)
(-0.00363 -0.03375 0.08371)
(-0.00598 -0.02398 0.04278)
(-0.00046 -0.00153 0.00251)
(0.00113 0.00333 -0.00562)
(-0.00227 0.00072 -0.00029)
(-0.01414 0.00470 0.00086)
(-0.05203 0.01579 0.01261)
(-0.02541 0.00293 0.01267)
(-0.02784 0.00525 0.01858)
(-0.01847 0.00102 0.03234)
(-0.01569 -0.00217 0.02355)
(-0.00956 0.00196 0.04436)
(-0.00587 0.00528 0.06023)
(-0.00048 0.00771 0.05162)
(-0.00056 0.00452 0.05437)
(0.00528 0.00327 0.05775)
(0.00582 0.00580 0.05018)
(0.01265 0.00708 0.04103)
(0.02051 0.00572 0.01896)
(0.02365 0.00488 0.01149)
(0.02041 -0.00001 0.01352)
(0.03315 -0.00727 0.00292)
(0.04057 -0.01609 -0.00682)
(0.04536 -0.01093 -0.02856)
(0.05113 -0.00863 -0.04626)
(0.06371 -0.03856 -0.04029)
(0.07463 -0.04995 -0.04631)
(0.06829 -0.03397 -0.05509)
(0.07129 -0.02533 -0.07385)
(0.07262 -0.02498 -0.07454)
(0.10504 -0.05480 -0.05169)
(0.11208 -0.06075 -0.04887)
(0.10978 -0.05748 -0.04373)
(0.11374 -0.06007 -0.04018)
(0.14302 -0.07242 -0.01697)
(0.15184 -0.07984 -0.00723)
(0.13881 -0.07739 0.00184)
(0.15402 -0.08978 0.00922)
(0.14613 -0.07740 0.02000)
(0.14416 -0.08463 0.02618)
(0.15271 -0.09555 0.05161)
(0.13977 -0.09111 0.06583)
(0.13638 -0.09076 0.06993)
(0.12618 -0.07946 0.06916)
(0.09107 -0.05637 0.05529)
(0.11290 -0.07442 0.07436)
(0.09106 -0.05884 0.06892)
(0.06832 -0.04909 0.07345)
(0.05772 -0.04783 0.08489)
(0.02991 -0.03938 0.08163)
(0.01294 -0.04013 0.08859)
(-0.00481 -0.03100 0.08315)
(0.00345 -0.03973 0.09117)
(-0.01184 -0.02734 0.06024)
(-0.00225 -0.00663 0.01142)
(-0.00099 -0.00300 0.00652)
(0.00370 -0.00116 0.00052)
(-0.01426 0.00439 -0.00182)
(-0.00139 0.00043 -0.00020)
(-0.01621 0.00468 -0.00224)
(-0.02987 0.00665 0.00298)
(-0.01856 -0.00001 0.01789)
(-0.01284 -0.00243 0.01138)
(-0.00918 -0.00424 0.01789)
(-0.00252 -0.00399 0.02238)
(-0.00661 -0.00160 0.03252)
(0.00620 -0.00284 0.03031)
(0.00304 -0.00063 0.04143)
(-0.00150 0.00541 0.04813)
(0.00801 0.01218 0.04145)
(0.00846 0.01345 0.04023)
(0.01107 0.00926 0.04302)
(0.02035 0.00816 0.02169)
(0.02197 0.00823 0.01023)
(0.02532 0.00552 0.00461)
(0.03750 -0.00319 -0.01063)
(0.04315 0.00185 -0.03496)
(0.03953 0.00753 -0.05373)
(0.03783 0.02076 -0.08051)
(0.05383 -0.01141 -0.05023)
(0.05646 -0.01116 -0.06390)
(0.06802 -0.02036 -0.07022)
(0.06535 -0.01895 -0.07813)
(0.06563 -0.01844 -0.07897)
(0.07432 -0.02567 -0.07503)
(0.09959 -0.04767 -0.05656)
(0.10513 -0.05551 -0.04764)
(0.10744 -0.05810 -0.04446)
(0.12971 -0.07000 -0.03154)
(0.13524 -0.08327 -0.01480)
(0.15845 -0.09697 0.00543)
(0.16007 -0.11021 0.02028)
(0.16152 -0.11160 0.02576)
(0.16144 -0.10385 0.03343)
(0.15241 -0.10002 0.05749)
(0.14241 -0.09658 0.06929)
(0.13861 -0.09621 0.07341)
(0.13366 -0.09019 0.07411)
(0.12683 -0.08440 0.07875)
(0.09749 -0.06879 0.08835)
(0.06916 -0.05220 0.09077)
(0.05448 -0.04805 0.09187)
(0.04227 -0.04161 0.08965)
(0.04049 -0.04368 0.10078)
(0.02137 -0.04258 0.09821)
(0.01772 -0.04542 0.10561)
(-0.00964 -0.03482 0.08033)
(-0.00209 -0.00713 0.01560)
(0.00331 -0.00099 0.00049)
(-0.00564 0.00159 -0.00085)
(-0.02949 0.00731 -0.00428)
(-0.02218 0.00505 -0.00355)
(-0.02693 0.00533 -0.00448)
(-0.00078 -0.00822 0.00505)
(0.00034 -0.00770 0.01029)
(0.00255 -0.00491 0.01103)
(0.01877 -0.00631 0.01815)
(0.01800 -0.00457 0.01972)
(0.00754 0.00090 0.04104)
(0.00827 0.01225 0.03803)
(0.00863 0.01430 0.03466)
(0.00861 0.01677 0.03112)
(0.00905 0.01563 0.03499)
(0.01422 0.01623 0.01916)
(0.01791 0.01431 0.00579)
(0.02072 0.01223 0.00241)
(0.01120 0.03376 -0.03480)
(0.02608 0.00669 -0.00201)
(0.03314 0.01726 -0.04639)
(0.03296 0.01825 -0.05097)
(0.03246 0.02829 -0.08370)
(0.03776 0.02062 -0.08382)
(0.03672 0.02191 -0.08688)
(0.05850 -0.01196 -0.08299)
(0.05772 -0.01125 -0.08390)
(0.06660 -0.01965 -0.07929)
(0.06724 -0.02144 -0.07976)
(0.07783 -0.03470 -0.07126)
(0.09346 -0.05216 -0.06284)
(0.11882 -0.07455 -0.03256)
(0.11309 -0.07774 -0.03473)
(0.14093 -0.09315 -0.01112)
(0.15478 -0.11312 0.01884)
(0.15432 -0.11645 0.02407)
(0.15917 -0.11694 0.03037)
(0.15058 -0.12063 0.04909)
(0.14271 -0.10246 0.07257)
(0.13853 -0.10219 0.07646)
(0.13466 -0.09527 0.07811)
(0.12804 -0.09729 0.09370)
(0.10092 -0.07628 0.09745)
(0.09706 -0.07244 0.09597)
(0.08222 -0.06488 0.11370)
(0.06561 -0.05613 0.11082)
(0.05962 -0.05323 0.10922)
(0.06298 -0.05596 0.11280)
(0.05781 -0.05320 0.11131)
(0.05204 -0.05056 0.11027)
(0.02214 -0.04698 0.10880)
(-0.00946 -0.04618 0.10769)
(-0.00643 -0.04384 0.09978)
(-0.00265 -0.01142 0.02499)
(0.00093 0.00350 -0.00754)
(0.00114 -0.00031 0.00018)
(-0.00838 0.00206 -0.00133)
(0.00302 -0.00987 -0.00544)
(-0.00790 -0.00594 -0.00568)
(0.01194 -0.01835 -0.00623)
(0.00749 -0.01474 -0.00170)
(0.01836 -0.01433 0.00667)
(0.02125 -0.00880 0.01358)
(0.01973 -0.00603 0.01533)
(0.01610 -0.00255 0.02243)
(0.01286 0.00342 0.02223)
(0.00838 0.01506 0.03092)
(0.00815 0.01788 0.02731)
(-0.00125 0.02868 0.00617)
(0.00811 0.02020 0.02632)
(0.00247 0.03999 -0.00860)
(-0.00171 0.03891 -0.02285)
(-0.00394 0.04847 -0.04712)
(0.01459 0.04655 -0.05947)
(0.02460 0.03449 -0.06060)
(0.02114 0.03746 -0.08130)
(0.03181 0.02897 -0.08757)
(0.02592 0.03698 -0.09123)
(0.03050 0.02982 -0.09107)
(0.02738 0.02092 -0.09747)
(0.02505 0.02189 -0.10737)
(0.05820 -0.01304 -0.08394)
(0.05267 -0.01354 -0.08797)
(0.04882 -0.02487 -0.08493)
(0.05852 -0.03376 -0.08090)
(0.10060 -0.06513 -0.05181)
(0.10714 -0.07511 -0.04543)
(0.12025 -0.09022 -0.02457)
(0.13264 -0.10822 0.00381)
(0.14742 -0.11873 0.02150)
(0.15370 -0.12016 0.02994)
(0.13872 -0.12951 0.05319)
(0.14081 -0.11824 0.07090)
(0.13408 -0.12500 0.08244)
(0.13549 -0.11450 0.09514)
(0.12452 -0.10964 0.10861)
(0.11293 -0.08803 0.11112)
(0.09149 -0.07679 0.11207)
(0.10010 -0.08668 0.12377)
(0.08578 -0.07348 0.11579)
(0.06749 -0.05913 0.11524)
(0.05925 -0.05462 0.11365)
(0.04720 -0.05343 0.11831)
(0.02871 -0.05265 0.11624)
(-0.00462 -0.04726 0.10991)
(0.00299 -0.04673 0.11134)
(-0.00248 -0.01593 0.03468)
(0.00015 0.00072 -0.00154)
(0.00003 -0.00013 0.00003)
(0.00120 -0.00431 -0.00033)
(0.00179 -0.00345 0.00094)
(0.01146 -0.01628 -0.00330)
(0.01465 -0.01913 -0.00387)
(0.02218 -0.02606 -0.00657)
(0.03044 -0.02922 -0.00204)
(0.02960 -0.02166 -0.00475)
(0.02496 -0.01761 0.00740)
(0.02200 -0.00798 0.01092)
(0.01175 0.00045 0.00509)
(0.00629 0.01006 0.00575)
(0.00302 0.02468 0.00906)
(-0.01232 0.03915 -0.01719)
(-0.00729 0.04640 -0.02365)
(-0.01142 0.05830 -0.03255)
(-0.01740 0.06405 -0.05105)
(-0.00029 0.05220 -0.06707)
(-0.02007 0.06888 -0.08032)
(-0.00122 0.06053 -0.08933)
(-0.01421 0.07152 -0.10767)
(-0.01318 0.07042 -0.11854)
(0.02444 0.03772 -0.09490)
(0.00851 0.03847 -0.11377)
(-0.00845 0.05427 -0.13153)
(0.02596 0.01596 -0.10958)
(0.01814 0.01102 -0.11177)
(0.03206 -0.01037 -0.09774)
(0.03117 -0.01867 -0.09641)
(0.07233 -0.05599 -0.06704)
(0.06559 -0.06845 -0.05590)
(0.10139 -0.09425 -0.02362)
(0.09459 -0.10672 -0.01269)
(0.09146 -0.11976 -0.00115)
(0.12153 -0.13560 0.03127)
(0.12113 -0.14128 0.04380)
(0.12801 -0.14686 0.07531)
(0.12613 -0.14542 0.07748)
(0.12655 -0.12482 0.09977)
(0.12017 -0.12164 0.10697)
(0.11209 -0.09823 0.11477)
(0.10372 -0.10106 0.12438)
(0.08426 -0.07300 0.12474)
(0.08061 -0.07767 0.12699)
(0.06334 -0.05762 0.11609)
(0.07627 -0.07598 0.13480)
(0.05384 -0.06019 0.12638)
(0.04370 -0.05905 0.12282)
(0.04823 -0.06236 0.12769)
(0.02704 -0.05762 0.12372)
(0.00801 -0.02505 0.05087)
(-0.00003 -0.00174 0.00355)
(0.00034 -0.00066 0.00027)
(0.00877 -0.01082 0.00026)
(0.01838 -0.02115 -0.00375)
(0.03866 -0.03370 -0.00756)
(0.03651 -0.03196 -0.00790)
(0.03137 -0.02568 -0.00736)
(0.02331 -0.01675 -0.01364)
(0.02658 -0.01933 -0.00486)
(0.01720 -0.00933 -0.01188)
(0.01252 0.00322 -0.01133)
(-0.00317 0.02514 -0.01167)
(-0.01926 0.04207 -0.02286)
(-0.01964 0.05231 -0.03092)
(-0.03548 0.05974 -0.04290)
(-0.01918 0.05921 -0.04092)
(-0.03546 0.07841 -0.06452)
(-0.06638 0.10744 -0.11898)
(-0.03776 0.08440 -0.10890)
(-0.04171 0.09598 -0.12590)
(-0.03696 0.09134 -0.12976)
(-0.02717 0.08047 -0.13695)
(-0.02226 0.07241 -0.13754)
(-0.02011 0.06425 -0.13852)
(-0.00676 0.04401 -0.12662)
(0.00036 0.02428 -0.12100)
(-0.00661 0.01462 -0.12421)
(-0.00620 0.00375 -0.11704)
(0.03054 -0.03582 -0.08489)
(0.02073 -0.06320 -0.06761)
(0.06388 -0.08404 -0.04354)
(0.07198 -0.10544 -0.02341)
(0.07185 -0.12574 0.00287)
(0.09925 -0.13677 0.02352)
(0.09374 -0.14475 0.03876)
(0.12485 -0.14760 0.07436)
(0.11641 -0.14923 0.08453)
(0.12561 -0.13748 0.10092)
(0.10730 -0.14650 0.11689)
(0.11314 -0.12628 0.11957)
(0.10537 -0.11449 0.12917)
(0.10413 -0.10272 0.12531)
(0.09810 -0.08963 0.13204)
(0.10202 -0.10108 0.14275)
(0.09472 -0.09303 0.14313)
(0.08050 -0.07979 0.13617)
(0.06447 -0.06556 0.13282)
(0.05981 -0.06363 0.13176)
(0.04858 -0.06334 0.12843)
(0.02309 -0.04355 0.08904)
(0.00750 -0.02182 0.04353)
(0.00091 -0.00328 0.00648)
(-0.00041 0.00043 -0.00061)
(0.00173 -0.00164 0.00207)
(0.01370 -0.01208 0.00672)
(0.03131 -0.02954 0.00207)
(0.03864 -0.03416 -0.00605)
(0.04119 -0.03601 -0.00933)
(0.03603 -0.02905 -0.00700)
(0.04190 -0.03596 -0.01193)
(0.02782 -0.01872 -0.01832)
(0.01960 -0.01183 -0.01639)
(0.01448 -0.00532 -0.01631)
(-0.01883 0.03144 -0.03610)
(-0.00527 0.02488 -0.02511)
(-0.03080 0.04664 -0.04078)
(-0.06296 0.08575 -0.07106)
(-0.05675 0.08405 -0.06848)
(-0.07594 0.10110 -0.08868)
(-0.05909 0.09176 -0.08579)
(-0.07624 0.11439 -0.12571)
(-0.06989 0.11167 -0.12812)
(-0.07198 0.11527 -0.13543)
(-0.06677 0.11650 -0.14360)
(-0.04134 0.08896 -0.14773)
(-0.04690 0.09075 -0.15770)
(-0.05546 0.09707 -0.17396)
(-0.04615 0.08165 -0.16450)
(-0.02898 0.05937 -0.14508)
(-0.02593 0.04279 -0.14264)
(-0.03621 0.03853 -0.14381)
(-0.03544 0.03278 -0.14086)
(0.00737 -0.01934 -0.09853)
(0.01178 -0.05808 -0.07237)
(0.02244 -0.07069 -0.06182)
(0.03141 -0.08592 -0.05003)
(0.03809 -0.11227 -0.01245)
(0.06726 -0.13542 0.01838)
(0.06195 -0.15106 0.04027)
(0.09002 -0.15633 0.05491)
(0.08381 -0.15104 0.07285)
(0.10624 -0.15238 0.11142)
(0.10570 -0.15175 0.11612)
(0.10792 -0.14618 0.12077)
(0.10964 -0.14711 0.12395)
(0.10553 -0.10980 0.13787)
(0.10503 -0.10672 0.14421)
(0.09611 -0.09504 0.14401)
(0.09831 -0.09721 0.14735)
(0.09239 -0.08720 0.14309)
(0.07653 -0.07886 0.13852)
(0.07746 -0.08335 0.14342)
(0.07507 -0.08243 0.14084)
(0.05551 -0.06988 0.13390)
(0.03321 -0.04887 0.08972)
(0.00309 -0.00521 0.00950)
(0.00330 -0.00522 0.00947)
(0.00187 -0.00149 0.00263)
(0.01703 -0.01503 0.01207)
(0.03999 -0.03506 -0.00493)
(0.04055 -0.03558 -0.00693)
(0.04137 -0.03597 -0.00950)
(0.04172 -0.03540 -0.01259)
(0.03143 -0.02140 -0.02443)
(0.01812 -0.00810 -0.03110)
(0.01444 -0.00574 -0.01948)
(-0.02241 0.03350 -0.04383)
(-0.03532 0.04961 -0.05508)
(-0.07346 0.09639 -0.08444)
(-0.08117 0.10365 -0.09148)
(-0.08302 0.10801 -0.09577)
(-0.09331 0.11721 -0.11720)
(-0.08009 0.11882 -0.13358)
(-0.09243 0.12737 -0.13952)
(-0.08256 0.12216 -0.14087)
(-0.09875 0.13777 -0.17438)
(-0.09490 0.13704 -0.19054)
(-0.08306 0.12890 -0.18083)
(-0.07628 0.11996 -0.18832)
(-0.08523 0.12674 -0.20615)
(-0.08432 0.12301 -0.20614)
(-0.05480 0.07883 -0.16696)
(-0.04423 0.04657 -0.15114)
(-0.04396 0.04124 -0.14792)
(-0.03646 0.02836 -0.13837)
(-0.02311 -0.01399 -0.10969)
(0.01216 -0.06455 -0.06766)
(0.00957 -0.07703 -0.05433)
(0.01949 -0.10609 -0.02364)
(0.03819 -0.12305 0.00003)
(0.05303 -0.15035 0.03686)
(0.06321 -0.15449 0.04743)
(0.06385 -0.15812 0.05313)
(0.10283 -0.15685 0.11174)
(0.10300 -0.15724 0.11553)
(0.10675 -0.15193 0.12018)
(0.10899 -0.15321 0.12424)
(0.11065 -0.13246 0.13712)
(0.11557 -0.12747 0.14931)
(0.10803 -0.11858 0.15459)
(0.10622 -0.11220 0.15339)
(0.09383 -0.09132 0.14940)
(0.08790 -0.09440 0.14798)
(0.08403 -0.09172 0.14648)
(0.05836 -0.07561 0.13787)
(0.04043 -0.05738 0.10444)
(0.02113 -0.03160 0.05745)
(0.04241 -0.05947 0.10751)
(0.00556 -0.00850 0.01542)
(0.00046 -0.00034 0.00074)
(0.00381 -0.00291 0.00550)
(0.00235 -0.00169 0.00387)
(0.01032 -0.00814 0.01287)
(0.02474 -0.01954 0.01198)
(0.03329 -0.02652 0.00394)
(0.04119 -0.03633 -0.00639)
(0.04141 -0.03583 -0.00971)
(0.04146 -0.03596 -0.00948)
(0.02996 -0.01924 -0.02546)
(0.02943 -0.02134 -0.03095)
(0.02308 -0.01049 -0.03379)
(-0.00447 0.01674 -0.05025)
(-0.02633 0.03836 -0.05471)
(-0.04831 0.06039 -0.06907)
(-0.06893 0.08498 -0.07935)
(-0.08745 0.10785 -0.09459)
(-0.08933 0.11160 -0.09912)
(-0.10918 0.12978 -0.11704)
(-0.14552 0.16243 -0.16731)
(-0.09488 0.13055 -0.14605)
(-0.13014 0.16142 -0.20135)
(-0.13539 0.16526 -0.22291)
(-0.10694 0.14323 -0.20949)
(-0.09932 0.13900 -0.21770)
(-0.09195 0.13004 -0.21408)
(-0.07977 0.10623 -0.19454)
(-0.06939 0.07524 -0.17859)
(-0.05286 0.05151 -0.15648)
(-0.04503 0.03499 -0.14383)
(-0.05394 0.00839 -0.12351)
(-0.01611 -0.04531 -0.08024)
(-0.01887 -0.06277 -0.06182)
(-0.01116 -0.08629 -0.04383)
(0.02025 -0.12226 -0.00347)
(0.03773 -0.14834 0.02918)
(0.05547 -0.15436 0.04516)
(0.05773 -0.15966 0.05282)
(0.07884 -0.16267 0.09045)
(0.09848 -0.17154 0.11194)
(0.10470 -0.15780 0.11974)
(0.10722 -0.16334 0.13016)
(0.11517 -0.15284 0.13945)
(0.11118 -0.15504 0.14970)
(0.11632 -0.13458 0.15440)
(0.11346 -0.12729 0.15452)
(0.11149 -0.12064 0.15491)
(0.10222 -0.11121 0.15270)
(0.07630 -0.08918 0.14906)
(0.06194 -0.07843 0.14118)
(0.06094 -0.07953 0.14210)
(0.05750 -0.07866 0.14091)
(0.03721 -0.05289 0.09539)
(0.00570 -0.00923 0.01666)
(-0.00443 0.00739 -0.01343)
(0.00019 -0.00008 0.00053)
(0.00256 -0.00121 0.00637)
(0.02312 -0.01787 0.01808)
(0.01346 -0.00953 0.01487)
(0.03058 -0.02357 0.02057)
(0.03266 -0.02648 0.00921)
(0.03772 -0.03314 0.00264)
(0.04178 -0.03325 -0.01093)
(0.03653 -0.02602 -0.02036)
(0.02715 -0.01426 -0.03646)
(0.02634 -0.01153 -0.03832)
(0.00242 0.01066 -0.04559)
(-0.02665 0.04306 -0.05666)
(-0.06409 0.07799 -0.07520)
(-0.08224 0.09380 -0.08790)
(-0.10208 0.11250 -0.09778)
(-0.13632 0.14688 -0.12942)
(-0.09598 0.11638 -0.10224)
(-0.12874 0.14390 -0.13056)
(-0.16837 0.18137 -0.17692)
(-0.15187 0.17187 -0.18244)
(-0.15344 0.17392 -0.21183)
(-0.15523 0.17940 -0.22814)
(-0.13076 0.16129 -0.22874)
(-0.13946 0.16811 -0.24276)
(-0.13947 0.15984 -0.24940)
(-0.10773 0.12657 -0.22148)
(-0.10194 0.10754 -0.20591)
(-0.10153 0.10283 -0.20495)
(-0.08146 0.05821 -0.16376)
(-0.06711 0.02135 -0.13363)
(-0.05415 -0.00775 -0.11064)
(-0.04099 -0.04514 -0.07894)
(-0.03572 -0.06176 -0.06438)
(-0.00748 -0.10413 -0.02334)
(-0.00447 -0.11359 -0.00672)
(0.04800 -0.15325 0.04302)
(0.04582 -0.16615 0.05989)
(0.06081 -0.17768 0.07957)
(0.06508 -0.18477 0.09569)
(0.08414 -0.18175 0.11592)
(0.09109 -0.17908 0.12238)
(0.10796 -0.17197 0.14116)
(0.11336 -0.16385 0.15406)
(0.11192 -0.14530 0.15739)
(0.10555 -0.14052 0.16277)
(0.10724 -0.12381 0.16114)
(0.08782 -0.11423 0.16246)
(0.08735 -0.10849 0.15697)
(0.08180 -0.10772 0.16552)
(0.07269 -0.09294 0.16147)
(0.05620 -0.07999 0.13896)
(0.03330 -0.04920 0.08580)
(0.00896 -0.01393 0.02492)
(-0.00308 0.00548 -0.01033)
(0.00195 -0.00066 0.00450)
(0.01253 -0.00581 0.02337)
(0.02990 -0.02226 0.01887)
(0.03698 -0.03139 0.00645)
(0.04090 -0.03711 -0.00113)
(0.03891 -0.03112 -0.00486)
(0.03059 -0.01646 -0.01974)
(0.03598 -0.02564 -0.01935)
(0.02670 -0.01214 -0.03032)
(0.01202 0.00477 -0.03847)
(0.02034 -0.00507 -0.04038)
(-0.00807 0.02476 -0.05100)
(-0.03046 0.04691 -0.06145)
(-0.04945 0.06686 -0.06971)
(-0.06123 0.07712 -0.07402)
(-0.08649 0.09773 -0.09004)
(-0.08199 0.09486 -0.08416)
(-0.11591 0.12382 -0.10582)
(-0.14982 0.15165 -0.13108)
(-0.15737 0.16693 -0.15750)
(-0.17311 0.18468 -0.18069)
(-0.17992 0.19344 -0.18803)
(-0.17982 0.19334 -0.23081)
(-0.19692 0.20749 -0.26626)
(-0.15917 0.18262 -0.25226)
(-0.15615 0.17847 -0.25495)
(-0.15831 0.16825 -0.26490)
(-0.14058 0.15233 -0.24897)
(-0.12760 0.13466 -0.23156)
(-0.11528 0.11366 -0.21655)
(-0.09554 0.07597 -0.17651)
(-0.08963 0.05284 -0.15701)
(-0.06912 0.00620 -0.12125)
(-0.06617 -0.01411 -0.09918)
(-0.06549 -0.04017 -0.07376)
(-0.02427 -0.08810 -0.03541)
(-0.01723 -0.10712 -0.00839)
(0.00319 -0.14422 0.02528)
(0.01279 -0.16068 0.04945)
(0.04102 -0.17416 0.06867)
(0.05927 -0.19235 0.08989)
(0.06249 -0.19334 0.09990)
(0.08349 -0.18895 0.12138)
(0.07811 -0.19718 0.12378)
(0.09883 -0.17485 0.14040)
(0.10909 -0.16226 0.15637)
(0.09347 -0.16780 0.16442)
(0.09396 -0.16223 0.16644)
(0.09378 -0.14961 0.16747)
(0.09170 -0.15906 0.16877)
(0.09010 -0.13338 0.16744)
(0.07782 -0.11073 0.16817)
(0.07460 -0.10773 0.16620)
(0.06200 -0.09173 0.15270)
(0.01742 -0.02910 0.04945)
(0.00218 -0.00482 0.00826)
(-0.00083 0.00185 -0.00319)
(0.00035 -0.00010 0.00089)
(0.00602 -0.00219 0.01365)
(0.01785 -0.00843 0.03316)
(0.02771 -0.01878 0.02291)
(0.03300 -0.02319 0.00862)
(0.03276 -0.02098 0.00449)
(0.03469 -0.02251 -0.00580)
(0.02270 -0.00589 -0.02707)
(0.02042 -0.00241 -0.03152)
(0.01662 0.00289 -0.03469)
(-0.01004 0.02702 -0.05308)
(-0.05026 0.06884 -0.06982)
(-0.06056 0.07745 -0.07396)
(-0.07198 0.08824 -0.07851)
(-0.12066 0.13002 -0.10940)
(-0.14427 0.15009 -0.13287)
(-0.16740 0.16818 -0.16058)
(-0.18758 0.18902 -0.19201)
(-0.18627 0.19378 -0.20069)
(-0.19468 0.19974 -0.21143)
(-0.19638 0.20477 -0.24344)
(-0.20214 0.21075 -0.27004)
(-0.19570 0.20698 -0.27348)
(-0.18891 0.20124 -0.27478)
(-0.17245 0.18293 -0.27530)
(-0.15739 0.16540 -0.26199)
(-0.14364 0.15331 -0.25139)
(-0.13970 0.13730 -0.23672)
(-0.11548 0.09538 -0.19050)
(-0.11706 0.08246 -0.17582)
(-0.09552 0.04151 -0.14548)
(-0.07773 -0.00665 -0.10205)
(-0.07039 -0.03181 -0.07825)
(-0.06225 -0.04938 -0.06432)
(-0.04290 -0.07888 -0.03396)
(-0.00769 -0.14122 0.02241)
(0.00152 -0.14580 0.02540)
(0.00734 -0.14756 0.03364)
(0.03659 -0.17689 0.07583)
(0.05654 -0.19395 0.09836)
(0.06342 -0.19382 0.10560)
(0.06482 -0.19367 0.10871)
(0.07732 -0.18107 0.12425)
(0.08625 -0.17125 0.15321)
(0.08952 -0.16384 0.16691)
(0.09363 -0.15132 0.17044)
(0.08695 -0.13738 0.16958)
(0.07325 -0.12959 0.16352)
(0.07466 -0.11887 0.16736)
(0.06861 -0.10887 0.16756)
(0.05852 -0.09358 0.14492)
(0.01760 -0.03090 0.05309)
(0.00126 -0.00224 0.00384)
(0.00021 0.00002 0.00050)
(0.00683 -0.00008 0.01463)
(0.02160 -0.00740 0.02089)
(0.03194 -0.01666 0.01523)
(0.03177 -0.01812 0.01447)
(0.02971 -0.01595 0.00168)
(0.02411 -0.00723 -0.00615)
(0.03082 -0.01695 -0.00227)
(0.02173 -0.00387 -0.02656)
(0.01921 -0.00042 -0.03080)
(0.01827 0.00145 -0.03031)
(0.01500 0.00546 -0.03426)
(0.01214 0.00863 -0.03762)
(-0.04386 0.06621 -0.06635)
(-0.05972 0.07798 -0.07356)
(-0.07046 0.08814 -0.07802)
(-0.12113 0.13281 -0.11550)
(-0.13712 0.14603 -0.12868)
(-0.16892 0.17492 -0.17068)
(-0.19015 0.19520 -0.19847)
(-0.19435 0.19904 -0.20870)
(-0.19906 0.20624 -0.24348)
(-0.20596 0.21343 -0.27361)
(-0.20137 0.21062 -0.27683)
(-0.20131 0.21111 -0.28232)
(-0.19358 0.20146 -0.28971)
(-0.16545 0.17215 -0.26801)
(-0.16877 0.17032 -0.26288)
(-0.14389 0.12897 -0.22451)
(-0.11486 0.07469 -0.16783)
(-0.10459 0.04560 -0.14488)
(-0.06727 -0.04039 -0.07012)
(-0.03280 -0.09676 -0.01534)
(-0.01766 -0.12540 0.00403)
(0.01043 -0.15852 0.04872)
(0.05775 -0.19279 0.10043)
(0.06535 -0.19468 0.11126)
(0.08676 -0.16860 0.16444)
(0.08070 -0.14764 0.16538)
(0.02013 -0.03731 0.05821)
(0.00116 0.00021 0.00300)
(0.01234 -0.00156 0.01683)
(0.02931 -0.01153 0.01439)
(0.01995 -0.00285 0.02415)
(0.02977 -0.01059 0.01277)
(0.03117 -0.01329 0.00978)
(0.02451 -0.00259 -0.00473)
(0.02095 -0.00195 -0.02626)
(0.01760 0.00322 -0.03020)
(0.01364 0.00785 -0.03411)
(0.00462 0.02052 -0.04172)
(-0.03131 0.05994 -0.06242)
(-0.05227 0.08143 -0.07021)
(-0.06346 0.08566 -0.07626)
(-0.11058 0.12988 -0.10665)
(-0.11498 0.12776 -0.11099)
(-0.13916 0.14909 -0.12908)
(-0.17324 0.18002 -0.16611)
(-0.16358 0.17417 -0.15797)
(-0.18783 0.19382 -0.19704)
(-0.19185 0.19774 -0.20849)
(-0.20097 0.20410 -0.23189)
(-0.20793 0.21570 -0.27287)
(-0.20671 0.21503 -0.28096)
(-0.20557 0.21422 -0.28439)
(-0.18777 0.19618 -0.28924)
(-0.00181 -0.00103 -0.00418)
(0.00560 0.00175 0.01017)
(0.02205 0.00261 0.02759)
(0.02668 -0.00345 0.02423)
(0.02822 -0.00751 0.01297)
(0.03059 -0.00940 0.00430)
(0.02454 -0.00115 -0.00553)
(0.02282 0.00160 -0.01144)
(0.02326 0.00177 -0.01066)
(0.01677 0.00668 -0.02970)
(0.00450 0.02267 -0.03872)
(-0.00707 0.03616 -0.04646)
(-0.03974 0.07249 -0.06420)
(-0.04312 0.07731 -0.06539)
(-0.07363 0.10097 -0.08726)
(-0.10021 0.12370 -0.10348)
(-0.13491 0.14833 -0.12887)
(-0.15158 0.16656 -0.15504)
(-0.18139 0.19102 -0.19402)
(-0.20035 0.20838 -0.23831)
(-0.20814 0.21883 -0.26686)
(-0.00198 -0.00112 -0.00385)
(0.00141 0.00077 0.00267)
(0.01045 0.00557 0.01750)
(0.02495 0.00370 0.02251)
(0.02558 0.00291 0.01883)
(0.02783 0.00184 0.00739)
(0.02263 0.00384 -0.00956)
(0.01571 0.01466 -0.02780)
(0.00819 0.02270 -0.03884)
(-0.00861 0.04079 -0.04776)
(-0.03427 0.06673 -0.06159)
(-0.04392 0.07614 -0.06768)
(-0.06460 0.09417 -0.08318)
(-0.09833 0.12693 -0.10928)
(-0.11808 0.14237 -0.11950)
(-0.12733 0.15205 -0.13430)
(-0.16281 0.17628 -0.17150)
(0.00052 0.00033 0.00084)
(0.01297 0.00533 0.01397)
(0.01983 0.00377 0.01792)
(0.02569 0.00438 0.02086)
(0.02606 0.00347 0.01597)
(0.02636 0.00391 0.01364)
(0.02616 0.00578 -0.00278)
(0.02107 0.01208 -0.01728)
(0.01270 0.01937 -0.02682)
(0.01359 0.02099 -0.02790)
(-0.00141 0.03542 -0.04780)
(-0.01115 0.04546 -0.05349)
(-0.02035 0.05656 -0.05806)
(-0.01930 0.05577 -0.06314)
(-0.03929 0.07317 -0.06906)
(-0.07459 0.10499 -0.08950)
(0.00136 0.00107 0.00203)
(0.02055 0.00778 0.02034)
(0.02637 0.00479 0.01876)
(0.02927 0.01216 0.01473)
(0.02821 0.00658 0.00959)
(0.02652 0.00860 -0.00062)
(0.02605 0.00897 -0.01624)
(0.01466 0.02030 -0.02712)
(-0.00416 0.04056 -0.05585)
(-0.01376 0.05011 -0.06079)
(-0.00032 -0.00023 -0.00034)
(0.01016 0.00534 0.00761)
(0.02241 0.01142 0.01112)
(-0.16594 0.16472 -0.25929)
(-0.12348 0.09026 -0.18142)
(-0.07583 -0.02265 -0.08372)
(-0.06241 -0.05274 -0.05677)
(-0.00387 -0.13734 0.02119)
(0.04226 -0.18220 0.08263)
(0.05924 -0.19313 0.10375)
(0.07368 -0.18383 0.13103)
(0.07842 -0.16329 0.15655)
(0.07015 -0.14161 0.16466)
(0.06965 -0.12717 0.16226)
(0.05537 -0.10015 0.14592)
(0.05298 -0.09650 0.14295)
(0.05027 -0.09228 0.13961)
(0.00444 -0.00826 0.01307)
(-0.20993 0.21408 -0.29430)
(-0.18571 0.18703 -0.28177)
(-0.17070 0.17288 -0.26896)
(-0.16392 0.15325 -0.24363)
(-0.13554 0.10545 -0.19662)
(-0.12014 0.08180 -0.17296)
(-0.11263 0.05726 -0.14843)
(-0.10216 0.03122 -0.12287)
(-0.07268 -0.03054 -0.07662)
(-0.07382 -0.02772 -0.07268)
(-0.03816 -0.08874 -0.02243)
(-0.02368 -0.11642 -0.00060)
(-0.00883 -0.12988 0.01362)
(-0.00010 -0.14285 0.02412)
(0.01515 -0.16304 0.05064)
(0.05219 -0.19065 0.09381)
(0.05413 -0.19162 0.09769)
(0.06018 -0.19341 0.10835)
(0.06239 -0.19447 0.12477)
(0.07488 -0.17964 0.15381)
(0.06700 -0.17016 0.15265)
(0.07035 -0.15717 0.15654)
(0.06665 -0.14796 0.15440)
(0.05749 -0.11917 0.15045)
(0.05241 -0.09884 0.14181)
(0.04897 -0.09222 0.13666)
(0.01806 -0.03390 0.05191)
(0.00177 -0.00331 0.00515)
(-0.21350 0.22297 -0.29236)
(-0.21738 0.22242 -0.30226)
(-0.21817 0.22277 -0.30380)
(-0.21582 0.21931 -0.30403)
(-0.20233 0.20416 -0.29522)
(-0.19569 0.19157 -0.27436)
(-0.17422 0.16500 -0.24782)
(-0.16244 0.14102 -0.22517)
(-0.12550 0.08958 -0.17897)
(-0.14872 0.11503 -0.19836)
(-0.12116 0.07419 -0.16105)
(-0.11162 0.05056 -0.13029)
(-0.08737 0.00155 -0.09446)
(-0.07869 -0.01751 -0.07996)
(-0.05536 -0.06092 -0.04363)
(-0.04235 -0.08503 -0.02277)
(-0.03269 -0.09795 -0.01418)
(-0.00244 -0.14209 0.02080)
(0.00752 -0.15636 0.03103)
(0.02847 -0.17249 0.06064)
(0.03664 -0.18324 0.06995)
(0.04807 -0.19512 0.10049)
(0.05469 -0.20216 0.12057)
(0.05513 -0.19061 0.12220)
(0.06612 -0.17504 0.14131)
(0.06932 -0.16115 0.15103)
(0.06019 -0.16205 0.14145)
(0.05966 -0.14225 0.14855)
(0.05784 -0.13072 0.14590)
(0.05492 -0.12962 0.13889)
(0.05251 -0.10320 0.14206)
(0.04720 -0.09093 0.13132)
(0.02258 -0.04263 0.06394)
(0.00454 -0.00914 0.01403)
(-0.00173 0.00346 -0.00537)
(-0.17822 0.19483 -0.20617)
(-0.19718 0.20826 -0.24015)
(-0.20495 0.21537 -0.26257)
(-0.21492 0.22415 -0.28705)
(-0.22114 0.22524 -0.30120)
(-0.22051 0.22770 -0.30820)
(-0.21608 0.21758 -0.30269)
(-0.21074 0.21068 -0.29423)
(-0.20449 0.19428 -0.27333)
(-0.19841 0.18501 -0.26270)
(-0.17525 0.15815 -0.23966)
(-0.16110 0.13008 -0.21340)
(-0.13125 0.09540 -0.18259)
(-0.12930 0.08546 -0.16817)
(-0.10913 0.04638 -0.12697)
(-0.08714 0.01276 -0.09947)
(-0.08037 -0.00225 -0.09053)
(-0.06024 -0.05042 -0.04872)
(-0.05194 -0.06255 -0.04159)
(-0.02978 -0.10400 -0.01255)
(-0.01622 -0.12266 0.00045)
(-0.00141 -0.14063 0.01111)
(0.01364 -0.16234 0.03517)
(0.02807 -0.17827 0.05851)
(0.04084 -0.18739 0.08016)
(0.03312 -0.18137 0.07083)
(0.04636 -0.18756 0.09680)
(0.04799 -0.17892 0.11322)
(0.05831 -0.17887 0.12906)
(0.05258 -0.16602 0.12777)
(0.05645 -0.15211 0.13944)
(0.05360 -0.11950 0.13790)
(0.04828 -0.12946 0.12855)
(0.04711 -0.10535 0.12884)
(0.04040 -0.08808 0.11254)
(0.00420 -0.00862 0.01258)
(-0.00355 0.00699 -0.01067)
(0.02876 -0.06745 0.08615)
(-0.09541 0.12459 -0.10850)
(-0.10491 0.13273 -0.11609)
(-0.11003 0.13752 -0.12294)
(-0.14772 0.16836 -0.16503)
(-0.17451 0.19254 -0.20386)
(-0.18121 0.19446 -0.21499)
(-0.18769 0.20100 -0.21827)
(-0.19781 0.20912 -0.24520)
(-0.20817 0.21677 -0.27100)
(-0.21593 0.22296 -0.29171)
(-0.22133 0.22568 -0.30704)
(-0.22207 0.22515 -0.30688)
(-0.21404 0.21004 -0.29104)
(-0.20016 0.18795 -0.26658)
(-0.19512 0.18129 -0.25952)
(-0.16681 0.14482 -0.23155)
(-0.15151 0.11555 -0.19949)
(-0.13093 0.09538 -0.18642)
(-0.11688 0.06142 -0.14389)
(-0.12689 0.09459 -0.18360)
(-0.08804 0.01439 -0.10305)
(-0.08328 0.00602 -0.09717)
(-0.07648 -0.00862 -0.08594)
(-0.04231 -0.07395 -0.03818)
(-0.02460 -0.11208 -0.00768)
(-0.02833 -0.10422 -0.01351)
(-0.01261 -0.12694 -0.00398)
(0.01013 -0.16004 0.02855)
(0.00608 -0.14932 0.01611)
(0.02282 -0.17230 0.03851)
(0.02890 -0.17417 0.04672)
(0.03415 -0.18187 0.06730)
(0.04475 -0.17113 0.09991)
(0.05153 -0.17107 0.12383)
(0.05139 -0.16547 0.12454)
(0.05214 -0.16043 0.12748)
(0.04368 -0.12237 0.11687)
(0.04351 -0.11437 0.11830)
(0.04025 -0.10216 0.11835)
(0.02086 -0.04926 0.06587)
(0.00251 -0.00567 0.00808)
(0.01005 -0.02531 0.03674)
(0.00189 -0.00468 0.00701)
(-0.01783 0.05438 -0.06355)
(-0.02285 0.05937 -0.06545)
(-0.04583 0.07986 -0.08053)
(-0.09280 0.12244 -0.10754)
(-0.10086 0.12945 -0.11446)
(-0.09694 0.12617 -0.11241)
(-0.10619 0.13438 -0.12122)
(-0.14318 0.16774 -0.17216)
(-0.12219 0.14750 -0.14280)
(-0.14950 0.17141 -0.18591)
(-0.16761 0.18722 -0.21020)
(-0.19158 0.20320 -0.25319)
(-0.19202 0.20522 -0.26348)
(-0.20693 0.21882 -0.28659)
(-0.22158 0.22550 -0.30693)
(-0.22198 0.22474 -0.30658)
(-0.22214 0.22361 -0.30594)
(-0.21749 0.21430 -0.29718)
(-0.20201 0.19067 -0.27013)
(-0.19741 0.18453 -0.26348)
(-0.17716 0.16272 -0.25290)
(-0.15331 0.12739 -0.21538)
(-0.13311 0.10545 -0.19676)
(-0.12865 0.09912 -0.19013)
(-0.10060 0.03793 -0.12444)
(-0.08576 0.01321 -0.10305)
(-0.07888 -0.00184 -0.09140)
(-0.08141 0.00529 -0.09721)
(-0.05471 -0.04386 -0.06361)
(-0.03831 -0.06254 -0.06830)
(-0.01099 -0.11453 -0.03226)
(-0.00543 -0.12242 -0.02765)
(0.02481 -0.16932 0.03554)
(0.02808 -0.17246 0.04265)
(0.03141 -0.17658 0.05331)
(0.03980 -0.16962 0.08006)
(0.05039 -0.17015 0.12095)
(0.05034 -0.16497 0.12176)
(0.05118 -0.16002 0.12483)
(0.04655 -0.14769 0.12158)
(0.04031 -0.11751 0.11447)
(0.03316 -0.08706 0.10468)
(0.00875 -0.02292 0.03095)
(-0.00184 0.00458 -0.00646)
(0.00063 -0.00163 0.00227)
(0.03445 0.01484 0.01086)
(0.02858 0.01505 -0.00791)
(0.02791 0.01184 -0.01018)
(0.02652 0.01383 -0.02733)
(0.02305 0.01660 -0.03413)
(0.01833 0.02358 -0.03929)
(0.00027 0.03745 -0.04966)
(-0.01249 0.04898 -0.06123)
(-0.01138 0.04814 -0.06212)
(-0.01650 0.05323 -0.06420)
(-0.02186 0.05845 -0.06611)
(-0.04057 0.07662 -0.08178)
(-0.07470 0.10738 -0.10188)
(-0.08313 0.11158 -0.10950)
(-0.10970 0.13736 -0.13674)
(-0.14044 0.16394 -0.17903)
(-0.16378 0.18236 -0.20725)
(-0.18408 0.19853 -0.25010)
(-0.18973 0.20246 -0.25876)
(-0.20099 0.21254 -0.27658)
(-0.21034 0.21673 -0.28893)
(-0.22224 0.22455 -0.30647)
(-0.22238 0.22333 -0.30578)
(-0.22045 0.21403 -0.29845)
(-0.20563 0.19699 -0.28326)
(-0.19145 0.18130 -0.27326)
(-0.17773 0.16618 -0.26392)
(-0.16188 0.14083 -0.23121)
(-0.13550 0.11040 -0.20355)
(-0.13055 0.10382 -0.19730)
(-0.11484 0.07230 -0.16481)
(-0.09531 0.03947 -0.13123)
(-0.09476 0.03342 -0.12358)
(-0.06651 -0.01401 -0.09329)
(-0.05271 -0.03611 -0.08203)
(-0.03614 -0.05951 -0.07858)
(-0.02081 -0.08866 -0.05860)
(-0.00804 -0.10591 -0.05360)
(0.00028 -0.12480 -0.02445)
(0.01479 -0.15410 0.01679)
(0.02601 -0.16951 0.03489)
(0.02876 -0.17213 0.04237)
(0.03059 -0.17484 0.04996)
(0.03556 -0.17324 0.06595)
(0.04697 -0.17113 0.11116)
(0.03793 -0.16189 0.09418)
(0.04308 -0.15744 0.11078)
(0.03704 -0.13574 0.11217)
(0.03884 -0.12219 0.11146)
(0.03740 -0.10893 0.11035)
(0.03386 -0.09734 0.10427)
(0.02266 -0.06328 0.07712)
(0.00468 -0.01259 0.01725)
(0.00221 0.00111 0.00133)
(0.00569 0.00244 0.00264)
(0.03175 0.01580 0.00668)
(0.03100 0.01488 -0.00856)
(0.02726 0.01681 -0.02095)
(0.02675 0.01628 -0.02687)
(0.01566 0.02027 -0.04163)
(0.00866 0.02575 -0.04960)
(0.00053 0.03340 -0.05657)
(-0.00004 0.03399 -0.05606)
(-0.01746 0.04979 -0.06945)
(-0.03707 0.06411 -0.08208)
(-0.04082 0.07130 -0.08178)
(-0.06025 0.09064 -0.09282)
(-0.06880 0.09890 -0.09866)
(-0.11169 0.13436 -0.13341)
(-0.11982 0.14123 -0.14242)
(-0.13901 0.16293 -0.17160)
(-0.16050 0.17867 -0.19938)
(-0.17925 0.19455 -0.23405)
(-0.19480 0.20600 -0.24039)
(-0.20782 0.21620 -0.27476)
(-0.21826 0.22252 -0.28092)
(-0.22680 0.22788 -0.30144)
(-0.23378 0.22819 -0.29881)
(-0.22898 0.22351 -0.29883)
(-0.21796 0.20855 -0.29493)
(-0.20621 0.19562 -0.28564)
(-0.20000 0.18101 -0.27573)
(-0.17340 0.15390 -0.25328)
(-0.16603 0.14420 -0.24630)
(-0.15662 0.13118 -0.23318)
(-0.12731 0.09867 -0.19320)
(-0.11174 0.07913 -0.17380)
(-0.10120 0.06118 -0.15955)
(-0.07168 0.00925 -0.12161)
(-0.05466 -0.02463 -0.09619)
(-0.04840 -0.03613 -0.08626)
(-0.02476 -0.07603 -0.07148)
(-0.01078 -0.10080 -0.04234)
(0.00132 -0.12126 -0.01555)
(0.01745 -0.15021 0.02152)
(0.03020 -0.16364 0.06528)
(0.01850 -0.14627 0.04427)
(0.03396 -0.16899 0.08103)
(0.02774 -0.14792 0.08757)
(0.03326 -0.14260 0.10787)
(0.03132 -0.13020 0.10988)
(0.03430 -0.11703 0.11243)
(0.02770 -0.10151 0.10129)
(0.01717 -0.06488 0.07713)
(0.00829 -0.03199 0.03910)
(0.00305 -0.01187 0.01478)
(0.00178 0.00089 0.00059)
(0.02571 0.01583 -0.00430)
(0.02845 0.01747 -0.01726)
(0.01893 0.02172 -0.03174)
(0.01792 0.02188 -0.03361)
(0.01601 0.02226 -0.03698)
(0.01164 0.02254 -0.05058)
(0.01089 0.02453 -0.04480)
(-0.00016 0.03224 -0.05929)
(-0.00790 0.04004 -0.06931)
(-0.02673 0.05073 -0.07656)
(-0.03721 0.06150 -0.08178)
(-0.05152 0.07583 -0.08981)
(-0.06180 0.09124 -0.09506)
(-0.08070 0.10443 -0.10786)
(-0.10162 0.12423 -0.12638)
(-0.13345 0.14509 -0.15365)
(-0.14747 0.16384 -0.17158)
(-0.17321 0.18742 -0.21306)
(-0.20744 0.21488 -0.23769)
(-0.21536 0.22056 -0.25946)
(-0.22057 0.22274 -0.26801)
(-0.22770 0.22701 -0.28912)
(-0.22958 0.22919 -0.27746)
(-0.23629 0.23115 -0.29731)
(-0.23248 0.22713 -0.29689)
(-0.21942 0.20919 -0.29541)
(-0.21393 0.20196 -0.29342)
(-0.21158 0.18922 -0.28825)
(-0.19547 0.17424 -0.27286)
(-0.20778 0.18456 -0.28633)
(-0.16921 0.14805 -0.25332)
(-0.16312 0.14014 -0.25049)
(-0.16379 0.13195 -0.23544)
(-0.14447 0.11747 -0.21877)
(-0.12684 0.09577 -0.19558)
(-0.10704 0.07726 -0.17443)
(-0.09428 0.06109 -0.17123)
(-0.08375 0.02994 -0.14163)
(-0.07402 0.01709 -0.13310)
(-0.05598 -0.00650 -0.11728)
(-0.03841 -0.04786 -0.08317)
(-0.04546 -0.02991 -0.09891)
(-0.03358 -0.05187 -0.07380)
(-0.02206 -0.07098 -0.05686)
(0.00513 -0.12271 -0.00411)
(0.01737 -0.13654 0.03238)
(0.02552 -0.15062 0.07113)
(0.02026 -0.13702 0.04799)
(0.02820 -0.14934 0.08178)
(0.02076 -0.12127 0.09461)
(0.02630 -0.12748 0.09770)
(0.02096 -0.11475 0.09900)
(0.02653 -0.11036 0.10450)
(0.02380 -0.09950 0.09965)
(0.02015 -0.11263 0.09940)
(0.01797 -0.07724 0.07962)
(0.00271 -0.01515 0.01921)
(0.00054 0.00028 0.00005)
(0.01879 0.01349 -0.00931)
(0.01293 0.01760 -0.02639)
(0.01517 0.02336 -0.03795)
(0.01262 0.02392 -0.04180)
(0.01053 0.02514 -0.04319)
(0.00838 0.02578 -0.04630)
(-0.00761 0.03648 -0.06784)
(-0.02707 0.05305 -0.08271)
(-0.04831 0.06495 -0.08914)
(-0.05179 0.07689 -0.09382)
(-0.07740 0.09548 -0.10895)
(-0.09015 0.10407 -0.11817)
(-0.10940 0.12537 -0.13361)
(-0.14696 0.15457 -0.16020)
(-0.15190 0.16077 -0.16689)
(-0.15929 0.16669 -0.17290)
(-0.17121 0.18528 -0.20492)
(-0.20960 0.21615 -0.23454)
(-0.21347 0.21927 -0.24316)
(-0.21955 0.22405 -0.25143)
(-0.23283 0.23126 -0.26865)
(-0.23663 0.23041 -0.28023)
(-0.23812 0.22761 -0.29106)
(-0.23380 0.22278 -0.29659)
(-0.22722 0.21312 -0.28933)
(-0.21589 0.19211 -0.29106)
(-0.21312 0.18872 -0.29023)
(-0.20383 0.18089 -0.28576)
(-0.18116 0.15840 -0.26993)
(-0.16456 0.14212 -0.24869)
(-0.14267 0.11746 -0.22336)
(-0.12878 0.10319 -0.20547)
(-0.10122 0.07711 -0.19347)
(-0.08673 0.05551 -0.16784)
(-0.08180 0.04858 -0.16408)
(-0.05488 0.00322 -0.13061)
(-0.03780 -0.04104 -0.08193)
(-0.03477 -0.04684 -0.07391)
(0.00198 -0.10877 -0.01887)
(-0.00989 -0.08122 -0.04081)
(0.00624 -0.11911 0.01322)
(0.01461 -0.10995 0.02920)
(0.02391 -0.13329 0.06030)
(0.01578 -0.11102 0.03801)
(0.01939 -0.12213 0.08275)
(0.01860 -0.11479 0.09450)
(0.01886 -0.11280 0.09718)
(0.02144 -0.09806 0.09359)
(0.01421 -0.07006 0.07103)
(0.01663 -0.10307 0.09175)
(0.00352 -0.02160 0.02464)
(0.00069 -0.00432 0.00496)
(-0.00073 -0.00046 -0.00013)
(0.00715 0.00895 -0.01116)
(0.00799 0.01525 -0.01662)
(0.01220 0.02499 -0.04034)
(0.00597 0.02702 -0.04646)
(-0.02216 0.04492 -0.07705)
(-0.03485 0.05466 -0.08433)
(-0.04993 0.06174 -0.09030)
(-0.08585 0.09402 -0.11775)
(-0.09424 0.09913 -0.12199)
(-0.09707 0.10274 -0.12283)
(-0.11321 0.12099 -0.13465)
(-0.15258 0.15626 -0.16262)
(-0.15557 0.16142 -0.16698)
(-0.16351 0.16819 -0.17284)
(-0.19639 0.20043 -0.20897)
(-0.21521 0.22063 -0.23832)
(-0.22761 0.22741 -0.24222)
(-0.24229 0.23726 -0.25282)
(-0.23966 0.23424 -0.27006)
(-0.24877 0.23614 -0.27648)
(-0.23977 0.22506 -0.29037)
(-0.23889 0.22271 -0.29182)
(-0.23119 0.20946 -0.29223)
(-0.21824 0.19236 -0.29270)
(-0.21027 0.18576 -0.28967)
(-0.19196 0.17350 -0.28580)
(-0.17989 0.16510 -0.27519)
(-0.14986 0.13897 -0.24389)
(-0.16695 0.15933 -0.26446)
(-0.13895 0.13900 -0.24676)
(-0.12792 0.11507 -0.22124)
(-0.09802 0.07747 -0.18478)
(-0.09235 0.06689 -0.17710)
(-0.08741 0.06063 -0.17246)
(-0.08325 0.05569 -0.16768)
(-0.05909 0.01983 -0.12946)
(-0.04257 -0.02960 -0.08882)
(-0.04063 -0.03338 -0.08096)
(-0.02407 -0.04675 -0.06294)
(-0.00716 -0.07936 -0.02200)
(-0.01250 -0.06686 -0.02560)
(0.01118 -0.10109 0.02345)
(0.01335 -0.10339 0.03230)
(0.01721 -0.11059 0.05494)
(0.01516 -0.10504 0.03921)
(0.01797 -0.11355 0.09224)
(0.01804 -0.11241 0.09486)
(0.01787 -0.11153 0.09209)
(0.01462 -0.09433 0.08226)
(0.00757 -0.05413 0.05122)
(0.00137 -0.00943 0.00967)
(-0.00080 0.00556 -0.00568)
(-0.00215 -0.00233 0.00102)
(0.00009 0.00112 -0.00094)
(0.00120 0.01433 -0.01440)
(0.00023 0.03366 -0.04806)
(-0.02313 0.04402 -0.06878)
(-0.02088 0.04391 -0.07043)
(-0.05380 0.06013 -0.09617)
(-0.04847 0.05849 -0.09456)
(-0.07324 0.07609 -0.10504)
(-0.09027 0.09434 -0.12039)
(-0.09858 0.09985 -0.12454)
(-0.10273 0.10443 -0.12647)
(-0.12318 0.11734 -0.13635)
(-0.12968 0.12680 -0.14152)
(-0.15070 0.14174 -0.15238)
(-0.16043 0.16256 -0.16809)
(-0.16819 0.16950 -0.17338)
(-0.18277 0.18392 -0.18728)
(-0.21194 0.21265 -0.20398)
(-0.22555 0.22640 -0.22733)
(-0.24180 0.23401 -0.22382)
(-0.23703 0.23604 -0.23749)
(-0.24287 0.23694 -0.24960)
(-0.24839 0.23926 -0.25824)
(-0.25962 0.24432 -0.26561)
(-0.24249 0.22749 -0.28739)
(-0.24138 0.22441 -0.28969)
(-0.23931 0.21908 -0.29218)
(-0.22558 0.20037 -0.29670)
(-0.21593 0.18997 -0.29243)
(-0.22123 0.19531 -0.29945)
(-0.20690 0.18613 -0.29152)
(-0.19692 0.18149 -0.29686)
(-0.18214 0.17109 -0.27821)
(-0.14419 0.14602 -0.25399)
(-0.14027 0.14352 -0.24934)
(-0.12928 0.12803 -0.22213)
(-0.09965 0.09656 -0.19920)
(-0.09291 0.07202 -0.17934)
(-0.08844 0.06659 -0.17224)
(-0.07471 0.05800 -0.14433)
(-0.05781 0.01832 -0.10832)
(-0.03864 -0.00983 -0.08064)
(-0.02172 -0.03189 -0.05573)
(-0.00361 -0.07054 0.00037)
(-0.01561 -0.03795 -0.01871)
(0.01088 -0.09567 0.02643)
(0.01399 -0.09946 0.03421)
(0.01085 -0.08921 0.05807)
(0.01034 -0.09581 0.07058)
(0.01568 -0.09785 0.07613)
(0.01736 -0.10917 0.09216)
(0.00535 -0.03731 0.03539)
(0.00434 -0.03706 0.03530)
(0.00011 -0.00080 0.00075)
(-0.00039 -0.00500 0.00413)
(-0.00816 0.02858 -0.03153)
(-0.01701 0.04127 -0.05547)
(0.00048 -0.00459 0.00435)
(-0.00061 0.00655 -0.00615)
(-0.03237 0.05097 -0.07101)
(-0.04039 0.05125 -0.08015)
(-0.04564 0.05139 -0.08887)
(-0.07037 0.06632 -0.09852)
(-0.07156 0.07008 -0.10682)
(-0.08607 0.07950 -0.11600)
(-0.09544 0.08900 -0.12254)
(-0.10149 0.08901 -0.12347)
(-0.10938 0.09718 -0.12909)
(-0.10735 0.10574 -0.12903)
(-0.15910 0.12979 -0.15644)
(-0.16901 0.14999 -0.16199)
(-0.17677 0.16254 -0.17126)
(-0.20216 0.17401 -0.17796)
(-0.21412 0.19254 -0.19067)
(-0.22372 0.20461 -0.19717)
(-0.23474 0.22530 -0.20813)
(-0.24507 0.23602 -0.21790)
(-0.24553 0.23397 -0.23042)
(-0.26421 0.24409 -0.24386)
(-0.25118 0.24199 -0.25255)
(-0.26044 0.24213 -0.26361)
(-0.25030 0.23380 -0.28090)
(-0.24453 0.22544 -0.28557)
(-0.24089 0.22042 -0.29051)
(-0.23529 0.21019 -0.29598)
(-0.23221 0.20512 -0.30002)
(-0.21069 0.19176 -0.29998)
(-0.19986 0.18346 -0.29760)
(-0.17932 0.17704 -0.28928)
(-0.16536 0.17045 -0.28320)
(-0.16198 0.16191 -0.26752)
(-0.14510 0.14973 -0.25599)
(-0.13172 0.14011 -0.23401)
(-0.11778 0.12892 -0.21841)
(-0.09957 0.11630 -0.19636)
(-0.09408 0.09157 -0.19500)
(-0.08140 0.07804 -0.16441)
(-0.08044 0.07465 -0.12646)
(-0.06191 0.05163 -0.11487)
(-0.04351 0.01285 -0.09399)
(-0.03092 -0.00853 -0.06238)
(-0.03565 0.00885 -0.07502)
(-0.01745 -0.02727 -0.02896)
(0.00149 -0.07306 0.01146)
(-0.00851 -0.03813 -0.01739)
(0.00397 -0.05877 0.00835)
(0.01279 -0.09350 0.02828)
(0.01479 -0.08865 0.04399)
(0.01622 -0.09121 0.05989)
(0.02071 -0.09229 0.06689)
(0.01789 -0.09129 0.07287)
(0.00526 -0.03954 0.03713)
(-0.00035 0.00315 -0.00303)
(0.00053 -0.00431 0.00413)
(-0.00201 0.00405 -0.00429)
(-0.01866 0.02985 -0.03854)
(-0.04704 0.04853 -0.06095)
(-0.07291 0.07144 -0.09358)
(-0.08258 0.07516 -0.10126)
(-0.09505 0.08553 -0.11898)
(-0.11681 0.09284 -0.12851)
(-0.14311 0.11362 -0.14689)
(-0.16851 0.12401 -0.16158)
(-0.19005 0.15468 -0.17193)
(-0.20435 0.16670 -0.17906)
(-0.21627 0.18679 -0.18565)
(-0.25441 0.21344 -0.20206)
(-0.25032 0.22566 -0.21105)
(-0.27136 0.23826 -0.22020)
(-0.25787 0.23649 -0.22832)
(-0.27877 0.25036 -0.24212)
(-0.27738 0.25013 -0.24534)
(-0.27720 0.24823 -0.24779)
(-0.25980 0.23951 -0.26614)
(-0.26724 0.23930 -0.25525)
(-0.25794 0.23373 -0.27626)
(-0.23906 0.21861 -0.28524)
(-0.23743 0.21376 -0.28946)
(-0.22764 0.20304 -0.29427)
(-0.21548 0.19829 -0.29519)
(-0.21468 0.19840 -0.30248)
(-0.19175 0.18418 -0.29957)
(-0.18684 0.18022 -0.29579)
(-0.17525 0.17721 -0.28693)
(-0.15553 0.16565 -0.27587)
(-0.15436 0.16481 -0.27348)
(-0.13703 0.15218 -0.25802)
(-0.12344 0.14358 -0.23608)
(-0.10844 0.13417 -0.21400)
(-0.09144 0.10939 -0.17972)
(-0.08118 0.08890 -0.17667)
(-0.07091 0.07329 -0.14272)
(-0.06264 0.05913 -0.12366)
(-0.03776 0.02882 -0.08548)
(-0.02886 0.02221 -0.06453)
(-0.02771 0.00259 -0.05278)
(-0.00920 -0.03340 -0.02159)
(0.00104 -0.04044 -0.00587)
(0.00016 -0.04531 0.01984)
(0.01400 -0.08156 0.05520)
(0.00736 -0.06799 0.04322)
(0.02192 -0.08999 0.06148)
(0.02166 -0.08959 0.06224)
(0.01312 -0.06585 0.05034)
(0.00499 -0.02992 0.02549)
(-0.00033 0.00183 -0.00167)
(-0.00119 0.00991 -0.00955)
(-0.00528 0.00572 -0.00691)
(-0.02400 0.02544 -0.03127)
(-0.03563 0.03584 -0.04432)
(-0.07813 0.07508 -0.09637)
(-0.08848 0.07915 -0.10422)
(-0.10795 0.08979 -0.12066)
(-0.08657 0.07902 -0.10233)
(-0.13908 0.10904 -0.14017)
(-0.14763 0.11222 -0.14759)
(-0.16600 0.12085 -0.15986)
(-0.17279 0.12696 -0.16041)
(-0.17355 0.12676 -0.16388)
(-0.19568 0.14922 -0.17269)
(-0.22483 0.17433 -0.18518)
(-0.24005 0.19467 -0.19290)
(-0.27442 0.22397 -0.21065)
(-0.27559 0.22896 -0.21303)
(-0.28032 0.23237 -0.21549)
(-0.27398 0.23906 -0.22575)
(-0.28280 0.24988 -0.24270)
(-0.28012 0.24935 -0.24464)
(-0.28005 0.24761 -0.24692)
(-0.27779 0.24549 -0.24968)
(-0.25880 0.23252 -0.26821)
(-0.25532 0.22848 -0.27498)
(-0.23347 0.21167 -0.27979)
(-0.22693 0.20415 -0.28425)
(-0.21777 0.19696 -0.29295)
(-0.19207 0.18456 -0.29770)
(-0.18690 0.18249 -0.29739)
(-0.18156 0.18057 -0.29686)
(-0.15291 0.16551 -0.27828)
(-0.14961 0.16229 -0.27207)
(-0.13169 0.15308 -0.25081)
(-0.10530 0.13225 -0.21562)
(-0.09358 0.12371 -0.19629)
(-0.06163 0.09232 -0.15785)
(-0.06975 0.08953 -0.15538)
(-0.05686 0.08551 -0.14932)
(-0.05524 0.07523 -0.13346)
(-0.04696 0.05037 -0.09411)
(-0.02871 0.02588 -0.06995)
(-0.02365 0.01837 -0.06243)
(-0.02317 0.01400 -0.05653)
(-0.01856 0.01091 -0.05525)
(-0.01023 -0.00915 -0.03448)
(0.00451 -0.04117 0.00267)
(0.01774 -0.05507 0.00718)
(0.00597 -0.05665 0.02829)
(0.00702 -0.06320 0.04153)
(0.01436 -0.07128 0.05151)
(0.01594 -0.05751 0.03986)
(0.00940 -0.04321 0.03523)
(0.00179 -0.00733 0.00610)
(-0.00110 0.00473 -0.00418)
(-0.00927 0.00958 -0.01158)
(-0.00891 0.00890 -0.01074)
(-0.05689 0.05430 -0.06790)
(-0.09312 0.08333 -0.10609)
(-0.13719 0.10836 -0.13872)
(-0.15706 0.12463 -0.14468)
(-0.15838 0.12537 -0.14570)
(-0.19614 0.14440 -0.16612)
(-0.22123 0.16801 -0.17709)
(-0.23590 0.18145 -0.18002)
(-0.24976 0.19813 -0.19544)
(-0.27104 0.21668 -0.20718)
(-0.28004 0.22825 -0.21320)
(-0.28421 0.23099 -0.21531)
(-0.28415 0.23424 -0.21756)
(-0.28847 0.23782 -0.23015)
(-0.28366 0.24833 -0.24440)
(-0.28355 0.24640 -0.24620)
(-0.27692 0.23733 -0.24881)
(-0.25742 0.22592 -0.25986)
(-0.24829 0.22079 -0.26691)
(-0.22297 0.19905 -0.27263)
(-0.21892 0.19645 -0.27474)
(-0.21495 0.19403 -0.27617)
(-0.19041 0.18330 -0.29663)
(-0.19554 0.18355 -0.28728)
(-0.18541 0.18096 -0.29638)
(-0.18008 0.17861 -0.29624)
(-0.15037 0.16387 -0.28121)
(-0.13833 0.15397 -0.26910)
(-0.13295 0.15111 -0.26361)
(-0.14421 0.15885 -0.26810)
(-0.10837 0.13713 -0.23452)
(-0.09865 0.12978 -0.23025)
(-0.09893 0.12640 -0.21262)
(-0.06061 0.09327 -0.16249)
(-0.05598 0.08703 -0.15400)
(-0.05140 0.08095 -0.14621)
(-0.04085 0.06640 -0.13049)
(-0.02786 0.02827 -0.07394)
(-0.02368 0.02212 -0.06797)
(-0.02274 0.02792 -0.07825)
(-0.01938 0.01525 -0.06093)
(0.00620 -0.03045 -0.01607)
(0.00119 -0.01182 -0.04164)
(0.01518 -0.04150 -0.01150)
(0.02123 -0.05847 0.01291)
(0.01966 -0.04928 -0.00366)
(0.03635 -0.07619 0.02644)
(0.03420 -0.07569 0.03179)
(0.00728 -0.02610 0.01966)
(0.01205 -0.02677 0.01218)
(0.00121 -0.00438 0.00339)
(-0.05032 0.04649 -0.05779)
(-0.01270 0.01215 -0.01475)
(-0.06830 0.05829 -0.06280)
(-0.14581 0.11527 -0.13932)
(-0.17810 0.13943 -0.15145)
(-0.17962 0.13960 -0.15529)
(-0.20956 0.15712 -0.16855)
(-0.22902 0.17587 -0.17616)
(-0.23663 0.18133 -0.17902)
(-0.25190 0.19393 -0.19044)
(-0.27147 0.20807 -0.19965)
(-0.28576 0.22842 -0.21353)
(-0.29663 0.23824 -0.22217)
(-0.28745 0.23469 -0.23489)
(-0.29164 0.22686 -0.23721)
(-0.27613 0.22531 -0.24083)
(-0.25998 0.22617 -0.25526)
(-0.25480 0.21923 -0.26067)
(-0.22987 0.20141 -0.26827)
(-0.21906 0.19569 -0.27120)
(-0.21419 0.19275 -0.27298)
(-0.19693 0.18085 -0.28263)
(-0.18425 0.17942 -0.29481)
(-0.17859 0.16899 -0.28049)
(-0.17226 0.16756 -0.28656)
(-0.17921 0.17695 -0.29502)
(-0.15904 0.16342 -0.28442)
(-0.13908 0.15133 -0.27750)
(-0.12347 0.14406 -0.26364)
(-0.10692 0.13343 -0.24341)
(-0.08693 0.12166 -0.22086)
(-0.09071 0.12325 -0.21643)
(-0.07676 0.11490 -0.20577)
(-0.06609 0.10022 -0.18222)
(-0.05551 0.08832 -0.15869)
(-0.05105 0.08325 -0.15255)
(-0.04649 0.07806 -0.14676)
(-0.04608 0.07611 -0.14275)
(-0.02814 0.05269 -0.11940)
(-0.00964 0.01883 -0.08111)
(-0.01934 0.01903 -0.06683)
(0.00188 0.00199 -0.06441)
(0.00740 -0.01632 -0.04587)
(0.01432 -0.03460 -0.02129)
(0.02471 -0.03859 -0.01796)
(0.02967 -0.06297 0.01202)
(0.03040 -0.06394 0.02369)
(0.02727 -0.05247 0.01294)
(0.02372 -0.04996 0.01909)
(0.00664 -0.01398 0.00571)
(0.00218 -0.00483 0.00226)
(-0.00088 0.00080 -0.00083)
(-0.02382 0.02152 -0.02239)
(-0.00606 0.00503 -0.00531)
(-0.11608 0.09015 -0.10073)
(-0.20616 0.15659 -0.16314)
(-0.10501 0.08601 -0.08301)
(-0.19131 0.14824 -0.15342)
(-0.22079 0.17242 -0.16291)
(-0.23305 0.17866 -0.17645)
(-0.26495 0.19835 -0.18584)
(-0.25493 0.19137 -0.18451)
(-0.27573 0.20472 -0.19233)
(-0.28627 0.21706 -0.20271)
(-0.30329 0.22557 -0.21013)
(-0.30156 0.22635 -0.21818)
(-0.29688 0.21991 -0.21816)
(-0.29959 0.22324 -0.23301)
(-0.30014 0.22222 -0.23406)
(-0.27961 0.20917 -0.23538)
(-0.26067 0.21248 -0.24411)
(-0.26553 0.20104 -0.23737)
(-0.25368 0.20781 -0.25235)
(-0.23924 0.19944 -0.25847)
(-0.22341 0.18492 -0.25781)
(-0.20870 0.18459 -0.26624)
(-0.19789 0.17562 -0.26980)
(-0.18070 0.16183 -0.26530)
(-0.16949 0.15420 -0.26738)
(-0.15144 0.14612 -0.26483)
(-0.14960 0.15017 -0.27045)
(-0.12967 0.14394 -0.27396)
(-0.14545 0.14312 -0.26520)
(-0.12244 0.13914 -0.27660)
(-0.11258 0.13393 -0.25159)
(-0.08880 0.12110 -0.22792)
(-0.07943 0.11675 -0.21391)
(-0.05644 0.09283 -0.17926)
(-0.05200 0.08879 -0.17232)
(-0.03820 0.07401 -0.14722)
(-0.01818 0.05337 -0.12699)
(-0.01296 0.03764 -0.11196)
(-0.00085 0.02160 -0.09333)
(0.00870 0.01589 -0.09302)
(0.00630 0.00806 -0.07655)
(0.01941 -0.01518 -0.05023)
(0.02867 -0.02835 -0.04023)
(0.02810 -0.04100 -0.02277)
(0.03037 -0.04821 -0.00569)
(0.03005 -0.04274 -0.00593)
(0.02663 -0.03950 -0.00128)
(0.00887 -0.01354 0.00163)
(0.00624 -0.01129 0.00378)
(0.02982 -0.02612 0.02352)
(-0.00329 0.00280 -0.00265)
(-0.16588 0.12921 -0.12041)
(0.00234 -0.00198 0.00173)
(-0.05295 0.04443 -0.03920)
(-0.22805 0.17431 -0.15222)
(-0.25510 0.19330 -0.17120)
(-0.27119 0.20332 -0.18033)
(-0.25898 0.19609 -0.17043)
(-0.26168 0.19707 -0.17265)
(-0.28675 0.20966 -0.19305)
(-0.29777 0.21571 -0.20134)
(-0.29841 0.21627 -0.20986)
(-0.29302 0.20752 -0.21168)
(-0.29285 0.21536 -0.22265)
(-0.28283 0.20338 -0.21687)
(-0.26871 0.18544 -0.22192)
(-0.25017 0.16954 -0.22048)
(-0.25122 0.18447 -0.23511)
(-0.24436 0.16636 -0.22039)
(-0.23291 0.18388 -0.24388)
(-0.22177 0.17700 -0.24402)
(-0.20711 0.16586 -0.24725)
(-0.19264 0.16242 -0.25452)
(-0.17920 0.15331 -0.25450)
(-0.16900 0.15246 -0.26157)
(-0.15384 0.14119 -0.25313)
(-0.14181 0.13138 -0.25080)
(-0.12226 0.11375 -0.23150)
(-0.12594 0.13453 -0.26317)
(-0.11124 0.12530 -0.24636)
(-0.11443 0.11243 -0.23031)
(-0.09547 0.10807 -0.22058)
(-0.08758 0.11124 -0.22101)
(-0.07423 0.10021 -0.20187)
(-0.07108 0.09287 -0.19497)
(-0.06532 0.08937 -0.18774)
(-0.05719 0.08696 -0.17818)
(-0.05186 0.08832 -0.17306)
(-0.04251 0.07884 -0.16793)
(-0.02805 0.06662 -0.14484)
(-0.01968 0.05793 -0.13357)
(-0.01323 0.04830 -0.12553)
(-0.00212 0.02789 -0.10798)
(0.00947 0.01449 -0.09055)
(0.01032 0.01284 -0.09002)
(0.02710 -0.01480 -0.06381)
(0.02825 -0.01690 -0.05828)
(0.04020 -0.04365 -0.02258)
(0.03838 -0.04054 -0.02034)
(0.02409 -0.02730 -0.00875)
(0.01210 -0.01490 -0.00325)
(0.00472 -0.00668 0.00005)
(-0.00121 0.00193 -0.00049)
(-0.00475 0.00663 -0.00035)
(-0.00340 0.00540 -0.00139)
(0.02802 -0.02377 0.02065)
(-0.01379 0.01068 -0.00910)
(-0.12377 0.09523 -0.08222)
(0.03674 -0.02938 0.02488)
(-0.08218 0.06318 -0.05359)
(-0.20924 0.15948 -0.13722)
(-0.26905 0.19878 -0.17671)
(-0.19584 0.14837 -0.12695)
(-0.24875 0.18774 -0.16151)
(-0.27913 0.20066 -0.18464)
(-0.28623 0.20136 -0.19332)
(-0.27089 0.18350 -0.19306)
(-0.28246 0.19407 -0.20633)
(-0.26637 0.17679 -0.19392)
(-0.26907 0.18069 -0.21059)
(-0.24720 0.16291 -0.21604)
(-0.24227 0.16011 -0.21559)
(-0.23745 0.15757 -0.21553)
(-0.23934 0.16392 -0.22026)
(-0.22595 0.17024 -0.23581)
(-0.20818 0.15789 -0.23637)
(-0.20142 0.15797 -0.24605)
(-0.18693 0.14903 -0.24240)
(-0.16847 0.13220 -0.23533)
(-0.15859 0.12640 -0.23443)
(-0.13519 0.11208 -0.22636)
(-0.12572 0.10356 -0.21315)
(-0.12141 0.10193 -0.21169)
(-0.11417 0.10159 -0.21084)
(-0.07254 0.09179 -0.19308)
(-0.06787 0.08892 -0.18721)
(-0.06519 0.08533 -0.18058)
(-0.06092 0.08428 -0.17865)
(-0.05017 0.07748 -0.16543)
(-0.02468 0.05325 -0.13360)
(-0.01782 0.04054 -0.12070)
(-0.00515 0.03420 -0.11571)
(-0.00116 0.02830 -0.11003)
(0.01080 0.00527 -0.08977)
(0.01810 0.00015 -0.08285)
(0.02095 -0.00564 -0.07598)
(0.02359 -0.00686 -0.07487)
(0.02707 -0.01488 -0.04699)
(0.02142 -0.02234 -0.01094)
(0.01081 -0.01193 -0.00421)
(-0.00036 0.00042 0.00010)
(-0.00434 0.00488 0.00141)
(-0.00554 0.00648 0.00142)
(0.00070 -0.00054 0.00045)
(0.00863 -0.00674 0.00548)
(-0.05402 0.04135 -0.03481)
(-0.20471 0.15118 -0.13053)
(-0.08169 0.06178 -0.05023)
(-0.26562 0.19031 -0.17355)
(-0.28046 0.19815 -0.18713)
(-0.26773 0.17970 -0.18838)
(-0.26233 0.18064 -0.17852)
(-0.26349 0.17511 -0.18770)
(-0.26331 0.17417 -0.18927)
(-0.25858 0.16807 -0.18913)
(-0.24082 0.15225 -0.19710)
(-0.23872 0.15291 -0.21020)
(-0.23472 0.15093 -0.21042)
(-0.22994 0.14798 -0.21047)
(-0.23265 0.15485 -0.21516)
(-0.20317 0.14159 -0.21861)
(-0.18934 0.12648 -0.21059)
(-0.18386 0.12492 -0.21259)
(-0.16932 0.11338 -0.20684)
(-0.15245 0.11297 -0.22011)
(-0.14986 0.11174 -0.22032)
(-0.12749 0.10012 -0.20738)
(-0.12336 0.09850 -0.20524)
(-0.12116 0.09371 -0.19719)
(-0.11811 0.09492 -0.19909)
(-0.09943 0.08802 -0.18794)
(-0.06982 0.08765 -0.18495)
(-0.08670 0.07545 -0.16736)
(-0.06770 0.08357 -0.17724)
(-0.06269 0.08175 -0.17427)
(-0.04147 0.05817 -0.14248)
(-0.01962 0.03892 -0.11814)
(-0.01476 0.03599 -0.11549)
(-0.01266 0.03299 -0.11205)
(0.02373 -0.01242 -0.07296)
(0.02590 -0.01475 -0.07195)
(0.02650 -0.01734 -0.06449)
(0.01704 -0.01236 -0.03688)
(0.01016 -0.00806 -0.01846)
(0.00736 -0.00673 -0.00651)
(0.00061 -0.00066 -0.00025)
(-0.00368 0.00371 0.00208)
(-0.00455 0.00495 0.00178)
(-0.01879 0.01428 -0.01153)
(-0.04680 0.03432 -0.02962)
(-0.12817 0.09360 -0.08131)
(-0.04878 0.03492 -0.03228)
(-0.16980 0.11695 -0.11538)
(-0.23324 0.15512 -0.16506)
(-0.09581 0.06384 -0.06670)
(-0.14938 0.09801 -0.10694)
(-0.25530 0.16742 -0.18346)
(-0.25333 0.16328 -0.18482)
(-0.24024 0.14731 -0.19211)
(-0.23458 0.14174 -0.18364)
(-0.22736 0.13811 -0.19226)
(-0.23159 0.14613 -0.20685)
(-0.21233 0.12453 -0.18238)
(-0.19976 0.10850 -0.17859)
(-0.19528 0.11709 -0.19503)
(-0.18988 0.11772 -0.19869)
(-0.17504 0.09494 -0.18450)
(-0.17280 0.09873 -0.18845)
(-0.16098 0.09342 -0.18497)
(-0.15993 0.08936 -0.18068)
(-0.15762 0.08889 -0.18140)
(-0.15616 0.09178 -0.18751)
(-0.15172 0.09611 -0.19614)
(-0.13231 0.09493 -0.20010)
(-0.13757 0.08011 -0.17742)
(-0.12504 0.09249 -0.19560)
(-0.12022 0.08961 -0.19014)
(-0.10974 0.07987 -0.17504)
(-0.08526 0.06049 -0.14649)
(-0.06834 0.06190 -0.14622)
(-0.07983 0.05028 -0.12534)
(-0.06649 0.04738 -0.11725)
(-0.04200 0.04135 -0.11975)
(-0.03100 0.03372 -0.11267)
(-0.01838 0.01892 -0.07858)
(-0.00789 0.01287 -0.06324)
(0.00528 0.00590 -0.06905)
(0.01947 -0.01246 -0.05120)
(0.00298 -0.00129 -0.01935)
(0.00643 -0.00490 -0.01430)
(0.00535 -0.00430 -0.01012)
(-0.00117 0.00100 0.00191)
(-0.00956 0.00686 -0.00632)
(-0.02779 0.01910 -0.01911)
(-0.02831 0.01876 -0.01988)
(-0.01402 0.00894 -0.01014)
(-0.03199 0.01802 -0.02480)
(-0.15004 0.08948 -0.11656)
(-0.17080 0.09678 -0.13909)
(-0.04847 0.02497 -0.03913)
(-0.08742 0.04686 -0.07179)
(-0.12729 0.07078 -0.10968)
(-0.17942 0.09306 -0.15637)
(-0.11308 0.05799 -0.09789)
(-0.16644 0.08248 -0.15376)
(-0.17399 0.08680 -0.17572)
(-0.14227 0.06640 -0.13985)
(-0.16185 0.07411 -0.16008)
(-0.15727 0.07878 -0.16831)
(-0.15453 0.08186 -0.17286)
(-0.14239 0.06024 -0.15150)
(-0.13653 0.05906 -0.14695)
(-0.13283 0.06305 -0.15326)
(-0.12553 0.05530 -0.13836)
(-0.10321 0.03503 -0.10526)
(-0.12229 0.06937 -0.15896)
(-0.11113 0.05538 -0.13436)
(-0.05955 0.02029 -0.06507)
(-0.07604 0.03940 -0.09754)
(-0.04944 0.02778 -0.06687)
(-0.04887 0.02919 -0.07660)
(-0.01704 0.00910 -0.02284)
(-0.01754 0.00778 -0.02615)
(-0.00816 0.00444 -0.01730)
(-0.00589 0.00352 -0.02448)
(0.00037 -0.00014 0.00100)
(-0.00008 0.00001 -0.00530)
(0.00051 -0.00039 -0.00277)
(0.03573 -0.02080 0.02737)
(0.03002 -0.01544 0.02417)
(-0.02900 0.01425 -0.02328)
(0.02592 -0.01271 0.02074)
(0.00878 -0.00389 0.00728)
(-0.06135 0.03123 -0.05282)
(-0.05408 0.02306 -0.04762)
(0.00089 -0.00033 0.00075)
(0.00071 -0.00027 0.00064)
(-0.05326 0.02255 -0.05115)
(-0.09038 0.03692 -0.08693)
(-0.01923 0.00649 -0.01758)
(-0.04683 0.01261 -0.04216)
(-0.07924 0.02178 -0.07191)
(-0.02705 0.00692 -0.02393)
(-0.04702 0.01434 -0.04376)
(-0.04929 0.01190 -0.04303)
(-0.06676 0.02127 -0.06593)
(-0.00634 0.00133 -0.00516)
(-0.01159 0.00335 -0.01100)
(0.00130 -0.00027 0.00121)
(-0.03843 0.01242 -0.04111)
(-0.02019 0.00662 -0.02234)
(0.00943 -0.00221 0.00938)
(0.00428 -0.00165 0.00527)
(0.00634 -0.00168 0.00852)
(0.00472 -0.00157 0.00953)
(-0.00581 0.00149 -0.00515)
(-0.00968 0.00242 -0.00850)
(-0.00826 0.00155 -0.00688)
(0.00347 -0.00060 0.00268)
)