/*--------------------------------*- C++ -*----------------------------------*\ 
| =========                 |                                                 | 
| \\      /  F ield         | OpenFOAM: The Open Source CFD Toolbox           | 
|  \\    /   O peration     | Version:  4.0                                   | 
|   \\  /    A nd           | Web:      www.OpenFOAM.org                      | 
|    \\/     M anipulation  |                                                 | 
\*---------------------------------------------------------------------------*/ 
FoamFile 
{ 
    version     2.0; 
    format      ascii; 
    class       vectorAverageField; 
    object      values; 
} 
// * * * * * * * * * * * * * * * * * * * * * * * * * * * * * * * * * * * * * // 
 
// Average 
(0 0 0) 
 
// Velocity data on points 
2447
(
(0.00474 -0.00084 -0.00115)
(-0.00248 0.00015 0.00065)
(-0.00633 -0.00088 0.00219)
(-0.00212 -0.00030 0.00040)
(0.00280 0.00055 -0.00082)
(-0.01480 -0.00272 0.00614)
(-0.00498 -0.00091 0.00158)
(-0.01091 -0.00310 0.00224)
(-0.00113 -0.00034 0.00019)
(0.00163 0.00041 -0.00020)
(-0.00719 -0.00178 0.00105)
(-0.00143 -0.00030 0.00013)
(0.00127 0.00021 0.00025)
(-0.00775 -0.00076 -0.00060)
(-0.00032 0.00001 -0.00022)
(0.00096 -0.00003 0.00076)
(-0.00338 0.00009 -0.00264)
(-0.00021 -0.00000 -0.00020)
(0.00149 0.00041 0.00167)
(-0.00031 -0.00008 -0.00034)
(0.01413 -0.00557 -0.00194)
(-0.00294 0.00086 0.00058)
(0.00233 -0.00072 -0.00044)
(0.00090 -0.00024 -0.00023)
(-0.03753 0.00909 0.01197)
(-0.02683 0.00379 0.00784)
(-0.02804 0.00031 0.00966)
(-0.02730 -0.00328 0.01090)
(-0.05162 -0.00286 0.02193)
(-0.04909 -0.00593 0.02034)
(-0.03746 -0.00662 0.01656)
(-0.02224 -0.00473 0.00692)
(-0.03961 -0.00940 0.01620)
(-0.02489 -0.00679 0.00607)
(-0.01997 -0.00486 0.00346)
(-0.01558 -0.00321 0.00157)
(-0.02763 -0.00668 0.00538)
(-0.02544 -0.00522 0.00266)
(-0.02592 -0.00272 -0.00269)
(-0.01582 -0.00162 -0.00136)
(-0.01204 -0.00041 -0.00444)
(-0.03003 -0.00544 -0.01412)
(-0.02776 -0.00521 -0.01376)
(-0.01486 -0.00150 -0.01146)
(-0.01011 -0.00133 -0.00910)
(-0.02316 -0.00278 -0.02076)
(-0.00828 -0.00197 -0.00930)
(-0.00256 -0.00137 -0.00306)
(-0.01696 -0.00595 -0.01990)
(-0.00177 -0.00190 -0.00237)
(0.00020 0.00048 0.00037)
(0.00889 -0.00328 -0.00142)
(-0.00372 0.00132 0.00066)
(-0.01250 0.00435 0.00228)
(-0.03259 0.00957 0.00795)
(-0.08360 0.02375 0.02148)
(-0.06345 0.01683 0.01651)
(-0.07394 0.01540 0.02586)
(-0.07892 0.01024 0.03151)
(-0.07602 0.01048 0.02830)
(-0.06001 -0.00064 0.02744)
(-0.05668 -0.00664 0.03056)
(-0.05167 -0.01286 0.02997)
(-0.04505 -0.01127 0.02297)
(-0.03602 -0.01213 0.01519)
(-0.04764 -0.01214 0.02482)
(-0.04477 -0.01439 0.02320)
(-0.03608 -0.01149 0.01355)
(-0.03130 -0.00632 0.00136)
(-0.04107 -0.01304 0.00292)
(-0.03473 -0.00740 -0.01069)
(-0.03434 -0.00607 -0.01541)
(-0.03088 -0.00192 -0.01669)
(-0.03410 -0.00663 -0.01970)
(-0.03335 -0.00728 -0.03003)
(-0.03296 -0.00567 -0.03483)
(-0.03612 -0.00849 -0.03650)
(-0.03204 -0.01178 -0.03822)
(-0.01954 -0.01103 -0.02559)
(-0.01133 -0.00987 -0.01517)
(-0.03608 -0.01726 -0.04189)
(-0.02363 -0.01429 -0.02939)
(-0.00611 -0.01143 -0.01059)
(-0.00030 -0.00083 -0.00056)
(-0.00529 -0.00990 -0.00507)
(0.00172 0.00470 0.00150)
(0.00308 0.00924 0.00278)
(0.00054 -0.00021 -0.00008)
(-0.01583 0.00587 0.00254)
(-0.04305 0.01565 0.00759)
(-0.06599 0.02307 0.01295)
(-0.11057 0.03797 0.02285)
(-0.10179 0.03520 0.02031)
(-0.12632 0.04313 0.02817)
(-0.11257 0.03269 0.03093)
(-0.10245 0.02823 0.02743)
(-0.08808 0.01779 0.03025)
(-0.08695 0.00975 0.03926)
(-0.08651 0.01026 0.03775)
(-0.07809 0.00593 0.03605)
(-0.07614 0.00267 0.03752)
(-0.07547 -0.00032 0.04180)
(-0.06764 -0.00916 0.04434)
(-0.06617 -0.01153 0.04478)
(-0.06077 -0.01633 0.03981)
(-0.05361 -0.01281 0.02966)
(-0.05174 -0.02195 0.02293)
(-0.04682 -0.02328 0.01495)
(-0.04489 -0.02157 0.00417)
(-0.04122 -0.01218 -0.00689)
(-0.03622 -0.00757 -0.01607)
(-0.03627 -0.01328 -0.02925)
(-0.03709 -0.01547 -0.04183)
(-0.04388 -0.01686 -0.05265)
(-0.04280 -0.01210 -0.04471)
(-0.05054 -0.01234 -0.05149)
(-0.03823 -0.01743 -0.04368)
(-0.04073 -0.02154 -0.04822)
(-0.04949 -0.03090 -0.04475)
(-0.04680 -0.03231 -0.04137)
(-0.02454 -0.02791 -0.02340)
(-0.00418 -0.01113 -0.00391)
(-0.03823 -0.03908 -0.03240)
(-0.01818 -0.03630 -0.01707)
(-0.00186 -0.00616 -0.00175)
(-0.00054 -0.00234 -0.00033)
(0.01060 -0.00369 -0.00198)
(-0.02273 0.00821 0.00373)
(-0.05601 0.02066 0.00909)
(-0.10134 0.03611 0.01737)
(-0.12386 0.04286 0.02248)
(-0.11577 0.03473 0.02679)
(-0.11612 0.03434 0.02826)
(-0.11388 0.03435 0.02909)
(-0.10752 0.02686 0.03177)
(-0.08580 0.00886 0.03981)
(-0.08508 0.00767 0.04026)
(-0.08351 0.00554 0.04110)
(-0.08292 0.00505 0.04151)
(-0.08216 0.00285 0.04270)
(-0.07871 -0.00118 0.04159)
(-0.06997 -0.01115 0.04724)
(-0.06853 -0.01243 0.04694)
(-0.06714 -0.01362 0.04646)
(-0.06140 -0.01729 0.04011)
(-0.05915 -0.02748 0.03207)
(-0.05344 -0.02460 0.02431)
(-0.05076 -0.02770 0.00896)
(-0.04561 -0.03124 -0.00631)
(-0.04233 -0.02789 -0.01372)
(-0.04265 -0.02336 -0.02547)
(-0.04300 -0.01945 -0.05142)
(-0.04424 -0.01943 -0.05425)
(-0.04563 -0.01864 -0.05655)
(-0.04725 -0.01745 -0.05840)
(-0.04748 -0.02419 -0.05603)
(-0.05078 -0.02965 -0.04646)
(-0.04987 -0.03364 -0.04403)
(-0.05166 -0.03186 -0.04618)
(-0.04494 -0.03862 -0.04018)
(-0.02967 -0.05189 -0.02413)
(-0.03917 -0.04401 -0.03401)
(-0.02361 -0.05175 -0.01508)
(-0.00588 -0.03309 -0.00107)
(-0.00056 -0.00370 -0.00000)
(-0.00831 -0.06636 0.00172)
(-0.00136 -0.01696 0.00140)
(-0.00007 -0.00098 0.00009)
(-0.01281 0.00435 0.00282)
(-0.03807 0.01283 0.00819)
(-0.09991 0.03433 0.02259)
(-0.11731 0.03917 0.02853)
(-0.10943 0.03170 0.03363)
(-0.10004 0.02517 0.03265)
(-0.09716 0.02397 0.03256)
(-0.09476 0.02283 0.03309)
(-0.09226 0.02156 0.03301)
(-0.09878 0.02439 0.03438)
(-0.08594 0.00984 0.03939)
(-0.08235 0.00691 0.04025)
(-0.08143 0.00463 0.04140)
(-0.08092 0.00230 0.04287)
(-0.08068 -0.00010 0.04441)
(-0.07321 -0.01530 0.04919)
(-0.06997 -0.01368 0.04914)
(-0.06397 -0.02494 0.05052)
(-0.06494 -0.02381 0.05069)
(-0.06898 -0.01592 0.04974)
(-0.06792 -0.01583 0.04839)
(-0.04884 -0.03815 0.03487)
(-0.04314 -0.04752 0.03898)
(-0.05135 -0.04766 0.03602)
(-0.04761 -0.03800 0.02814)
(-0.04267 -0.03923 0.01243)
(-0.03674 -0.04761 -0.00559)
(-0.03472 -0.04677 -0.01187)
(-0.03339 -0.04613 -0.01718)
(-0.04646 -0.02422 -0.03762)
(-0.04262 -0.02247 -0.05642)
(-0.04436 -0.02150 -0.05866)
(-0.04704 -0.01985 -0.06074)
(-0.05341 -0.02337 -0.06308)
(-0.05077 -0.02719 -0.06024)
(-0.05047 -0.01933 -0.05196)
(-0.04747 -0.02850 -0.04196)
(-0.03876 -0.03388 -0.03448)
(-0.03702 -0.05158 -0.02857)
(-0.02969 -0.06788 -0.02031)
(-0.01186 -0.09380 0.00342)
(-0.00599 -0.06170 0.00406)
(-0.00585 -0.07570 0.00707)
(-0.00160 -0.02636 0.00301)
(-0.00053 -0.01270 0.00182)
(0.00661 -0.00216 -0.00168)
(-0.00151 0.00051 0.00031)
(-0.07685 0.02434 0.02212)
(-0.11943 0.03600 0.03402)
(-0.11994 0.03690 0.03534)
(-0.09466 0.02569 0.03446)
(-0.09052 0.02103 0.03372)
(-0.09001 0.02061 0.03342)
(-0.08520 0.01815 0.03359)
(-0.08579 0.01913 0.03607)
(-0.07363 0.00805 0.04004)
(-0.07898 0.00398 0.04096)
(-0.07490 -0.00089 0.04273)
(-0.07745 0.00012 0.04304)
(-0.07891 -0.00091 0.04447)
(-0.07362 -0.01199 0.05013)
(-0.07145 -0.01001 0.04846)
(-0.05511 -0.02860 0.04833)
(-0.05591 -0.03105 0.05043)
(-0.04208 -0.04039 0.04425)
(-0.04513 -0.04180 0.04502)
(-0.04030 -0.05443 0.04009)
(-0.04419 -0.05823 0.03192)
(-0.02904 -0.05597 0.00475)
(-0.03146 -0.05189 -0.00988)
(-0.02944 -0.05103 -0.01693)
(-0.02911 -0.04910 -0.03497)
(-0.02636 -0.03785 -0.05788)
(-0.03992 -0.02774 -0.06364)
(-0.04369 -0.02308 -0.06327)
(-0.04543 -0.01903 -0.06529)
(-0.04879 -0.02330 -0.06186)
(-0.04762 -0.02197 -0.06149)
(-0.04625 -0.02128 -0.04907)
(-0.03921 -0.02508 -0.04164)
(-0.03639 -0.03019 -0.03682)
(-0.03090 -0.04463 -0.02772)
(-0.02135 -0.05405 -0.01492)
(-0.01097 -0.08876 0.00316)
(-0.00857 -0.09438 0.00696)
(-0.00186 -0.04004 0.00553)
(-0.00594 -0.09317 0.00924)
(-0.00412 -0.07734 0.00980)
(-0.00045 -0.03082 0.00820)
(0.00012 -0.00228 0.00098)
(0.02035 -0.00667 -0.00447)
(-0.00068 0.00022 0.00015)
(-0.03896 0.01222 0.01094)
(-0.07811 0.02437 0.02281)
(-0.11638 0.03560 0.03945)
(-0.11105 0.03323 0.03803)
(-0.09782 0.02884 0.03764)
(-0.09916 0.02657 0.03637)
(-0.08260 0.02055 0.04053)
(-0.06887 0.01541 0.04031)
(-0.07149 0.01479 0.03392)
(-0.05444 0.00704 0.03465)
(-0.05590 0.00270 0.03822)
(-0.05409 -0.00240 0.03858)
(-0.04971 -0.01214 0.03930)
(-0.03907 -0.02239 0.03734)
(-0.05128 -0.02680 0.04611)
(-0.05938 -0.03857 0.06070)
(-0.04223 -0.04424 0.04890)
(-0.03460 -0.04793 0.04218)
(-0.02570 -0.05714 0.03844)
(-0.01353 -0.06779 0.02796)
(-0.00807 -0.06689 0.01098)
(0.00358 -0.07139 -0.00072)
(-0.02576 -0.05748 -0.00780)
(-0.02343 -0.05648 -0.01590)
(-0.00677 -0.05695 -0.03065)
(0.00133 -0.04834 -0.04568)
(0.00550 -0.04947 -0.06287)
(-0.00732 -0.03333 -0.05802)
(-0.01373 -0.02878 -0.05683)
(-0.03981 -0.02114 -0.06513)
(-0.03975 -0.02043 -0.04798)
(-0.03562 -0.02625 -0.03825)
(-0.01747 -0.03564 -0.02700)
(-0.01493 -0.05096 -0.01385)
(-0.00371 -0.05519 -0.00198)
(-0.00966 -0.04921 -0.01188)
(-0.00101 -0.05936 0.00169)
(-0.00037 -0.07426 0.00692)
(-0.00300 -0.09341 0.02218)
(0.00256 -0.07198 0.01762)
(0.00113 -0.06282 0.02765)
(0.00117 -0.01970 0.00863)
(0.00091 -0.01040 0.00530)
(0.00082 -0.00027 -0.00020)
(-0.03097 0.00997 0.00723)
(-0.09283 0.02812 0.03043)
(-0.09613 0.03085 0.03598)
(-0.09198 0.02674 0.04298)
(-0.06132 0.01726 0.04754)
(-0.07950 0.02247 0.04254)
(-0.08066 0.02379 0.04423)
(-0.06225 0.01662 0.04459)
(-0.05807 0.01412 0.04576)
(-0.05678 0.01324 0.04534)
(-0.04025 0.00546 0.04047)
(-0.03181 0.00288 0.04275)
(-0.03243 0.00196 0.04162)
(-0.03823 0.00020 0.03989)
(-0.03761 -0.00839 0.03482)
(-0.03109 -0.00598 0.04014)
(-0.02504 -0.01142 0.03891)
(-0.03175 -0.01237 0.03401)
(-0.03024 -0.02151 0.03308)
(-0.03536 -0.02507 0.03685)
(-0.03594 -0.03497 0.04382)
(-0.03655 -0.04072 0.04347)
(-0.01474 -0.05562 0.03242)
(0.01112 -0.06561 0.01956)
(0.01691 -0.06864 0.01602)
(0.02222 -0.07463 0.01289)
(0.01838 -0.07380 -0.00000)
(0.01789 -0.07140 -0.01462)
(0.02123 -0.06402 -0.03364)
(0.01136 -0.05553 -0.04063)
(0.01640 -0.05388 -0.06358)
(0.01484 -0.05040 -0.05779)
(0.01895 -0.03893 -0.04948)
(-0.00747 -0.02558 -0.05845)
(0.01380 -0.02981 -0.04665)
(-0.00825 -0.02687 -0.04624)
(-0.00332 -0.03093 -0.03429)
(-0.00359 -0.03050 -0.02919)
(0.00740 -0.03363 -0.02220)
(-0.01183 -0.03421 -0.02460)
(-0.00347 -0.03510 -0.01567)
(0.00225 -0.04819 -0.00307)
(0.01063 -0.04804 0.00277)
(0.01207 -0.05701 0.01544)
(0.01277 -0.07398 0.02630)
(0.00970 -0.08339 0.04241)
(0.00054 -0.03030 0.01810)
(-0.00004 0.00372 -0.00235)
(0.00480 -0.05470 0.03693)
(-0.00902 0.00318 0.00212)
(-0.05054 0.01680 0.01373)
(-0.05385 0.01873 0.01510)
(-0.08170 0.02664 0.02519)
(-0.08376 0.02612 0.03979)
(-0.06257 0.01784 0.04764)
(-0.05326 0.01501 0.04917)
(-0.05518 0.01538 0.04845)
(-0.04991 0.01366 0.04927)
(-0.04241 0.00907 0.04816)
(-0.02904 0.00268 0.04449)
(-0.02760 0.00126 0.04357)
(-0.02342 -0.00257 0.03877)
(-0.01433 -0.01044 0.03467)
(-0.00981 -0.01491 0.03119)
(-0.00792 -0.02695 0.02402)
(-0.01593 -0.02423 0.02763)
(0.00088 -0.04274 0.02292)
(0.01287 -0.03885 0.01392)
(-0.00543 -0.04523 0.02712)
(0.00055 -0.05604 0.02296)
(0.01776 -0.06597 0.01520)
(0.02315 -0.06844 0.01189)
(0.02893 -0.07130 0.00853)
(0.03378 -0.07510 -0.00321)
(0.03552 -0.07411 -0.01355)
(0.06720 -0.07504 -0.02093)
(0.04730 -0.07040 -0.02241)
(0.04588 -0.06519 -0.02788)
(0.05505 -0.06014 -0.04576)
(0.05154 -0.05663 -0.04549)
(0.05753 -0.04591 -0.03888)
(0.04805 -0.04191 -0.03941)
(0.05242 -0.04160 -0.03503)
(0.01985 -0.03350 -0.03660)
(0.02479 -0.03326 -0.02625)
(0.01078 -0.03289 -0.02305)
(0.01699 -0.03441 -0.01893)
(0.01278 -0.03375 -0.01905)
(0.02359 -0.03941 -0.00876)
(0.01613 -0.03836 0.00109)
(0.02123 -0.05555 0.01851)
(0.03370 -0.04610 0.03469)
(0.01811 -0.06011 0.03593)
(0.02967 -0.05037 0.04038)
(0.01434 -0.06977 0.04485)
(-0.00094 -0.04823 0.04089)
(-0.00029 -0.00413 0.00374)
(0.00014 0.00144 -0.00139)
(0.00265 -0.00095 -0.00063)
(-0.00395 0.00143 0.00087)
(-0.02875 0.01022 0.00747)
(-0.07581 0.02661 0.02316)
(-0.08316 0.02765 0.02973)
(-0.08337 0.02942 0.02709)
(-0.07159 0.02301 0.03763)
(-0.05328 0.01509 0.04920)
(-0.04801 0.01334 0.05043)
(-0.04600 0.01300 0.05163)
(-0.04276 0.01185 0.05274)
(-0.02169 0.00183 0.05176)
(-0.01555 0.00506 0.05133)
(-0.02510 0.00143 0.04655)
(-0.01743 0.00123 0.04199)
(-0.00097 -0.00539 0.03113)
(0.00774 -0.01587 0.02660)
(0.00377 -0.02144 0.02738)
(0.01791 -0.03718 0.01090)
(0.01475 -0.04171 0.01289)
(0.02031 -0.04001 0.00892)
(0.01755 -0.04445 0.01117)
(0.02513 -0.06607 0.00977)
(0.02944 -0.06780 0.00703)
(0.03404 -0.06966 0.00443)
(0.04767 -0.06977 -0.00447)
(0.07728 -0.07344 -0.01868)
(0.07103 -0.07278 -0.02537)
(0.10526 -0.07313 -0.03891)
(0.10447 -0.07002 -0.03915)
(0.10477 -0.06802 -0.03846)
(0.07906 -0.05512 -0.03515)
(0.06486 -0.04580 -0.03191)
(0.05842 -0.04221 -0.03045)
(0.06627 -0.03958 -0.01538)
(0.02337 -0.03558 -0.01833)
(0.03001 -0.03776 -0.01421)
(0.03760 -0.03846 -0.00678)
(0.03986 -0.04389 0.01118)
(0.05239 -0.04382 0.01831)
(0.03134 -0.04757 0.01705)
(0.03965 -0.04386 0.03678)
(0.03571 -0.04539 0.03804)
(0.03191 -0.04718 0.04077)
(0.02852 -0.04872 0.04314)
(0.00571 -0.05827 0.06022)
(-0.00207 -0.02057 0.02026)
(-0.00100 -0.00783 0.00817)
(0.00103 0.00813 -0.00837)
(-0.00836 0.00297 0.00133)
(-0.02979 0.01074 0.00692)
(-0.05331 0.01911 0.01409)
(-0.04592 0.01661 0.01083)
(-0.07997 0.02861 0.02540)
(-0.07712 0.02734 0.02948)
(-0.03874 0.01142 0.04802)
(-0.04038 0.01176 0.04438)
(-0.04330 0.01249 0.05318)
(-0.04012 0.01153 0.05509)
(-0.01759 0.00753 0.05579)
(-0.00303 0.00285 0.06355)
(-0.01041 0.00106 0.05300)
(0.00227 -0.00160 0.05621)
(0.00106 -0.00313 0.03814)
(0.01098 -0.00782 0.03061)
(0.01346 -0.01062 0.02741)
(0.01782 -0.01546 0.02190)
(0.01826 -0.02756 0.01538)
(0.02451 -0.03780 0.00588)
(0.02361 -0.04313 0.00642)
(0.02783 -0.04109 0.00293)
(0.04062 -0.05064 -0.00343)
(0.04796 -0.06403 -0.00781)
(0.05211 -0.06157 -0.01486)
(0.07337 -0.06296 -0.02832)
(0.08086 -0.06137 -0.03573)
(0.09193 -0.07237 -0.03691)
(0.10037 -0.07235 -0.03504)
(0.11100 -0.07018 -0.03799)
(0.11209 -0.06863 -0.03676)
(0.10820 -0.06055 -0.03084)
(0.07632 -0.04937 -0.02963)
(0.08192 -0.05075 -0.02606)
(0.07363 -0.04750 -0.02523)
(0.09766 -0.05418 -0.00386)
(0.08350 -0.04811 -0.00404)
(0.09145 -0.05114 0.00078)
(0.07785 -0.04847 0.01091)
(0.10768 -0.06044 0.02403)
(0.08625 -0.04940 0.01666)
(0.07180 -0.04551 0.01890)
(0.09771 -0.05133 0.03080)
(0.05983 -0.04471 0.03425)
(0.04456 -0.04371 0.03989)
(0.03965 -0.04439 0.04063)
(0.03712 -0.04464 0.04285)
(0.03438 -0.04443 0.04500)
(0.02896 -0.04537 0.04578)
(0.02028 -0.04658 0.06578)
(0.00099 -0.05421 0.06804)
(-0.00408 -0.02196 0.02752)
(0.00048 0.00304 -0.00337)
(0.00041 -0.00015 -0.00002)
(-0.00542 0.00184 0.00027)
(-0.03070 0.01038 0.00293)
(-0.07294 0.02640 0.01983)
(-0.05951 0.01876 0.02445)
(-0.05191 0.01696 0.03330)
(-0.03040 0.00780 0.02688)
(-0.04072 0.01272 0.04479)
(-0.02875 0.00817 0.05253)
(-0.00891 0.00540 0.05715)
(-0.00750 0.00428 0.05669)
(-0.00915 0.00374 0.05587)
(-0.00377 0.00414 0.05455)
(0.00118 0.00345 0.06052)
(-0.00052 0.00218 0.06835)
(0.01018 0.00024 0.05198)
(0.01429 -0.00504 0.03768)
(0.01725 -0.01038 0.02766)
(0.02024 -0.01218 0.02249)
(0.03162 -0.01806 0.00423)
(0.03774 -0.02124 -0.00719)
(0.04507 -0.03062 -0.02198)
(0.04000 -0.04403 -0.01246)
(0.04998 -0.02962 -0.03063)
(0.06096 -0.04862 -0.03231)
(0.07403 -0.05518 -0.04054)
(0.07100 -0.05284 -0.03887)
(0.07653 -0.05266 -0.04297)
(0.09649 -0.06071 -0.04014)
(0.09166 -0.05259 -0.05635)
(0.11577 -0.06899 -0.04091)
(0.11178 -0.06722 -0.04406)
(0.11561 -0.07082 -0.03254)
(0.11671 -0.06575 -0.03046)
(0.11654 -0.06687 -0.02632)
(0.13766 -0.07285 -0.01489)
(0.11778 -0.06463 0.00019)
(0.13509 -0.07675 0.00762)
(0.13735 -0.07309 0.02090)
(0.14067 -0.07475 0.02345)
(0.12585 -0.07951 0.04120)
(0.11348 -0.06474 0.03943)
(0.11958 -0.07273 0.05705)
(0.09671 -0.05835 0.04860)
(0.08183 -0.05122 0.04333)
(0.06378 -0.04695 0.05694)
(0.05604 -0.04847 0.07122)
(0.03401 -0.04392 0.06035)
(0.00666 -0.03676 0.07876)
(0.00067 -0.04707 0.08252)
(0.02381 -0.03858 0.08011)
(-0.00478 -0.03435 0.08379)
(-0.00639 -0.02422 0.04273)
(-0.00048 -0.00154 0.00250)
(0.00118 0.00336 -0.00561)
(-0.00228 0.00072 -0.00033)
(-0.01417 0.00470 0.00071)
(-0.05230 0.01575 0.01185)
(-0.02584 0.00287 0.01201)
(-0.02824 0.00517 0.01790)
(-0.01895 0.00093 0.03175)
(-0.01609 -0.00227 0.02291)
(-0.01011 0.00179 0.04399)
(-0.00663 0.00508 0.05996)
(-0.00056 0.00717 0.05196)
(-0.00079 0.00413 0.05470)
(0.00501 0.00285 0.05831)
(0.00576 0.00528 0.05107)
(0.01272 0.00642 0.04235)
(0.02104 0.00492 0.02108)
(0.02429 0.00404 0.01374)
(0.02085 -0.00069 0.01550)
(0.03335 -0.00798 0.00496)
(0.04079 -0.01677 -0.00486)
(0.04583 -0.01171 -0.02633)
(0.05179 -0.00944 -0.04399)
(0.06400 -0.03930 -0.03864)
(0.07490 -0.05067 -0.04482)
(0.06863 -0.03490 -0.05343)
(0.07180 -0.02639 -0.07191)
(0.07311 -0.02609 -0.07261)
(0.10489 -0.05611 -0.05060)
(0.11174 -0.06212 -0.04789)
(0.10928 -0.05850 -0.04249)
(0.11317 -0.06109 -0.03896)
(0.14200 -0.07356 -0.01611)
(0.15083 -0.08097 -0.00638)
(0.13730 -0.07834 0.00242)
(0.15249 -0.09064 0.00984)
(0.14409 -0.07805 0.02060)
(0.14234 -0.08527 0.02673)
(0.15103 -0.09614 0.05212)
(0.13810 -0.09156 0.06621)
(0.13479 -0.09121 0.07026)
(0.12444 -0.07990 0.06945)
(0.08940 -0.05689 0.05559)
(0.11126 -0.07489 0.07461)
(0.08944 -0.05944 0.06908)
(0.06674 -0.04960 0.07359)
(0.05626 -0.04827 0.08497)
(0.02866 -0.03992 0.08170)
(0.01185 -0.04066 0.08862)
(-0.00600 -0.03162 0.08326)
(0.00251 -0.04025 0.09112)
(-0.01244 -0.02766 0.06019)
(-0.00234 -0.00668 0.01140)
(-0.00104 -0.00302 0.00651)
(0.00373 -0.00115 0.00058)
(-0.01436 0.00437 -0.00205)
(-0.00140 0.00042 -0.00022)
(-0.01634 0.00464 -0.00253)
(-0.03032 0.00660 0.00233)
(-0.01898 -0.00014 0.01721)
(-0.01333 -0.00258 0.01076)
(-0.00955 -0.00435 0.01727)
(-0.00278 -0.00422 0.02191)
(-0.00693 -0.00183 0.03207)
(0.00624 -0.00336 0.03010)
(0.00281 -0.00104 0.04126)
(-0.00156 0.00491 0.04828)
(0.00856 0.01126 0.04241)
(0.00908 0.01250 0.04137)
(0.01141 0.00847 0.04430)
(0.02092 0.00731 0.02361)
(0.02276 0.00731 0.01257)
(0.02609 0.00463 0.00700)
(0.03821 -0.00406 -0.00821)
(0.04409 0.00090 -0.03226)
(0.04052 0.00656 -0.05095)
(0.03924 0.01946 -0.07759)
(0.05450 -0.01222 -0.04801)
(0.05721 -0.01211 -0.06164)
(0.06862 -0.02135 -0.06814)
(0.06597 -0.02005 -0.07606)
(0.06625 -0.01959 -0.07691)
(0.07481 -0.02683 -0.07313)
(0.09957 -0.04883 -0.05513)
(0.10480 -0.05658 -0.04632)
(0.10705 -0.05916 -0.04316)
(0.12918 -0.07118 -0.03047)
(0.13465 -0.08439 -0.01377)
(0.15744 -0.09804 0.00625)
(0.15931 -0.11122 0.02107)
(0.16066 -0.11256 0.02651)
(0.16023 -0.10466 0.03408)
(0.15110 -0.10064 0.05792)
(0.14088 -0.09703 0.06965)
(0.13715 -0.09664 0.07373)
(0.13213 -0.09062 0.07440)
(0.12529 -0.08480 0.07900)
(0.09612 -0.06929 0.08843)
(0.06774 -0.05270 0.09078)
(0.05313 -0.04858 0.09185)
(0.04099 -0.04222 0.08963)
(0.03951 -0.04424 0.10065)
(0.02042 -0.04305 0.09814)
(0.01689 -0.04582 0.10547)
(-0.01019 -0.03509 0.08015)
(-0.00219 -0.00718 0.01556)
(0.00334 -0.00098 0.00055)
(-0.00568 0.00157 -0.00095)
(-0.02978 0.00721 -0.00489)
(-0.02241 0.00496 -0.00403)
(-0.02724 0.00518 -0.00511)
(-0.00115 -0.00845 0.00450)
(0.00002 -0.00796 0.00971)
(0.00251 -0.00536 0.01063)
(0.01893 -0.00697 0.01803)
(0.01828 -0.00529 0.01968)
(0.00762 0.00025 0.04122)
(0.00896 0.01126 0.03898)
(0.00947 0.01324 0.03578)
(0.00960 0.01564 0.03244)
(0.00988 0.01457 0.03631)
(0.01525 0.01513 0.02093)
(0.01905 0.01320 0.00812)
(0.02177 0.01120 0.00494)
(0.01292 0.03230 -0.03184)
(0.02697 0.00577 0.00052)
(0.03443 0.01609 -0.04347)
(0.03428 0.01708 -0.04801)
(0.03401 0.02692 -0.08062)
(0.03917 0.01932 -0.08093)
(0.03814 0.02058 -0.08401)
(0.05922 -0.01310 -0.08077)
(0.05846 -0.01245 -0.08169)
(0.06721 -0.02084 -0.07726)
(0.06785 -0.02267 -0.07774)
(0.07838 -0.03615 -0.06944)
(0.09386 -0.05360 -0.06123)
(0.11862 -0.07582 -0.03141)
(0.11328 -0.07916 -0.03345)
(0.14059 -0.09439 -0.01004)
(0.15419 -0.11416 0.01964)
(0.15374 -0.11745 0.02484)
(0.15845 -0.11787 0.03108)
(0.14995 -0.12139 0.04966)
(0.14133 -0.10290 0.07292)
(0.13721 -0.10259 0.07679)
(0.13325 -0.09566 0.07840)
(0.12698 -0.09762 0.09384)
(0.09979 -0.07671 0.09747)
(0.09589 -0.07290 0.09599)
(0.08131 -0.06524 0.11356)
(0.06477 -0.05661 0.11065)
(0.05877 -0.05373 0.10905)
(0.06222 -0.05642 0.11260)
(0.05703 -0.05367 0.11111)
(0.05125 -0.05104 0.11007)
(0.02139 -0.04733 0.10861)
(-0.01014 -0.04651 0.10742)
(-0.00699 -0.04412 0.09949)
(-0.00279 -0.01149 0.02492)
(0.00097 0.00352 -0.00752)
(0.00115 -0.00031 0.00020)
(-0.00847 0.00203 -0.00151)
(0.00266 -0.01004 -0.00593)
(-0.00823 -0.00618 -0.00632)
(0.01165 -0.01871 -0.00685)
(0.00722 -0.01507 -0.00226)
(0.01827 -0.01486 0.00627)
(0.02145 -0.00948 0.01344)
(0.02007 -0.00678 0.01529)
(0.01683 -0.00354 0.02273)
(0.01373 0.00237 0.02281)
(0.00936 0.01393 0.03202)
(0.00928 0.01668 0.02859)
(0.00055 0.02711 0.00808)
(0.00928 0.01898 0.02786)
(0.00444 0.03836 -0.00613)
(0.00036 0.03723 -0.02003)
(-0.00162 0.04664 -0.04390)
(0.01663 0.04489 -0.05611)
(0.02635 0.03311 -0.05719)
(0.02297 0.03599 -0.07796)
(0.03335 0.02758 -0.08453)
(0.02762 0.03549 -0.08807)
(0.03204 0.02840 -0.08805)
(0.02873 0.01955 -0.09459)
(0.02644 0.02029 -0.10454)
(0.05892 -0.01426 -0.08176)
(0.05350 -0.01495 -0.08577)
(0.04965 -0.02644 -0.08276)
(0.05932 -0.03539 -0.07880)
(0.10109 -0.06667 -0.05032)
(0.10770 -0.07674 -0.04405)
(0.12047 -0.09165 -0.02334)
(0.13237 -0.10931 0.00484)
(0.14699 -0.11977 0.02230)
(0.15313 -0.12111 0.03067)
(0.13825 -0.13017 0.05382)
(0.13989 -0.11873 0.07134)
(0.13322 -0.12536 0.08284)
(0.13473 -0.11488 0.09530)
(0.12384 -0.10985 0.10868)
(0.11209 -0.08834 0.11108)
(0.09058 -0.07709 0.11203)
(0.09946 -0.08680 0.12367)
(0.08514 -0.07381 0.11567)
(0.06678 -0.05956 0.11503)
(0.05855 -0.05506 0.11343)
(0.04674 -0.05370 0.11806)
(0.02823 -0.05292 0.11594)
(-0.00523 -0.04757 0.10960)
(0.00247 -0.04702 0.11098)
(-0.00266 -0.01602 0.03456)
(0.00016 0.00072 -0.00153)
(0.00002 -0.00014 0.00002)
(0.00098 -0.00439 -0.00060)
(0.00158 -0.00351 0.00076)
(0.01117 -0.01663 -0.00391)
(0.01438 -0.01953 -0.00452)
(0.02187 -0.02647 -0.00718)
(0.03026 -0.02975 -0.00261)
(0.02993 -0.02250 -0.00512)
(0.02516 -0.01836 0.00708)
(0.02236 -0.00875 0.01086)
(0.01293 -0.00087 0.00543)
(0.00778 0.00863 0.00654)
(0.00473 0.02311 0.01037)
(-0.00994 0.03717 -0.01528)
(-0.00479 0.04449 -0.02104)
(-0.00838 0.05617 -0.02932)
(-0.01450 0.06187 -0.04786)
(0.00207 0.05031 -0.06356)
(-0.01714 0.06658 -0.07670)
(0.00123 0.05864 -0.08564)
(-0.01166 0.06943 -0.10395)
(-0.01079 0.06837 -0.11479)
(0.02612 0.03620 -0.09178)
(0.01029 0.03676 -0.11051)
(-0.00644 0.05226 -0.12815)
(0.02730 0.01435 -0.10678)
(0.01952 0.00922 -0.10892)
(0.03324 -0.01213 -0.09528)
(0.03225 -0.02039 -0.09397)
(0.07313 -0.05773 -0.06519)
(0.06630 -0.07021 -0.05407)
(0.10171 -0.09576 -0.02231)
(0.09494 -0.10815 -0.01142)
(0.09189 -0.12117 0.00001)
(0.12150 -0.13657 0.03212)
(0.12107 -0.14211 0.04456)
(0.12774 -0.14725 0.07585)
(0.12586 -0.14580 0.07800)
(0.12596 -0.12507 0.10001)
(0.11974 -0.12185 0.10715)
(0.11143 -0.09848 0.11475)
(0.10338 -0.10121 0.12426)
(0.08370 -0.07324 0.12455)
(0.08025 -0.07787 0.12666)
(0.06273 -0.05804 0.11583)
(0.07630 -0.07602 0.13431)
(0.05367 -0.06034 0.12594)
(0.04349 -0.05923 0.12238)
(0.04820 -0.06251 0.12713)
(0.02685 -0.05776 0.12318)
(0.00792 -0.02509 0.05060)
(-0.00004 -0.00175 0.00353)
(0.00030 -0.00067 0.00023)
(0.00856 -0.01101 -0.00010)
(0.01813 -0.02159 -0.00434)
(0.03867 -0.03442 -0.00819)
(0.03651 -0.03266 -0.00853)
(0.03169 -0.02651 -0.00776)
(0.02451 -0.01815 -0.01366)
(0.02733 -0.02035 -0.00505)
(0.01862 -0.01085 -0.01174)
(0.01417 0.00161 -0.01088)
(-0.00098 0.02330 -0.01046)
(-0.01671 0.03997 -0.02110)
(-0.01699 0.05015 -0.02863)
(-0.03253 0.05738 -0.04067)
(-0.01620 0.05698 -0.03794)
(-0.03238 0.07597 -0.06134)
(-0.06277 0.10449 -0.11516)
(-0.03459 0.08188 -0.10505)
(-0.03851 0.09336 -0.12195)
(-0.03398 0.08886 -0.12588)
(-0.02462 0.07822 -0.13301)
(-0.01996 0.07019 -0.13374)
(-0.01790 0.06205 -0.13486)
(-0.00498 0.04207 -0.12330)
(0.00193 0.02240 -0.11785)
(-0.00484 0.01237 -0.12113)
(-0.00457 0.00157 -0.11403)
(0.03171 -0.03773 -0.08259)
(0.02182 -0.06519 -0.06544)
(0.06459 -0.08583 -0.04190)
(0.07263 -0.10703 -0.02201)
(0.07237 -0.12706 0.00415)
(0.09949 -0.13779 0.02453)
(0.09392 -0.14557 0.03971)
(0.12462 -0.14801 0.07492)
(0.11621 -0.14954 0.08503)
(0.12532 -0.13769 0.10122)
(0.10727 -0.14651 0.11708)
(0.11289 -0.12632 0.11966)
(0.10532 -0.11448 0.12904)
(0.10387 -0.10288 0.12514)
(0.09778 -0.08975 0.13177)
(0.10214 -0.10095 0.14234)
(0.09485 -0.09290 0.14270)
(0.08058 -0.07981 0.13567)
(0.06449 -0.06564 0.13228)
(0.05994 -0.06372 0.13109)
(0.04864 -0.06346 0.12776)
(0.02303 -0.04361 0.08854)
(0.00742 -0.02185 0.04329)
(0.00089 -0.00328 0.00644)
(-0.00039 0.00043 -0.00058)
(0.00166 -0.00166 0.00195)
(0.01351 -0.01225 0.00630)
(0.03109 -0.02996 0.00141)
(0.03864 -0.03481 -0.00673)
(0.04135 -0.03675 -0.01001)
(0.03645 -0.02993 -0.00748)
(0.04216 -0.03676 -0.01260)
(0.02882 -0.01999 -0.01845)
(0.02101 -0.01335 -0.01631)
(0.01607 -0.00695 -0.01608)
(-0.01659 0.02939 -0.03524)
(-0.00292 0.02288 -0.02407)
(-0.02813 0.04438 -0.03919)
(-0.05977 0.08297 -0.06880)
(-0.05339 0.08131 -0.06577)
(-0.07243 0.09807 -0.08604)
(-0.05557 0.08890 -0.08278)
(-0.07253 0.11129 -0.12190)
(-0.06627 0.10866 -0.12424)
(-0.06836 0.11222 -0.13151)
(-0.06334 0.11352 -0.13970)
(-0.03854 0.08649 -0.14366)
(-0.04412 0.08819 -0.15353)
(-0.05266 0.09437 -0.16979)
(-0.04359 0.07914 -0.16054)
(-0.02683 0.05714 -0.14135)
(-0.02393 0.04057 -0.13902)
(-0.03410 0.03607 -0.14024)
(-0.03337 0.03031 -0.13736)
(0.00884 -0.02144 -0.09589)
(0.01297 -0.06016 -0.07010)
(0.02351 -0.07267 -0.05972)
(0.03242 -0.08782 -0.04818)
(0.03893 -0.11383 -0.01090)
(0.06771 -0.13660 0.01959)
(0.06241 -0.15197 0.04131)
(0.09019 -0.15699 0.05577)
(0.08395 -0.15150 0.07357)
(0.10622 -0.15242 0.11169)
(0.10572 -0.15176 0.11632)
(0.10793 -0.14617 0.12091)
(0.10970 -0.14709 0.12404)
(0.10565 -0.10974 0.13754)
(0.10520 -0.10657 0.14378)
(0.09630 -0.09490 0.14353)
(0.09855 -0.09709 0.14684)
(0.09264 -0.08712 0.14251)
(0.07677 -0.07883 0.13791)
(0.07777 -0.08326 0.14265)
(0.07536 -0.08236 0.14007)
(0.05565 -0.06980 0.13307)
(0.03331 -0.04878 0.08908)
(0.00309 -0.00520 0.00943)
(0.00331 -0.00521 0.00940)
(0.00181 -0.00149 0.00254)
(0.01677 -0.01515 0.01151)
(0.04004 -0.03570 -0.00567)
(0.04065 -0.03626 -0.00765)
(0.04156 -0.03671 -0.01020)
(0.04203 -0.03622 -0.01328)
(0.03243 -0.02266 -0.02467)
(0.01957 -0.00969 -0.03102)
(0.01605 -0.00740 -0.01929)
(-0.02030 0.03149 -0.04298)
(-0.03256 0.04719 -0.05356)
(-0.07004 0.09339 -0.08204)
(-0.07769 0.10058 -0.08892)
(-0.07943 0.10489 -0.09299)
(-0.08962 0.11394 -0.11407)
(-0.07637 0.11566 -0.12973)
(-0.08862 0.12406 -0.13571)
(-0.07884 0.11897 -0.13697)
(-0.09487 0.13434 -0.17031)
(-0.09120 0.13369 -0.18633)
(-0.07948 0.12572 -0.17666)
(-0.07282 0.11689 -0.18399)
(-0.08175 0.12354 -0.20179)
(-0.08091 0.11985 -0.20173)
(-0.05220 0.07614 -0.16292)
(-0.04199 0.04401 -0.14740)
(-0.04175 0.03867 -0.14425)
(-0.03440 0.02585 -0.13493)
(-0.02134 -0.01638 -0.10678)
(0.01333 -0.06663 -0.06544)
(0.01071 -0.07904 -0.05224)
(0.02048 -0.10783 -0.02191)
(0.03892 -0.12448 0.00152)
(0.05355 -0.15133 0.03797)
(0.06363 -0.15531 0.04842)
(0.06424 -0.15887 0.05408)
(0.10286 -0.15688 0.11202)
(0.10306 -0.15725 0.11576)
(0.10681 -0.15191 0.12033)
(0.10909 -0.15316 0.12432)
(0.11091 -0.13237 0.13683)
(0.11597 -0.12731 0.14884)
(0.10851 -0.11842 0.15398)
(0.10676 -0.11209 0.15269)
(0.09421 -0.09120 0.14868)
(0.08835 -0.09427 0.14708)
(0.08445 -0.09160 0.14559)
(0.05859 -0.07544 0.13688)
(0.04056 -0.05725 0.10367)
(0.02119 -0.03153 0.05702)
(0.04256 -0.05931 0.10670)
(0.00557 -0.00848 0.01530)
(0.00044 -0.00034 0.00072)
(0.00370 -0.00290 0.00532)
(0.00228 -0.00167 0.00374)
(0.01006 -0.00812 0.01241)
(0.02463 -0.01986 0.01120)
(0.03336 -0.02698 0.00316)
(0.04133 -0.03699 -0.00716)
(0.04169 -0.03654 -0.01046)
(0.04168 -0.03670 -0.01020)
(0.03074 -0.02038 -0.02600)
(0.03029 -0.02252 -0.03129)
(0.02434 -0.01197 -0.03396)
(-0.00273 0.01491 -0.04984)
(-0.02412 0.03624 -0.05381)
(-0.04582 0.05799 -0.06777)
(-0.06577 0.08210 -0.07733)
(-0.08400 0.10475 -0.09208)
(-0.08576 0.10844 -0.09642)
(-0.10545 0.12639 -0.11407)
(-0.14163 0.15863 -0.16379)
(-0.09108 0.12720 -0.14220)
(-0.12595 0.15754 -0.19739)
(-0.13136 0.16137 -0.21869)
(-0.10318 0.13974 -0.20513)
(-0.09566 0.13563 -0.21323)
(-0.08841 0.12677 -0.20963)
(-0.07667 0.10319 -0.19016)
(-0.06665 0.07235 -0.17448)
(-0.05051 0.04886 -0.15265)
(-0.04286 0.03241 -0.14025)
(-0.05184 0.00571 -0.12027)
(-0.01462 -0.04763 -0.07774)
(-0.01740 -0.06503 -0.05950)
(-0.00983 -0.08840 -0.04178)
(0.02111 -0.12380 -0.00187)
(0.03837 -0.14942 0.03044)
(0.05595 -0.15523 0.04620)
(0.05818 -0.16044 0.05379)
(0.07913 -0.16301 0.09101)
(0.09864 -0.17158 0.11223)
(0.10479 -0.15777 0.11990)
(0.10747 -0.16323 0.13016)
(0.11554 -0.15269 0.13918)
(0.11170 -0.15481 0.14928)
(0.11685 -0.13437 0.15382)
(0.11404 -0.12716 0.15384)
(0.11208 -0.12051 0.15419)
(0.10282 -0.11105 0.15183)
(0.07672 -0.08895 0.14804)
(0.06221 -0.07823 0.14014)
(0.06119 -0.07931 0.14105)
(0.05772 -0.07842 0.13984)
(0.03734 -0.05273 0.09466)
(0.00572 -0.00920 0.01652)
(-0.00444 0.00736 -0.01332)
(0.00019 -0.00008 0.00052)
(0.00253 -0.00119 0.00621)
(0.02288 -0.01791 0.01724)
(0.01340 -0.00956 0.01433)
(0.03059 -0.02374 0.01949)
(0.03273 -0.02685 0.00827)
(0.03786 -0.03361 0.00170)
(0.04215 -0.03390 -0.01187)
(0.03705 -0.02684 -0.02113)
(0.02817 -0.01553 -0.03694)
(0.02760 -0.01303 -0.03879)
(0.00379 0.00906 -0.04568)
(-0.02475 0.04107 -0.05610)
(-0.06182 0.07561 -0.07394)
(-0.07953 0.09108 -0.08616)
(-0.09925 0.10965 -0.09573)
(-0.13307 0.14353 -0.12670)
(-0.09247 0.11319 -0.09960)
(-0.12512 0.14038 -0.12756)
(-0.16442 0.17730 -0.17366)
(-0.14794 0.16794 -0.17886)
(-0.14937 0.16989 -0.20787)
(-0.15118 0.17534 -0.22405)
(-0.12676 0.15748 -0.22429)
(-0.13551 0.16429 -0.23825)
(-0.13558 0.15611 -0.24461)
(-0.10427 0.12325 -0.21677)
(-0.09874 0.10433 -0.20135)
(-0.09835 0.09962 -0.20038)
(-0.07883 0.05524 -0.15976)
(-0.06482 0.01853 -0.13014)
(-0.05215 -0.01043 -0.10758)
(-0.03929 -0.04759 -0.07628)
(-0.03409 -0.06410 -0.06195)
(-0.00633 -0.10593 -0.02140)
(-0.00335 -0.11518 -0.00499)
(0.04855 -0.15418 0.04411)
(0.04634 -0.16683 0.06084)
(0.06122 -0.17808 0.08028)
(0.06550 -0.18489 0.09618)
(0.08456 -0.18169 0.11608)
(0.09152 -0.17895 0.12243)
(0.10851 -0.17167 0.14085)
(0.11390 -0.16356 0.15362)
(0.11248 -0.14504 0.15681)
(0.10624 -0.14035 0.16203)
(0.10789 -0.12368 0.16035)
(0.08844 -0.11401 0.16147)
(0.08790 -0.10825 0.15600)
(0.08238 -0.10751 0.16445)
(0.07317 -0.09265 0.16031)
(0.05651 -0.07973 0.13792)
(0.03350 -0.04902 0.08514)
(0.00901 -0.01388 0.02472)
(-0.00310 0.00545 -0.01023)
(0.00196 -0.00066 0.00438)
(0.01264 -0.00588 0.02269)
(0.02994 -0.02238 0.01787)
(0.03715 -0.03168 0.00545)
(0.04106 -0.03748 -0.00211)
(0.03918 -0.03164 -0.00586)
(0.03100 -0.01714 -0.02065)
(0.03646 -0.02641 -0.02014)
(0.02734 -0.01304 -0.03103)
(0.01287 0.00371 -0.03897)
(0.02134 -0.00633 -0.04080)
(-0.00688 0.02333 -0.05105)
(-0.02894 0.04514 -0.06110)
(-0.04798 0.06504 -0.06920)
(-0.05958 0.07513 -0.07327)
(-0.08389 0.09507 -0.08832)
(-0.08020 0.09272 -0.08299)
(-0.11321 0.12097 -0.10373)
(-0.14701 0.14845 -0.12866)
(-0.15390 0.16327 -0.15457)
(-0.16945 0.18078 -0.17743)
(-0.17590 0.18923 -0.18465)
(-0.17575 0.18907 -0.22701)
(-0.19290 0.20309 -0.26228)
(-0.15509 0.17854 -0.24798)
(-0.15212 0.17447 -0.25056)
(-0.15437 0.16435 -0.26003)
(-0.13684 0.14865 -0.24413)
(-0.12403 0.13116 -0.22684)
(-0.11185 0.11028 -0.21182)
(-0.09263 0.07285 -0.17224)
(-0.08693 0.04976 -0.15315)
(-0.06697 0.00339 -0.11800)
(-0.06411 -0.01680 -0.09620)
(-0.06362 -0.04268 -0.07110)
(-0.02288 -0.09011 -0.03339)
(-0.01602 -0.10878 -0.00659)
(0.00409 -0.14538 0.02667)
(0.01347 -0.16144 0.05063)
(0.04159 -0.17463 0.06948)
(0.05975 -0.19255 0.09043)
(0.06314 -0.19326 0.10016)
(0.08410 -0.18883 0.12137)
(0.07884 -0.19704 0.12374)
(0.09953 -0.17467 0.14003)
(0.10981 -0.16207 0.15580)
(0.09429 -0.16760 0.16377)
(0.09478 -0.16202 0.16573)
(0.09453 -0.14941 0.16672)
(0.09252 -0.15887 0.16802)
(0.09077 -0.13316 0.16655)
(0.07844 -0.11052 0.16711)
(0.07522 -0.10753 0.16513)
(0.06257 -0.09146 0.15159)
(0.01756 -0.02900 0.04907)
(0.00220 -0.00480 0.00819)
(-0.00083 0.00184 -0.00316)
(0.00036 -0.00011 0.00087)
(0.00608 -0.00221 0.01329)
(0.01803 -0.00852 0.03219)
(0.02785 -0.01893 0.02187)
(0.03323 -0.02352 0.00758)
(0.03305 -0.02139 0.00341)
(0.03494 -0.02298 -0.00687)
(0.02306 -0.00649 -0.02793)
(0.02085 -0.00311 -0.03231)
(0.01704 0.00217 -0.03544)
(-0.00905 0.02575 -0.05317)
(-0.04892 0.06712 -0.06936)
(-0.05905 0.07556 -0.07329)
(-0.07041 0.08628 -0.07766)
(-0.11859 0.12750 -0.10775)
(-0.14198 0.14720 -0.13085)
(-0.16430 0.16467 -0.15788)
(-0.18441 0.18526 -0.18907)
(-0.18265 0.18974 -0.19741)
(-0.19147 0.19583 -0.20839)
(-0.19256 0.20048 -0.23978)
(-0.19817 0.20633 -0.26610)
(-0.19165 0.20260 -0.26941)
(-0.18489 0.19696 -0.27058)
(-0.16839 0.17889 -0.27069)
(-0.15350 0.16156 -0.25709)
(-0.13980 0.14959 -0.24648)
(-0.13616 0.13371 -0.23189)
(-0.11239 0.09210 -0.18603)
(-0.11409 0.07915 -0.17164)
(-0.09286 0.03842 -0.14179)
(-0.07558 -0.00941 -0.09893)
(-0.06845 -0.03438 -0.07552)
(-0.06045 -0.05179 -0.06179)
(-0.04138 -0.08090 -0.03186)
(-0.00672 -0.14243 0.02385)
(0.00243 -0.14674 0.02661)
(0.00833 -0.14813 0.03450)
(0.03737 -0.17713 0.07639)
(0.05738 -0.19391 0.09852)
(0.06426 -0.19375 0.10568)
(0.06569 -0.19360 0.10874)
(0.07816 -0.18093 0.12403)
(0.08710 -0.17110 0.15266)
(0.09036 -0.16367 0.16622)
(0.09444 -0.15116 0.16964)
(0.08769 -0.13719 0.16868)
(0.07406 -0.12948 0.16267)
(0.07540 -0.11869 0.16640)
(0.06933 -0.10867 0.16653)
(0.05918 -0.09338 0.14401)
(0.01780 -0.03082 0.05271)
(0.00127 -0.00223 0.00381)
(0.00021 0.00002 0.00049)
(0.00685 -0.00005 0.01429)
(0.02164 -0.00749 0.02007)
(0.03196 -0.01685 0.01429)
(0.03188 -0.01835 0.01346)
(0.03001 -0.01627 0.00064)
(0.02438 -0.00760 -0.00715)
(0.03113 -0.01733 -0.00331)
(0.02206 -0.00444 -0.02744)
(0.01958 -0.00107 -0.03161)
(0.01859 0.00084 -0.03114)
(0.01536 0.00480 -0.03503)
(0.01253 0.00792 -0.03831)
(-0.04298 0.06483 -0.06617)
(-0.05835 0.07621 -0.07296)
(-0.06904 0.08629 -0.07725)
(-0.11926 0.13039 -0.11395)
(-0.13516 0.14341 -0.12687)
(-0.16624 0.17155 -0.16832)
(-0.18740 0.19162 -0.19585)
(-0.19152 0.19533 -0.20600)
(-0.19549 0.20210 -0.23989)
(-0.20207 0.20900 -0.26972)
(-0.19738 0.20621 -0.27281)
(-0.19729 0.20671 -0.27823)
(-0.18961 0.19727 -0.28532)
(-0.16152 0.16824 -0.26314)
(-0.16506 0.16647 -0.25800)
(-0.14041 0.12535 -0.21990)
(-0.11196 0.07139 -0.16377)
(-0.10196 0.04249 -0.14118)
(-0.06540 -0.04287 -0.06752)
(-0.03143 -0.09831 -0.01369)
(-0.01645 -0.12651 0.00528)
(0.01148 -0.15897 0.04941)
(0.05864 -0.19274 0.10054)
(0.06627 -0.19462 0.11127)
(0.08763 -0.16847 0.16381)
(0.08165 -0.14763 0.16466)
(0.02041 -0.03724 0.05785)
(0.00117 0.00022 0.00295)
(0.01237 -0.00158 0.01634)
(0.02929 -0.01159 0.01354)
(0.02001 -0.00290 0.02346)
(0.02974 -0.01068 0.01191)
(0.03116 -0.01340 0.00887)
(0.02466 -0.00293 -0.00573)
(0.02124 -0.00250 -0.02715)
(0.01786 0.00266 -0.03104)
(0.01394 0.00723 -0.03489)
(0.00492 0.01985 -0.04239)
(-0.03092 0.05897 -0.06265)
(-0.05189 0.08044 -0.07017)
(-0.06251 0.08415 -0.07586)
(-0.10943 0.12801 -0.10550)
(-0.11344 0.12560 -0.10963)
(-0.13762 0.14675 -0.12740)
(-0.17095 0.17687 -0.16381)
(-0.16183 0.17149 -0.15596)
(-0.18522 0.19034 -0.19451)
(-0.18914 0.19412 -0.20587)
(-0.19794 0.20021 -0.22884)
(-0.20438 0.21140 -0.26934)
(-0.20285 0.21061 -0.27706)
(-0.20162 0.20981 -0.28036)
(-0.18386 0.19207 -0.28466)
(-0.00181 -0.00102 -0.00412)
(0.00562 0.00173 0.00998)
(0.02206 0.00251 0.02689)
(0.02673 -0.00359 0.02337)
(0.02824 -0.00764 0.01208)
(0.03067 -0.00964 0.00330)
(0.02465 -0.00148 -0.00655)
(0.02288 0.00125 -0.01241)
(0.02330 0.00143 -0.01166)
(0.01682 0.00626 -0.03058)
(0.00456 0.02218 -0.03947)
(-0.00703 0.03562 -0.04711)
(-0.03963 0.07176 -0.06444)
(-0.04309 0.07666 -0.06562)
(-0.07299 0.09966 -0.08691)
(-0.09937 0.12212 -0.10261)
(-0.13359 0.14616 -0.12737)
(-0.15001 0.16403 -0.15336)
(-0.17902 0.18772 -0.19169)
(-0.19748 0.20449 -0.23554)
(-0.20504 0.21470 -0.26380)
(-0.00198 -0.00111 -0.00379)
(0.00141 0.00077 0.00264)
(0.01047 0.00548 0.01723)
(0.02504 0.00345 0.02165)
(0.02566 0.00265 0.01793)
(0.02782 0.00154 0.00643)
(0.02259 0.00357 -0.01049)
(0.01565 0.01423 -0.02872)
(0.00812 0.02224 -0.03970)
(-0.00858 0.04017 -0.04846)
(-0.03419 0.06600 -0.06190)
(-0.04376 0.07531 -0.06790)
(-0.06417 0.09302 -0.08304)
(-0.09766 0.12540 -0.10870)
(-0.11706 0.14051 -0.11846)
(-0.12623 0.15002 -0.13318)
(-0.16104 0.17349 -0.16964)
(0.00052 0.00032 0.00083)
(0.01294 0.00521 0.01365)
(0.01987 0.00357 0.01729)
(0.02574 0.00413 0.02003)
(0.02609 0.00321 0.01509)
(0.02636 0.00363 0.01277)
(0.02608 0.00542 -0.00369)
(0.02092 0.01168 -0.01818)
(0.01257 0.01897 -0.02771)
(0.01343 0.02053 -0.02871)
(-0.00156 0.03488 -0.04856)
(-0.01125 0.04485 -0.05417)
(-0.02040 0.05588 -0.05870)
(-0.01945 0.05509 -0.06371)
(-0.03927 0.07236 -0.06934)
(-0.07421 0.10381 -0.08926)
(0.00135 0.00105 0.00201)
(0.02049 0.00759 0.01988)
(0.02637 0.00452 0.01795)
(0.02914 0.01183 0.01418)
(0.02820 0.00624 0.00885)
(0.02649 0.00821 -0.00138)
(0.02589 0.00851 -0.01711)
(0.01449 0.01984 -0.02792)
(-0.00440 0.03998 -0.05652)
(-0.01393 0.04945 -0.06140)
(-0.00032 -0.00022 -0.00034)
(0.01009 0.00525 0.00750)
(0.02224 0.01116 0.01080)
(-0.16222 0.16091 -0.25439)
(-0.12045 0.08689 -0.17715)
(-0.07382 -0.02530 -0.08092)
(-0.06063 -0.05497 -0.05448)
(-0.00270 -0.13802 0.02206)
(0.04323 -0.18232 0.08293)
(0.06017 -0.19309 0.10381)
(0.07461 -0.18376 0.13076)
(0.07939 -0.16318 0.15599)
(0.07104 -0.14161 0.16398)
(0.07047 -0.12707 0.16142)
(0.05604 -0.10001 0.14510)
(0.05366 -0.09635 0.14213)
(0.05093 -0.09213 0.13878)
(0.00450 -0.00824 0.01299)
(-0.20605 0.20978 -0.29002)
(-0.18191 0.18303 -0.27698)
(-0.16695 0.16900 -0.26415)
(-0.16033 0.14950 -0.23886)
(-0.13242 0.10198 -0.19213)
(-0.11720 0.07845 -0.16882)
(-0.10993 0.05406 -0.14470)
(-0.09984 0.02811 -0.11953)
(-0.07073 -0.03310 -0.07394)
(-0.07184 -0.03016 -0.07021)
(-0.03671 -0.09034 -0.02074)
(-0.02237 -0.11753 0.00062)
(-0.00759 -0.13061 0.01452)
(0.00106 -0.14342 0.02491)
(0.01632 -0.16335 0.05115)
(0.05315 -0.19062 0.09394)
(0.05512 -0.19160 0.09778)
(0.06120 -0.19338 0.10833)
(0.06355 -0.19453 0.12464)
(0.07585 -0.17957 0.15337)
(0.06804 -0.17013 0.15220)
(0.07138 -0.15719 0.15601)
(0.06759 -0.14797 0.15389)
(0.05828 -0.11913 0.14974)
(0.05313 -0.09873 0.14105)
(0.04968 -0.09210 0.13588)
(0.01834 -0.03385 0.05160)
(0.00180 -0.00331 0.00512)
(-0.21029 0.21867 -0.28908)
(-0.21377 0.21805 -0.29838)
(-0.21450 0.21841 -0.29982)
(-0.21191 0.21504 -0.29962)
(-0.19854 0.19999 -0.29066)
(-0.19205 0.18765 -0.26966)
(-0.17070 0.16127 -0.24297)
(-0.15920 0.13736 -0.22048)
(-0.12255 0.08619 -0.17473)
(-0.14570 0.11146 -0.19383)
(-0.11840 0.07083 -0.15710)
(-0.10920 0.04734 -0.12685)
(-0.08523 -0.00121 -0.09162)
(-0.07666 -0.02003 -0.07742)
(-0.05366 -0.06280 -0.04175)
(-0.04078 -0.08637 -0.02139)
(-0.03119 -0.09898 -0.01308)
(-0.00120 -0.14262 0.02156)
(0.00884 -0.15672 0.03161)
(0.02968 -0.17264 0.06094)
(0.03790 -0.18329 0.07014)
(0.04928 -0.19519 0.10055)
(0.05597 -0.20237 0.12051)
(0.05637 -0.19074 0.12209)
(0.06721 -0.17510 0.14102)
(0.07034 -0.16119 0.15061)
(0.06130 -0.16209 0.14112)
(0.06068 -0.14227 0.14807)
(0.05879 -0.13074 0.14537)
(0.05595 -0.12965 0.13841)
(0.05327 -0.10313 0.14134)
(0.04795 -0.09084 0.13060)
(0.02297 -0.04260 0.06357)
(0.00463 -0.00914 0.01394)
(-0.00177 0.00346 -0.00533)
(-0.17615 0.19164 -0.20393)
(-0.19455 0.20450 -0.23744)
(-0.20210 0.21140 -0.25966)
(-0.21175 0.21989 -0.28382)
(-0.21772 0.22087 -0.29750)
(-0.21713 0.22341 -0.30446)
(-0.21240 0.21337 -0.29840)
(-0.20719 0.20657 -0.28991)
(-0.20108 0.19035 -0.26864)
(-0.19505 0.18115 -0.25794)
(-0.17208 0.15443 -0.23494)
(-0.15813 0.12637 -0.20877)
(-0.12838 0.09179 -0.17834)
(-0.12657 0.08190 -0.16414)
(-0.10673 0.04319 -0.12360)
(-0.08495 0.00998 -0.09674)
(-0.07829 -0.00473 -0.08812)
(-0.05846 -0.05230 -0.04686)
(-0.05020 -0.06417 -0.03996)
(-0.02822 -0.10488 -0.01153)
(-0.01476 -0.12332 0.00131)
(0.00005 -0.14102 0.01176)
(0.01502 -0.16247 0.03557)
(0.02944 -0.17831 0.05875)
(0.04214 -0.18745 0.08031)
(0.03460 -0.18140 0.07099)
(0.04770 -0.18763 0.09683)
(0.04934 -0.17902 0.11315)
(0.05956 -0.17894 0.12890)
(0.05386 -0.16607 0.12758)
(0.05764 -0.15220 0.13912)
(0.05461 -0.11951 0.13738)
(0.04940 -0.12950 0.12817)
(0.04813 -0.10544 0.12832)
(0.04127 -0.08816 0.11205)
(0.00431 -0.00863 0.01251)
(-0.00365 0.00700 -0.01060)
(0.02950 -0.06752 0.08574)
(-0.09476 0.12308 -0.10800)
(-0.10413 0.13107 -0.11540)
(-0.10916 0.13575 -0.12218)
(-0.14622 0.16583 -0.16347)
(-0.17250 0.18942 -0.20173)
(-0.17909 0.19109 -0.21282)
(-0.18543 0.19758 -0.21578)
(-0.19533 0.20540 -0.24255)
(-0.20541 0.21280 -0.26811)
(-0.21287 0.21881 -0.28838)
(-0.21812 0.22146 -0.30338)
(-0.21877 0.22095 -0.30305)
(-0.21072 0.20599 -0.28675)
(-0.19684 0.18407 -0.26185)
(-0.19188 0.17746 -0.25474)
(-0.16379 0.14098 -0.22683)
(-0.14856 0.11187 -0.19497)
(-0.12816 0.09154 -0.18218)
(-0.11443 0.05805 -0.14026)
(-0.12417 0.09073 -0.17944)
(-0.08586 0.01165 -0.10036)
(-0.08115 0.00341 -0.09464)
(-0.07444 -0.01095 -0.08368)
(-0.04056 -0.07524 -0.03685)
(-0.02305 -0.11284 -0.00675)
(-0.02676 -0.10505 -0.01253)
(-0.01107 -0.12740 -0.00321)
(0.01161 -0.16024 0.02900)
(0.00757 -0.14955 0.01668)
(0.02432 -0.17235 0.03888)
(0.03047 -0.17418 0.04702)
(0.03571 -0.18193 0.06750)
(0.04614 -0.17117 0.09990)
(0.05285 -0.17112 0.12369)
(0.05270 -0.16551 0.12437)
(0.05342 -0.16048 0.12727)
(0.04491 -0.12243 0.11650)
(0.04469 -0.11446 0.11787)
(0.04140 -0.10231 0.11781)
(0.02151 -0.04934 0.06551)
(0.00259 -0.00568 0.00803)
(0.01048 -0.02538 0.03650)
(0.00197 -0.00469 0.00696)
(-0.01798 0.05368 -0.06412)
(-0.02297 0.05865 -0.06599)
(-0.04569 0.07886 -0.08072)
(-0.09219 0.12095 -0.10711)
(-0.10013 0.12783 -0.11388)
(-0.09625 0.12459 -0.11192)
(-0.10537 0.13265 -0.12056)
(-0.14166 0.16518 -0.17076)
(-0.12112 0.14539 -0.14195)
(-0.14789 0.16863 -0.18452)
(-0.16570 0.18407 -0.20845)
(-0.18924 0.19950 -0.25097)
(-0.18963 0.20147 -0.26129)
(-0.20402 0.21482 -0.28367)
(-0.21842 0.22129 -0.30334)
(-0.21876 0.22055 -0.30283)
(-0.21893 0.21945 -0.30211)
(-0.21436 0.21025 -0.29309)
(-0.19872 0.18679 -0.26541)
(-0.19418 0.18068 -0.25873)
(-0.17402 0.15874 -0.24794)
(-0.15028 0.12354 -0.21069)
(-0.13033 0.10153 -0.19240)
(-0.12588 0.09520 -0.18588)
(-0.09834 0.03498 -0.12135)
(-0.08359 0.01048 -0.10041)
(-0.07680 -0.00427 -0.08904)
(-0.07929 0.00274 -0.09474)
(-0.05279 -0.04558 -0.06194)
(-0.03661 -0.06387 -0.06669)
(-0.00953 -0.11508 -0.03113)
(-0.00389 -0.12277 -0.02674)
(0.02640 -0.16932 0.03589)
(0.02965 -0.17244 0.04298)
(0.03297 -0.17657 0.05359)
(0.04127 -0.16959 0.08018)
(0.05174 -0.17019 0.12081)
(0.05168 -0.16500 0.12160)
(0.05249 -0.16006 0.12464)
(0.04790 -0.14773 0.12131)
(0.04158 -0.11759 0.11405)
(0.03433 -0.08725 0.10412)
(0.00914 -0.02300 0.03075)
(-0.00192 0.00459 -0.00642)
(0.00066 -0.00163 0.00226)
(0.03417 0.01452 0.01043)
(0.02832 0.01460 -0.00842)
(0.02774 0.01139 -0.01085)
(0.02629 0.01330 -0.02805)
(0.02277 0.01603 -0.03482)
(0.01802 0.02303 -0.03991)
(0.00001 0.03687 -0.05030)
(-0.01267 0.04831 -0.06185)
(-0.01155 0.04744 -0.06273)
(-0.01665 0.05251 -0.06478)
(-0.02198 0.05771 -0.06666)
(-0.04049 0.07563 -0.08213)
(-0.07426 0.10603 -0.10177)
(-0.08260 0.11003 -0.10931)
(-0.10879 0.13534 -0.13618)
(-0.13900 0.16131 -0.17793)
(-0.16202 0.17931 -0.20572)
(-0.18186 0.19496 -0.24814)
(-0.18742 0.19878 -0.25667)
(-0.19834 0.20865 -0.27402)
(-0.20755 0.21272 -0.28599)
(-0.21908 0.22037 -0.30280)
(-0.21923 0.21918 -0.30200)
(-0.21730 0.20981 -0.29438)
(-0.20247 0.19300 -0.27876)
(-0.18830 0.17727 -0.26850)
(-0.17464 0.16208 -0.25902)
(-0.15894 0.13693 -0.22651)
(-0.13267 0.10642 -0.19909)
(-0.12773 0.09983 -0.19296)
(-0.11223 0.06874 -0.16105)
(-0.09292 0.03631 -0.12813)
(-0.09229 0.03031 -0.12074)
(-0.06458 -0.01615 -0.09107)
(-0.05071 -0.03783 -0.08033)
(-0.03426 -0.06092 -0.07694)
(-0.01923 -0.08948 -0.05728)
(-0.00649 -0.10643 -0.05242)
(0.00193 -0.12525 -0.02358)
(0.01639 -0.15422 0.01726)
(0.02759 -0.16948 0.03526)
(0.03033 -0.17207 0.04271)
(0.03216 -0.17480 0.05026)
(0.03713 -0.17316 0.06617)
(0.04842 -0.17113 0.11109)
(0.03935 -0.16178 0.09427)
(0.04452 -0.15746 0.11063)
(0.03841 -0.13567 0.11196)
(0.04023 -0.12226 0.11108)
(0.03870 -0.10905 0.10990)
(0.03511 -0.09749 0.10378)
(0.02364 -0.06345 0.07666)
(0.00490 -0.01264 0.01713)
(0.00219 0.00109 0.00131)
(0.00564 0.00238 0.00258)
(0.03149 0.01544 0.00632)
(0.03077 0.01449 -0.00910)
(0.02705 0.01638 -0.02145)
(0.02650 0.01578 -0.02752)
(0.01548 0.01964 -0.04220)
(0.00850 0.02512 -0.05019)
(0.00042 0.03268 -0.05712)
(-0.00015 0.03328 -0.05663)
(-0.01751 0.04899 -0.06996)
(-0.03696 0.06311 -0.08241)
(-0.04073 0.07025 -0.08216)
(-0.05997 0.08938 -0.09302)
(-0.06844 0.09750 -0.09884)
(-0.11085 0.13234 -0.13288)
(-0.11887 0.13906 -0.14176)
(-0.13768 0.16034 -0.17054)
(-0.15896 0.17570 -0.19802)
(-0.17724 0.19112 -0.23227)
(-0.19280 0.20242 -0.23832)
(-0.20537 0.21225 -0.27227)
(-0.21562 0.21846 -0.27803)
(-0.22382 0.22368 -0.29796)
(-0.23073 0.22389 -0.29517)
(-0.22595 0.21914 -0.29503)
(-0.21492 0.20446 -0.29051)
(-0.20312 0.19142 -0.28114)
(-0.19677 0.17660 -0.27102)
(-0.17030 0.14970 -0.24850)
(-0.16282 0.13978 -0.24159)
(-0.15335 0.12669 -0.22851)
(-0.12430 0.09446 -0.18904)
(-0.10898 0.07523 -0.16999)
(-0.09852 0.05743 -0.15603)
(-0.06947 0.00659 -0.11896)
(-0.05263 -0.02657 -0.09420)
(-0.04639 -0.03794 -0.08450)
(-0.02286 -0.07720 -0.07006)
(-0.00914 -0.10146 -0.04127)
(0.00294 -0.12172 -0.01470)
(0.01901 -0.15029 0.02202)
(0.03168 -0.16351 0.06555)
(0.01996 -0.14627 0.04472)
(0.03559 -0.16877 0.08120)
(0.02917 -0.14773 0.08766)
(0.03460 -0.14249 0.10779)
(0.03262 -0.13008 0.10973)
(0.03560 -0.11704 0.11207)
(0.02900 -0.10156 0.10089)
(0.01797 -0.06493 0.07678)
(0.00870 -0.03202 0.03891)
(0.00320 -0.01188 0.01471)
(0.00177 0.00088 0.00058)
(0.02550 0.01552 -0.00451)
(0.02825 0.01704 -0.01769)
(0.01887 0.02123 -0.03208)
(0.01787 0.02139 -0.03396)
(0.01596 0.02175 -0.03737)
(0.01152 0.02185 -0.05115)
(0.01087 0.02396 -0.04519)
(-0.00018 0.03144 -0.05978)
(-0.00791 0.03921 -0.06981)
(-0.02665 0.04979 -0.07698)
(-0.03703 0.06047 -0.08205)
(-0.05127 0.07462 -0.09002)
(-0.06149 0.08990 -0.09526)
(-0.08027 0.10291 -0.10779)
(-0.10093 0.12232 -0.12610)
(-0.13248 0.14272 -0.15284)
(-0.14628 0.16120 -0.17054)
(-0.17153 0.18427 -0.21150)
(-0.20548 0.21120 -0.23549)
(-0.21313 0.21669 -0.25701)
(-0.21823 0.21881 -0.26530)
(-0.22502 0.22280 -0.28604)
(-0.22715 0.22504 -0.27452)
(-0.23334 0.22674 -0.29392)
(-0.22944 0.22261 -0.29322)
(-0.21636 0.20503 -0.29106)
(-0.21074 0.19758 -0.28897)
(-0.20808 0.18437 -0.28358)
(-0.19208 0.16960 -0.26807)
(-0.20421 0.17962 -0.28161)
(-0.16591 0.14352 -0.24858)
(-0.15955 0.13531 -0.24583)
(-0.16006 0.12708 -0.23093)
(-0.14103 0.11284 -0.21438)
(-0.12371 0.09151 -0.19154)
(-0.10422 0.07322 -0.17066)
(-0.09143 0.05720 -0.16778)
(-0.08122 0.02676 -0.13866)
(-0.07156 0.01414 -0.13048)
(-0.05381 -0.00893 -0.11498)
(-0.03635 -0.04955 -0.08157)
(-0.04327 -0.03202 -0.09697)
(-0.03158 -0.05354 -0.07227)
(-0.02035 -0.07218 -0.05553)
(0.00663 -0.12303 -0.00326)
(0.01868 -0.13664 0.03302)
(0.02702 -0.15056 0.07142)
(0.02153 -0.13707 0.04859)
(0.02949 -0.14913 0.08206)
(0.02171 -0.12107 0.09477)
(0.02752 -0.12734 0.09774)
(0.02190 -0.11459 0.09904)
(0.02770 -0.11031 0.10420)
(0.02491 -0.09949 0.09931)
(0.02106 -0.11248 0.09942)
(0.01885 -0.07724 0.07932)
(0.00287 -0.01515 0.01912)
(0.00053 0.00028 0.00005)
(0.01868 0.01323 -0.00953)
(0.01292 0.01724 -0.02661)
(0.01516 0.02285 -0.03827)
(0.01261 0.02338 -0.04215)
(0.01055 0.02460 -0.04348)
(0.00841 0.02521 -0.04662)
(-0.00753 0.03569 -0.06818)
(-0.02686 0.05198 -0.08295)
(-0.04801 0.06383 -0.08918)
(-0.05151 0.07563 -0.09389)
(-0.07697 0.09399 -0.10869)
(-0.08959 0.10244 -0.11782)
(-0.10870 0.12338 -0.13310)
(-0.14596 0.15210 -0.15914)
(-0.15083 0.15820 -0.16576)
(-0.15816 0.16402 -0.17166)
(-0.16966 0.18216 -0.20338)
(-0.20771 0.21249 -0.23233)
(-0.21145 0.21551 -0.24083)
(-0.21745 0.22011 -0.24893)
(-0.23041 0.22701 -0.26566)
(-0.23393 0.22594 -0.27709)
(-0.23509 0.22287 -0.28743)
(-0.23067 0.21814 -0.29264)
(-0.22416 0.20849 -0.28526)
(-0.21232 0.18714 -0.28642)
(-0.20950 0.18368 -0.28555)
(-0.20020 0.17588 -0.28099)
(-0.17739 0.15327 -0.26518)
(-0.16084 0.13712 -0.24402)
(-0.13920 0.11276 -0.21895)
(-0.12543 0.09859 -0.20141)
(-0.09811 0.07284 -0.18973)
(-0.08392 0.05166 -0.16461)
(-0.07905 0.04486 -0.16096)
(-0.05259 0.00041 -0.12803)
(-0.03576 -0.04292 -0.08027)
(-0.03278 -0.04861 -0.07235)
(0.00340 -0.10920 -0.01781)
(-0.00831 -0.08233 -0.03950)
(0.00766 -0.11949 0.01401)
(0.01564 -0.11030 0.03008)
(0.02504 -0.13334 0.06086)
(0.01676 -0.11132 0.03885)
(0.02033 -0.12191 0.08302)
(0.01941 -0.11459 0.09469)
(0.01970 -0.11262 0.09728)
(0.02234 -0.09802 0.09344)
(0.01492 -0.07001 0.07080)
(0.01736 -0.10290 0.09182)
(0.00372 -0.02159 0.02455)
(0.00072 -0.00432 0.00494)
(-0.00073 -0.00046 -0.00013)
(0.00716 0.00878 -0.01125)
(0.00798 0.01505 -0.01666)
(0.01223 0.02449 -0.04060)
(0.00605 0.02648 -0.04669)
(-0.02193 0.04403 -0.07700)
(-0.03455 0.05362 -0.08428)
(-0.04953 0.06064 -0.09016)
(-0.08529 0.09243 -0.11721)
(-0.09362 0.09746 -0.12134)
(-0.09646 0.10103 -0.12220)
(-0.11246 0.11901 -0.13398)
(-0.15158 0.15377 -0.16145)
(-0.15451 0.15885 -0.16578)
(-0.16242 0.16553 -0.17150)
(-0.19486 0.19717 -0.20705)
(-0.21326 0.21689 -0.23600)
(-0.22548 0.22342 -0.23965)
(-0.24000 0.23294 -0.24997)
(-0.23709 0.22980 -0.26694)
(-0.24593 0.23144 -0.27298)
(-0.23669 0.22023 -0.28658)
(-0.23574 0.21781 -0.28793)
(-0.22770 0.20429 -0.28794)
(-0.21458 0.18722 -0.28805)
(-0.20658 0.18065 -0.28494)
(-0.18807 0.16808 -0.28090)
(-0.17606 0.15974 -0.27033)
(-0.14632 0.13387 -0.23920)
(-0.16302 0.15372 -0.25964)
(-0.13534 0.13365 -0.24205)
(-0.12438 0.11006 -0.21708)
(-0.09493 0.07308 -0.18127)
(-0.08939 0.06276 -0.17371)
(-0.08453 0.05661 -0.16918)
(-0.08045 0.05176 -0.16450)
(-0.05682 0.01672 -0.12690)
(-0.04047 -0.03173 -0.08704)
(-0.03857 -0.03542 -0.07928)
(-0.02229 -0.04862 -0.06133)
(-0.00574 -0.08040 -0.02078)
(-0.01108 -0.06813 -0.02432)
(0.01218 -0.10157 0.02439)
(0.01429 -0.10381 0.03322)
(0.01814 -0.11076 0.05563)
(0.01602 -0.10539 0.04012)
(0.01870 -0.11336 0.09251)
(0.01879 -0.11221 0.09504)
(0.01853 -0.11134 0.09237)
(0.01518 -0.09416 0.08241)
(0.00793 -0.05406 0.05121)
(0.00142 -0.00942 0.00966)
(-0.00083 0.00555 -0.00568)
(-0.00215 -0.00232 0.00101)
(0.00009 0.00112 -0.00093)
(0.00125 0.01416 -0.01431)
(0.00038 0.03310 -0.04798)
(-0.02279 0.04328 -0.06844)
(-0.02060 0.04312 -0.07034)
(-0.05316 0.05894 -0.09567)
(-0.04798 0.05739 -0.09421)
(-0.07269 0.07482 -0.10453)
(-0.08966 0.09274 -0.11974)
(-0.09792 0.09817 -0.12378)
(-0.10207 0.10269 -0.12570)
(-0.12240 0.11546 -0.13530)
(-0.12889 0.12475 -0.14048)
(-0.14980 0.13952 -0.15104)
(-0.15939 0.16000 -0.16678)
(-0.16712 0.16686 -0.17193)
(-0.18156 0.18103 -0.18561)
(-0.21046 0.20934 -0.20180)
(-0.22373 0.22269 -0.22495)
(-0.24011 0.23045 -0.22119)
(-0.23501 0.23189 -0.23484)
(-0.24057 0.23264 -0.24675)
(-0.24584 0.23472 -0.25525)
(-0.25677 0.23950 -0.26226)
(-0.23941 0.22259 -0.28365)
(-0.23823 0.21945 -0.28585)
(-0.23594 0.21389 -0.28805)
(-0.22197 0.19501 -0.29214)
(-0.21221 0.18478 -0.28773)
(-0.21750 0.18979 -0.29477)
(-0.20309 0.18067 -0.28666)
(-0.19290 0.17583 -0.29191)
(-0.17824 0.16544 -0.27334)
(-0.14050 0.14055 -0.24920)
(-0.13659 0.13803 -0.24462)
(-0.12569 0.12260 -0.21796)
(-0.09643 0.09166 -0.19541)
(-0.08992 0.06774 -0.17593)
(-0.08555 0.06241 -0.16897)
(-0.07211 0.05396 -0.14155)
(-0.05554 0.01513 -0.10616)
(-0.03669 -0.01250 -0.07884)
(-0.02022 -0.03400 -0.05412)
(-0.00251 -0.07163 0.00157)
(-0.01447 -0.03974 -0.01731)
(0.01180 -0.09624 0.02740)
(0.01483 -0.09993 0.03517)
(0.01125 -0.08967 0.05899)
(0.01100 -0.09602 0.07115)
(0.01605 -0.09799 0.07678)
(0.01793 -0.10897 0.09244)
(0.00547 -0.03723 0.03545)
(0.00431 -0.03697 0.03547)
(0.00011 -0.00080 0.00075)
(-0.00041 -0.00496 0.00408)
(-0.00799 0.02826 -0.03119)
(-0.01665 0.04064 -0.05510)
(0.00047 -0.00457 0.00428)
(-0.00058 0.00651 -0.00606)
(-0.03174 0.05008 -0.07039)
(-0.03973 0.05022 -0.07961)
(-0.04502 0.05032 -0.08834)
(-0.06943 0.06505 -0.09761)
(-0.07078 0.06878 -0.10605)
(-0.08525 0.07806 -0.11516)
(-0.09461 0.08740 -0.12175)
(-0.10054 0.08741 -0.12241)
(-0.10844 0.09544 -0.12810)
(-0.10666 0.10399 -0.12814)
(-0.15799 0.12758 -0.15501)
(-0.16802 0.14771 -0.16036)
(-0.17571 0.16001 -0.16961)
(-0.20104 0.17142 -0.17584)
(-0.21277 0.18958 -0.18860)
(-0.22224 0.20142 -0.19498)
(-0.23316 0.22186 -0.20567)
(-0.24345 0.23251 -0.21523)
(-0.24357 0.23014 -0.22769)
(-0.26178 0.23981 -0.24090)
(-0.24867 0.23750 -0.24959)
(-0.25755 0.23728 -0.26023)
(-0.24725 0.22884 -0.27726)
(-0.24136 0.22044 -0.28177)
(-0.23762 0.21528 -0.28643)
(-0.23177 0.20473 -0.29156)
(-0.22861 0.19959 -0.29547)
(-0.20700 0.18621 -0.29514)
(-0.19598 0.17778 -0.29268)
(-0.17557 0.17130 -0.28421)
(-0.16160 0.16471 -0.27809)
(-0.15819 0.15628 -0.26267)
(-0.14139 0.14421 -0.25123)
(-0.12819 0.13460 -0.22963)
(-0.11431 0.12347 -0.21426)
(-0.09629 0.11089 -0.19262)
(-0.09092 0.08674 -0.19136)
(-0.07857 0.07345 -0.16131)
(-0.07796 0.07024 -0.12397)
(-0.05963 0.04763 -0.11249)
(-0.04149 0.00968 -0.09197)
(-0.02942 -0.01112 -0.06066)
(-0.03397 0.00584 -0.07315)
(-0.01621 -0.02949 -0.02746)
(0.00240 -0.07409 0.01262)
(-0.00746 -0.04012 -0.01592)
(0.00460 -0.06020 0.00972)
(0.01363 -0.09413 0.02929)
(0.01529 -0.08928 0.04508)
(0.01636 -0.09161 0.06089)
(0.02060 -0.09253 0.06794)
(0.01791 -0.09149 0.07370)
(0.00517 -0.03951 0.03740)
(-0.00034 0.00314 -0.00304)
(0.00052 -0.00431 0.00416)
(-0.00197 0.00399 -0.00423)
(-0.01827 0.02937 -0.03812)
(-0.04632 0.04768 -0.06019)
(-0.07184 0.07016 -0.09246)
(-0.08143 0.07376 -0.10009)
(-0.09413 0.08400 -0.11789)
(-0.11568 0.09115 -0.12711)
(-0.14187 0.11162 -0.14538)
(-0.16707 0.12172 -0.15990)
(-0.18877 0.15217 -0.17000)
(-0.20304 0.16406 -0.17695)
(-0.21498 0.18400 -0.18342)
(-0.25276 0.21023 -0.19943)
(-0.24866 0.22224 -0.20847)
(-0.26943 0.23456 -0.21726)
(-0.25583 0.23260 -0.22544)
(-0.27618 0.24591 -0.23889)
(-0.27469 0.24557 -0.24207)
(-0.27441 0.24358 -0.24448)
(-0.25682 0.23458 -0.26269)
(-0.26428 0.23443 -0.25176)
(-0.25467 0.22851 -0.27251)
(-0.23582 0.21335 -0.28118)
(-0.23405 0.20842 -0.28520)
(-0.22419 0.19761 -0.28976)
(-0.21212 0.19278 -0.29046)
(-0.21115 0.19285 -0.29770)
(-0.18827 0.17861 -0.29447)
(-0.18323 0.17457 -0.29071)
(-0.17167 0.17141 -0.28185)
(-0.15190 0.15992 -0.27092)
(-0.15064 0.15909 -0.26856)
(-0.13343 0.14647 -0.25323)
(-0.12006 0.13790 -0.23161)
(-0.10520 0.12859 -0.20988)
(-0.08826 0.10401 -0.17632)
(-0.07828 0.08403 -0.17332)
(-0.06835 0.06880 -0.13992)
(-0.06025 0.05489 -0.12117)
(-0.03599 0.02523 -0.08343)
(-0.02725 0.01859 -0.06265)
(-0.02618 -0.00043 -0.05110)
(-0.00812 -0.03556 -0.02008)
(0.00187 -0.04249 -0.00440)
(0.00064 -0.04698 0.02124)
(0.01403 -0.08210 0.05629)
(0.00758 -0.06906 0.04446)
(0.02176 -0.09037 0.06261)
(0.02146 -0.08997 0.06337)
(0.01291 -0.06604 0.05113)
(0.00483 -0.02993 0.02579)
(-0.00031 0.00183 -0.00170)
(-0.00116 0.00990 -0.00962)
(-0.00520 0.00562 -0.00682)
(-0.02362 0.02500 -0.03087)
(-0.03508 0.03519 -0.04375)
(-0.07698 0.07370 -0.09519)
(-0.08727 0.07766 -0.10295)
(-0.10679 0.08817 -0.11921)
(-0.08535 0.07753 -0.10107)
(-0.13773 0.10708 -0.13846)
(-0.14632 0.11020 -0.14591)
(-0.16453 0.11858 -0.15818)
(-0.17124 0.12461 -0.15864)
(-0.17205 0.12442 -0.16213)
(-0.19425 0.14672 -0.17071)
(-0.22329 0.17154 -0.18285)
(-0.23857 0.19179 -0.19037)
(-0.27259 0.22054 -0.20775)
(-0.27372 0.22544 -0.21010)
(-0.27836 0.22876 -0.21252)
(-0.27185 0.23514 -0.22272)
(-0.28017 0.24541 -0.23944)
(-0.27742 0.24481 -0.24137)
(-0.27727 0.24299 -0.24360)
(-0.27492 0.24079 -0.24632)
(-0.25560 0.22732 -0.26449)
(-0.25203 0.22321 -0.27112)
(-0.23033 0.20636 -0.27558)
(-0.22376 0.19877 -0.27987)
(-0.21452 0.19161 -0.28833)
(-0.18883 0.17907 -0.29262)
(-0.18366 0.17697 -0.29224)
(-0.17834 0.17504 -0.29164)
(-0.14948 0.15978 -0.27318)
(-0.14602 0.15658 -0.26715)
(-0.12815 0.14725 -0.24613)
(-0.10209 0.12670 -0.21143)
(-0.09048 0.11819 -0.19239)
(-0.05904 0.08722 -0.15461)
(-0.06698 0.08446 -0.15235)
(-0.05436 0.08052 -0.14624)
(-0.05287 0.07053 -0.13064)
(-0.04495 0.04626 -0.09189)
(-0.02704 0.02213 -0.06801)
(-0.02209 0.01475 -0.06055)
(-0.02167 0.01052 -0.05470)
(-0.01711 0.00741 -0.05341)
(-0.00908 -0.01214 -0.03278)
(0.00507 -0.04331 0.00420)
(0.01793 -0.05731 0.00892)
(0.00615 -0.05818 0.02974)
(0.00708 -0.06432 0.04288)
(0.01403 -0.07214 0.05282)
(0.01557 -0.05818 0.04090)
(0.00905 -0.04343 0.03588)
(0.00170 -0.00737 0.00621)
(-0.00103 0.00474 -0.00425)
(-0.00912 0.00940 -0.01143)
(-0.00877 0.00874 -0.01061)
(-0.05605 0.05330 -0.06704)
(-0.09183 0.08175 -0.10476)
(-0.13581 0.10640 -0.13702)
(-0.15559 0.12251 -0.14280)
(-0.15693 0.12325 -0.14381)
(-0.19450 0.14191 -0.16405)
(-0.21962 0.16528 -0.17479)
(-0.23430 0.17870 -0.17746)
(-0.24813 0.19517 -0.19277)
(-0.26915 0.21331 -0.20432)
(-0.27812 0.22472 -0.21025)
(-0.28221 0.22737 -0.21232)
(-0.28211 0.23054 -0.21456)
(-0.28607 0.23370 -0.22695)
(-0.28095 0.24380 -0.24111)
(-0.28077 0.24181 -0.24287)
(-0.27397 0.23253 -0.24540)
(-0.25437 0.22087 -0.25621)
(-0.24515 0.21563 -0.26312)
(-0.21997 0.19382 -0.26844)
(-0.21594 0.19121 -0.27047)
(-0.21201 0.18878 -0.27182)
(-0.18725 0.17785 -0.29156)
(-0.19248 0.17823 -0.28245)
(-0.18227 0.17550 -0.29125)
(-0.17695 0.17314 -0.29103)
(-0.14728 0.15832 -0.27597)
(-0.13522 0.14846 -0.26388)
(-0.12971 0.14550 -0.25852)
(-0.14065 0.15317 -0.26323)
(-0.10509 0.13150 -0.22997)
(-0.09563 0.12429 -0.22553)
(-0.09579 0.12096 -0.20848)
(-0.05799 0.08815 -0.15915)
(-0.05344 0.08200 -0.15081)
(-0.04894 0.07601 -0.14318)
(-0.03861 0.06162 -0.12765)
(-0.02614 0.02442 -0.07196)
(-0.02206 0.01837 -0.06603)
(-0.02103 0.02400 -0.07612)
(-0.01787 0.01162 -0.05903)
(0.00690 -0.03312 -0.01438)
(0.00224 -0.01524 -0.03971)
(0.01564 -0.04422 -0.00967)
(0.02115 -0.06057 0.01466)
(0.01995 -0.05187 -0.00180)
(0.03583 -0.07798 0.02822)
(0.03360 -0.07720 0.03346)
(0.00702 -0.02643 0.02016)
(0.01180 -0.02728 0.01277)
(0.00116 -0.00444 0.00348)
(-0.04959 0.04562 -0.05706)
(-0.01251 0.01193 -0.01456)
(-0.06746 0.05726 -0.06197)
(-0.14429 0.11322 -0.13754)
(-0.17639 0.13707 -0.14950)
(-0.17799 0.13726 -0.15323)
(-0.20789 0.15458 -0.16624)
(-0.22741 0.17318 -0.17365)
(-0.23499 0.17858 -0.17646)
(-0.25019 0.19102 -0.18776)
(-0.26958 0.20488 -0.19681)
(-0.28378 0.22485 -0.21053)
(-0.29441 0.23436 -0.21905)
(-0.28480 0.23032 -0.23158)
(-0.28881 0.22239 -0.23382)
(-0.27322 0.22062 -0.23745)
(-0.25698 0.22120 -0.25169)
(-0.25171 0.21418 -0.25696)
(-0.22686 0.19627 -0.26425)
(-0.21612 0.19049 -0.26699)
(-0.21129 0.18754 -0.26867)
(-0.19406 0.17570 -0.27793)
(-0.18120 0.17402 -0.28969)
(-0.17583 0.16383 -0.27557)
(-0.16946 0.16235 -0.28144)
(-0.17615 0.17154 -0.28983)
(-0.15607 0.15803 -0.27908)
(-0.13612 0.14594 -0.27210)
(-0.12056 0.13857 -0.25832)
(-0.10399 0.12795 -0.23837)
(-0.08403 0.11620 -0.21616)
(-0.08772 0.11786 -0.21201)
(-0.07392 0.10960 -0.20138)
(-0.06340 0.09506 -0.17846)
(-0.05295 0.08326 -0.15540)
(-0.04856 0.07826 -0.14936)
(-0.04407 0.07313 -0.14365)
(-0.04368 0.07121 -0.13975)
(-0.02606 0.04807 -0.11672)
(-0.00805 0.01476 -0.07882)
(-0.01776 0.01526 -0.06488)
(0.00321 -0.00187 -0.06230)
(0.00838 -0.01987 -0.04379)
(0.01489 -0.03767 -0.01937)
(0.02514 -0.04180 -0.01592)
(0.02945 -0.06524 0.01389)
(0.02991 -0.06539 0.02517)
(0.02694 -0.05399 0.01431)
(0.02331 -0.05107 0.02024)
(0.00651 -0.01428 0.00603)
(0.00213 -0.00492 0.00237)
(-0.00087 0.00079 -0.00081)
(-0.02352 0.02116 -0.02209)
(-0.00599 0.00495 -0.00524)
(-0.11487 0.08858 -0.09945)
(-0.20441 0.15405 -0.16097)
(-0.10409 0.08470 -0.08188)
(-0.18952 0.14578 -0.15137)
(-0.21913 0.16985 -0.16063)
(-0.23140 0.17594 -0.17392)
(-0.26307 0.19523 -0.18317)
(-0.25316 0.18842 -0.18191)
(-0.27377 0.20145 -0.18953)
(-0.28431 0.21368 -0.19971)
(-0.30114 0.22192 -0.20698)
(-0.29923 0.22244 -0.21500)
(-0.29447 0.21591 -0.21495)
(-0.29693 0.21895 -0.22960)
(-0.29747 0.21793 -0.23063)
(-0.27679 0.20472 -0.23197)
(-0.25769 0.20766 -0.24063)
(-0.26261 0.19643 -0.23393)
(-0.25062 0.20292 -0.24873)
(-0.23630 0.19451 -0.25464)
(-0.22051 0.18000 -0.25388)
(-0.20588 0.17948 -0.26199)
(-0.19515 0.17064 -0.26533)
(-0.17804 0.15675 -0.26057)
(-0.16695 0.14917 -0.26250)
(-0.14874 0.14097 -0.25966)
(-0.14681 0.14491 -0.26516)
(-0.12687 0.13868 -0.26847)
(-0.14271 0.13795 -0.25994)
(-0.11963 0.13390 -0.27098)
(-0.10973 0.12858 -0.24637)
(-0.08593 0.11584 -0.22294)
(-0.07661 0.11142 -0.20927)
(-0.05381 0.08778 -0.17514)
(-0.04944 0.08378 -0.16831)
(-0.03578 0.06909 -0.14380)
(-0.01604 0.04865 -0.12377)
(-0.01109 0.03307 -0.10912)
(0.00082 0.01722 -0.09077)
(0.01035 0.01146 -0.09058)
(0.00775 0.00396 -0.07414)
(0.02036 -0.01900 -0.04788)
(0.02939 -0.03209 -0.03786)
(0.02851 -0.04430 -0.02062)
(0.03044 -0.05112 -0.00364)
(0.03007 -0.04499 -0.00429)
(0.02655 -0.04148 0.00018)
(0.00879 -0.01410 0.00208)
(0.00615 -0.01159 0.00408)
(0.02954 -0.02574 0.02321)
(-0.00326 0.00276 -0.00261)
(-0.16458 0.12729 -0.11873)
(0.00232 -0.00195 0.00170)
(-0.05250 0.04379 -0.03865)
(-0.22630 0.17164 -0.15008)
(-0.25316 0.19031 -0.16879)
(-0.26927 0.20016 -0.17768)
(-0.25703 0.19307 -0.16799)
(-0.25972 0.19402 -0.17018)
(-0.28468 0.20627 -0.19015)
(-0.29553 0.21209 -0.19826)
(-0.29611 0.21253 -0.20665)
(-0.29060 0.20367 -0.20843)
(-0.29024 0.21119 -0.21930)
(-0.28021 0.19924 -0.21352)
(-0.26598 0.18119 -0.21848)
(-0.24740 0.16522 -0.21705)
(-0.24831 0.17990 -0.23163)
(-0.24159 0.16202 -0.21696)
(-0.23009 0.17914 -0.24019)
(-0.21898 0.17222 -0.24028)
(-0.20444 0.16113 -0.24331)
(-0.19005 0.15765 -0.25028)
(-0.17664 0.14844 -0.24998)
(-0.16654 0.14750 -0.25677)
(-0.15129 0.13616 -0.24819)
(-0.13917 0.12637 -0.24567)
(-0.11961 0.10878 -0.22627)
(-0.12313 0.12930 -0.25774)
(-0.10844 0.12019 -0.24105)
(-0.11170 0.10742 -0.22511)
(-0.09273 0.10309 -0.21544)
(-0.08476 0.10617 -0.21589)
(-0.07148 0.09522 -0.19693)
(-0.06837 0.08800 -0.19003)
(-0.06264 0.08452 -0.18293)
(-0.05458 0.08203 -0.17365)
(-0.04931 0.08333 -0.16897)
(-0.04007 0.07396 -0.16376)
(-0.02574 0.06184 -0.14105)
(-0.01747 0.05316 -0.13007)
(-0.01115 0.04375 -0.12199)
(-0.00030 0.02343 -0.10482)
(0.01108 0.01012 -0.08777)
(0.01189 0.00846 -0.08750)
(0.02815 -0.01896 -0.06106)
(0.02918 -0.02097 -0.05571)
(0.04049 -0.04691 -0.02028)
(0.03860 -0.04344 -0.01819)
(0.02416 -0.02901 -0.00747)
(0.01212 -0.01581 -0.00257)
(0.00469 -0.00701 0.00030)
(-0.00120 0.00199 -0.00054)
(-0.00470 0.00694 -0.00060)
(-0.00335 0.00559 -0.00154)
(0.02778 -0.02343 0.02036)
(-0.01368 0.01052 -0.00897)
(-0.12282 0.09377 -0.08106)
(0.03645 -0.02894 0.02453)
(-0.08156 0.06221 -0.05283)
(-0.20766 0.15703 -0.13526)
(-0.26707 0.19562 -0.17400)
(-0.19438 0.14607 -0.12512)
(-0.24690 0.18482 -0.15917)
(-0.27698 0.19722 -0.18170)
(-0.28395 0.19777 -0.19023)
(-0.26853 0.17978 -0.18984)
(-0.27995 0.19013 -0.20302)
(-0.26388 0.17292 -0.19063)
(-0.26638 0.17662 -0.20720)
(-0.24446 0.15865 -0.21262)
(-0.23954 0.15584 -0.21218)
(-0.23473 0.15329 -0.21212)
(-0.23658 0.15956 -0.21683)
(-0.22322 0.16567 -0.23216)
(-0.20550 0.15331 -0.23258)
(-0.19879 0.15340 -0.24206)
(-0.18439 0.14433 -0.23821)
(-0.16602 0.12752 -0.23094)
(-0.15611 0.12166 -0.22986)
(-0.13267 0.10723 -0.22145)
(-0.12313 0.09875 -0.20820)
(-0.11878 0.09710 -0.20668)
(-0.11146 0.09670 -0.20586)
(-0.06983 0.08693 -0.18809)
(-0.06518 0.08408 -0.18232)
(-0.06251 0.08053 -0.17572)
(-0.05828 0.07949 -0.17387)
(-0.04759 0.07272 -0.16087)
(-0.02246 0.04865 -0.12959)
(-0.01570 0.03599 -0.11671)
(-0.00318 0.02969 -0.11197)
(0.00067 0.02384 -0.10661)
(0.01239 0.00089 -0.08632)
(0.01952 -0.00417 -0.07959)
(0.02227 -0.00989 -0.07285)
(0.02491 -0.01114 -0.07178)
(0.02789 -0.01811 -0.04455)
(0.02154 -0.02391 -0.00976)
(0.01085 -0.01268 -0.00363)
(-0.00036 0.00045 0.00008)
(-0.00435 0.00517 0.00119)
(-0.00555 0.00684 0.00114)
(0.00069 -0.00053 0.00044)
(0.00857 -0.00664 0.00540)
(-0.05362 0.04071 -0.03431)
(-0.20316 0.14867 -0.12842)
(-0.08106 0.06076 -0.04940)
(-0.26347 0.18691 -0.17071)
(-0.27820 0.19455 -0.18413)
(-0.26533 0.17593 -0.18513)
(-0.26009 0.17707 -0.17542)
(-0.26105 0.17131 -0.18445)
(-0.26085 0.17035 -0.18600)
(-0.25609 0.16422 -0.18585)
(-0.23826 0.14823 -0.19378)
(-0.23602 0.14872 -0.20679)
(-0.23203 0.14673 -0.20701)
(-0.22728 0.14378 -0.20707)
(-0.22996 0.15056 -0.21176)
(-0.20060 0.13723 -0.21498)
(-0.18693 0.12217 -0.20699)
(-0.18139 0.12051 -0.20879)
(-0.16699 0.10898 -0.20293)
(-0.15002 0.10834 -0.21568)
(-0.14742 0.10709 -0.21582)
(-0.12491 0.09536 -0.20255)
(-0.12075 0.09373 -0.20035)
(-0.11854 0.08898 -0.19235)
(-0.11547 0.09015 -0.19417)
(-0.09684 0.08327 -0.18307)
(-0.06712 0.08284 -0.18001)
(-0.08406 0.07073 -0.16253)
(-0.06500 0.07880 -0.17233)
(-0.06003 0.07699 -0.16944)
(-0.03900 0.05354 -0.13794)
(-0.01746 0.03440 -0.11393)
(-0.01267 0.03147 -0.11148)
(-0.01059 0.02848 -0.10803)
(0.02511 -0.01669 -0.06936)
(0.02721 -0.01902 -0.06846)
(0.02769 -0.02134 -0.06120)
(0.01773 -0.01474 -0.03490)
(0.01050 -0.00931 -0.01744)
(0.00746 -0.00737 -0.00599)
(0.00061 -0.00070 -0.00022)
(-0.00371 0.00399 0.00186)
(-0.00457 0.00526 0.00154)
(-0.01864 0.01405 -0.01134)
(-0.04642 0.03372 -0.02913)
(-0.12715 0.09196 -0.07995)
(-0.04835 0.03423 -0.03171)
(-0.16833 0.11461 -0.11336)
(-0.23108 0.15174 -0.16216)
(-0.09493 0.06248 -0.06551)
(-0.14795 0.09579 -0.10504)
(-0.25286 0.16366 -0.18024)
(-0.25086 0.15948 -0.18155)
(-0.23768 0.14339 -0.18879)
(-0.23211 0.13788 -0.18035)
(-0.22481 0.13414 -0.18892)
(-0.22893 0.14198 -0.20345)
(-0.20995 0.12066 -0.17907)
(-0.19743 0.10470 -0.17540)
(-0.19286 0.11306 -0.19167)
(-0.18749 0.11358 -0.19522)
(-0.17285 0.09102 -0.18109)
(-0.17056 0.09465 -0.18494)
(-0.15877 0.08917 -0.18128)
(-0.15774 0.08516 -0.17705)
(-0.15541 0.08464 -0.17769)
(-0.15392 0.08750 -0.18366)
(-0.14941 0.09174 -0.19207)
(-0.12978 0.09032 -0.19550)
(-0.13520 0.07581 -0.17325)
(-0.12245 0.08780 -0.19086)
(-0.11760 0.08493 -0.18536)
(-0.10703 0.07521 -0.17023)
(-0.08266 0.05588 -0.14177)
(-0.06582 0.05736 -0.14159)
(-0.07719 0.04584 -0.12074)
(-0.06393 0.04297 -0.11284)
(-0.03965 0.03687 -0.11529)
(-0.02882 0.02930 -0.10838)
(-0.01669 0.01537 -0.07521)
(-0.00647 0.00973 -0.06026)
(0.00668 0.00239 -0.06588)
(0.02045 -0.01562 -0.04852)
(0.00345 -0.00250 -0.01825)
(0.00671 -0.00584 -0.01350)
(0.00554 -0.00499 -0.00954)
(-0.00121 0.00114 0.00180)
(-0.00948 0.00673 -0.00621)
(-0.02753 0.01868 -0.01877)
(-0.02804 0.01833 -0.01951)
(-0.01387 0.00871 -0.00994)
(-0.03164 0.01745 -0.02430)
(-0.14846 0.08694 -0.11434)
(-0.16888 0.09377 -0.13642)
(-0.04791 0.02407 -0.03830)
(-0.08640 0.04526 -0.07033)
(-0.12581 0.06838 -0.10758)
(-0.17736 0.08956 -0.15337)
(-0.11178 0.05579 -0.09598)
(-0.16445 0.07908 -0.15086)
(-0.17182 0.08300 -0.17246)
(-0.14054 0.06330 -0.13713)
(-0.15978 0.07033 -0.15684)
(-0.15521 0.07485 -0.16487)
(-0.15229 0.07770 -0.16922)
(-0.14023 0.05634 -0.14802)
(-0.13429 0.05509 -0.14333)
(-0.13051 0.05898 -0.14944)
(-0.12335 0.05148 -0.13481)
(-0.10112 0.03140 -0.10190)
(-0.11982 0.06501 -0.15475)
(-0.10855 0.05108 -0.13021)
(-0.05816 0.01783 -0.06279)
(-0.07398 0.03595 -0.09413)
(-0.04767 0.02501 -0.06392)
(-0.04704 0.02608 -0.07347)
(-0.01644 0.00814 -0.02183)
(-0.01685 0.00658 -0.02495)
(-0.00770 0.00358 -0.01645)
(-0.00526 0.00216 -0.02319)
(0.00034 -0.00008 0.00094)
(0.00006 -0.00032 -0.00498)
(0.00058 -0.00058 -0.00259)
(0.03534 -0.02016 0.02680)
(0.02967 -0.01489 0.02366)
(-0.02867 0.01370 -0.02278)
(0.02562 -0.01221 0.02029)
(0.00868 -0.00371 0.00712)
(-0.06065 0.03003 -0.05178)
(-0.05347 0.02189 -0.04658)
(0.00088 -0.00031 0.00073)
(0.00070 -0.00025 0.00063)
(-0.05262 0.02135 -0.05008)
(-0.08926 0.03480 -0.08507)
(-0.01900 0.00604 -0.01718)
(-0.04619 0.01142 -0.04113)
(-0.07812 0.01974 -0.07012)
(-0.02667 0.00623 -0.02333)
(-0.04626 0.01299 -0.04256)
(-0.04844 0.01038 -0.04169)
(-0.06541 0.01894 -0.06380)
(-0.00622 0.00113 -0.00499)
(-0.01135 0.00296 -0.01064)
(0.00127 -0.00021 0.00116)
(-0.03753 0.01084 -0.03964)
(-0.01965 0.00571 -0.02146)
(0.00917 -0.00177 0.00896)
(0.00413 -0.00140 0.00502)
(0.00607 -0.00120 0.00806)
(0.00441 -0.00098 0.00897)
(-0.00573 0.00134 -0.00502)
(-0.00954 0.00217 -0.00828)
(-0.00814 0.00132 -0.00669)
(0.00341 -0.00049 0.00259)
)