/*--------------------------------*- C++ -*----------------------------------*\ 
| =========                 |                                                 | 
| \\      /  F ield         | OpenFOAM: The Open Source CFD Toolbox           | 
|  \\    /   O peration     | Version:  4.0                                   | 
|   \\  /    A nd           | Web:      www.OpenFOAM.org                      | 
|    \\/     M anipulation  |                                                 | 
\*---------------------------------------------------------------------------*/ 
FoamFile 
{ 
    version     2.0; 
    format      ascii; 
    class       vectorAverageField; 
    object      values; 
} 
// * * * * * * * * * * * * * * * * * * * * * * * * * * * * * * * * * * * * * // 
 
// Average 
(0 0 0) 
 
// Velocity data on points 
2447
(
(0.00491 -0.00100 -0.00114)
(-0.00260 0.00022 0.00064)
(-0.00675 -0.00070 0.00219)
(-0.00228 -0.00026 0.00040)
(0.00301 0.00052 -0.00080)
(-0.01571 -0.00242 0.00605)
(-0.00533 -0.00086 0.00154)
(-0.01116 -0.00353 0.00194)
(-0.00116 -0.00038 0.00016)
(0.00165 0.00049 -0.00016)
(-0.00725 -0.00212 0.00084)
(-0.00142 -0.00038 0.00008)
(0.00121 0.00028 0.00028)
(-0.00729 -0.00131 -0.00088)
(-0.00027 -0.00002 -0.00023)
(0.00082 0.00006 0.00078)
(-0.00285 -0.00022 -0.00272)
(-0.00017 -0.00001 -0.00020)
(0.00121 0.00048 0.00167)
(-0.00025 -0.00010 -0.00034)
(0.01411 -0.00584 -0.00183)
(-0.00295 0.00094 0.00056)
(0.00235 -0.00078 -0.00042)
(0.00092 -0.00026 -0.00022)
(-0.03838 0.01035 0.01185)
(-0.02789 0.00479 0.00785)
(-0.02951 0.00126 0.00959)
(-0.02892 -0.00258 0.01082)
(-0.05446 -0.00116 0.02182)
(-0.05186 -0.00473 0.02013)
(-0.03958 -0.00594 0.01624)
(-0.02320 -0.00496 0.00646)
(-0.04105 -0.00943 0.01542)
(-0.02533 -0.00774 0.00533)
(-0.02005 -0.00579 0.00283)
(-0.01539 -0.00408 0.00104)
(-0.02767 -0.00795 0.00446)
(-0.02504 -0.00665 0.00174)
(-0.02417 -0.00464 -0.00373)
(-0.01483 -0.00276 -0.00195)
(-0.01074 -0.00138 -0.00487)
(-0.02671 -0.00788 -0.01594)
(-0.02466 -0.00740 -0.01539)
(-0.01261 -0.00278 -0.01217)
(-0.00845 -0.00198 -0.00942)
(-0.01937 -0.00436 -0.02157)
(-0.00671 -0.00240 -0.00932)
(-0.00207 -0.00148 -0.00304)
(-0.01407 -0.00677 -0.02024)
(-0.00140 -0.00193 -0.00232)
(0.00015 0.00048 0.00036)
(0.00868 -0.00338 -0.00130)
(-0.00366 0.00138 0.00062)
(-0.01242 0.00461 0.00217)
(-0.03262 0.01036 0.00766)
(-0.08369 0.02581 0.02072)
(-0.06404 0.01864 0.01610)
(-0.07597 0.01820 0.02558)
(-0.08088 0.01303 0.03105)
(-0.07816 0.01278 0.02779)
(-0.06274 0.00112 0.02705)
(-0.05889 -0.00599 0.02949)
(-0.05382 -0.01271 0.02872)
(-0.04635 -0.01174 0.02166)
(-0.03647 -0.01342 0.01373)
(-0.04888 -0.01268 0.02336)
(-0.04566 -0.01544 0.02156)
(-0.03612 -0.01300 0.01200)
(-0.03012 -0.00841 -0.00030)
(-0.03924 -0.01544 0.00035)
(-0.03134 -0.01018 -0.01300)
(-0.03018 -0.00923 -0.01781)
(-0.02633 -0.00549 -0.01901)
(-0.02969 -0.00929 -0.02172)
(-0.02860 -0.00965 -0.03170)
(-0.02764 -0.00766 -0.03586)
(-0.03054 -0.01096 -0.03821)
(-0.02635 -0.01342 -0.03898)
(-0.01582 -0.01179 -0.02551)
(-0.00920 -0.01020 -0.01503)
(-0.03073 -0.01853 -0.04227)
(-0.02019 -0.01473 -0.02908)
(-0.00484 -0.01134 -0.01034)
(-0.00023 -0.00081 -0.00054)
(-0.00457 -0.00984 -0.00483)
(0.00149 0.00465 0.00140)
(0.00266 0.00912 0.00258)
(0.00052 -0.00021 -0.00007)
(-0.01534 0.00598 0.00228)
(-0.04194 0.01611 0.00696)
(-0.06482 0.02414 0.01227)
(-0.10804 0.03949 0.02128)
(-0.10000 0.03686 0.01924)
(-0.12421 0.04517 0.02669)
(-0.11167 0.03503 0.02966)
(-0.10257 0.03077 0.02647)
(-0.08927 0.02068 0.02961)
(-0.08746 0.01211 0.03825)
(-0.08765 0.01289 0.03694)
(-0.07992 0.00851 0.03551)
(-0.07813 0.00478 0.03671)
(-0.07705 0.00119 0.04060)
(-0.06959 -0.00830 0.04274)
(-0.06804 -0.01102 0.04300)
(-0.06264 -0.01633 0.03808)
(-0.05454 -0.01357 0.02787)
(-0.05199 -0.02355 0.02011)
(-0.04645 -0.02541 0.01179)
(-0.04292 -0.02409 0.00070)
(-0.03786 -0.01520 -0.00978)
(-0.03202 -0.01078 -0.01869)
(-0.03211 -0.01642 -0.03175)
(-0.03210 -0.01874 -0.04439)
(-0.03880 -0.02003 -0.05495)
(-0.03715 -0.01417 -0.04566)
(-0.04453 -0.01504 -0.05344)
(-0.03278 -0.01873 -0.04414)
(-0.03539 -0.02232 -0.04791)
(-0.04417 -0.03202 -0.04429)
(-0.04178 -0.03329 -0.04085)
(-0.02175 -0.02804 -0.02273)
(-0.00358 -0.01097 -0.00364)
(-0.03408 -0.03917 -0.03124)
(-0.01604 -0.03592 -0.01622)
(-0.00158 -0.00603 -0.00159)
(-0.00046 -0.00229 -0.00028)
(0.01018 -0.00366 -0.00178)
(-0.02183 0.00824 0.00330)
(-0.05382 0.02083 0.00796)
(-0.09805 0.03686 0.01555)
(-0.11923 0.04350 0.02006)
(-0.11244 0.03613 0.02484)
(-0.11376 0.03609 0.02666)
(-0.11210 0.03634 0.02759)
(-0.10624 0.02889 0.03035)
(-0.08609 0.01107 0.03871)
(-0.08563 0.00996 0.03921)
(-0.08436 0.00790 0.04009)
(-0.08356 0.00727 0.04043)
(-0.08305 0.00511 0.04163)
(-0.08020 0.00086 0.04055)
(-0.07191 -0.01028 0.04553)
(-0.07043 -0.01180 0.04513)
(-0.06896 -0.01329 0.04450)
(-0.06275 -0.01765 0.03803)
(-0.05974 -0.02884 0.02882)
(-0.05352 -0.02639 0.02104)
(-0.04930 -0.03018 0.00497)
(-0.04370 -0.03452 -0.01060)
(-0.03975 -0.03125 -0.01766)
(-0.03939 -0.02695 -0.02906)
(-0.03832 -0.02294 -0.05423)
(-0.03946 -0.02279 -0.05686)
(-0.04072 -0.02183 -0.05890)
(-0.04219 -0.02046 -0.06047)
(-0.04213 -0.02628 -0.05681)
(-0.04541 -0.03083 -0.04605)
(-0.04468 -0.03466 -0.04348)
(-0.04645 -0.03299 -0.04569)
(-0.04024 -0.03913 -0.03932)
(-0.02671 -0.05140 -0.02262)
(-0.03539 -0.04386 -0.03234)
(-0.02126 -0.05130 -0.01379)
(-0.00517 -0.03258 -0.00033)
(-0.00050 -0.00365 0.00007)
(-0.00705 -0.06536 0.00323)
(-0.00113 -0.01671 0.00173)
(-0.00006 -0.00096 0.00010)
(-0.01230 0.00430 0.00257)
(-0.03662 0.01278 0.00750)
(-0.09611 0.03442 0.02073)
(-0.11287 0.03915 0.02627)
(-0.10577 0.03217 0.03164)
(-0.09755 0.02627 0.03127)
(-0.09495 0.02524 0.03125)
(-0.09252 0.02395 0.03175)
(-0.09024 0.02280 0.03173)
(-0.09709 0.02601 0.03293)
(-0.08603 0.01199 0.03824)
(-0.08258 0.00899 0.03911)
(-0.08192 0.00675 0.04028)
(-0.08165 0.00445 0.04174)
(-0.08164 0.00206 0.04328)
(-0.07504 -0.01386 0.04764)
(-0.07189 -0.01298 0.04727)
(-0.06600 -0.02436 0.04865)
(-0.06682 -0.02376 0.04852)
(-0.07085 -0.01558 0.04764)
(-0.06973 -0.01569 0.04622)
(-0.04996 -0.03979 0.03160)
(-0.04488 -0.04933 0.03564)
(-0.05259 -0.04990 0.03181)
(-0.04831 -0.04008 0.02451)
(-0.04196 -0.04229 0.00809)
(-0.03565 -0.05148 -0.01043)
(-0.03331 -0.05081 -0.01673)
(-0.03175 -0.05028 -0.02204)
(-0.04311 -0.02763 -0.04081)
(-0.03834 -0.02606 -0.05928)
(-0.03997 -0.02493 -0.06126)
(-0.04251 -0.02310 -0.06304)
(-0.04867 -0.02620 -0.06472)
(-0.04559 -0.02911 -0.06079)
(-0.04669 -0.02032 -0.05147)
(-0.04361 -0.02935 -0.04137)
(-0.03600 -0.03388 -0.03304)
(-0.03340 -0.05144 -0.02685)
(-0.02682 -0.06716 -0.01839)
(-0.01016 -0.09247 0.00560)
(-0.00505 -0.06083 0.00538)
(-0.00484 -0.07467 0.00868)
(-0.00129 -0.02601 0.00351)
(-0.00040 -0.01253 0.00206)
(0.00637 -0.00213 -0.00154)
(-0.00145 0.00051 0.00028)
(-0.07396 0.02400 0.02043)
(-0.11484 0.03579 0.03166)
(-0.11561 0.03707 0.03302)
(-0.09147 0.02605 0.03250)
(-0.08838 0.02200 0.03241)
(-0.08801 0.02172 0.03214)
(-0.08346 0.01926 0.03240)
(-0.08437 0.02028 0.03470)
(-0.07327 0.00936 0.03877)
(-0.07936 0.00600 0.03983)
(-0.07526 0.00089 0.04155)
(-0.07814 0.00212 0.04191)
(-0.07977 0.00114 0.04330)
(-0.07507 -0.01040 0.04854)
(-0.07277 -0.00811 0.04722)
(-0.05719 -0.02779 0.04692)
(-0.05811 -0.03062 0.04870)
(-0.04410 -0.04143 0.04194)
(-0.04699 -0.04343 0.04212)
(-0.04217 -0.05669 0.03635)
(-0.04533 -0.06131 0.02690)
(-0.02951 -0.06008 -0.00013)
(-0.03056 -0.05605 -0.01484)
(-0.02835 -0.05534 -0.02186)
(-0.02767 -0.05368 -0.03960)
(-0.02368 -0.04226 -0.06123)
(-0.03663 -0.03165 -0.06666)
(-0.03987 -0.02663 -0.06574)
(-0.04253 -0.02211 -0.06701)
(-0.04526 -0.02545 -0.06231)
(-0.04620 -0.02355 -0.06156)
(-0.04349 -0.02197 -0.04812)
(-0.03709 -0.02513 -0.04011)
(-0.03403 -0.02998 -0.03508)
(-0.02862 -0.04451 -0.02574)
(-0.02000 -0.05372 -0.01272)
(-0.00944 -0.08755 0.00543)
(-0.00720 -0.09309 0.00915)
(-0.00142 -0.03952 0.00631)
(-0.00480 -0.09192 0.01147)
(-0.00322 -0.07632 0.01143)
(-0.00026 -0.03050 0.00864)
(0.00012 -0.00227 0.00101)
(0.01964 -0.00659 -0.00405)
(-0.00066 0.00022 0.00014)
(-0.03762 0.01207 0.01007)
(-0.07535 0.02406 0.02102)
(-0.11232 0.03530 0.03685)
(-0.10752 0.03288 0.03547)
(-0.09451 0.02877 0.03537)
(-0.09553 0.02657 0.03416)
(-0.08045 0.02076 0.03904)
(-0.06747 0.01581 0.03916)
(-0.07004 0.01581 0.03263)
(-0.05418 0.00818 0.03406)
(-0.05603 0.00389 0.03746)
(-0.05480 -0.00111 0.03812)
(-0.05081 -0.01108 0.03895)
(-0.04054 -0.02187 0.03693)
(-0.05292 -0.02594 0.04489)
(-0.06180 -0.03789 0.05880)
(-0.04455 -0.04458 0.04689)
(-0.03693 -0.04921 0.03975)
(-0.02820 -0.05914 0.03574)
(-0.01560 -0.07087 0.02441)
(-0.00987 -0.07061 0.00721)
(0.00186 -0.07578 -0.00459)
(-0.02533 -0.06183 -0.01279)
(-0.02284 -0.06098 -0.02084)
(-0.00711 -0.06164 -0.03510)
(0.00035 -0.05335 -0.04892)
(0.00440 -0.05465 -0.06582)
(-0.00840 -0.03705 -0.06008)
(-0.01454 -0.03209 -0.05855)
(-0.03947 -0.02381 -0.06551)
(-0.03921 -0.02105 -0.04707)
(-0.03377 -0.02621 -0.03655)
(-0.01808 -0.03590 -0.02520)
(-0.01493 -0.05096 -0.01201)
(-0.00380 -0.05467 0.00043)
(-0.01012 -0.04913 -0.00991)
(-0.00087 -0.05865 0.00422)
(-0.00002 -0.07337 0.00926)
(-0.00253 -0.09268 0.02407)
(0.00210 -0.07162 0.01965)
(0.00132 -0.06264 0.02867)
(0.00114 -0.01960 0.00890)
(0.00094 -0.01034 0.00547)
(0.00080 -0.00027 -0.00018)
(-0.03002 0.00987 0.00661)
(-0.09011 0.02783 0.02831)
(-0.09394 0.03054 0.03356)
(-0.09023 0.02655 0.04068)
(-0.06116 0.01718 0.04589)
(-0.07801 0.02238 0.04083)
(-0.07898 0.02377 0.04260)
(-0.06174 0.01656 0.04314)
(-0.05782 0.01426 0.04462)
(-0.05658 0.01343 0.04424)
(-0.04024 0.00605 0.04000)
(-0.03243 0.00337 0.04249)
(-0.03301 0.00253 0.04134)
(-0.03883 0.00110 0.03979)
(-0.03834 -0.00766 0.03460)
(-0.03218 -0.00560 0.04021)
(-0.02664 -0.01091 0.03921)
(-0.03302 -0.01159 0.03394)
(-0.03156 -0.02127 0.03292)
(-0.03696 -0.02470 0.03651)
(-0.03815 -0.03508 0.04296)
(-0.03854 -0.04079 0.04231)
(-0.01698 -0.05694 0.03101)
(0.00886 -0.06814 0.01824)
(0.01464 -0.07157 0.01456)
(0.02002 -0.07824 0.01097)
(0.01611 -0.07823 -0.00304)
(0.01532 -0.07587 -0.01825)
(0.01946 -0.06887 -0.03685)
(0.00926 -0.06018 -0.04364)
(0.01421 -0.05937 -0.06646)
(0.01208 -0.05521 -0.06047)
(0.01563 -0.04272 -0.05089)
(-0.00972 -0.02853 -0.05912)
(0.00972 -0.03240 -0.04669)
(-0.01021 -0.02896 -0.04575)
(-0.00693 -0.03209 -0.03333)
(-0.00624 -0.03149 -0.02809)
(0.00338 -0.03455 -0.02088)
(-0.01289 -0.03437 -0.02265)
(-0.00519 -0.03526 -0.01361)
(0.00078 -0.04800 -0.00084)
(0.00836 -0.04838 0.00483)
(0.01048 -0.05729 0.01759)
(0.01139 -0.07432 0.02823)
(0.00884 -0.08325 0.04376)
(0.00034 -0.03034 0.01846)
(-0.00001 0.00373 -0.00238)
(0.00360 -0.05504 0.03782)
(-0.00884 0.00316 0.00190)
(-0.04931 0.01665 0.01253)
(-0.05326 0.01870 0.01374)
(-0.07979 0.02644 0.02307)
(-0.08275 0.02599 0.03751)
(-0.06248 0.01778 0.04590)
(-0.05366 0.01497 0.04762)
(-0.05536 0.01532 0.04694)
(-0.05035 0.01360 0.04795)
(-0.04315 0.00921 0.04754)
(-0.02988 0.00311 0.04435)
(-0.02851 0.00176 0.04354)
(-0.02441 -0.00234 0.03900)
(-0.01568 -0.01038 0.03595)
(-0.01128 -0.01489 0.03257)
(-0.00917 -0.02750 0.02524)
(-0.01712 -0.02468 0.02834)
(-0.00101 -0.04353 0.02373)
(0.01155 -0.04001 0.01599)
(-0.00734 -0.04629 0.02728)
(-0.00146 -0.05800 0.02211)
(0.01559 -0.06846 0.01433)
(0.02097 -0.07124 0.01095)
(0.02670 -0.07439 0.00751)
(0.03149 -0.07903 -0.00471)
(0.03249 -0.07887 -0.01623)
(0.06484 -0.07994 -0.02155)
(0.04440 -0.07548 -0.02472)
(0.04253 -0.07028 -0.03026)
(0.05138 -0.06502 -0.04687)
(0.04712 -0.06103 -0.04660)
(0.05130 -0.04933 -0.03882)
(0.04212 -0.04507 -0.03927)
(0.04612 -0.04451 -0.03466)
(0.01512 -0.03569 -0.03603)
(0.01965 -0.03519 -0.02544)
(0.00616 -0.03391 -0.02189)
(0.01207 -0.03534 -0.01765)
(0.00849 -0.03455 -0.01757)
(0.01971 -0.04027 -0.00673)
(0.01277 -0.03917 0.00313)
(0.01842 -0.05646 0.02023)
(0.02951 -0.04734 0.03648)
(0.01542 -0.06096 0.03772)
(0.02585 -0.05168 0.04202)
(0.01194 -0.07057 0.04619)
(-0.00192 -0.04879 0.04117)
(-0.00035 -0.00417 0.00374)
(0.00017 0.00146 -0.00139)
(0.00263 -0.00095 -0.00056)
(-0.00393 0.00143 0.00076)
(-0.02857 0.01022 0.00665)
(-0.07549 0.02663 0.02091)
(-0.08247 0.02766 0.02714)
(-0.08326 0.02946 0.02447)
(-0.07145 0.02299 0.03543)
(-0.05376 0.01506 0.04754)
(-0.04866 0.01330 0.04910)
(-0.04687 0.01296 0.05025)
(-0.04376 0.01181 0.05166)
(-0.02364 0.00192 0.05182)
(-0.01706 0.00462 0.05193)
(-0.02624 0.00186 0.04669)
(-0.01809 0.00120 0.04294)
(-0.00184 -0.00601 0.03357)
(0.00595 -0.01622 0.02907)
(0.00187 -0.02194 0.02992)
(0.01674 -0.03844 0.01348)
(0.01345 -0.04300 0.01486)
(0.01920 -0.04141 0.01143)
(0.01630 -0.04588 0.01309)
(0.02312 -0.06853 0.00942)
(0.02745 -0.07048 0.00668)
(0.03198 -0.07254 0.00404)
(0.04590 -0.07313 -0.00444)
(0.07512 -0.07787 -0.01832)
(0.06813 -0.07786 -0.02621)
(0.10170 -0.07872 -0.03853)
(0.10057 -0.07549 -0.03870)
(0.10057 -0.07338 -0.03793)
(0.07273 -0.05848 -0.03458)
(0.05818 -0.04883 -0.03144)
(0.05168 -0.04490 -0.02987)
(0.05896 -0.04139 -0.01396)
(0.01784 -0.03657 -0.01714)
(0.02421 -0.03869 -0.01290)
(0.03188 -0.03963 -0.00533)
(0.03499 -0.04499 0.01301)
(0.04632 -0.04505 0.01999)
(0.02736 -0.04878 0.01864)
(0.03470 -0.04532 0.03843)
(0.03115 -0.04685 0.03967)
(0.02767 -0.04867 0.04234)
(0.02454 -0.05022 0.04466)
(0.00349 -0.05934 0.06025)
(-0.00247 -0.02086 0.02022)
(-0.00117 -0.00795 0.00814)
(0.00120 0.00825 -0.00834)
(-0.00831 0.00298 0.00109)
(-0.02970 0.01077 0.00602)
(-0.05319 0.01914 0.01246)
(-0.04589 0.01666 0.00938)
(-0.08007 0.02868 0.02277)
(-0.07733 0.02738 0.02688)
(-0.04032 0.01148 0.04634)
(-0.04153 0.01163 0.04238)
(-0.04442 0.01245 0.05170)
(-0.04142 0.01149 0.05391)
(-0.01915 0.00701 0.05611)
(-0.00525 0.00221 0.06552)
(-0.01200 0.00059 0.05431)
(0.00036 -0.00241 0.05858)
(0.00014 -0.00406 0.04070)
(0.00987 -0.00883 0.03340)
(0.01232 -0.01188 0.03126)
(0.01662 -0.01667 0.02576)
(0.01706 -0.02848 0.01884)
(0.02366 -0.03931 0.00897)
(0.02260 -0.04466 0.00888)
(0.02709 -0.04271 0.00595)
(0.03960 -0.05261 -0.00063)
(0.04684 -0.06664 -0.00612)
(0.05120 -0.06466 -0.01337)
(0.07276 -0.06690 -0.02632)
(0.08011 -0.06540 -0.03318)
(0.08950 -0.07703 -0.03603)
(0.09721 -0.07726 -0.03431)
(0.10735 -0.07553 -0.03705)
(0.10808 -0.07389 -0.03579)
(0.10204 -0.06424 -0.02940)
(0.06946 -0.05249 -0.02894)
(0.07493 -0.05372 -0.02514)
(0.06645 -0.05020 -0.02442)
(0.08967 -0.05632 -0.00250)
(0.07608 -0.04952 -0.00232)
(0.08378 -0.05251 0.00261)
(0.07003 -0.04963 0.01215)
(0.09954 -0.06162 0.02559)
(0.07878 -0.05090 0.01833)
(0.06489 -0.04711 0.02042)
(0.08984 -0.05264 0.03246)
(0.05342 -0.04614 0.03601)
(0.03918 -0.04532 0.04141)
(0.03466 -0.04601 0.04215)
(0.03228 -0.04632 0.04431)
(0.02964 -0.04618 0.04641)
(0.02460 -0.04708 0.04719)
(0.01617 -0.04842 0.06650)
(-0.00135 -0.05569 0.06815)
(-0.00479 -0.02249 0.02752)
(0.00056 0.00309 -0.00336)
(0.00041 -0.00015 -0.00001)
(-0.00544 0.00184 0.00007)
(-0.03081 0.01032 0.00168)
(-0.07306 0.02648 0.01742)
(-0.05976 0.01844 0.02191)
(-0.05273 0.01687 0.03084)
(-0.03183 0.00751 0.02445)
(-0.04211 0.01252 0.04275)
(-0.03048 0.00796 0.05092)
(-0.01125 0.00480 0.05572)
(-0.00962 0.00370 0.05539)
(-0.01098 0.00317 0.05513)
(-0.00470 0.00305 0.05538)
(-0.00051 0.00250 0.06254)
(-0.00277 0.00144 0.07083)
(0.00905 -0.00117 0.05586)
(0.01360 -0.00653 0.04193)
(0.01638 -0.01184 0.03223)
(0.01959 -0.01371 0.02734)
(0.03200 -0.01998 0.01017)
(0.03874 -0.02344 -0.00076)
(0.04599 -0.03314 -0.01572)
(0.03979 -0.04598 -0.00835)
(0.05140 -0.03250 -0.02440)
(0.06172 -0.05112 -0.02761)
(0.07483 -0.05832 -0.03594)
(0.07103 -0.05627 -0.03511)
(0.07654 -0.05651 -0.03918)
(0.09496 -0.06486 -0.03743)
(0.09206 -0.05697 -0.05184)
(0.11350 -0.07329 -0.03806)
(0.10896 -0.07202 -0.04195)
(0.11243 -0.07569 -0.03088)
(0.11281 -0.06982 -0.02811)
(0.11090 -0.07055 -0.02439)
(0.13204 -0.07650 -0.01250)
(0.10960 -0.06691 0.00180)
(0.12802 -0.07928 0.00938)
(0.12805 -0.07443 0.02301)
(0.13132 -0.07607 0.02559)
(0.11781 -0.08063 0.04241)
(0.10595 -0.06587 0.04099)
(0.11267 -0.07369 0.05817)
(0.08971 -0.05970 0.04974)
(0.07480 -0.05289 0.04463)
(0.05763 -0.04840 0.05785)
(0.05051 -0.05008 0.07165)
(0.02922 -0.04589 0.06118)
(0.00241 -0.03890 0.07907)
(-0.00264 -0.04904 0.08265)
(0.01935 -0.04055 0.08032)
(-0.00862 -0.03659 0.08411)
(-0.00768 -0.02514 0.04257)
(-0.00054 -0.00159 0.00249)
(0.00130 0.00345 -0.00557)
(-0.00233 0.00071 -0.00045)
(-0.01428 0.00469 0.00013)
(-0.05311 0.01563 0.00904)
(-0.02721 0.00264 0.00945)
(-0.02947 0.00485 0.01525)
(-0.02044 0.00062 0.02937)
(-0.01731 -0.00266 0.02032)
(-0.01183 0.00118 0.04234)
(-0.00905 0.00439 0.05855)
(-0.00046 0.00521 0.05279)
(-0.00122 0.00276 0.05554)
(0.00445 0.00132 0.06003)
(0.00595 0.00335 0.05408)
(0.01343 0.00404 0.04697)
(0.02354 0.00186 0.02868)
(0.02717 0.00083 0.02179)
(0.02290 -0.00326 0.02267)
(0.03457 -0.01061 0.01241)
(0.04203 -0.01929 0.00230)
(0.04804 -0.01468 -0.01810)
(0.05464 -0.01259 -0.03553)
(0.06542 -0.04206 -0.03250)
(0.07628 -0.05337 -0.03929)
(0.07023 -0.03844 -0.04724)
(0.07408 -0.03056 -0.06463)
(0.07528 -0.03043 -0.06540)
(0.10416 -0.06080 -0.04664)
(0.11013 -0.06695 -0.04432)
(0.10741 -0.06221 -0.03804)
(0.11096 -0.06475 -0.03459)
(0.13766 -0.07734 -0.01317)
(0.14646 -0.08463 -0.00346)
(0.13110 -0.08129 0.00432)
(0.14623 -0.09321 0.01183)
(0.13582 -0.07982 0.02256)
(0.13497 -0.08698 0.02850)
(0.14415 -0.09762 0.05365)
(0.13138 -0.09260 0.06717)
(0.12838 -0.09223 0.07104)
(0.11749 -0.08098 0.07015)
(0.08275 -0.05840 0.05657)
(0.10473 -0.07610 0.07520)
(0.08300 -0.06123 0.06950)
(0.06074 -0.05121 0.07389)
(0.05085 -0.04969 0.08496)
(0.02419 -0.04181 0.08182)
(0.00817 -0.04260 0.08865)
(-0.01004 -0.03393 0.08369)
(-0.00048 -0.04221 0.09084)
(-0.01421 -0.02889 0.06002)
(-0.00261 -0.00689 0.01132)
(-0.00114 -0.00310 0.00644)
(0.00381 -0.00112 0.00078)
(-0.01471 0.00428 -0.00285)
(-0.00143 0.00041 -0.00030)
(-0.01681 0.00451 -0.00352)
(-0.03190 0.00638 -0.00004)
(-0.02029 -0.00063 0.01453)
(-0.01500 -0.00310 0.00838)
(-0.01073 -0.00473 0.01486)
(-0.00355 -0.00496 0.01999)
(-0.00784 -0.00265 0.03013)
(0.00664 -0.00522 0.02892)
(0.00228 -0.00252 0.04024)
(-0.00134 0.00307 0.04836)
(0.01109 0.00785 0.04536)
(0.01186 0.00896 0.04505)
(0.01315 0.00559 0.04859)
(0.02354 0.00411 0.03038)
(0.02626 0.00377 0.02089)
(0.02950 0.00122 0.01558)
(0.04136 -0.00737 0.00056)
(0.04813 -0.00283 -0.02235)
(0.04471 0.00262 -0.04062)
(0.04502 0.01417 -0.06674)
(0.05736 -0.01537 -0.03972)
(0.06043 -0.01590 -0.05323)
(0.07128 -0.02528 -0.06033)
(0.06869 -0.02440 -0.06825)
(0.06894 -0.02411 -0.06915)
(0.07698 -0.03133 -0.06599)
(0.09951 -0.05308 -0.04983)
(0.10361 -0.06047 -0.04154)
(0.10560 -0.06298 -0.03846)
(0.12695 -0.07524 -0.02666)
(0.13211 -0.08810 -0.01016)
(0.15313 -0.10134 0.00903)
(0.15597 -0.11423 0.02371)
(0.15695 -0.11533 0.02898)
(0.15518 -0.10695 0.03616)
(0.14567 -0.10224 0.05910)
(0.13470 -0.09806 0.07052)
(0.13126 -0.09760 0.07444)
(0.12595 -0.09159 0.07504)
(0.11910 -0.08569 0.07945)
(0.09080 -0.07074 0.08826)
(0.06243 -0.05429 0.09040)
(0.04823 -0.05037 0.09136)
(0.03642 -0.04436 0.08922)
(0.03619 -0.04622 0.09972)
(0.01730 -0.04477 0.09756)
(0.01436 -0.04728 0.10458)
(-0.01158 -0.03617 0.07928)
(-0.00242 -0.00736 0.01537)
(0.00343 -0.00095 0.00074)
(-0.00586 0.00151 -0.00130)
(-0.03084 0.00685 -0.00700)
(-0.02328 0.00461 -0.00567)
(-0.02839 0.00469 -0.00728)
(-0.00247 -0.00913 0.00248)
(-0.00105 -0.00879 0.00751)
(0.00249 -0.00689 0.00900)
(0.01968 -0.00924 0.01731)
(0.01950 -0.00781 0.01919)
(0.00833 -0.00213 0.04139)
(0.01202 0.00760 0.04189)
(0.01307 0.00931 0.03935)
(0.01373 0.01144 0.03673)
(0.01345 0.01065 0.04062)
(0.01961 0.01091 0.02697)
(0.02384 0.00892 0.01638)
(0.02627 0.00721 0.01395)
(0.01983 0.02654 -0.02111)
(0.03085 0.00218 0.00964)
(0.03975 0.01143 -0.03272)
(0.03969 0.01238 -0.03711)
(0.04032 0.02132 -0.06917)
(0.04490 0.01400 -0.07018)
(0.04391 0.01515 -0.07327)
(0.06237 -0.01768 -0.07240)
(0.06165 -0.01722 -0.07336)
(0.06986 -0.02550 -0.06960)
(0.07050 -0.02745 -0.07016)
(0.08058 -0.04156 -0.06262)
(0.09541 -0.05880 -0.05525)
(0.11769 -0.08020 -0.02730)
(0.11389 -0.08406 -0.02881)
(0.13901 -0.09842 -0.00617)
(0.15159 -0.11729 0.02234)
(0.15118 -0.12041 0.02736)
(0.15529 -0.12056 0.03338)
(0.14724 -0.12343 0.05137)
(0.13575 -0.10383 0.07373)
(0.13190 -0.10341 0.07748)
(0.12761 -0.09649 0.07897)
(0.12269 -0.09824 0.09374)
(0.09544 -0.07785 0.09699)
(0.09137 -0.07418 0.09553)
(0.07798 -0.06624 0.11234)
(0.06179 -0.05818 0.10940)
(0.05578 -0.05539 0.10785)
(0.05958 -0.05791 0.11121)
(0.05436 -0.05525 0.10976)
(0.04864 -0.05268 0.10874)
(0.01920 -0.04865 0.10748)
(-0.01179 -0.04786 0.10610)
(-0.00825 -0.04524 0.09811)
(-0.00311 -0.01177 0.02458)
(0.00107 0.00360 -0.00741)
(0.00119 -0.00029 0.00027)
(-0.00882 0.00190 -0.00209)
(0.00123 -0.01049 -0.00752)
(-0.00950 -0.00695 -0.00853)
(0.01040 -0.01974 -0.00887)
(0.00621 -0.01607 -0.00426)
(0.01799 -0.01664 0.00471)
(0.02229 -0.01183 0.01271)
(0.02148 -0.00939 0.01484)
(0.01983 -0.00705 0.02339)
(0.01729 -0.00141 0.02445)
(0.01349 0.00971 0.03549)
(0.01394 0.01218 0.03277)
(0.00774 0.02116 0.01459)
(0.01411 0.01442 0.03298)
(0.01223 0.03207 0.00257)
(0.00861 0.03066 -0.01001)
(0.00759 0.03935 -0.03226)
(0.02472 0.03824 -0.04385)
(0.03339 0.02749 -0.04472)
(0.03034 0.02995 -0.06563)
(0.03960 0.02189 -0.07322)
(0.03445 0.02937 -0.07629)
(0.03827 0.02261 -0.07680)
(0.03432 0.01389 -0.08377)
(0.03210 0.01384 -0.09386)
(0.06204 -0.01913 -0.07356)
(0.05695 -0.02043 -0.07748)
(0.05314 -0.03241 -0.07465)
(0.06256 -0.04149 -0.07094)
(0.10288 -0.07205 -0.04480)
(0.10963 -0.08239 -0.03895)
(0.12113 -0.09645 -0.01893)
(0.13117 -0.11273 0.00839)
(0.14506 -0.12285 0.02496)
(0.15061 -0.12383 0.03303)
(0.13624 -0.13185 0.05571)
(0.13607 -0.11982 0.07245)
(0.12967 -0.12591 0.08372)
(0.13150 -0.11557 0.09524)
(0.12100 -0.10997 0.10824)
(0.10880 -0.08904 0.11020)
(0.08716 -0.07787 0.11119)
(0.09706 -0.08684 0.12242)
(0.08279 -0.07469 0.11450)
(0.06433 -0.06092 0.11355)
(0.05623 -0.05653 0.11191)
(0.04556 -0.05462 0.11635)
(0.02711 -0.05391 0.11420)
(-0.00659 -0.04879 0.10806)
(0.00137 -0.04815 0.10919)
(-0.00304 -0.01637 0.03404)
(0.00018 0.00074 -0.00151)
(-0.00002 -0.00014 -0.00000)
(0.00008 -0.00462 -0.00148)
(0.00075 -0.00365 0.00022)
(0.00990 -0.01763 -0.00585)
(0.01318 -0.02068 -0.00660)
(0.02059 -0.02763 -0.00919)
(0.02952 -0.03132 -0.00460)
(0.03102 -0.02525 -0.00645)
(0.02594 -0.02085 0.00578)
(0.02380 -0.01139 0.01041)
(0.01744 -0.00557 0.00630)
(0.01354 0.00342 0.00900)
(0.01142 0.01722 0.01463)
(-0.00075 0.02967 -0.00874)
(0.00500 0.03705 -0.01185)
(0.00345 0.04780 -0.01786)
(-0.00322 0.05327 -0.03640)
(0.01136 0.04277 -0.05069)
(-0.00573 0.05745 -0.06344)
(0.01084 0.05102 -0.07203)
(-0.00165 0.06092 -0.09012)
(-0.00137 0.05998 -0.10077)
(0.03290 0.02996 -0.08013)
(0.01742 0.02975 -0.09826)
(0.00153 0.04403 -0.11540)
(0.03276 0.00793 -0.09622)
(0.02515 0.00217 -0.09816)
(0.03805 -0.01889 -0.08607)
(0.03672 -0.02699 -0.08485)
(0.07620 -0.06398 -0.05829)
(0.06913 -0.07651 -0.04738)
(0.10296 -0.10090 -0.01760)
(0.09627 -0.11295 -0.00694)
(0.09359 -0.12579 0.00405)
(0.12126 -0.13941 0.03488)
(0.12066 -0.14437 0.04692)
(0.12652 -0.14790 0.07727)
(0.12463 -0.14640 0.07934)
(0.12347 -0.12521 0.10018)
(0.11784 -0.12193 0.10708)
(0.10881 -0.09882 0.11387)
(0.10200 -0.10120 0.12289)
(0.08167 -0.07377 0.12303)
(0.07899 -0.07824 0.12461)
(0.06075 -0.05940 0.11415)
(0.07666 -0.07589 0.13154)
(0.05346 -0.06075 0.12348)
(0.04327 -0.05982 0.11999)
(0.04866 -0.06292 0.12426)
(0.02685 -0.05825 0.12050)
(0.00785 -0.02526 0.04938)
(-0.00006 -0.00177 0.00345)
(0.00013 -0.00070 0.00012)
(0.00761 -0.01148 -0.00118)
(0.01696 -0.02285 -0.00614)
(0.03832 -0.03649 -0.01009)
(0.03617 -0.03470 -0.01055)
(0.03266 -0.02913 -0.00911)
(0.02881 -0.02294 -0.01384)
(0.02998 -0.02376 -0.00581)
(0.02380 -0.01610 -0.01140)
(0.02028 -0.00410 -0.00954)
(0.00736 0.01654 -0.00645)
(-0.00690 0.03204 -0.01512)
(-0.00672 0.04188 -0.02060)
(-0.02120 0.04830 -0.03285)
(-0.00463 0.04828 -0.02733)
(-0.02039 0.06634 -0.04983)
(-0.04877 0.09265 -0.10096)
(-0.02227 0.07175 -0.09082)
(-0.02611 0.08278 -0.10723)
(-0.02236 0.07875 -0.11132)
(-0.01462 0.06901 -0.11818)
(-0.01088 0.06115 -0.11938)
(-0.00916 0.05312 -0.12102)
(0.00222 0.03420 -0.11079)
(0.00831 0.01493 -0.10601)
(0.00213 0.00369 -0.10956)
(0.00201 -0.00680 -0.10276)
(0.03640 -0.04484 -0.07404)
(0.02635 -0.07243 -0.05749)
(0.06740 -0.09211 -0.03598)
(0.07525 -0.11244 -0.01701)
(0.07448 -0.13131 0.00857)
(0.10035 -0.14084 0.02790)
(0.09456 -0.14784 0.04280)
(0.12352 -0.14868 0.07642)
(0.11526 -0.14982 0.08623)
(0.12398 -0.13768 0.10154)
(0.10690 -0.14563 0.11692)
(0.11166 -0.12570 0.11914)
(0.10501 -0.11378 0.12760)
(0.10275 -0.10289 0.12361)
(0.09655 -0.08974 0.12981)
(0.10252 -0.09995 0.13975)
(0.09538 -0.09199 0.14000)
(0.08104 -0.07959 0.13284)
(0.06495 -0.06575 0.12938)
(0.06088 -0.06389 0.12777)
(0.04937 -0.06380 0.12452)
(0.02323 -0.04377 0.08621)
(0.00740 -0.02196 0.04220)
(0.00089 -0.00330 0.00628)
(-0.00030 0.00043 -0.00049)
(0.00135 -0.00171 0.00158)
(0.01261 -0.01262 0.00500)
(0.02995 -0.03095 -0.00059)
(0.03826 -0.03654 -0.00882)
(0.04149 -0.03879 -0.01209)
(0.03771 -0.03261 -0.00901)
(0.04267 -0.03901 -0.01463)
(0.03226 -0.02420 -0.01882)
(0.02604 -0.01857 -0.01611)
(0.02185 -0.01264 -0.01542)
(-0.00833 0.02188 -0.03229)
(0.00584 0.01558 -0.02061)
(-0.01797 0.03587 -0.03369)
(-0.04756 0.07224 -0.06070)
(-0.04047 0.07061 -0.05603)
(-0.05901 0.08627 -0.07643)
(-0.04205 0.07768 -0.07179)
(-0.05814 0.09889 -0.10771)
(-0.05227 0.09659 -0.10979)
(-0.05435 0.09996 -0.11685)
(-0.05008 0.10147 -0.12502)
(-0.02759 0.07639 -0.12829)
(-0.03324 0.07783 -0.13772)
(-0.04173 0.08349 -0.15393)
(-0.03354 0.06895 -0.14554)
(-0.01823 0.04810 -0.12730)
(-0.01590 0.03172 -0.12540)
(-0.02568 0.02642 -0.12684)
(-0.02512 0.02067 -0.12424)
(0.01473 -0.02934 -0.08610)
(0.01787 -0.06777 -0.06178)
(0.02795 -0.07984 -0.05207)
(0.03655 -0.09459 -0.04149)
(0.04228 -0.11906 -0.00542)
(0.06951 -0.14026 0.02369)
(0.06406 -0.15442 0.04473)
(0.09068 -0.15852 0.05841)
(0.08437 -0.15227 0.07560)
(0.10588 -0.15161 0.11185)
(0.10548 -0.15084 0.11622)
(0.10766 -0.14520 0.12051)
(0.10957 -0.14603 0.12341)
(0.10595 -0.10888 0.13524)
(0.10575 -0.10538 0.14109)
(0.09701 -0.09392 0.14071)
(0.09943 -0.09616 0.14387)
(0.09364 -0.08640 0.13934)
(0.07788 -0.07838 0.13464)
(0.07908 -0.08259 0.13885)
(0.07660 -0.08178 0.13628)
(0.05654 -0.06931 0.12924)
(0.03387 -0.04827 0.08627)
(0.00314 -0.00514 0.00913)
(0.00336 -0.00515 0.00909)
(0.00156 -0.00142 0.00226)
(0.01565 -0.01529 0.00970)
(0.03981 -0.03741 -0.00796)
(0.04058 -0.03808 -0.00985)
(0.04181 -0.03875 -0.01235)
(0.04269 -0.03855 -0.01538)
(0.03576 -0.02669 -0.02532)
(0.02460 -0.01510 -0.03070)
(0.02184 -0.01318 -0.01870)
(-0.01254 0.02416 -0.04006)
(-0.02224 0.03818 -0.04815)
(-0.05702 0.08178 -0.07335)
(-0.06438 0.08863 -0.07962)
(-0.06568 0.09272 -0.08286)
(-0.07542 0.10107 -0.10251)
(-0.06196 0.10301 -0.11535)
(-0.07386 0.11079 -0.12145)
(-0.06443 0.10613 -0.12237)
(-0.07984 0.12046 -0.15487)
(-0.07689 0.12012 -0.17029)
(-0.06567 0.11280 -0.16078)
(-0.05945 0.10444 -0.16746)
(-0.06833 0.11058 -0.18512)
(-0.06773 0.10708 -0.18490)
(-0.04196 0.06533 -0.14767)
(-0.03308 0.03397 -0.13338)
(-0.03299 0.02864 -0.13053)
(-0.02621 0.01614 -0.12204)
(-0.01427 -0.02537 -0.09599)
(0.01816 -0.07418 -0.05735)
(0.01540 -0.08621 -0.04466)
(0.02449 -0.11378 -0.01578)
(0.04189 -0.12917 0.00668)
(0.05549 -0.15403 0.04163)
(0.06510 -0.15738 0.05163)
(0.06560 -0.16065 0.05709)
(0.10264 -0.15601 0.11222)
(0.10295 -0.15626 0.11573)
(0.10668 -0.15086 0.11998)
(0.10910 -0.15193 0.12369)
(0.11155 -0.13116 0.13477)
(0.11716 -0.12595 0.14600)
(0.11004 -0.11708 0.15058)
(0.10852 -0.11104 0.14903)
(0.09560 -0.09024 0.14496)
(0.08997 -0.09328 0.14283)
(0.08601 -0.09071 0.14139)
(0.05969 -0.07451 0.13247)
(0.04127 -0.05655 0.10030)
(0.02155 -0.03115 0.05516)
(0.04330 -0.05848 0.10315)
(0.00566 -0.00836 0.01478)
(0.00038 -0.00032 0.00064)
(0.00326 -0.00276 0.00472)
(0.00201 -0.00156 0.00334)
(0.00902 -0.00779 0.01092)
(0.02394 -0.02051 0.00866)
(0.03324 -0.02804 0.00065)
(0.04137 -0.03869 -0.00955)
(0.04219 -0.03839 -0.01280)
(0.04201 -0.03871 -0.01244)
(0.03308 -0.02401 -0.02769)
(0.03297 -0.02623 -0.03226)
(0.02852 -0.01688 -0.03444)
(0.00338 0.00845 -0.04830)
(-0.01610 0.02854 -0.05060)
(-0.03661 0.04898 -0.06304)
(-0.05382 0.07105 -0.07007)
(-0.07084 0.09267 -0.08293)
(-0.07212 0.09608 -0.08655)
(-0.09110 0.11302 -0.10311)
(-0.12650 0.14335 -0.15043)
(-0.07633 0.11376 -0.12775)
(-0.10975 0.14189 -0.18218)
(-0.11580 0.14564 -0.20238)
(-0.08862 0.12557 -0.18845)
(-0.08150 0.12192 -0.19611)
(-0.07471 0.11354 -0.19258)
(-0.06457 0.09090 -0.17352)
(-0.05590 0.06089 -0.15897)
(-0.04119 0.03844 -0.13828)
(-0.03424 0.02234 -0.12689)
(-0.04347 -0.00448 -0.10832)
(-0.00858 -0.05613 -0.06861)
(-0.01149 -0.07317 -0.05107)
(-0.00449 -0.09580 -0.03440)
(0.02459 -0.12891 0.00370)
(0.04082 -0.15251 0.03468)
(0.05768 -0.15749 0.04958)
(0.05973 -0.16227 0.05689)
(0.07997 -0.16318 0.09235)
(0.09887 -0.17054 0.11245)
(0.10479 -0.15662 0.11961)
(0.10795 -0.16172 0.12921)
(0.11642 -0.15106 0.13718)
(0.11318 -0.15290 0.14667)
(0.11842 -0.13275 0.15053)
(0.11580 -0.12583 0.15023)
(0.11391 -0.11929 0.15040)
(0.10483 -0.10980 0.14757)
(0.07829 -0.08763 0.14337)
(0.06337 -0.07713 0.13555)
(0.06227 -0.07812 0.13639)
(0.05870 -0.07720 0.13516)
(0.03797 -0.05189 0.09144)
(0.00581 -0.00903 0.01593)
(-0.00451 0.00723 -0.01284)
(0.00018 -0.00007 0.00047)
(0.00241 -0.00106 0.00561)
(0.02184 -0.01761 0.01443)
(0.01306 -0.00944 0.01245)
(0.03033 -0.02376 0.01579)
(0.03267 -0.02756 0.00510)
(0.03795 -0.03460 -0.00141)
(0.04299 -0.03560 -0.01497)
(0.03837 -0.02922 -0.02364)
(0.03133 -0.01965 -0.03848)
(0.03154 -0.01799 -0.04031)
(0.00834 0.00351 -0.04587)
(-0.01800 0.03366 -0.05410)
(-0.05340 0.06648 -0.06942)
(-0.06932 0.08056 -0.07986)
(-0.08843 0.09842 -0.08827)
(-0.12050 0.13017 -0.11661)
(-0.07900 0.10070 -0.08991)
(-0.11111 0.12639 -0.11638)
(-0.14906 0.16090 -0.16126)
(-0.13265 0.15212 -0.16516)
(-0.13356 0.15363 -0.19260)
(-0.13545 0.15889 -0.20824)
(-0.11126 0.14202 -0.20713)
(-0.12016 0.14877 -0.22086)
(-0.12049 0.14098 -0.22621)
(-0.09079 0.10987 -0.19884)
(-0.08622 0.09147 -0.18409)
(-0.08587 0.08682 -0.18322)
(-0.06842 0.04362 -0.14487)
(-0.05571 0.00774 -0.11721)
(-0.04415 -0.02052 -0.09633)
(-0.03248 -0.05654 -0.06659)
(-0.02760 -0.07251 -0.05318)
(-0.00171 -0.11207 -0.01456)
(0.00101 -0.12042 0.00105)
(0.05055 -0.15664 0.04764)
(0.04813 -0.16823 0.06381)
(0.06251 -0.17837 0.08227)
(0.06670 -0.18404 0.09728)
(0.08569 -0.18022 0.11583)
(0.09272 -0.17725 0.12171)
(0.11003 -0.16933 0.13871)
(0.11536 -0.16133 0.15089)
(0.11410 -0.14314 0.15356)
(0.10837 -0.13880 0.15817)
(0.10992 -0.12241 0.15631)
(0.09050 -0.11249 0.15689)
(0.08974 -0.10672 0.15149)
(0.08432 -0.10606 0.15961)
(0.07481 -0.09102 0.15523)
(0.05765 -0.07827 0.13342)
(0.03428 -0.04808 0.08231)
(0.00923 -0.01359 0.02386)
(-0.00317 0.00532 -0.00984)
(0.00202 -0.00066 0.00394)
(0.01297 -0.00592 0.02017)
(0.02988 -0.02232 0.01438)
(0.03744 -0.03207 0.00201)
(0.04121 -0.03805 -0.00538)
(0.03975 -0.03286 -0.00928)
(0.03199 -0.01918 -0.02385)
(0.03766 -0.02860 -0.02278)
(0.02913 -0.01589 -0.03348)
(0.01550 0.00008 -0.04076)
(0.02441 -0.01056 -0.04221)
(-0.00291 0.01819 -0.05117)
(-0.02360 0.03849 -0.05978)
(-0.04276 0.05798 -0.06735)
(-0.05355 0.06735 -0.07058)
(-0.07412 0.08470 -0.08208)
(-0.07356 0.08424 -0.07877)
(-0.10286 0.10967 -0.09608)
(-0.13611 0.13562 -0.11967)
(-0.14042 0.14857 -0.14348)
(-0.15515 0.16498 -0.16498)
(-0.16019 0.17221 -0.17172)
(-0.15993 0.17179 -0.21227)
(-0.17720 0.18519 -0.24670)
(-0.13924 0.16193 -0.23136)
(-0.13646 0.15818 -0.23356)
(-0.13897 0.14852 -0.24130)
(-0.12223 0.13376 -0.22563)
(-0.11006 0.11704 -0.20893)
(-0.09849 0.09679 -0.19401)
(-0.08119 0.06062 -0.15635)
(-0.07627 0.03783 -0.13887)
(-0.05835 -0.00731 -0.10605)
(-0.05593 -0.02683 -0.08536)
(-0.05615 -0.05185 -0.06157)
(-0.01735 -0.09706 -0.02619)
(-0.01124 -0.11426 -0.00031)
(0.00755 -0.14879 0.03135)
(0.01609 -0.16332 0.05444)
(0.04353 -0.17520 0.07186)
(0.06115 -0.19190 0.09178)
(0.06522 -0.19167 0.10041)
(0.08588 -0.18705 0.12048)
(0.08105 -0.19511 0.12284)
(0.10159 -0.17276 0.13774)
(0.11191 -0.16029 0.15267)
(0.09682 -0.16569 0.16045)
(0.09732 -0.16014 0.16218)
(0.09685 -0.14763 0.16298)
(0.09504 -0.15706 0.16436)
(0.09284 -0.13141 0.16235)
(0.08051 -0.10907 0.16234)
(0.07729 -0.10612 0.16035)
(0.06461 -0.08997 0.14676)
(0.01812 -0.02847 0.04742)
(0.00227 -0.00471 0.00790)
(-0.00086 0.00181 -0.00305)
(0.00037 -0.00010 0.00079)
(0.00630 -0.00220 0.01194)
(0.01861 -0.00858 0.02861)
(0.02817 -0.01905 0.01809)
(0.03375 -0.02422 0.00388)
(0.03373 -0.02244 -0.00048)
(0.03548 -0.02417 -0.01065)
(0.02391 -0.00838 -0.03099)
(0.02194 -0.00540 -0.03513)
(0.01812 -0.00027 -0.03810)
(-0.00578 0.02111 -0.05345)
(-0.04413 0.06035 -0.06769)
(-0.05357 0.06816 -0.07085)
(-0.06466 0.07847 -0.07462)
(-0.11067 0.11737 -0.10163)
(-0.13316 0.13556 -0.12326)
(-0.15223 0.15056 -0.14766)
(-0.17197 0.17001 -0.17779)
(-0.16844 0.17330 -0.18478)
(-0.17889 0.17993 -0.19656)
(-0.17765 0.18304 -0.22547)
(-0.18267 0.18832 -0.25067)
(-0.17585 0.18472 -0.25347)
(-0.16916 0.17947 -0.25418)
(-0.15253 0.16240 -0.25288)
(-0.13831 0.14595 -0.23830)
(-0.12483 0.13455 -0.22780)
(-0.12229 0.11929 -0.21370)
(-0.10024 0.07916 -0.16943)
(-0.10238 0.06621 -0.15626)
(-0.08239 0.02656 -0.12826)
(-0.06701 -0.01977 -0.08761)
(-0.06069 -0.04383 -0.06574)
(-0.05328 -0.06052 -0.05276)
(-0.03539 -0.08793 -0.02449)
(-0.00295 -0.14608 0.02869)
(0.00594 -0.14928 0.03060)
(0.01204 -0.14921 0.03728)
(0.04005 -0.17680 0.07787)
(0.06010 -0.19242 0.09852)
(0.06692 -0.19213 0.10534)
(0.06849 -0.19197 0.10820)
(0.08083 -0.17915 0.12248)
(0.08977 -0.16937 0.14982)
(0.09294 -0.16193 0.16280)
(0.09693 -0.14951 0.16581)
(0.09001 -0.13553 0.16447)
(0.07676 -0.12822 0.15882)
(0.07786 -0.11727 0.16208)
(0.07176 -0.10724 0.16200)
(0.06158 -0.09212 0.13997)
(0.01860 -0.03038 0.05103)
(0.00133 -0.00219 0.00369)
(0.00021 0.00002 0.00045)
(0.00696 0.00012 0.01296)
(0.02170 -0.00760 0.01704)
(0.03192 -0.01716 0.01080)
(0.03206 -0.01880 0.00975)
(0.03079 -0.01709 -0.00322)
(0.02506 -0.00871 -0.01086)
(0.03193 -0.01831 -0.00712)
(0.02282 -0.00627 -0.03061)
(0.02047 -0.00319 -0.03454)
(0.01931 -0.00117 -0.03415)
(0.01621 0.00252 -0.03779)
(0.01351 0.00543 -0.04081)
(-0.03993 0.05933 -0.06556)
(-0.05340 0.06917 -0.07081)
(-0.06384 0.07886 -0.07451)
(-0.11211 0.12059 -0.10819)
(-0.12755 0.13272 -0.12009)
(-0.15583 0.15788 -0.15928)
(-0.17666 0.17700 -0.18567)
(-0.18044 0.18024 -0.19545)
(-0.18147 0.18516 -0.22591)
(-0.18686 0.19093 -0.25445)
(-0.18178 0.18821 -0.25707)
(-0.18157 0.18872 -0.26222)
(-0.17406 0.18009 -0.26828)
(-0.14612 0.15231 -0.24445)
(-0.15048 0.15086 -0.23942)
(-0.12672 0.11089 -0.20268)
(-0.10056 0.05858 -0.14886)
(-0.09159 0.03055 -0.12768)
(-0.05793 -0.05190 -0.05824)
(-0.02607 -0.10339 -0.00793)
(-0.01176 -0.12980 0.00952)
(0.01534 -0.15955 0.05149)
(0.06153 -0.19122 0.10033)
(0.06920 -0.19307 0.11064)
(0.09030 -0.16680 0.16063)
(0.08471 -0.14656 0.16129)
(0.02148 -0.03680 0.05628)
(0.00123 0.00022 0.00274)
(0.01255 -0.00151 0.01442)
(0.02919 -0.01154 0.01028)
(0.02028 -0.00293 0.02068)
(0.02961 -0.01075 0.00862)
(0.03103 -0.01347 0.00544)
(0.02491 -0.00398 -0.00947)
(0.02189 -0.00428 -0.03040)
(0.01839 0.00074 -0.03412)
(0.01458 0.00508 -0.03772)
(0.00561 0.01729 -0.04487)
(-0.02973 0.05494 -0.06350)
(-0.05059 0.07610 -0.07008)
(-0.05909 0.07797 -0.07440)
(-0.10501 0.12011 -0.10124)
(-0.10756 0.11676 -0.10461)
(-0.13161 0.13702 -0.12111)
(-0.16196 0.16391 -0.15503)
(-0.15495 0.16023 -0.14831)
(-0.17504 0.17611 -0.18466)
(-0.17856 0.17936 -0.19565)
(-0.18605 0.18436 -0.21692)
(-0.19050 0.19382 -0.25543)
(-0.18774 0.19251 -0.26173)
(-0.18617 0.19176 -0.26460)
(-0.16850 0.17519 -0.26704)
(-0.00186 -0.00100 -0.00386)
(0.00573 0.00167 0.00920)
(0.02219 0.00224 0.02403)
(0.02692 -0.00389 0.01995)
(0.02825 -0.00789 0.00861)
(0.03072 -0.01023 -0.00051)
(0.02476 -0.00254 -0.01040)
(0.02279 0.00010 -0.01605)
(0.02317 0.00029 -0.01543)
(0.01662 0.00478 -0.03385)
(0.00444 0.02026 -0.04228)
(-0.00717 0.03335 -0.04955)
(-0.03941 0.06840 -0.06540)
(-0.04315 0.07351 -0.06654)
(-0.07065 0.09401 -0.08560)
(-0.09617 0.11530 -0.09935)
(-0.12845 0.13705 -0.12171)
(-0.14392 0.15346 -0.14689)
(-0.16978 0.17417 -0.18258)
(-0.18629 0.18858 -0.22457)
(-0.19289 0.19770 -0.25170)
(-0.00201 -0.00106 -0.00355)
(0.00143 0.00073 0.00246)
(0.01062 0.00514 0.01603)
(0.02532 0.00266 0.01818)
(0.02585 0.00182 0.01434)
(0.02760 0.00059 0.00266)
(0.02219 0.00264 -0.01405)
(0.01514 0.01260 -0.03217)
(0.00754 0.02037 -0.04290)
(-0.00877 0.03764 -0.05106)
(-0.03406 0.06275 -0.06309)
(-0.04333 0.07160 -0.06874)
(-0.06271 0.08802 -0.08250)
(-0.09514 0.11874 -0.10643)
(-0.11311 0.13251 -0.11453)
(-0.12206 0.14137 -0.12886)
(-0.15415 0.16190 -0.16242)
(0.00052 0.00030 0.00078)
(0.01286 0.00477 0.01228)
(0.01999 0.00293 0.01471)
(0.02584 0.00329 0.01667)
(0.02611 0.00235 0.01156)
(0.02624 0.00275 0.00928)
(0.02562 0.00421 -0.00721)
(0.02015 0.01025 -0.02161)
(0.01182 0.01742 -0.03107)
(0.01261 0.01880 -0.03179)
(-0.00235 0.03267 -0.05137)
(-0.01185 0.04230 -0.05670)
(-0.02084 0.05293 -0.06106)
(-0.02020 0.05223 -0.06576)
(-0.03933 0.06881 -0.07037)
(-0.07282 0.09858 -0.08838)
(0.00133 0.00100 0.00190)
(0.02031 0.00689 0.01790)
(0.02632 0.00364 0.01465)
(0.02868 0.01063 0.01178)
(0.02807 0.00512 0.00582)
(0.02624 0.00689 -0.00441)
(0.02508 0.00694 -0.02045)
(0.01365 0.01810 -0.03098)
(-0.00549 0.03760 -0.05898)
(-0.01478 0.04672 -0.06362)
(-0.00032 -0.00021 -0.00032)
(0.00987 0.00492 0.00697)
(0.02167 0.01021 0.00934)
(-0.14763 0.14551 -0.23588)
(-0.10851 0.07372 -0.16145)
(-0.06580 -0.03506 -0.07088)
(-0.05353 -0.06293 -0.04639)
(0.00170 -0.13955 0.02494)
(0.04655 -0.18153 0.08346)
(0.06320 -0.19159 0.10343)
(0.07754 -0.18221 0.12915)
(0.08249 -0.16164 0.15323)
(0.07392 -0.14064 0.16085)
(0.07318 -0.12587 0.15767)
(0.05846 -0.09892 0.14154)
(0.05609 -0.09528 0.13854)
(0.05339 -0.09108 0.13517)
(0.00475 -0.00814 0.01263)
(-0.19072 0.19212 -0.27343)
(-0.16694 0.16668 -0.25878)
(-0.15226 0.15324 -0.24600)
(-0.14619 0.13440 -0.22103)
(-0.12010 0.08828 -0.17561)
(-0.10563 0.06543 -0.15362)
(-0.09927 0.04178 -0.13115)
(-0.09061 0.01637 -0.10754)
(-0.06298 -0.04247 -0.06438)
(-0.06399 -0.03904 -0.06143)
(-0.03104 -0.09569 -0.01489)
(-0.01731 -0.12083 0.00476)
(-0.00289 -0.13240 0.01753)
(0.00540 -0.14451 0.02753)
(0.02055 -0.16340 0.05263)
(0.05634 -0.18922 0.09387)
(0.05842 -0.19024 0.09755)
(0.06457 -0.19194 0.10769)
(0.06730 -0.19338 0.12377)
(0.07892 -0.17804 0.15111)
(0.07140 -0.16887 0.15001)
(0.07474 -0.15620 0.15351)
(0.07063 -0.14697 0.15157)
(0.06096 -0.11824 0.14666)
(0.05573 -0.09780 0.13769)
(0.05233 -0.09120 0.13248)
(0.01939 -0.03352 0.05025)
(0.00190 -0.00327 0.00498)
(-0.19774 0.20099 -0.27605)
(-0.19954 0.20008 -0.28314)
(-0.20003 0.20050 -0.28426)
(-0.19642 0.19738 -0.28263)
(-0.18359 0.18287 -0.27322)
(-0.17760 0.17159 -0.25189)
(-0.15682 0.14620 -0.22492)
(-0.14639 0.12276 -0.20318)
(-0.11089 0.07299 -0.15921)
(-0.13377 0.09744 -0.17730)
(-0.10748 0.05791 -0.14277)
(-0.09959 0.03512 -0.11458)
(-0.07671 -0.01144 -0.08149)
(-0.06859 -0.02927 -0.06837)
(-0.04699 -0.06937 -0.03517)
(-0.03463 -0.09079 -0.01661)
(-0.02534 -0.10211 -0.00925)
(0.00345 -0.14358 0.02408)
(0.01370 -0.15700 0.03348)
(0.03397 -0.17203 0.06167)
(0.04230 -0.18226 0.07053)
(0.05335 -0.19413 0.10039)
(0.06008 -0.20166 0.12005)
(0.06047 -0.18987 0.12142)
(0.07072 -0.17411 0.13962)
(0.07362 -0.16022 0.14868)
(0.06494 -0.16114 0.13969)
(0.06407 -0.14138 0.14599)
(0.06202 -0.12998 0.14301)
(0.05954 -0.12898 0.13634)
(0.05600 -0.10230 0.13824)
(0.05076 -0.09010 0.12744)
(0.02448 -0.04232 0.06193)
(0.00501 -0.00910 0.01358)
(-0.00192 0.00345 -0.00519)
(-0.16807 0.17828 -0.19514)
(-0.18424 0.18896 -0.22675)
(-0.19094 0.19503 -0.24811)
(-0.19927 0.20232 -0.27100)
(-0.20423 0.20289 -0.28295)
(-0.20371 0.20568 -0.28986)
(-0.19779 0.19600 -0.28185)
(-0.19308 0.18965 -0.27336)
(-0.18749 0.17430 -0.25107)
(-0.18162 0.16543 -0.24018)
(-0.15949 0.13949 -0.21750)
(-0.14631 0.11173 -0.19186)
(-0.11707 0.07780 -0.16289)
(-0.11577 0.06818 -0.14957)
(-0.09719 0.03112 -0.11156)
(-0.07622 -0.00032 -0.08701)
(-0.06999 -0.01387 -0.07955)
(-0.05141 -0.05894 -0.04035)
(-0.04332 -0.06976 -0.03422)
(-0.02217 -0.10750 -0.00801)
(-0.00914 -0.12500 0.00421)
(0.00555 -0.14156 0.01400)
(0.02007 -0.16188 0.03682)
(0.03431 -0.17728 0.05947)
(0.04661 -0.18639 0.08060)
(0.03978 -0.18031 0.07149)
(0.05227 -0.18660 0.09677)
(0.05389 -0.17817 0.11280)
(0.06368 -0.17800 0.12813)
(0.05817 -0.16519 0.12681)
(0.06164 -0.15154 0.13777)
(0.05820 -0.11888 0.13513)
(0.05335 -0.12894 0.12660)
(0.05185 -0.10528 0.12613)
(0.04453 -0.08809 0.10996)
(0.00476 -0.00865 0.01221)
(-0.00403 0.00704 -0.01032)
(0.03228 -0.06752 0.08403)
(-0.09239 0.11655 -0.10601)
(-0.10122 0.12390 -0.11273)
(-0.10593 0.12816 -0.11921)
(-0.14043 0.15519 -0.15733)
(-0.16469 0.17635 -0.19335)
(-0.17088 0.17717 -0.20421)
(-0.17657 0.18329 -0.20602)
(-0.18559 0.18999 -0.23204)
(-0.19454 0.19639 -0.25658)
(-0.20077 0.20166 -0.27526)
(-0.20536 0.20403 -0.28906)
(-0.20566 0.20358 -0.28816)
(-0.19749 0.18934 -0.27042)
(-0.18356 0.16828 -0.24417)
(-0.17891 0.16190 -0.23698)
(-0.15176 0.12574 -0.20950)
(-0.13684 0.09742 -0.17853)
(-0.11720 0.07671 -0.16678)
(-0.10465 0.04521 -0.12726)
(-0.11336 0.07591 -0.16438)
(-0.07719 0.00145 -0.09077)
(-0.07267 -0.00620 -0.08561)
(-0.06632 -0.01947 -0.07565)
(-0.03373 -0.07952 -0.03216)
(-0.01707 -0.11496 -0.00355)
(-0.02065 -0.10748 -0.00914)
(-0.00521 -0.12832 -0.00050)
(0.01703 -0.15996 0.03056)
(0.01308 -0.14946 0.01870)
(0.02972 -0.17141 0.04021)
(0.03605 -0.17312 0.04820)
(0.04115 -0.18099 0.06826)
(0.05091 -0.17018 0.09985)
(0.05730 -0.17021 0.12308)
(0.05716 -0.16460 0.12369)
(0.05779 -0.15964 0.12645)
(0.04939 -0.12204 0.11503)
(0.04901 -0.11427 0.11615)
(0.04568 -0.10243 0.11562)
(0.02401 -0.04953 0.06402)
(0.00290 -0.00571 0.00783)
(0.01217 -0.02564 0.03548)
(0.00230 -0.00475 0.00676)
(-0.01872 0.05077 -0.06621)
(-0.02362 0.05562 -0.06795)
(-0.04529 0.07459 -0.08134)
(-0.08993 0.11453 -0.10538)
(-0.09742 0.12087 -0.11156)
(-0.09374 0.11783 -0.10995)
(-0.10233 0.12527 -0.11792)
(-0.13591 0.15448 -0.16518)
(-0.11714 0.13658 -0.13850)
(-0.14179 0.15713 -0.17887)
(-0.15839 0.17107 -0.20136)
(-0.18014 0.18434 -0.24193)
(-0.18039 0.18610 -0.25232)
(-0.19263 0.19831 -0.27203)
(-0.20586 0.20391 -0.28924)
(-0.20596 0.20324 -0.28821)
(-0.20616 0.20228 -0.28720)
(-0.20185 0.19358 -0.27742)
(-0.18556 0.17095 -0.24779)
(-0.18126 0.16505 -0.24103)
(-0.16155 0.14288 -0.22964)
(-0.13827 0.10841 -0.19359)
(-0.11927 0.08635 -0.17655)
(-0.11490 0.08010 -0.17046)
(-0.08929 0.02389 -0.11027)
(-0.07493 0.00039 -0.09095)
(-0.06852 -0.01320 -0.08062)
(-0.07083 -0.00668 -0.08589)
(-0.04518 -0.05163 -0.05596)
(-0.02990 -0.06835 -0.06082)
(-0.00388 -0.11641 -0.02700)
(0.00202 -0.12331 -0.02336)
(0.03212 -0.16828 0.03722)
(0.03528 -0.17131 0.04426)
(0.03852 -0.17544 0.05470)
(0.04643 -0.16846 0.08066)
(0.05633 -0.16923 0.12029)
(0.05627 -0.16407 0.12100)
(0.05698 -0.15921 0.12388)
(0.05265 -0.14700 0.12028)
(0.04625 -0.11735 0.11239)
(0.03878 -0.08766 0.10186)
(0.01070 -0.02329 0.02990)
(-0.00225 0.00466 -0.00623)
(0.00078 -0.00166 0.00219)
(0.03315 0.01336 0.00845)
(0.02734 0.01300 -0.01057)
(0.02703 0.00984 -0.01350)
(0.02526 0.01145 -0.03081)
(0.02160 0.01400 -0.03747)
(0.01674 0.02098 -0.04228)
(-0.00112 0.03453 -0.05270)
(-0.01352 0.04554 -0.06409)
(-0.01240 0.04462 -0.06498)
(-0.01739 0.04955 -0.06689)
(-0.02261 0.05461 -0.06864)
(-0.04036 0.07151 -0.08332)
(-0.07275 0.10031 -0.10119)
(-0.08072 0.10359 -0.10836)
(-0.10549 0.12699 -0.13376)
(-0.13361 0.15051 -0.17336)
(-0.15539 0.16676 -0.19938)
(-0.17334 0.18036 -0.24003)
(-0.17847 0.18369 -0.24806)
(-0.18802 0.19266 -0.26368)
(-0.19656 0.19622 -0.27429)
(-0.20652 0.20312 -0.28844)
(-0.20668 0.20207 -0.28732)
(-0.20471 0.19260 -0.27874)
(-0.18985 0.17675 -0.26178)
(-0.17578 0.16101 -0.25071)
(-0.16235 0.14573 -0.24088)
(-0.14725 0.12154 -0.20927)
(-0.12146 0.09100 -0.18287)
(-0.11655 0.08442 -0.17715)
(-0.10190 0.05513 -0.14744)
(-0.08339 0.02445 -0.11695)
(-0.08243 0.01869 -0.11043)
(-0.05683 -0.02390 -0.08305)
(-0.04276 -0.04389 -0.07403)
(-0.02686 -0.06570 -0.07080)
(-0.01304 -0.09192 -0.05238)
(-0.00050 -0.10763 -0.04795)
(0.00821 -0.12614 -0.02027)
(0.02224 -0.15370 0.01904)
(0.03328 -0.16830 0.03669)
(0.03599 -0.17081 0.04407)
(0.03778 -0.17358 0.05146)
(0.04272 -0.17186 0.06710)
(0.05345 -0.17011 0.11086)
(0.04437 -0.16047 0.09464)
(0.04956 -0.15660 0.11007)
(0.04328 -0.13463 0.11118)
(0.04529 -0.12195 0.10962)
(0.04356 -0.10903 0.10810)
(0.03979 -0.09768 0.10182)
(0.02742 -0.06393 0.07481)
(0.00578 -0.01280 0.01665)
(0.00213 0.00101 0.00121)
(0.00547 0.00219 0.00231)
(0.03054 0.01417 0.00464)
(0.02985 0.01312 -0.01135)
(0.02612 0.01486 -0.02353)
(0.02545 0.01400 -0.03007)
(0.01470 0.01734 -0.04441)
(0.00775 0.02274 -0.05245)
(-0.00010 0.02993 -0.05917)
(-0.00072 0.03057 -0.05874)
(-0.01790 0.04582 -0.07180)
(-0.03671 0.05904 -0.08349)
(-0.04056 0.06596 -0.08340)
(-0.05915 0.08419 -0.09356)
(-0.06729 0.09180 -0.09922)
(-0.10782 0.12402 -0.13053)
(-0.11543 0.13014 -0.13889)
(-0.13278 0.14972 -0.16611)
(-0.15317 0.16358 -0.19233)
(-0.16958 0.17709 -0.22487)
(-0.18508 0.18779 -0.22987)
(-0.19579 0.19611 -0.26214)
(-0.20522 0.20186 -0.26650)
(-0.21195 0.20638 -0.28431)
(-0.21857 0.20632 -0.28101)
(-0.21389 0.20133 -0.28036)
(-0.20276 0.18782 -0.27376)
(-0.19076 0.17447 -0.26418)
(-0.18391 0.15904 -0.25347)
(-0.15800 0.13307 -0.23086)
(-0.15007 0.12248 -0.22422)
(-0.14042 0.10922 -0.21137)
(-0.11236 0.07828 -0.17385)
(-0.09799 0.06039 -0.15602)
(-0.08782 0.04326 -0.14312)
(-0.06059 -0.00325 -0.10920)
(-0.04453 -0.03353 -0.08682)
(-0.03835 -0.04441 -0.07791)
(-0.01542 -0.08105 -0.06461)
(-0.00274 -0.10338 -0.03721)
(0.00910 -0.12280 -0.01142)
(0.02481 -0.14978 0.02400)
(0.03698 -0.16211 0.06664)
(0.02531 -0.14550 0.04648)
(0.04145 -0.16707 0.08202)
(0.03426 -0.14623 0.08803)
(0.03930 -0.14127 0.10748)
(0.03726 -0.12895 0.10916)
(0.04034 -0.11650 0.11065)
(0.03377 -0.10130 0.09932)
(0.02092 -0.06483 0.07537)
(0.01019 -0.03199 0.03815)
(0.00377 -0.01188 0.01441)
(0.00174 0.00083 0.00052)
(0.02467 0.01443 -0.00559)
(0.02738 0.01552 -0.01956)
(0.01850 0.01947 -0.03357)
(0.01751 0.01957 -0.03550)
(0.01561 0.01985 -0.03898)
(0.01094 0.01931 -0.05328)
(0.01063 0.02185 -0.04677)
(-0.00038 0.02844 -0.06161)
(-0.00813 0.03601 -0.07163)
(-0.02649 0.04605 -0.07845)
(-0.03651 0.05634 -0.08295)
(-0.05054 0.06977 -0.09060)
(-0.06054 0.08447 -0.09577)
(-0.07879 0.09668 -0.10723)
(-0.09851 0.11453 -0.12466)
(-0.12892 0.13311 -0.14930)
(-0.14189 0.15045 -0.16611)
(-0.16513 0.17138 -0.20499)
(-0.19788 0.19621 -0.22656)
(-0.20438 0.20092 -0.24711)
(-0.20900 0.20279 -0.25448)
(-0.21439 0.20563 -0.27382)
(-0.21751 0.20815 -0.26284)
(-0.22157 0.20875 -0.28060)
(-0.21731 0.20426 -0.27900)
(-0.20409 0.18814 -0.27453)
(-0.19804 0.17992 -0.27214)
(-0.19415 0.16510 -0.26606)
(-0.17860 0.15124 -0.25027)
(-0.19002 0.16005 -0.26393)
(-0.15281 0.12576 -0.23108)
(-0.14544 0.11646 -0.22857)
(-0.14529 0.10817 -0.21431)
(-0.12741 0.09499 -0.19822)
(-0.11127 0.07517 -0.17670)
(-0.09296 0.05790 -0.15681)
(-0.08005 0.04249 -0.15485)
(-0.07107 0.01486 -0.12767)
(-0.06169 0.00310 -0.12064)
(-0.04507 -0.01788 -0.10625)
(-0.02812 -0.05558 -0.07543)
(-0.03454 -0.03975 -0.08958)
(-0.02362 -0.05959 -0.06635)
(-0.01357 -0.07636 -0.05043)
(0.01234 -0.12365 0.00001)
(0.02355 -0.13633 0.03545)
(0.03243 -0.14963 0.07261)
(0.02621 -0.13664 0.05088)
(0.03405 -0.14758 0.08317)
(0.02499 -0.11975 0.09532)
(0.03185 -0.12623 0.09793)
(0.02509 -0.11344 0.09914)
(0.03191 -0.10959 0.10300)
(0.02897 -0.09899 0.09792)
(0.02417 -0.11135 0.09943)
(0.02205 -0.07689 0.07812)
(0.00343 -0.01510 0.01874)
(0.00053 0.00027 0.00004)
(0.01818 0.01227 -0.01056)
(0.01275 0.01593 -0.02760)
(0.01494 0.02098 -0.03968)
(0.01238 0.02137 -0.04366)
(0.01046 0.02260 -0.04478)
(0.00833 0.02308 -0.04798)
(-0.00742 0.03268 -0.06946)
(-0.02624 0.04783 -0.08372)
(-0.04703 0.05934 -0.08919)
(-0.05062 0.07059 -0.09396)
(-0.07546 0.08797 -0.10747)
(-0.08758 0.09579 -0.11623)
(-0.10615 0.11526 -0.13075)
(-0.14223 0.14204 -0.15466)
(-0.14681 0.14771 -0.16098)
(-0.15393 0.15311 -0.16641)
(-0.16376 0.16946 -0.19700)
(-0.20033 0.19756 -0.22340)
(-0.20356 0.20016 -0.23146)
(-0.20917 0.20410 -0.23893)
(-0.22080 0.20972 -0.25387)
(-0.22323 0.20787 -0.26471)
(-0.22305 0.20370 -0.27336)
(-0.21816 0.19939 -0.27749)
(-0.21193 0.18990 -0.26972)
(-0.19814 0.16740 -0.26900)
(-0.19510 0.16370 -0.26798)
(-0.18579 0.15607 -0.26313)
(-0.16248 0.13318 -0.24749)
(-0.14611 0.11764 -0.22666)
(-0.12541 0.09460 -0.20263)
(-0.11210 0.08091 -0.18633)
(-0.08570 0.05654 -0.17564)
(-0.07262 0.03705 -0.15235)
(-0.06804 0.03077 -0.14908)
(-0.04341 -0.01007 -0.11819)
(-0.02760 -0.04984 -0.07384)
(-0.02481 -0.05507 -0.06631)
(0.00893 -0.11040 -0.01372)
(-0.00202 -0.08619 -0.03445)
(0.01307 -0.12040 0.01702)
(0.01953 -0.11130 0.03343)
(0.02916 -0.13293 0.06300)
(0.02044 -0.11214 0.04206)
(0.02357 -0.12051 0.08401)
(0.02213 -0.11332 0.09535)
(0.02252 -0.11140 0.09759)
(0.02551 -0.09740 0.09278)
(0.01748 -0.06950 0.06989)
(0.01977 -0.10176 0.09202)
(0.00441 -0.02145 0.02416)
(0.00086 -0.00429 0.00486)
(-0.00072 -0.00045 -0.00013)
(0.00713 0.00815 -0.01172)
(0.00782 0.01428 -0.01700)
(0.01214 0.02264 -0.04176)
(0.00614 0.02444 -0.04773)
(-0.02119 0.04061 -0.07686)
(-0.03357 0.04958 -0.08405)
(-0.04820 0.05628 -0.08952)
(-0.08322 0.08606 -0.11492)
(-0.09134 0.09077 -0.11863)
(-0.09417 0.09415 -0.11952)
(-0.10974 0.11097 -0.13107)
(-0.14778 0.14359 -0.15655)
(-0.15054 0.14833 -0.16072)
(-0.15824 0.15463 -0.16593)
(-0.18889 0.18385 -0.19925)
(-0.20567 0.20168 -0.22665)
(-0.21707 0.20720 -0.22940)
(-0.23092 0.21546 -0.23865)
(-0.22686 0.21186 -0.25469)
(-0.23460 0.21243 -0.25939)
(-0.22440 0.20077 -0.27195)
(-0.22319 0.19815 -0.27298)
(-0.21382 0.18368 -0.27166)
(-0.20003 0.16686 -0.27057)
(-0.19196 0.16045 -0.26719)
(-0.17269 0.14678 -0.26246)
(-0.16092 0.13874 -0.25204)
(-0.13227 0.11402 -0.22161)
(-0.14745 0.13181 -0.24141)
(-0.12102 0.11291 -0.22427)
(-0.11034 0.09073 -0.20132)
(-0.08253 0.05629 -0.16788)
(-0.07754 0.04700 -0.16081)
(-0.07298 0.04130 -0.15667)
(-0.06923 0.03681 -0.15237)
(-0.04763 0.00488 -0.11703)
(-0.03202 -0.03966 -0.08017)
(-0.03033 -0.04301 -0.07277)
(-0.01516 -0.05563 -0.05513)
(-0.00013 -0.08417 -0.01610)
(-0.00542 -0.07285 -0.01939)
(0.01601 -0.10321 0.02799)
(0.01783 -0.10516 0.03669)
(0.02156 -0.11104 0.05823)
(0.01923 -0.10648 0.04352)
(0.02114 -0.11212 0.09349)
(0.02129 -0.11095 0.09567)
(0.02071 -0.11013 0.09337)
(0.01697 -0.09304 0.08291)
(0.00912 -0.05354 0.05113)
(0.00158 -0.00933 0.00961)
(-0.00088 0.00549 -0.00565)
(-0.00212 -0.00226 0.00101)
(0.00010 0.00108 -0.00090)
(0.00137 0.01350 -0.01414)
(0.00074 0.03096 -0.04791)
(-0.02170 0.04032 -0.06736)
(-0.01972 0.04008 -0.07011)
(-0.05090 0.05423 -0.09375)
(-0.04626 0.05302 -0.09288)
(-0.07068 0.06968 -0.10250)
(-0.08737 0.08632 -0.11708)
(-0.09547 0.09143 -0.12068)
(-0.09960 0.09567 -0.12254)
(-0.11945 0.10781 -0.13103)
(-0.12589 0.11638 -0.13619)
(-0.14632 0.13042 -0.14559)
(-0.15542 0.14948 -0.16134)
(-0.16298 0.15602 -0.16596)
(-0.17686 0.16918 -0.17874)
(-0.20463 0.19575 -0.19308)
(-0.21660 0.20756 -0.21539)
(-0.23327 0.21580 -0.21068)
(-0.22698 0.21508 -0.22427)
(-0.23138 0.21517 -0.23545)
(-0.23567 0.21636 -0.24346)
(-0.24537 0.22002 -0.24921)
(-0.22713 0.20289 -0.26920)
(-0.22565 0.19952 -0.27103)
(-0.22252 0.19314 -0.27225)
(-0.20764 0.17369 -0.27473)
(-0.19746 0.16425 -0.27009)
(-0.20270 0.16791 -0.27693)
(-0.18800 0.15915 -0.26835)
(-0.17704 0.15360 -0.27313)
(-0.16280 0.14335 -0.25491)
(-0.12590 0.11929 -0.23108)
(-0.12202 0.11672 -0.22670)
(-0.11139 0.10161 -0.20197)
(-0.08361 0.07285 -0.18083)
(-0.07791 0.05136 -0.16290)
(-0.07394 0.04644 -0.15645)
(-0.06164 0.03839 -0.13080)
(-0.04636 0.00285 -0.09774)
(-0.02879 -0.02282 -0.07179)
(-0.01415 -0.04213 -0.04789)
(0.00184 -0.07577 0.00613)
(-0.00985 -0.04675 -0.01197)
(0.01533 -0.09827 0.03111)
(0.01797 -0.10153 0.03880)
(0.01261 -0.09130 0.06241)
(0.01327 -0.09655 0.07324)
(0.01716 -0.09824 0.07917)
(0.01972 -0.10775 0.09344)
(0.00577 -0.03671 0.03565)
(0.00399 -0.03646 0.03603)
(0.00011 -0.00078 0.00076)
(-0.00045 -0.00480 0.00392)
(-0.00749 0.02696 -0.03013)
(-0.01549 0.03816 -0.05397)
(0.00045 -0.00449 0.00407)
(-0.00052 0.00634 -0.00579)
(-0.02958 0.04656 -0.06832)
(-0.03740 0.04617 -0.07772)
(-0.04285 0.04611 -0.08645)
(-0.06609 0.05998 -0.09428)
(-0.06798 0.06356 -0.10312)
(-0.08227 0.07230 -0.11192)
(-0.09156 0.08096 -0.11861)
(-0.09707 0.08095 -0.11831)
(-0.10494 0.08844 -0.12413)
(-0.10406 0.09693 -0.12454)
(-0.15379 0.11864 -0.14916)
(-0.16416 0.13831 -0.15378)
(-0.17158 0.14965 -0.16290)
(-0.19650 0.16073 -0.16735)
(-0.20743 0.17748 -0.18017)
(-0.21636 0.18842 -0.18607)
(-0.22683 0.20778 -0.19585)
(-0.23687 0.21803 -0.20461)
(-0.23574 0.21450 -0.21684)
(-0.25204 0.22244 -0.22910)
(-0.23863 0.21931 -0.23792)
(-0.24596 0.21771 -0.24698)
(-0.23507 0.20889 -0.26318)
(-0.22871 0.20034 -0.26703)
(-0.22458 0.19466 -0.27074)
(-0.21778 0.18293 -0.27459)
(-0.21432 0.17755 -0.27802)
(-0.19243 0.16424 -0.27667)
(-0.18066 0.15538 -0.27391)
(-0.16079 0.14874 -0.26481)
(-0.14680 0.14220 -0.25850)
(-0.14320 0.13433 -0.24424)
(-0.12675 0.12274 -0.23312)
(-0.11426 0.11322 -0.21284)
(-0.10060 0.10234 -0.19824)
(-0.08331 0.08996 -0.17807)
(-0.07831 0.06813 -0.17725)
(-0.06719 0.05570 -0.14928)
(-0.06777 0.05301 -0.11425)
(-0.05037 0.03204 -0.10323)
(-0.03329 -0.00259 -0.08411)
(-0.02328 -0.02122 -0.05402)
(-0.02714 -0.00587 -0.06590)
(-0.01118 -0.03817 -0.02169)
(0.00604 -0.07804 0.01700)
(-0.00327 -0.04788 -0.01028)
(0.00710 -0.06582 0.01496)
(0.01682 -0.09641 0.03313)
(0.01710 -0.09163 0.04918)
(0.01667 -0.09304 0.06462)
(0.01984 -0.09331 0.07182)
(0.01766 -0.09209 0.07674)
(0.00465 -0.03925 0.03837)
(-0.00030 0.00310 -0.00309)
(0.00046 -0.00428 0.00426)
(-0.00182 0.00377 -0.00405)
(-0.01696 0.02747 -0.03673)
(-0.04377 0.04421 -0.05748)
(-0.06803 0.06495 -0.08847)
(-0.07733 0.06808 -0.09579)
(-0.09079 0.07781 -0.11373)
(-0.11152 0.08428 -0.12173)
(-0.13726 0.10355 -0.13944)
(-0.16166 0.11249 -0.15313)
(-0.18378 0.14196 -0.16224)
(-0.19788 0.15329 -0.16844)
(-0.20979 0.17255 -0.17446)
(-0.24612 0.19713 -0.18878)
(-0.24198 0.20825 -0.19806)
(-0.26159 0.21949 -0.20549)
(-0.24762 0.21669 -0.21395)
(-0.26580 0.22790 -0.22603)
(-0.26390 0.22710 -0.22909)
(-0.26324 0.22477 -0.23132)
(-0.24490 0.21470 -0.24919)
(-0.25242 0.21479 -0.23802)
(-0.24166 0.20755 -0.25790)
(-0.22292 0.19224 -0.26543)
(-0.22064 0.18704 -0.26871)
(-0.21053 0.17588 -0.27231)
(-0.19883 0.17080 -0.27212)
(-0.19720 0.17080 -0.27931)
(-0.17460 0.15657 -0.27483)
(-0.16904 0.15229 -0.27117)
(-0.15762 0.14857 -0.26222)
(-0.13771 0.13750 -0.25172)
(-0.13606 0.13671 -0.24956)
(-0.11933 0.12428 -0.23469)
(-0.10680 0.11585 -0.21429)
(-0.09245 0.10693 -0.19391)
(-0.07575 0.08316 -0.16303)
(-0.06678 0.06521 -0.16026)
(-0.05814 0.05135 -0.12896)
(-0.05069 0.03841 -0.11144)
(-0.02885 0.01120 -0.07544)
(-0.02083 0.00437 -0.05525)
(-0.02002 -0.01229 -0.04454)
(-0.00380 -0.04399 -0.01425)
(0.00517 -0.05056 0.00122)
(0.00248 -0.05363 0.02653)
(0.01393 -0.08418 0.06037)
(0.00834 -0.07328 0.04913)
(0.02086 -0.09176 0.06684)
(0.02040 -0.09134 0.06759)
(0.01187 -0.06673 0.05405)
(0.00407 -0.02990 0.02692)
(-0.00022 0.00184 -0.00178)
(-0.00100 0.00982 -0.00985)
(-0.00490 0.00522 -0.00650)
(-0.02229 0.02320 -0.02946)
(-0.03313 0.03255 -0.04173)
(-0.07289 0.06810 -0.09091)
(-0.08292 0.07162 -0.09833)
(-0.10255 0.08159 -0.11378)
(-0.08099 0.07153 -0.09649)
(-0.13270 0.09915 -0.13188)
(-0.14143 0.10202 -0.13936)
(-0.15902 0.10944 -0.15145)
(-0.16543 0.11518 -0.15156)
(-0.16643 0.11500 -0.15508)
(-0.18876 0.13658 -0.16269)
(-0.21729 0.16021 -0.17344)
(-0.23260 0.18003 -0.18019)
(-0.26515 0.20662 -0.19601)
(-0.26612 0.21116 -0.19828)
(-0.27044 0.21408 -0.20051)
(-0.26324 0.21920 -0.21060)
(-0.26958 0.22731 -0.22644)
(-0.26659 0.22640 -0.22832)
(-0.26610 0.22430 -0.23038)
(-0.26343 0.22178 -0.23293)
(-0.24281 0.20639 -0.24991)
(-0.23891 0.20202 -0.25604)
(-0.21782 0.18497 -0.25912)
(-0.21115 0.17718 -0.26274)
(-0.20163 0.17020 -0.27030)
(-0.17607 0.15717 -0.27289)
(-0.17097 0.15503 -0.27223)
(-0.16574 0.15304 -0.27134)
(-0.13610 0.13726 -0.25333)
(-0.13204 0.13427 -0.24803)
(-0.11440 0.12453 -0.22795)
(-0.08962 0.10510 -0.19507)
(-0.07838 0.09674 -0.17715)
(-0.04904 0.06742 -0.14183)
(-0.05615 0.06480 -0.14040)
(-0.04469 0.06115 -0.13409)
(-0.04366 0.05226 -0.11952)
(-0.03694 0.03019 -0.08319)
(-0.02044 0.00743 -0.06037)
(-0.01595 0.00054 -0.05314)
(-0.01573 -0.00315 -0.04756)
(-0.01141 -0.00635 -0.04618)
(-0.00458 -0.02393 -0.02617)
(0.00727 -0.05183 0.01007)
(0.01865 -0.06617 0.01560)
(0.00683 -0.06427 0.03520)
(0.00722 -0.06881 0.04795)
(0.01259 -0.07555 0.05772)
(0.01399 -0.06081 0.04482)
(0.00759 -0.04427 0.03830)
(0.00135 -0.00752 0.00662)
(-0.00074 0.00478 -0.00448)
(-0.00860 0.00870 -0.01090)
(-0.00828 0.00807 -0.01011)
(-0.05304 0.04920 -0.06394)
(-0.08721 0.07538 -0.09990)
(-0.13073 0.09846 -0.13051)
(-0.15011 0.11395 -0.13552)
(-0.15152 0.11470 -0.13649)
(-0.18828 0.13196 -0.15574)
(-0.21338 0.15430 -0.16553)
(-0.22802 0.16764 -0.16722)
(-0.24162 0.18314 -0.18203)
(-0.26162 0.19967 -0.19275)
(-0.27034 0.21039 -0.19830)
(-0.27413 0.21270 -0.20017)
(-0.27388 0.21553 -0.20237)
(-0.27640 0.21706 -0.21397)
(-0.27006 0.22545 -0.22795)
(-0.26961 0.22326 -0.22954)
(-0.26211 0.21316 -0.23172)
(-0.24215 0.20052 -0.24171)
(-0.23256 0.19481 -0.24820)
(-0.20796 0.17268 -0.25187)
(-0.20405 0.17004 -0.25356)
(-0.20024 0.16760 -0.25461)
(-0.17482 0.15613 -0.27180)
(-0.18040 0.15691 -0.26348)
(-0.16993 0.15376 -0.27122)
(-0.16468 0.15136 -0.27070)
(-0.13525 0.13637 -0.25550)
(-0.12322 0.12669 -0.24345)
(-0.11724 0.12343 -0.23860)
(-0.12682 0.13099 -0.24428)
(-0.09246 0.10955 -0.21216)
(-0.08408 0.10280 -0.20699)
(-0.08363 0.09977 -0.19228)
(-0.04792 0.06827 -0.14597)
(-0.04372 0.06249 -0.13823)
(-0.03952 0.05682 -0.13115)
(-0.03005 0.04310 -0.11635)
(-0.01942 0.00938 -0.06414)
(-0.01572 0.00369 -0.05838)
(-0.01444 0.00872 -0.06769)
(-0.01196 -0.00264 -0.05155)
(0.00955 -0.04366 -0.00777)
(0.00621 -0.02862 -0.03214)
(0.01731 -0.05487 -0.00253)
(0.02080 -0.06882 0.02136)
(0.02096 -0.06203 0.00543)
(0.03363 -0.08503 0.03502)
(0.03115 -0.08314 0.03980)
(0.00593 -0.02772 0.02207)
(0.01079 -0.02930 0.01501)
(0.00096 -0.00465 0.00380)
(-0.04701 0.04209 -0.05438)
(-0.01183 0.01101 -0.01387)
(-0.06443 0.05309 -0.05883)
(-0.13877 0.10497 -0.13070)
(-0.17006 0.12758 -0.14185)
(-0.17194 0.12783 -0.14515)
(-0.20154 0.14437 -0.15707)
(-0.22113 0.16234 -0.16365)
(-0.22859 0.16750 -0.16620)
(-0.24346 0.17927 -0.17700)
(-0.26212 0.19205 -0.18525)
(-0.27577 0.21041 -0.19834)
(-0.28545 0.21868 -0.20631)
(-0.27407 0.21266 -0.21819)
(-0.27742 0.20435 -0.22002)
(-0.26147 0.20167 -0.22371)
(-0.24494 0.20112 -0.23740)
(-0.23930 0.19379 -0.24215)
(-0.21477 0.17545 -0.24825)
(-0.20436 0.16945 -0.25028)
(-0.19970 0.16649 -0.25159)
(-0.18270 0.15496 -0.25933)
(-0.16918 0.15246 -0.26967)
(-0.16494 0.14304 -0.25606)
(-0.15850 0.14143 -0.26118)
(-0.16418 0.14995 -0.26951)
(-0.14453 0.13655 -0.25815)
(-0.12470 0.12452 -0.25092)
(-0.10938 0.11685 -0.23740)
(-0.09278 0.10639 -0.21858)
(-0.07303 0.09483 -0.19764)
(-0.07628 0.09679 -0.19464)
(-0.06316 0.08894 -0.18408)
(-0.05311 0.07504 -0.16360)
(-0.04314 0.06366 -0.14239)
(-0.03905 0.05892 -0.13670)
(-0.03485 0.05401 -0.13134)
(-0.03454 0.05219 -0.12785)
(-0.01822 0.03016 -0.10602)
(-0.00213 -0.00106 -0.06970)
(-0.01165 0.00055 -0.05715)
(0.00812 -0.01688 -0.05390)
(0.01198 -0.03369 -0.03560)
(0.01696 -0.04965 -0.01186)
(0.02654 -0.05427 -0.00788)
(0.02849 -0.07418 0.02112)
(0.02785 -0.07108 0.03082)
(0.02553 -0.05995 0.01955)
(0.02162 -0.05543 0.02463)
(0.00597 -0.01544 0.00724)
(0.00194 -0.00528 0.00277)
(-0.00083 0.00073 -0.00077)
(-0.02246 0.01968 -0.02097)
(-0.00576 0.00461 -0.00498)
(-0.11047 0.08224 -0.09448)
(-0.19783 0.14385 -0.15235)
(-0.10069 0.07944 -0.07741)
(-0.18287 0.13592 -0.14330)
(-0.21284 0.15957 -0.15153)
(-0.22498 0.16499 -0.16378)
(-0.25575 0.18279 -0.17238)
(-0.24622 0.17658 -0.17144)
(-0.26608 0.18837 -0.17815)
(-0.27648 0.20013 -0.18751)
(-0.29254 0.20734 -0.19414)
(-0.28987 0.20679 -0.20196)
(-0.28473 0.19985 -0.20176)
(-0.28615 0.20168 -0.21559)
(-0.28663 0.20060 -0.21650)
(-0.26538 0.18674 -0.21794)
(-0.24567 0.18818 -0.22655)
(-0.25081 0.17782 -0.21979)
(-0.23825 0.18315 -0.23409)
(-0.22447 0.17457 -0.23913)
(-0.20887 0.16007 -0.23807)
(-0.19461 0.15880 -0.24499)
(-0.18427 0.15052 -0.24739)
(-0.16750 0.13617 -0.24168)
(-0.15691 0.12878 -0.24298)
(-0.13826 0.12027 -0.23910)
(-0.13603 0.12384 -0.24420)
(-0.11613 0.11772 -0.24679)
(-0.13211 0.11720 -0.23903)
(-0.10892 0.11313 -0.24874)
(-0.09890 0.10741 -0.22575)
(-0.07510 0.09519 -0.20326)
(-0.06595 0.09056 -0.19098)
(-0.04399 0.06809 -0.15884)
(-0.03985 0.06429 -0.15244)
(-0.02677 0.05003 -0.13026)
(-0.00816 0.03038 -0.11098)
(-0.00423 0.01545 -0.09781)
(0.00687 0.00033 -0.08053)
(0.01616 -0.00555 -0.08066)
(0.01294 -0.01187 -0.06451)
(0.02368 -0.03377 -0.03859)
(0.03172 -0.04649 -0.02846)
(0.02980 -0.05712 -0.01213)
(0.03048 -0.06245 0.00434)
(0.02982 -0.05367 0.00217)
(0.02605 -0.04919 0.00589)
(0.00843 -0.01629 0.00385)
(0.00577 -0.01280 0.00520)
(0.02850 -0.02421 0.02202)
(-0.00315 0.00260 -0.00247)
(-0.15971 0.11960 -0.11205)
(0.00225 -0.00184 0.00161)
(-0.05086 0.04123 -0.03649)
(-0.21966 0.16102 -0.14142)
(-0.24579 0.17847 -0.15905)
(-0.26180 0.18760 -0.16690)
(-0.24962 0.18108 -0.15812)
(-0.25227 0.18194 -0.16015)
(-0.27656 0.19274 -0.17835)
(-0.28660 0.19767 -0.18568)
(-0.28685 0.19755 -0.19355)
(-0.28085 0.18822 -0.19508)
(-0.27965 0.19441 -0.20558)
(-0.26962 0.18261 -0.19982)
(-0.25490 0.16406 -0.20430)
(-0.23616 0.14783 -0.20286)
(-0.23653 0.16143 -0.21731)
(-0.23034 0.14453 -0.20278)
(-0.21870 0.15996 -0.22515)
(-0.20774 0.15287 -0.22507)
(-0.19369 0.14192 -0.22722)
(-0.17975 0.13837 -0.23304)
(-0.16651 0.12874 -0.23173)
(-0.15681 0.12737 -0.23743)
(-0.14128 0.11579 -0.22833)
(-0.12900 0.10615 -0.22509)
(-0.10948 0.08875 -0.20532)
(-0.11240 0.10846 -0.23624)
(-0.09784 0.09987 -0.22006)
(-0.10127 0.08732 -0.20437)
(-0.08242 0.08322 -0.19502)
(-0.07422 0.08609 -0.19564)
(-0.06123 0.07554 -0.17744)
(-0.05833 0.06871 -0.17048)
(-0.05270 0.06538 -0.16388)
(-0.04487 0.06265 -0.15579)
(-0.03977 0.06388 -0.15280)
(-0.03112 0.05491 -0.14722)
(-0.01730 0.04325 -0.12602)
(-0.00939 0.03476 -0.11619)
(-0.00366 0.02620 -0.10798)
(0.00617 0.00623 -0.09226)
(0.01673 -0.00669 -0.07661)
(0.01743 -0.00838 -0.07730)
(0.03158 -0.03488 -0.05006)
(0.03226 -0.03658 -0.04547)
(0.04106 -0.05937 -0.01119)
(0.03891 -0.05442 -0.00969)
(0.02408 -0.03547 -0.00241)
(0.01205 -0.01932 0.00012)
(0.00453 -0.00825 0.00128)
(-0.00113 0.00225 -0.00076)
(-0.00449 0.00810 -0.00155)
(-0.00316 0.00629 -0.00216)
(0.02691 -0.02207 0.01922)
(-0.01328 0.00988 -0.00846)
(-0.11920 0.08800 -0.07639)
(0.03537 -0.02721 0.02313)
(-0.07919 0.05840 -0.04975)
(-0.20165 0.14732 -0.12734)
(-0.25939 0.18307 -0.16305)
(-0.18879 0.13696 -0.11768)
(-0.23981 0.17328 -0.14968)
(-0.26850 0.18356 -0.16976)
(-0.27494 0.18346 -0.17768)
(-0.25907 0.16491 -0.17672)
(-0.26980 0.17436 -0.18945)
(-0.25383 0.15744 -0.17724)
(-0.25552 0.16030 -0.19333)
(-0.23333 0.14152 -0.19848)
(-0.22844 0.13866 -0.19806)
(-0.22369 0.13605 -0.19800)
(-0.22539 0.14197 -0.20266)
(-0.21216 0.14718 -0.21714)
(-0.19472 0.13475 -0.21700)
(-0.18829 0.13490 -0.22568)
(-0.17424 0.12528 -0.22112)
(-0.15632 0.10856 -0.21307)
(-0.14633 0.10244 -0.21132)
(-0.12293 0.08758 -0.20166)
(-0.11315 0.07923 -0.18833)
(-0.10870 0.07753 -0.18662)
(-0.10112 0.07703 -0.18597)
(-0.05977 0.06767 -0.16836)
(-0.05521 0.06493 -0.16297)
(-0.05262 0.06152 -0.15651)
(-0.04851 0.06055 -0.15500)
(-0.03812 0.05397 -0.14286)
(-0.01443 0.03068 -0.11375)
(-0.00809 0.01826 -0.10096)
(0.00375 0.01229 -0.09716)
(0.00712 0.00667 -0.09303)
(0.01789 -0.01592 -0.07260)
(0.02434 -0.02069 -0.06660)
(0.02669 -0.02616 -0.06037)
(0.02933 -0.02747 -0.05945)
(0.03046 -0.03042 -0.03488)
(0.02169 -0.02982 -0.00506)
(0.01083 -0.01553 -0.00135)
(-0.00036 0.00054 0.00001)
(-0.00432 0.00628 0.00029)
(-0.00548 0.00823 0.00002)
(0.00067 -0.00050 0.00042)
(0.00832 -0.00623 0.00508)
(-0.05207 0.03820 -0.03229)
(-0.19714 0.13878 -0.11990)
(-0.07862 0.05676 -0.04606)
(-0.25502 0.17339 -0.15920)
(-0.26926 0.18024 -0.17198)
(-0.25571 0.16091 -0.17197)
(-0.25116 0.16289 -0.16291)
(-0.25129 0.15619 -0.17127)
(-0.25097 0.15512 -0.17275)
(-0.24604 0.14887 -0.17252)
(-0.22791 0.13215 -0.18014)
(-0.22507 0.13187 -0.19270)
(-0.22114 0.12984 -0.19294)
(-0.21650 0.12687 -0.19301)
(-0.21903 0.13328 -0.19766)
(-0.19023 0.11957 -0.19995)
(-0.17721 0.10472 -0.19204)
(-0.17153 0.10267 -0.19315)
(-0.15771 0.09114 -0.18688)
(-0.14051 0.08954 -0.19758)
(-0.13785 0.08821 -0.19748)
(-0.11500 0.07603 -0.18307)
(-0.11073 0.07435 -0.18069)
(-0.10849 0.06976 -0.17290)
(-0.10534 0.07081 -0.17443)
(-0.08704 0.06411 -0.16365)
(-0.05710 0.06372 -0.16048)
(-0.07412 0.05173 -0.14333)
(-0.05501 0.05984 -0.15295)
(-0.05020 0.05813 -0.15033)
(-0.02999 0.03527 -0.12003)
(-0.00971 0.01668 -0.09735)
(-0.00522 0.01384 -0.09567)
(-0.00324 0.01093 -0.09217)
(0.02963 -0.03309 -0.05511)
(0.03149 -0.03539 -0.05459)
(0.03154 -0.03664 -0.04814)
(0.01993 -0.02385 -0.02707)
(0.01155 -0.01409 -0.01338)
(0.00770 -0.00981 -0.00395)
(0.00061 -0.00086 -0.00009)
(-0.00377 0.00503 0.00098)
(-0.00456 0.00643 0.00058)
(-0.01808 0.01312 -0.01057)
(-0.04495 0.03135 -0.02715)
(-0.12313 0.08548 -0.07453)
(-0.04667 0.03151 -0.02946)
(-0.16251 0.10535 -0.10523)
(-0.22242 0.13830 -0.15046)
(-0.09145 0.05706 -0.06071)
(-0.14223 0.08700 -0.09736)
(-0.24312 0.14869 -0.16718)
(-0.24093 0.14432 -0.16829)
(-0.22738 0.12778 -0.17518)
(-0.22218 0.12252 -0.16690)
(-0.21448 0.11826 -0.17519)
(-0.21815 0.12530 -0.18939)
(-0.20032 0.10521 -0.16549)
(-0.18800 0.08947 -0.16215)
(-0.18308 0.09683 -0.17770)
(-0.17787 0.09687 -0.18080)
(-0.16403 0.07527 -0.16692)
(-0.16155 0.07813 -0.17032)
(-0.14991 0.07187 -0.16602)
(-0.14895 0.06810 -0.16198)
(-0.14655 0.06737 -0.16232)
(-0.14503 0.07003 -0.16776)
(-0.14032 0.07397 -0.17532)
(-0.12003 0.07158 -0.17685)
(-0.12594 0.05827 -0.15620)
(-0.11251 0.06875 -0.17178)
(-0.10754 0.06588 -0.16616)
(-0.09672 0.05631 -0.15097)
(-0.07289 0.03726 -0.12308)
(-0.05645 0.03914 -0.12325)
(-0.06731 0.02786 -0.10259)
(-0.05443 0.02524 -0.09543)
(-0.03108 0.01903 -0.09770)
(-0.02099 0.01181 -0.09142)
(-0.01059 0.00136 -0.06194)
(-0.00142 -0.00263 -0.04858)
(0.01151 -0.01118 -0.05336)
(0.02367 -0.02773 -0.03792)
(0.00506 -0.00722 -0.01391)
(0.00763 -0.00944 -0.01033)
(0.00614 -0.00763 -0.00726)
(-0.00132 0.00165 0.00135)
(-0.00915 0.00619 -0.00577)
(-0.02649 0.01702 -0.01738)
(-0.02695 0.01661 -0.01802)
(-0.01330 0.00779 -0.00914)
(-0.03024 0.01522 -0.02227)
(-0.14211 0.07686 -0.10536)
(-0.16117 0.08180 -0.12553)
(-0.04562 0.02052 -0.03495)
(-0.08232 0.03893 -0.06446)
(-0.11986 0.05885 -0.09904)
(-0.16903 0.07566 -0.14098)
(-0.10654 0.04703 -0.08813)
(-0.15641 0.06550 -0.13883)
(-0.16311 0.06779 -0.15881)
(-0.13365 0.05093 -0.12577)
(-0.15148 0.05513 -0.14331)
(-0.14695 0.05896 -0.15061)
(-0.14343 0.06080 -0.15416)
(-0.13180 0.04052 -0.13357)
(-0.12554 0.03889 -0.12839)
(-0.12152 0.04241 -0.13374)
(-0.11485 0.03593 -0.12024)
(-0.09307 0.01658 -0.08827)
(-0.11031 0.04721 -0.13768)
(-0.09870 0.03353 -0.11348)
(-0.05287 0.00783 -0.05358)
(-0.06618 0.02188 -0.08055)
(-0.04102 0.01373 -0.05233)
(-0.04019 0.01351 -0.06112)
(-0.01417 0.00423 -0.01786)
(-0.01428 0.00175 -0.02021)
(-0.00603 0.00013 -0.01315)
(-0.00298 -0.00321 -0.01814)
(0.00023 0.00017 0.00071)
(0.00057 -0.00165 -0.00375)
(0.00082 -0.00130 -0.00191)
(0.03381 -0.01765 0.02454)
(0.02825 -0.01268 0.02158)
(-0.02735 0.01152 -0.02077)
(0.02444 -0.01027 0.01848)
(0.00827 -0.00300 0.00646)
(-0.05781 0.02528 -0.04751)
(-0.05101 0.01722 -0.04232)
(0.00084 -0.00023 0.00066)
(0.00067 -0.00019 0.00057)
(-0.05009 0.01656 -0.04566)
(-0.08480 0.02628 -0.07734)
(-0.01806 0.00425 -0.01549)
(-0.04370 0.00668 -0.03679)
(-0.07375 0.01151 -0.06261)
(-0.02518 0.00342 -0.02078)
(-0.04329 0.00748 -0.03762)
(-0.04512 0.00417 -0.03621)
(-0.06023 0.00942 -0.05509)
(-0.00578 0.00032 -0.00428)
(-0.01046 0.00133 -0.00917)
(0.00115 -0.00000 0.00097)
(-0.03412 0.00439 -0.03374)
(-0.01763 0.00198 -0.01792)
(0.00819 0.00004 0.00728)
(0.00356 -0.00037 0.00403)
(0.00508 0.00074 0.00623)
(0.00330 0.00137 0.00678)
(-0.00543 0.00075 -0.00448)
(-0.00901 0.00116 -0.00737)
(-0.00767 0.00041 -0.00588)
(0.00317 -0.00005 0.00220)
)