/*--------------------------------*- C++ -*----------------------------------*\ 
| =========                 |                                                 | 
| \\      /  F ield         | OpenFOAM: The Open Source CFD Toolbox           | 
|  \\    /   O peration     | Version:  4.0                                   | 
|   \\  /    A nd           | Web:      www.OpenFOAM.org                      | 
|    \\/     M anipulation  |                                                 | 
\*---------------------------------------------------------------------------*/ 
FoamFile 
{ 
    version     2.0; 
    format      ascii; 
    class       vectorAverageField; 
    object      values; 
} 
// * * * * * * * * * * * * * * * * * * * * * * * * * * * * * * * * * * * * * // 
 
// Average 
(0 0 0) 
 
// Velocity data on points 
2447
(
(0.00513 -0.00124 -0.00111)
(-0.00281 0.00036 0.00063)
(-0.00757 -0.00042 0.00230)
(-0.00260 -0.00019 0.00044)
(0.00352 0.00047 -0.00088)
(-0.01759 -0.00197 0.00619)
(-0.00616 -0.00080 0.00165)
(-0.01208 -0.00463 0.00183)
(-0.00128 -0.00050 0.00016)
(0.00177 0.00069 -0.00015)
(-0.00767 -0.00300 0.00075)
(-0.00147 -0.00058 0.00006)
(0.00114 0.00044 0.00023)
(-0.00642 -0.00273 -0.00107)
(-0.00019 -0.00008 -0.00020)
(0.00054 0.00025 0.00068)
(-0.00185 -0.00091 -0.00243)
(-0.00010 -0.00004 -0.00017)
(0.00059 0.00057 0.00143)
(-0.00012 -0.00012 -0.00029)
(0.01341 -0.00613 -0.00143)
(-0.00285 0.00103 0.00050)
(0.00229 -0.00086 -0.00037)
(0.00092 -0.00030 -0.00021)
(-0.03868 0.01204 0.01152)
(-0.02930 0.00634 0.00792)
(-0.03213 0.00291 0.00964)
(-0.03209 -0.00151 0.01112)
(-0.05972 0.00173 0.02220)
(-0.05724 -0.00289 0.02051)
(-0.04387 -0.00495 0.01639)
(-0.02553 -0.00581 0.00628)
(-0.04409 -0.01005 0.01472)
(-0.02697 -0.01023 0.00480)
(-0.02085 -0.00821 0.00237)
(-0.01550 -0.00634 0.00061)
(-0.02849 -0.01121 0.00361)
(-0.02487 -0.01035 0.00084)
(-0.02065 -0.00954 -0.00481)
(-0.01290 -0.00569 -0.00245)
(-0.00821 -0.00369 -0.00489)
(-0.01997 -0.01342 -0.01825)
(-0.01844 -0.01231 -0.01726)
(-0.00815 -0.00566 -0.01225)
(-0.00498 -0.00332 -0.00899)
(-0.01125 -0.00784 -0.02117)
(-0.00318 -0.00315 -0.00826)
(-0.00096 -0.00163 -0.00260)
(-0.00762 -0.00792 -0.01894)
(-0.00054 -0.00190 -0.00189)
(0.00003 0.00043 0.00027)
(0.00783 -0.00334 -0.00097)
(-0.00336 0.00140 0.00050)
(-0.01168 0.00483 0.00181)
(-0.03142 0.01117 0.00683)
(-0.08071 0.02790 0.01860)
(-0.06283 0.02097 0.01496)
(-0.07738 0.02219 0.02500)
(-0.08272 0.01730 0.03011)
(-0.08046 0.01590 0.02685)
(-0.06774 0.00381 0.02687)
(-0.06337 -0.00529 0.02763)
(-0.05856 -0.01269 0.02648)
(-0.04932 -0.01315 0.01942)
(-0.03806 -0.01637 0.01114)
(-0.05179 -0.01414 0.02071)
(-0.04819 -0.01783 0.01851)
(-0.03680 -0.01648 0.00916)
(-0.02781 -0.01368 -0.00301)
(-0.03566 -0.02084 -0.00457)
(-0.02402 -0.01674 -0.01693)
(-0.02118 -0.01675 -0.02200)
(-0.01621 -0.01444 -0.02352)
(-0.02018 -0.01546 -0.02451)
(-0.01823 -0.01459 -0.03279)
(-0.01604 -0.01154 -0.03498)
(-0.01827 -0.01599 -0.03927)
(-0.01370 -0.01585 -0.03708)
(-0.00724 -0.01255 -0.02269)
(-0.00419 -0.01029 -0.01300)
(-0.01850 -0.02011 -0.03926)
(-0.01200 -0.01469 -0.02547)
(-0.00186 -0.01043 -0.00831)
(-0.00006 -0.00073 -0.00039)
(-0.00275 -0.00914 -0.00339)
(0.00092 0.00428 0.00084)
(0.00160 0.00835 0.00147)
(0.00045 -0.00020 -0.00004)
(-0.01358 0.00578 0.00154)
(-0.03767 0.01587 0.00518)
(-0.05934 0.02429 0.01016)
(-0.09779 0.03921 0.01682)
(-0.09158 0.03710 0.01597)
(-0.11428 0.04536 0.02244)
(-0.10546 0.03649 0.02634)
(-0.09904 0.03332 0.02386)
(-0.08880 0.02416 0.02802)
(-0.08665 0.01493 0.03642)
(-0.08807 0.01642 0.03529)
(-0.08200 0.01248 0.03464)
(-0.08111 0.00830 0.03534)
(-0.07965 0.00339 0.03850)
(-0.07385 -0.00671 0.03958)
(-0.07242 -0.00993 0.03939)
(-0.06714 -0.01603 0.03463)
(-0.05668 -0.01547 0.02427)
(-0.05325 -0.02662 0.01436)
(-0.04648 -0.02939 0.00521)
(-0.03965 -0.02890 -0.00624)
(-0.03099 -0.02174 -0.01533)
(-0.02298 -0.01829 -0.02333)
(-0.02345 -0.02301 -0.03534)
(-0.02165 -0.02526 -0.04757)
(-0.02778 -0.02622 -0.05702)
(-0.02424 -0.01786 -0.04410)
(-0.03086 -0.02036 -0.05450)
(-0.02035 -0.02040 -0.04132)
(-0.02255 -0.02248 -0.04289)
(-0.03079 -0.03260 -0.03888)
(-0.02909 -0.03349 -0.03538)
(-0.01466 -0.02682 -0.01822)
(-0.00211 -0.01001 -0.00223)
(-0.02338 -0.03742 -0.02466)
(-0.01071 -0.03324 -0.01149)
(-0.00091 -0.00544 -0.00082)
(-0.00027 -0.00208 -0.00005)
(0.00884 -0.00339 -0.00122)
(-0.01891 0.00776 0.00207)
(-0.04670 0.01985 0.00485)
(-0.08666 0.03561 0.01052)
(-0.10398 0.04163 0.01338)
(-0.10074 0.03561 0.01983)
(-0.10401 0.03603 0.02246)
(-0.10383 0.03687 0.02386)
(-0.09980 0.02997 0.02706)
(-0.08504 0.01356 0.03675)
(-0.08520 0.01280 0.03739)
(-0.08478 0.01113 0.03845)
(-0.08369 0.01021 0.03866)
(-0.08395 0.00842 0.03995)
(-0.08243 0.00418 0.03868)
(-0.07653 -0.00839 0.04213)
(-0.07506 -0.01033 0.04143)
(-0.07354 -0.01234 0.04040)
(-0.06642 -0.01785 0.03352)
(-0.06239 -0.03054 0.02182)
(-0.05466 -0.02951 0.01406)
(-0.04745 -0.03433 -0.00327)
(-0.04133 -0.04020 -0.01923)
(-0.03566 -0.03731 -0.02518)
(-0.03329 -0.03362 -0.03551)
(-0.02845 -0.02980 -0.05771)
(-0.02930 -0.02929 -0.05968)
(-0.03015 -0.02799 -0.06094)
(-0.03111 -0.02628 -0.06175)
(-0.02994 -0.02988 -0.05481)
(-0.03190 -0.03166 -0.04077)
(-0.03152 -0.03499 -0.03783)
(-0.03318 -0.03373 -0.04025)
(-0.02818 -0.03823 -0.03307)
(-0.01953 -0.04766 -0.01528)
(-0.02586 -0.04145 -0.02433)
(-0.01554 -0.04771 -0.00771)
(-0.00358 -0.02986 0.00284)
(-0.00035 -0.00335 0.00040)
(-0.00465 -0.06014 0.00930)
(-0.00078 -0.01539 0.00310)
(-0.00004 -0.00089 0.00018)
(-0.01071 0.00393 0.00190)
(-0.03197 0.01187 0.00563)
(-0.08357 0.03185 0.01564)
(-0.09843 0.03593 0.02010)
(-0.09348 0.02974 0.02662)
(-0.08832 0.02506 0.02795)
(-0.08651 0.02438 0.02821)
(-0.08416 0.02287 0.02871)
(-0.08254 0.02202 0.02894)
(-0.09009 0.02563 0.02958)
(-0.08450 0.01420 0.03617)
(-0.08175 0.01133 0.03722)
(-0.08185 0.00945 0.03850)
(-0.08239 0.00753 0.04001)
(-0.08312 0.00552 0.04155)
(-0.07977 -0.01030 0.04482)
(-0.07686 -0.01110 0.04350)
(-0.07191 -0.02126 0.04507)
(-0.07224 -0.02212 0.04384)
(-0.07594 -0.01421 0.04316)
(-0.07457 -0.01486 0.04149)
(-0.05487 -0.04111 0.02438)
(-0.05144 -0.05006 0.02807)
(-0.05837 -0.05165 0.02209)
(-0.05203 -0.04250 0.01644)
(-0.04259 -0.04688 -0.00130)
(-0.03624 -0.05711 -0.02067)
(-0.03311 -0.05693 -0.02680)
(-0.03101 -0.05677 -0.03192)
(-0.03661 -0.03394 -0.04579)
(-0.02952 -0.03295 -0.06268)
(-0.03075 -0.03154 -0.06391)
(-0.03272 -0.02942 -0.06486)
(-0.03775 -0.03160 -0.06478)
(-0.03352 -0.03225 -0.05799)
(-0.03696 -0.02218 -0.04716)
(-0.03366 -0.02988 -0.03644)
(-0.02904 -0.03247 -0.02636)
(-0.02431 -0.04903 -0.01924)
(-0.02002 -0.06274 -0.01036)
(-0.00701 -0.08533 0.01423)
(-0.00347 -0.05606 0.01067)
(-0.00340 -0.06893 0.01508)
(-0.00090 -0.02400 0.00558)
(-0.00026 -0.01158 0.00303)
(0.00563 -0.00198 -0.00119)
(-0.00126 0.00047 0.00020)
(-0.06500 0.02191 0.01605)
(-0.10045 0.03228 0.02530)
(-0.10147 0.03373 0.02667)
(-0.08084 0.02353 0.02786)
(-0.08042 0.02073 0.02951)
(-0.08043 0.02077 0.02941)
(-0.07674 0.01850 0.03009)
(-0.07867 0.01935 0.03216)
(-0.07132 0.00993 0.03687)
(-0.07923 0.00852 0.03820)
(-0.07578 0.00337 0.04012)
(-0.07913 0.00515 0.04036)
(-0.08122 0.00447 0.04159)
(-0.07905 -0.00684 0.04574)
(-0.07645 -0.00404 0.04568)
(-0.06353 -0.02382 0.04469)
(-0.06513 -0.02692 0.04569)
(-0.05124 -0.04067 0.03709)
(-0.05378 -0.04400 0.03535)
(-0.04918 -0.05799 0.02734)
(-0.05172 -0.06373 0.01493)
(-0.03407 -0.06557 -0.01127)
(-0.03189 -0.06203 -0.02532)
(-0.02921 -0.06178 -0.03202)
(-0.02740 -0.06107 -0.04849)
(-0.01975 -0.05003 -0.06616)
(-0.03047 -0.03910 -0.07038)
(-0.03200 -0.03352 -0.06804)
(-0.03641 -0.02819 -0.06756)
(-0.03700 -0.02947 -0.05968)
(-0.04165 -0.02702 -0.05901)
(-0.03658 -0.02310 -0.04285)
(-0.03180 -0.02488 -0.03375)
(-0.02820 -0.02885 -0.02823)
(-0.02304 -0.04275 -0.01822)
(-0.01721 -0.05099 -0.00486)
(-0.00696 -0.08092 0.01412)
(-0.00522 -0.08596 0.01770)
(-0.00096 -0.03653 0.00948)
(-0.00368 -0.08489 0.02006)
(-0.00226 -0.07054 0.01787)
(-0.00034 -0.02843 0.01053)
(0.00006 -0.00214 0.00114)
(0.01751 -0.00620 -0.00298)
(-0.00059 0.00021 0.00010)
(-0.03347 0.01124 0.00787)
(-0.06674 0.02218 0.01652)
(-0.09940 0.03170 0.03031)
(-0.09600 0.02997 0.02933)
(-0.08370 0.02571 0.02972)
(-0.08399 0.02331 0.02871)
(-0.07256 0.01833 0.03551)
(-0.06159 0.01401 0.03684)
(-0.06443 0.01500 0.03039)
(-0.05202 0.00821 0.03418)
(-0.05554 0.00480 0.03740)
(-0.05599 0.00074 0.03920)
(-0.05317 -0.00884 0.04000)
(-0.04411 -0.01970 0.03759)
(-0.05830 -0.02224 0.04351)
(-0.07111 -0.03193 0.05571)
(-0.05315 -0.04122 0.04325)
(-0.04466 -0.04847 0.03423)
(-0.03653 -0.05935 0.02922)
(-0.02321 -0.07321 0.01551)
(-0.01689 -0.07470 -0.00178)
(-0.00496 -0.08142 -0.01380)
(-0.02815 -0.06775 -0.02353)
(-0.02527 -0.06739 -0.03113)
(-0.01156 -0.06891 -0.04441)
(-0.00543 -0.06203 -0.05514)
(-0.00169 -0.06357 -0.07058)
(-0.01268 -0.04394 -0.06310)
(-0.01756 -0.03845 -0.06080)
(-0.03803 -0.02960 -0.06385)
(-0.03695 -0.02250 -0.04276)
(-0.02931 -0.02561 -0.02991)
(-0.01901 -0.03530 -0.01886)
(-0.01479 -0.04903 -0.00550)
(-0.00523 -0.05115 0.00828)
(-0.01160 -0.04695 -0.00311)
(-0.00216 -0.05448 0.01255)
(-0.00060 -0.06824 0.01745)
(-0.00287 -0.08700 0.03120)
(-0.00024 -0.06795 0.02645)
(0.00038 -0.05971 0.03266)
(0.00061 -0.01852 0.01001)
(0.00067 -0.00980 0.00612)
(0.00073 -0.00025 -0.00014)
(-0.02716 0.00937 0.00508)
(-0.08153 0.02600 0.02325)
(-0.08637 0.02860 0.02776)
(-0.08333 0.02445 0.03521)
(-0.05813 0.01545 0.04176)
(-0.07167 0.02007 0.03678)
(-0.07212 0.02105 0.03862)
(-0.05814 0.01472 0.03999)
(-0.05514 0.01271 0.04260)
(-0.05411 0.01193 0.04242)
(-0.03851 0.00542 0.04009)
(-0.03233 0.00276 0.04337)
(-0.03301 0.00217 0.04237)
(-0.03896 0.00145 0.04122)
(-0.03949 -0.00662 0.03629)
(-0.03365 -0.00515 0.04215)
(-0.02978 -0.00953 0.04226)
(-0.03582 -0.00991 0.03627)
(-0.03458 -0.01976 0.03448)
(-0.04093 -0.02248 0.03737)
(-0.04469 -0.03220 0.04238)
(-0.04511 -0.03768 0.04070)
(-0.02403 -0.05604 0.02821)
(0.00219 -0.06984 0.01486)
(0.00790 -0.07415 0.01066)
(0.01310 -0.08216 0.00553)
(0.00802 -0.08373 -0.01057)
(0.00646 -0.08233 -0.02702)
(0.01214 -0.07654 -0.04396)
(0.00180 -0.06807 -0.04999)
(0.00503 -0.06887 -0.07137)
(0.00269 -0.06367 -0.06552)
(0.00573 -0.04970 -0.05340)
(-0.01551 -0.03450 -0.05932)
(-0.00083 -0.03733 -0.04628)
(-0.01552 -0.03281 -0.04303)
(-0.01458 -0.03369 -0.03021)
(-0.01197 -0.03268 -0.02446)
(-0.00581 -0.03529 -0.01712)
(-0.01536 -0.03345 -0.01599)
(-0.01021 -0.03414 -0.00683)
(-0.00404 -0.04532 0.00622)
(0.00143 -0.04665 0.01141)
(0.00459 -0.05513 0.02474)
(0.00590 -0.07164 0.03505)
(0.00475 -0.07956 0.04884)
(-0.00053 -0.02931 0.01999)
(0.00008 0.00362 -0.00251)
(-0.00011 -0.05368 0.04092)
(-0.00825 0.00307 0.00139)
(-0.04529 0.01584 0.00955)
(-0.05079 0.01835 0.01076)
(-0.07341 0.02506 0.01793)
(-0.07801 0.02436 0.03238)
(-0.05963 0.01624 0.04154)
(-0.05196 0.01355 0.04369)
(-0.05315 0.01370 0.04317)
(-0.04873 0.01198 0.04475)
(-0.04259 0.00818 0.04670)
(-0.03011 0.00247 0.04541)
(-0.02905 0.00143 0.04503)
(-0.02489 -0.00285 0.04115)
(-0.01746 -0.01031 0.04036)
(-0.01362 -0.01452 0.03740)
(-0.01150 -0.02725 0.02969)
(-0.01954 -0.02441 0.03144)
(-0.00534 -0.04224 0.02743)
(0.00959 -0.04051 0.02195)
(-0.01213 -0.04529 0.02886)
(-0.00695 -0.05867 0.02049)
(0.00956 -0.07029 0.01210)
(0.01495 -0.07383 0.00839)
(0.02043 -0.07763 0.00461)
(0.02456 -0.08405 -0.00880)
(0.02305 -0.08579 -0.02332)
(0.05691 -0.08728 -0.02359)
(0.03439 -0.08321 -0.03055)
(0.03143 -0.07829 -0.03623)
(0.03959 -0.07342 -0.04922)
(0.03434 -0.06871 -0.04923)
(0.03406 -0.05502 -0.03909)
(0.02605 -0.05041 -0.03918)
(0.02923 -0.04924 -0.03427)
(0.00284 -0.03944 -0.03442)
(0.00607 -0.03798 -0.02328)
(-0.00434 -0.03494 -0.01879)
(0.00057 -0.03597 -0.01434)
(-0.00176 -0.03489 -0.01345)
(0.00860 -0.03987 -0.00054)
(0.00305 -0.03878 0.00945)
(0.00988 -0.05552 0.02599)
(0.01690 -0.04751 0.04222)
(0.00702 -0.05994 0.04356)
(0.01452 -0.05198 0.04732)
(0.00458 -0.06924 0.05097)
(-0.00414 -0.04863 0.04256)
(-0.00043 -0.00417 0.00377)
(0.00019 0.00147 -0.00139)
(0.00253 -0.00093 -0.00041)
(-0.00380 0.00140 0.00052)
(-0.02752 0.01000 0.00489)
(-0.07291 0.02603 0.01589)
(-0.07871 0.02650 0.02131)
(-0.08087 0.02879 0.01856)
(-0.06850 0.02167 0.03001)
(-0.05222 0.01374 0.04325)
(-0.04750 0.01188 0.04572)
(-0.04614 0.01165 0.04656)
(-0.04331 0.01048 0.04879)
(-0.02582 0.00145 0.05260)
(-0.01784 0.00293 0.05268)
(-0.02706 0.00148 0.04826)
(-0.01794 0.00000 0.04597)
(-0.00165 -0.00791 0.03971)
(0.00378 -0.01664 0.03634)
(-0.00100 -0.02182 0.03725)
(0.01553 -0.03946 0.02053)
(0.01147 -0.04361 0.02041)
(0.01817 -0.04267 0.01810)
(0.01447 -0.04672 0.01838)
(0.01802 -0.07066 0.00846)
(0.02249 -0.07319 0.00555)
(0.02683 -0.07577 0.00269)
(0.04103 -0.07761 -0.00465)
(0.06883 -0.08487 -0.01835)
(0.05803 -0.08568 -0.02864)
(0.08858 -0.08739 -0.03778)
(0.08667 -0.08408 -0.03786)
(0.08594 -0.08185 -0.03702)
(0.05565 -0.06409 -0.03417)
(0.03998 -0.05357 -0.03108)
(0.03369 -0.04901 -0.02920)
(0.03944 -0.04345 -0.01155)
(0.00486 -0.03724 -0.01435)
(0.01033 -0.03902 -0.00993)
(0.01699 -0.03992 -0.00131)
(0.02128 -0.04475 0.01820)
(0.02939 -0.04493 0.02454)
(0.01607 -0.04879 0.02367)
(0.02054 -0.04605 0.04351)
(0.01802 -0.04756 0.04480)
(0.01552 -0.04948 0.04732)
(0.01323 -0.05107 0.04954)
(-0.00068 -0.06021 0.06063)
(-0.00286 -0.02104 0.02026)
(-0.00131 -0.00806 0.00813)
(0.00132 0.00835 -0.00831)
(-0.00799 0.00290 0.00056)
(-0.02880 0.01055 0.00412)
(-0.05162 0.01874 0.00890)
(-0.04470 0.01631 0.00626)
(-0.07815 0.02799 0.01684)
(-0.07558 0.02668 0.02083)
(-0.04126 0.01052 0.04186)
(-0.04126 0.01023 0.03627)
(-0.04415 0.01115 0.04750)
(-0.04148 0.01024 0.05041)
(-0.01980 0.00495 0.05545)
(-0.00686 0.00059 0.06806)
(-0.01289 -0.00114 0.05681)
(-0.00067 -0.00430 0.06241)
(0.00073 -0.00660 0.04630)
(0.00985 -0.01118 0.03999)
(0.01247 -0.01439 0.04032)
(0.01626 -0.01878 0.03518)
(0.01654 -0.02961 0.02752)
(0.02362 -0.04122 0.01671)
(0.02182 -0.04616 0.01530)
(0.02739 -0.04487 0.01340)
(0.03939 -0.05531 0.00595)
(0.04542 -0.07046 -0.00273)
(0.04985 -0.06956 -0.01010)
(0.07186 -0.07399 -0.02186)
(0.07983 -0.07341 -0.02773)
(0.08221 -0.08507 -0.03435)
(0.08673 -0.08516 -0.03293)
(0.09433 -0.08401 -0.03516)
(0.09401 -0.08218 -0.03391)
(0.08457 -0.07012 -0.02716)
(0.05051 -0.05724 -0.02828)
(0.05549 -0.05790 -0.02396)
(0.04691 -0.05390 -0.02347)
(0.06776 -0.05805 -0.00073)
(0.05578 -0.04972 0.00105)
(0.06251 -0.05235 0.00613)
(0.04931 -0.04910 0.01444)
(0.07681 -0.06036 0.02794)
(0.05746 -0.05049 0.02244)
(0.04570 -0.04745 0.02417)
(0.06733 -0.05182 0.03587)
(0.03547 -0.04652 0.04053)
(0.02402 -0.04634 0.04599)
(0.02062 -0.04709 0.04682)
(0.01881 -0.04761 0.04884)
(0.01671 -0.04767 0.05078)
(0.01282 -0.04858 0.05162)
(0.00775 -0.05107 0.06807)
(-0.00488 -0.05779 0.06861)
(-0.00530 -0.02334 0.02756)
(0.00060 0.00315 -0.00334)
(0.00040 -0.00015 0.00002)
(-0.00537 0.00177 -0.00032)
(-0.03033 0.00977 -0.00090)
(-0.07142 0.02586 0.01209)
(-0.05818 0.01699 0.01553)
(-0.05217 0.01572 0.02399)
(-0.03308 0.00616 0.01784)
(-0.04214 0.01097 0.03608)
(-0.03140 0.00639 0.04550)
(-0.01337 0.00266 0.04908)
(-0.01137 0.00161 0.04937)
(-0.01257 0.00154 0.05133)
(-0.00396 0.00026 0.05427)
(-0.00123 0.00038 0.06466)
(-0.00395 -0.00051 0.07388)
(0.01037 -0.00478 0.06165)
(0.01521 -0.00988 0.04992)
(0.01767 -0.01507 0.04207)
(0.02136 -0.01713 0.03791)
(0.03611 -0.02462 0.02279)
(0.04426 -0.02895 0.01287)
(0.05162 -0.03913 -0.00208)
(0.04219 -0.04942 0.00132)
(0.05807 -0.03952 -0.01063)
(0.06668 -0.05685 -0.01705)
(0.07979 -0.06535 -0.02571)
(0.07329 -0.06346 -0.02637)
(0.07869 -0.06480 -0.03060)
(0.09187 -0.07318 -0.03170)
(0.09473 -0.06673 -0.04143)
(0.10734 -0.08097 -0.03178)
(0.09996 -0.08013 -0.03707)
(0.10173 -0.08341 -0.02776)
(0.10139 -0.07665 -0.02372)
(0.09462 -0.07583 -0.02100)
(0.11496 -0.08071 -0.00823)
(0.08700 -0.06846 0.00324)
(0.10770 -0.08041 0.01158)
(0.10203 -0.07262 0.02580)
(0.10499 -0.07408 0.02845)
(0.09599 -0.07844 0.04286)
(0.08461 -0.06426 0.04310)
(0.09329 -0.07164 0.05864)
(0.07022 -0.05914 0.05128)
(0.05560 -0.05331 0.04725)
(0.04183 -0.04913 0.05909)
(0.03773 -0.05165 0.07113)
(0.01793 -0.04840 0.06305)
(-0.00392 -0.04325 0.07866)
(-0.00676 -0.05262 0.08208)
(0.01155 -0.04418 0.07906)
(-0.01315 -0.04139 0.08383)
(-0.00807 -0.02714 0.04158)
(-0.00053 -0.00169 0.00242)
(0.00119 0.00368 -0.00539)
(-0.00241 0.00063 -0.00065)
(-0.01421 0.00445 -0.00101)
(-0.05318 0.01451 0.00281)
(-0.02848 0.00095 0.00290)
(-0.03031 0.00321 0.00821)
(-0.02160 -0.00078 0.02242)
(-0.01795 -0.00437 0.01296)
(-0.01314 -0.00066 0.03603)
(-0.01112 0.00199 0.05155)
(0.00261 0.00061 0.04970)
(0.00080 -0.00067 0.05336)
(0.00652 -0.00257 0.05979)
(0.00946 -0.00137 0.05700)
(0.01824 -0.00183 0.05326)
(0.03279 -0.00624 0.04128)
(0.03724 -0.00776 0.03555)
(0.03069 -0.01010 0.03573)
(0.04132 -0.01747 0.02685)
(0.04874 -0.02592 0.01648)
(0.05691 -0.02294 -0.00124)
(0.06437 -0.02172 -0.01730)
(0.07226 -0.04910 -0.01884)
(0.08388 -0.06041 -0.02697)
(0.07736 -0.04764 -0.03310)
(0.08291 -0.04214 -0.04766)
(0.08356 -0.04226 -0.04852)
(0.10218 -0.07012 -0.03761)
(0.10499 -0.07579 -0.03608)
(0.10394 -0.06977 -0.02861)
(0.10634 -0.07184 -0.02545)
(0.12422 -0.08239 -0.00758)
(0.13230 -0.08851 0.00188)
(0.11283 -0.08343 0.00702)
(0.12823 -0.09390 0.01449)
(0.11211 -0.07869 0.02521)
(0.11374 -0.08557 0.03062)
(0.12407 -0.09519 0.05491)
(0.11262 -0.08985 0.06658)
(0.11058 -0.08959 0.06999)
(0.09832 -0.07902 0.06928)
(0.06460 -0.05837 0.05780)
(0.08720 -0.07484 0.07431)
(0.06594 -0.06190 0.06915)
(0.04667 -0.05260 0.07259)
(0.03987 -0.05151 0.08200)
(0.01625 -0.04522 0.08013)
(0.00346 -0.04650 0.08690)
(-0.01506 -0.03888 0.08376)
(-0.00229 -0.04646 0.08801)
(-0.01386 -0.03189 0.05854)
(-0.00241 -0.00735 0.01096)
(-0.00087 -0.00332 0.00608)
(0.00397 -0.00099 0.00111)
(-0.01527 0.00376 -0.00425)
(-0.00150 0.00036 -0.00042)
(-0.01764 0.00383 -0.00521)
(-0.03435 0.00493 -0.00483)
(-0.02113 -0.00280 0.00718)
(-0.01733 -0.00505 0.00239)
(-0.01195 -0.00595 0.00829)
(-0.00397 -0.00665 0.01379)
(-0.00771 -0.00507 0.02317)
(0.00919 -0.00959 0.02259)
(0.00335 -0.00622 0.03422)
(0.00203 -0.00162 0.04338)
(0.01945 -0.00020 0.04533)
(0.02082 0.00062 0.04665)
(0.02016 -0.00124 0.05275)
(0.03271 -0.00417 0.04058)
(0.03763 -0.00572 0.03471)
(0.04070 -0.00814 0.03035)
(0.05216 -0.01671 0.01685)
(0.06098 -0.01376 -0.00305)
(0.05796 -0.00957 -0.01906)
(0.06148 -0.00217 -0.04383)
(0.06725 -0.02449 -0.02158)
(0.07132 -0.02718 -0.03497)
(0.08141 -0.03674 -0.04266)
(0.07861 -0.03671 -0.05005)
(0.07856 -0.03673 -0.05101)
(0.08489 -0.04334 -0.04920)
(0.10060 -0.06245 -0.03776)
(0.10198 -0.06858 -0.03113)
(0.10324 -0.07067 -0.02840)
(0.12047 -0.08188 -0.01883)
(0.12423 -0.09254 -0.00321)
(0.13918 -0.10319 0.01397)
(0.14439 -0.11451 0.02829)
(0.14437 -0.11495 0.03299)
(0.13935 -0.10594 0.03914)
(0.12949 -0.10016 0.05925)
(0.11731 -0.09507 0.06956)
(0.11481 -0.09462 0.07303)
(0.10885 -0.08899 0.07361)
(0.10207 -0.08331 0.07761)
(0.07795 -0.07087 0.08454)
(0.05129 -0.05608 0.08593)
(0.03930 -0.05302 0.08651)
(0.02855 -0.04818 0.08498)
(0.03222 -0.04989 0.09323)
(0.01480 -0.04836 0.09283)
(0.01446 -0.05056 0.09864)
(-0.00847 -0.03899 0.07467)
(-0.00170 -0.00787 0.01443)
(0.00362 -0.00082 0.00104)
(-0.00622 0.00126 -0.00186)
(-0.03281 0.00534 -0.01064)
(-0.02502 0.00340 -0.00837)
(-0.03072 0.00305 -0.01089)
(-0.00525 -0.01021 -0.00209)
(-0.00272 -0.01023 0.00168)
(0.00295 -0.00970 0.00358)
(0.02161 -0.01326 0.01258)
(0.02255 -0.01233 0.01445)
(0.01240 -0.00766 0.03650)
(0.02136 -0.00092 0.04156)
(0.02346 0.00016 0.04038)
(0.02528 0.00152 0.03923)
(0.02399 0.00134 0.04339)
(0.03203 0.00028 0.03382)
(0.03746 -0.00221 0.02931)
(0.03966 -0.00368 0.02891)
(0.03784 0.01034 -0.00153)
(0.04309 -0.00788 0.02551)
(0.05491 -0.00234 -0.01154)
(0.05507 -0.00165 -0.01536)
(0.05768 0.00392 -0.04511)
(0.06128 -0.00243 -0.04712)
(0.06034 -0.00160 -0.04997)
(0.07326 -0.03092 -0.05286)
(0.07248 -0.03086 -0.05394)
(0.07914 -0.03824 -0.05162)
(0.07956 -0.04028 -0.05230)
(0.08690 -0.05398 -0.04686)
(0.09941 -0.06910 -0.04132)
(0.11463 -0.08714 -0.01870)
(0.11442 -0.09154 -0.01881)
(0.13260 -0.10242 0.00186)
(0.14228 -0.11784 0.02703)
(0.14199 -0.12042 0.03152)
(0.14434 -0.11986 0.03689)
(0.13827 -0.12158 0.05273)
(0.12001 -0.10051 0.07248)
(0.11709 -0.10002 0.07582)
(0.11204 -0.09348 0.07705)
(0.11094 -0.09504 0.08932)
(0.08516 -0.07717 0.09150)
(0.08077 -0.07393 0.09028)
(0.07195 -0.06632 0.10375)
(0.05724 -0.05997 0.10124)
(0.05157 -0.05758 0.09995)
(0.05639 -0.05973 0.10230)
(0.05145 -0.05743 0.10108)
(0.04627 -0.05519 0.10016)
(0.02032 -0.05166 0.10033)
(-0.00711 -0.05144 0.09917)
(-0.00337 -0.04822 0.09112)
(-0.00186 -0.01251 0.02292)
(0.00068 0.00383 -0.00692)
(0.00129 -0.00024 0.00038)
(-0.00959 0.00147 -0.00297)
(-0.00293 -0.01042 -0.00924)
(-0.01271 -0.00827 -0.01218)
(0.00612 -0.02007 -0.01137)
(0.00349 -0.01731 -0.00826)
(0.01709 -0.01946 0.00018)
(0.02409 -0.01574 0.00834)
(0.02458 -0.01387 0.01051)
(0.02720 -0.01365 0.01965)
(0.02628 -0.00925 0.02233)
(0.02478 0.00000 0.03615)
(0.02634 0.00170 0.03489)
(0.02553 0.00693 0.02171)
(0.02713 0.00344 0.03717)
(0.03113 0.01611 0.01516)
(0.02936 0.01327 0.00603)
(0.03052 0.01916 -0.01175)
(0.04509 0.01899 -0.02074)
(0.05202 0.01044 -0.02050)
(0.04976 0.01118 -0.04059)
(0.05688 0.00425 -0.04902)
(0.05273 0.01038 -0.05119)
(0.05553 0.00464 -0.05243)
(0.05084 -0.00377 -0.05941)
(0.04812 -0.00535 -0.06922)
(0.07260 -0.03284 -0.05441)
(0.06766 -0.03495 -0.05815)
(0.06392 -0.04707 -0.05617)
(0.07164 -0.05523 -0.05295)
(0.10654 -0.08127 -0.03205)
(0.11262 -0.09119 -0.02738)
(0.12120 -0.10267 -0.00954)
(0.12669 -0.11483 0.01507)
(0.13774 -0.12313 0.02946)
(0.14157 -0.12319 0.03666)
(0.12967 -0.12914 0.05713)
(0.12484 -0.11617 0.07185)
(0.11944 -0.12094 0.08190)
(0.12192 -0.11138 0.09075)
(0.11296 -0.10508 0.10196)
(0.10114 -0.08710 0.10253)
(0.08032 -0.07686 0.10374)
(0.09278 -0.08393 0.11258)
(0.07879 -0.07427 0.10582)
(0.06137 -0.06230 0.10414)
(0.05430 -0.05850 0.10241)
(0.04793 -0.05602 0.10554)
(0.03099 -0.05590 0.10409)
(-0.00126 -0.05207 0.10014)
(0.00699 -0.05103 0.10001)
(-0.00120 -0.01728 0.03154)
(0.00009 0.00078 -0.00140)
(-0.00013 -0.00013 -0.00001)
(-0.00246 -0.00466 -0.00227)
(-0.00179 -0.00343 0.00023)
(0.00526 -0.01769 -0.00774)
(0.00858 -0.02083 -0.00880)
(0.01614 -0.02782 -0.01177)
(0.02642 -0.03214 -0.00807)
(0.03115 -0.02838 -0.00972)
(0.02691 -0.02435 0.00127)
(0.02656 -0.01562 0.00655)
(0.02686 -0.01426 0.00359)
(0.02633 -0.00727 0.00854)
(0.02719 0.00372 0.01665)
(0.02022 0.01223 -0.00145)
(0.02810 0.01815 0.00128)
(0.03092 0.02568 -0.00065)
(0.02313 0.03023 -0.01724)
(0.03410 0.02156 -0.02608)
(0.02116 0.03243 -0.03828)
(0.03423 0.02880 -0.04468)
(0.02285 0.03578 -0.06124)
(0.02225 0.03452 -0.07041)
(0.05111 0.01058 -0.05498)
(0.03652 0.00820 -0.07084)
(0.02212 0.01902 -0.08648)
(0.04827 -0.01054 -0.07183)
(0.04069 -0.01677 -0.07353)
(0.05167 -0.03578 -0.06513)
(0.04982 -0.04316 -0.06412)
(0.08332 -0.07581 -0.04270)
(0.07655 -0.08794 -0.03272)
(0.10578 -0.10791 -0.00802)
(0.09931 -0.11859 0.00173)
(0.09759 -0.13024 0.01134)
(0.11946 -0.13903 0.03877)
(0.11830 -0.14238 0.04953)
(0.12228 -0.14243 0.07698)
(0.12045 -0.14094 0.07867)
(0.11634 -0.11961 0.09554)
(0.11187 -0.11643 0.10158)
(0.10268 -0.09544 0.10575)
(0.09884 -0.09691 0.11271)
(0.07872 -0.07260 0.11262)
(0.07756 -0.07622 0.11273)
(0.05948 -0.06094 0.10388)
(0.08009 -0.07340 0.11661)
(0.05730 -0.06065 0.11037)
(0.04804 -0.06039 0.10755)
(0.05478 -0.06255 0.11001)
(0.03323 -0.05858 0.10784)
(0.01040 -0.02527 0.04423)
(0.00015 -0.00181 0.00312)
(-0.00038 -0.00064 0.00012)
(0.00389 -0.01062 -0.00151)
(0.01163 -0.02250 -0.00690)
(0.03358 -0.03621 -0.01114)
(0.03203 -0.03498 -0.01249)
(0.03212 -0.03125 -0.01155)
(0.03526 -0.02961 -0.01606)
(0.03349 -0.02789 -0.00909)
(0.03264 -0.02438 -0.01358)
(0.03156 -0.01416 -0.01080)
(0.02501 0.00252 -0.00409)
(0.01489 0.01388 -0.00902)
(0.01664 0.02184 -0.00966)
(0.00422 0.02629 -0.02221)
(0.02200 0.02585 -0.01103)
(0.00776 0.04036 -0.02996)
(-0.01603 0.05973 -0.07241)
(0.00679 0.04315 -0.06209)
(0.00285 0.05207 -0.07622)
(0.00529 0.04897 -0.07982)
(0.01018 0.04119 -0.08529)
(0.01203 0.03394 -0.08682)
(0.01298 0.02661 -0.08963)
(0.02176 0.01073 -0.08251)
(0.02611 -0.00593 -0.07923)
(0.01994 -0.01857 -0.08363)
(0.01952 -0.02771 -0.07789)
(0.04897 -0.06051 -0.05510)
(0.03934 -0.08656 -0.04083)
(0.07457 -0.10240 -0.02364)
(0.08209 -0.11969 -0.00698)
(0.08004 -0.13467 0.01632)
(0.10197 -0.14077 0.03314)
(0.09579 -0.14574 0.04668)
(0.11969 -0.14324 0.07624)
(0.11184 -0.14324 0.08456)
(0.11967 -0.13125 0.09684)
(0.10483 -0.13669 0.10986)
(0.10739 -0.11850 0.11148)
(0.10437 -0.10732 0.11651)
(0.10009 -0.09841 0.11282)
(0.09440 -0.08617 0.11742)
(0.10376 -0.09376 0.12479)
(0.09767 -0.08665 0.12468)
(0.08420 -0.07656 0.11770)
(0.06973 -0.06431 0.11438)
(0.06673 -0.06272 0.11202)
(0.05558 -0.06325 0.10972)
(0.02766 -0.04333 0.07630)
(0.00953 -0.02183 0.03771)
(0.00120 -0.00328 0.00562)
(-0.00003 0.00032 -0.00042)
(0.00031 -0.00138 0.00132)
(0.00906 -0.01129 0.00405)
(0.02400 -0.02827 -0.00129)
(0.03324 -0.03489 -0.00990)
(0.03729 -0.03736 -0.01344)
(0.03680 -0.03350 -0.01101)
(0.03894 -0.03776 -0.01601)
(0.03596 -0.02885 -0.01991)
(0.03384 -0.02621 -0.01788)
(0.03163 -0.02184 -0.01699)
(0.00754 0.00699 -0.03013)
(0.02305 0.00100 -0.01842)
(0.00371 0.01694 -0.02732)
(-0.02026 0.04553 -0.04812)
(-0.01118 0.04353 -0.04026)
(-0.02900 0.05644 -0.05999)
(-0.01153 0.04870 -0.05244)
(-0.02439 0.06449 -0.07886)
(-0.01945 0.06275 -0.07999)
(-0.02147 0.06528 -0.08607)
(-0.01877 0.06647 -0.09331)
(-0.00081 0.04598 -0.09384)
(-0.00676 0.04754 -0.10147)
(-0.01506 0.05166 -0.11716)
(-0.00826 0.03859 -0.11137)
(0.00403 0.02129 -0.09568)
(0.00511 0.00685 -0.09478)
(-0.00402 0.00056 -0.09718)
(-0.00382 -0.00463 -0.09528)
(0.03024 -0.04743 -0.06474)
(0.03171 -0.08292 -0.04437)
(0.04058 -0.09329 -0.03618)
(0.04807 -0.10623 -0.02787)
(0.05132 -0.12522 0.00460)
(0.07463 -0.14173 0.03020)
(0.06761 -0.15180 0.04907)
(0.09107 -0.15398 0.06079)
(0.08501 -0.14660 0.07564)
(0.10384 -0.14248 0.10589)
(0.10351 -0.14136 0.10929)
(0.10565 -0.13598 0.11258)
(0.10758 -0.13642 0.11470)
(0.10628 -0.10216 0.12138)
(0.10680 -0.09829 0.12583)
(0.09942 -0.08820 0.12501)
(0.10154 -0.09005 0.12765)
(0.09671 -0.08135 0.12289)
(0.08264 -0.07459 0.11831)
(0.08321 -0.07779 0.12159)
(0.08083 -0.07726 0.11927)
(0.06147 -0.06576 0.11302)
(0.03692 -0.04520 0.07533)
(0.00347 -0.00483 0.00799)
(0.00366 -0.00479 0.00794)
(0.00083 -0.00085 0.00201)
(0.01177 -0.01269 0.00792)
(0.03486 -0.03516 -0.00928)
(0.03591 -0.03603 -0.01115)
(0.03762 -0.03703 -0.01372)
(0.03900 -0.03722 -0.01689)
(0.03807 -0.02984 -0.02580)
(0.03102 -0.02256 -0.03109)
(0.03122 -0.02235 -0.02006)
(0.00193 0.00969 -0.03723)
(-0.00154 0.01871 -0.04072)
(-0.02835 0.05291 -0.05905)
(-0.03465 0.05847 -0.06365)
(-0.03463 0.06150 -0.06493)
(-0.04278 0.06726 -0.08010)
(-0.02808 0.06768 -0.08551)
(-0.03891 0.07370 -0.09165)
(-0.03047 0.06998 -0.09154)
(-0.04414 0.08053 -0.12023)
(-0.04283 0.08049 -0.13312)
(-0.03301 0.07507 -0.12435)
(-0.02763 0.06768 -0.12913)
(-0.03632 0.07230 -0.14603)
(-0.03618 0.06944 -0.14560)
(-0.01625 0.03411 -0.11334)
(-0.01034 0.00688 -0.10233)
(-0.01055 0.00202 -0.10027)
(-0.00508 -0.00888 -0.09372)
(0.00400 -0.04587 -0.07291)
(0.03178 -0.08881 -0.04059)
(0.02856 -0.09901 -0.02939)
(0.03549 -0.12188 -0.00440)
(0.05024 -0.13365 0.01566)
(0.05988 -0.15195 0.04643)
(0.06814 -0.15375 0.05524)
(0.06821 -0.15611 0.06007)
(0.10078 -0.14635 0.10626)
(0.10108 -0.14618 0.10899)
(0.10472 -0.14096 0.11217)
(0.10707 -0.14143 0.11498)
(0.11096 -0.12179 0.12174)
(0.11769 -0.11699 0.13028)
(0.11151 -0.10813 0.13332)
(0.11056 -0.10304 0.13116)
(0.09867 -0.08386 0.12697)
(0.09306 -0.08665 0.12460)
(0.08936 -0.08452 0.12342)
(0.06383 -0.06916 0.11524)
(0.04446 -0.05257 0.08740)
(0.02332 -0.02898 0.04809)
(0.04626 -0.05399 0.08975)
(0.00611 -0.00773 0.01287)
(0.00021 -0.00017 0.00056)
(0.00194 -0.00161 0.00413)
(0.00124 -0.00079 0.00288)
(0.00586 -0.00486 0.00944)
(0.01949 -0.01732 0.00603)
(0.02935 -0.02476 -0.00171)
(0.03681 -0.03594 -0.01118)
(0.03791 -0.03526 -0.01420)
(0.03784 -0.03669 -0.01397)
(0.03256 -0.02656 -0.02957)
(0.03327 -0.02834 -0.03271)
(0.03207 -0.02243 -0.03537)
(0.01222 -0.00216 -0.04604)
(-0.00179 0.01341 -0.04646)
(-0.01868 0.02885 -0.05575)
(-0.02827 0.04448 -0.05849)
(-0.04136 0.06206 -0.06712)
(-0.04123 0.06437 -0.06895)
(-0.05788 0.07769 -0.08223)
(-0.08949 0.10058 -0.12117)
(-0.04131 0.07592 -0.09709)
(-0.07116 0.09727 -0.14668)
(-0.07821 0.09996 -0.16322)
(-0.05353 0.08389 -0.14917)
(-0.04744 0.08101 -0.15555)
(-0.04190 0.07448 -0.15250)
(-0.03476 0.05487 -0.13541)
(-0.02902 0.02897 -0.12404)
(-0.01742 0.01032 -0.10660)
(-0.01208 -0.00384 -0.09761)
(-0.02181 -0.02863 -0.08325)
(0.00784 -0.07346 -0.04983)
(0.00435 -0.08815 -0.03438)
(0.00964 -0.10771 -0.02038)
(0.03434 -0.13433 0.01332)
(0.04693 -0.15149 0.04083)
(0.06142 -0.15414 0.05353)
(0.06278 -0.15761 0.06000)
(0.08067 -0.15500 0.08951)
(0.09720 -0.15913 0.10650)
(0.10286 -0.14601 0.11198)
(0.10636 -0.14985 0.11943)
(0.11509 -0.13938 0.12445)
(0.11314 -0.14057 0.13180)
(0.11896 -0.12229 0.13359)
(0.11668 -0.11610 0.13260)
(0.11526 -0.11018 0.13231)
(0.10712 -0.10132 0.12898)
(0.08171 -0.08051 0.12460)
(0.06707 -0.07107 0.11777)
(0.06567 -0.07167 0.11856)
(0.06205 -0.07072 0.11750)
(0.04034 -0.04756 0.07948)
(0.00620 -0.00822 0.01384)
(-0.00484 0.00658 -0.01114)
(0.00015 -0.00000 0.00038)
(0.00204 -0.00025 0.00453)
(0.01790 -0.01309 0.01080)
(0.01146 -0.00710 0.00943)
(0.02708 -0.01886 0.01036)
(0.02921 -0.02360 0.00091)
(0.03420 -0.03039 -0.00508)
(0.03953 -0.03289 -0.01881)
(0.03564 -0.02852 -0.02665)
(0.03187 -0.02326 -0.04072)
(0.03275 -0.02304 -0.04273)
(0.01291 -0.00498 -0.04612)
(-0.00688 0.01786 -0.05165)
(-0.03658 0.04441 -0.06252)
(-0.04728 0.05407 -0.06924)
(-0.06371 0.06881 -0.07524)
(-0.09033 0.09349 -0.09666)
(-0.04836 0.06850 -0.07252)
(-0.07771 0.08850 -0.09419)
(-0.11108 0.11454 -0.13358)
(-0.09520 0.10730 -0.13408)
(-0.09486 0.10700 -0.15642)
(-0.09691 0.11110 -0.16979)
(-0.07376 0.09676 -0.16585)
(-0.08252 0.10262 -0.17899)
(-0.08359 0.09638 -0.18244)
(-0.05776 0.07060 -0.15755)
(-0.05500 0.05461 -0.14500)
(-0.05476 0.05062 -0.14512)
(-0.04193 0.01300 -0.11297)
(-0.03242 -0.01845 -0.09008)
(-0.02339 -0.04338 -0.07323)
(-0.01467 -0.07438 -0.04760)
(-0.01082 -0.08808 -0.03651)
(0.01058 -0.12025 -0.00235)
(0.01224 -0.12585 0.01096)
(0.05497 -0.15364 0.05192)
(0.05172 -0.16228 0.06623)
(0.06403 -0.16948 0.08166)
(0.06753 -0.17188 0.09419)
(0.08587 -0.16732 0.10862)
(0.09266 -0.16399 0.11303)
(0.10953 -0.15478 0.12572)
(0.11443 -0.14748 0.13575)
(0.11450 -0.13139 0.13681)
(0.10987 -0.12807 0.14001)
(0.11154 -0.11300 0.13762)
(0.09277 -0.10288 0.13804)
(0.09186 -0.09740 0.13301)
(0.08662 -0.09676 0.14028)
(0.07681 -0.08212 0.13613)
(0.05972 -0.07063 0.11703)
(0.03600 -0.04338 0.07199)
(0.00980 -0.01224 0.02082)
(-0.00346 0.00481 -0.00851)
(0.00207 -0.00040 0.00298)
(0.01302 -0.00428 0.01493)
(0.02764 -0.01781 0.00857)
(0.03462 -0.02697 -0.00302)
(0.03764 -0.03226 -0.00940)
(0.03664 -0.02959 -0.01416)
(0.02923 -0.01931 -0.02914)
(0.03486 -0.02765 -0.02609)
(0.02764 -0.01791 -0.03745)
(0.01626 -0.00537 -0.04422)
(0.02514 -0.01557 -0.04439)
(0.00115 0.00878 -0.05141)
(-0.01542 0.02348 -0.05791)
(-0.03363 0.03973 -0.06462)
(-0.04203 0.04687 -0.06644)
(-0.05283 0.05826 -0.07132)
(-0.05936 0.06126 -0.07159)
(-0.07868 0.07908 -0.08210)
(-0.10896 0.09943 -0.10158)
(-0.10723 0.10708 -0.11967)
(-0.11914 0.11938 -0.13685)
(-0.12080 0.12350 -0.14224)
(-0.12034 0.12170 -0.17646)
(-0.13703 0.13199 -0.20741)
(-0.10003 0.11263 -0.19046)
(-0.09758 0.10966 -0.19197)
(-0.10048 0.10140 -0.19654)
(-0.08600 0.08996 -0.18222)
(-0.07534 0.07587 -0.16792)
(-0.06565 0.05868 -0.15447)
(-0.05257 0.02806 -0.12247)
(-0.04942 0.00763 -0.10909)
(-0.03586 -0.03237 -0.08152)
(-0.03479 -0.04872 -0.06431)
(-0.03656 -0.07019 -0.04438)
(-0.00301 -0.10751 -0.01324)
(0.00113 -0.12038 0.00986)
(0.01640 -0.14877 0.03748)
(0.02275 -0.15955 0.05789)
(0.04710 -0.16731 0.07206)
(0.06211 -0.17956 0.08973)
(0.06775 -0.17804 0.09556)
(0.08663 -0.17292 0.11169)
(0.08239 -0.18012 0.11467)
(0.10207 -0.15876 0.12522)
(0.11214 -0.14750 0.13711)
(0.09799 -0.15203 0.14518)
(0.09854 -0.14678 0.14621)
(0.09797 -0.13496 0.14631)
(0.09626 -0.14388 0.14821)
(0.09384 -0.11946 0.14477)
(0.08255 -0.09937 0.14355)
(0.07963 -0.09680 0.14172)
(0.06788 -0.08177 0.12885)
(0.01937 -0.02581 0.04153)
(0.00249 -0.00429 0.00694)
(-0.00095 0.00164 -0.00268)
(0.00039 -0.00006 0.00060)
(0.00657 -0.00142 0.00896)
(0.01897 -0.00633 0.02095)
(0.02713 -0.01562 0.01080)
(0.03204 -0.02134 -0.00288)
(0.03186 -0.02066 -0.00766)
(0.03273 -0.02221 -0.01716)
(0.02146 -0.00972 -0.03651)
(0.01974 -0.00783 -0.04022)
(0.01605 -0.00370 -0.04305)
(-0.00254 0.01188 -0.05406)
(-0.03572 0.04222 -0.06527)
(-0.04312 0.04817 -0.06705)
(-0.05288 0.05668 -0.06967)
(-0.09157 0.08848 -0.08985)
(-0.11103 0.10198 -0.10719)
(-0.12187 0.11071 -0.12524)
(-0.13969 0.12574 -0.15133)
(-0.13196 0.12522 -0.15525)
(-0.14603 0.13312 -0.16769)
(-0.13946 0.13187 -0.18976)
(-0.14277 0.13476 -0.21153)
(-0.13549 0.13141 -0.21312)
(-0.12901 0.12708 -0.21307)
(-0.11252 0.11299 -0.20943)
(-0.10021 0.09955 -0.19381)
(-0.08785 0.09029 -0.18481)
(-0.08771 0.07787 -0.17316)
(-0.06978 0.04399 -0.13458)
(-0.07296 0.03246 -0.12514)
(-0.05591 -0.00266 -0.10108)
(-0.04472 -0.04274 -0.06597)
(-0.04043 -0.06312 -0.04822)
(-0.03443 -0.07729 -0.03684)
(-0.01991 -0.09895 -0.01232)
(0.00688 -0.14699 0.03482)
(0.01479 -0.14709 0.03545)
(0.02092 -0.14340 0.04007)
(0.04498 -0.16668 0.07623)
(0.06368 -0.17879 0.09381)
(0.07001 -0.17813 0.09950)
(0.07178 -0.17799 0.10195)
(0.08341 -0.16539 0.11285)
(0.09161 -0.15585 0.13645)
(0.09427 -0.14864 0.14750)
(0.09780 -0.13677 0.14939)
(0.09123 -0.12349 0.14706)
(0.07953 -0.11781 0.14343)
(0.08048 -0.10716 0.14496)
(0.07467 -0.09765 0.14458)
(0.06587 -0.08439 0.12451)
(0.02044 -0.02797 0.04494)
(0.00146 -0.00200 0.00326)
(0.00024 0.00005 0.00033)
(0.00763 0.00103 0.00941)
(0.02128 -0.00594 0.01015)
(0.03073 -0.01479 0.00337)
(0.03062 -0.01639 0.00217)
(0.02982 -0.01564 -0.01128)
(0.02385 -0.00904 -0.01866)
(0.03056 -0.01697 -0.01483)
(0.02038 -0.00797 -0.03653)
(0.01816 -0.00577 -0.03997)
(0.01691 -0.00393 -0.03989)
(0.01401 -0.00112 -0.04302)
(0.01153 0.00116 -0.04553)
(-0.03499 0.04344 -0.06481)
(-0.04396 0.04955 -0.06747)
(-0.05315 0.05745 -0.07004)
(-0.09463 0.09171 -0.09644)
(-0.10814 0.10066 -0.10557)
(-0.12924 0.11781 -0.13830)
(-0.14826 0.13355 -0.16064)
(-0.15112 0.13537 -0.16907)
(-0.14492 0.13448 -0.19127)
(-0.14744 0.13703 -0.21552)
(-0.14169 0.13451 -0.21704)
(-0.14114 0.13479 -0.22155)
(-0.13409 0.12829 -0.22641)
(-0.10732 0.10476 -0.20004)
(-0.11337 0.10469 -0.19653)
(-0.09210 0.06980 -0.16562)
(-0.07191 0.02581 -0.11910)
(-0.06525 0.00121 -0.10155)
(-0.03837 -0.06981 -0.04194)
(-0.01227 -0.10888 0.00095)
(0.00016 -0.13023 0.01561)
(0.02398 -0.15243 0.05218)
(0.06542 -0.17761 0.09519)
(0.07263 -0.17914 0.10433)
(0.09178 -0.15340 0.14631)
(0.08722 -0.13530 0.14706)
(0.02379 -0.03403 0.05035)
(0.00150 0.00025 0.00207)
(0.01341 -0.00058 0.00920)
(0.02894 -0.00912 0.00227)
(0.02175 -0.00189 0.01285)
(0.02912 -0.00872 0.00050)
(0.03007 -0.01109 -0.00262)
(0.02320 -0.00503 -0.01784)
(0.01938 -0.00628 -0.03666)
(0.01582 -0.00219 -0.04009)
(0.01224 0.00124 -0.04318)
(0.00367 0.01095 -0.04995)
(-0.02893 0.04200 -0.06522)
(-0.04792 0.06033 -0.07015)
(-0.05227 0.05901 -0.07178)
(-0.09322 0.09377 -0.09228)
(-0.09302 0.08983 -0.09436)
(-0.11532 0.10612 -0.10727)
(-0.13782 0.12433 -0.13475)
(-0.13554 0.12397 -0.13052)
(-0.14795 0.13336 -0.16032)
(-0.15047 0.13515 -0.16991)
(-0.15456 0.13714 -0.18680)
(-0.15415 0.14103 -0.21919)
(-0.14847 0.13827 -0.22251)
(-0.14612 0.13748 -0.22453)
(-0.12895 0.12394 -0.22486)
(-0.00221 -0.00086 -0.00290)
(0.00659 0.00144 0.00650)
(0.02384 0.00212 0.01511)
(0.02768 -0.00310 0.01052)
(0.02788 -0.00672 -0.00014)
(0.02899 -0.00943 -0.00936)
(0.02278 -0.00386 -0.01911)
(0.02037 -0.00172 -0.02409)
(0.02065 -0.00154 -0.02385)
(0.01327 0.00195 -0.04034)
(0.00170 0.01443 -0.04818)
(-0.00943 0.02568 -0.05450)
(-0.03938 0.05468 -0.06752)
(-0.04337 0.05947 -0.06864)
(-0.06511 0.07435 -0.08259)
(-0.08727 0.09159 -0.09213)
(-0.11410 0.10753 -0.10878)
(-0.12694 0.11941 -0.13101)
(-0.14506 0.13268 -0.15971)
(-0.15640 0.14054 -0.19578)
(-0.16019 0.14568 -0.21979)
(-0.00229 -0.00087 -0.00263)
(0.00162 0.00060 0.00182)
(0.01176 0.00401 0.01152)
(0.02590 0.00149 0.00810)
(0.02592 0.00067 0.00427)
(0.02596 -0.00066 -0.00706)
(0.01969 0.00091 -0.02239)
(0.01193 0.00826 -0.03967)
(0.00424 0.01454 -0.04952)
(-0.01085 0.02922 -0.05638)
(-0.03443 0.04997 -0.06562)
(-0.04277 0.05733 -0.07028)
(-0.05914 0.06986 -0.08082)
(-0.08785 0.09476 -0.10025)
(-0.10202 0.10488 -0.10520)
(-0.11029 0.11160 -0.11776)
(-0.13525 0.12544 -0.14414)
(0.00057 0.00024 0.00058)
(0.01321 0.00371 0.00761)
(0.02039 0.00195 0.00703)
(0.02607 0.00204 0.00685)
(0.02572 0.00110 0.00174)
(0.02550 0.00142 -0.00035)
(0.02358 0.00222 -0.01604)
(0.01699 0.00709 -0.02962)
(0.00865 0.01302 -0.03857)
(0.00970 0.01415 -0.03879)
(-0.00519 0.02566 -0.05690)
(-0.01405 0.03380 -0.06142)
(-0.02279 0.04210 -0.06553)
(-0.02229 0.04221 -0.06926)
(-0.03932 0.05553 -0.07196)
(-0.06865 0.07908 -0.08567)
(0.00142 0.00079 0.00141)
(0.02050 0.00514 0.01110)
(0.02616 0.00232 0.00504)
(0.02844 0.00813 0.00364)
(0.02768 0.00340 -0.00294)
(0.02540 0.00463 -0.01267)
(0.02211 0.00420 -0.02832)
(0.01074 0.01357 -0.03798)
(-0.00866 0.02982 -0.06357)
(-0.01723 0.03754 -0.06749)
(-0.00033 -0.00017 -0.00023)
(0.00979 0.00406 0.00450)
(0.02136 0.00811 0.00374)
(-0.11095 0.10064 -0.19455)
(-0.07847 0.03908 -0.12982)
(-0.04489 -0.05551 -0.05307)
(-0.03475 -0.07768 -0.03279)
(0.01230 -0.13511 0.02832)
(0.05212 -0.17032 0.08016)
(0.06718 -0.17795 0.09801)
(0.08006 -0.16818 0.12045)
(0.08521 -0.14896 0.14105)
(0.07647 -0.12990 0.14786)
(0.07617 -0.11577 0.14280)
(0.06243 -0.09091 0.12763)
(0.06047 -0.08771 0.12468)
(0.05820 -0.08400 0.12135)
(0.00530 -0.00754 0.01128)
(-0.15048 0.13834 -0.23262)
(-0.12836 0.11766 -0.21681)
(-0.11505 0.10674 -0.20549)
(-0.11016 0.09071 -0.18252)
(-0.08888 0.05128 -0.14241)
(-0.07654 0.03186 -0.12343)
(-0.07238 0.01159 -0.10546)
(-0.06654 -0.01093 -0.08632)
(-0.04273 -0.06166 -0.04774)
(-0.04336 -0.05675 -0.04663)
(-0.01633 -0.10242 -0.00595)
(-0.00440 -0.12178 0.01057)
(0.00867 -0.12902 0.02135)
(0.01573 -0.13900 0.03053)
(0.02953 -0.15510 0.05282)
(0.06110 -0.17604 0.08952)
(0.06314 -0.17698 0.09301)
(0.06897 -0.17836 0.10200)
(0.07119 -0.17968 0.11878)
(0.08121 -0.16428 0.14062)
(0.07475 -0.15625 0.14036)
(0.07791 -0.14460 0.14281)
(0.07332 -0.13578 0.14181)
(0.06449 -0.10927 0.13463)
(0.06035 -0.09041 0.12466)
(0.05763 -0.08461 0.11942)
(0.02172 -0.03123 0.04510)
(0.00215 -0.00306 0.00446)
(-0.16403 0.14727 -0.24097)
(-0.16172 0.14559 -0.24389)
(-0.16151 0.14594 -0.24470)
(-0.15516 0.14271 -0.24175)
(-0.14445 0.13097 -0.23226)
(-0.13946 0.12311 -0.21211)
(-0.12100 0.10224 -0.18652)
(-0.11332 0.08178 -0.16779)
(-0.08150 0.03862 -0.12846)
(-0.10327 0.06000 -0.14536)
(-0.07984 0.02554 -0.11565)
(-0.07462 0.00615 -0.09346)
(-0.05437 -0.03352 -0.06419)
(-0.04737 -0.04841 -0.05328)
(-0.02945 -0.08027 -0.02492)
(-0.01863 -0.09588 -0.00964)
(-0.01005 -0.10358 -0.00345)
(0.01457 -0.13810 0.02720)
(0.02448 -0.14977 0.03565)
(0.04249 -0.16169 0.06073)
(0.05022 -0.17046 0.06941)
(0.05929 -0.18124 0.09759)
(0.06437 -0.18816 0.11739)
(0.06530 -0.17701 0.11781)
(0.07379 -0.16141 0.13334)
(0.07633 -0.14820 0.14012)
(0.06867 -0.14922 0.13374)
(0.06790 -0.13087 0.13756)
(0.06617 -0.12074 0.13355)
(0.06486 -0.12032 0.12804)
(0.06062 -0.09483 0.12613)
(0.05654 -0.08407 0.11527)
(0.02802 -0.03996 0.05567)
(0.00600 -0.00873 0.01219)
(-0.00231 0.00332 -0.00465)
(-0.14563 0.13543 -0.17224)
(-0.15622 0.14092 -0.19825)
(-0.16059 0.14459 -0.21724)
(-0.16549 0.14853 -0.23684)
(-0.16792 0.14836 -0.24524)
(-0.16722 0.15098 -0.25284)
(-0.15871 0.14272 -0.24164)
(-0.15535 0.13815 -0.23432)
(-0.15104 0.12635 -0.21266)
(-0.14581 0.11903 -0.20222)
(-0.12673 0.09725 -0.18156)
(-0.11542 0.07208 -0.15879)
(-0.08835 0.04235 -0.13344)
(-0.08785 0.03394 -0.12264)
(-0.07243 0.00272 -0.09090)
(-0.05337 -0.02269 -0.07062)
(-0.04780 -0.03320 -0.06524)
(-0.03270 -0.07072 -0.03041)
(-0.02515 -0.07863 -0.02523)
(-0.00648 -0.10841 -0.00283)
(0.00495 -0.12288 0.00827)
(0.01845 -0.13587 0.01770)
(0.03108 -0.15251 0.03837)
(0.04353 -0.16586 0.06015)
(0.05403 -0.17418 0.07963)
(0.04883 -0.16845 0.07239)
(0.05892 -0.17406 0.09541)
(0.05993 -0.16610 0.11118)
(0.06843 -0.16572 0.12461)
(0.06379 -0.15380 0.12368)
(0.06668 -0.14110 0.13207)
(0.06405 -0.11112 0.12625)
(0.05999 -0.12098 0.12065)
(0.05911 -0.09993 0.11757)
(0.05131 -0.08405 0.10189)
(0.00595 -0.00849 0.01105)
(-0.00512 0.00705 -0.00929)
(0.03849 -0.06491 0.07774)
(-0.08559 0.09320 -0.10026)
(-0.09293 0.09865 -0.10539)
(-0.09691 0.10189 -0.11090)
(-0.12426 0.12017 -0.14119)
(-0.14316 0.13444 -0.17126)
(-0.14825 0.13373 -0.18058)
(-0.15184 0.13798 -0.18065)
(-0.15861 0.14204 -0.20379)
(-0.16466 0.14593 -0.22528)
(-0.16761 0.14895 -0.24086)
(-0.17047 0.15072 -0.25243)
(-0.16984 0.15033 -0.25084)
(-0.16161 0.13901 -0.23238)
(-0.14802 0.12160 -0.20610)
(-0.14432 0.11641 -0.19936)
(-0.12033 0.08408 -0.17482)
(-0.10643 0.05906 -0.14711)
(-0.08885 0.03975 -0.13798)
(-0.07904 0.01441 -0.10440)
(-0.08540 0.03935 -0.13641)
(-0.05411 -0.02087 -0.07459)
(-0.04997 -0.02682 -0.07032)
(-0.04443 -0.03712 -0.06213)
(-0.01572 -0.08508 -0.02430)
(-0.00181 -0.11436 0.00126)
(-0.00484 -0.10785 -0.00390)
(0.00928 -0.12442 0.00429)
(0.02866 -0.15132 0.03352)
(0.02537 -0.14187 0.02276)
(0.04031 -0.16080 0.04343)
(0.04647 -0.16206 0.05166)
(0.05043 -0.16941 0.07055)
(0.05816 -0.15873 0.09920)
(0.06318 -0.15856 0.12063)
(0.06328 -0.15338 0.12095)
(0.06381 -0.14877 0.12313)
(0.05793 -0.11549 0.10953)
(0.05752 -0.10862 0.10968)
(0.05465 -0.09832 0.10752)
(0.03016 -0.04845 0.05866)
(0.00370 -0.00565 0.00711)
(0.01665 -0.02577 0.03192)
(0.00318 -0.00480 0.00605)
(-0.02082 0.04094 -0.06971)
(-0.02541 0.04507 -0.07114)
(-0.04414 0.05986 -0.08145)
(-0.08356 0.09176 -0.10003)
(-0.08980 0.09646 -0.10484)
(-0.08675 0.09426 -0.10385)
(-0.09394 0.09979 -0.11020)
(-0.12032 0.11986 -0.14959)
(-0.10645 0.10779 -0.12779)
(-0.12549 0.12103 -0.16197)
(-0.13882 0.13046 -0.18071)
(-0.15554 0.13843 -0.21523)
(-0.15556 0.13964 -0.22532)
(-0.16177 0.14741 -0.24021)
(-0.17147 0.15084 -0.25286)
(-0.17093 0.15037 -0.25123)
(-0.17118 0.14991 -0.24992)
(-0.16765 0.14341 -0.23987)
(-0.15025 0.12406 -0.20959)
(-0.14670 0.11920 -0.20323)
(-0.12893 0.09874 -0.19210)
(-0.10729 0.06809 -0.16046)
(-0.09077 0.04833 -0.14664)
(-0.08655 0.04269 -0.14154)
(-0.06526 -0.00155 -0.09080)
(-0.05178 -0.02146 -0.07476)
(-0.04621 -0.03194 -0.06630)
(-0.04809 -0.02668 -0.07066)
(-0.02491 -0.06206 -0.04525)
(-0.01185 -0.07432 -0.04913)
(0.01045 -0.11367 -0.01845)
(0.01665 -0.11855 -0.01560)
(0.04333 -0.15766 0.04114)
(0.04598 -0.16032 0.04807)
(0.04859 -0.16410 0.05804)
(0.05521 -0.15732 0.08187)
(0.06268 -0.15771 0.11820)
(0.06283 -0.15296 0.11861)
(0.06341 -0.14849 0.12089)
(0.06033 -0.13766 0.11651)
(0.05551 -0.11157 0.10638)
(0.04908 -0.08550 0.09377)
(0.01477 -0.02346 0.02690)
(-0.00313 0.00474 -0.00557)
(0.00108 -0.00168 0.00196)
(0.03136 0.01095 0.00081)
(0.02561 0.00999 -0.01710)
(0.02523 0.00706 -0.02068)
(0.02219 0.00797 -0.03728)
(0.01824 0.00983 -0.04372)
(0.01340 0.01598 -0.04762)
(-0.00418 0.02734 -0.05747)
(-0.01597 0.03650 -0.06794)
(-0.01482 0.03566 -0.06878)
(-0.01948 0.03985 -0.07036)
(-0.02436 0.04417 -0.07179)
(-0.04011 0.05784 -0.08413)
(-0.06860 0.08073 -0.09792)
(-0.07592 0.08264 -0.10365)
(-0.09695 0.10063 -0.12484)
(-0.11964 0.11701 -0.15833)
(-0.13786 0.12825 -0.17958)
(-0.15063 0.13627 -0.21509)
(-0.15449 0.13821 -0.22181)
(-0.16009 0.14392 -0.23409)
(-0.16660 0.14623 -0.24207)
(-0.17206 0.15052 -0.25176)
(-0.17225 0.15000 -0.25028)
(-0.17025 0.14180 -0.24118)
(-0.15576 0.12883 -0.22359)
(-0.14251 0.11446 -0.21240)
(-0.13020 0.10039 -0.20293)
(-0.11680 0.08007 -0.17497)
(-0.09259 0.05214 -0.15198)
(-0.08775 0.04606 -0.14722)
(-0.07502 0.02240 -0.12225)
(-0.05818 -0.00233 -0.09676)
(-0.05597 -0.00715 -0.09141)
(-0.03567 -0.03917 -0.06840)
(-0.02096 -0.05461 -0.06096)
(-0.00706 -0.07261 -0.05728)
(0.00327 -0.09240 -0.04156)
(0.01479 -0.10474 -0.03719)
(0.02323 -0.12212 -0.01174)
(0.03467 -0.14493 0.02376)
(0.04441 -0.15752 0.04093)
(0.04677 -0.15972 0.04816)
(0.04817 -0.16232 0.05512)
(0.05277 -0.16062 0.07003)
(0.06116 -0.15887 0.11005)
(0.05289 -0.14997 0.09537)
(0.05794 -0.14679 0.10798)
(0.05183 -0.12581 0.10821)
(0.05533 -0.11586 0.10456)
(0.05383 -0.10453 0.10171)
(0.05017 -0.09437 0.09488)
(0.03669 -0.06320 0.06835)
(0.00805 -0.01292 0.01494)
(0.00206 0.00083 0.00074)
(0.00522 0.00182 0.00114)
(0.02905 0.01155 -0.00207)
(0.02757 0.01055 -0.01844)
(0.02285 0.01195 -0.03016)
(0.02212 0.01044 -0.03692)
(0.01215 0.01239 -0.04976)
(0.00513 0.01682 -0.05749)
(-0.00210 0.02279 -0.06348)
(-0.00283 0.02339 -0.06311)
(-0.01946 0.03639 -0.07465)
(-0.03664 0.04660 -0.08409)
(-0.04045 0.05259 -0.08395)
(-0.05741 0.06767 -0.09214)
(-0.06474 0.07413 -0.09702)
(-0.10012 0.09801 -0.12143)
(-0.10671 0.10246 -0.12829)
(-0.12011 0.11708 -0.15144)
(-0.13797 0.12711 -0.17351)
(-0.14938 0.13479 -0.20154)
(-0.16422 0.14413 -0.20415)
(-0.16965 0.14810 -0.23250)
(-0.17668 0.15258 -0.23459)
(-0.17918 0.15432 -0.24861)
(-0.18485 0.15443 -0.24492)
(-0.18041 0.14926 -0.24367)
(-0.16937 0.13919 -0.23519)
(-0.15738 0.12609 -0.22610)
(-0.14936 0.11080 -0.21580)
(-0.12567 0.08826 -0.19479)
(-0.11671 0.07723 -0.18880)
(-0.10673 0.06473 -0.17721)
(-0.08140 0.03885 -0.14465)
(-0.06896 0.02555 -0.12888)
(-0.05942 0.01093 -0.11794)
(-0.03642 -0.02396 -0.08950)
(-0.02227 -0.04658 -0.07114)
(-0.01636 -0.05643 -0.06346)
(0.00422 -0.08558 -0.05123)
(0.01380 -0.10354 -0.02693)
(0.02390 -0.12002 -0.00292)
(0.03726 -0.14234 0.02958)
(0.04679 -0.15165 0.06959)
(0.03641 -0.13813 0.05107)
(0.05210 -0.15608 0.08506)
(0.04349 -0.13659 0.08875)
(0.04729 -0.13197 0.10580)
(0.04551 -0.12063 0.10652)
(0.04952 -0.11006 0.10545)
(0.04390 -0.09672 0.09372)
(0.02711 -0.06216 0.07018)
(0.01337 -0.03077 0.03538)
(0.00499 -0.01145 0.01333)
(0.00166 0.00072 0.00020)
(0.02267 0.01212 -0.01040)
(0.02442 0.01269 -0.02612)
(0.01606 0.01580 -0.03910)
(0.01507 0.01575 -0.04097)
(0.01315 0.01578 -0.04437)
(0.00867 0.01373 -0.05816)
(0.00838 0.01709 -0.05170)
(-0.00172 0.02127 -0.06553)
(-0.00944 0.02752 -0.07501)
(-0.02699 0.03519 -0.08043)
(-0.03618 0.04429 -0.08368)
(-0.04942 0.05518 -0.08965)
(-0.05856 0.06776 -0.09402)
(-0.07523 0.07749 -0.10274)
(-0.09272 0.09076 -0.11719)
(-0.11998 0.10448 -0.13618)
(-0.13067 0.11811 -0.15049)
(-0.14807 0.13247 -0.18389)
(-0.17699 0.15200 -0.19988)
(-0.18014 0.15441 -0.21818)
(-0.18332 0.15557 -0.22387)
(-0.18475 0.15514 -0.24027)
(-0.19031 0.15876 -0.23036)
(-0.18860 0.15601 -0.24546)
(-0.18359 0.15098 -0.24289)
(-0.17040 0.13899 -0.23619)
(-0.16355 0.12963 -0.23340)
(-0.15658 0.11286 -0.22699)
(-0.14269 0.10197 -0.21237)
(-0.15198 0.10753 -0.22482)
(-0.11852 0.07924 -0.19497)
(-0.10860 0.06825 -0.19274)
(-0.10647 0.06070 -0.18038)
(-0.09202 0.05080 -0.16587)
(-0.07844 0.03606 -0.14685)
(-0.06313 0.02258 -0.12938)
(-0.04944 0.00873 -0.12661)
(-0.04364 -0.01127 -0.10495)
(-0.03449 -0.02104 -0.09896)
(-0.02095 -0.03632 -0.08639)
(-0.00574 -0.06668 -0.06037)
(-0.01081 -0.05528 -0.07190)
(-0.00192 -0.07140 -0.05149)
(0.00486 -0.08348 -0.03768)
(0.02579 -0.12048 0.00846)
(0.03425 -0.13068 0.04127)
(0.04295 -0.14159 0.07585)
(0.03611 -0.13090 0.05624)
(0.04198 -0.13819 0.08579)
(0.03015 -0.11253 0.09543)
(0.03970 -0.11897 0.09739)
(0.03009 -0.10664 0.09784)
(0.03987 -0.10338 0.09843)
(0.03701 -0.09394 0.09272)
(0.02896 -0.10470 0.09783)
(0.02847 -0.07311 0.07364)
(0.00454 -0.01442 0.01729)
(0.00049 0.00023 -0.00004)
(0.01643 0.01014 -0.01481)
(0.01092 0.01314 -0.03156)
(0.01262 0.01693 -0.04482)
(0.01011 0.01692 -0.04870)
(0.00834 0.01812 -0.04951)
(0.00631 0.01824 -0.05259)
(-0.00861 0.02526 -0.07235)
(-0.02578 0.03695 -0.08435)
(-0.04561 0.04636 -0.08807)
(-0.04913 0.05601 -0.09209)
(-0.07203 0.07013 -0.10223)
(-0.08294 0.07556 -0.10958)
(-0.09971 0.09076 -0.12121)
(-0.13245 0.11183 -0.13936)
(-0.13622 0.11622 -0.14478)
(-0.14261 0.12039 -0.14899)
(-0.14783 0.13150 -0.17635)
(-0.17994 0.15354 -0.19670)
(-0.18175 0.15501 -0.20376)
(-0.18598 0.15720 -0.20990)
(-0.19363 0.15955 -0.22137)
(-0.19316 0.15618 -0.23125)
(-0.18943 0.14913 -0.23712)
(-0.18343 0.14586 -0.24006)
(-0.17814 0.13774 -0.23240)
(-0.15982 0.11409 -0.22973)
(-0.15633 0.11010 -0.22857)
(-0.14734 0.10326 -0.22382)
(-0.12316 0.08129 -0.20922)
(-0.10724 0.06812 -0.19003)
(-0.08922 0.05002 -0.16889)
(-0.07684 0.03826 -0.15433)
(-0.05260 0.01834 -0.14406)
(-0.04174 0.00328 -0.12408)
(-0.03778 -0.00172 -0.12128)
(-0.01841 -0.03281 -0.09476)
(-0.00509 -0.06409 -0.05777)
(-0.00291 -0.06839 -0.05110)
(0.02289 -0.10962 -0.00341)
(0.01483 -0.09263 -0.02165)
(0.02601 -0.11868 0.02456)
(0.02871 -0.11168 0.04089)
(0.03746 -0.12766 0.06766)
(0.02886 -0.11215 0.04902)
(0.02890 -0.11327 0.08528)
(0.02599 -0.10665 0.09540)
(0.02658 -0.10468 0.09670)
(0.03127 -0.09256 0.08933)
(0.02230 -0.06561 0.06626)
(0.02295 -0.09555 0.09086)
(0.00563 -0.02028 0.02256)
(0.00109 -0.00406 0.00453)
(-0.00066 -0.00041 -0.00003)
(0.00639 0.00675 -0.01371)
(0.00627 0.01243 -0.01938)
(0.00991 0.01855 -0.04651)
(0.00425 0.01972 -0.05197)
(-0.02096 0.03212 -0.07709)
(-0.03259 0.03884 -0.08317)
(-0.04650 0.04416 -0.08757)
(-0.07861 0.06792 -0.10757)
(-0.08614 0.07154 -0.11017)
(-0.08889 0.07426 -0.11083)
(-0.10322 0.08710 -0.12061)
(-0.13772 0.11295 -0.14030)
(-0.13995 0.11675 -0.14396)
(-0.14693 0.12182 -0.14785)
(-0.17213 0.14424 -0.17552)
(-0.18453 0.15685 -0.19908)
(-0.19340 0.15976 -0.19980)
(-0.20477 0.16516 -0.20681)
(-0.19791 0.16042 -0.22166)
(-0.20240 0.15834 -0.22403)
(-0.19007 0.14604 -0.23501)
(-0.18825 0.14309 -0.23555)
(-0.17573 0.12750 -0.23291)
(-0.16072 0.11228 -0.23084)
(-0.15271 0.10659 -0.22757)
(-0.13203 0.09112 -0.22074)
(-0.12087 0.08432 -0.21087)
(-0.09514 0.06403 -0.18285)
(-0.10628 0.07603 -0.19982)
(-0.08327 0.06117 -0.18361)
(-0.07312 0.04352 -0.16481)
(-0.04881 0.01650 -0.13649)
(-0.04521 0.01009 -0.13084)
(-0.04133 0.00547 -0.12724)
(-0.03827 0.00177 -0.12356)
(-0.02172 -0.02287 -0.09286)
(-0.00849 -0.05673 -0.06302)
(-0.00735 -0.05952 -0.05648)
(0.00477 -0.07140 -0.03971)
(0.01485 -0.09144 -0.00473)
(0.01019 -0.08312 -0.00755)
(0.02548 -0.10571 0.03591)
(0.02629 -0.10700 0.04415)
(0.02870 -0.10928 0.06346)
(0.02664 -0.10775 0.05066)
(0.02441 -0.10590 0.09423)
(0.02457 -0.10439 0.09554)
(0.02328 -0.10408 0.09411)
(0.01876 -0.08732 0.08261)
(0.01064 -0.05044 0.04978)
(0.00168 -0.00878 0.00926)
(-0.00085 0.00515 -0.00544)
(-0.00187 -0.00207 0.00132)
(0.00004 0.00096 -0.00094)
(0.00059 0.01164 -0.01514)
(-0.00079 0.02568 -0.05043)
(-0.02161 0.03247 -0.06704)
(-0.01967 0.03233 -0.07088)
(-0.04782 0.04171 -0.08985)
(-0.04386 0.04134 -0.09005)
(-0.06709 0.05497 -0.09728)
(-0.08235 0.06801 -0.10907)
(-0.08987 0.07202 -0.11148)
(-0.09382 0.07536 -0.11286)
(-0.11228 0.08522 -0.11865)
(-0.11831 0.09139 -0.12296)
(-0.13725 0.10288 -0.12947)
(-0.14469 0.11777 -0.14378)
(-0.15156 0.12319 -0.14713)
(-0.16377 0.13332 -0.15742)
(-0.18752 0.15484 -0.16751)
(-0.19614 0.16294 -0.18733)
(-0.21285 0.17130 -0.18066)
(-0.20361 0.16631 -0.19394)
(-0.20479 0.16428 -0.20361)
(-0.20649 0.16379 -0.21097)
(-0.21280 0.16481 -0.21439)
(-0.19278 0.14755 -0.23243)
(-0.19058 0.14383 -0.23367)
(-0.18539 0.13616 -0.23331)
(-0.16862 0.11602 -0.23273)
(-0.15770 0.10948 -0.23014)
(-0.16263 0.10951 -0.23411)
(-0.14771 0.10258 -0.22630)
(-0.13490 0.09559 -0.22897)
(-0.12182 0.08654 -0.21172)
(-0.08741 0.06590 -0.18913)
(-0.08355 0.06340 -0.18502)
(-0.07301 0.04970 -0.16357)
(-0.04918 0.02740 -0.14546)
(-0.04510 0.01254 -0.13207)
(-0.04193 0.00849 -0.12660)
(-0.03223 0.00021 -0.10441)
(-0.02046 -0.02700 -0.07662)
(-0.00646 -0.04827 -0.05415)
(0.00349 -0.06223 -0.03279)
(0.01381 -0.08572 0.01648)
(0.00377 -0.06517 0.00011)
(0.02415 -0.10227 0.03906)
(0.02546 -0.10446 0.04642)
(0.01489 -0.09502 0.06921)
(0.01721 -0.09643 0.07661)
(0.01775 -0.09744 0.08327)
(0.02119 -0.10165 0.09409)
(0.00528 -0.03429 0.03535)
(0.00207 -0.03443 0.03654)
(0.00008 -0.00073 0.00074)
(-0.00015 -0.00430 0.00412)
(-0.00804 0.02313 -0.02984)
(-0.01539 0.03136 -0.05416)
(0.00081 -0.00422 0.00409)
(-0.00093 0.00579 -0.00586)
(-0.02757 0.03710 -0.06618)
(-0.03473 0.03547 -0.07527)
(-0.04036 0.03514 -0.08333)
(-0.06138 0.04600 -0.08801)
(-0.06371 0.04922 -0.09672)
(-0.07687 0.05620 -0.10402)
(-0.08543 0.06273 -0.10998)
(-0.09067 0.06281 -0.10817)
(-0.09798 0.06852 -0.11346)
(-0.09788 0.07643 -0.11405)
(-0.14432 0.09293 -0.13197)
(-0.15414 0.10995 -0.13491)
(-0.16053 0.11861 -0.14282)
(-0.18361 0.12846 -0.14350)
(-0.19249 0.14162 -0.15511)
(-0.19963 0.14989 -0.15960)
(-0.20786 0.16558 -0.16753)
(-0.21700 0.17387 -0.17448)
(-0.21285 0.16792 -0.18589)
(-0.22401 0.17194 -0.19557)
(-0.20978 0.16682 -0.20541)
(-0.21284 0.16208 -0.21129)
(-0.20073 0.15286 -0.22684)
(-0.19338 0.14398 -0.22919)
(-0.18840 0.13760 -0.23128)
(-0.17947 0.12379 -0.23205)
(-0.17527 0.11799 -0.23449)
(-0.15337 0.10593 -0.23191)
(-0.13990 0.09671 -0.22890)
(-0.12190 0.08989 -0.21721)
(-0.10823 0.08389 -0.21040)
(-0.10381 0.07825 -0.20070)
(-0.08835 0.06859 -0.19046)
(-0.07754 0.05990 -0.17197)
(-0.06445 0.04982 -0.15870)
(-0.04871 0.03787 -0.14122)
(-0.04418 0.02286 -0.14211)
(-0.03565 0.01195 -0.11943)
(-0.03778 0.00896 -0.09002)
(-0.02385 -0.00761 -0.08017)
(-0.01002 -0.03323 -0.06457)
(-0.00508 -0.04706 -0.03822)
(-0.00721 -0.03572 -0.04837)
(0.00344 -0.06085 -0.00820)
(0.01616 -0.08793 0.02650)
(0.00869 -0.06829 0.00268)
(0.01421 -0.08078 0.02661)
(0.02473 -0.10138 0.04122)
(0.02126 -0.09732 0.05769)
(0.01622 -0.09660 0.07199)
(0.01621 -0.09538 0.07920)
(0.01518 -0.09317 0.08207)
(0.00230 -0.03807 0.03986)
(-0.00009 0.00290 -0.00313)
(0.00016 -0.00413 0.00441)
(-0.00175 0.00310 -0.00391)
(-0.01588 0.02227 -0.03542)
(-0.04036 0.03428 -0.05300)
(-0.06277 0.05010 -0.08157)
(-0.07123 0.05199 -0.08779)
(-0.08499 0.06045 -0.10399)
(-0.10412 0.06456 -0.10916)
(-0.12805 0.08074 -0.12397)
(-0.15080 0.08652 -0.13441)
(-0.17154 0.11222 -0.14039)
(-0.18471 0.12175 -0.14446)
(-0.19522 0.13838 -0.14899)
(-0.22720 0.15836 -0.15839)
(-0.22253 0.16659 -0.16784)
(-0.23861 0.17498 -0.17206)
(-0.22344 0.16956 -0.18131)
(-0.23570 0.17558 -0.18988)
(-0.23284 0.17378 -0.19287)
(-0.23124 0.17065 -0.19461)
(-0.21095 0.15838 -0.21299)
(-0.21865 0.15876 -0.20051)
(-0.20508 0.14917 -0.21937)
(-0.18710 0.13370 -0.22448)
(-0.18372 0.12819 -0.22629)
(-0.17308 0.11650 -0.22756)
(-0.16271 0.11129 -0.22486)
(-0.15965 0.11175 -0.23310)
(-0.13863 0.09805 -0.22542)
(-0.13176 0.09367 -0.22215)
(-0.12078 0.08895 -0.21230)
(-0.10135 0.07984 -0.20263)
(-0.09841 0.07909 -0.20166)
(-0.08294 0.06821 -0.18795)
(-0.07233 0.06007 -0.17036)
(-0.05903 0.05246 -0.15351)
(-0.04270 0.03071 -0.12876)
(-0.03592 0.01868 -0.12716)
(-0.02995 0.00742 -0.10089)
(-0.02400 -0.00309 -0.08670)
(-0.00862 -0.02470 -0.05561)
(-0.00305 -0.03272 -0.03678)
(-0.00234 -0.04333 -0.02859)
(0.00849 -0.06615 -0.00075)
(0.01444 -0.07230 0.01387)
(0.00780 -0.07229 0.03811)
(0.01288 -0.09010 0.06836)
(0.01022 -0.08517 0.05877)
(0.01722 -0.09584 0.07509)
(0.01634 -0.09533 0.07587)
(0.00815 -0.06860 0.05969)
(0.00152 -0.02972 0.02903)
(0.00002 0.00185 -0.00194)
(-0.00030 0.00946 -0.01019)
(-0.00451 0.00405 -0.00600)
(-0.02054 0.01802 -0.02718)
(-0.03038 0.02498 -0.03827)
(-0.06701 0.05215 -0.08329)
(-0.07630 0.05452 -0.08946)
(-0.09540 0.06274 -0.10208)
(-0.07445 0.05447 -0.08783)
(-0.12355 0.07659 -0.11626)
(-0.13208 0.07870 -0.12285)
(-0.14824 0.08394 -0.13308)
(-0.15377 0.08913 -0.13232)
(-0.15534 0.08871 -0.13565)
(-0.17615 0.10756 -0.14025)
(-0.20257 0.12762 -0.14691)
(-0.21607 0.14521 -0.15168)
(-0.24397 0.16607 -0.16251)
(-0.24419 0.16933 -0.16452)
(-0.24758 0.17129 -0.16606)
(-0.23826 0.17261 -0.17623)
(-0.23897 0.17490 -0.18964)
(-0.23539 0.17324 -0.19163)
(-0.23404 0.17049 -0.19318)
(-0.23056 0.16717 -0.19539)
(-0.20667 0.14766 -0.21086)
(-0.20203 0.14290 -0.21604)
(-0.18289 0.12535 -0.21528)
(-0.17601 0.11713 -0.21719)
(-0.16641 0.11127 -0.22276)
(-0.14216 0.09816 -0.22140)
(-0.13744 0.09606 -0.21996)
(-0.13267 0.09407 -0.21821)
(-0.10175 0.07880 -0.20200)
(-0.09638 0.07698 -0.19890)
(-0.07940 0.06667 -0.18115)
(-0.05778 0.05017 -0.15259)
(-0.04719 0.04246 -0.13767)
(-0.02386 0.01739 -0.10799)
(-0.02782 0.01527 -0.10896)
(-0.02027 0.01213 -0.10186)
(-0.01983 0.00574 -0.09024)
(-0.01479 -0.01129 -0.06132)
(-0.00246 -0.03068 -0.04108)
(0.00072 -0.03644 -0.03448)
(0.00069 -0.03898 -0.02982)
(0.00400 -0.04231 -0.02808)
(0.00770 -0.05530 -0.01018)
(0.01345 -0.07513 0.02334)
(0.02075 -0.08994 0.03092)
(0.00921 -0.08144 0.04679)
(0.00764 -0.08186 0.05854)
(0.00842 -0.08542 0.06785)
(0.00932 -0.06840 0.05322)
(0.00340 -0.04695 0.04314)
(0.00037 -0.00798 0.00745)
(0.00007 0.00489 -0.00496)
(-0.00787 0.00668 -0.01000)
(-0.00757 0.00616 -0.00923)
(-0.04864 0.03750 -0.05828)
(-0.08026 0.05730 -0.09040)
(-0.12168 0.07591 -0.11511)
(-0.13964 0.08990 -0.11770)
(-0.14094 0.09064 -0.11849)
(-0.17524 0.10479 -0.13333)
(-0.19867 0.12358 -0.13972)
(-0.21251 0.13645 -0.13938)
(-0.22460 0.14831 -0.15229)
(-0.24123 0.16039 -0.15983)
(-0.24819 0.16883 -0.16403)
(-0.25108 0.17025 -0.16524)
(-0.25014 0.17191 -0.16725)
(-0.24876 0.16915 -0.17648)
(-0.23867 0.17251 -0.19062)
(-0.23754 0.16986 -0.19172)
(-0.22813 0.15773 -0.19258)
(-0.20728 0.14272 -0.20151)
(-0.19685 0.13587 -0.20730)
(-0.17411 0.11286 -0.20629)
(-0.17058 0.11028 -0.20720)
(-0.16723 0.10787 -0.20745)
(-0.14177 0.09727 -0.21980)
(-0.14773 0.09827 -0.21237)
(-0.13730 0.09497 -0.21845)
(-0.13248 0.09268 -0.21709)
(-0.10450 0.07833 -0.20133)
(-0.09286 0.06919 -0.18936)
(-0.08599 0.06568 -0.18630)
(-0.09169 0.07415 -0.19542)
(-0.06121 0.05365 -0.16544)
(-0.05607 0.04716 -0.15775)
(-0.05295 0.04592 -0.14988)
(-0.02295 0.01814 -0.11094)
(-0.01956 0.01321 -0.10472)
(-0.01615 0.00835 -0.09907)
(-0.00917 -0.00367 -0.08608)
(-0.00141 -0.02939 -0.04418)
(0.00115 -0.03424 -0.03887)
(0.00235 -0.03056 -0.04572)
(0.00371 -0.03961 -0.03256)
(0.01643 -0.07171 0.00812)
(0.01610 -0.06316 -0.01308)
(0.02120 -0.08282 0.01473)
(0.02024 -0.09110 0.03670)
(0.02302 -0.08858 0.02288)
(0.02746 -0.10409 0.05062)
(0.02444 -0.09946 0.05410)
(0.00289 -0.03136 0.02620)
(0.00808 -0.03487 0.02006)
(0.00042 -0.00525 0.00449)
(-0.04318 0.03200 -0.04928)
(-0.01084 0.00837 -0.01259)
(-0.05941 0.04144 -0.05185)
(-0.12942 0.08196 -0.11434)
(-0.15821 0.10124 -0.12243)
(-0.15996 0.10147 -0.12464)
(-0.18788 0.11614 -0.13273)
(-0.20605 0.13189 -0.13672)
(-0.21306 0.13648 -0.13833)
(-0.22672 0.14612 -0.14722)
(-0.24290 0.15593 -0.15255)
(-0.25319 0.16889 -0.16332)
(-0.25991 0.17369 -0.16922)
(-0.24309 0.16187 -0.17954)
(-0.24478 0.15311 -0.18001)
(-0.22750 0.14733 -0.18363)
(-0.21040 0.14372 -0.19693)
(-0.20383 0.13569 -0.20051)
(-0.18038 0.11613 -0.20351)
(-0.17110 0.10978 -0.20398)
(-0.16705 0.10686 -0.20436)
(-0.15161 0.09692 -0.20804)
(-0.13734 0.09380 -0.21646)
(-0.13593 0.08525 -0.20218)
(-0.12990 0.08376 -0.20570)
(-0.13271 0.09144 -0.21552)
(-0.11479 0.07829 -0.20223)
(-0.09607 0.06722 -0.19410)
(-0.08163 0.05907 -0.18099)
(-0.06542 0.04980 -0.16566)
(-0.04662 0.03945 -0.14802)
(-0.04837 0.04262 -0.14856)
(-0.03752 0.03593 -0.13772)
(-0.02817 0.02445 -0.12361)
(-0.01913 0.01423 -0.10761)
(-0.01592 0.01010 -0.10277)
(-0.01262 0.00580 -0.09823)
(-0.01227 0.00424 -0.09592)
(0.00011 -0.01491 -0.07688)
(0.01144 -0.04105 -0.04530)
(0.00420 -0.03734 -0.03725)
(0.01881 -0.05477 -0.03148)
(0.01996 -0.06882 -0.01441)
(0.02166 -0.08073 0.00679)
(0.02856 -0.08608 0.01247)
(0.02568 -0.09779 0.03811)
(0.02215 -0.08647 0.04377)
(0.02139 -0.07566 0.03195)
(0.01697 -0.06723 0.03469)
(0.00453 -0.01859 0.01001)
(0.00142 -0.00627 0.00368)
(-0.00076 0.00058 -0.00068)
(-0.02069 0.01555 -0.01848)
(-0.00536 0.00368 -0.00433)
(-0.10302 0.06475 -0.08206)
(-0.18422 0.11586 -0.12947)
(-0.09422 0.06492 -0.06597)
(-0.16999 0.10891 -0.12244)
(-0.19895 0.13129 -0.12724)
(-0.20967 0.13439 -0.13640)
(-0.23828 0.14913 -0.14240)
(-0.22955 0.14397 -0.14245)
(-0.24686 0.15276 -0.14615)
(-0.25555 0.16249 -0.15294)
(-0.26936 0.16722 -0.15729)
(-0.26397 0.16331 -0.16431)
(-0.25733 0.15501 -0.16335)
(-0.25505 0.15243 -0.17423)
(-0.25533 0.15111 -0.17473)
(-0.23242 0.13535 -0.17620)
(-0.21094 0.13231 -0.18558)
(-0.21676 0.12460 -0.17813)
(-0.20281 0.12662 -0.19181)
(-0.19067 0.11729 -0.19438)
(-0.17583 0.10332 -0.19294)
(-0.16307 0.09998 -0.19709)
(-0.15459 0.09362 -0.19634)
(-0.13879 0.07779 -0.18836)
(-0.12992 0.07106 -0.18791)
(-0.11150 0.06270 -0.18207)
(-0.10855 0.06581 -0.18696)
(-0.08991 0.06120 -0.18755)
(-0.10547 0.05990 -0.18126)
(-0.08328 0.05749 -0.18773)
(-0.07272 0.05107 -0.16971)
(-0.04992 0.04125 -0.14998)
(-0.04092 0.03660 -0.14180)
(-0.02158 0.01774 -0.11499)
(-0.01813 0.01449 -0.10973)
(-0.00631 0.00193 -0.09388)
(0.00851 -0.01520 -0.07637)
(0.01031 -0.02832 -0.06687)
(0.01900 -0.04142 -0.05230)
(0.02637 -0.04717 -0.05243)
(0.02307 -0.05123 -0.03832)
(0.02937 -0.07038 -0.01411)
(0.03442 -0.08212 -0.00371)
(0.03090 -0.08945 0.00972)
(0.02922 -0.09147 0.02426)
(0.02701 -0.07516 0.01881)
(0.02353 -0.06884 0.02017)
(0.00710 -0.02180 0.00822)
(0.00463 -0.01596 0.00783)
(0.02654 -0.01995 0.01904)
(-0.00295 0.00213 -0.00212)
(-0.14968 0.09875 -0.09426)
(0.00210 -0.00153 0.00136)
(-0.04759 0.03422 -0.03082)
(-0.20514 0.13315 -0.11762)
(-0.22959 0.14730 -0.13210)
(-0.24393 0.15431 -0.13688)
(-0.23297 0.14967 -0.13084)
(-0.23545 0.15022 -0.13237)
(-0.25616 0.15637 -0.14509)
(-0.26289 0.15854 -0.15004)
(-0.26157 0.15628 -0.15619)
(-0.25402 0.14549 -0.15678)
(-0.24953 0.14712 -0.16573)
(-0.23956 0.13612 -0.16027)
(-0.22311 0.11584 -0.16265)
(-0.20392 0.09886 -0.16080)
(-0.20275 0.10875 -0.17491)
(-0.19806 0.09519 -0.16065)
(-0.18597 0.10499 -0.18111)
(-0.17541 0.09741 -0.18057)
(-0.16347 0.08685 -0.17983)
(-0.15156 0.08361 -0.18273)
(-0.13910 0.07290 -0.17913)
(-0.13066 0.07014 -0.18207)
(-0.11521 0.05815 -0.17206)
(-0.10349 0.04936 -0.16700)
(-0.08493 0.03256 -0.14676)
(-0.08617 0.05199 -0.17724)
(-0.07265 0.04501 -0.16282)
(-0.07629 0.03176 -0.14676)
(-0.05843 0.02909 -0.13905)
(-0.05015 0.03260 -0.14065)
(-0.03834 0.02348 -0.12483)
(-0.03619 0.01724 -0.11753)
(-0.03098 0.01460 -0.11238)
(-0.02345 0.01180 -0.10780)
(-0.01829 0.01402 -0.10928)
(-0.01202 0.00582 -0.10239)
(0.00048 -0.00387 -0.08554)
(0.00740 -0.01115 -0.07869)
(0.01094 -0.01747 -0.07008)
(0.01827 -0.03633 -0.05810)
(0.02661 -0.04804 -0.04591)
(0.02704 -0.04960 -0.04862)
(0.03561 -0.07330 -0.02015)
(0.03585 -0.07447 -0.01780)
(0.03857 -0.08952 0.01280)
(0.03548 -0.08018 0.01310)
(0.02149 -0.05067 0.01102)
(0.01079 -0.02782 0.00712)
(0.00379 -0.01132 0.00380)
(-0.00091 0.00289 -0.00130)
(-0.00360 0.01093 -0.00402)
(-0.00253 0.00807 -0.00364)
(0.02517 -0.01836 0.01625)
(-0.01240 0.00820 -0.00704)
(-0.11133 0.07290 -0.06358)
(0.03304 -0.02267 0.01931)
(-0.07393 0.04845 -0.04127)
(-0.18821 0.12194 -0.10549)
(-0.24093 0.14990 -0.13291)
(-0.17610 0.11326 -0.09717)
(-0.22367 0.14318 -0.12349)
(-0.24663 0.14739 -0.13671)
(-0.25138 0.14530 -0.14277)
(-0.23332 0.12482 -0.14010)
(-0.24134 0.13096 -0.15073)
(-0.22573 0.11548 -0.13966)
(-0.22499 0.11525 -0.15347)
(-0.20144 0.09353 -0.15670)
(-0.19663 0.09048 -0.15621)
(-0.19206 0.08759 -0.15602)
(-0.19323 0.09223 -0.16043)
(-0.18035 0.09417 -0.17236)
(-0.16431 0.08159 -0.17041)
(-0.15946 0.08224 -0.17689)
(-0.14650 0.07094 -0.17084)
(-0.13037 0.05453 -0.16097)
(-0.12070 0.04765 -0.15757)
(-0.09849 0.03167 -0.14517)
(-0.08862 0.02375 -0.13239)
(-0.08415 0.02211 -0.13044)
(-0.07614 0.02203 -0.13063)
(-0.03760 0.01594 -0.11496)
(-0.03338 0.01370 -0.11069)
(-0.03107 0.01057 -0.10475)
(-0.02739 0.01018 -0.10413)
(-0.01774 0.00451 -0.09483)
(0.00152 -0.01561 -0.07128)
(0.00653 -0.02729 -0.05891)
(0.01607 -0.03111 -0.05724)
(0.01872 -0.03582 -0.05629)
(0.02651 -0.05698 -0.03565)
(0.03104 -0.06077 -0.03137)
(0.03251 -0.06558 -0.02644)
(0.03513 -0.06682 -0.02594)
(0.03224 -0.05985 -0.00862)
(0.01968 -0.04358 0.00751)
(0.00966 -0.02220 0.00471)
(-0.00031 0.00075 -0.00019)
(-0.00381 0.00885 -0.00208)
(-0.00479 0.01146 -0.00292)
(0.00063 -0.00041 0.00035)
(0.00776 -0.00520 0.00421)
(-0.04859 0.03167 -0.02671)
(-0.18214 0.11317 -0.09678)
(-0.07242 0.04653 -0.03716)
(-0.23305 0.13808 -0.12775)
(-0.24597 0.14255 -0.13833)
(-0.22925 0.12068 -0.13554)
(-0.22726 0.12567 -0.12894)
(-0.22435 0.11573 -0.13480)
(-0.22358 0.11421 -0.13593)
(-0.21803 0.10759 -0.13534)
(-0.19880 0.08844 -0.14087)
(-0.19379 0.08499 -0.15124)
(-0.19003 0.08271 -0.15131)
(-0.18573 0.07955 -0.15116)
(-0.18768 0.08456 -0.15555)
(-0.16099 0.06942 -0.15480)
(-0.14989 0.05502 -0.14666)
(-0.14434 0.05190 -0.14654)
(-0.13234 0.04031 -0.13917)
(-0.11579 0.03582 -0.14444)
(-0.11319 0.03430 -0.14383)
(-0.09053 0.02088 -0.12794)
(-0.08621 0.01918 -0.12540)
(-0.08396 0.01489 -0.11834)
(-0.08078 0.01572 -0.11935)
(-0.06404 0.01041 -0.11004)
(-0.03513 0.01223 -0.10777)
(-0.05112 -0.00148 -0.09131)
(-0.03320 0.00861 -0.10085)
(-0.02894 0.00749 -0.09901)
(-0.01145 -0.01311 -0.07227)
(0.00517 -0.02919 -0.05353)
(0.00882 -0.03136 -0.05359)
(0.01042 -0.03405 -0.05007)
(0.03481 -0.07321 -0.01690)
(0.03605 -0.07519 -0.01719)
(0.03529 -0.07369 -0.01299)
(0.02188 -0.04584 -0.00602)
(0.01226 -0.02551 -0.00242)
(0.00732 -0.01558 0.00151)
(0.00055 -0.00123 0.00026)
(-0.00347 0.00745 -0.00136)
(-0.00407 0.00916 -0.00198)
(-0.01666 0.01077 -0.00853)
(-0.04119 0.02530 -0.02186)
(-0.11281 0.06889 -0.05999)
(-0.04225 0.02464 -0.02349)
(-0.14699 0.08119 -0.08325)
(-0.19872 0.10263 -0.11832)
(-0.08210 0.04290 -0.04777)
(-0.12650 0.06366 -0.07631)
(-0.21622 0.10877 -0.13117)
(-0.21337 0.10385 -0.13162)
(-0.19874 0.08594 -0.13652)
(-0.19452 0.08176 -0.12916)
(-0.18522 0.07503 -0.13565)
(-0.18744 0.07900 -0.14801)
(-0.17302 0.06362 -0.12650)
(-0.16126 0.04800 -0.12288)
(-0.15560 0.05138 -0.13538)
(-0.15075 0.04983 -0.13720)
(-0.13959 0.03160 -0.12408)
(-0.13653 0.03113 -0.12574)
(-0.12539 0.02230 -0.12011)
(-0.12466 0.01927 -0.11660)
(-0.12232 0.01780 -0.11615)
(-0.12103 0.01967 -0.12023)
(-0.11651 0.02299 -0.12550)
(-0.09573 0.01802 -0.12351)
(-0.10250 0.00780 -0.10658)
(-0.08804 0.01414 -0.11783)
(-0.08300 0.01130 -0.11236)
(-0.07209 0.00217 -0.09781)
(-0.05031 -0.01540 -0.07288)
(-0.03589 -0.01123 -0.07407)
(-0.04496 -0.02335 -0.05440)
(-0.03355 -0.02453 -0.04930)
(-0.01357 -0.02927 -0.05114)
(-0.00572 -0.03486 -0.04644)
(0.00117 -0.03591 -0.02722)
(0.00781 -0.03511 -0.01827)
(0.01897 -0.04525 -0.02024)
(0.02709 -0.05724 -0.00956)
(0.00751 -0.01919 -0.00259)
(0.00850 -0.01818 -0.00187)
(0.00661 -0.01396 -0.00114)
(-0.00137 0.00289 0.00016)
(-0.00828 0.00485 -0.00460)
(-0.02375 0.01286 -0.01370)
(-0.02398 0.01220 -0.01404)
(-0.01172 0.00544 -0.00701)
(-0.02640 0.00953 -0.01676)
(-0.12442 0.05048 -0.08065)
(-0.13963 0.05044 -0.09522)
(-0.03927 0.01146 -0.02587)
(-0.07095 0.02256 -0.04828)
(-0.10307 0.03359 -0.07484)
(-0.14560 0.03858 -0.10516)
(-0.09183 0.02376 -0.06554)
(-0.13388 0.02879 -0.10291)
(-0.13904 0.02591 -0.11733)
(-0.11490 0.01757 -0.09149)
(-0.12859 0.01291 -0.10238)
(-0.12432 0.01412 -0.10745)
(-0.11963 0.01253 -0.10885)
(-0.11012 -0.00456 -0.08988)
(-0.10332 -0.00766 -0.08404)
(-0.09914 -0.00514 -0.08749)
(-0.09362 -0.00885 -0.07730)
(-0.07361 -0.02641 -0.04904)
(-0.08689 -0.00438 -0.08873)
(-0.07510 -0.01732 -0.06644)
(-0.04036 -0.02097 -0.02782)
(-0.04779 -0.01889 -0.04376)
(-0.02594 -0.01913 -0.02229)
(-0.02496 -0.02221 -0.02862)
(-0.00902 -0.00713 -0.00755)
(-0.00865 -0.01193 -0.00780)
(-0.00257 -0.00938 -0.00456)
(0.00143 -0.01769 -0.00513)
(0.00000 0.00084 0.00013)
(0.00144 -0.00510 -0.00057)
(0.00118 -0.00313 -0.00013)
(0.02959 -0.01132 0.01846)
(0.02433 -0.00707 0.01595)
(-0.02366 0.00595 -0.01519)
(0.02116 -0.00528 0.01349)
(0.00715 -0.00117 0.00459)
(-0.04985 0.01269 -0.03525)
(-0.04419 0.00506 -0.02991)
(0.00074 -0.00004 0.00045)
(0.00058 -0.00003 0.00039)
(-0.04323 0.00380 -0.03238)
(-0.07266 0.00292 -0.05391)
(-0.01558 -0.00053 -0.01044)
(-0.03742 -0.00630 -0.02338)
(-0.06283 -0.01128 -0.03943)
(-0.02148 -0.00433 -0.01291)
(-0.03581 -0.00823 -0.02273)
(-0.03678 -0.01381 -0.02003)
(-0.04767 -0.01827 -0.03003)
(-0.00468 -0.00204 -0.00220)
(-0.00831 -0.00336 -0.00490)
(0.00089 0.00061 0.00042)
(-0.02606 -0.01418 -0.01720)
(-0.01300 -0.00875 -0.00821)
(0.00595 0.00526 0.00271)
(0.00226 0.00257 0.00144)
(0.00290 0.00620 0.00148)
(0.00098 0.00787 0.00121)
(-0.00465 -0.00086 -0.00282)
(-0.00769 -0.00160 -0.00456)
(-0.00651 -0.00218 -0.00338)
(0.00258 0.00122 0.00107)
)