/*--------------------------------*- C++ -*----------------------------------*\ 
| =========                 |                                                 | 
| \\      /  F ield         | OpenFOAM: The Open Source CFD Toolbox           | 
|  \\    /   O peration     | Version:  4.0                                   | 
|   \\  /    A nd           | Web:      www.OpenFOAM.org                      | 
|    \\/     M anipulation  |                                                 | 
\*---------------------------------------------------------------------------*/ 
FoamFile 
{ 
    version     2.0; 
    format      ascii; 
    class       vectorAverageField; 
    object      values; 
} 
// * * * * * * * * * * * * * * * * * * * * * * * * * * * * * * * * * * * * * // 
 
// Average 
(0 0 0) 
 
// Velocity data on points 
2447
(
(0.00510 -0.00128 -0.00107)
(-0.00285 0.00039 0.00061)
(-0.00783 -0.00038 0.00238)
(-0.00274 -0.00017 0.00048)
(0.00376 0.00048 -0.00096)
(-0.01826 -0.00194 0.00640)
(-0.00654 -0.00083 0.00179)
(-0.01271 -0.00523 0.00202)
(-0.00136 -0.00056 0.00019)
(0.00187 0.00079 -0.00019)
(-0.00802 -0.00347 0.00088)
(-0.00153 -0.00069 0.00009)
(0.00114 0.00052 0.00015)
(-0.00618 -0.00347 -0.00097)
(-0.00016 -0.00011 -0.00017)
(0.00046 0.00033 0.00057)
(-0.00155 -0.00121 -0.00208)
(-0.00008 -0.00006 -0.00015)
(0.00034 0.00059 0.00122)
(-0.00007 -0.00012 -0.00025)
(0.01273 -0.00605 -0.00117)
(-0.00272 0.00102 0.00046)
(0.00221 -0.00087 -0.00033)
(0.00090 -0.00031 -0.00020)
(-0.03774 0.01205 0.01124)
(-0.02924 0.00654 0.00792)
(-0.03273 0.00327 0.00971)
(-0.03307 -0.00141 0.01143)
(-0.06107 0.00230 0.02258)
(-0.05883 -0.00274 0.02098)
(-0.04530 -0.00496 0.01679)
(-0.02664 -0.00646 0.00657)
(-0.04516 -0.01080 0.01483)
(-0.02811 -0.01159 0.00507)
(-0.02161 -0.00950 0.00259)
(-0.01589 -0.00755 0.00077)
(-0.02933 -0.01296 0.00377)
(-0.02531 -0.01232 0.00096)
(-0.01948 -0.01211 -0.00476)
(-0.01231 -0.00722 -0.00233)
(-0.00741 -0.00482 -0.00447)
(-0.01755 -0.01600 -0.01826)
(-0.01622 -0.01455 -0.01708)
(-0.00666 -0.00698 -0.01155)
(-0.00372 -0.00386 -0.00823)
(-0.00815 -0.00944 -0.01987)
(-0.00174 -0.00342 -0.00733)
(-0.00049 -0.00166 -0.00224)
(-0.00498 -0.00811 -0.01738)
(-0.00018 -0.00184 -0.00158)
(-0.00001 0.00040 0.00020)
(0.00723 -0.00318 -0.00077)
(-0.00313 0.00134 0.00041)
(-0.01101 0.00468 0.00157)
(-0.03003 0.01091 0.00629)
(-0.07719 0.02718 0.01722)
(-0.06055 0.02085 0.01417)
(-0.07584 0.02242 0.02450)
(-0.08146 0.01778 0.02950)
(-0.07959 0.01588 0.02629)
(-0.06882 0.00403 0.02698)
(-0.06452 -0.00563 0.02702)
(-0.06012 -0.01302 0.02578)
(-0.05032 -0.01414 0.01877)
(-0.03894 -0.01781 0.01037)
(-0.05278 -0.01509 0.01988)
(-0.04926 -0.01905 0.01755)
(-0.03733 -0.01817 0.00827)
(-0.02701 -0.01641 -0.00365)
(-0.03427 -0.02331 -0.00605)
(-0.02109 -0.01995 -0.01787)
(-0.01760 -0.02043 -0.02308)
(-0.01212 -0.01909 -0.02506)
(-0.01646 -0.01842 -0.02467)
(-0.01406 -0.01671 -0.03177)
(-0.01143 -0.01307 -0.03297)
(-0.01329 -0.01810 -0.03815)
(-0.00858 -0.01641 -0.03448)
(-0.00369 -0.01245 -0.02029)
(-0.00207 -0.01001 -0.01135)
(-0.01344 -0.02024 -0.03601)
(-0.00848 -0.01418 -0.02252)
(-0.00063 -0.00964 -0.00679)
(0.00001 -0.00067 -0.00028)
(-0.00196 -0.00850 -0.00240)
(0.00069 0.00396 0.00046)
(0.00118 0.00770 0.00073)
(0.00041 -0.00018 -0.00002)
(-0.01242 0.00543 0.00110)
(-0.03467 0.01497 0.00408)
(-0.05510 0.02297 0.00872)
(-0.09040 0.03680 0.01401)
(-0.08508 0.03508 0.01374)
(-0.10652 0.04272 0.01965)
(-0.09975 0.03472 0.02421)
(-0.09478 0.03240 0.02216)
(-0.08620 0.02371 0.02689)
(-0.08418 0.01438 0.03540)
(-0.08618 0.01629 0.03432)
(-0.08099 0.01288 0.03415)
(-0.08088 0.00884 0.03476)
(-0.07941 0.00336 0.03767)
(-0.07479 -0.00650 0.03837)
(-0.07357 -0.00979 0.03800)
(-0.06856 -0.01597 0.03338)
(-0.05722 -0.01660 0.02296)
(-0.05374 -0.02779 0.01235)
(-0.04662 -0.03079 0.00290)
(-0.03865 -0.03061 -0.00845)
(-0.02832 -0.02461 -0.01695)
(-0.01938 -0.02189 -0.02453)
(-0.02012 -0.02583 -0.03554)
(-0.01757 -0.02785 -0.04722)
(-0.02323 -0.02864 -0.05580)
(-0.01875 -0.01915 -0.04142)
(-0.02500 -0.02252 -0.05285)
(-0.01521 -0.02060 -0.03807)
(-0.01698 -0.02181 -0.03856)
(-0.02470 -0.03181 -0.03444)
(-0.02330 -0.03245 -0.03101)
(-0.01152 -0.02537 -0.01492)
(-0.00156 -0.00919 -0.00129)
(-0.01869 -0.03540 -0.02008)
(-0.00858 -0.03085 -0.00825)
(-0.00067 -0.00497 -0.00033)
(-0.00021 -0.00192 0.00010)
(0.00803 -0.00313 -0.00090)
(-0.01709 0.00721 0.00134)
(-0.04224 0.01855 0.00303)
(-0.07917 0.03322 0.00752)
(-0.09428 0.03873 0.00941)
(-0.09271 0.03303 0.01679)
(-0.09668 0.03348 0.01980)
(-0.09715 0.03459 0.02151)
(-0.09420 0.02815 0.02506)
(-0.08254 0.01287 0.03571)
(-0.08300 0.01234 0.03644)
(-0.08303 0.01099 0.03763)
(-0.08188 0.00993 0.03780)
(-0.08256 0.00845 0.03918)
(-0.08187 0.00459 0.03784)
(-0.07769 -0.00791 0.04085)
(-0.07632 -0.00995 0.04001)
(-0.07488 -0.01209 0.03880)
(-0.06766 -0.01784 0.03178)
(-0.06357 -0.03070 0.01925)
(-0.05518 -0.03051 0.01151)
(-0.04706 -0.03542 -0.00598)
(-0.04094 -0.04184 -0.02178)
(-0.03447 -0.03924 -0.02717)
(-0.03102 -0.03594 -0.03686)
(-0.02443 -0.03250 -0.05712)
(-0.02514 -0.03180 -0.05869)
(-0.02577 -0.03037 -0.05955)
(-0.02647 -0.02857 -0.05997)
(-0.02486 -0.03098 -0.05169)
(-0.02574 -0.03107 -0.03635)
(-0.02549 -0.03404 -0.03331)
(-0.02705 -0.03307 -0.03579)
(-0.02279 -0.03659 -0.02843)
(-0.01690 -0.04427 -0.01042)
(-0.02205 -0.03899 -0.01900)
(-0.01350 -0.04441 -0.00381)
(-0.00327 -0.02755 0.00471)
(-0.00034 -0.00309 0.00060)
(-0.00463 -0.05572 0.01276)
(-0.00090 -0.01425 0.00388)
(-0.00005 -0.00082 0.00023)
(-0.00975 0.00360 0.00151)
(-0.02910 0.01093 0.00452)
(-0.07566 0.02897 0.01254)
(-0.08944 0.03251 0.01639)
(-0.08541 0.02645 0.02353)
(-0.08167 0.02217 0.02578)
(-0.08024 0.02162 0.02622)
(-0.07801 0.02007 0.02674)
(-0.07671 0.01936 0.02714)
(-0.08443 0.02287 0.02750)
(-0.08178 0.01329 0.03506)
(-0.07947 0.01062 0.03629)
(-0.08000 0.00907 0.03767)
(-0.08098 0.00749 0.03925)
(-0.08216 0.00582 0.04084)
(-0.08090 -0.00895 0.04383)
(-0.07832 -0.01042 0.04208)
(-0.07383 -0.01933 0.04383)
(-0.07396 -0.02093 0.04200)
(-0.07759 -0.01359 0.04143)
(-0.07613 -0.01449 0.03962)
(-0.05743 -0.04052 0.02168)
(-0.05459 -0.04871 0.02515)
(-0.06136 -0.05072 0.01836)
(-0.05397 -0.04243 0.01344)
(-0.04344 -0.04770 -0.00457)
(-0.03746 -0.05793 -0.02392)
(-0.03397 -0.05805 -0.02984)
(-0.03166 -0.05810 -0.03475)
(-0.03406 -0.03615 -0.04609)
(-0.02597 -0.03556 -0.06186)
(-0.02698 -0.03406 -0.06270)
(-0.02861 -0.03190 -0.06325)
(-0.03288 -0.03365 -0.06234)
(-0.02837 -0.03309 -0.05435)
(-0.03254 -0.02296 -0.04341)
(-0.02914 -0.02939 -0.03249)
(-0.02639 -0.03095 -0.02178)
(-0.02083 -0.04650 -0.01442)
(-0.01788 -0.05882 -0.00542)
(-0.00719 -0.07919 0.01909)
(-0.00378 -0.05197 0.01367)
(-0.00411 -0.06394 0.01867)
(-0.00117 -0.02226 0.00675)
(-0.00043 -0.01075 0.00357)
(0.00519 -0.00186 -0.00098)
(-0.00115 0.00043 0.00015)
(-0.05971 0.02010 0.01358)
(-0.09176 0.02880 0.02149)
(-0.09259 0.02991 0.02278)
(-0.07387 0.02032 0.02516)
(-0.07458 0.01794 0.02764)
(-0.07474 0.01810 0.02766)
(-0.07152 0.01601 0.02864)
(-0.07391 0.01658 0.03069)
(-0.06871 0.00839 0.03598)
(-0.07738 0.00805 0.03748)
(-0.07445 0.00314 0.03966)
(-0.07795 0.00520 0.03978)
(-0.08030 0.00477 0.04094)
(-0.07976 -0.00572 0.04474)
(-0.07697 -0.00285 0.04535)
(-0.06560 -0.02136 0.04424)
(-0.06778 -0.02423 0.04495)
(-0.05428 -0.03897 0.03545)
(-0.05677 -0.04284 0.03263)
(-0.05240 -0.05658 0.02372)
(-0.05539 -0.06233 0.01025)
(-0.03702 -0.06593 -0.01530)
(-0.03352 -0.06282 -0.02856)
(-0.03064 -0.06287 -0.03495)
(-0.02817 -0.06281 -0.05047)
(-0.01872 -0.05244 -0.06599)
(-0.02816 -0.04186 -0.06947)
(-0.02874 -0.03619 -0.06657)
(-0.03383 -0.03070 -0.06528)
(-0.03341 -0.03098 -0.05616)
(-0.03906 -0.02878 -0.05599)
(-0.03376 -0.02348 -0.03871)
(-0.03000 -0.02457 -0.02935)
(-0.02630 -0.02791 -0.02374)
(-0.02133 -0.04090 -0.01361)
(-0.01715 -0.04831 -0.00036)
(-0.00757 -0.07514 0.01899)
(-0.00613 -0.07976 0.02250)
(-0.00149 -0.03390 0.01124)
(-0.00517 -0.07873 0.02484)
(-0.00334 -0.06546 0.02145)
(-0.00095 -0.02654 0.01156)
(-0.00001 -0.00202 0.00120)
(0.01628 -0.00588 -0.00240)
(-0.00055 0.00020 0.00008)
(-0.03103 0.01051 0.00670)
(-0.06164 0.02055 0.01408)
(-0.09152 0.02824 0.02662)
(-0.08895 0.02725 0.02607)
(-0.07696 0.02248 0.02649)
(-0.07678 0.01982 0.02559)
(-0.06711 0.01537 0.03331)
(-0.05710 0.01143 0.03532)
(-0.06002 0.01266 0.02918)
(-0.04927 0.00642 0.03434)
(-0.05376 0.00376 0.03763)
(-0.05499 0.00047 0.04016)
(-0.05270 -0.00851 0.04092)
(-0.04430 -0.01874 0.03839)
(-0.05991 -0.02016 0.04351)
(-0.07539 -0.02738 0.05522)
(-0.05698 -0.03791 0.04238)
(-0.04781 -0.04642 0.03225)
(-0.04010 -0.05730 0.02677)
(-0.02670 -0.07178 0.01197)
(-0.02023 -0.07421 -0.00504)
(-0.00827 -0.08159 -0.01706)
(-0.03059 -0.06823 -0.02696)
(-0.02754 -0.06819 -0.03417)
(-0.01462 -0.07038 -0.04697)
(-0.00906 -0.06461 -0.05612)
(-0.00548 -0.06622 -0.07047)
(-0.01507 -0.04648 -0.06260)
(-0.01915 -0.04099 -0.06004)
(-0.03692 -0.03239 -0.06116)
(-0.03583 -0.02336 -0.03938)
(-0.02805 -0.02504 -0.02548)
(-0.01983 -0.03434 -0.01494)
(-0.01544 -0.04688 -0.00175)
(-0.00758 -0.04796 0.01250)
(-0.01330 -0.04466 0.00079)
(-0.00473 -0.05079 0.01701)
(-0.00276 -0.06370 0.02187)
(-0.00483 -0.08156 0.03494)
(-0.00294 -0.06426 0.02990)
(-0.00142 -0.05652 0.03463)
(-0.00006 -0.01742 0.01058)
(0.00027 -0.00923 0.00643)
(0.00069 -0.00024 -0.00012)
(-0.02551 0.00892 0.00428)
(-0.07642 0.02433 0.02066)
(-0.08163 0.02671 0.02476)
(-0.07870 0.02229 0.03229)
(-0.05538 0.01348 0.03926)
(-0.06722 0.01764 0.03443)
(-0.06730 0.01807 0.03617)
(-0.05522 0.01268 0.03818)
(-0.05250 0.01063 0.04138)
(-0.05156 0.00985 0.04133)
(-0.03624 0.00375 0.04007)
(-0.03084 0.00119 0.04383)
(-0.03157 0.00072 0.04299)
(-0.03740 0.00024 0.04196)
(-0.03847 -0.00702 0.03753)
(-0.03271 -0.00568 0.04324)
(-0.02967 -0.00934 0.04412)
(-0.03561 -0.00977 0.03804)
(-0.03442 -0.01914 0.03577)
(-0.04134 -0.02128 0.03831)
(-0.04675 -0.02973 0.04282)
(-0.04744 -0.03498 0.04066)
(-0.02655 -0.05385 0.02756)
(-0.00001 -0.06864 0.01380)
(0.00562 -0.07329 0.00932)
(0.01055 -0.08169 0.00333)
(0.00434 -0.08377 -0.01320)
(0.00218 -0.08318 -0.03001)
(0.00821 -0.07823 -0.04577)
(-0.00193 -0.07027 -0.05131)
(-0.00034 -0.07171 -0.07137)
(-0.00229 -0.06635 -0.06604)
(0.00065 -0.05225 -0.05314)
(-0.01809 -0.03715 -0.05793)
(-0.00592 -0.03944 -0.04500)
(-0.01838 -0.03435 -0.04042)
(-0.01784 -0.03413 -0.02801)
(-0.01463 -0.03289 -0.02199)
(-0.01018 -0.03514 -0.01481)
(-0.01718 -0.03229 -0.01195)
(-0.01377 -0.03274 -0.00284)
(-0.00784 -0.04264 0.01006)
(-0.00332 -0.04429 0.01503)
(-0.00006 -0.05228 0.02861)
(0.00144 -0.06807 0.03871)
(0.00099 -0.07548 0.05131)
(-0.00137 -0.02804 0.02071)
(0.00016 0.00347 -0.00256)
(-0.00268 -0.05162 0.04229)
(-0.00789 0.00298 0.00115)
(-0.04285 0.01504 0.00799)
(-0.04906 0.01779 0.00938)
(-0.06949 0.02366 0.01534)
(-0.07461 0.02254 0.02982)
(-0.05697 0.01443 0.03894)
(-0.04982 0.01184 0.04124)
(-0.05077 0.01183 0.04084)
(-0.04659 0.01011 0.04267)
(-0.04081 0.00657 0.04593)
(-0.02874 0.00095 0.04587)
(-0.02783 0.00011 0.04578)
(-0.02338 -0.00406 0.04220)
(-0.01656 -0.01089 0.04232)
(-0.01303 -0.01472 0.03975)
(-0.01093 -0.02695 0.03204)
(-0.01907 -0.02419 0.03315)
(-0.00576 -0.04057 0.02985)
(0.01054 -0.04017 0.02488)
(-0.01296 -0.04351 0.03023)
(-0.00827 -0.05728 0.02025)
(0.00787 -0.06928 0.01157)
(0.01326 -0.07314 0.00766)
(0.01853 -0.07718 0.00373)
(0.02200 -0.08431 -0.01013)
(0.01888 -0.08685 -0.02588)
(0.05325 -0.08859 -0.02395)
(0.02940 -0.08463 -0.03232)
(0.02581 -0.08004 -0.03803)
(0.03342 -0.07592 -0.04906)
(0.02808 -0.07114 -0.04944)
(0.02527 -0.05682 -0.03848)
(0.01797 -0.05221 -0.03836)
(0.02075 -0.05077 -0.03348)
(-0.00331 -0.04077 -0.03289)
(-0.00099 -0.03873 -0.02158)
(-0.00917 -0.03501 -0.01683)
(-0.00491 -0.03574 -0.01236)
(-0.00686 -0.03447 -0.01100)
(0.00196 -0.03845 0.00319)
(-0.00294 -0.03734 0.01301)
(0.00443 -0.05326 0.02925)
(0.00931 -0.04602 0.04545)
(0.00158 -0.05753 0.04656)
(0.00773 -0.05047 0.05023)
(-0.00017 -0.06656 0.05337)
(-0.00528 -0.04753 0.04297)
(-0.00043 -0.00409 0.00375)
(0.00019 0.00145 -0.00138)
(0.00245 -0.00089 -0.00034)
(-0.00369 0.00135 0.00042)
(-0.02668 0.00961 0.00409)
(-0.07075 0.02495 0.01354)
(-0.07586 0.02490 0.01854)
(-0.07862 0.02752 0.01576)
(-0.06581 0.01995 0.02709)
(-0.05017 0.01210 0.04061)
(-0.04558 0.01016 0.04350)
(-0.04440 0.01002 0.04410)
(-0.04165 0.00885 0.04670)
(-0.02529 0.00045 0.05252)
(-0.01677 0.00137 0.05183)
(-0.02590 0.00020 0.04887)
(-0.01649 -0.00157 0.04686)
(0.00025 -0.00962 0.04168)
(0.00472 -0.01719 0.03962)
(-0.00049 -0.02171 0.04062)
(0.01695 -0.03954 0.02382)
(0.01240 -0.04322 0.02313)
(0.01969 -0.04280 0.02117)
(0.01549 -0.04636 0.02095)
(0.01699 -0.07000 0.00849)
(0.02155 -0.07282 0.00546)
(0.02578 -0.07563 0.00247)
(0.03976 -0.07807 -0.00424)
(0.06650 -0.08644 -0.01806)
(0.05287 -0.08718 -0.02898)
(0.08098 -0.08921 -0.03659)
(0.07867 -0.08600 -0.03666)
(0.07754 -0.08380 -0.03585)
(0.04726 -0.06583 -0.03355)
(0.03070 -0.05493 -0.03044)
(0.02459 -0.05018 -0.02841)
(0.02928 -0.04370 -0.01024)
(-0.00125 -0.03702 -0.01269)
(0.00364 -0.03854 -0.00825)
(0.00916 -0.03902 0.00126)
(0.01338 -0.04323 0.02114)
(0.01991 -0.04344 0.02714)
(0.00947 -0.04726 0.02658)
(0.01246 -0.04495 0.04641)
(0.01046 -0.04641 0.04770)
(0.00856 -0.04835 0.05007)
(0.00678 -0.04994 0.05219)
(-0.00201 -0.05964 0.06036)
(-0.00276 -0.02080 0.02009)
(-0.00122 -0.00800 0.00804)
(0.00122 0.00828 -0.00822)
(-0.00773 0.00276 0.00033)
(-0.02800 0.01012 0.00327)
(-0.05020 0.01795 0.00729)
(-0.04352 0.01559 0.00486)
(-0.07610 0.02666 0.01403)
(-0.07360 0.02537 0.01782)
(-0.04033 0.00907 0.03905)
(-0.03975 0.00856 0.03229)
(-0.04256 0.00951 0.04467)
(-0.03999 0.00865 0.04784)
(-0.01863 0.00311 0.05353)
(-0.00586 -0.00069 0.06695)
(-0.01164 -0.00275 0.05667)
(0.00066 -0.00565 0.06205)
(0.00263 -0.00845 0.04757)
(0.01159 -0.01279 0.04197)
(0.01450 -0.01597 0.04331)
(0.01802 -0.02003 0.03868)
(0.01842 -0.03022 0.03113)
(0.02569 -0.04186 0.02003)
(0.02350 -0.04635 0.01824)
(0.02967 -0.04561 0.01659)
(0.04156 -0.05608 0.00886)
(0.04664 -0.07138 -0.00122)
(0.05086 -0.07090 -0.00834)
(0.07280 -0.07638 -0.01946)
(0.08141 -0.07652 -0.02495)
(0.07914 -0.08738 -0.03293)
(0.08135 -0.08703 -0.03154)
(0.08685 -0.08596 -0.03357)
(0.08590 -0.08408 -0.03238)
(0.07552 -0.07171 -0.02590)
(0.04073 -0.05849 -0.02760)
(0.04533 -0.05878 -0.02310)
(0.03682 -0.05465 -0.02270)
(0.05612 -0.05758 0.00017)
(0.04476 -0.04862 0.00296)
(0.05083 -0.05093 0.00806)
(0.03838 -0.04752 0.01577)
(0.06425 -0.05803 0.02909)
(0.04543 -0.04851 0.02506)
(0.03513 -0.04611 0.02646)
(0.05463 -0.04973 0.03793)
(0.02550 -0.04531 0.04302)
(0.01559 -0.04541 0.04866)
(0.01279 -0.04617 0.04950)
(0.01140 -0.04679 0.05139)
(0.00972 -0.04699 0.05321)
(0.00648 -0.04789 0.05401)
(0.00475 -0.05145 0.06838)
(-0.00529 -0.05797 0.06825)
(-0.00484 -0.02348 0.02727)
(0.00054 0.00314 -0.00330)
(0.00039 -0.00014 0.00003)
(-0.00527 0.00165 -0.00047)
(-0.02965 0.00904 -0.00195)
(-0.06960 0.02460 0.00962)
(-0.05640 0.01541 0.01209)
(-0.05073 0.01418 0.01996)
(-0.03268 0.00466 0.01398)
(-0.04064 0.00916 0.03156)
(-0.03034 0.00464 0.04162)
(-0.01288 0.00073 0.04360)
(-0.01081 -0.00024 0.04435)
(-0.01214 0.00021 0.04775)
(-0.00250 -0.00152 0.05112)
(-0.00011 -0.00100 0.06304)
(-0.00253 -0.00199 0.07255)
(0.01286 -0.00716 0.06117)
(0.01766 -0.01189 0.05115)
(0.02025 -0.01706 0.04486)
(0.02418 -0.01922 0.04111)
(0.03990 -0.02741 0.02685)
(0.04871 -0.03227 0.01738)
(0.05635 -0.04251 0.00304)
(0.04562 -0.05095 0.00549)
(0.06318 -0.04343 -0.00526)
(0.07132 -0.05989 -0.01252)
(0.08433 -0.06883 -0.02132)
(0.07622 -0.06658 -0.02207)
(0.08143 -0.06842 -0.02641)
(0.09159 -0.07641 -0.02873)
(0.09739 -0.07117 -0.03629)
(0.10485 -0.08339 -0.02844)
(0.09532 -0.08235 -0.03405)
(0.09579 -0.08515 -0.02596)
(0.09544 -0.07855 -0.02155)
(0.08593 -0.07676 -0.01926)
(0.10517 -0.08062 -0.00627)
(0.07499 -0.06757 0.00345)
(0.09633 -0.07867 0.01237)
(0.08769 -0.06962 0.02678)
(0.09040 -0.07091 0.02947)
(0.08435 -0.07528 0.04270)
(0.07265 -0.06161 0.04405)
(0.08263 -0.06880 0.05854)
(0.05961 -0.05726 0.05204)
(0.04532 -0.05196 0.04870)
(0.03400 -0.04837 0.05956)
(0.03235 -0.05151 0.07030)
(0.01291 -0.04855 0.06371)
(-0.00435 -0.04508 0.07749)
(-0.00631 -0.05375 0.08071)
(0.00993 -0.04561 0.07741)
(-0.01222 -0.04351 0.08264)
(-0.00659 -0.02801 0.04041)
(-0.00043 -0.00173 0.00235)
(0.00089 0.00377 -0.00520)
(-0.00241 0.00054 -0.00071)
(-0.01398 0.00410 -0.00145)
(-0.05218 0.01296 -0.00005)
(-0.02812 -0.00094 -0.00064)
(-0.02971 0.00148 0.00427)
(-0.02109 -0.00224 0.01814)
(-0.01724 -0.00603 0.00861)
(-0.01260 -0.00222 0.03126)
(-0.01051 -0.00011 0.04566)
(0.00487 -0.00192 0.04453)
(0.00277 -0.00273 0.04913)
(0.00873 -0.00491 0.05619)
(0.01215 -0.00404 0.05479)
(0.02159 -0.00515 0.05219)
(0.03806 -0.01088 0.04262)
(0.04281 -0.01272 0.03746)
(0.03538 -0.01415 0.03818)
(0.04622 -0.02160 0.03052)
(0.05376 -0.02997 0.02049)
(0.06274 -0.02799 0.00424)
(0.07029 -0.02738 -0.01045)
(0.07760 -0.05313 -0.01324)
(0.09017 -0.06450 -0.02179)
(0.08273 -0.05277 -0.02683)
(0.08882 -0.04874 -0.03984)
(0.08904 -0.04888 -0.04065)
(0.10165 -0.07372 -0.03309)
(0.10243 -0.07869 -0.03173)
(0.10313 -0.07277 -0.02425)
(0.10474 -0.07443 -0.02129)
(0.11653 -0.08289 -0.00503)
(0.12380 -0.08797 0.00421)
(0.10246 -0.08213 0.00811)
(0.11812 -0.09160 0.01543)
(0.09875 -0.07576 0.02622)
(0.10174 -0.08237 0.03140)
(0.11265 -0.09123 0.05520)
(0.10244 -0.08620 0.06574)
(0.10100 -0.08606 0.06894)
(0.08812 -0.07617 0.06853)
(0.05499 -0.05681 0.05836)
(0.07817 -0.07248 0.07353)
(0.05729 -0.06069 0.06889)
(0.04061 -0.05238 0.07131)
(0.03624 -0.05198 0.07936)
(0.01452 -0.04653 0.07821)
(0.00402 -0.04815 0.08481)
(-0.01437 -0.04111 0.08279)
(0.00027 -0.04836 0.08500)
(-0.01085 -0.03336 0.05675)
(-0.00181 -0.00756 0.01057)
(-0.00042 -0.00343 0.00576)
(0.00400 -0.00083 0.00120)
(-0.01533 0.00316 -0.00468)
(-0.00151 0.00030 -0.00046)
(-0.01782 0.00308 -0.00572)
(-0.03475 0.00318 -0.00687)
(-0.02049 -0.00486 0.00296)
(-0.01766 -0.00686 -0.00092)
(-0.01193 -0.00708 0.00447)
(-0.00377 -0.00774 0.00961)
(-0.00678 -0.00686 0.01825)
(0.01064 -0.01190 0.01711)
(0.00458 -0.00842 0.02881)
(0.00441 -0.00434 0.03740)
(0.02360 -0.00424 0.04013)
(0.02521 -0.00355 0.04206)
(0.02412 -0.00480 0.04990)
(0.03765 -0.00879 0.04059)
(0.04359 -0.01113 0.03626)
(0.04668 -0.01359 0.03262)
(0.05834 -0.02236 0.02061)
(0.06797 -0.02044 0.00246)
(0.06523 -0.01727 -0.01153)
(0.06988 -0.01235 -0.03540)
(0.07333 -0.03011 -0.01452)
(0.07794 -0.03412 -0.02773)
(0.08804 -0.04363 -0.03500)
(0.08490 -0.04384 -0.04170)
(0.08458 -0.04392 -0.04264)
(0.09001 -0.04991 -0.04128)
(0.10193 -0.06665 -0.03200)
(0.10207 -0.07187 -0.02627)
(0.10289 -0.07363 -0.02377)
(0.11698 -0.08354 -0.01524)
(0.11951 -0.09237 -0.00026)
(0.13057 -0.10098 0.01615)
(0.13680 -0.11102 0.03031)
(0.13626 -0.11112 0.03470)
(0.12975 -0.10223 0.04035)
(0.12021 -0.09636 0.05888)
(0.10781 -0.09115 0.06851)
(0.10594 -0.09081 0.07173)
(0.09972 -0.08554 0.07235)
(0.09310 -0.08026 0.07620)
(0.07226 -0.06960 0.08175)
(0.04740 -0.05633 0.08234)
(0.03716 -0.05382 0.08251)
(0.02708 -0.04969 0.08136)
(0.03311 -0.05133 0.08792)
(0.01688 -0.05000 0.08858)
(0.01844 -0.05220 0.09344)
(-0.00309 -0.04045 0.07053)
(-0.00059 -0.00812 0.01360)
(0.00367 -0.00067 0.00112)
(-0.00632 0.00100 -0.00200)
(-0.03330 0.00378 -0.01179)
(-0.02558 0.00221 -0.00914)
(-0.03147 0.00149 -0.01197)
(-0.00660 -0.01080 -0.00449)
(-0.00337 -0.01103 -0.00178)
(0.00296 -0.01091 -0.00034)
(0.02186 -0.01465 0.00797)
(0.02325 -0.01389 0.00949)
(0.01479 -0.01054 0.03044)
(0.02574 -0.00508 0.03612)
(0.02817 -0.00427 0.03537)
(0.03040 -0.00330 0.03468)
(0.02890 -0.00327 0.03906)
(0.03776 -0.00533 0.03136)
(0.04390 -0.00821 0.02998)
(0.04625 -0.00987 0.03068)
(0.04588 0.00108 0.00280)
(0.04943 -0.01380 0.02820)
(0.06239 -0.01065 -0.00525)
(0.06265 -0.01016 -0.00864)
(0.06617 -0.00690 -0.03632)
(0.06967 -0.01265 -0.03834)
(0.06874 -0.01199 -0.04090)
(0.07988 -0.03869 -0.04396)
(0.07899 -0.03880 -0.04507)
(0.08489 -0.04537 -0.04325)
(0.08510 -0.04732 -0.04392)
(0.09021 -0.05972 -0.03952)
(0.10128 -0.07289 -0.03470)
(0.11269 -0.08857 -0.01484)
(0.11391 -0.09277 -0.01432)
(0.12795 -0.10135 0.00554)
(0.13600 -0.11442 0.02907)
(0.13578 -0.11666 0.03327)
(0.13714 -0.11577 0.03834)
(0.13258 -0.11718 0.05286)
(0.11142 -0.09632 0.07123)
(0.10915 -0.09592 0.07431)
(0.10381 -0.08980 0.07541)
(0.10497 -0.09149 0.08599)
(0.08088 -0.07550 0.08735)
(0.07639 -0.07253 0.08630)
(0.07081 -0.06560 0.09714)
(0.05716 -0.06016 0.09491)
(0.05185 -0.05802 0.09375)
(0.05724 -0.06002 0.09535)
(0.05262 -0.05796 0.09423)
(0.04793 -0.05595 0.09333)
(0.02488 -0.05320 0.09426)
(0.00032 -0.05332 0.09310)
(0.00370 -0.04974 0.08512)
(-0.00005 -0.01288 0.02148)
(0.00013 0.00394 -0.00650)
(0.00132 -0.00019 0.00040)
(-0.00987 0.00106 -0.00316)
(-0.00537 -0.01009 -0.00926)
(-0.01435 -0.00908 -0.01334)
(0.00328 -0.01942 -0.01170)
(0.00179 -0.01762 -0.01013)
(0.01607 -0.02033 -0.00296)
(0.02408 -0.01692 0.00414)
(0.02508 -0.01525 0.00591)
(0.02973 -0.01591 0.01402)
(0.02964 -0.01244 0.01692)
(0.02967 -0.00458 0.03091)
(0.03160 -0.00328 0.03011)
(0.03275 0.00015 0.01868)
(0.03279 -0.00198 0.03311)
(0.03866 0.00794 0.01474)
(0.03816 0.00404 0.00739)
(0.04027 0.00797 -0.00787)
(0.05387 0.00778 -0.01472)
(0.06036 0.00013 -0.01345)
(0.05871 -0.00040 -0.03220)
(0.06539 -0.00671 -0.03987)
(0.06143 -0.00139 -0.04179)
(0.06407 -0.00653 -0.04297)
(0.05951 -0.01469 -0.04914)
(0.05637 -0.01687 -0.05839)
(0.07893 -0.04068 -0.04561)
(0.07361 -0.04276 -0.04927)
(0.06987 -0.05435 -0.04788)
(0.07613 -0.06140 -0.04484)
(0.10757 -0.08366 -0.02605)
(0.11278 -0.09280 -0.02200)
(0.12006 -0.10271 -0.00533)
(0.12343 -0.11251 0.01785)
(0.13259 -0.11941 0.03135)
(0.13549 -0.11907 0.03813)
(0.12556 -0.12427 0.05702)
(0.11848 -0.11129 0.07086)
(0.11395 -0.11550 0.07995)
(0.11681 -0.10669 0.08733)
(0.10908 -0.10054 0.09722)
(0.09823 -0.08477 0.09684)
(0.07848 -0.07537 0.09800)
(0.09223 -0.08149 0.10503)
(0.07845 -0.07316 0.09913)
(0.06225 -0.06235 0.09684)
(0.05603 -0.05894 0.09494)
(0.05253 -0.05654 0.09683)
(0.03700 -0.05681 0.09582)
(0.00645 -0.05378 0.09335)
(0.01462 -0.05239 0.09237)
(0.00131 -0.01772 0.02942)
(-0.00002 0.00080 -0.00131)
(-0.00020 -0.00012 0.00001)
(-0.00386 -0.00456 -0.00210)
(-0.00325 -0.00314 0.00076)
(0.00213 -0.01678 -0.00756)
(0.00538 -0.01982 -0.00877)
(0.01307 -0.02684 -0.01222)
(0.02388 -0.03122 -0.00952)
(0.02934 -0.02820 -0.01197)
(0.02626 -0.02492 -0.00229)
(0.02671 -0.01670 0.00245)
(0.02960 -0.01704 -0.00131)
(0.03065 -0.01136 0.00362)
(0.03316 -0.00240 0.01164)
(0.02808 0.00430 -0.00428)
(0.03711 0.00862 0.00070)
(0.04146 0.01414 -0.00041)
(0.03348 0.01798 -0.01466)
(0.04358 0.00957 -0.01934)
(0.03200 0.01873 -0.03165)
(0.04394 0.01591 -0.03582)
(0.03331 0.02095 -0.05098)
(0.03270 0.01913 -0.05866)
(0.05986 -0.00143 -0.04530)
(0.04569 -0.00505 -0.05945)
(0.03175 0.00372 -0.07419)
(0.05630 -0.02138 -0.06103)
(0.04847 -0.02719 -0.06269)
(0.05861 -0.04437 -0.05593)
(0.05664 -0.05118 -0.05496)
(0.08607 -0.07976 -0.03573)
(0.07987 -0.09126 -0.02639)
(0.10654 -0.10818 -0.00406)
(0.10020 -0.11784 0.00512)
(0.09899 -0.12839 0.01394)
(0.11771 -0.13475 0.03984)
(0.11637 -0.13732 0.04990)
(0.11976 -0.13614 0.07590)
(0.11805 -0.13474 0.07730)
(0.11280 -0.11416 0.09160)
(0.10889 -0.11124 0.09707)
(0.10053 -0.09214 0.09957)
(0.09823 -0.09316 0.10489)
(0.07911 -0.07124 0.10457)
(0.07848 -0.07416 0.10368)
(0.06142 -0.06109 0.09587)
(0.08375 -0.07142 0.10523)
(0.06200 -0.06020 0.10018)
(0.05367 -0.06032 0.09778)
(0.06080 -0.06158 0.09891)
(0.04008 -0.05812 0.09786)
(0.01320 -0.02499 0.04026)
(0.00040 -0.00182 0.00287)
(-0.00068 -0.00057 0.00023)
(0.00133 -0.00930 -0.00074)
(0.00767 -0.02080 -0.00583)
(0.02899 -0.03344 -0.01030)
(0.02799 -0.03284 -0.01237)
(0.02980 -0.03018 -0.01291)
(0.03548 -0.03021 -0.01892)
(0.03291 -0.02775 -0.01216)
(0.03405 -0.02596 -0.01716)
(0.03407 -0.01694 -0.01489)
(0.03077 -0.00282 -0.00834)
(0.02278 0.00586 -0.01223)
(0.02548 0.01229 -0.01085)
(0.01377 0.01590 -0.02331)
(0.03224 0.01442 -0.01038)
(0.01913 0.02648 -0.02667)
(-0.00254 0.04159 -0.06345)
(0.01872 0.02703 -0.05284)
(0.01465 0.03430 -0.06506)
(0.01685 0.03151 -0.06780)
(0.02109 0.02441 -0.07194)
(0.02231 0.01753 -0.07306)
(0.02305 0.01075 -0.07629)
(0.03137 -0.00341 -0.07046)
(0.03504 -0.01781 -0.06772)
(0.02816 -0.03030 -0.07261)
(0.02789 -0.03837 -0.06750)
(0.05490 -0.06723 -0.04702)
(0.04583 -0.09124 -0.03423)
(0.07757 -0.10442 -0.01862)
(0.08507 -0.11966 -0.00299)
(0.08256 -0.13216 0.01881)
(0.10226 -0.13648 0.03462)
(0.09619 -0.14048 0.04723)
(0.11743 -0.13693 0.07513)
(0.10999 -0.13642 0.08220)
(0.11753 -0.12511 0.09262)
(0.10403 -0.12935 0.10370)
(0.10545 -0.11259 0.10526)
(0.10496 -0.10230 0.10783)
(0.09963 -0.09443 0.10455)
(0.09460 -0.08315 0.10799)
(0.10531 -0.08939 0.11345)
(0.10005 -0.08298 0.11302)
(0.08746 -0.07418 0.10621)
(0.07443 -0.06280 0.10285)
(0.07180 -0.06131 0.10008)
(0.06127 -0.06221 0.09845)
(0.03207 -0.04254 0.06877)
(0.01182 -0.02148 0.03428)
(0.00156 -0.00323 0.00512)
(0.00014 0.00021 -0.00045)
(-0.00033 -0.00102 0.00146)
(0.00660 -0.00958 0.00450)
(0.01931 -0.02443 0.00007)
(0.02842 -0.03112 -0.00882)
(0.03258 -0.03340 -0.01263)
(0.03377 -0.03102 -0.01169)
(0.03419 -0.03369 -0.01530)
(0.03454 -0.02814 -0.02132)
(0.03444 -0.02718 -0.02081)
(0.03321 -0.02377 -0.02039)
(0.01201 0.00175 -0.03284)
(0.02795 -0.00418 -0.02200)
(0.01128 0.00893 -0.02945)
(-0.00961 0.03249 -0.04744)
(0.00028 0.03008 -0.03878)
(-0.01717 0.04161 -0.05746)
(0.00039 0.03397 -0.04889)
(-0.01034 0.04558 -0.06957)
(-0.00583 0.04392 -0.06997)
(-0.00775 0.04578 -0.07523)
(-0.00549 0.04623 -0.08131)
(0.01087 0.02768 -0.07959)
(0.00472 0.02969 -0.08587)
(-0.00321 0.03276 -0.10101)
(0.00342 0.02026 -0.09672)
(0.01451 0.00519 -0.08231)
(0.01508 -0.00746 -0.08179)
(0.00613 -0.01368 -0.08486)
(0.00616 -0.01827 -0.08328)
(0.03750 -0.05564 -0.05593)
(0.03856 -0.08818 -0.03755)
(0.04682 -0.09730 -0.02998)
(0.05364 -0.10882 -0.02265)
(0.05570 -0.12428 0.00785)
(0.07720 -0.13808 0.03187)
(0.06919 -0.14586 0.04946)
(0.09102 -0.14736 0.06039)
(0.08554 -0.13999 0.07366)
(0.10299 -0.13477 0.10041)
(0.10266 -0.13351 0.10313)
(0.10482 -0.12851 0.10582)
(0.10661 -0.12871 0.10742)
(0.10708 -0.09711 0.11084)
(0.10794 -0.09326 0.11431)
(0.10166 -0.08421 0.11312)
(0.10321 -0.08551 0.11529)
(0.09908 -0.07751 0.11047)
(0.08647 -0.07146 0.10588)
(0.08606 -0.07392 0.10876)
(0.08385 -0.07347 0.10662)
(0.06548 -0.06263 0.10099)
(0.03931 -0.04258 0.06740)
(0.00374 -0.00456 0.00717)
(0.00389 -0.00450 0.00711)
(0.00040 -0.00038 0.00208)
(0.00925 -0.00997 0.00811)
(0.02994 -0.03081 -0.00817)
(0.03103 -0.03172 -0.01012)
(0.03278 -0.03277 -0.01286)
(0.03411 -0.03298 -0.01620)
(0.03553 -0.02782 -0.02619)
(0.03043 -0.02312 -0.03268)
(0.03241 -0.02412 -0.02314)
(0.00578 0.00460 -0.03912)
(0.00503 0.01082 -0.04158)
(-0.01727 0.03882 -0.05741)
(-0.02288 0.04349 -0.06112)
(-0.02217 0.04576 -0.06157)
(-0.02929 0.04967 -0.07388)
(-0.01385 0.04810 -0.07537)
(-0.02396 0.05316 -0.08138)
(-0.01611 0.04974 -0.08059)
(-0.02859 0.05762 -0.10624)
(-0.02780 0.05723 -0.11709)
(-0.01881 0.05293 -0.10886)
(-0.01373 0.04578 -0.11242)
(-0.02202 0.04932 -0.12867)
(-0.02204 0.04685 -0.12820)
(-0.00435 0.01570 -0.09883)
(0.00025 -0.00816 -0.08944)
(-0.00008 -0.01249 -0.08776)
(0.00480 -0.02208 -0.08206)
(0.01245 -0.05506 -0.06369)
(0.03850 -0.09355 -0.03411)
(0.03509 -0.10235 -0.02375)
(0.04093 -0.12193 -0.00077)
(0.05450 -0.13169 0.01829)
(0.06192 -0.14622 0.04690)
(0.06953 -0.14734 0.05515)
(0.06943 -0.14923 0.05958)
(0.09998 -0.13822 0.10065)
(0.10019 -0.13783 0.10287)
(0.10377 -0.13292 0.10543)
(0.10590 -0.13305 0.10766)
(0.11044 -0.11455 0.11176)
(0.11752 -0.11025 0.11844)
(0.11160 -0.10113 0.12032)
(0.11087 -0.09654 0.11780)
(0.10041 -0.07883 0.11353)
(0.09437 -0.08125 0.11134)
(0.09100 -0.07942 0.11032)
(0.06666 -0.06472 0.10283)
(0.04680 -0.04925 0.07812)
(0.02467 -0.02717 0.04303)
(0.04829 -0.05031 0.08017)
(0.00644 -0.00721 0.01151)
(0.00012 -0.00005 0.00057)
(0.00118 -0.00064 0.00419)
(0.00080 -0.00015 0.00286)
(0.00399 -0.00236 0.00960)
(0.01583 -0.01335 0.00620)
(0.02541 -0.02013 -0.00134)
(0.03189 -0.03105 -0.01022)
(0.03267 -0.02976 -0.01307)
(0.03293 -0.03214 -0.01312)
(0.02873 -0.02454 -0.02977)
(0.02970 -0.02572 -0.03245)
(0.02977 -0.02175 -0.03632)
(0.01274 -0.00455 -0.04651)
(0.00167 0.00816 -0.04735)
(-0.01310 0.02018 -0.05553)
(-0.01880 0.03196 -0.05759)
(-0.02953 0.04679 -0.06446)
(-0.02870 0.04836 -0.06552)
(-0.04380 0.05929 -0.07687)
(-0.07231 0.07682 -0.11007)
(-0.02621 0.05476 -0.08611)
(-0.05385 0.07182 -0.13144)
(-0.06091 0.07329 -0.14548)
(-0.03766 0.05916 -0.13170)
(-0.03198 0.05629 -0.13727)
(-0.02713 0.05104 -0.13459)
(-0.02104 0.03337 -0.11893)
(-0.01658 0.01074 -0.10920)
(-0.00633 -0.00526 -0.09350)
(-0.00174 -0.01778 -0.08561)
(-0.01167 -0.04007 -0.07366)
(0.01575 -0.07976 -0.04278)
(0.01195 -0.09248 -0.02854)
(0.01642 -0.10978 -0.01586)
(0.03931 -0.13275 0.01600)
(0.04993 -0.14620 0.04179)
(0.06319 -0.14779 0.05348)
(0.06421 -0.15057 0.05946)
(0.08095 -0.14687 0.08537)
(0.09612 -0.14951 0.10075)
(0.10180 -0.13738 0.10530)
(0.10509 -0.14047 0.11132)
(0.11357 -0.13040 0.11470)
(0.11209 -0.13123 0.12048)
(0.11820 -0.11425 0.12091)
(0.11586 -0.10822 0.11946)
(0.11476 -0.10276 0.11887)
(0.10719 -0.09449 0.11549)
(0.08328 -0.07494 0.11111)
(0.06936 -0.06613 0.10504)
(0.06773 -0.06644 0.10582)
(0.06416 -0.06549 0.10493)
(0.04192 -0.04407 0.07098)
(0.00647 -0.00759 0.01237)
(-0.00507 0.00607 -0.00996)
(0.00014 0.00005 0.00035)
(0.00185 0.00037 0.00410)
(0.01523 -0.00896 0.01038)
(0.01030 -0.00494 0.00856)
(0.02411 -0.01397 0.00929)
(0.02573 -0.01878 0.00036)
(0.03019 -0.02496 -0.00516)
(0.03478 -0.02806 -0.01902)
(0.03098 -0.02484 -0.02678)
(0.02805 -0.02167 -0.04138)
(0.02859 -0.02185 -0.04367)
(0.01140 -0.00650 -0.04664)
(-0.00472 0.01136 -0.05248)
(-0.03069 0.03377 -0.06214)
(-0.03864 0.04083 -0.06761)
(-0.05309 0.05329 -0.07270)
(-0.07640 0.07354 -0.09058)
(-0.03575 0.05214 -0.06896)
(-0.06276 0.06823 -0.08756)
(-0.09288 0.08858 -0.12277)
(-0.07766 0.08206 -0.12141)
(-0.07669 0.08029 -0.14051)
(-0.07865 0.08328 -0.15212)
(-0.05651 0.07005 -0.14699)
(-0.06477 0.07501 -0.15980)
(-0.06631 0.06974 -0.16253)
(-0.04249 0.04709 -0.13951)
(-0.04043 0.03302 -0.12826)
(-0.04027 0.02969 -0.12920)
(-0.02950 -0.00355 -0.10037)
(-0.02161 -0.03126 -0.07971)
(-0.01371 -0.05348 -0.06466)
(-0.00625 -0.08071 -0.04116)
(-0.00291 -0.09271 -0.03124)
(0.01660 -0.12019 0.00106)
(0.01776 -0.12435 0.01307)
(0.05710 -0.14737 0.05195)
(0.05348 -0.15458 0.06505)
(0.06453 -0.16043 0.07875)
(0.06776 -0.16127 0.08992)
(0.08553 -0.15681 0.10205)
(0.09203 -0.15343 0.10560)
(0.10806 -0.14385 0.11580)
(0.11250 -0.13700 0.12428)
(0.11357 -0.12246 0.12429)
(0.10927 -0.11967 0.12666)
(0.11105 -0.10537 0.12385)
(0.09270 -0.09520 0.12445)
(0.09184 -0.08994 0.11967)
(0.08658 -0.08917 0.12638)
(0.07670 -0.07506 0.12255)
(0.06030 -0.06458 0.10546)
(0.03671 -0.03972 0.06467)
(0.01008 -0.01120 0.01868)
(-0.00365 0.00444 -0.00760)
(0.00207 -0.00016 0.00254)
(0.01277 -0.00270 0.01263)
(0.02547 -0.01345 0.00688)
(0.03134 -0.02141 -0.00396)
(0.03368 -0.02572 -0.00954)
(0.03268 -0.02482 -0.01498)
(0.02518 -0.01702 -0.03051)
(0.03032 -0.02397 -0.02635)
(0.02378 -0.01647 -0.03852)
(0.01362 -0.00640 -0.04562)
(0.02170 -0.01530 -0.04513)
(0.00004 0.00572 -0.05187)
(-0.01415 0.01670 -0.05820)
(-0.03098 0.03007 -0.06454)
(-0.03801 0.03590 -0.06611)
(-0.04427 0.04481 -0.06938)
(-0.05341 0.04866 -0.07019)
(-0.06779 0.06260 -0.07870)
(-0.09548 0.07908 -0.09563)
(-0.09126 0.08386 -0.11089)
(-0.10131 0.09327 -0.12543)
(-0.10154 0.09591 -0.13026)
(-0.10089 0.09278 -0.16018)
(-0.11652 0.10048 -0.18839)
(-0.08112 0.08327 -0.17127)
(-0.07881 0.08063 -0.17253)
(-0.08188 0.07308 -0.17603)
(-0.06878 0.06378 -0.16278)
(-0.05895 0.05145 -0.15010)
(-0.05051 0.03661 -0.13798)
(-0.03928 0.01024 -0.10919)
(-0.03694 -0.00795 -0.09785)
(-0.02529 -0.04397 -0.07248)
(-0.02474 -0.05793 -0.05741)
(-0.02701 -0.07678 -0.03972)
(0.00389 -0.10878 -0.00966)
(0.00730 -0.11934 0.01182)
(0.02099 -0.14424 0.03750)
(0.02640 -0.15328 0.05628)
(0.04883 -0.15888 0.06925)
(0.06221 -0.16851 0.08612)
(0.06854 -0.16691 0.09059)
(0.08607 -0.16163 0.10430)
(0.08188 -0.16812 0.10793)
(0.10077 -0.14769 0.11581)
(0.11047 -0.13740 0.12562)
(0.09664 -0.14114 0.13404)
(0.09718 -0.13614 0.13460)
(0.09665 -0.12474 0.13412)
(0.09484 -0.13326 0.13646)
(0.09253 -0.10975 0.13204)
(0.08206 -0.09129 0.12997)
(0.07942 -0.08905 0.12830)
(0.06850 -0.07515 0.11605)
(0.01989 -0.02371 0.03736)
(0.00262 -0.00396 0.00627)
(-0.00100 0.00152 -0.00242)
(0.00040 -0.00001 0.00050)
(0.00666 -0.00071 0.00754)
(0.01876 -0.00418 0.01748)
(0.02577 -0.01218 0.00799)
(0.02971 -0.01771 -0.00522)
(0.02917 -0.01771 -0.01014)
(0.02928 -0.01886 -0.01906)
(0.01800 -0.00889 -0.03819)
(0.01621 -0.00758 -0.04179)
(0.01271 -0.00430 -0.04463)
(-0.00349 0.00833 -0.05452)
(-0.03315 0.03226 -0.06520)
(-0.03941 0.03717 -0.06665)
(-0.04813 0.04436 -0.06888)
(-0.08216 0.07198 -0.08624)
(-0.09954 0.08257 -0.10107)
(-0.10658 0.08822 -0.11647)
(-0.12270 0.10015 -0.13971)
(-0.11331 0.09734 -0.14247)
(-0.12845 0.10565 -0.15417)
(-0.11985 0.10194 -0.17274)
(-0.12218 0.10303 -0.19242)
(-0.11492 0.09969 -0.19344)
(-0.10866 0.09577 -0.19320)
(-0.09275 0.08322 -0.18904)
(-0.08180 0.07166 -0.17363)
(-0.07037 0.06389 -0.16599)
(-0.07135 0.05370 -0.15613)
(-0.05551 0.02443 -0.12122)
(-0.05913 0.01448 -0.11400)
(-0.04352 -0.01720 -0.09151)
(-0.03398 -0.05266 -0.05914)
(-0.03056 -0.07038 -0.04357)
(-0.02517 -0.08284 -0.03281)
(-0.01229 -0.10092 -0.00990)
(0.01204 -0.14307 0.03456)
(0.01949 -0.14167 0.03509)
(0.02565 -0.13649 0.03929)
(0.04727 -0.15735 0.07280)
(0.06473 -0.16756 0.08934)
(0.07068 -0.16672 0.09438)
(0.07245 -0.16660 0.09667)
(0.08340 -0.15431 0.10535)
(0.09080 -0.14493 0.12666)
(0.09292 -0.13786 0.13635)
(0.09598 -0.12627 0.13746)
(0.08981 -0.11349 0.13443)
(0.07912 -0.10885 0.13218)
(0.08009 -0.09862 0.13245)
(0.07455 -0.08960 0.13193)
(0.06702 -0.07785 0.11314)
(0.02122 -0.02598 0.04055)
(0.00151 -0.00185 0.00294)
(0.00026 0.00007 0.00026)
(0.00825 0.00164 0.00737)
(0.02092 -0.00429 0.00683)
(0.02969 -0.01219 0.00008)
(0.02909 -0.01361 -0.00096)
(0.02796 -0.01337 -0.01468)
(0.02196 -0.00824 -0.02193)
(0.02825 -0.01457 -0.01791)
(0.01708 -0.00760 -0.03847)
(0.01484 -0.00591 -0.04171)
(0.01373 -0.00444 -0.04181)
(0.01088 -0.00217 -0.04474)
(0.00846 -0.00025 -0.04705)
(-0.03351 0.03402 -0.06487)
(-0.04050 0.03841 -0.06709)
(-0.04871 0.04497 -0.06926)
(-0.08562 0.07466 -0.09218)
(-0.09767 0.08149 -0.09981)
(-0.11509 0.09433 -0.12906)
(-0.13250 0.10777 -0.14864)
(-0.13484 0.10876 -0.15617)
(-0.12566 0.10436 -0.17475)
(-0.12685 0.10505 -0.19635)
(-0.12103 0.10257 -0.19741)
(-0.12031 0.10259 -0.20161)
(-0.11372 0.09713 -0.20647)
(-0.08838 0.07615 -0.17983)
(-0.09512 0.07718 -0.17759)
(-0.07543 0.04614 -0.15082)
(-0.05845 0.00872 -0.10873)
(-0.05274 -0.01337 -0.09307)
(-0.02877 -0.07617 -0.03792)
(-0.00526 -0.10790 0.00218)
(0.00636 -0.12652 0.01610)
(0.02834 -0.14493 0.05022)
(0.06655 -0.16644 0.09059)
(0.07327 -0.16772 0.09911)
(0.09053 -0.14245 0.13587)
(0.08621 -0.12531 0.13650)
(0.02468 -0.03161 0.04593)
(0.00172 0.00025 0.00163)
(0.01419 0.00012 0.00619)
(0.02896 -0.00695 -0.00190)
(0.02310 -0.00105 0.00818)
(0.02895 -0.00682 -0.00374)
(0.02941 -0.00882 -0.00658)
(0.02142 -0.00512 -0.02158)
(0.01621 -0.00631 -0.03882)
(0.01274 -0.00299 -0.04214)
(0.00928 -0.00020 -0.04501)
(0.00115 0.00744 -0.05181)
(-0.02902 0.03355 -0.06565)
(-0.04616 0.04937 -0.07010)
(-0.04920 0.04728 -0.07096)
(-0.08602 0.07663 -0.08851)
(-0.08517 0.07341 -0.09050)
(-0.10564 0.08674 -0.10126)
(-0.12409 0.10037 -0.12567)
(-0.12361 0.10103 -0.12220)
(-0.13270 0.10777 -0.14849)
(-0.13468 0.10877 -0.15714)
(-0.13723 0.10910 -0.17193)
(-0.13458 0.10952 -0.20080)
(-0.12786 0.10596 -0.20308)
(-0.12525 0.10504 -0.20484)
(-0.10890 0.09300 -0.20535)
(-0.00252 -0.00072 -0.00222)
(0.00740 0.00121 0.00467)
(0.02562 0.00203 0.00940)
(0.02847 -0.00224 0.00504)
(0.02772 -0.00551 -0.00477)
(0.02743 -0.00821 -0.01359)
(0.02091 -0.00421 -0.02305)
(0.01832 -0.00245 -0.02759)
(0.01858 -0.00232 -0.02757)
(0.01041 0.00063 -0.04265)
(-0.00052 0.01059 -0.05038)
(-0.01099 0.02035 -0.05613)
(-0.03887 0.04451 -0.06809)
(-0.04270 0.04868 -0.06918)
(-0.06162 0.06106 -0.08095)
(-0.08139 0.07568 -0.08870)
(-0.10512 0.08864 -0.10274)
(-0.11633 0.09777 -0.12298)
(-0.13080 0.10740 -0.14823)
(-0.13947 0.11173 -0.18085)
(-0.14176 0.11431 -0.20318)
(-0.00257 -0.00071 -0.00198)
(0.00181 0.00049 0.00136)
(0.01289 0.00311 0.00832)
(0.02649 0.00088 0.00204)
(0.02609 0.00011 -0.00159)
(0.02492 -0.00113 -0.01225)
(0.01800 -0.00004 -0.02631)
(0.00971 0.00556 -0.04274)
(0.00205 0.01061 -0.05195)
(-0.01213 0.02343 -0.05822)
(-0.03423 0.04061 -0.06633)
(-0.04189 0.04700 -0.07040)
(-0.05644 0.05720 -0.07943)
(-0.08241 0.07821 -0.09640)
(-0.09461 0.08638 -0.10043)
(-0.10226 0.09166 -0.11154)
(-0.12362 0.10263 -0.13465)
(0.00062 0.00019 0.00044)
(0.01383 0.00298 0.00445)
(0.02091 0.00143 0.00230)
(0.02650 0.00140 0.00092)
(0.02566 0.00050 -0.00393)
(0.02525 0.00079 -0.00587)
(0.02243 0.00136 -0.02060)
(0.01513 0.00530 -0.03333)
(0.00680 0.01009 -0.04176)
(0.00818 0.01123 -0.04186)
(-0.00652 0.02091 -0.05868)
(-0.01484 0.02794 -0.06270)
(-0.02347 0.03432 -0.06671)
(-0.02273 0.03519 -0.06984)
(-0.03839 0.04601 -0.07187)
(-0.06510 0.06528 -0.08363)
(0.00156 0.00062 0.00102)
(0.02114 0.00396 0.00652)
(0.02639 0.00168 -0.00074)
(0.02901 0.00676 -0.00181)
(0.02771 0.00271 -0.00818)
(0.02511 0.00367 -0.01733)
(0.02041 0.00306 -0.03206)
(0.00923 0.01078 -0.04109)
(-0.00994 0.02455 -0.06480)
(-0.01797 0.03124 -0.06825)
(-0.00036 -0.00014 -0.00015)
(0.01003 0.00350 0.00257)
(0.02193 0.00692 -0.00027)
(-0.09320 0.07426 -0.17706)
(-0.06429 0.02047 -0.11859)
(-0.03469 -0.06358 -0.04852)
(-0.02530 -0.08227 -0.02996)
(0.01783 -0.12905 0.02798)
(0.05429 -0.16055 0.07636)
(0.06825 -0.16673 0.09336)
(0.07970 -0.15651 0.11394)
(0.08453 -0.13841 0.13208)
(0.07566 -0.12024 0.13805)
(0.07592 -0.10703 0.13188)
(0.06328 -0.08383 0.11718)
(0.06166 -0.08103 0.11429)
(0.05978 -0.07778 0.11102)
(0.00553 -0.00702 0.01027)
(-0.12936 0.10591 -0.21313)
(-0.10895 0.08833 -0.19824)
(-0.09682 0.07925 -0.18831)
(-0.09250 0.06520 -0.16701)
(-0.07396 0.03090 -0.13063)
(-0.06281 0.01420 -0.11301)
(-0.05963 -0.00346 -0.09752)
(-0.05475 -0.02350 -0.08095)
(-0.03278 -0.06893 -0.04376)
(-0.03299 -0.06325 -0.04357)
(-0.00885 -0.10236 -0.00483)
(0.00233 -0.11866 0.01084)
(0.01473 -0.12367 0.02125)
(0.02111 -0.13243 0.03018)
(0.03387 -0.14717 0.05125)
(0.06273 -0.16517 0.08554)
(0.06460 -0.16597 0.08905)
(0.07003 -0.16712 0.09746)
(0.07120 -0.16791 0.11516)
(0.08030 -0.15280 0.13293)
(0.07437 -0.14539 0.13314)
(0.07721 -0.13416 0.13467)
(0.07243 -0.12567 0.13420)
(0.06471 -0.10110 0.12556)
(0.06160 -0.08376 0.11478)
(0.05946 -0.07869 0.10956)
(0.02264 -0.02917 0.04123)
(0.00226 -0.00286 0.00407)
(-0.14509 0.11503 -0.22233)
(-0.14127 0.11293 -0.22405)
(-0.14075 0.11313 -0.22499)
(-0.13333 0.10941 -0.22272)
(-0.12419 0.09979 -0.21367)
(-0.11982 0.09405 -0.19510)
(-0.10322 0.07645 -0.17136)
(-0.09700 0.05853 -0.15472)
(-0.06757 0.02039 -0.11789)
(-0.08847 0.03967 -0.13487)
(-0.06667 0.00909 -0.10726)
(-0.06235 -0.00761 -0.08861)
(-0.04324 -0.04276 -0.06039)
(-0.03671 -0.05588 -0.05030)
(-0.02051 -0.08286 -0.02357)
(-0.01032 -0.09553 -0.00911)
(-0.00193 -0.10130 -0.00275)
(0.02035 -0.13173 0.02711)
(0.02980 -0.14258 0.03557)
(0.04640 -0.15263 0.05913)
(0.05338 -0.16045 0.06819)
(0.06094 -0.17017 0.09531)
(0.06437 -0.17602 0.11566)
(0.06571 -0.16558 0.11515)
(0.07294 -0.15004 0.12850)
(0.07524 -0.13726 0.13337)
(0.06815 -0.13843 0.12899)
(0.06762 -0.12123 0.13088)
(0.06637 -0.11218 0.12615)
(0.06573 -0.11214 0.12144)
(0.06175 -0.08798 0.11682)
(0.05864 -0.07849 0.10600)
(0.02956 -0.03769 0.05092)
(0.00649 -0.00834 0.01114)
(-0.00251 0.00318 -0.00425)
(-0.13186 0.10844 -0.16007)
(-0.13985 0.11154 -0.18307)
(-0.14309 0.11394 -0.20081)
(-0.14635 0.11610 -0.21884)
(-0.14786 0.11573 -0.22602)
(-0.14700 0.11796 -0.23431)
(-0.13787 0.11054 -0.22258)
(-0.13531 0.10725 -0.21638)
(-0.13199 0.09796 -0.19671)
(-0.12727 0.09173 -0.18699)
(-0.11032 0.07326 -0.16802)
(-0.10003 0.05041 -0.14756)
(-0.07456 0.02420 -0.12413)
(-0.07417 0.01670 -0.11476)
(-0.06026 -0.01063 -0.08620)
(-0.04195 -0.03209 -0.06728)
(-0.03640 -0.04103 -0.06245)
(-0.02302 -0.07413 -0.02931)
(-0.01568 -0.08054 -0.02395)
(0.00180 -0.10621 -0.00236)
(0.01236 -0.11892 0.00855)
(0.02495 -0.12987 0.01872)
(0.03641 -0.14439 0.03864)
(0.04735 -0.15623 0.06033)
(0.05656 -0.16376 0.07866)
(0.05200 -0.15843 0.07306)
(0.06051 -0.16322 0.09439)
(0.06078 -0.15533 0.10990)
(0.06847 -0.15474 0.12179)
(0.06431 -0.14349 0.12100)
(0.06689 -0.13122 0.12723)
(0.06535 -0.10371 0.11915)
(0.06172 -0.11342 0.11571)
(0.06159 -0.09425 0.11062)
(0.05386 -0.07962 0.09542)
(0.00655 -0.00824 0.01014)
(-0.00569 0.00695 -0.00851)
(0.04111 -0.06197 0.07276)
(-0.08044 0.07711 -0.09648)
(-0.08692 0.08143 -0.10089)
(-0.09050 0.08414 -0.10577)
(-0.11390 0.09754 -0.13230)
(-0.12991 0.10799 -0.15932)
(-0.13448 0.10697 -0.16740)
(-0.13686 0.10974 -0.16732)
(-0.14253 0.11268 -0.18852)
(-0.14725 0.11540 -0.20827)
(-0.14878 0.11719 -0.22290)
(-0.15103 0.11879 -0.23378)
(-0.15005 0.11838 -0.23229)
(-0.14232 0.10906 -0.21506)
(-0.12955 0.09417 -0.19064)
(-0.12646 0.08990 -0.18447)
(-0.10461 0.06121 -0.16242)
(-0.09139 0.03844 -0.13702)
(-0.07497 0.02132 -0.12927)
(-0.06635 -0.00033 -0.09871)
(-0.07170 0.02141 -0.12813)
(-0.04236 -0.03035 -0.07125)
(-0.03834 -0.03532 -0.06714)
(-0.03308 -0.04408 -0.05942)
(-0.00620 -0.08542 -0.02268)
(0.00622 -0.11133 0.00187)
(0.00353 -0.10540 -0.00315)
(0.01678 -0.11967 0.00571)
(0.03410 -0.14348 0.03480)
(0.03121 -0.13477 0.02455)
(0.04468 -0.15177 0.04539)
(0.05036 -0.15271 0.05408)
(0.05346 -0.15942 0.07227)
(0.05978 -0.14864 0.09846)
(0.06381 -0.14809 0.11854)
(0.06409 -0.14323 0.11856)
(0.06459 -0.13883 0.12021)
(0.06080 -0.10907 0.10491)
(0.06056 -0.10279 0.10431)
(0.05820 -0.09365 0.10102)
(0.03306 -0.04684 0.05445)
(0.00410 -0.00551 0.00656)
(0.01894 -0.02540 0.02919)
(0.00363 -0.00475 0.00552)
(-0.02129 0.03417 -0.07025)
(-0.02562 0.03769 -0.07150)
(-0.04256 0.04977 -0.08037)
(-0.07867 0.07610 -0.09632)
(-0.08420 0.07983 -0.10049)
(-0.08153 0.07821 -0.09968)
(-0.08791 0.08259 -0.10523)
(-0.11038 0.09769 -0.14051)
(-0.09919 0.08908 -0.12080)
(-0.11525 0.09846 -0.15162)
(-0.12680 0.10531 -0.16843)
(-0.14094 0.11087 -0.19944)
(-0.14090 0.11186 -0.20912)
(-0.14413 0.11659 -0.22283)
(-0.15223 0.11912 -0.23414)
(-0.15148 0.11874 -0.23262)
(-0.15182 0.11862 -0.23136)
(-0.14900 0.11376 -0.22203)
(-0.13183 0.09651 -0.19389)
(-0.12879 0.09246 -0.18805)
(-0.11258 0.07417 -0.17795)
(-0.09206 0.04645 -0.14945)
(-0.07684 0.02933 -0.13735)
(-0.07268 0.02426 -0.13274)
(-0.05311 -0.01307 -0.08600)
(-0.03996 -0.03058 -0.07123)
(-0.03467 -0.03946 -0.06326)
(-0.03636 -0.03482 -0.06729)
(-0.01425 -0.06499 -0.04247)
(-0.00227 -0.07468 -0.04500)
(0.01785 -0.10936 -0.01500)
(0.02414 -0.11338 -0.01182)
(0.04784 -0.14876 0.04384)
(0.05004 -0.15112 0.05068)
(0.05215 -0.15454 0.06037)
(0.05778 -0.14772 0.08244)
(0.06358 -0.14741 0.11637)
(0.06388 -0.14297 0.11647)
(0.06442 -0.13869 0.11820)
(0.06220 -0.12905 0.11324)
(0.05888 -0.10579 0.10146)
(0.05371 -0.08239 0.08737)
(0.01682 -0.02313 0.02459)
(-0.00359 0.00471 -0.00506)
(0.00124 -0.00166 0.00179)
(0.03096 0.00967 -0.00467)
(0.02529 0.00866 -0.02113)
(0.02452 0.00590 -0.02470)
(0.02059 0.00650 -0.04031)
(0.01648 0.00794 -0.04674)
(0.01191 0.01322 -0.04991)
(-0.00534 0.02261 -0.05903)
(-0.01673 0.03039 -0.06867)
(-0.01556 0.02971 -0.06946)
(-0.01996 0.03330 -0.07085)
(-0.02458 0.03700 -0.07209)
(-0.03904 0.04862 -0.08300)
(-0.06510 0.06745 -0.09484)
(-0.07229 0.06899 -0.09966)
(-0.09099 0.08382 -0.11832)
(-0.11071 0.09613 -0.14838)
(-0.12709 0.10467 -0.16712)
(-0.13710 0.10981 -0.19976)
(-0.14028 0.11104 -0.20587)
(-0.14389 0.11462 -0.21715)
(-0.14946 0.11644 -0.22427)
(-0.15285 0.11912 -0.23306)
(-0.15314 0.11897 -0.23166)
(-0.15137 0.11227 -0.22317)
(-0.13771 0.10089 -0.20689)
(-0.12533 0.08794 -0.19668)
(-0.11397 0.07530 -0.18806)
(-0.10164 0.05769 -0.16282)
(-0.07850 0.03260 -0.14216)
(-0.07369 0.02706 -0.13787)
(-0.06172 0.00680 -0.11491)
(-0.04546 -0.01416 -0.09141)
(-0.04235 -0.01830 -0.08603)
(-0.02456 -0.04462 -0.06439)
(-0.00927 -0.05770 -0.05610)
(0.00333 -0.07347 -0.05153)
(0.01188 -0.08991 -0.03682)
(0.02268 -0.10047 -0.03175)
(0.03057 -0.11716 -0.00699)
(0.04019 -0.13723 0.02666)
(0.04881 -0.14857 0.04380)
(0.05080 -0.15055 0.05094)
(0.05191 -0.15292 0.05765)
(0.05606 -0.15120 0.07196)
(0.06281 -0.14891 0.10921)
(0.05529 -0.14121 0.09534)
(0.06022 -0.13806 0.10604)
(0.05436 -0.11822 0.10533)
(0.05898 -0.10981 0.10032)
(0.05794 -0.09965 0.09649)
(0.05459 -0.09046 0.08934)
(0.04110 -0.06153 0.06329)
(0.00920 -0.01275 0.01363)
(0.00208 0.00072 0.00036)
(0.00521 0.00163 0.00024)
(0.02881 0.01025 -0.00698)
(0.02654 0.00941 -0.02291)
(0.02066 0.01073 -0.03442)
(0.02015 0.00886 -0.04074)
(0.01060 0.01011 -0.05249)
(0.00354 0.01364 -0.05977)
(-0.00326 0.01881 -0.06521)
(-0.00401 0.01930 -0.06483)
(-0.02002 0.03049 -0.07497)
(-0.03639 0.03882 -0.08317)
(-0.03979 0.04402 -0.08264)
(-0.05566 0.05694 -0.08964)
(-0.06244 0.06281 -0.09387)
(-0.09495 0.08168 -0.11477)
(-0.10099 0.08521 -0.12076)
(-0.11199 0.09687 -0.14165)
(-0.12851 0.10511 -0.16112)
(-0.13727 0.10940 -0.18687)
(-0.15171 0.11830 -0.18842)
(-0.15430 0.11986 -0.21505)
(-0.16018 0.12371 -0.21667)
(-0.16065 0.12360 -0.22979)
(-0.16583 0.12434 -0.22624)
(-0.16162 0.11927 -0.22506)
(-0.15132 0.11120 -0.21755)
(-0.13964 0.09878 -0.20933)
(-0.13117 0.08453 -0.20020)
(-0.10926 0.06420 -0.18119)
(-0.09981 0.05367 -0.17551)
(-0.08980 0.04225 -0.16500)
(-0.06612 0.01986 -0.13523)
(-0.05440 0.00954 -0.11998)
(-0.04509 -0.00335 -0.10970)
(-0.02386 -0.03207 -0.08259)
(-0.01039 -0.05080 -0.06504)
(-0.00461 -0.06025 -0.05751)
(0.01445 -0.08518 -0.04453)
(0.02235 -0.10130 -0.02152)
(0.03108 -0.11597 0.00175)
(0.04268 -0.13576 0.03301)
(0.05018 -0.14320 0.07122)
(0.04097 -0.13195 0.05352)
(0.05546 -0.14735 0.08698)
(0.04648 -0.12905 0.08867)
(0.04956 -0.12428 0.10389)
(0.04804 -0.11372 0.10375)
(0.05279 -0.10412 0.10096)
(0.04803 -0.09231 0.08905)
(0.02963 -0.05953 0.06595)
(0.01471 -0.02955 0.03314)
(0.00551 -0.01102 0.01246)
(0.00161 0.00065 -0.00005)
(0.02165 0.01100 -0.01409)
(0.02243 0.01156 -0.03064)
(0.01382 0.01422 -0.04309)
(0.01283 0.01409 -0.04485)
(0.01090 0.01395 -0.04805)
(0.00711 0.01114 -0.06052)
(0.00620 0.01488 -0.05494)
(-0.00277 0.01765 -0.06729)
(-0.01031 0.02275 -0.07610)
(-0.02745 0.02873 -0.08062)
(-0.03623 0.03709 -0.08335)
(-0.04862 0.04623 -0.08779)
(-0.05673 0.05715 -0.09123)
(-0.07255 0.06545 -0.09860)
(-0.08877 0.07609 -0.11102)
(-0.11451 0.08740 -0.12707)
(-0.12364 0.09861 -0.13983)
(-0.13759 0.10910 -0.17028)
(-0.16442 0.12618 -0.18365)
(-0.16568 0.12729 -0.20096)
(-0.16819 0.12812 -0.20617)
(-0.16762 0.12589 -0.22155)
(-0.17429 0.13031 -0.21188)
(-0.16966 0.12558 -0.22657)
(-0.16448 0.12050 -0.22422)
(-0.15213 0.11083 -0.21846)
(-0.14500 0.10138 -0.21563)
(-0.13649 0.08489 -0.20965)
(-0.12391 0.07575 -0.19682)
(-0.13174 0.07966 -0.20765)
(-0.10108 0.05501 -0.18111)
(-0.08991 0.04382 -0.17884)
(-0.08663 0.03714 -0.16763)
(-0.07433 0.02920 -0.15432)
(-0.06182 0.01770 -0.13619)
(-0.04811 0.00680 -0.12009)
(-0.03371 -0.00616 -0.11502)
(-0.02948 -0.02214 -0.09654)
(-0.02008 -0.03102 -0.09000)
(-0.00808 -0.04329 -0.07773)
(0.00615 -0.07004 -0.05302)
(0.00167 -0.06081 -0.06360)
(0.00962 -0.07538 -0.04405)
(0.01468 -0.08520 -0.03125)
(0.03212 -0.11655 0.01305)
(0.03902 -0.12565 0.04404)
(0.04678 -0.13487 0.07743)
(0.04028 -0.12590 0.05857)
(0.04438 -0.13098 0.08673)
(0.03145 -0.10727 0.09412)
(0.04227 -0.11322 0.09586)
(0.03134 -0.10153 0.09556)
(0.04265 -0.09807 0.09437)
(0.04005 -0.08950 0.08827)
(0.03012 -0.09973 0.09536)
(0.03095 -0.06981 0.06988)
(0.00496 -0.01383 0.01611)
(0.00046 0.00021 -0.00011)
(0.01517 0.00908 -0.01798)
(0.00904 0.01193 -0.03458)
(0.01028 0.01514 -0.04854)
(0.00785 0.01490 -0.05216)
(0.00601 0.01607 -0.05297)
(0.00409 0.01598 -0.05583)
(-0.01003 0.02145 -0.07378)
(-0.02607 0.03109 -0.08420)
(-0.04541 0.03880 -0.08712)
(-0.04835 0.04740 -0.09010)
(-0.07011 0.05950 -0.09851)
(-0.08025 0.06328 -0.10481)
(-0.09561 0.07596 -0.11427)
(-0.12651 0.09383 -0.12931)
(-0.12972 0.09744 -0.13414)
(-0.13569 0.10094 -0.13767)
(-0.13801 0.10893 -0.16306)
(-0.16761 0.12787 -0.18043)
(-0.16866 0.12874 -0.18706)
(-0.17205 0.13005 -0.19266)
(-0.17758 0.13084 -0.20292)
(-0.17562 0.12699 -0.21259)
(-0.17018 0.11851 -0.21784)
(-0.16393 0.11575 -0.22113)
(-0.15932 0.10885 -0.21406)
(-0.13921 0.08565 -0.21198)
(-0.13557 0.08169 -0.21086)
(-0.12701 0.07544 -0.20673)
(-0.10280 0.05482 -0.19313)
(-0.08730 0.04327 -0.17540)
(-0.07091 0.02850 -0.15604)
(-0.05878 0.01806 -0.14163)
(-0.03566 0.00101 -0.13047)
(-0.02555 -0.01173 -0.11149)
(-0.02183 -0.01608 -0.10865)
(-0.00526 -0.04208 -0.08381)
(0.00695 -0.06934 -0.04981)
(0.00880 -0.07331 -0.04349)
(0.02985 -0.10730 0.00188)
(0.02367 -0.09407 -0.01519)
(0.03223 -0.11588 0.02838)
(0.03315 -0.11093 0.04380)
(0.04077 -0.12306 0.06927)
(0.03283 -0.11129 0.05154)
(0.03039 -0.10812 0.08472)
(0.02675 -0.10196 0.09385)
(0.02739 -0.09984 0.09462)
(0.03325 -0.08866 0.08581)
(0.02403 -0.06251 0.06310)
(0.02340 -0.09112 0.08868)
(0.00603 -0.01935 0.02120)
(0.00117 -0.00387 0.00426)
(-0.00061 -0.00038 0.00007)
(0.00555 0.00611 -0.01525)
(0.00466 0.01149 -0.02156)
(0.00742 0.01671 -0.05018)
(0.00187 0.01751 -0.05530)
(-0.02208 0.02791 -0.07781)
(-0.03308 0.03310 -0.08288)
(-0.04675 0.03745 -0.08676)
(-0.07663 0.05767 -0.10325)
(-0.08389 0.06063 -0.10527)
(-0.08645 0.06288 -0.10564)
(-0.09964 0.07301 -0.11370)
(-0.13174 0.09475 -0.12991)
(-0.13354 0.09798 -0.13314)
(-0.14005 0.10233 -0.13635)
(-0.16187 0.12100 -0.16090)
(-0.17177 0.13078 -0.18244)
(-0.17922 0.13234 -0.18227)
(-0.18906 0.13657 -0.18827)
(-0.18087 0.13134 -0.20320)
(-0.18362 0.12808 -0.20484)
(-0.17052 0.11569 -0.21567)
(-0.16844 0.11270 -0.21614)
(-0.15464 0.09732 -0.21395)
(-0.13952 0.08342 -0.21258)
(-0.13180 0.07824 -0.20989)
(-0.11077 0.06242 -0.20184)
(-0.10002 0.05652 -0.19243)
(-0.07605 0.03920 -0.16626)
(-0.08491 0.04804 -0.18094)
(-0.06395 0.03582 -0.16533)
(-0.05398 0.02095 -0.14815)
(-0.03117 -0.00178 -0.12214)
(-0.02828 -0.00660 -0.11733)
(-0.02467 -0.01069 -0.11375)
(-0.02187 -0.01405 -0.11023)
(-0.00768 -0.03535 -0.08127)
(0.00417 -0.06352 -0.05457)
(0.00504 -0.06617 -0.04843)
(0.01560 -0.07805 -0.03224)
(0.02275 -0.09386 0.00064)
(0.01865 -0.08730 -0.00211)
(0.03028 -0.10626 0.03894)
(0.03049 -0.10727 0.04682)
(0.03176 -0.10736 0.06489)
(0.03024 -0.10782 0.05303)
(0.02496 -0.10163 0.09299)
(0.02505 -0.09980 0.09384)
(0.02348 -0.09994 0.09281)
(0.01863 -0.08337 0.08100)
(0.01082 -0.04819 0.04808)
(0.00163 -0.00837 0.00886)
(-0.00076 0.00491 -0.00521)
(-0.00160 -0.00195 0.00166)
(-0.00006 0.00089 -0.00104)
(-0.00058 0.01061 -0.01651)
(-0.00337 0.02312 -0.05346)
(-0.02368 0.02846 -0.06853)
(-0.02124 0.02842 -0.07235)
(-0.04832 0.03527 -0.08883)
(-0.04423 0.03525 -0.08938)
(-0.06645 0.04673 -0.09502)
(-0.08036 0.05771 -0.10462)
(-0.08757 0.06105 -0.10642)
(-0.09126 0.06379 -0.10734)
(-0.10901 0.07224 -0.11186)
(-0.11445 0.07683 -0.11513)
(-0.13257 0.08673 -0.12022)
(-0.13827 0.09895 -0.13273)
(-0.14469 0.10368 -0.13546)
(-0.15586 0.11206 -0.14428)
(-0.17689 0.13065 -0.15225)
(-0.18362 0.13696 -0.17045)
(-0.20040 0.14496 -0.16327)
(-0.18939 0.13839 -0.17602)
(-0.18876 0.13503 -0.18512)
(-0.18910 0.13410 -0.19238)
(-0.19368 0.13395 -0.19500)
(-0.17314 0.11693 -0.21297)
(-0.17062 0.11317 -0.21408)
(-0.16453 0.10535 -0.21333)
(-0.14723 0.08540 -0.21178)
(-0.13635 0.08068 -0.21189)
(-0.14081 0.07893 -0.21286)
(-0.12627 0.07328 -0.20670)
(-0.11264 0.06580 -0.20777)
(-0.10029 0.05779 -0.19120)
(-0.06766 0.03952 -0.16985)
(-0.06378 0.03716 -0.16578)
(-0.05300 0.02454 -0.14522)
(-0.03129 0.00597 -0.12847)
(-0.02785 -0.00529 -0.11781)
(-0.02496 -0.00898 -0.11271)
(-0.01625 -0.01804 -0.09181)
(-0.00637 -0.04106 -0.06632)
(0.00572 -0.06031 -0.04564)
(0.01338 -0.07177 -0.02583)
(0.02041 -0.09045 0.02070)
(0.01171 -0.07462 0.00497)
(0.02871 -0.10381 0.04190)
(0.02924 -0.10552 0.04898)
(0.01587 -0.09693 0.07106)
(0.01867 -0.09601 0.07666)
(0.01739 -0.09673 0.08365)
(0.02083 -0.09752 0.09272)
(0.00457 -0.03270 0.03449)
(0.00074 -0.03327 0.03605)
(0.00005 -0.00069 0.00072)
(0.00028 -0.00400 0.00456)
(-0.00972 0.02097 -0.03111)
(-0.01747 0.02776 -0.05617)
(0.00130 -0.00405 0.00443)
(-0.00155 0.00547 -0.00633)
(-0.02914 0.03220 -0.06703)
(-0.03582 0.03001 -0.07561)
(-0.04149 0.02968 -0.08304)
(-0.06187 0.03867 -0.08638)
(-0.06378 0.04165 -0.09448)
(-0.07596 0.04754 -0.10068)
(-0.08363 0.05269 -0.10566)
(-0.08946 0.05303 -0.10363)
(-0.09600 0.05755 -0.10811)
(-0.09520 0.06478 -0.10831)
(-0.14074 0.07869 -0.12250)
(-0.14925 0.09350 -0.12442)
(-0.15464 0.10057 -0.13111)
(-0.17686 0.10972 -0.13046)
(-0.18428 0.12091 -0.14061)
(-0.19014 0.12755 -0.14418)
(-0.19634 0.14080 -0.15109)
(-0.20485 0.14766 -0.15717)
(-0.19918 0.14076 -0.16797)
(-0.20757 0.14299 -0.17627)
(-0.19261 0.13691 -0.18668)
(-0.19351 0.13089 -0.19136)
(-0.18087 0.12189 -0.20723)
(-0.17325 0.11285 -0.20901)
(-0.16795 0.10657 -0.21055)
(-0.15814 0.09237 -0.20968)
(-0.15365 0.08652 -0.21170)
(-0.13231 0.07553 -0.20947)
(-0.11826 0.06651 -0.20670)
(-0.10157 0.05973 -0.19319)
(-0.08833 0.05415 -0.18623)
(-0.08346 0.05002 -0.17995)
(-0.06865 0.04169 -0.17035)
(-0.05853 0.03367 -0.15196)
(-0.04578 0.02407 -0.13916)
(-0.03059 0.01227 -0.12267)
(-0.02625 0.00136 -0.12471)
(-0.01869 -0.00914 -0.10494)
(-0.02076 -0.01320 -0.07851)
(-0.00907 -0.02736 -0.06921)
(0.00284 -0.04809 -0.05527)
(0.00537 -0.05985 -0.03118)
(0.00412 -0.05052 -0.04039)
(0.01182 -0.07239 -0.00245)
(0.02187 -0.09279 0.03002)
(0.01554 -0.07877 0.00801)
(0.01841 -0.08858 0.03114)
(0.02886 -0.10360 0.04399)
(0.02348 -0.10023 0.06041)
(0.01585 -0.09863 0.07397)
(0.01412 -0.09687 0.08095)
(0.01354 -0.09391 0.08281)
(0.00080 -0.03743 0.03981)
(0.00004 0.00279 -0.00309)
(-0.00002 -0.00405 0.00440)
(-0.00192 0.00272 -0.00403)
(-0.01700 0.01956 -0.03612)
(-0.04086 0.02885 -0.05220)
(-0.06336 0.04205 -0.08012)
(-0.07142 0.04333 -0.08562)
(-0.08429 0.05111 -0.09990)
(-0.10310 0.05389 -0.10382)
(-0.12567 0.06844 -0.11645)
(-0.14786 0.07263 -0.12476)
(-0.16626 0.09557 -0.12862)
(-0.17870 0.10398 -0.13144)
(-0.18757 0.11868 -0.13492)
(-0.21699 0.13607 -0.14162)
(-0.21139 0.14234 -0.15051)
(-0.22548 0.14925 -0.15335)
(-0.20912 0.14217 -0.16269)
(-0.21826 0.14561 -0.16942)
(-0.21486 0.14340 -0.17238)
(-0.21279 0.13992 -0.17386)
(-0.19122 0.12691 -0.19283)
(-0.19920 0.12724 -0.17949)
(-0.18414 0.11715 -0.19817)
(-0.16684 0.10179 -0.20231)
(-0.16305 0.09643 -0.20351)
(-0.15237 0.08474 -0.20366)
(-0.14290 0.07981 -0.19945)
(-0.13920 0.08076 -0.20888)
(-0.11962 0.06765 -0.19961)
(-0.11218 0.06344 -0.19666)
(-0.10148 0.05839 -0.18602)
(-0.08273 0.05064 -0.17675)
(-0.07907 0.04982 -0.17688)
(-0.06437 0.04029 -0.16389)
(-0.05455 0.03218 -0.14779)
(-0.04167 0.02527 -0.13297)
(-0.02541 0.00462 -0.11123)
(-0.01966 -0.00392 -0.11058)
(-0.01466 -0.01434 -0.08684)
(-0.00945 -0.02360 -0.07459)
(0.00268 -0.04265 -0.04637)
(0.00678 -0.05163 -0.02818)
(0.00769 -0.05916 -0.02141)
(0.01550 -0.07752 0.00489)
(0.01982 -0.08371 0.01880)
(0.01113 -0.08246 0.04238)
(0.01245 -0.09367 0.07050)
(0.01151 -0.09180 0.06187)
(0.01530 -0.09848 0.07727)
(0.01418 -0.09791 0.07808)
(0.00614 -0.06987 0.06111)
(0.00008 -0.02971 0.02948)
(0.00015 0.00187 -0.00198)
(0.00014 0.00926 -0.01017)
(-0.00457 0.00342 -0.00593)
(-0.02082 0.01518 -0.02681)
(-0.03058 0.02082 -0.03751)
(-0.06735 0.04349 -0.08142)
(-0.07630 0.04530 -0.08681)
(-0.09477 0.05253 -0.09760)
(-0.07453 0.04524 -0.08531)
(-0.12197 0.06444 -0.10930)
(-0.13011 0.06615 -0.11504)
(-0.14557 0.07044 -0.12370)
(-0.15062 0.07542 -0.12252)
(-0.15250 0.07476 -0.12562)
(-0.17150 0.09168 -0.12840)
(-0.19627 0.10961 -0.13264)
(-0.20773 0.12537 -0.13633)
(-0.23257 0.14303 -0.14405)
(-0.23212 0.14539 -0.14583)
(-0.23495 0.14685 -0.14693)
(-0.22402 0.14587 -0.15695)
(-0.22133 0.14494 -0.16880)
(-0.21739 0.14293 -0.17086)
(-0.21564 0.13989 -0.17214)
(-0.21173 0.13619 -0.17416)
(-0.18593 0.11517 -0.18916)
(-0.18099 0.11043 -0.19395)
(-0.16314 0.09280 -0.19108)
(-0.15628 0.08449 -0.19210)
(-0.14703 0.07960 -0.19674)
(-0.12403 0.06711 -0.19346)
(-0.11963 0.06512 -0.19159)
(-0.11524 0.06317 -0.18936)
(-0.08411 0.04897 -0.17457)
(-0.07821 0.04797 -0.17290)
(-0.06163 0.03750 -0.15654)
(-0.04155 0.02247 -0.13032)
(-0.03112 0.01516 -0.11717)
(-0.01106 -0.00774 -0.09031)
(-0.01307 -0.00940 -0.09271)
(-0.00783 -0.01249 -0.08507)
(-0.00742 -0.01771 -0.07519)
(-0.00262 -0.03236 -0.05089)
(0.00734 -0.05002 -0.03196)
(0.00980 -0.05525 -0.02573)
(0.00977 -0.05732 -0.02167)
(0.01239 -0.06065 -0.01968)
(0.01453 -0.07156 -0.00314)
(0.01717 -0.08750 0.02857)
(0.02226 -0.10232 0.03717)
(0.01107 -0.09081 0.05085)
(0.00827 -0.08927 0.06213)
(0.00650 -0.09112 0.07122)
(0.00699 -0.07279 0.05622)
(0.00134 -0.04871 0.04458)
(-0.00014 -0.00827 0.00770)
(0.00048 0.00497 -0.00510)
(-0.00792 0.00557 -0.00982)
(-0.00759 0.00510 -0.00902)
(-0.04876 0.03112 -0.05677)
(-0.08024 0.04753 -0.08737)
(-0.12026 0.06378 -0.10830)
(-0.13717 0.07701 -0.10944)
(-0.13827 0.07773 -0.11011)
(-0.17111 0.09060 -0.12192)
(-0.19276 0.10703 -0.12607)
(-0.20585 0.11953 -0.12490)
(-0.21662 0.12888 -0.13641)
(-0.23089 0.13835 -0.14179)
(-0.23621 0.14526 -0.14509)
(-0.23855 0.14620 -0.14588)
(-0.23700 0.14703 -0.14771)
(-0.23339 0.14199 -0.15544)
(-0.22066 0.14233 -0.16950)
(-0.21921 0.13948 -0.17031)
(-0.20879 0.12637 -0.17032)
(-0.18730 0.11032 -0.17884)
(-0.17646 0.10303 -0.18431)
(-0.15499 0.07970 -0.18071)
(-0.15171 0.07727 -0.18121)
(-0.14867 0.07494 -0.18102)
(-0.12409 0.06616 -0.19139)
(-0.13005 0.06676 -0.18406)
(-0.11997 0.06397 -0.18961)
(-0.11550 0.06182 -0.18775)
(-0.08876 0.04825 -0.17175)
(-0.07749 0.03936 -0.15994)
(-0.07017 0.03587 -0.15812)
(-0.07384 0.04543 -0.16947)
(-0.04571 0.02543 -0.14050)
(-0.04237 0.01863 -0.13117)
(-0.03743 0.01878 -0.12746)
(-0.01043 -0.00700 -0.09248)
(-0.00742 -0.01152 -0.08711)
(-0.00442 -0.01595 -0.08225)
(0.00114 -0.02706 -0.07023)
(0.00827 -0.04898 -0.03460)
(0.01019 -0.05343 -0.02954)
(0.01100 -0.05037 -0.03486)
(0.01210 -0.05835 -0.02356)
(0.02024 -0.08623 0.01507)
(0.02118 -0.08054 -0.00411)
(0.02325 -0.09707 0.02241)
(0.02040 -0.10276 0.04300)
(0.02408 -0.10209 0.03063)
(0.02440 -0.11418 0.05707)
(0.02119 -0.10825 0.05984)
(0.00139 -0.03343 0.02773)
(0.00677 -0.03788 0.02210)
(0.00015 -0.00560 0.00475)
(-0.04321 0.02651 -0.04773)
(-0.01085 0.00692 -0.01223)
(-0.05866 0.03519 -0.04895)
(-0.12819 0.06978 -0.10699)
(-0.15533 0.08725 -0.11297)
(-0.15669 0.08738 -0.11467)
(-0.18326 0.10121 -0.12042)
(-0.19983 0.11543 -0.12284)
(-0.20652 0.11975 -0.12386)
(-0.21937 0.12809 -0.13149)
(-0.23383 0.13620 -0.13496)
(-0.24112 0.14552 -0.14399)
(-0.24592 0.14829 -0.14850)
(-0.22553 0.13303 -0.15783)
(-0.22654 0.12438 -0.15766)
(-0.20819 0.11652 -0.16085)
(-0.19060 0.11131 -0.17391)
(-0.18363 0.10305 -0.17695)
(-0.16087 0.08297 -0.17818)
(-0.15232 0.07666 -0.17789)
(-0.14866 0.07384 -0.17776)
(-0.13462 0.06528 -0.17913)
(-0.12041 0.06270 -0.18718)
(-0.12054 0.05399 -0.17185)
(-0.11502 0.05286 -0.17458)
(-0.11610 0.06052 -0.18579)
(-0.09942 0.04748 -0.17143)
(-0.08169 0.03727 -0.16274)
(-0.06776 0.02889 -0.14986)
(-0.05190 0.02047 -0.13680)
(-0.03382 0.01104 -0.12108)
(-0.03461 0.01499 -0.12381)
(-0.02514 0.00897 -0.11265)
(-0.01595 -0.00093 -0.10206)
(-0.00723 -0.01055 -0.08921)
(-0.00451 -0.01437 -0.08482)
(-0.00176 -0.01835 -0.08071)
(-0.00129 -0.01975 -0.07909)
(0.00881 -0.03734 -0.06144)
(0.01774 -0.06093 -0.03284)
(0.01251 -0.05643 -0.02761)
(0.02353 -0.07350 -0.02012)
(0.02358 -0.08626 -0.00406)
(0.02396 -0.09640 0.01544)
(0.02902 -0.10189 0.02217)
(0.02436 -0.10992 0.04542)
(0.01933 -0.09464 0.04913)
(0.01922 -0.08376 0.03734)
(0.01467 -0.07349 0.03884)
(0.00383 -0.02027 0.01116)
(0.00117 -0.00681 0.00405)
(-0.00075 0.00050 -0.00064)
(-0.02040 0.01332 -0.01744)
(-0.00528 0.00319 -0.00402)
(-0.10182 0.05556 -0.07609)
(-0.17982 0.10113 -0.11787)
(-0.09235 0.05722 -0.06034)
(-0.16638 0.09471 -0.11213)
(-0.19365 0.11635 -0.11482)
(-0.20334 0.11792 -0.12226)
(-0.23080 0.13166 -0.12658)
(-0.22254 0.12672 -0.12716)
(-0.23803 0.13407 -0.12910)
(-0.24505 0.14218 -0.13438)
(-0.25761 0.14573 -0.13734)
(-0.25034 0.13967 -0.14371)
(-0.24262 0.13044 -0.14225)
(-0.23777 0.12471 -0.15115)
(-0.23792 0.12321 -0.15138)
(-0.21405 0.10641 -0.15267)
(-0.19117 0.10064 -0.16226)
(-0.19762 0.09464 -0.15460)
(-0.18278 0.09473 -0.16776)
(-0.17165 0.08500 -0.16883)
(-0.15733 0.07167 -0.16731)
(-0.14554 0.06729 -0.16992)
(-0.13858 0.06228 -0.16722)
(-0.12339 0.04565 -0.15807)
(-0.11561 0.03939 -0.15658)
(-0.09793 0.03159 -0.15012)
(-0.09451 0.03471 -0.15509)
(-0.07712 0.03149 -0.15443)
(-0.09213 0.02914 -0.14894)
(-0.07105 0.02848 -0.15344)
(-0.06001 0.02164 -0.13873)
(-0.03819 0.01352 -0.12081)
(-0.02903 0.00899 -0.11509)
(-0.01127 -0.00777 -0.09137)
(-0.00821 -0.01073 -0.08678)
(0.00304 -0.02217 -0.07455)
(0.01550 -0.03772 -0.05794)
(0.01643 -0.04981 -0.05038)
(0.02367 -0.06176 -0.03732)
(0.02946 -0.06722 -0.03700)
(0.02684 -0.07045 -0.02465)
(0.03105 -0.08814 -0.00179)
(0.03431 -0.09932 0.00876)
(0.03058 -0.10535 0.02037)
(0.02812 -0.10593 0.03363)
(0.02465 -0.08556 0.02698)
(0.02177 -0.07862 0.02694)
(0.00626 -0.02451 0.01027)
(0.00401 -0.01758 0.00897)
(0.02594 -0.01766 0.01761)
(-0.00289 0.00188 -0.00195)
(-0.14622 0.08791 -0.08522)
(0.00205 -0.00136 0.00123)
(-0.04646 0.03053 -0.02797)
(-0.19939 0.11916 -0.10519)
(-0.22318 0.13164 -0.11797)
(-0.23601 0.13736 -0.12106)
(-0.22608 0.13396 -0.11656)
(-0.22849 0.13432 -0.11780)
(-0.24664 0.13749 -0.12738)
(-0.25101 0.13802 -0.13106)
(-0.24853 0.13421 -0.13617)
(-0.23999 0.12255 -0.13621)
(-0.23301 0.12099 -0.14386)
(-0.22309 0.11070 -0.13875)
(-0.20560 0.08925 -0.13965)
(-0.18616 0.07184 -0.13738)
(-0.18396 0.07923 -0.15092)
(-0.18026 0.06793 -0.13711)
(-0.16755 0.07405 -0.15598)
(-0.15720 0.06624 -0.15512)
(-0.14689 0.05600 -0.15258)
(-0.13646 0.05329 -0.15380)
(-0.12459 0.04211 -0.14904)
(-0.11691 0.03861 -0.15039)
(-0.10181 0.02653 -0.14018)
(-0.09088 0.01846 -0.13422)
(-0.07325 0.00201 -0.11410)
(-0.07337 0.02217 -0.14430)
(-0.06073 0.01612 -0.13111)
(-0.06447 0.00190 -0.11472)
(-0.04736 0.00032 -0.10819)
(-0.03920 0.00468 -0.11051)
(-0.02820 -0.00358 -0.09628)
(-0.02655 -0.00968 -0.08878)
(-0.02161 -0.01187 -0.08451)
(-0.01399 -0.01453 -0.08197)
(-0.00855 -0.01129 -0.08589)
(-0.00391 -0.01920 -0.07814)
(0.00791 -0.02756 -0.06394)
(0.01427 -0.03389 -0.05868)
(0.01632 -0.03897 -0.04987)
(0.02239 -0.05713 -0.03993)
(0.02952 -0.06809 -0.02955)
(0.02985 -0.06946 -0.03308)
(0.03545 -0.09154 -0.00441)
(0.03571 -0.09251 -0.00337)
(0.03550 -0.10382 0.02501)
(0.03173 -0.09204 0.02494)
(0.01904 -0.05768 0.01793)
(0.00967 -0.03186 0.01063)
(0.00328 -0.01281 0.00504)
(-0.00078 0.00321 -0.00154)
(-0.00299 0.01228 -0.00524)
(-0.00216 0.00895 -0.00432)
(0.02456 -0.01640 0.01476)
(-0.01205 0.00736 -0.00631)
(-0.10818 0.06533 -0.05691)
(0.03209 -0.02039 0.01734)
(-0.07174 0.04349 -0.03685)
(-0.18265 0.10928 -0.09409)
(-0.23261 0.13319 -0.11727)
(-0.17070 0.10150 -0.08647)
(-0.21679 0.12821 -0.10980)
(-0.23581 0.12910 -0.11954)
(-0.23969 0.12583 -0.12455)
(-0.21991 0.10407 -0.12100)
(-0.22607 0.10779 -0.13011)
(-0.21062 0.09354 -0.12001)
(-0.20852 0.09109 -0.13206)
(-0.18394 0.06727 -0.13360)
(-0.17916 0.06406 -0.13299)
(-0.17466 0.06095 -0.13262)
(-0.17545 0.06469 -0.13674)
(-0.16262 0.06439 -0.14671)
(-0.14767 0.05183 -0.14360)
(-0.14410 0.05298 -0.14873)
(-0.13173 0.04074 -0.14195)
(-0.11684 0.02466 -0.13109)
(-0.10758 0.01744 -0.12684)
(-0.08650 0.00093 -0.11323)
(-0.07678 -0.00675 -0.10116)
(-0.07239 -0.00828 -0.09920)
(-0.06422 -0.00784 -0.09998)
(-0.02796 -0.01126 -0.08602)
(-0.02394 -0.01316 -0.08245)
(-0.02185 -0.01619 -0.07690)
(-0.01843 -0.01613 -0.07676)
(-0.00909 -0.02119 -0.06922)
(0.00757 -0.03916 -0.04877)
(0.01170 -0.05038 -0.03673)
(0.01982 -0.05250 -0.03597)
(0.02237 -0.05661 -0.03678)
(0.02830 -0.07683 -0.01611)
(0.03179 -0.07999 -0.01273)
(0.03288 -0.08442 -0.00850)
(0.03548 -0.08551 -0.00821)
(0.03084 -0.07370 0.00527)
(0.01752 -0.04987 0.01405)
(0.00853 -0.02526 0.00785)
(-0.00028 0.00085 -0.00029)
(-0.00334 0.01002 -0.00331)
(-0.00419 0.01295 -0.00442)
(0.00061 -0.00037 0.00031)
(0.00751 -0.00469 0.00376)
(-0.04711 0.02845 -0.02380)
(-0.17490 0.10060 -0.08496)
(-0.06928 0.04159 -0.03269)
(-0.22193 0.12052 -0.11166)
(-0.23434 0.12364 -0.12087)
(-0.21522 0.10003 -0.11675)
(-0.21479 0.10709 -0.11173)
(-0.21003 0.09498 -0.11600)
(-0.20896 0.09312 -0.11688)
(-0.20300 0.08627 -0.11608)
(-0.18308 0.06546 -0.11983)
(-0.17668 0.05956 -0.12844)
(-0.17301 0.05706 -0.12830)
(-0.16890 0.05369 -0.12788)
(-0.17042 0.05770 -0.13196)
(-0.14513 0.04161 -0.12907)
(-0.13514 0.02739 -0.12039)
(-0.12977 0.02374 -0.11972)
(-0.11886 0.01215 -0.11169)
(-0.10333 0.00609 -0.11401)
(-0.10084 0.00452 -0.11315)
(-0.07871 -0.00957 -0.09713)
(-0.07442 -0.01122 -0.09463)
(-0.07221 -0.01542 -0.08809)
(-0.06906 -0.01462 -0.08892)
(-0.05341 -0.01886 -0.08070)
(-0.02565 -0.01492 -0.07936)
(-0.04060 -0.03047 -0.06335)
(-0.02385 -0.01848 -0.07290)
(-0.01993 -0.01915 -0.07151)
(-0.00416 -0.03831 -0.04702)
(0.01040 -0.05264 -0.03061)
(0.01358 -0.05425 -0.03147)
(0.01492 -0.05680 -0.02799)
(0.03431 -0.09261 0.00318)
(0.03524 -0.09431 0.00254)
(0.03420 -0.09141 0.00554)
(0.02105 -0.05633 0.00507)
(0.01164 -0.03090 0.00336)
(0.00666 -0.01826 0.00434)
(0.00048 -0.00139 0.00043)
(-0.00310 0.00856 -0.00257)
(-0.00358 0.01040 -0.00330)
(-0.01594 0.00964 -0.00751)
(-0.03929 0.02238 -0.01922)
(-0.10758 0.06087 -0.05270)
(-0.03996 0.02138 -0.02052)
(-0.13891 0.06923 -0.07218)
(-0.18617 0.08454 -0.10189)
(-0.07724 0.03590 -0.04127)
(-0.11814 0.05185 -0.06557)
(-0.20190 0.08842 -0.11270)
(-0.19863 0.08317 -0.11276)
(-0.18346 0.06438 -0.11612)
(-0.17972 0.06106 -0.10951)
(-0.16933 0.05229 -0.11447)
(-0.17069 0.05398 -0.12525)
(-0.15824 0.04201 -0.10554)
(-0.14681 0.02613 -0.10121)
(-0.14081 0.02657 -0.11137)
(-0.13609 0.02401 -0.11228)
(-0.12670 0.00811 -0.09971)
(-0.12326 0.00514 -0.09997)
(-0.11230 -0.00527 -0.09367)
(-0.11173 -0.00785 -0.09047)
(-0.10952 -0.00980 -0.08957)
(-0.10855 -0.00842 -0.09291)
(-0.10444 -0.00530 -0.09692)
(-0.08395 -0.01159 -0.09361)
(-0.09099 -0.02021 -0.07856)
(-0.07625 -0.01610 -0.08778)
(-0.07124 -0.01893 -0.08261)
(-0.06054 -0.02782 -0.06885)
(-0.04005 -0.04429 -0.04616)
(-0.02708 -0.03835 -0.04787)
(-0.03508 -0.05161 -0.02903)
(-0.02458 -0.05172 -0.02515)
(-0.00682 -0.05488 -0.02679)
(-0.00027 -0.05928 -0.02289)
(0.00529 -0.05541 -0.00929)
(0.01070 -0.05192 -0.00274)
(0.02036 -0.06213 -0.00296)
(0.02646 -0.07146 0.00532)
(0.00792 -0.02520 0.00322)
(0.00822 -0.02237 0.00257)
(0.00631 -0.01696 0.00208)
(-0.00130 0.00347 -0.00047)
(-0.00783 0.00421 -0.00402)
(-0.02234 0.01090 -0.01188)
(-0.02241 0.01006 -0.01206)
(-0.01087 0.00432 -0.00596)
(-0.02436 0.00679 -0.01398)
(-0.11495 0.03735 -0.06798)
(-0.12809 0.03476 -0.07948)
(-0.03588 0.00712 -0.02129)
(-0.06490 0.01456 -0.03997)
(-0.09403 0.02075 -0.06201)
(-0.13300 0.01958 -0.08571)
(-0.08393 0.01190 -0.05331)
(-0.12182 0.00958 -0.08289)
(-0.12640 0.00354 -0.09379)
(-0.10522 0.00021 -0.07207)
(-0.11652 -0.00979 -0.07906)
(-0.11243 -0.01038 -0.08256)
(-0.10726 -0.01424 -0.08279)
(-0.09933 -0.02943 -0.06463)
(-0.09236 -0.03352 -0.05872)
(-0.08830 -0.03151 -0.06117)
(-0.08326 -0.03376 -0.05285)
(-0.06430 -0.05054 -0.02710)
(-0.07557 -0.03325 -0.06133)
(-0.06394 -0.04585 -0.04060)
(-0.03448 -0.03705 -0.01373)
(-0.03926 -0.04173 -0.02417)
(-0.01928 -0.03758 -0.00695)
(-0.01836 -0.04193 -0.01174)
(-0.00676 -0.01349 -0.00226)
(-0.00626 -0.01947 -0.00138)
(-0.00121 -0.01453 -0.00016)
(0.00296 -0.02537 0.00147)
(-0.00008 0.00120 -0.00017)
(0.00167 -0.00688 0.00104)
(0.00123 -0.00405 0.00077)
(0.02735 -0.00834 0.01541)
(0.02223 -0.00439 0.01311)
(-0.02170 0.00325 -0.01230)
(0.01942 -0.00288 0.01091)
(0.00654 -0.00028 0.00360)
(-0.04558 0.00631 -0.02863)
(-0.04056 -0.00099 -0.02308)
(0.00068 0.00005 0.00034)
(0.00054 0.00005 0.00029)
(-0.03969 -0.00273 -0.02486)
(-0.06636 -0.00943 -0.04052)
(-0.01432 -0.00298 -0.00758)
(-0.03438 -0.01317 -0.01556)
(-0.05756 -0.02347 -0.02591)
(-0.01969 -0.00846 -0.00831)
(-0.03213 -0.01690 -0.01418)
(-0.03264 -0.02389 -0.01083)
(-0.04163 -0.03383 -0.01600)
(-0.00414 -0.00336 -0.00102)
(-0.00730 -0.00598 -0.00251)
(0.00077 0.00095 0.00012)
(-0.02227 -0.02454 -0.00815)
(-0.01091 -0.01474 -0.00299)
(0.00493 0.00817 0.00026)
(0.00169 0.00420 0.00010)
(0.00196 0.00920 -0.00097)
(0.00007 0.01139 -0.00161)
(-0.00428 -0.00171 -0.00185)
(-0.00705 -0.00308 -0.00291)
(-0.00594 -0.00358 -0.00191)
(0.00229 0.00193 0.00042)
)