/*--------------------------------*- C++ -*----------------------------------*\ 
| =========                 |                                                 | 
| \\      /  F ield         | OpenFOAM: The Open Source CFD Toolbox           | 
|  \\    /   O peration     | Version:  4.0                                   | 
|   \\  /    A nd           | Web:      www.OpenFOAM.org                      | 
|    \\/     M anipulation  |                                                 | 
\*---------------------------------------------------------------------------*/ 
FoamFile 
{ 
    version     2.0; 
    format      ascii; 
    class       vectorAverageField; 
    object      values; 
} 
// * * * * * * * * * * * * * * * * * * * * * * * * * * * * * * * * * * * * * // 
 
// Average 
(0 0 0) 
 
// Velocity data on points 
2447
(
(0.00503 -0.00127 -0.00104)
(-0.00285 0.00040 0.00060)
(-0.00797 -0.00039 0.00247)
(-0.00284 -0.00017 0.00053)
(0.00396 0.00050 -0.00105)
(-0.01867 -0.00204 0.00663)
(-0.00685 -0.00088 0.00193)
(-0.01331 -0.00586 0.00228)
(-0.00144 -0.00062 0.00022)
(0.00197 0.00090 -0.00024)
(-0.00838 -0.00395 0.00105)
(-0.00159 -0.00080 0.00012)
(0.00116 0.00059 0.00006)
(-0.00601 -0.00422 -0.00082)
(-0.00015 -0.00014 -0.00014)
(0.00041 0.00040 0.00046)
(-0.00136 -0.00150 -0.00171)
(-0.00007 -0.00007 -0.00012)
(0.00016 0.00061 0.00101)
(-0.00003 -0.00012 -0.00021)
(0.01197 -0.00588 -0.00092)
(-0.00257 0.00099 0.00042)
(0.00210 -0.00085 -0.00029)
(0.00087 -0.00030 -0.00019)
(-0.03632 0.01170 0.01091)
(-0.02879 0.00648 0.00790)
(-0.03288 0.00337 0.00981)
(-0.03355 -0.00154 0.01175)
(-0.06148 0.00238 0.02296)
(-0.05953 -0.00301 0.02145)
(-0.04607 -0.00527 0.01722)
(-0.02752 -0.00722 0.00696)
(-0.04567 -0.01180 0.01504)
(-0.02916 -0.01301 0.00548)
(-0.02235 -0.01084 0.00294)
(-0.01634 -0.00877 0.00103)
(-0.03014 -0.01475 0.00411)
(-0.02582 -0.01433 0.00127)
(-0.01858 -0.01469 -0.00447)
(-0.01187 -0.00876 -0.00209)
(-0.00684 -0.00595 -0.00394)
(-0.01557 -0.01850 -0.01762)
(-0.01440 -0.01671 -0.01631)
(-0.00556 -0.00824 -0.01058)
(-0.00274 -0.00438 -0.00729)
(-0.00570 -0.01101 -0.01814)
(-0.00059 -0.00369 -0.00631)
(-0.00011 -0.00169 -0.00187)
(-0.00283 -0.00829 -0.01551)
(0.00010 -0.00176 -0.00125)
(-0.00005 0.00036 0.00014)
(0.00658 -0.00295 -0.00055)
(-0.00288 0.00125 0.00032)
(-0.01026 0.00444 0.00132)
(-0.02832 0.01038 0.00570)
(-0.07281 0.02575 0.01569)
(-0.05758 0.02019 0.01330)
(-0.07324 0.02187 0.02386)
(-0.07891 0.01750 0.02872)
(-0.07757 0.01513 0.02564)
(-0.06879 0.00367 0.02704)
(-0.06457 -0.00635 0.02654)
(-0.06066 -0.01362 0.02528)
(-0.05058 -0.01533 0.01837)
(-0.03947 -0.01928 0.00991)
(-0.05299 -0.01623 0.01932)
(-0.04964 -0.02039 0.01694)
(-0.03756 -0.01988 0.00773)
(-0.02622 -0.01914 -0.00385)
(-0.03276 -0.02570 -0.00674)
(-0.01850 -0.02311 -0.01805)
(-0.01453 -0.02405 -0.02333)
(-0.00872 -0.02370 -0.02582)
(-0.01335 -0.02134 -0.02401)
(-0.01053 -0.01877 -0.02992)
(-0.00767 -0.01457 -0.03030)
(-0.00912 -0.02016 -0.03608)
(-0.00443 -0.01693 -0.03122)
(-0.00089 -0.01232 -0.01762)
(-0.00038 -0.00971 -0.00957)
(-0.00934 -0.02032 -0.03206)
(-0.00566 -0.01365 -0.01922)
(0.00029 -0.00881 -0.00520)
(0.00005 -0.00060 -0.00018)
(-0.00135 -0.00779 -0.00141)
(0.00054 0.00359 0.00008)
(0.00092 0.00697 -0.00000)
(0.00036 -0.00017 -0.00000)
(-0.01121 0.00498 0.00065)
(-0.03149 0.01379 0.00292)
(-0.05050 0.02117 0.00712)
(-0.08242 0.03359 0.01096)
(-0.07799 0.03232 0.01129)
(-0.09789 0.03912 0.01656)
(-0.09296 0.03201 0.02179)
(-0.08945 0.03060 0.02027)
(-0.08236 0.02235 0.02550)
(-0.08022 0.01302 0.03399)
(-0.08286 0.01533 0.03306)
(-0.07858 0.01254 0.03345)
(-0.07930 0.00875 0.03408)
(-0.07774 0.00274 0.03675)
(-0.07423 -0.00670 0.03728)
(-0.07325 -0.00999 0.03680)
(-0.06869 -0.01613 0.03239)
(-0.05688 -0.01790 0.02197)
(-0.05344 -0.02892 0.01100)
(-0.04620 -0.03200 0.00141)
(-0.03744 -0.03209 -0.00964)
(-0.02582 -0.02735 -0.01760)
(-0.01624 -0.02541 -0.02481)
(-0.01722 -0.02850 -0.03460)
(-0.01408 -0.03024 -0.04552)
(-0.01920 -0.03091 -0.05306)
(-0.01406 -0.02040 -0.03783)
(-0.01985 -0.02464 -0.04981)
(-0.01105 -0.02075 -0.03405)
(-0.01245 -0.02111 -0.03357)
(-0.01958 -0.03080 -0.02942)
(-0.01845 -0.03116 -0.02613)
(-0.00904 -0.02370 -0.01144)
(-0.00125 -0.00827 -0.00036)
(-0.01513 -0.03305 -0.01528)
(-0.00720 -0.02815 -0.00495)
(-0.00056 -0.00444 0.00015)
(-0.00018 -0.00173 0.00024)
(0.00721 -0.00282 -0.00056)
(-0.01524 0.00654 0.00058)
(-0.03769 0.01695 0.00114)
(-0.07130 0.03015 0.00438)
(-0.08425 0.03508 0.00522)
(-0.08398 0.02961 0.01336)
(-0.08850 0.03003 0.01674)
(-0.08946 0.03136 0.01877)
(-0.08746 0.02541 0.02266)
(-0.07854 0.01136 0.03423)
(-0.07928 0.01109 0.03508)
(-0.07972 0.01006 0.03643)
(-0.07848 0.00888 0.03653)
(-0.07954 0.00772 0.03803)
(-0.07981 0.00435 0.03682)
(-0.07726 -0.00784 0.03969)
(-0.07602 -0.00993 0.03877)
(-0.07472 -0.01215 0.03744)
(-0.06767 -0.01799 0.03044)
(-0.06365 -0.03075 0.01748)
(-0.05482 -0.03139 0.00979)
(-0.04622 -0.03622 -0.00748)
(-0.04018 -0.04306 -0.02284)
(-0.03312 -0.04079 -0.02772)
(-0.02871 -0.03796 -0.03666)
(-0.02079 -0.03499 -0.05486)
(-0.02139 -0.03412 -0.05603)
(-0.02185 -0.03259 -0.05652)
(-0.02235 -0.03073 -0.05659)
(-0.02063 -0.03193 -0.04737)
(-0.02053 -0.03028 -0.03131)
(-0.02041 -0.03284 -0.02823)
(-0.02185 -0.03220 -0.03071)
(-0.01849 -0.03465 -0.02338)
(-0.01540 -0.04041 -0.00543)
(-0.01947 -0.03616 -0.01339)
(-0.01242 -0.04063 0.00010)
(-0.00346 -0.02492 0.00649)
(-0.00037 -0.00279 0.00078)
(-0.00572 -0.05062 0.01598)
(-0.00126 -0.01294 0.00461)
(-0.00007 -0.00074 0.00027)
(-0.00878 0.00321 0.00110)
(-0.02618 0.00982 0.00334)
(-0.06751 0.02554 0.00917)
(-0.08021 0.02845 0.01238)
(-0.07680 0.02244 0.01992)
(-0.07423 0.01853 0.02301)
(-0.07309 0.01809 0.02361)
(-0.07102 0.01653 0.02414)
(-0.06998 0.01592 0.02470)
(-0.07770 0.01920 0.02490)
(-0.07757 0.01156 0.03349)
(-0.07565 0.00912 0.03488)
(-0.07655 0.00791 0.03640)
(-0.07793 0.00670 0.03808)
(-0.07950 0.00541 0.03977)
(-0.08022 -0.00802 0.04281)
(-0.07813 -0.01009 0.04083)
(-0.07385 -0.01756 0.04265)
(-0.07387 -0.01988 0.04036)
(-0.07760 -0.01323 0.03996)
(-0.07613 -0.01436 0.03806)
(-0.05876 -0.03962 0.01970)
(-0.05622 -0.04690 0.02290)
(-0.06285 -0.04928 0.01572)
(-0.05475 -0.04203 0.01136)
(-0.04355 -0.04802 -0.00657)
(-0.03804 -0.05806 -0.02549)
(-0.03431 -0.05847 -0.03113)
(-0.03183 -0.05873 -0.03577)
(-0.03150 -0.03810 -0.04468)
(-0.02268 -0.03791 -0.05923)
(-0.02351 -0.03637 -0.05973)
(-0.02483 -0.03423 -0.05991)
(-0.02840 -0.03553 -0.05829)
(-0.02401 -0.03377 -0.04947)
(-0.02882 -0.02383 -0.03870)
(-0.02538 -0.02879 -0.02788)
(-0.02474 -0.02926 -0.01674)
(-0.01865 -0.04352 -0.00944)
(-0.01708 -0.05433 -0.00040)
(-0.00892 -0.07209 0.02364)
(-0.00507 -0.04725 0.01645)
(-0.00600 -0.05817 0.02199)
(-0.00182 -0.02024 0.00782)
(-0.00078 -0.00978 0.00407)
(0.00475 -0.00171 -0.00077)
(-0.00103 0.00039 0.00010)
(-0.05438 0.01797 0.01098)
(-0.08285 0.02470 0.01734)
(-0.08338 0.02537 0.01845)
(-0.06638 0.01647 0.02195)
(-0.06791 0.01443 0.02514)
(-0.06816 0.01468 0.02527)
(-0.06536 0.01280 0.02651)
(-0.06803 0.01300 0.02857)
(-0.06472 0.00615 0.03449)
(-0.07394 0.00683 0.03629)
(-0.07143 0.00223 0.03868)
(-0.07510 0.00456 0.03877)
(-0.07767 0.00438 0.03990)
(-0.07859 -0.00509 0.04358)
(-0.07562 -0.00222 0.04468)
(-0.06566 -0.01902 0.04374)
(-0.06844 -0.02158 0.04429)
(-0.05549 -0.03704 0.03414)
(-0.05799 -0.04138 0.03038)
(-0.05389 -0.05455 0.02096)
(-0.05761 -0.06014 0.00697)
(-0.03895 -0.06545 -0.01772)
(-0.03448 -0.06283 -0.03004)
(-0.03147 -0.06316 -0.03604)
(-0.02841 -0.06379 -0.05042)
(-0.01761 -0.05433 -0.06383)
(-0.02587 -0.04430 -0.06652)
(-0.02565 -0.03864 -0.06327)
(-0.03132 -0.03311 -0.06121)
(-0.03024 -0.03240 -0.05128)
(-0.03649 -0.03063 -0.05167)
(-0.03163 -0.02393 -0.03362)
(-0.02909 -0.02426 -0.02421)
(-0.02546 -0.02687 -0.01868)
(-0.02074 -0.03873 -0.00872)
(-0.01824 -0.04514 0.00421)
(-0.00971 -0.06846 0.02358)
(-0.00860 -0.07259 0.02696)
(-0.00263 -0.03086 0.01286)
(-0.00824 -0.07161 0.02929)
(-0.00562 -0.05958 0.02475)
(-0.00197 -0.02434 0.01247)
(-0.00011 -0.00187 0.00126)
(0.01506 -0.00548 -0.00183)
(-0.00051 0.00018 0.00006)
(-0.02858 0.00962 0.00550)
(-0.05652 0.01859 0.01155)
(-0.08342 0.02414 0.02259)
(-0.08174 0.02400 0.02259)
(-0.06995 0.01865 0.02283)
(-0.06919 0.01571 0.02200)
(-0.06112 0.01183 0.03042)
(-0.05191 0.00829 0.03300)
(-0.05471 0.00967 0.02734)
(-0.04533 0.00398 0.03363)
(-0.05058 0.00212 0.03710)
(-0.05241 -0.00035 0.04035)
(-0.05044 -0.00859 0.04109)
(-0.04267 -0.01797 0.03862)
(-0.05951 -0.01827 0.04325)
(-0.07740 -0.02275 0.05484)
(-0.05872 -0.03434 0.04168)
(-0.04903 -0.04399 0.03073)
(-0.04178 -0.05463 0.02496)
(-0.02852 -0.06945 0.00938)
(-0.02205 -0.07280 -0.00708)
(-0.01021 -0.08072 -0.01897)
(-0.03224 -0.06782 -0.02864)
(-0.02910 -0.06811 -0.03539)
(-0.01690 -0.07098 -0.04761)
(-0.01197 -0.06646 -0.05517)
(-0.00857 -0.06815 -0.06831)
(-0.01692 -0.04873 -0.06029)
(-0.02025 -0.04336 -0.05757)
(-0.03549 -0.03521 -0.05699)
(-0.03496 -0.02439 -0.03504)
(-0.02771 -0.02443 -0.02041)
(-0.02108 -0.03323 -0.01055)
(-0.01679 -0.04437 0.00219)
(-0.01103 -0.04430 0.01668)
(-0.01572 -0.04201 0.00488)
(-0.00854 -0.04657 0.02136)
(-0.00627 -0.05844 0.02609)
(-0.00809 -0.07515 0.03828)
(-0.00668 -0.05989 0.03310)
(-0.00405 -0.05265 0.03628)
(-0.00096 -0.01611 0.01106)
(-0.00030 -0.00854 0.00668)
(0.00064 -0.00023 -0.00010)
(-0.02388 0.00836 0.00350)
(-0.07126 0.02227 0.01798)
(-0.07677 0.02436 0.02162)
(-0.07383 0.01963 0.02909)
(-0.05226 0.01106 0.03617)
(-0.06247 0.01472 0.03155)
(-0.06204 0.01451 0.03305)
(-0.05193 0.01021 0.03577)
(-0.04921 0.00804 0.03936)
(-0.04831 0.00725 0.03942)
(-0.03306 0.00159 0.03906)
(-0.02834 -0.00085 0.04322)
(-0.02906 -0.00120 0.04254)
(-0.03457 -0.00151 0.04160)
(-0.03593 -0.00778 0.03789)
(-0.03037 -0.00655 0.04323)
(-0.02797 -0.00941 0.04488)
(-0.03372 -0.00995 0.03899)
(-0.03247 -0.01867 0.03636)
(-0.03990 -0.02021 0.03868)
(-0.04680 -0.02714 0.04301)
(-0.04776 -0.03216 0.04057)
(-0.02715 -0.05119 0.02710)
(-0.00043 -0.06670 0.01314)
(0.00505 -0.07161 0.00847)
(0.00963 -0.08028 0.00174)
(0.00221 -0.08276 -0.01467)
(-0.00072 -0.08304 -0.03144)
(0.00531 -0.07904 -0.04585)
(-0.00460 -0.07175 -0.05080)
(-0.00488 -0.07373 -0.06929)
(-0.00632 -0.06840 -0.06467)
(-0.00364 -0.05446 -0.05128)
(-0.02005 -0.03977 -0.05507)
(-0.01032 -0.04152 -0.04240)
(-0.02103 -0.03584 -0.03663)
(-0.02061 -0.03461 -0.02496)
(-0.01708 -0.03315 -0.01874)
(-0.01418 -0.03501 -0.01183)
(-0.01945 -0.03101 -0.00745)
(-0.01782 -0.03116 0.00156)
(-0.01239 -0.03959 0.01400)
(-0.00859 -0.04151 0.01879)
(-0.00544 -0.04885 0.03245)
(-0.00382 -0.06370 0.04220)
(-0.00368 -0.07056 0.05338)
(-0.00246 -0.02649 0.02126)
(0.00026 0.00329 -0.00259)
(-0.00554 -0.04907 0.04339)
(-0.00752 0.00285 0.00092)
(-0.04040 0.01402 0.00646)
(-0.04724 0.01695 0.00806)
(-0.06552 0.02189 0.01277)
(-0.07096 0.02023 0.02706)
(-0.05396 0.01217 0.03578)
(-0.04729 0.00969 0.03814)
(-0.04799 0.00951 0.03783)
(-0.04401 0.00781 0.03984)
(-0.03829 0.00450 0.04416)
(-0.02641 -0.00101 0.04520)
(-0.02558 -0.00164 0.04537)
(-0.02073 -0.00561 0.04208)
(-0.01433 -0.01171 0.04287)
(-0.01105 -0.01511 0.04082)
(-0.00881 -0.02661 0.03333)
(-0.01700 -0.02401 0.03392)
(-0.00442 -0.03861 0.03158)
(0.01293 -0.03961 0.02670)
(-0.01201 -0.04139 0.03117)
(-0.00777 -0.05532 0.02002)
(0.00791 -0.06757 0.01132)
(0.01325 -0.07169 0.00728)
(0.01827 -0.07591 0.00327)
(0.02096 -0.08361 -0.01076)
(0.01619 -0.08687 -0.02720)
(0.05069 -0.08882 -0.02365)
(0.02565 -0.08499 -0.03275)
(0.02137 -0.08083 -0.03839)
(0.02816 -0.07766 -0.04750)
(0.02286 -0.07295 -0.04829)
(0.01740 -0.05827 -0.03669)
(0.01078 -0.05375 -0.03635)
(0.01313 -0.05207 -0.03159)
(-0.00884 -0.04201 -0.03032)
(-0.00752 -0.03940 -0.01892)
(-0.01347 -0.03514 -0.01413)
(-0.00989 -0.03555 -0.00969)
(-0.01165 -0.03405 -0.00792)
(-0.00477 -0.03678 0.00747)
(-0.00913 -0.03562 0.01691)
(-0.00128 -0.05047 0.03268)
(0.00171 -0.04410 0.04889)
(-0.00416 -0.05453 0.04943)
(0.00095 -0.04848 0.05322)
(-0.00520 -0.06322 0.05556)
(-0.00644 -0.04609 0.04307)
(-0.00043 -0.00398 0.00370)
(0.00017 0.00142 -0.00136)
(0.00236 -0.00084 -0.00027)
(-0.00357 0.00127 0.00033)
(-0.02578 0.00906 0.00334)
(-0.06839 0.02343 0.01124)
(-0.07279 0.02278 0.01578)
(-0.07613 0.02573 0.01299)
(-0.06282 0.01772 0.02389)
(-0.04774 0.01003 0.03734)
(-0.04322 0.00802 0.04052)
(-0.04221 0.00797 0.04087)
(-0.03950 0.00680 0.04373)
(-0.02395 -0.00089 0.05118)
(-0.01523 -0.00047 0.04945)
(-0.02376 -0.00150 0.04823)
(-0.01420 -0.00347 0.04621)
(0.00310 -0.01154 0.04175)
(0.00688 -0.01784 0.04129)
(0.00132 -0.02160 0.04248)
(0.01969 -0.03941 0.02584)
(0.01478 -0.04256 0.02482)
(0.02253 -0.04268 0.02305)
(0.01795 -0.04569 0.02255)
(0.01761 -0.06866 0.00869)
(0.02222 -0.07173 0.00556)
(0.02632 -0.07475 0.00252)
(0.03984 -0.07772 -0.00355)
(0.06524 -0.08705 -0.01740)
(0.04878 -0.08759 -0.02837)
(0.07397 -0.08989 -0.03462)
(0.07126 -0.08686 -0.03467)
(0.06974 -0.08473 -0.03387)
(0.03984 -0.06716 -0.03198)
(0.02228 -0.05600 -0.02877)
(0.01633 -0.05116 -0.02660)
(0.01978 -0.04388 -0.00818)
(-0.00676 -0.03686 -0.01030)
(-0.00247 -0.03809 -0.00589)
(0.00174 -0.03800 0.00456)
(0.00553 -0.04141 0.02452)
(0.01068 -0.04169 0.03025)
(0.00287 -0.04534 0.02986)
(0.00461 -0.04350 0.04961)
(0.00307 -0.04485 0.05082)
(0.00177 -0.04678 0.05297)
(0.00049 -0.04834 0.05493)
(-0.00286 -0.05875 0.05976)
(-0.00254 -0.02043 0.01975)
(-0.00107 -0.00790 0.00788)
(0.00106 0.00817 -0.00805)
(-0.00745 0.00257 0.00013)
(-0.02712 0.00951 0.00248)
(-0.04861 0.01682 0.00575)
(-0.04218 0.01455 0.00354)
(-0.07377 0.02480 0.01125)
(-0.07134 0.02354 0.01479)
(-0.03896 0.00718 0.03562)
(-0.03793 0.00648 0.02773)
(-0.04053 0.00744 0.04104)
(-0.03801 0.00663 0.04435)
(-0.01706 0.00096 0.05008)
(-0.00439 -0.00217 0.06360)
(-0.00972 -0.00462 0.05471)
(0.00251 -0.00710 0.05938)
(0.00508 -0.01042 0.04681)
(0.01407 -0.01445 0.04194)
(0.01731 -0.01758 0.04402)
(0.02064 -0.02126 0.04010)
(0.02142 -0.03080 0.03311)
(0.02895 -0.04231 0.02198)
(0.02650 -0.04627 0.02006)
(0.03314 -0.04612 0.01849)
(0.04495 -0.05650 0.01079)
(0.04912 -0.07176 -0.00014)
(0.05303 -0.07163 -0.00678)
(0.07459 -0.07804 -0.01722)
(0.08377 -0.07892 -0.02230)
(0.07696 -0.08876 -0.03098)
(0.07673 -0.08787 -0.02948)
(0.07990 -0.08686 -0.03132)
(0.07831 -0.08496 -0.03019)
(0.06719 -0.07272 -0.02401)
(0.03178 -0.05939 -0.02598)
(0.03592 -0.05929 -0.02136)
(0.02753 -0.05513 -0.02101)
(0.04509 -0.05683 0.00182)
(0.03411 -0.04736 0.00564)
(0.03950 -0.04931 0.01072)
(0.02799 -0.04578 0.01785)
(0.05203 -0.05541 0.03090)
(0.03370 -0.04621 0.02847)
(0.02494 -0.04450 0.02945)
(0.04227 -0.04739 0.04077)
(0.01589 -0.04385 0.04592)
(0.00753 -0.04416 0.05168)
(0.00529 -0.04488 0.05245)
(0.00436 -0.04559 0.05420)
(0.00317 -0.04593 0.05586)
(0.00055 -0.04681 0.05653)
(0.00276 -0.05158 0.06860)
(-0.00493 -0.05787 0.06749)
(-0.00404 -0.02354 0.02675)
(0.00046 0.00312 -0.00323)
(0.00038 -0.00013 0.00004)
(-0.00514 0.00150 -0.00060)
(-0.02882 0.00809 -0.00289)
(-0.06750 0.02283 0.00724)
(-0.05444 0.01343 0.00850)
(-0.04906 0.01221 0.01563)
(-0.03205 0.00280 0.00979)
(-0.03881 0.00691 0.02639)
(-0.02889 0.00250 0.03687)
(-0.01214 -0.00153 0.03691)
(-0.01000 -0.00239 0.03812)
(-0.01146 -0.00131 0.04291)
(-0.00103 -0.00339 0.04609)
(0.00126 -0.00250 0.05912)
(-0.00062 -0.00367 0.06868)
(0.01558 -0.00967 0.05784)
(0.02042 -0.01390 0.04966)
(0.02336 -0.01904 0.04509)
(0.02752 -0.02129 0.04174)
(0.04399 -0.03015 0.02839)
(0.05335 -0.03549 0.01940)
(0.06138 -0.04572 0.00616)
(0.04993 -0.05221 0.00835)
(0.06847 -0.04714 -0.00171)
(0.07652 -0.06268 -0.00913)
(0.08931 -0.07194 -0.01796)
(0.07974 -0.06917 -0.01827)
(0.08468 -0.07145 -0.02263)
(0.09202 -0.07892 -0.02573)
(0.10026 -0.07499 -0.03157)
(0.10287 -0.08496 -0.02503)
(0.09116 -0.08361 -0.03064)
(0.09025 -0.08589 -0.02380)
(0.08989 -0.07968 -0.01909)
(0.07773 -0.07699 -0.01707)
(0.09552 -0.07969 -0.00408)
(0.06361 -0.06624 0.00414)
(0.08518 -0.07623 0.01360)
(0.07374 -0.06621 0.02826)
(0.07618 -0.06731 0.03098)
(0.07322 -0.07170 0.04314)
(0.06098 -0.05865 0.04562)
(0.07237 -0.06567 0.05903)
(0.04950 -0.05514 0.05345)
(0.03562 -0.05033 0.05073)
(0.02701 -0.04749 0.06051)
(0.02811 -0.05128 0.06977)
(0.00878 -0.04843 0.06451)
(-0.00315 -0.04687 0.07610)
(-0.00451 -0.05466 0.07894)
(0.00982 -0.04703 0.07572)
(-0.00950 -0.04560 0.08111)
(-0.00433 -0.02884 0.03893)
(-0.00028 -0.00177 0.00226)
(0.00048 0.00387 -0.00496)
(-0.00240 0.00043 -0.00076)
(-0.01367 0.00364 -0.00184)
(-0.05085 0.01097 -0.00281)
(-0.02747 -0.00317 -0.00431)
(-0.02886 -0.00059 0.00014)
(-0.02037 -0.00397 0.01343)
(-0.01631 -0.00791 0.00394)
(-0.01187 -0.00400 0.02557)
(-0.00964 -0.00255 0.03847)
(0.00675 -0.00439 0.03724)
(0.00455 -0.00482 0.04287)
(0.01084 -0.00725 0.05019)
(0.01460 -0.00665 0.04984)
(0.02460 -0.00843 0.04795)
(0.04251 -0.01540 0.04018)
(0.04748 -0.01754 0.03556)
(0.03958 -0.01813 0.03720)
(0.05089 -0.02569 0.03099)
(0.05871 -0.03395 0.02168)
(0.06822 -0.03296 0.00700)
(0.07574 -0.03303 -0.00591)
(0.08312 -0.05697 -0.00921)
(0.09679 -0.06840 -0.01790)
(0.08821 -0.05767 -0.02174)
(0.09445 -0.05511 -0.03309)
(0.09422 -0.05522 -0.03376)
(0.10129 -0.07656 -0.02881)
(0.10007 -0.08067 -0.02740)
(0.10253 -0.07511 -0.02016)
(0.10334 -0.07634 -0.01738)
(0.10891 -0.08250 -0.00239)
(0.11519 -0.08646 0.00659)
(0.09223 -0.08001 0.00958)
(0.10809 -0.08840 0.01668)
(0.08560 -0.07226 0.02772)
(0.08991 -0.07853 0.03266)
(0.10141 -0.08655 0.05600)
(0.09267 -0.08205 0.06547)
(0.09187 -0.08206 0.06848)
(0.07851 -0.07301 0.06848)
(0.04601 -0.05500 0.05953)
(0.06988 -0.06985 0.07339)
(0.04949 -0.05921 0.06929)
(0.03574 -0.05210 0.07045)
(0.03403 -0.05256 0.07695)
(0.01427 -0.04786 0.07630)
(0.00624 -0.04979 0.08248)
(-0.01182 -0.04331 0.08150)
(0.00454 -0.05018 0.08155)
(-0.00658 -0.03479 0.05451)
(-0.00100 -0.00775 0.01010)
(0.00016 -0.00354 0.00538)
(0.00399 -0.00064 0.00127)
(-0.01525 0.00239 -0.00503)
(-0.00151 0.00023 -0.00049)
(-0.01781 0.00215 -0.00614)
(-0.03473 0.00102 -0.00886)
(-0.01960 -0.00722 -0.00150)
(-0.01770 -0.00895 -0.00448)
(-0.01180 -0.00833 0.00032)
(-0.00364 -0.00883 0.00479)
(-0.00586 -0.00878 0.01257)
(0.01166 -0.01405 0.01046)
(0.00563 -0.01059 0.02210)
(0.00640 -0.00699 0.02957)
(0.02674 -0.00796 0.03192)
(0.02855 -0.00739 0.03425)
(0.02736 -0.00816 0.04375)
(0.04167 -0.01325 0.03694)
(0.04847 -0.01636 0.03384)
(0.05165 -0.01890 0.03101)
(0.06372 -0.02795 0.02083)
(0.07393 -0.02705 0.00459)
(0.07152 -0.02504 -0.00692)
(0.07701 -0.02268 -0.02955)
(0.07897 -0.03569 -0.00959)
(0.08406 -0.04104 -0.02236)
(0.09432 -0.05042 -0.02878)
(0.09078 -0.05076 -0.03454)
(0.09018 -0.05088 -0.03538)
(0.09481 -0.05615 -0.03430)
(0.10319 -0.07022 -0.02676)
(0.10227 -0.07449 -0.02176)
(0.10264 -0.07590 -0.01950)
(0.11341 -0.08431 -0.01184)
(0.11453 -0.09112 0.00248)
(0.12163 -0.09754 0.01843)
(0.12867 -0.10615 0.03242)
(0.12765 -0.10595 0.03657)
(0.11990 -0.09748 0.04189)
(0.11100 -0.09180 0.05899)
(0.09867 -0.08668 0.06803)
(0.09748 -0.08648 0.07100)
(0.09108 -0.08166 0.07170)
(0.08473 -0.07690 0.07549)
(0.06754 -0.06813 0.07949)
(0.04487 -0.05662 0.07905)
(0.03654 -0.05464 0.07865)
(0.02717 -0.05120 0.07782)
(0.03556 -0.05273 0.08252)
(0.02065 -0.05167 0.08406)
(0.02421 -0.05387 0.08782)
(0.00382 -0.04185 0.06575)
(0.00081 -0.00836 0.01264)
(0.00369 -0.00049 0.00117)
(-0.00636 0.00068 -0.00211)
(-0.03344 0.00186 -0.01278)
(-0.02584 0.00076 -0.00980)
(-0.03185 -0.00039 -0.01290)
(-0.00793 -0.01140 -0.00721)
(-0.00408 -0.01180 -0.00567)
(0.00264 -0.01193 -0.00500)
(0.02137 -0.01563 0.00206)
(0.02310 -0.01497 0.00309)
(0.01662 -0.01321 0.02244)
(0.02898 -0.00885 0.02769)
(0.03163 -0.00826 0.02717)
(0.03414 -0.00766 0.02671)
(0.03255 -0.00748 0.03132)
(0.04209 -0.01061 0.02526)
(0.04892 -0.01389 0.02660)
(0.05148 -0.01584 0.02832)
(0.05216 -0.00798 0.00310)
(0.05460 -0.01960 0.02697)
(0.06850 -0.01893 -0.00243)
(0.06885 -0.01868 -0.00529)
(0.07321 -0.01789 -0.03025)
(0.07683 -0.02300 -0.03200)
(0.07590 -0.02252 -0.03418)
(0.08595 -0.04633 -0.03632)
(0.08494 -0.04657 -0.03744)
(0.09021 -0.05221 -0.03595)
(0.09016 -0.05402 -0.03657)
(0.09291 -0.06477 -0.03303)
(0.10256 -0.07573 -0.02876)
(0.11040 -0.08890 -0.01133)
(0.11270 -0.09268 -0.01038)
(0.12266 -0.09893 0.00894)
(0.12914 -0.10952 0.03113)
(0.12901 -0.11142 0.03508)
(0.12943 -0.11028 0.03995)
(0.12655 -0.11154 0.05320)
(0.10315 -0.09151 0.07051)
(0.10158 -0.09125 0.07333)
(0.09605 -0.08566 0.07434)
(0.09958 -0.08762 0.08321)
(0.07757 -0.07369 0.08364)
(0.07301 -0.07098 0.08276)
(0.07095 -0.06493 0.09073)
(0.05845 -0.06030 0.08867)
(0.05355 -0.05841 0.08758)
(0.05949 -0.06029 0.08841)
(0.05524 -0.05847 0.08736)
(0.05110 -0.05670 0.08640)
(0.03121 -0.05479 0.08775)
(0.00973 -0.05512 0.08618)
(0.01252 -0.05116 0.07833)
(0.00221 -0.01321 0.01984)
(-0.00056 0.00403 -0.00601)
(0.00134 -0.00012 0.00041)
(-0.01005 0.00055 -0.00330)
(-0.00769 -0.00973 -0.00927)
(-0.01580 -0.00999 -0.01449)
(0.00046 -0.01856 -0.01208)
(0.00001 -0.01780 -0.01227)
(0.01470 -0.02090 -0.00681)
(0.02330 -0.01763 -0.00129)
(0.02468 -0.01608 -0.00008)
(0.03103 -0.01748 0.00641)
(0.03166 -0.01500 0.00916)
(0.03317 -0.00863 0.02252)
(0.03535 -0.00772 0.02196)
(0.03796 -0.00591 0.01172)
(0.03689 -0.00691 0.02539)
(0.04402 0.00033 0.01003)
(0.04481 -0.00467 0.00435)
(0.04772 -0.00287 -0.00834)
(0.06057 -0.00333 -0.01271)
(0.06673 -0.01019 -0.01017)
(0.06586 -0.01214 -0.02700)
(0.07250 -0.01784 -0.03328)
(0.06857 -0.01336 -0.03505)
(0.07125 -0.01787 -0.03596)
(0.06703 -0.02575 -0.04085)
(0.06358 -0.02848 -0.04927)
(0.08471 -0.04833 -0.03801)
(0.07885 -0.05018 -0.04155)
(0.07512 -0.06101 -0.04074)
(0.07978 -0.06679 -0.03783)
(0.10773 -0.08479 -0.02071)
(0.11191 -0.09297 -0.01727)
(0.11808 -0.10126 -0.00164)
(0.11957 -0.10874 0.02036)
(0.12682 -0.11413 0.03324)
(0.12885 -0.11349 0.03971)
(0.12119 -0.11813 0.05696)
(0.11219 -0.10547 0.07024)
(0.10875 -0.10926 0.07830)
(0.11208 -0.10140 0.08440)
(0.10581 -0.09573 0.09293)
(0.09620 -0.08231 0.09159)
(0.07782 -0.07389 0.09254)
(0.09278 -0.07914 0.09766)
(0.07924 -0.07204 0.09262)
(0.06448 -0.06239 0.08957)
(0.05920 -0.05937 0.08740)
(0.05869 -0.05717 0.08779)
(0.04468 -0.05774 0.08701)
(0.01607 -0.05538 0.08572)
(0.02405 -0.05359 0.08392)
(0.00441 -0.01811 0.02701)
(-0.00016 0.00081 -0.00120)
(-0.00025 -0.00011 0.00003)
(-0.00513 -0.00449 -0.00192)
(-0.00458 -0.00286 0.00128)
(-0.00095 -0.01567 -0.00740)
(0.00217 -0.01854 -0.00877)
(0.00992 -0.02553 -0.01277)
(0.02103 -0.02982 -0.01130)
(0.02675 -0.02730 -0.01487)
(0.02491 -0.02492 -0.00677)
(0.02591 -0.01719 -0.00298)
(0.03089 -0.01888 -0.00805)
(0.03324 -0.01453 -0.00378)
(0.03721 -0.00773 0.00338)
(0.03360 -0.00261 -0.01078)
(0.04353 -0.00019 -0.00426)
(0.04894 0.00330 -0.00541)
(0.04104 0.00630 -0.01661)
(0.05071 -0.00219 -0.01667)
(0.04018 0.00542 -0.02919)
(0.05127 0.00312 -0.03059)
(0.04155 0.00606 -0.04401)
(0.04114 0.00349 -0.04981)
(0.06711 -0.01367 -0.03815)
(0.05342 -0.01856 -0.05029)
(0.03989 -0.01196 -0.06399)
(0.06334 -0.03224 -0.05184)
(0.05515 -0.03738 -0.05348)
(0.06459 -0.05243 -0.04811)
(0.06257 -0.05858 -0.04714)
(0.08783 -0.08248 -0.02976)
(0.08230 -0.09311 -0.02109)
(0.10648 -0.10680 -0.00078)
(0.10031 -0.11531 0.00784)
(0.09957 -0.12455 0.01588)
(0.11537 -0.12872 0.04063)
(0.11402 -0.13066 0.05010)
(0.11719 -0.12865 0.07497)
(0.11565 -0.12741 0.07605)
(0.10970 -0.10812 0.08788)
(0.10638 -0.10562 0.09283)
(0.09923 -0.08873 0.09372)
(0.09849 -0.08937 0.09723)
(0.08070 -0.07002 0.09661)
(0.08048 -0.07214 0.09455)
(0.06473 -0.06121 0.08778)
(0.08840 -0.06955 0.09355)
(0.06791 -0.05981 0.08958)
(0.06062 -0.06020 0.08747)
(0.06792 -0.06040 0.08710)
(0.04824 -0.05742 0.08702)
(0.01653 -0.02458 0.03590)
(0.00070 -0.00183 0.00258)
(-0.00096 -0.00050 0.00034)
(-0.00118 -0.00782 0.00002)
(0.00366 -0.01872 -0.00480)
(0.02396 -0.02987 -0.00954)
(0.02352 -0.03000 -0.01234)
(0.02671 -0.02832 -0.01479)
(0.03428 -0.02960 -0.02287)
(0.03118 -0.02664 -0.01619)
(0.03388 -0.02632 -0.02211)
(0.03476 -0.01850 -0.02080)
(0.03428 -0.00695 -0.01546)
(0.02823 -0.00103 -0.01886)
(0.03181 0.00368 -0.01598)
(0.02073 0.00659 -0.02810)
(0.03961 0.00378 -0.01437)
(0.02784 0.01319 -0.02770)
(0.00821 0.02382 -0.05831)
(0.02803 0.01112 -0.04736)
(0.02384 0.01649 -0.05728)
(0.02601 0.01393 -0.05889)
(0.02996 0.00731 -0.06131)
(0.03078 0.00076 -0.06177)
(0.03142 -0.00543 -0.06525)
(0.03968 -0.01779 -0.06041)
(0.04281 -0.02963 -0.05806)
(0.03508 -0.04164 -0.06339)
(0.03504 -0.04849 -0.05891)
(0.05977 -0.07291 -0.04029)
(0.05133 -0.09433 -0.02907)
(0.07961 -0.10468 -0.01458)
(0.08714 -0.11768 0.00016)
(0.08442 -0.12764 0.02042)
(0.10198 -0.13032 0.03554)
(0.09628 -0.13352 0.04726)
(0.11512 -0.12940 0.07411)
(0.10829 -0.12858 0.07976)
(0.11572 -0.11830 0.08848)
(0.10382 -0.12158 0.09739)
(0.10414 -0.10647 0.09914)
(0.10636 -0.09726 0.09917)
(0.10001 -0.09038 0.09638)
(0.09581 -0.08023 0.09862)
(0.10765 -0.08524 0.10198)
(0.10326 -0.07955 0.10116)
(0.09163 -0.07192 0.09445)
(0.08009 -0.06122 0.09080)
(0.07767 -0.05975 0.08752)
(0.06789 -0.06097 0.08645)
(0.03724 -0.04155 0.06059)
(0.01454 -0.02103 0.03051)
(0.00197 -0.00317 0.00457)
(0.00028 0.00009 -0.00048)
(-0.00093 -0.00065 0.00159)
(0.00421 -0.00765 0.00491)
(0.01446 -0.01996 0.00141)
(0.02319 -0.02652 -0.00772)
(0.02728 -0.02849 -0.01184)
(0.02990 -0.02756 -0.01277)
(0.02872 -0.02858 -0.01462)
(0.03176 -0.02620 -0.02355)
(0.03347 -0.02687 -0.02493)
(0.03310 -0.02440 -0.02521)
(0.01456 -0.00216 -0.03748)
(0.03059 -0.00801 -0.02803)
(0.01657 0.00217 -0.03445)
(-0.00127 0.02047 -0.04998)
(0.00910 0.01763 -0.04117)
(-0.00775 0.02780 -0.05835)
(0.00959 0.02015 -0.04921)
(0.00104 0.02708 -0.06402)
(0.00514 0.02538 -0.06357)
(0.00339 0.02648 -0.06785)
(0.00542 0.02589 -0.07242)
(0.02044 0.00899 -0.06806)
(0.01413 0.01152 -0.07282)
(0.00685 0.01338 -0.08718)
(0.01352 0.00142 -0.08432)
(0.02350 -0.01127 -0.07115)
(0.02368 -0.02187 -0.07090)
(0.01488 -0.02777 -0.07462)
(0.01476 -0.03165 -0.07334)
(0.04356 -0.06292 -0.04872)
(0.04439 -0.09185 -0.03225)
(0.05208 -0.09960 -0.02519)
(0.05822 -0.10945 -0.01871)
(0.05937 -0.12135 0.00994)
(0.07931 -0.13243 0.03263)
(0.07054 -0.13813 0.04904)
(0.09086 -0.13915 0.05946)
(0.08623 -0.13217 0.07120)
(0.10265 -0.12649 0.09474)
(0.10237 -0.12519 0.09675)
(0.10459 -0.12067 0.09891)
(0.10624 -0.12067 0.09999)
(0.10861 -0.09217 0.10022)
(0.10980 -0.08841 0.10264)
(0.10467 -0.08045 0.10102)
(0.10549 -0.08105 0.10256)
(0.10208 -0.07371 0.09770)
(0.09100 -0.06823 0.09291)
(0.08937 -0.06990 0.09530)
(0.08734 -0.06946 0.09331)
(0.07005 -0.05917 0.08811)
(0.04198 -0.03968 0.05884)
(0.00405 -0.00426 0.00627)
(0.00415 -0.00417 0.00621)
(0.00002 0.00012 0.00213)
(0.00687 -0.00698 0.00823)
(0.02455 -0.02557 -0.00698)
(0.02562 -0.02648 -0.00904)
(0.02732 -0.02751 -0.01197)
(0.02848 -0.02767 -0.01548)
(0.03165 -0.02451 -0.02711)
(0.02830 -0.02235 -0.03515)
(0.03192 -0.02457 -0.02754)
(0.00790 0.00077 -0.04268)
(0.00939 0.00426 -0.04495)
(-0.00851 0.02581 -0.05894)
(-0.01339 0.02954 -0.06182)
(-0.01208 0.03099 -0.06166)
(-0.01816 0.03287 -0.07094)
(-0.00223 0.02884 -0.06879)
(-0.01148 0.03295 -0.07457)
(-0.00427 0.02973 -0.07305)
(-0.01532 0.03464 -0.09515)
(-0.01479 0.03358 -0.10361)
(-0.00673 0.03043 -0.09599)
(-0.00190 0.02333 -0.09823)
(-0.00951 0.02563 -0.11359)
(-0.00966 0.02354 -0.11309)
(0.00601 -0.00311 -0.08662)
(0.00941 -0.02314 -0.07872)
(0.00897 -0.02682 -0.07739)
(0.01329 -0.03490 -0.07246)
(0.01961 -0.06316 -0.05628)
(0.04420 -0.09660 -0.02914)
(0.04069 -0.10384 -0.01963)
(0.04562 -0.11991 0.00146)
(0.05821 -0.12771 0.01978)
(0.06375 -0.13864 0.04643)
(0.07081 -0.13922 0.05426)
(0.07061 -0.14071 0.05827)
(0.09971 -0.12949 0.09475)
(0.09986 -0.12894 0.09646)
(0.10340 -0.12445 0.09847)
(0.10531 -0.12430 0.10013)
(0.11045 -0.10720 0.10163)
(0.11777 -0.10346 0.10637)
(0.11194 -0.09390 0.10684)
(0.11134 -0.08975 0.10392)
(0.10253 -0.07367 0.09956)
(0.09582 -0.07555 0.09741)
(0.09283 -0.07400 0.09652)
(0.06975 -0.05987 0.08951)
(0.04938 -0.04560 0.06811)
(0.02617 -0.02518 0.03754)
(0.05052 -0.04629 0.06985)
(0.00680 -0.00664 0.01003)
(0.00003 0.00008 0.00057)
(0.00050 0.00038 0.00422)
(0.00043 0.00052 0.00282)
(0.00230 0.00030 0.00971)
(0.01215 -0.00886 0.00636)
(0.02116 -0.01474 -0.00095)
(0.02644 -0.02519 -0.00914)
(0.02675 -0.02316 -0.01180)
(0.02738 -0.02658 -0.01220)
(0.02391 -0.02143 -0.03000)
(0.02498 -0.02186 -0.03238)
(0.02608 -0.01977 -0.03775)
(0.01171 -0.00564 -0.04791)
(0.00341 0.00421 -0.04978)
(-0.00924 0.01263 -0.05712)
(-0.01144 0.02056 -0.05940)
(-0.01984 0.03251 -0.06488)
(-0.01841 0.03331 -0.06535)
(-0.03182 0.04172 -0.07476)
(-0.05675 0.05336 -0.10174)
(-0.01351 0.03385 -0.07846)
(-0.03851 0.04629 -0.11873)
(-0.04528 0.04620 -0.12999)
(-0.02363 0.03384 -0.11654)
(-0.01827 0.03078 -0.12125)
(-0.01410 0.02685 -0.11894)
(-0.00894 0.01127 -0.10481)
(-0.00567 -0.00769 -0.09660)
(0.00331 -0.02079 -0.08260)
(0.00719 -0.03140 -0.07572)
(-0.00285 -0.05057 -0.06618)
(0.02254 -0.08445 -0.03747)
(0.01853 -0.09496 -0.02448)
(0.02230 -0.10971 -0.01300)
(0.04371 -0.12906 0.01737)
(0.05267 -0.13893 0.04159)
(0.06485 -0.13969 0.05252)
(0.06564 -0.14186 0.05803)
(0.08155 -0.13769 0.08056)
(0.09553 -0.13915 0.09454)
(0.10130 -0.12829 0.09833)
(0.10439 -0.13070 0.10289)
(0.11250 -0.12121 0.10479)
(0.11141 -0.12167 0.10880)
(0.11767 -0.10599 0.10784)
(0.11512 -0.09995 0.10580)
(0.11431 -0.09495 0.10487)
(0.10723 -0.08729 0.10140)
(0.08494 -0.06903 0.09678)
(0.07180 -0.06077 0.09138)
(0.06993 -0.06078 0.09213)
(0.06644 -0.05981 0.09139)
(0.04363 -0.04029 0.06181)
(0.00677 -0.00691 0.01078)
(-0.00532 0.00553 -0.00867)
(0.00013 0.00009 0.00031)
(0.00172 0.00101 0.00364)
(0.01273 -0.00451 0.00998)
(0.00924 -0.00263 0.00766)
(0.02110 -0.00858 0.00837)
(0.02206 -0.01332 -0.00007)
(0.02585 -0.01871 -0.00506)
(0.02932 -0.02226 -0.01892)
(0.02552 -0.02019 -0.02667)
(0.02304 -0.01892 -0.04200)
(0.02304 -0.01937 -0.04462)
(0.00872 -0.00695 -0.04748)
(-0.00390 0.00576 -0.05432)
(-0.02598 0.02389 -0.06320)
(-0.03138 0.02836 -0.06789)
(-0.04371 0.03839 -0.07225)
(-0.06362 0.05408 -0.08681)
(-0.02520 0.03670 -0.06850)
(-0.04947 0.04863 -0.08383)
(-0.07588 0.06287 -0.11433)
(-0.06162 0.05696 -0.11119)
(-0.06007 0.05349 -0.12692)
(-0.06179 0.05513 -0.13652)
(-0.04099 0.04276 -0.13036)
(-0.04849 0.04668 -0.14274)
(-0.05055 0.04236 -0.14485)
(-0.02882 0.02284 -0.12384)
(-0.02739 0.01095 -0.11391)
(-0.02730 0.00841 -0.11569)
(-0.01850 -0.01990 -0.09015)
(-0.01218 -0.04326 -0.07157)
(-0.00534 -0.06234 -0.05815)
(0.00109 -0.08537 -0.03673)
(0.00398 -0.09546 -0.02792)
(0.02193 -0.11802 0.00279)
(0.02279 -0.12090 0.01353)
(0.05912 -0.13931 0.05097)
(0.05535 -0.14527 0.06281)
(0.06530 -0.15004 0.07490)
(0.06850 -0.14966 0.08482)
(0.08571 -0.14558 0.09491)
(0.09189 -0.14229 0.09770)
(0.10701 -0.13267 0.10561)
(0.11086 -0.12623 0.11241)
(0.11288 -0.11329 0.11135)
(0.10880 -0.11094 0.11280)
(0.11060 -0.09736 0.10947)
(0.09253 -0.08708 0.11004)
(0.09173 -0.08200 0.10549)
(0.08639 -0.08104 0.11152)
(0.07633 -0.06749 0.10788)
(0.06078 -0.05809 0.09290)
(0.03736 -0.03576 0.05670)
(0.01035 -0.01009 0.01633)
(-0.00384 0.00405 -0.00661)
(0.00211 0.00008 0.00207)
(0.01264 -0.00106 0.01021)
(0.02326 -0.00867 0.00526)
(0.02775 -0.01513 -0.00466)
(0.02931 -0.01827 -0.00938)
(0.02825 -0.01923 -0.01547)
(0.02058 -0.01410 -0.03148)
(0.02503 -0.01937 -0.02633)
(0.01916 -0.01427 -0.03929)
(0.01019 -0.00683 -0.04686)
(0.01718 -0.01405 -0.04581)
(-0.00198 0.00337 -0.05253)
(-0.01377 0.01051 -0.05903)
(-0.02885 0.02061 -0.06492)
(-0.03452 0.02514 -0.06646)
(-0.03691 0.03203 -0.06922)
(-0.04787 0.03624 -0.06971)
(-0.05779 0.04656 -0.07717)
(-0.08244 0.05887 -0.09143)
(-0.07623 0.06088 -0.10426)
(-0.08432 0.06718 -0.11611)
(-0.08335 0.06843 -0.12058)
(-0.08244 0.06371 -0.14590)
(-0.09658 0.06846 -0.17090)
(-0.06343 0.05325 -0.15402)
(-0.06127 0.05089 -0.15505)
(-0.06459 0.04398 -0.15767)
(-0.05297 0.03689 -0.14559)
(-0.04403 0.02641 -0.13462)
(-0.03697 0.01414 -0.12397)
(-0.02747 -0.00751 -0.09839)
(-0.02587 -0.02302 -0.08900)
(-0.01605 -0.05446 -0.06561)
(-0.01581 -0.06578 -0.05276)
(-0.01836 -0.08172 -0.03732)
(0.01002 -0.10799 -0.00787)
(0.01304 -0.11643 0.01198)
(0.02544 -0.13783 0.03589)
(0.03015 -0.14531 0.05298)
(0.05085 -0.14909 0.06524)
(0.06280 -0.15630 0.08161)
(0.06982 -0.15490 0.08493)
(0.08596 -0.14966 0.09640)
(0.08179 -0.15538 0.10073)
(0.09973 -0.13609 0.10609)
(0.10893 -0.12685 0.11376)
(0.09535 -0.12972 0.12238)
(0.09583 -0.12496 0.12242)
(0.09530 -0.11397 0.12126)
(0.09339 -0.12206 0.12409)
(0.09109 -0.09942 0.11850)
(0.08130 -0.08253 0.11532)
(0.07895 -0.08064 0.11380)
(0.06880 -0.06794 0.10210)
(0.02035 -0.02142 0.03279)
(0.00274 -0.00361 0.00553)
(-0.00105 0.00138 -0.00213)
(0.00042 0.00003 0.00041)
(0.00683 0.00000 0.00603)
(0.01872 -0.00194 0.01385)
(0.02443 -0.00843 0.00519)
(0.02718 -0.01360 -0.00740)
(0.02621 -0.01430 -0.01238)
(0.02546 -0.01495 -0.02059)
(0.01412 -0.00769 -0.03944)
(0.01221 -0.00695 -0.04294)
(0.00895 -0.00460 -0.04578)
(-0.00511 0.00529 -0.05505)
(-0.03096 0.02237 -0.06549)
(-0.03609 0.02627 -0.06680)
(-0.04365 0.03204 -0.06872)
(-0.07282 0.05541 -0.08373)
(-0.08792 0.06302 -0.09599)
(-0.09167 0.06579 -0.10937)
(-0.10577 0.07442 -0.12953)
(-0.09518 0.06932 -0.13150)
(-0.11074 0.07782 -0.14182)
(-0.10068 0.07165 -0.15724)
(-0.10202 0.07079 -0.17475)
(-0.09495 0.06740 -0.17528)
(-0.08900 0.06380 -0.17491)
(-0.07402 0.05264 -0.17054)
(-0.06468 0.04300 -0.15567)
(-0.05435 0.03682 -0.14950)
(-0.05636 0.02912 -0.14151)
(-0.04264 0.00486 -0.11043)
(-0.04661 -0.00315 -0.10543)
(-0.03244 -0.03097 -0.08435)
(-0.02430 -0.06130 -0.05466)
(-0.02159 -0.07607 -0.04125)
(-0.01672 -0.08668 -0.03103)
(-0.00525 -0.10110 -0.00953)
(0.01706 -0.13729 0.03249)
(0.02423 -0.13464 0.03327)
(0.03061 -0.12838 0.03742)
(0.04992 -0.14696 0.06839)
(0.06619 -0.15547 0.08435)
(0.07175 -0.15452 0.08880)
(0.07351 -0.15443 0.09100)
(0.08363 -0.14253 0.09742)
(0.09011 -0.13341 0.11641)
(0.09159 -0.12647 0.12460)
(0.09402 -0.11509 0.12481)
(0.08817 -0.10275 0.12094)
(0.07840 -0.09907 0.11994)
(0.07936 -0.08930 0.11882)
(0.07405 -0.08081 0.11809)
(0.06778 -0.07056 0.10054)
(0.02188 -0.02376 0.03569)
(0.00156 -0.00168 0.00259)
(0.00029 0.00009 0.00019)
(0.00904 0.00220 0.00513)
(0.02070 -0.00256 0.00334)
(0.02871 -0.00934 -0.00329)
(0.02752 -0.01057 -0.00408)
(0.02588 -0.01080 -0.01792)
(0.01991 -0.00729 -0.02497)
(0.02564 -0.01182 -0.02077)
(0.01342 -0.00696 -0.03998)
(0.01112 -0.00577 -0.04302)
(0.01024 -0.00475 -0.04329)
(0.00743 -0.00304 -0.04603)
(0.00505 -0.00147 -0.04815)
(-0.03204 0.02437 -0.06497)
(-0.03732 0.02723 -0.06714)
(-0.04442 0.03235 -0.06898)
(-0.07640 0.05731 -0.08871)
(-0.08686 0.06194 -0.09483)
(-0.10068 0.07057 -0.12078)
(-0.11620 0.08154 -0.13741)
(-0.11800 0.08170 -0.14401)
(-0.10655 0.07376 -0.15957)
(-0.10655 0.07257 -0.17851)
(-0.10082 0.07008 -0.17919)
(-0.09996 0.06979 -0.18309)
(-0.09400 0.06528 -0.18811)
(-0.07066 0.04679 -0.16177)
(-0.07798 0.04907 -0.16083)
(-0.06002 0.02224 -0.13845)
(-0.04627 -0.00789 -0.10093)
(-0.04139 -0.02714 -0.08716)
(-0.02000 -0.08091 -0.03620)
(0.00145 -0.10529 0.00164)
(0.01245 -0.12128 0.01515)
(0.03295 -0.13632 0.04725)
(0.06807 -0.15445 0.08556)
(0.07429 -0.15550 0.09356)
(0.08931 -0.13086 0.12489)
(0.08489 -0.11434 0.12504)
(0.02541 -0.02885 0.04094)
(0.00198 0.00023 0.00113)
(0.01517 0.00076 0.00293)
(0.02914 -0.00470 -0.00629)
(0.02474 -0.00032 0.00308)
(0.02893 -0.00485 -0.00818)
(0.02883 -0.00643 -0.01064)
(0.01959 -0.00524 -0.02516)
(0.01273 -0.00615 -0.04055)
(0.00941 -0.00368 -0.04376)
(0.00607 -0.00155 -0.04641)
(-0.00152 0.00382 -0.05324)
(-0.02883 0.02454 -0.06572)
(-0.04382 0.03757 -0.06981)
(-0.04590 0.03510 -0.07019)
(-0.07802 0.05863 -0.08490)
(-0.07687 0.05650 -0.08712)
(-0.09514 0.06662 -0.09564)
(-0.10969 0.07585 -0.11732)
(-0.11062 0.07720 -0.11420)
(-0.11677 0.08161 -0.13730)
(-0.11823 0.08185 -0.14498)
(-0.11947 0.08059 -0.15792)
(-0.11488 0.07747 -0.18331)
(-0.10748 0.07312 -0.18490)
(-0.10473 0.07204 -0.18651)
(-0.08964 0.06138 -0.18758)
(-0.00289 -0.00054 -0.00146)
(0.00835 0.00087 0.00262)
(0.02777 0.00170 0.00309)
(0.02951 -0.00149 -0.00086)
(0.02771 -0.00433 -0.00961)
(0.02585 -0.00699 -0.01781)
(0.01904 -0.00466 -0.02683)
(0.01628 -0.00329 -0.03088)
(0.01651 -0.00325 -0.03108)
(0.00750 -0.00078 -0.04452)
(-0.00265 0.00640 -0.05213)
(-0.01227 0.01450 -0.05728)
(-0.03768 0.03333 -0.06822)
(-0.04122 0.03673 -0.06928)
(-0.05740 0.04688 -0.07908)
(-0.07456 0.05876 -0.08520)
(-0.09514 0.06887 -0.09685)
(-0.10458 0.07517 -0.11500)
(-0.11567 0.08139 -0.13712)
(-0.12180 0.08233 -0.16637)
(-0.12272 0.08238 -0.18702)
(-0.00289 -0.00050 -0.00124)
(0.00204 0.00035 0.00084)
(0.01422 0.00200 0.00472)
(0.02731 -0.00001 -0.00448)
(0.02647 -0.00072 -0.00782)
(0.02399 -0.00182 -0.01761)
(0.01641 -0.00123 -0.03012)
(0.00758 0.00255 -0.04548)
(0.00002 0.00628 -0.05392)
(-0.01307 0.01707 -0.05959)
(-0.03341 0.03034 -0.06661)
(-0.04029 0.03571 -0.07006)
(-0.05291 0.04353 -0.07763)
(-0.07575 0.06041 -0.09210)
(-0.08606 0.06674 -0.09550)
(-0.09289 0.07046 -0.10493)
(-0.11081 0.07893 -0.12516)
(0.00068 0.00012 0.00027)
(0.01462 0.00206 0.00095)
(0.02163 0.00069 -0.00282)
(0.02718 0.00049 -0.00547)
(0.02579 -0.00036 -0.00995)
(0.02520 -0.00011 -0.01171)
(0.02140 0.00030 -0.02527)
(0.01342 0.00324 -0.03693)
(0.00518 0.00677 -0.04469)
(0.00689 0.00797 -0.04476)
(-0.00748 0.01567 -0.06003)
(-0.01513 0.02148 -0.06350)
(-0.02356 0.02576 -0.06731)
(-0.02255 0.02748 -0.06989)
(-0.03667 0.03559 -0.07132)
(-0.06050 0.05034 -0.08115)
(0.00173 0.00042 0.00059)
(0.02200 0.00253 0.00145)
(0.02686 0.00076 -0.00697)
(0.02982 0.00514 -0.00788)
(0.02788 0.00184 -0.01382)
(0.02496 0.00256 -0.02225)
(0.01879 0.00179 -0.03577)
(0.00794 0.00768 -0.04404)
(-0.01079 0.01877 -0.06558)
(-0.01816 0.02433 -0.06850)
(-0.00038 -0.00010 -0.00007)
(0.01034 0.00284 0.00036)
(0.02270 0.00555 -0.00482)
(-0.07664 0.04743 -0.16184)
(-0.05138 0.00215 -0.10996)
(-0.02537 -0.07016 -0.04637)
(-0.01649 -0.08523 -0.02931)
(0.02350 -0.12180 0.02657)
(0.05677 -0.14987 0.07191)
(0.06970 -0.15471 0.08835)
(0.07954 -0.14405 0.10710)
(0.08370 -0.12712 0.12250)
(0.07455 -0.10955 0.12720)
(0.07536 -0.09744 0.11993)
(0.06371 -0.07584 0.10540)
(0.06245 -0.07347 0.10257)
(0.06096 -0.07072 0.09937)
(0.00572 -0.00642 0.00914)
(-0.10860 0.07284 -0.19510)
(-0.09043 0.05845 -0.18163)
(-0.07966 0.05132 -0.17325)
(-0.07596 0.03933 -0.15385)
(-0.06027 0.01067 -0.12151)
(-0.05033 -0.00302 -0.10521)
(-0.04799 -0.01774 -0.09217)
(-0.04389 -0.03488 -0.07820)
(-0.02367 -0.07466 -0.04214)
(-0.02331 -0.06826 -0.04279)
(-0.00172 -0.10073 -0.00553)
(0.00897 -0.11413 0.00967)
(0.02089 -0.11716 0.02008)
(0.02667 -0.12473 0.02886)
(0.03845 -0.13829 0.04899)
(0.06474 -0.15347 0.08115)
(0.06643 -0.15415 0.08478)
(0.07141 -0.15509 0.09269)
(0.07132 -0.15526 0.11144)
(0.07941 -0.14055 0.12480)
(0.07382 -0.13361 0.12531)
(0.07616 -0.12265 0.12569)
(0.07114 -0.11444 0.12559)
(0.06454 -0.09192 0.11531)
(0.06242 -0.07618 0.10358)
(0.06087 -0.07188 0.09838)
(0.02341 -0.02678 0.03685)
(0.00235 -0.00264 0.00363)
(-0.12555 0.08226 -0.20409)
(-0.12075 0.07975 -0.20512)
(-0.12001 0.07980 -0.20631)
(-0.11185 0.07544 -0.20526)
(-0.10448 0.06810 -0.19679)
(-0.10090 0.06446 -0.18008)
(-0.08642 0.05031 -0.15857)
(-0.08167 0.03525 -0.14416)
(-0.05486 0.00256 -0.10996)
(-0.07469 0.01965 -0.12713)
(-0.05460 -0.00668 -0.10154)
(-0.05094 -0.02033 -0.08648)
(-0.03286 -0.05067 -0.05905)
(-0.02675 -0.06194 -0.04965)
(-0.01204 -0.08393 -0.02423)
(-0.00223 -0.09390 -0.01016)
(0.00610 -0.09785 -0.00331)
(0.02629 -0.12429 0.02613)
(0.03531 -0.13445 0.03491)
(0.05062 -0.14275 0.05720)
(0.05677 -0.14962 0.06690)
(0.06277 -0.15817 0.09294)
(0.06448 -0.16285 0.11400)
(0.06610 -0.15314 0.11233)
(0.07184 -0.13755 0.12312)
(0.07376 -0.12512 0.12575)
(0.06721 -0.12648 0.12349)
(0.06684 -0.11042 0.12314)
(0.06608 -0.10253 0.11766)
(0.06604 -0.10283 0.11373)
(0.06243 -0.08017 0.10619)
(0.06029 -0.07202 0.09544)
(0.03087 -0.03498 0.04550)
(0.00692 -0.00785 0.00993)
(-0.00268 0.00300 -0.00378)
(-0.11688 0.08047 -0.14783)
(-0.12252 0.08142 -0.16806)
(-0.12476 0.08265 -0.18460)
(-0.12656 0.08314 -0.20124)
(-0.12752 0.08266 -0.20754)
(-0.12654 0.08447 -0.21654)
(-0.11730 0.07780 -0.20486)
(-0.11560 0.07589 -0.19985)
(-0.11348 0.06928 -0.18271)
(-0.10936 0.06418 -0.17389)
(-0.09475 0.04930 -0.15682)
(-0.08551 0.02910 -0.13892)
(-0.06183 0.00681 -0.11750)
(-0.06145 0.00033 -0.10959)
(-0.04894 -0.02288 -0.08422)
(-0.03130 -0.04014 -0.06634)
(-0.02561 -0.04754 -0.06183)
(-0.01376 -0.07616 -0.03018)
(-0.00654 -0.08118 -0.02436)
(0.00999 -0.10295 -0.00305)
(0.01979 -0.11396 0.00788)
(0.03153 -0.12300 0.01926)
(0.04195 -0.13552 0.03871)
(0.05130 -0.14585 0.06052)
(0.05921 -0.15247 0.07768)
(0.05513 -0.14765 0.07391)
(0.06205 -0.15149 0.09341)
(0.06137 -0.14353 0.10840)
(0.06819 -0.14267 0.11856)
(0.06433 -0.13203 0.11770)
(0.06650 -0.12003 0.12141)
(0.06602 -0.09517 0.11081)
(0.06286 -0.10476 0.10972)
(0.06345 -0.08744 0.10233)
(0.05587 -0.07424 0.08776)
(0.00708 -0.00789 0.00907)
(-0.00620 0.00676 -0.00759)
(0.04330 -0.05838 0.06683)
(-0.07408 0.05980 -0.09219)
(-0.07967 0.06298 -0.09592)
(-0.08280 0.06517 -0.10013)
(-0.10227 0.07381 -0.12316)
(-0.11541 0.08054 -0.14722)
(-0.11952 0.07944 -0.15403)
(-0.12075 0.08065 -0.15407)
(-0.12543 0.08261 -0.17327)
(-0.12898 0.08429 -0.19134)
(-0.12940 0.08493 -0.20532)
(-0.13128 0.08647 -0.21569)
(-0.13009 0.08603 -0.21449)
(-0.12324 0.07878 -0.19908)
(-0.11168 0.06650 -0.17722)
(-0.10924 0.06325 -0.17172)
(-0.08974 0.03875 -0.15243)
(-0.07729 0.01828 -0.12966)
(-0.06208 0.00400 -0.12324)
(-0.05452 -0.01395 -0.09574)
(-0.05897 0.00468 -0.12251)
(-0.03129 -0.03852 -0.07023)
(-0.02735 -0.04250 -0.06616)
(-0.02228 -0.04974 -0.05875)
(0.00309 -0.08467 -0.02232)
(0.01420 -0.10730 0.00146)
(0.01185 -0.10196 -0.00345)
(0.02428 -0.11407 0.00651)
(0.03964 -0.13482 0.03591)
(0.03708 -0.12686 0.02612)
(0.04901 -0.14195 0.04746)
(0.05406 -0.14259 0.05677)
(0.05633 -0.14858 0.07424)
(0.06101 -0.13753 0.09745)
(0.06399 -0.13650 0.11598)
(0.06436 -0.13194 0.11558)
(0.06481 -0.12771 0.11657)
(0.06298 -0.10159 0.09923)
(0.06290 -0.09589 0.09776)
(0.06110 -0.08799 0.09323)
(0.03558 -0.04471 0.04945)
(0.00445 -0.00530 0.00590)
(0.02099 -0.02476 0.02598)
(0.00404 -0.00465 0.00488)
(-0.02116 0.02677 -0.07025)
(-0.02517 0.02960 -0.07132)
(-0.04015 0.03884 -0.07876)
(-0.07257 0.05925 -0.09206)
(-0.07734 0.06198 -0.09561)
(-0.07506 0.06099 -0.09493)
(-0.08059 0.06419 -0.09970)
(-0.09915 0.07445 -0.13099)
(-0.09058 0.06929 -0.11314)
(-0.10371 0.07500 -0.14069)
(-0.11348 0.07931 -0.15562)
(-0.12524 0.08277 -0.18318)
(-0.12518 0.08355 -0.19236)
(-0.12575 0.08517 -0.20551)
(-0.13265 0.08702 -0.21590)
(-0.13181 0.08673 -0.21464)
(-0.13232 0.08700 -0.21350)
(-0.13040 0.08389 -0.20517)
(-0.11398 0.06875 -0.18015)
(-0.11148 0.06557 -0.17494)
(-0.09707 0.04993 -0.16608)
(-0.07778 0.02536 -0.14110)
(-0.06388 0.01147 -0.13069)
(-0.05980 0.00705 -0.12659)
(-0.04167 -0.02337 -0.08359)
(-0.02880 -0.03835 -0.06994)
(-0.02371 -0.04567 -0.06230)
(-0.02525 -0.04163 -0.06604)
(-0.00392 -0.06677 -0.04107)
(0.00703 -0.07388 -0.04190)
(0.02510 -0.10403 -0.01214)
(0.03154 -0.10739 -0.00827)
(0.05220 -0.13912 0.04682)
(0.05388 -0.14116 0.05358)
(0.05546 -0.14418 0.06296)
(0.05991 -0.13715 0.08290)
(0.06397 -0.13600 0.11408)
(0.06437 -0.13183 0.11376)
(0.06485 -0.12770 0.11482)
(0.06338 -0.11932 0.10915)
(0.06155 -0.09901 0.09547)
(0.05767 -0.07838 0.07972)
(0.01866 -0.02253 0.02186)
(-0.00401 0.00462 -0.00447)
(0.00138 -0.00163 0.00158)
(0.03070 0.00818 -0.01087)
(0.02515 0.00722 -0.02557)
(0.02392 0.00462 -0.02895)
(0.01904 0.00497 -0.04333)
(0.01473 0.00600 -0.04981)
(0.01058 0.01028 -0.05210)
(-0.00611 0.01743 -0.06027)
(-0.01695 0.02372 -0.06890)
(-0.01580 0.02324 -0.06964)
(-0.01986 0.02615 -0.07081)
(-0.02415 0.02916 -0.07183)
(-0.03714 0.03863 -0.08122)
(-0.06048 0.05314 -0.09110)
(-0.06771 0.05452 -0.09509)
(-0.08376 0.06609 -0.11101)
(-0.10042 0.07436 -0.13759)
(-0.11511 0.08037 -0.15394)
(-0.12241 0.08278 -0.18375)
(-0.12497 0.08336 -0.18929)
(-0.12678 0.08479 -0.19993)
(-0.13163 0.08624 -0.20640)
(-0.13337 0.08736 -0.21491)
(-0.13383 0.08761 -0.21364)
(-0.13247 0.08273 -0.20597)
(-0.12004 0.07285 -0.19169)
(-0.10877 0.06160 -0.18279)
(-0.09852 0.05065 -0.17522)
(-0.08734 0.03590 -0.15307)
(-0.06541 0.01419 -0.13496)
(-0.06064 0.00929 -0.13114)
(-0.04932 -0.00752 -0.11007)
(-0.03352 -0.02458 -0.08836)
(-0.02948 -0.02801 -0.08273)
(-0.01396 -0.04872 -0.06214)
(0.00201 -0.05959 -0.05231)
(0.01332 -0.07310 -0.04655)
(0.02029 -0.08641 -0.03262)
(0.03038 -0.09531 -0.02650)
(0.03766 -0.11130 -0.00221)
(0.04562 -0.12881 0.02975)
(0.05298 -0.13888 0.04696)
(0.05455 -0.14061 0.05400)
(0.05537 -0.14274 0.06044)
(0.05887 -0.14089 0.07398)
(0.06390 -0.13787 0.10803)
(0.05712 -0.13158 0.09495)
(0.06188 -0.12834 0.10350)
(0.05613 -0.10973 0.10153)
(0.06184 -0.10271 0.09504)
(0.06130 -0.09375 0.09012)
(0.05830 -0.08561 0.08265)
(0.04496 -0.05918 0.05724)
(0.01023 -0.01244 0.01208)
(0.00211 0.00059 -0.00007)
(0.00522 0.00141 -0.00079)
(0.02870 0.00879 -0.01257)
(0.02555 0.00815 -0.02780)
(0.01826 0.00948 -0.03912)
(0.01810 0.00724 -0.04478)
(0.00890 0.00788 -0.05537)
(0.00188 0.01039 -0.06206)
(-0.00441 0.01472 -0.06689)
(-0.00514 0.01507 -0.06646)
(-0.02026 0.02423 -0.07493)
(-0.03586 0.03071 -0.08195)
(-0.03860 0.03495 -0.08085)
(-0.05310 0.04553 -0.08652)
(-0.05921 0.05079 -0.09000)
(-0.08880 0.06465 -0.10746)
(-0.09428 0.06730 -0.11259)
(-0.10262 0.07588 -0.13109)
(-0.11790 0.08255 -0.14794)
(-0.12403 0.08347 -0.17147)
(-0.13817 0.09213 -0.17206)
(-0.13797 0.09131 -0.19710)
(-0.14293 0.09463 -0.19850)
(-0.14167 0.09265 -0.21119)
(-0.14643 0.09423 -0.20781)
(-0.14252 0.08934 -0.20682)
(-0.13349 0.08333 -0.20096)
(-0.12224 0.07179 -0.19384)
(-0.11343 0.05895 -0.18615)
(-0.09358 0.04089 -0.16967)
(-0.08371 0.03116 -0.16429)
(-0.07377 0.02105 -0.15502)
(-0.05192 0.00234 -0.12830)
(-0.04081 -0.00488 -0.11344)
(-0.03171 -0.01590 -0.10369)
(-0.01203 -0.03862 -0.07737)
(0.00101 -0.05371 -0.06010)
(0.00667 -0.06282 -0.05248)
(0.02423 -0.08357 -0.03818)
(0.03058 -0.09811 -0.01625)
(0.03791 -0.11100 0.00640)
(0.04779 -0.12843 0.03659)
(0.05312 -0.13400 0.07279)
(0.04512 -0.12511 0.05587)
(0.05810 -0.13786 0.08886)
(0.04887 -0.12089 0.08817)
(0.05121 -0.11585 0.10127)
(0.04990 -0.10606 0.10004)
(0.05534 -0.09732 0.09535)
(0.05147 -0.08715 0.08328)
(0.03173 -0.05643 0.06081)
(0.01583 -0.02811 0.03042)
(0.00595 -0.01051 0.01140)
(0.00157 0.00058 -0.00035)
(0.02056 0.00981 -0.01831)
(0.02021 0.01043 -0.03572)
(0.01112 0.01272 -0.04767)
(0.01014 0.01251 -0.04928)
(0.00820 0.01222 -0.05221)
(0.00533 0.00866 -0.06298)
(0.00356 0.01278 -0.05860)
(-0.00397 0.01409 -0.06914)
(-0.01121 0.01791 -0.07707)
(-0.02793 0.02213 -0.08071)
(-0.03632 0.02974 -0.08303)
(-0.04751 0.03697 -0.08563)
(-0.05412 0.04594 -0.08781)
(-0.06918 0.05286 -0.09395)
(-0.08396 0.06086 -0.10418)
(-0.10844 0.07006 -0.11750)
(-0.11568 0.07866 -0.12849)
(-0.12601 0.08521 -0.15592)
(-0.15088 0.10021 -0.16679)
(-0.15025 0.10000 -0.18316)
(-0.15222 0.10054 -0.18802)
(-0.14980 0.09656 -0.20262)
(-0.15749 0.10186 -0.19304)
(-0.15014 0.09515 -0.20765)
(-0.14492 0.09016 -0.20574)
(-0.13402 0.08281 -0.20170)
(-0.12668 0.07351 -0.19884)
(-0.11671 0.05784 -0.19339)
(-0.10567 0.05043 -0.18285)
(-0.11186 0.05282 -0.19163)
(-0.08443 0.03186 -0.16922)
(-0.07213 0.02076 -0.16685)
(-0.06775 0.01511 -0.15685)
(-0.05770 0.00914 -0.14497)
(-0.04618 0.00098 -0.12768)
(-0.03413 -0.00717 -0.11308)
(-0.01898 -0.01921 -0.10504)
(-0.01619 -0.03129 -0.08984)
(-0.00643 -0.03934 -0.08237)
(0.00418 -0.04875 -0.07015)
(0.01748 -0.07210 -0.04619)
(0.01346 -0.06483 -0.05601)
(0.02058 -0.07803 -0.03705)
(0.02407 -0.08582 -0.02515)
(0.03800 -0.11174 0.01759)
(0.04348 -0.11996 0.04653)
(0.05002 -0.12741 0.07876)
(0.04403 -0.12025 0.06051)
(0.04625 -0.12320 0.08727)
(0.03234 -0.10164 0.09188)
(0.04425 -0.10689 0.09345)
(0.03215 -0.09602 0.09224)
(0.04481 -0.09212 0.08921)
(0.04252 -0.08448 0.08273)
(0.03087 -0.09438 0.09181)
(0.03299 -0.06606 0.06522)
(0.00530 -0.01315 0.01469)
(0.00043 0.00019 -0.00019)
(0.01374 0.00800 -0.02158)
(0.00674 0.01081 -0.03806)
(0.00741 0.01347 -0.05282)
(0.00510 0.01299 -0.05610)
(0.00311 0.01416 -0.05698)
(0.00132 0.01387 -0.05958)
(-0.01182 0.01775 -0.07538)
(-0.02666 0.02534 -0.08418)
(-0.04554 0.03126 -0.08635)
(-0.04749 0.03864 -0.08802)
(-0.06815 0.04876 -0.09479)
(-0.07735 0.05077 -0.09990)
(-0.09098 0.06085 -0.10691)
(-0.12011 0.07566 -0.11895)
(-0.12265 0.07844 -0.12310)
(-0.12820 0.08129 -0.12596)
(-0.12723 0.08600 -0.14912)
(-0.15435 0.10208 -0.16356)
(-0.15464 0.10237 -0.16977)
(-0.15719 0.10284 -0.17488)
(-0.16075 0.10222 -0.18413)
(-0.15733 0.09804 -0.19359)
(-0.15037 0.08826 -0.19847)
(-0.14412 0.08599 -0.20247)
(-0.14028 0.08047 -0.19615)
(-0.11883 0.05820 -0.19516)
(-0.11508 0.05435 -0.19413)
(-0.10712 0.04873 -0.19086)
(-0.08318 0.02976 -0.17853)
(-0.06827 0.01990 -0.16258)
(-0.05366 0.00863 -0.14523)
(-0.04171 -0.00043 -0.13073)
(-0.01982 -0.01440 -0.11838)
(-0.01028 -0.02489 -0.10018)
(-0.00678 -0.02861 -0.09721)
(0.00717 -0.04974 -0.07375)
(0.01837 -0.07319 -0.04237)
(0.01990 -0.07689 -0.03635)
(0.03634 -0.10406 0.00694)
(0.03202 -0.09438 -0.00911)
(0.03805 -0.11227 0.03195)
(0.03724 -0.10958 0.04601)
(0.04368 -0.11781 0.07026)
(0.03648 -0.10986 0.05330)
(0.03151 -0.10263 0.08332)
(0.02718 -0.09698 0.09126)
(0.02785 -0.09468 0.09148)
(0.03480 -0.08434 0.08120)
(0.02542 -0.05910 0.05917)
(0.02356 -0.08642 0.08547)
(0.00635 -0.01834 0.01953)
(0.00123 -0.00367 0.00392)
(-0.00056 -0.00035 0.00018)
(0.00450 0.00551 -0.01704)
(0.00267 0.01060 -0.02417)
(0.00432 0.01500 -0.05446)
(-0.00117 0.01547 -0.05924)
(-0.02396 0.02402 -0.07905)
(-0.03419 0.02760 -0.08298)
(-0.04768 0.03095 -0.08643)
(-0.07510 0.04763 -0.09924)
(-0.08214 0.04996 -0.10075)
(-0.08440 0.05171 -0.10075)
(-0.09599 0.05889 -0.10672)
(-0.12544 0.07648 -0.11934)
(-0.12668 0.07908 -0.12205)
(-0.13273 0.08272 -0.12459)
(-0.15089 0.09767 -0.14583)
(-0.15810 0.10463 -0.16524)
(-0.16421 0.10491 -0.16426)
(-0.17249 0.10814 -0.16926)
(-0.16306 0.10251 -0.18442)
(-0.16417 0.09824 -0.18543)
(-0.15051 0.08586 -0.19630)
(-0.14822 0.08290 -0.19675)
(-0.13341 0.06806 -0.19537)
(-0.11852 0.05567 -0.19514)
(-0.11122 0.05102 -0.19325)
(-0.09012 0.03511 -0.18397)
(-0.07988 0.03017 -0.17519)
(-0.05788 0.01597 -0.15128)
(-0.06441 0.02171 -0.16325)
(-0.04567 0.01224 -0.14845)
(-0.03590 0.00025 -0.13275)
(-0.01452 -0.01813 -0.10902)
(-0.01234 -0.02138 -0.10510)
(-0.00896 -0.02497 -0.10146)
(-0.00639 -0.02798 -0.09803)
(0.00566 -0.04621 -0.07056)
(0.01617 -0.06883 -0.04671)
(0.01681 -0.07140 -0.04094)
(0.02585 -0.08335 -0.02537)
(0.03023 -0.09530 0.00549)
(0.02669 -0.09044 0.00272)
(0.03478 -0.10617 0.04122)
(0.03440 -0.10697 0.04865)
(0.03447 -0.10493 0.06544)
(0.03358 -0.10737 0.05451)
(0.02522 -0.09710 0.09070)
(0.02523 -0.09494 0.09107)
(0.02344 -0.09556 0.09043)
(0.01828 -0.07923 0.07843)
(0.01085 -0.04581 0.04577)
(0.00155 -0.00794 0.00834)
(-0.00067 0.00466 -0.00491)
(-0.00127 -0.00183 0.00209)
(-0.00018 0.00083 -0.00117)
(-0.00212 0.00962 -0.01826)
(-0.00683 0.02077 -0.05731)
(-0.02689 0.02481 -0.07089)
(-0.02368 0.02480 -0.07448)
(-0.05006 0.02936 -0.08861)
(-0.04563 0.02960 -0.08945)
(-0.06667 0.03880 -0.09343)
(-0.07898 0.04770 -0.10062)
(-0.08589 0.05038 -0.10182)
(-0.08924 0.05249 -0.10225)
(-0.10638 0.05956 -0.10562)
(-0.11095 0.06249 -0.10757)
(-0.12829 0.07081 -0.11136)
(-0.13155 0.08006 -0.12155)
(-0.13748 0.08409 -0.12366)
(-0.14753 0.09074 -0.13097)
(-0.16564 0.10636 -0.13678)
(-0.17026 0.11093 -0.15308)
(-0.18750 0.11860 -0.14589)
(-0.17438 0.11059 -0.15770)
(-0.17192 0.10584 -0.16624)
(-0.17086 0.10465 -0.17336)
(-0.17389 0.10351 -0.17530)
(-0.15296 0.08686 -0.19339)
(-0.15018 0.08312 -0.19443)
(-0.14334 0.07540 -0.19339)
(-0.12587 0.05592 -0.19108)
(-0.11524 0.05304 -0.19449)
(-0.11908 0.04967 -0.19189)
(-0.10517 0.04534 -0.18788)
(-0.09090 0.03750 -0.18721)
(-0.07939 0.03063 -0.17148)
(-0.04890 0.01488 -0.15185)
(-0.04503 0.01268 -0.14781)
(-0.03400 0.00132 -0.12794)
(-0.01443 -0.01351 -0.11253)
(-0.01156 -0.02122 -0.10475)
(-0.00890 -0.02457 -0.09997)
(-0.00100 -0.03458 -0.08021)
(0.00704 -0.05355 -0.05680)
(0.01722 -0.07081 -0.03786)
(0.02279 -0.08002 -0.01968)
(0.02674 -0.09438 0.02411)
(0.01942 -0.08309 0.00883)
(0.03301 -0.10473 0.04387)
(0.03279 -0.10603 0.05062)
(0.01680 -0.09842 0.07176)
(0.01997 -0.09530 0.07563)
(0.01696 -0.09578 0.08289)
(0.02025 -0.09318 0.09022)
(0.00382 -0.03108 0.03318)
(-0.00054 -0.03211 0.03508)
(0.00003 -0.00065 0.00069)
(0.00085 -0.00372 0.00514)
(-0.01210 0.01893 -0.03300)
(-0.02064 0.02443 -0.05907)
(0.00192 -0.00390 0.00491)
(-0.00235 0.00516 -0.00699)
(-0.03208 0.02774 -0.06883)
(-0.03829 0.02506 -0.07683)
(-0.04398 0.02478 -0.08360)
(-0.06398 0.03196 -0.08570)
(-0.06524 0.03467 -0.09312)
(-0.07634 0.03945 -0.09821)
(-0.08286 0.04310 -0.10198)
(-0.08966 0.04389 -0.09995)
(-0.09519 0.04711 -0.10344)
(-0.09317 0.05346 -0.10309)
(-0.13830 0.06510 -0.11372)
(-0.14503 0.07742 -0.11449)
(-0.14909 0.08280 -0.11967)
(-0.17084 0.09140 -0.11814)
(-0.17642 0.10052 -0.12652)
(-0.18082 0.10544 -0.12905)
(-0.18451 0.11606 -0.13475)
(-0.19232 0.12143 -0.13996)
(-0.18508 0.11367 -0.14998)
(-0.19075 0.11420 -0.15690)
(-0.17472 0.10715 -0.16757)
(-0.17365 0.10009 -0.17117)
(-0.16037 0.09149 -0.18737)
(-0.15272 0.08232 -0.18872)
(-0.14712 0.07635 -0.18970)
(-0.13660 0.06212 -0.18711)
(-0.13188 0.05628 -0.18874)
(-0.11145 0.04649 -0.18727)
(-0.09703 0.03778 -0.18491)
(-0.08184 0.03110 -0.16954)
(-0.06922 0.02598 -0.16256)
(-0.06394 0.02339 -0.16011)
(-0.04992 0.01647 -0.15130)
(-0.04038 0.00917 -0.13277)
(-0.02808 0.00012 -0.12047)
(-0.01337 -0.01154 -0.10496)
(-0.00931 -0.01820 -0.10819)
(-0.00255 -0.02839 -0.09144)
(-0.00424 -0.03377 -0.06808)
(0.00513 -0.04551 -0.05923)
(0.01511 -0.06144 -0.04680)
(0.01548 -0.07128 -0.02504)
(0.01509 -0.06392 -0.03334)
(0.01990 -0.08277 0.00234)
(0.02738 -0.09684 0.03261)
(0.02216 -0.08819 0.01232)
(0.02249 -0.09547 0.03461)
(0.03276 -0.10520 0.04581)
(0.02560 -0.10259 0.06198)
(0.01556 -0.10031 0.07474)
(0.01221 -0.09814 0.08136)
(0.01201 -0.09446 0.08224)
(-0.00062 -0.03676 0.03920)
(0.00018 0.00268 -0.00301)
(-0.00019 -0.00396 0.00433)
(-0.00219 0.00237 -0.00423)
(-0.01898 0.01708 -0.03744)
(-0.04255 0.02380 -0.05214)
(-0.06571 0.03459 -0.07974)
(-0.07344 0.03532 -0.08453)
(-0.08507 0.04241 -0.09671)
(-0.10387 0.04400 -0.09953)
(-0.12495 0.05695 -0.10988)
(-0.14676 0.05972 -0.11607)
(-0.16216 0.07958 -0.11767)
(-0.17382 0.08686 -0.11924)
(-0.18065 0.09941 -0.12154)
(-0.20745 0.11420 -0.12564)
(-0.20043 0.11829 -0.13355)
(-0.21262 0.12377 -0.13517)
(-0.19455 0.11490 -0.14425)
(-0.20071 0.11586 -0.14914)
(-0.19673 0.11330 -0.15199)
(-0.19422 0.10949 -0.15318)
(-0.17099 0.09590 -0.17242)
(-0.17952 0.09612 -0.15839)
(-0.16280 0.08586 -0.17666)
(-0.14628 0.07069 -0.17993)
(-0.14220 0.06565 -0.18050)
(-0.13165 0.05409 -0.17960)
(-0.12312 0.04957 -0.17378)
(-0.11878 0.05106 -0.18452)
(-0.10099 0.03865 -0.17378)
(-0.09312 0.03471 -0.17125)
(-0.08272 0.02939 -0.15974)
(-0.06487 0.02301 -0.15091)
(-0.06053 0.02211 -0.15236)
(-0.04670 0.01406 -0.14025)
(-0.03759 0.00593 -0.12575)
(-0.02507 -0.00031 -0.11311)
(-0.00893 -0.01977 -0.09440)
(-0.00423 -0.02474 -0.09483)
(-0.00001 -0.03445 -0.07362)
(0.00446 -0.04245 -0.06339)
(0.01354 -0.05906 -0.03811)
(0.01619 -0.06904 -0.02058)
(0.01737 -0.07363 -0.01517)
(0.02227 -0.08777 0.00950)
(0.02500 -0.09403 0.02258)
(0.01440 -0.09171 0.04544)
(0.01216 -0.09687 0.07131)
(0.01285 -0.09777 0.06371)
(0.01358 -0.10083 0.07808)
(0.01226 -0.10019 0.07894)
(0.00433 -0.07096 0.06152)
(-0.00125 -0.02966 0.02949)
(0.00027 0.00189 -0.00199)
(0.00056 0.00906 -0.01000)
(-0.00477 0.00282 -0.00595)
(-0.02172 0.01253 -0.02684)
(-0.03163 0.01694 -0.03727)
(-0.06950 0.03544 -0.08063)
(-0.07818 0.03677 -0.08521)
(-0.09598 0.04306 -0.09419)
(-0.07647 0.03669 -0.08385)
(-0.12236 0.05317 -0.10337)
(-0.13005 0.05451 -0.10824)
(-0.14482 0.05797 -0.11530)
(-0.14940 0.06275 -0.11369)
(-0.15159 0.06186 -0.11655)
(-0.16847 0.07666 -0.11752)
(-0.19134 0.09241 -0.11930)
(-0.20039 0.10612 -0.12194)
(-0.22190 0.12046 -0.12647)
(-0.22062 0.12185 -0.12795)
(-0.22289 0.12280 -0.12860)
(-0.21000 0.11942 -0.13815)
(-0.20370 0.11523 -0.14823)
(-0.19934 0.11288 -0.15026)
(-0.19720 0.10958 -0.15125)
(-0.19288 0.10553 -0.15305)
(-0.16490 0.08328 -0.16720)
(-0.15968 0.07869 -0.17159)
(-0.14325 0.06109 -0.16659)
(-0.13651 0.05278 -0.16675)
(-0.12777 0.04898 -0.17044)
(-0.10622 0.03739 -0.16524)
(-0.10220 0.03551 -0.16294)
(-0.09823 0.03365 -0.16022)
(-0.06717 0.02071 -0.14711)
(-0.06081 0.02054 -0.14694)
(-0.04470 0.00995 -0.13219)
(-0.02613 -0.00369 -0.10850)
(-0.01581 -0.01057 -0.09728)
(0.00105 -0.03132 -0.07330)
(0.00093 -0.03240 -0.07716)
(0.00393 -0.03556 -0.06898)
(0.00436 -0.03966 -0.06090)
(0.00908 -0.05194 -0.04145)
(0.01671 -0.06783 -0.02381)
(0.01845 -0.07253 -0.01796)
(0.01846 -0.07417 -0.01453)
(0.02038 -0.07747 -0.01226)
(0.02105 -0.08644 0.00281)
(0.02079 -0.09877 0.03261)
(0.02373 -0.11343 0.04216)
(0.01302 -0.09929 0.05363)
(0.00902 -0.09601 0.06445)
(0.00480 -0.09627 0.07333)
(0.00486 -0.07677 0.05826)
(-0.00052 -0.05032 0.04531)
(-0.00060 -0.00854 0.00782)
(0.00085 0.00505 -0.00517)
(-0.00820 0.00452 -0.00978)
(-0.00782 0.00411 -0.00892)
(-0.05015 0.02516 -0.05598)
(-0.08214 0.03845 -0.08537)
(-0.12083 0.05252 -0.10250)
(-0.13651 0.06500 -0.10218)
(-0.13739 0.06571 -0.10276)
(-0.16873 0.07748 -0.11154)
(-0.18836 0.09143 -0.11345)
(-0.20057 0.10349 -0.11149)
(-0.20985 0.11018 -0.12151)
(-0.22151 0.11693 -0.12465)
(-0.22493 0.12217 -0.12701)
(-0.22667 0.12261 -0.12738)
(-0.22442 0.12255 -0.12898)
(-0.21847 0.11522 -0.13504)
(-0.20269 0.11243 -0.14864)
(-0.20096 0.10939 -0.14917)
(-0.18959 0.09534 -0.14830)
(-0.16722 0.07837 -0.15613)
(-0.15594 0.07072 -0.16116)
(-0.13592 0.04721 -0.15498)
(-0.13293 0.04497 -0.15504)
(-0.13023 0.04277 -0.15439)
(-0.10673 0.03634 -0.16266)
(-0.11273 0.03634 -0.15551)
(-0.10301 0.03429 -0.16044)
(-0.09896 0.03230 -0.15810)
(-0.07369 0.01961 -0.14197)
(-0.06288 0.01099 -0.13048)
(-0.05507 0.00751 -0.13001)
(-0.05679 0.01828 -0.14357)
(-0.03113 -0.00121 -0.11581)
(-0.02956 -0.00842 -0.10485)
(-0.02272 -0.00682 -0.10545)
(0.00136 -0.03060 -0.07464)
(0.00400 -0.03469 -0.07017)
(0.00660 -0.03870 -0.06613)
(0.01076 -0.04885 -0.05509)
(0.01748 -0.06702 -0.02597)
(0.01876 -0.07107 -0.02117)
(0.01910 -0.06862 -0.02492)
(0.02005 -0.07553 -0.01551)
(0.02385 -0.09941 0.02090)
(0.02585 -0.09631 0.00386)
(0.02510 -0.10991 0.02894)
(0.02060 -0.11323 0.04805)
(0.02498 -0.11417 0.03721)
(0.02149 -0.12323 0.06228)
(0.01815 -0.11616 0.06436)
(0.00001 -0.03531 0.02879)
(0.00554 -0.04059 0.02370)
(-0.00009 -0.00591 0.00493)
(-0.04429 0.02138 -0.04676)
(-0.01113 0.00556 -0.01202)
(-0.05882 0.02934 -0.04651)
(-0.12889 0.05852 -0.10062)
(-0.15422 0.07419 -0.10438)
(-0.15521 0.07423 -0.10568)
(-0.18029 0.08731 -0.10915)
(-0.19505 0.09988 -0.11002)
(-0.20138 0.10393 -0.11045)
(-0.21337 0.11095 -0.11683)
(-0.22592 0.11729 -0.11846)
(-0.22981 0.12269 -0.12558)
(-0.23254 0.12333 -0.12866)
(-0.20827 0.10452 -0.13675)
(-0.20881 0.09615 -0.13610)
(-0.18920 0.08601 -0.13860)
(-0.17083 0.07923 -0.15093)
(-0.16351 0.07083 -0.15345)
(-0.14147 0.05035 -0.15276)
(-0.13366 0.04418 -0.15167)
(-0.13041 0.04153 -0.15099)
(-0.11799 0.03458 -0.14994)
(-0.10387 0.03288 -0.15756)
(-0.10566 0.02380 -0.14126)
(-0.10072 0.02316 -0.14312)
(-0.09994 0.03092 -0.15571)
(-0.08468 0.01801 -0.14043)
(-0.06809 0.00877 -0.13116)
(-0.05470 0.00016 -0.11866)
(-0.03918 -0.00739 -0.10808)
(-0.02193 -0.01585 -0.09444)
(-0.02170 -0.01116 -0.09940)
(-0.01364 -0.01650 -0.08799)
(-0.00455 -0.02476 -0.08095)
(0.00393 -0.03378 -0.07142)
(0.00614 -0.03729 -0.06752)
(0.00834 -0.04093 -0.06384)
(0.00896 -0.04217 -0.06294)
(0.01677 -0.05813 -0.04667)
(0.02338 -0.07915 -0.02125)
(0.02033 -0.07394 -0.01889)
(0.02765 -0.09055 -0.00965)
(0.02671 -0.10201 0.00532)
(0.02597 -0.11048 0.02301)
(0.02915 -0.11601 0.03082)
(0.02306 -0.12075 0.05151)
(0.01665 -0.10196 0.05346)
(0.01708 -0.09097 0.04187)
(0.01248 -0.07911 0.04220)
(0.00316 -0.02178 0.01208)
(0.00094 -0.00729 0.00434)
(-0.00075 0.00042 -0.00061)
(-0.02040 0.01121 -0.01656)
(-0.00526 0.00273 -0.00373)
(-0.10192 0.04704 -0.07069)
(-0.17701 0.08740 -0.10719)
(-0.09120 0.04999 -0.05518)
(-0.16443 0.08147 -0.10271)
(-0.18951 0.10230 -0.10335)
(-0.19840 0.10237 -0.10918)
(-0.22449 0.11534 -0.11179)
(-0.21688 0.11052 -0.11289)
(-0.23030 0.11646 -0.11313)
(-0.23548 0.12277 -0.11700)
(-0.24679 0.12519 -0.11860)
(-0.23757 0.11689 -0.12424)
(-0.22868 0.10664 -0.12231)
(-0.22116 0.09748 -0.12913)
(-0.22120 0.09578 -0.12913)
(-0.19636 0.07797 -0.13009)
(-0.17168 0.06928 -0.13935)
(-0.17902 0.06514 -0.13180)
(-0.16307 0.06325 -0.14402)
(-0.15299 0.05316 -0.14347)
(-0.13915 0.04061 -0.14180)
(-0.12828 0.03526 -0.14267)
(-0.12311 0.03176 -0.13803)
(-0.10859 0.01442 -0.12770)
(-0.10194 0.00870 -0.12510)
(-0.08517 0.00167 -0.11813)
(-0.08120 0.00487 -0.12311)
(-0.06525 0.00321 -0.12109)
(-0.07966 -0.00038 -0.11660)
(-0.05987 0.00098 -0.11884)
(-0.04820 -0.00635 -0.10782)
(-0.02754 -0.01273 -0.09195)
(-0.01809 -0.01712 -0.08874)
(-0.00194 -0.03178 -0.06832)
(0.00073 -0.03443 -0.06444)
(0.01148 -0.04472 -0.05591)
(0.02149 -0.05861 -0.04024)
(0.02170 -0.06958 -0.03461)
(0.02745 -0.08034 -0.02312)
(0.03156 -0.08545 -0.02219)
(0.02981 -0.08793 -0.01182)
(0.03208 -0.10412 0.00957)
(0.03354 -0.11468 0.02024)
(0.02984 -0.11954 0.02997)
(0.02678 -0.11882 0.04192)
(0.02201 -0.09474 0.03439)
(0.01987 -0.08732 0.03297)
(0.00539 -0.02692 0.01210)
(0.00341 -0.01903 0.00993)
(0.02552 -0.01547 0.01631)
(-0.00286 0.00165 -0.00180)
(-0.14361 0.07777 -0.07686)
(0.00201 -0.00121 0.00112)
(-0.04557 0.02702 -0.02534)
(-0.19442 0.10623 -0.09356)
(-0.21773 0.11716 -0.10474)
(-0.22902 0.12158 -0.10626)
(-0.22002 0.11942 -0.10320)
(-0.22239 0.11960 -0.10416)
(-0.23812 0.11977 -0.11080)
(-0.24002 0.11867 -0.11332)
(-0.23644 0.11318 -0.11746)
(-0.22687 0.10063 -0.11700)
(-0.21715 0.09557 -0.12316)
(-0.20731 0.08611 -0.11845)
(-0.18887 0.06343 -0.11786)
(-0.16920 0.04559 -0.11509)
(-0.16581 0.05026 -0.12768)
(-0.16324 0.04142 -0.11464)
(-0.14958 0.04358 -0.13125)
(-0.13939 0.03555 -0.12999)
(-0.13091 0.02574 -0.12559)
(-0.12202 0.02370 -0.12498)
(-0.11080 0.01219 -0.11902)
(-0.10392 0.00800 -0.11864)
(-0.08925 -0.00408 -0.10840)
(-0.07928 -0.01129 -0.10159)
(-0.06276 -0.02734 -0.08180)
(-0.06154 -0.00626 -0.11128)
(-0.04987 -0.01136 -0.09947)
(-0.05384 -0.02669 -0.08300)
(-0.03748 -0.02710 -0.07771)
(-0.02942 -0.02181 -0.08073)
(-0.01928 -0.02920 -0.06825)
(-0.01818 -0.03520 -0.06064)
(-0.01350 -0.03692 -0.05729)
(-0.00568 -0.03943 -0.05681)
(0.00019 -0.03511 -0.06313)
(0.00309 -0.04272 -0.05455)
(0.01427 -0.04970 -0.04315)
(0.02009 -0.05502 -0.03942)
(0.02058 -0.05887 -0.03048)
(0.02545 -0.07627 -0.02260)
(0.03140 -0.08635 -0.01400)
(0.03170 -0.08750 -0.01824)
(0.03437 -0.10790 0.01043)
(0.03477 -0.10866 0.01017)
(0.03181 -0.11642 0.03630)
(0.02735 -0.10241 0.03599)
(0.01623 -0.06378 0.02436)
(0.00839 -0.03541 0.01384)
(0.00273 -0.01412 0.00616)
(-0.00065 0.00349 -0.00175)
(-0.00236 0.01347 -0.00635)
(-0.00180 0.00973 -0.00492)
(0.02407 -0.01454 0.01338)
(-0.01174 0.00658 -0.00562)
(-0.10545 0.05832 -0.05067)
(0.03125 -0.01827 0.01548)
(-0.06978 0.03891 -0.03272)
(-0.17771 0.09757 -0.08341)
(-0.22508 0.11773 -0.10274)
(-0.16582 0.09065 -0.07647)
(-0.21061 0.11439 -0.09701)
(-0.22565 0.11211 -0.10363)
(-0.22884 0.10775 -0.10766)
(-0.20728 0.08463 -0.10338)
(-0.21159 0.08572 -0.11096)
(-0.19621 0.07285 -0.10190)
(-0.19288 0.06800 -0.11203)
(-0.16727 0.04188 -0.11170)
(-0.16250 0.03848 -0.11093)
(-0.15807 0.03511 -0.11033)
(-0.15844 0.03785 -0.11406)
(-0.14549 0.03513 -0.12162)
(-0.13173 0.02265 -0.11725)
(-0.12953 0.02441 -0.12087)
(-0.11770 0.01128 -0.11332)
(-0.10412 -0.00437 -0.10138)
(-0.09534 -0.01186 -0.09628)
(-0.07555 -0.02877 -0.08159)
(-0.06606 -0.03617 -0.07036)
(-0.06176 -0.03756 -0.06842)
(-0.05345 -0.03655 -0.06979)
(-0.01962 -0.03707 -0.05775)
(-0.01580 -0.03864 -0.05492)
(-0.01394 -0.04158 -0.04983)
(-0.01076 -0.04104 -0.05014)
(-0.00171 -0.04550 -0.04442)
(0.01239 -0.06124 -0.02721)
(0.01558 -0.07196 -0.01554)
(0.02228 -0.07228 -0.01560)
(0.02488 -0.07575 -0.01817)
(0.02888 -0.09493 0.00246)
(0.03138 -0.09744 0.00489)
(0.03215 -0.10146 0.00847)
(0.03471 -0.10233 0.00859)
(0.02854 -0.08607 0.01839)
(0.01500 -0.05535 0.02016)
(0.00723 -0.02791 0.01077)
(-0.00023 0.00093 -0.00038)
(-0.00281 0.01104 -0.00445)
(-0.00351 0.01423 -0.00582)
(0.00059 -0.00033 0.00028)
(0.00727 -0.00422 0.00335)
(-0.04575 0.02547 -0.02109)
(-0.16803 0.08909 -0.07406)
(-0.06617 0.03707 -0.02860)
(-0.21128 0.10432 -0.09684)
(-0.22340 0.10617 -0.10471)
(-0.20185 0.08073 -0.09949)
(-0.20282 0.08996 -0.09602)
(-0.19637 0.07563 -0.09877)
(-0.19503 0.07339 -0.09939)
(-0.18868 0.06630 -0.09840)
(-0.16814 0.04371 -0.10022)
(-0.16042 0.03510 -0.10691)
(-0.15684 0.03233 -0.10649)
(-0.15291 0.02871 -0.10574)
(-0.15395 0.03161 -0.10943)
(-0.13008 0.01451 -0.10410)
(-0.12113 0.00042 -0.09461)
(-0.11593 -0.00371 -0.09330)
(-0.10608 -0.01525 -0.08455)
(-0.09187 -0.02276 -0.08391)
(-0.08949 -0.02435 -0.08279)
(-0.06802 -0.03898 -0.06678)
(-0.06378 -0.04056 -0.06439)
(-0.06160 -0.04469 -0.05843)
(-0.05851 -0.04389 -0.05909)
(-0.04399 -0.04697 -0.05207)
(-0.01748 -0.04071 -0.05170)
(-0.03132 -0.05829 -0.03628)
(-0.01584 -0.04424 -0.04578)
(-0.01227 -0.04443 -0.04484)
(0.00171 -0.06210 -0.02279)
(0.01427 -0.07460 -0.00879)
(0.01702 -0.07561 -0.01038)
(0.01806 -0.07800 -0.00696)
(0.03246 -0.11024 0.02212)
(0.03312 -0.11162 0.02117)
(0.03187 -0.10743 0.02302)
(0.01947 -0.06578 0.01552)
(0.01063 -0.03574 0.00882)
(0.00583 -0.02062 0.00700)
(0.00041 -0.00154 0.00060)
(-0.00266 0.00953 -0.00370)
(-0.00303 0.01147 -0.00454)
(-0.01522 0.00860 -0.00658)
(-0.03742 0.01973 -0.01680)
(-0.10250 0.05356 -0.04602)
(-0.03770 0.01842 -0.01782)
(-0.13114 0.05824 -0.06208)
(-0.17418 0.06776 -0.08687)
(-0.07261 0.02950 -0.03536)
(-0.11015 0.04090 -0.05576)
(-0.18823 0.06951 -0.09581)
(-0.18457 0.06394 -0.09553)
(-0.16902 0.04422 -0.09726)
(-0.16568 0.04186 -0.09147)
(-0.15426 0.03078 -0.09475)
(-0.15479 0.02994 -0.10375)
(-0.14422 0.02168 -0.08594)
(-0.13314 0.00541 -0.08070)
(-0.12681 0.00259 -0.08826)
(-0.12218 -0.00103 -0.08810)
(-0.11465 -0.01440 -0.07610)
(-0.11078 -0.02012 -0.07476)
(-0.09993 -0.03212 -0.06771)
(-0.09949 -0.03423 -0.06484)
(-0.09745 -0.03666 -0.06346)
(-0.09689 -0.03575 -0.06606)
(-0.09327 -0.03275 -0.06879)
(-0.07329 -0.04021 -0.06424)
(-0.08049 -0.04733 -0.05108)
(-0.06558 -0.04535 -0.05828)
(-0.06063 -0.04814 -0.05348)
(-0.05022 -0.05677 -0.04070)
(-0.03107 -0.07202 -0.02039)
(-0.01958 -0.06424 -0.02260)
(-0.02651 -0.07881 -0.00465)
(-0.01692 -0.07782 -0.00207)
(-0.00151 -0.07912 -0.00357)
(0.00377 -0.08230 -0.00049)
(0.00827 -0.07376 0.00765)
(0.01256 -0.06768 0.01188)
(0.02058 -0.07768 0.01338)
(0.02481 -0.08435 0.01934)
(0.00792 -0.03076 0.00867)
(0.00763 -0.02615 0.00675)
(0.00578 -0.01966 0.00512)
(-0.00117 0.00399 -0.00107)
(-0.00739 0.00363 -0.00349)
(-0.02097 0.00915 -0.01022)
(-0.02090 0.00811 -0.01026)
(-0.01005 0.00330 -0.00501)
(-0.02242 0.00434 -0.01145)
(-0.10593 0.02530 -0.05638)
(-0.11717 0.02036 -0.06498)
(-0.03267 0.00323 -0.01715)
(-0.05917 0.00731 -0.03237)
(-0.08547 0.00883 -0.05008)
(-0.12110 0.00185 -0.06735)
(-0.07646 0.00088 -0.04178)
(-0.11043 -0.00855 -0.06380)
(-0.11461 -0.01780 -0.07110)
(-0.09622 -0.01610 -0.05335)
(-0.10516 -0.03152 -0.05648)
(-0.10124 -0.03402 -0.05815)
(-0.09567 -0.04023 -0.05720)
(-0.08935 -0.05345 -0.03977)
(-0.08229 -0.05855 -0.03386)
(-0.07841 -0.05702 -0.03533)
(-0.07376 -0.05789 -0.02884)
(-0.05577 -0.07398 -0.00566)
(-0.06525 -0.06128 -0.03453)
(-0.05381 -0.07357 -0.01551)
(-0.02917 -0.05260 -0.00008)
(-0.03168 -0.06385 -0.00535)
(-0.01355 -0.05542 0.00758)
(-0.01271 -0.06089 0.00433)
(-0.00481 -0.01964 0.00276)
(-0.00426 -0.02671 0.00472)
(-0.00012 -0.01944 0.00400)
(0.00405 -0.03262 0.00765)
(-0.00014 0.00154 -0.00045)
(0.00178 -0.00855 0.00255)
(0.00122 -0.00491 0.00162)
(0.02521 -0.00568 0.01263)
(0.02024 -0.00200 0.01055)
(-0.01984 0.00082 -0.00964)
(0.01776 -0.00073 0.00854)
(0.00597 0.00052 0.00267)
(-0.04154 0.00039 -0.02239)
(-0.03713 -0.00654 -0.01657)
(0.00063 0.00013 0.00023)
(0.00050 0.00013 0.00020)
(-0.03638 -0.00881 -0.01760)
(-0.06046 -0.02113 -0.02751)
(-0.01315 -0.00524 -0.00480)
(-0.03159 -0.01966 -0.00787)
(-0.05274 -0.03506 -0.01259)
(-0.01805 -0.01238 -0.00378)
(-0.02873 -0.02525 -0.00579)
(-0.02879 -0.03366 -0.00181)
(-0.03609 -0.04895 -0.00229)
(-0.00363 -0.00465 0.00013)
(-0.00637 -0.00853 -0.00017)
(0.00067 0.00128 -0.00018)
(-0.01885 -0.03458 0.00062)
(-0.00906 -0.02052 0.00205)
(0.00402 0.01098 -0.00209)
(0.00119 0.00577 -0.00118)
(0.00118 0.01207 -0.00330)
(-0.00066 0.01475 -0.00425)
(-0.00393 -0.00251 -0.00090)
(-0.00647 -0.00448 -0.00129)
(-0.00542 -0.00493 -0.00046)
(0.00203 0.00262 -0.00022)
)