/*--------------------------------*- C++ -*----------------------------------*\ 
| =========                 |                                                 | 
| \\      /  F ield         | OpenFOAM: The Open Source CFD Toolbox           | 
|  \\    /   O peration     | Version:  4.0                                   | 
|   \\  /    A nd           | Web:      www.OpenFOAM.org                      | 
|    \\/     M anipulation  |                                                 | 
\*---------------------------------------------------------------------------*/ 
FoamFile 
{ 
    version     2.0; 
    format      ascii; 
    class       vectorAverageField; 
    object      values; 
} 
// * * * * * * * * * * * * * * * * * * * * * * * * * * * * * * * * * * * * * // 
 
// Average 
(0 0 0) 
 
// Velocity data on points 
2447
(
(0.00501 -0.00127 -0.00104)
(-0.00285 0.00040 0.00060)
(-0.00799 -0.00040 0.00248)
(-0.00285 -0.00017 0.00054)
(0.00399 0.00051 -0.00107)
(-0.01871 -0.00206 0.00666)
(-0.00689 -0.00090 0.00196)
(-0.01340 -0.00597 0.00232)
(-0.00145 -0.00063 0.00023)
(0.00198 0.00091 -0.00024)
(-0.00843 -0.00403 0.00108)
(-0.00160 -0.00082 0.00013)
(0.00117 0.00060 0.00005)
(-0.00599 -0.00434 -0.00079)
(-0.00015 -0.00015 -0.00013)
(0.00040 0.00042 0.00044)
(-0.00134 -0.00154 -0.00165)
(-0.00006 -0.00007 -0.00012)
(0.00013 0.00061 0.00097)
(-0.00003 -0.00012 -0.00020)
(0.01185 -0.00585 -0.00088)
(-0.00254 0.00099 0.00041)
(0.00209 -0.00085 -0.00029)
(0.00086 -0.00030 -0.00019)
(-0.03605 0.01163 0.01086)
(-0.02869 0.00645 0.00789)
(-0.03286 0.00337 0.00983)
(-0.03358 -0.00158 0.01180)
(-0.06147 0.00237 0.02302)
(-0.05956 -0.00308 0.02153)
(-0.04614 -0.00534 0.01729)
(-0.02763 -0.00735 0.00703)
(-0.04568 -0.01199 0.01508)
(-0.02930 -0.01325 0.00555)
(-0.02245 -0.01106 0.00300)
(-0.01641 -0.00898 0.00107)
(-0.03024 -0.01506 0.00418)
(-0.02589 -0.01466 0.00133)
(-0.01843 -0.01512 -0.00441)
(-0.01180 -0.00901 -0.00204)
(-0.00676 -0.00613 -0.00385)
(-0.01525 -0.01891 -0.01746)
(-0.01411 -0.01707 -0.01613)
(-0.00540 -0.00845 -0.01040)
(-0.00260 -0.00447 -0.00712)
(-0.00534 -0.01127 -0.01782)
(-0.00042 -0.00374 -0.00614)
(-0.00005 -0.00170 -0.00180)
(-0.00251 -0.00833 -0.01518)
(0.00014 -0.00175 -0.00120)
(-0.00005 0.00035 0.00013)
(0.00648 -0.00291 -0.00052)
(-0.00284 0.00123 0.00031)
(-0.01013 0.00439 0.00128)
(-0.02802 0.01027 0.00561)
(-0.07204 0.02548 0.01544)
(-0.05704 0.02005 0.01316)
(-0.07274 0.02174 0.02375)
(-0.07839 0.01741 0.02858)
(-0.07714 0.01496 0.02553)
(-0.06869 0.00358 0.02704)
(-0.06447 -0.00650 0.02647)
(-0.06063 -0.01374 0.02521)
(-0.05053 -0.01554 0.01832)
(-0.03950 -0.01953 0.00986)
(-0.05292 -0.01643 0.01924)
(-0.04960 -0.02062 0.01685)
(-0.03755 -0.02017 0.00766)
(-0.02607 -0.01959 -0.00384)
(-0.03247 -0.02610 -0.00679)
(-0.01807 -0.02363 -0.01800)
(-0.01404 -0.02464 -0.02329)
(-0.00820 -0.02446 -0.02586)
(-0.01286 -0.02182 -0.02382)
(-0.00998 -0.01912 -0.02954)
(-0.00711 -0.01483 -0.02979)
(-0.00848 -0.02051 -0.03564)
(-0.00382 -0.01703 -0.03063)
(-0.00049 -0.01231 -0.01716)
(-0.00014 -0.00967 -0.00927)
(-0.00874 -0.02034 -0.03134)
(-0.00526 -0.01357 -0.01865)
(0.00041 -0.00867 -0.00493)
(0.00006 -0.00059 -0.00016)
(-0.00127 -0.00767 -0.00124)
(0.00052 0.00353 0.00002)
(0.00089 0.00684 -0.00012)
(0.00036 -0.00016 -0.00000)
(-0.01101 0.00490 0.00057)
(-0.03096 0.01358 0.00273)
(-0.04973 0.02086 0.00686)
(-0.08108 0.03302 0.01045)
(-0.07681 0.03183 0.01087)
(-0.09644 0.03849 0.01604)
(-0.09178 0.03152 0.02137)
(-0.08850 0.03026 0.01996)
(-0.08164 0.02208 0.02525)
(-0.07944 0.01276 0.03371)
(-0.08220 0.01513 0.03283)
(-0.07807 0.01245 0.03331)
(-0.07891 0.00870 0.03395)
(-0.07732 0.00260 0.03658)
(-0.07397 -0.00676 0.03709)
(-0.07303 -0.01005 0.03660)
(-0.06856 -0.01617 0.03224)
(-0.05672 -0.01813 0.02183)
(-0.05328 -0.02911 0.01082)
(-0.04604 -0.03220 0.00123)
(-0.03719 -0.03233 -0.00975)
(-0.02539 -0.02780 -0.01761)
(-0.01574 -0.02599 -0.02476)
(-0.01675 -0.02895 -0.03434)
(-0.01353 -0.03064 -0.04512)
(-0.01856 -0.03129 -0.05247)
(-0.01335 -0.02061 -0.03715)
(-0.01904 -0.02500 -0.04918)
(-0.01044 -0.02079 -0.03332)
(-0.01179 -0.02101 -0.03268)
(-0.01881 -0.03064 -0.02852)
(-0.01773 -0.03096 -0.02527)
(-0.00869 -0.02342 -0.01085)
(-0.00122 -0.00811 -0.00021)
(-0.01464 -0.03266 -0.01446)
(-0.00704 -0.02769 -0.00440)
(-0.00056 -0.00435 0.00023)
(-0.00018 -0.00169 0.00026)
(0.00708 -0.00277 -0.00051)
(-0.01494 0.00642 0.00045)
(-0.03694 0.01666 0.00082)
(-0.07000 0.02961 0.00385)
(-0.08258 0.03443 0.00453)
(-0.08250 0.02901 0.01276)
(-0.08710 0.02943 0.01620)
(-0.08813 0.03079 0.01829)
(-0.08626 0.02492 0.02223)
(-0.07774 0.01108 0.03393)
(-0.07853 0.01085 0.03481)
(-0.07903 0.00987 0.03618)
(-0.07778 0.00867 0.03627)
(-0.07889 0.00757 0.03779)
(-0.07933 0.00428 0.03662)
(-0.07701 -0.00785 0.03949)
(-0.07580 -0.00995 0.03856)
(-0.07452 -0.01219 0.03722)
(-0.06753 -0.01804 0.03025)
(-0.06351 -0.03077 0.01724)
(-0.05465 -0.03154 0.00957)
(-0.04599 -0.03635 -0.00763)
(-0.03998 -0.04325 -0.02289)
(-0.03284 -0.04103 -0.02768)
(-0.02829 -0.03829 -0.03648)
(-0.02020 -0.03540 -0.05432)
(-0.02078 -0.03451 -0.05544)
(-0.02122 -0.03296 -0.05587)
(-0.02169 -0.03110 -0.05588)
(-0.01998 -0.03209 -0.04654)
(-0.01975 -0.03016 -0.03041)
(-0.01966 -0.03264 -0.02734)
(-0.02107 -0.03206 -0.02980)
(-0.01788 -0.03433 -0.02249)
(-0.01525 -0.03976 -0.00459)
(-0.01915 -0.03568 -0.01243)
(-0.01232 -0.03999 0.00075)
(-0.00354 -0.02448 0.00678)
(-0.00038 -0.00274 0.00081)
(-0.00600 -0.04975 0.01651)
(-0.00134 -0.01272 0.00472)
(-0.00008 -0.00073 0.00027)
(-0.00862 0.00314 0.00103)
(-0.02570 0.00962 0.00314)
(-0.06616 0.02495 0.00859)
(-0.07869 0.02774 0.01169)
(-0.07534 0.02175 0.01927)
(-0.07295 0.01790 0.02249)
(-0.07186 0.01748 0.02312)
(-0.06981 0.01592 0.02365)
(-0.06880 0.01533 0.02423)
(-0.07650 0.01856 0.02441)
(-0.07674 0.01125 0.03317)
(-0.07488 0.00884 0.03459)
(-0.07583 0.00769 0.03613)
(-0.07727 0.00654 0.03784)
(-0.07889 0.00531 0.03954)
(-0.07992 -0.00789 0.04262)
(-0.07792 -0.01007 0.04061)
(-0.07364 -0.01728 0.04242)
(-0.07366 -0.01972 0.04008)
(-0.07741 -0.01319 0.03972)
(-0.07595 -0.01436 0.03781)
(-0.05881 -0.03947 0.01942)
(-0.05630 -0.04659 0.02256)
(-0.06290 -0.04903 0.01536)
(-0.05472 -0.04195 0.01108)
(-0.04346 -0.04805 -0.00680)
(-0.03803 -0.05805 -0.02561)
(-0.03426 -0.05851 -0.03120)
(-0.03177 -0.05881 -0.03578)
(-0.03104 -0.03842 -0.04430)
(-0.02214 -0.03830 -0.05864)
(-0.02294 -0.03675 -0.05908)
(-0.02421 -0.03462 -0.05920)
(-0.02768 -0.03585 -0.05747)
(-0.02334 -0.03388 -0.04855)
(-0.02826 -0.02399 -0.03781)
(-0.02482 -0.02870 -0.02705)
(-0.02454 -0.02898 -0.01585)
(-0.01839 -0.04301 -0.00858)
(-0.01706 -0.05356 0.00046)
(-0.00933 -0.07088 0.02438)
(-0.00536 -0.04644 0.01690)
(-0.00641 -0.05719 0.02253)
(-0.00196 -0.01989 0.00799)
(-0.00085 -0.00962 0.00415)
(0.00468 -0.00168 -0.00074)
(-0.00102 0.00039 0.00009)
(-0.05350 0.01760 0.01054)
(-0.08138 0.02399 0.01662)
(-0.08185 0.02458 0.01769)
(-0.06511 0.01581 0.02135)
(-0.06675 0.01383 0.02466)
(-0.06701 0.01410 0.02480)
(-0.06427 0.01225 0.02609)
(-0.06697 0.01239 0.02815)
(-0.06394 0.00576 0.03416)
(-0.07322 0.00660 0.03602)
(-0.07076 0.00206 0.03845)
(-0.07447 0.00443 0.03854)
(-0.07708 0.00429 0.03967)
(-0.07820 -0.00501 0.04334)
(-0.07520 -0.00215 0.04450)
(-0.06545 -0.01864 0.04361)
(-0.06833 -0.02114 0.04415)
(-0.05548 -0.03672 0.03391)
(-0.05799 -0.04112 0.03002)
(-0.05393 -0.05418 0.02055)
(-0.05778 -0.05975 0.00653)
(-0.03912 -0.06533 -0.01799)
(-0.03452 -0.06279 -0.03014)
(-0.03150 -0.06318 -0.03607)
(-0.02835 -0.06391 -0.05024)
(-0.01739 -0.05462 -0.06330)
(-0.02547 -0.04470 -0.06584)
(-0.02514 -0.03904 -0.06255)
(-0.03089 -0.03351 -0.06036)
(-0.02974 -0.03263 -0.05035)
(-0.03607 -0.03095 -0.05082)
(-0.03132 -0.02402 -0.03268)
(-0.02901 -0.02421 -0.02328)
(-0.02540 -0.02670 -0.01777)
(-0.02073 -0.03837 -0.00786)
(-0.01850 -0.04460 0.00499)
(-0.01019 -0.06732 0.02433)
(-0.00913 -0.07136 0.02769)
(-0.00286 -0.03034 0.01312)
(-0.00887 -0.07039 0.03001)
(-0.00610 -0.05858 0.02528)
(-0.00217 -0.02396 0.01261)
(-0.00013 -0.00184 0.00127)
(0.01486 -0.00541 -0.00174)
(-0.00050 0.00018 0.00006)
(-0.02818 0.00947 0.00530)
(-0.05568 0.01824 0.01112)
(-0.08207 0.02342 0.02189)
(-0.08055 0.02342 0.02198)
(-0.06878 0.01798 0.02218)
(-0.06791 0.01501 0.02135)
(-0.06009 0.01122 0.02986)
(-0.05099 0.00776 0.03252)
(-0.05376 0.00915 0.02696)
(-0.04458 0.00357 0.03340)
(-0.04993 0.00184 0.03691)
(-0.05184 -0.00049 0.04027)
(-0.04990 -0.00861 0.04101)
(-0.04222 -0.01784 0.03855)
(-0.05924 -0.01796 0.04314)
(-0.07747 -0.02199 0.05473)
(-0.05877 -0.03374 0.04153)
(-0.04902 -0.04357 0.03048)
(-0.04185 -0.05416 0.02468)
(-0.02863 -0.06902 0.00901)
(-0.02218 -0.07251 -0.00733)
(-0.01038 -0.08052 -0.01919)
(-0.03239 -0.06771 -0.02878)
(-0.02925 -0.06806 -0.03544)
(-0.01717 -0.07104 -0.04755)
(-0.01235 -0.06673 -0.05485)
(-0.00899 -0.06843 -0.06778)
(-0.01716 -0.04908 -0.05973)
(-0.02037 -0.04375 -0.05699)
(-0.03522 -0.03567 -0.05615)
(-0.03483 -0.02457 -0.03421)
(-0.02772 -0.02434 -0.01948)
(-0.02132 -0.03305 -0.00975)
(-0.01706 -0.04394 0.00289)
(-0.01167 -0.04369 0.01739)
(-0.01616 -0.04156 0.00560)
(-0.00925 -0.04585 0.02209)
(-0.00695 -0.05755 0.02679)
(-0.00873 -0.07405 0.03882)
(-0.00738 -0.05915 0.03364)
(-0.00454 -0.05199 0.03654)
(-0.00112 -0.01589 0.01113)
(-0.00040 -0.00842 0.00672)
(0.00064 -0.00022 -0.00009)
(-0.02362 0.00825 0.00338)
(-0.07041 0.02190 0.01752)
(-0.07597 0.02393 0.02109)
(-0.07301 0.01916 0.02851)
(-0.05172 0.01063 0.03558)
(-0.06166 0.01421 0.03101)
(-0.06114 0.01389 0.03245)
(-0.05135 0.00978 0.03529)
(-0.04861 0.00759 0.03891)
(-0.04772 0.00680 0.03899)
(-0.03246 0.00122 0.03875)
(-0.02784 -0.00119 0.04296)
(-0.02855 -0.00153 0.04231)
(-0.03400 -0.00181 0.04139)
(-0.03537 -0.00791 0.03781)
(-0.02986 -0.00669 0.04307)
(-0.02755 -0.00942 0.04485)
(-0.03326 -0.00997 0.03902)
(-0.03199 -0.01857 0.03634)
(-0.03949 -0.02003 0.03864)
(-0.04660 -0.02670 0.04296)
(-0.04760 -0.03168 0.04050)
(-0.02705 -0.05072 0.02699)
(-0.00034 -0.06633 0.01303)
(0.00511 -0.07128 0.00834)
(0.00963 -0.07998 0.00151)
(0.00202 -0.08253 -0.01484)
(-0.00105 -0.08296 -0.03155)
(0.00494 -0.07913 -0.04572)
(-0.00493 -0.07195 -0.05056)
(-0.00553 -0.07402 -0.06876)
(-0.00688 -0.06870 -0.06427)
(-0.00427 -0.05480 -0.05082)
(-0.02031 -0.04021 -0.05444)
(-0.01097 -0.04186 -0.04182)
(-0.02143 -0.03608 -0.03587)
(-0.02103 -0.03469 -0.02435)
(-0.01745 -0.03321 -0.01809)
(-0.01480 -0.03499 -0.01124)
(-0.01986 -0.03079 -0.00663)
(-0.01851 -0.03090 0.00235)
(-0.01317 -0.03909 0.01469)
(-0.00949 -0.04104 0.01946)
(-0.00637 -0.04827 0.03310)
(-0.00473 -0.06295 0.04279)
(-0.00451 -0.06971 0.05371)
(-0.00266 -0.02623 0.02134)
(0.00028 0.00326 -0.00260)
(-0.00602 -0.04863 0.04356)
(-0.00746 0.00282 0.00088)
(-0.04000 0.01383 0.00621)
(-0.04694 0.01679 0.00785)
(-0.06487 0.02157 0.01234)
(-0.07035 0.01982 0.02656)
(-0.05344 0.01177 0.03519)
(-0.04684 0.00931 0.03754)
(-0.04751 0.00911 0.03725)
(-0.04356 0.00741 0.03928)
(-0.03782 0.00414 0.04374)
(-0.02594 -0.00135 0.04493)
(-0.02512 -0.00194 0.04514)
(-0.02020 -0.00586 0.04189)
(-0.01385 -0.01184 0.04278)
(-0.01061 -0.01516 0.04082)
(-0.00833 -0.02653 0.03339)
(-0.01652 -0.02396 0.03392)
(-0.00405 -0.03824 0.03174)
(0.01342 -0.03947 0.02685)
(-0.01169 -0.04100 0.03122)
(-0.00753 -0.05494 0.01994)
(0.00807 -0.06723 0.01126)
(0.01339 -0.07140 0.00720)
(0.01836 -0.07564 0.00319)
(0.02092 -0.08343 -0.01083)
(0.01588 -0.08681 -0.02732)
(0.05036 -0.08878 -0.02356)
(0.02515 -0.08498 -0.03271)
(0.02075 -0.08091 -0.03832)
(0.02738 -0.07789 -0.04711)
(0.02209 -0.07320 -0.04797)
(0.01619 -0.05849 -0.03627)
(0.00968 -0.05399 -0.03589)
(0.01196 -0.05227 -0.03115)
(-0.00969 -0.04221 -0.02977)
(-0.00854 -0.03952 -0.01836)
(-0.01413 -0.03517 -0.01358)
(-0.01066 -0.03553 -0.00915)
(-0.01240 -0.03400 -0.00732)
(-0.00586 -0.03651 0.00825)
(-0.01014 -0.03533 0.01762)
(-0.00222 -0.05000 0.03328)
(0.00049 -0.04378 0.04949)
(-0.00511 -0.05402 0.04992)
(-0.00014 -0.04814 0.05375)
(-0.00603 -0.06266 0.05593)
(-0.00662 -0.04585 0.04308)
(-0.00043 -0.00397 0.00369)
(0.00017 0.00142 -0.00135)
(0.00235 -0.00084 -0.00026)
(-0.00355 0.00126 0.00031)
(-0.02563 0.00896 0.00321)
(-0.06799 0.02315 0.01086)
(-0.07228 0.02240 0.01531)
(-0.07571 0.02540 0.01253)
(-0.06231 0.01732 0.02332)
(-0.04732 0.00967 0.03672)
(-0.04280 0.00765 0.03993)
(-0.04182 0.00761 0.04024)
(-0.03911 0.00644 0.04313)
(-0.02366 -0.00112 0.05080)
(-0.01495 -0.00077 0.04889)
(-0.02332 -0.00179 0.04795)
(-0.01375 -0.00379 0.04591)
(0.00363 -0.01183 0.04154)
(0.00732 -0.01792 0.04136)
(0.00171 -0.02155 0.04259)
(0.02023 -0.03934 0.02601)
(0.01528 -0.04240 0.02496)
(0.02309 -0.04261 0.02320)
(0.01846 -0.04553 0.02267)
(0.01785 -0.06839 0.00869)
(0.02246 -0.07150 0.00555)
(0.02653 -0.07455 0.00251)
(0.03995 -0.07759 -0.00345)
(0.06511 -0.08707 -0.01729)
(0.04820 -0.08758 -0.02821)
(0.07288 -0.08992 -0.03424)
(0.07010 -0.08692 -0.03428)
(0.06852 -0.08481 -0.03348)
(0.03870 -0.06734 -0.03161)
(0.02098 -0.05616 -0.02837)
(0.01506 -0.05131 -0.02618)
(0.01828 -0.04390 -0.00774)
(-0.00761 -0.03685 -0.00980)
(-0.00342 -0.03803 -0.00540)
(0.00057 -0.03784 0.00520)
(0.00426 -0.04111 0.02515)
(0.00921 -0.04140 0.03083)
(0.00181 -0.04502 0.03046)
(0.00337 -0.04326 0.05018)
(0.00190 -0.04459 0.05137)
(0.00070 -0.04651 0.05349)
(-0.00050 -0.04807 0.05541)
(-0.00296 -0.05860 0.05965)
(-0.00249 -0.02036 0.01969)
(-0.00104 -0.00788 0.00785)
(0.00103 0.00815 -0.00802)
(-0.00740 0.00253 0.00009)
(-0.02697 0.00939 0.00235)
(-0.04835 0.01662 0.00549)
(-0.04195 0.01437 0.00332)
(-0.07338 0.02447 0.01079)
(-0.07096 0.02321 0.01428)
(-0.03871 0.00685 0.03497)
(-0.03762 0.00613 0.02691)
(-0.04017 0.00707 0.04035)
(-0.03766 0.00628 0.04367)
(-0.01678 0.00060 0.04934)
(-0.00414 -0.00242 0.06281)
(-0.00936 -0.00493 0.05418)
(0.00283 -0.00733 0.05870)
(0.00551 -0.01073 0.04646)
(0.01452 -0.01469 0.04171)
(0.01781 -0.01781 0.04388)
(0.02111 -0.02142 0.04010)
(0.02198 -0.03085 0.03324)
(0.02955 -0.04233 0.02212)
(0.02707 -0.04620 0.02021)
(0.03378 -0.04614 0.01863)
(0.04557 -0.05651 0.01097)
(0.04960 -0.07176 -0.00004)
(0.05346 -0.07168 -0.00658)
(0.07493 -0.07823 -0.01690)
(0.08417 -0.07924 -0.02190)
(0.07665 -0.08890 -0.03064)
(0.07602 -0.08792 -0.02910)
(0.07881 -0.08693 -0.03090)
(0.07711 -0.08503 -0.02978)
(0.06588 -0.07283 -0.02364)
(0.03039 -0.05951 -0.02561)
(0.03445 -0.05935 -0.02097)
(0.02608 -0.05520 -0.02062)
(0.04334 -0.05669 0.00219)
(0.03241 -0.04714 0.00617)
(0.03768 -0.04904 0.01125)
(0.02635 -0.04550 0.01828)
(0.05008 -0.05497 0.03129)
(0.03182 -0.04583 0.02913)
(0.02332 -0.04423 0.03003)
(0.04029 -0.04701 0.04133)
(0.01437 -0.04360 0.04646)
(0.00626 -0.04395 0.05223)
(0.00411 -0.04466 0.05299)
(0.00326 -0.04539 0.05470)
(0.00215 -0.04575 0.05634)
(-0.00037 -0.04663 0.05698)
(0.00251 -0.05160 0.06865)
(-0.00481 -0.05785 0.06735)
(-0.00389 -0.02355 0.02665)
(0.00044 0.00311 -0.00322)
(0.00038 -0.00013 0.00004)
(-0.00512 0.00147 -0.00062)
(-0.02868 0.00793 -0.00304)
(-0.06715 0.02252 0.00684)
(-0.05412 0.01309 0.00788)
(-0.04879 0.01187 0.01488)
(-0.03194 0.00250 0.00906)
(-0.03851 0.00653 0.02548)
(-0.02864 0.00214 0.03599)
(-0.01202 -0.00190 0.03569)
(-0.00987 -0.00274 0.03698)
(-0.01135 -0.00156 0.04197)
(-0.00081 -0.00368 0.04507)
(0.00148 -0.00274 0.05824)
(-0.00029 -0.00394 0.06779)
(0.01600 -0.01006 0.05702)
(0.02087 -0.01419 0.04915)
(0.02388 -0.01932 0.04485)
(0.02807 -0.02159 0.04157)
(0.04464 -0.03055 0.02839)
(0.05408 -0.03597 0.01948)
(0.06218 -0.04619 0.00646)
(0.05067 -0.05237 0.00867)
(0.06930 -0.04768 -0.00132)
(0.07736 -0.06308 -0.00870)
(0.09011 -0.07238 -0.01753)
(0.08032 -0.06952 -0.01772)
(0.08521 -0.07187 -0.02207)
(0.09210 -0.07925 -0.02525)
(0.10070 -0.07554 -0.03085)
(0.10255 -0.08514 -0.02448)
(0.09050 -0.08374 -0.03006)
(0.08937 -0.08593 -0.02341)
(0.08900 -0.07980 -0.01866)
(0.07642 -0.07697 -0.01666)
(0.09395 -0.07948 -0.00369)
(0.06180 -0.06600 0.00432)
(0.08338 -0.07578 0.01386)
(0.07150 -0.06563 0.02857)
(0.07390 -0.06670 0.03129)
(0.07144 -0.07109 0.04329)
(0.05911 -0.05815 0.04596)
(0.07074 -0.06515 0.05919)
(0.04790 -0.05479 0.05376)
(0.03409 -0.05006 0.05114)
(0.02595 -0.04736 0.06074)
(0.02751 -0.05125 0.06975)
(0.00818 -0.04840 0.06468)
(-0.00282 -0.04717 0.07588)
(-0.00411 -0.05481 0.07865)
(0.00992 -0.04727 0.07548)
(-0.00891 -0.04594 0.08087)
(-0.00391 -0.02897 0.03868)
(-0.00025 -0.00178 0.00224)
(0.00041 0.00388 -0.00492)
(-0.00239 0.00041 -0.00077)
(-0.01362 0.00356 -0.00191)
(-0.05062 0.01064 -0.00327)
(-0.02735 -0.00353 -0.00495)
(-0.02871 -0.00092 -0.00057)
(-0.02025 -0.00425 0.01261)
(-0.01615 -0.00820 0.00313)
(-0.01176 -0.00428 0.02453)
(-0.00951 -0.00294 0.03716)
(0.00701 -0.00477 0.03586)
(0.00480 -0.00514 0.04166)
(0.01115 -0.00762 0.04898)
(0.01497 -0.00706 0.04877)
(0.02504 -0.00893 0.04696)
(0.04315 -0.01609 0.03944)
(0.04815 -0.01829 0.03491)
(0.04020 -0.01874 0.03672)
(0.05160 -0.02631 0.03076)
(0.05947 -0.03455 0.02160)
(0.06905 -0.03372 0.00720)
(0.07655 -0.03390 -0.00538)
(0.08398 -0.05754 -0.00871)
(0.09784 -0.06897 -0.01740)
(0.08905 -0.05841 -0.02103)
(0.09529 -0.05609 -0.03209)
(0.09499 -0.05620 -0.03274)
(0.10120 -0.07695 -0.02814)
(0.09967 -0.08092 -0.02671)
(0.10241 -0.07543 -0.01952)
(0.10308 -0.07658 -0.01677)
(0.10765 -0.08237 -0.00195)
(0.11376 -0.08614 0.00698)
(0.09056 -0.07960 0.00987)
(0.10644 -0.08781 0.01692)
(0.08348 -0.07165 0.02802)
(0.08799 -0.07786 0.03293)
(0.09959 -0.08574 0.05618)
(0.09111 -0.08135 0.06550)
(0.09042 -0.08137 0.06847)
(0.07699 -0.07248 0.06856)
(0.04460 -0.05470 0.05980)
(0.06858 -0.06940 0.07345)
(0.04829 -0.05897 0.06943)
(0.03504 -0.05207 0.07038)
(0.03377 -0.05267 0.07662)
(0.01435 -0.04808 0.07602)
(0.00672 -0.05007 0.08212)
(-0.01126 -0.04368 0.08130)
(0.00536 -0.05048 0.08099)
(-0.00579 -0.03503 0.05412)
(-0.00086 -0.00778 0.01002)
(0.00026 -0.00356 0.00532)
(0.00399 -0.00061 0.00128)
(-0.01523 0.00226 -0.00509)
(-0.00151 0.00021 -0.00049)
(-0.01780 0.00199 -0.00621)
(-0.03470 0.00066 -0.00920)
(-0.01945 -0.00759 -0.00226)
(-0.01769 -0.00929 -0.00510)
(-0.01178 -0.00851 -0.00041)
(-0.00364 -0.00899 0.00393)
(-0.00573 -0.00907 0.01157)
(0.01178 -0.01436 0.00926)
(0.00578 -0.01092 0.02088)
(0.00667 -0.00739 0.02812)
(0.02716 -0.00853 0.03033)
(0.02899 -0.00796 0.03270)
(0.02781 -0.00867 0.04245)
(0.04222 -0.01393 0.03602)
(0.04916 -0.01717 0.03310)
(0.05235 -0.01972 0.03041)
(0.06449 -0.02881 0.02054)
(0.07478 -0.02809 0.00465)
(0.07244 -0.02627 -0.00642)
(0.07805 -0.02433 -0.02881)
(0.07981 -0.03655 -0.00899)
(0.08498 -0.04212 -0.02166)
(0.09526 -0.05147 -0.02790)
(0.09166 -0.05184 -0.03348)
(0.09101 -0.05196 -0.03430)
(0.09551 -0.05710 -0.03325)
(0.10334 -0.07074 -0.02595)
(0.10226 -0.07485 -0.02106)
(0.10256 -0.07620 -0.01884)
(0.11279 -0.08435 -0.01130)
(0.11367 -0.09083 0.00291)
(0.12013 -0.09688 0.01882)
(0.12729 -0.10525 0.03277)
(0.12620 -0.10500 0.03688)
(0.11827 -0.09662 0.04217)
(0.10951 -0.09100 0.05906)
(0.09720 -0.08591 0.06801)
(0.09613 -0.08574 0.07094)
(0.08970 -0.08099 0.07167)
(0.08341 -0.07633 0.07545)
(0.06684 -0.06788 0.07920)
(0.04456 -0.05668 0.07858)
(0.03654 -0.05478 0.07808)
(0.02730 -0.05145 0.07730)
(0.03607 -0.05296 0.08168)
(0.02139 -0.05195 0.08334)
(0.02527 -0.05414 0.08691)
(0.00504 -0.04207 0.06495)
(0.00106 -0.00840 0.01248)
(0.00369 -0.00046 0.00118)
(-0.00636 0.00063 -0.00213)
(-0.03343 0.00154 -0.01295)
(-0.02585 0.00051 -0.00991)
(-0.03188 -0.00070 -0.01306)
(-0.00814 -0.01148 -0.00770)
(-0.00420 -0.01191 -0.00637)
(0.00256 -0.01206 -0.00583)
(0.02124 -0.01574 0.00097)
(0.02301 -0.01510 0.00192)
(0.01686 -0.01361 0.02096)
(0.02941 -0.00941 0.02606)
(0.03208 -0.00886 0.02557)
(0.03463 -0.00832 0.02513)
(0.03304 -0.00812 0.02977)
(0.04267 -0.01142 0.02396)
(0.04961 -0.01477 0.02571)
(0.05221 -0.01677 0.02758)
(0.05304 -0.00941 0.00282)
(0.05532 -0.02050 0.02643)
(0.06937 -0.02024 -0.00226)
(0.06972 -0.02002 -0.00503)
(0.07422 -0.01965 -0.02948)
(0.07787 -0.02466 -0.03117)
(0.07695 -0.02421 -0.03328)
(0.08685 -0.04752 -0.03519)
(0.08582 -0.04779 -0.03631)
(0.09099 -0.05328 -0.03486)
(0.09091 -0.05505 -0.03547)
(0.09328 -0.06553 -0.03205)
(0.10269 -0.07610 -0.02786)
(0.10997 -0.08886 -0.01078)
(0.11242 -0.09256 -0.00978)
(0.12174 -0.09844 0.00947)
(0.12796 -0.10862 0.03147)
(0.12784 -0.11046 0.03538)
(0.12812 -0.10928 0.04022)
(0.12553 -0.11053 0.05328)
(0.10182 -0.09069 0.07046)
(0.10037 -0.09045 0.07322)
(0.09481 -0.08496 0.07423)
(0.09874 -0.08697 0.08282)
(0.07709 -0.07338 0.08311)
(0.07252 -0.07072 0.08225)
(0.07106 -0.06483 0.08975)
(0.05875 -0.06033 0.08771)
(0.05393 -0.05848 0.08663)
(0.05996 -0.06034 0.08733)
(0.05576 -0.05855 0.08629)
(0.05171 -0.05682 0.08532)
(0.03236 -0.05505 0.08670)
(0.01139 -0.05540 0.08502)
(0.01406 -0.05138 0.07719)
(0.00260 -0.01327 0.01956)
(-0.00068 0.00405 -0.00593)
(0.00134 -0.00011 0.00042)
(-0.01006 0.00046 -0.00333)
(-0.00804 -0.00966 -0.00931)
(-0.01601 -0.01013 -0.01470)
(0.00002 -0.01840 -0.01218)
(-0.00027 -0.01780 -0.01267)
(0.01446 -0.02096 -0.00752)
(0.02312 -0.01769 -0.00230)
(0.02456 -0.01616 -0.00118)
(0.03115 -0.01767 0.00500)
(0.03188 -0.01536 0.00770)
(0.03362 -0.00924 0.02089)
(0.03584 -0.00838 0.02036)
(0.03865 -0.00683 0.01028)
(0.03744 -0.00766 0.02383)
(0.04473 -0.00086 0.00892)
(0.04573 -0.00603 0.00350)
(0.04876 -0.00458 -0.00876)
(0.06149 -0.00510 -0.01270)
(0.06760 -0.01184 -0.00994)
(0.06687 -0.01402 -0.02640)
(0.07352 -0.01963 -0.03242)
(0.06960 -0.01530 -0.03417)
(0.07228 -0.01970 -0.03502)
(0.06814 -0.02752 -0.03966)
(0.06465 -0.03035 -0.04791)
(0.08557 -0.04952 -0.03688)
(0.07961 -0.05133 -0.04040)
(0.07589 -0.06203 -0.03967)
(0.08028 -0.06759 -0.03678)
(0.10766 -0.08487 -0.01990)
(0.11167 -0.09288 -0.01656)
(0.11767 -0.10090 -0.00109)
(0.11888 -0.10801 0.02074)
(0.12582 -0.11315 0.03353)
(0.12772 -0.11247 0.03997)
(0.12044 -0.11703 0.05695)
(0.11117 -0.10445 0.07018)
(0.10791 -0.10819 0.07807)
(0.11133 -0.10050 0.08398)
(0.10531 -0.09493 0.09230)
(0.09593 -0.08191 0.09081)
(0.07779 -0.07366 0.09171)
(0.09293 -0.07877 0.09653)
(0.07945 -0.07186 0.09162)
(0.06493 -0.06241 0.08844)
(0.05981 -0.05944 0.08623)
(0.05979 -0.05728 0.08635)
(0.04604 -0.05789 0.08558)
(0.01775 -0.05563 0.08445)
(0.02569 -0.05377 0.08251)
(0.00495 -0.01816 0.02660)
(-0.00018 0.00082 -0.00119)
(-0.00026 -0.00011 0.00003)
(-0.00531 -0.00447 -0.00191)
(-0.00477 -0.00281 0.00135)
(-0.00142 -0.01547 -0.00741)
(0.00168 -0.01831 -0.00881)
(0.00943 -0.02528 -0.01291)
(0.02056 -0.02955 -0.01165)
(0.02630 -0.02710 -0.01543)
(0.02465 -0.02486 -0.00759)
(0.02572 -0.01722 -0.00399)
(0.03101 -0.01911 -0.00929)
(0.03355 -0.01497 -0.00518)
(0.03773 -0.00853 0.00178)
(0.03434 -0.00366 -0.01210)
(0.04440 -0.00156 -0.00541)
(0.04994 0.00160 -0.00663)
(0.04209 0.00445 -0.01727)
(0.05170 -0.00407 -0.01656)
(0.04132 0.00330 -0.02911)
(0.05228 0.00106 -0.03002)
(0.04273 0.00364 -0.04312)
(0.04236 0.00094 -0.04858)
(0.06816 -0.01565 -0.03719)
(0.05456 -0.02075 -0.04897)
(0.04110 -0.01452 -0.06248)
(0.06438 -0.03399 -0.05047)
(0.05614 -0.03900 -0.05210)
(0.06547 -0.05368 -0.04694)
(0.06344 -0.05972 -0.04597)
(0.08803 -0.08282 -0.02887)
(0.08262 -0.09330 -0.02032)
(0.10639 -0.10645 -0.00031)
(0.10025 -0.11476 0.00821)
(0.09958 -0.12377 0.01613)
(0.11492 -0.12760 0.04073)
(0.11359 -0.12945 0.05011)
(0.11674 -0.12733 0.07483)
(0.11524 -0.12612 0.07586)
(0.10922 -0.10710 0.08731)
(0.10599 -0.10468 0.09219)
(0.09907 -0.08817 0.09284)
(0.09860 -0.08875 0.09605)
(0.08105 -0.06983 0.09538)
(0.08088 -0.07182 0.09311)
(0.06536 -0.06123 0.08651)
(0.08922 -0.06927 0.09169)
(0.06895 -0.05976 0.08788)
(0.06184 -0.06018 0.08581)
(0.06914 -0.06020 0.08518)
(0.04965 -0.05729 0.08523)
(0.01711 -0.02450 0.03517)
(0.00075 -0.00182 0.00253)
(-0.00099 -0.00049 0.00036)
(-0.00156 -0.00757 0.00011)
(0.00304 -0.01837 -0.00468)
(0.02316 -0.02925 -0.00947)
(0.02279 -0.02950 -0.01239)
(0.02619 -0.02796 -0.01516)
(0.03401 -0.02942 -0.02360)
(0.03084 -0.02639 -0.01694)
(0.03377 -0.02629 -0.02303)
(0.03478 -0.01866 -0.02189)
(0.03472 -0.00753 -0.01683)
(0.02896 -0.00207 -0.02018)
(0.03268 0.00236 -0.01711)
(0.02170 0.00515 -0.02914)
(0.04062 0.00212 -0.01537)
(0.02909 0.01107 -0.02819)
(0.00980 0.02095 -0.05775)
(0.02937 0.00855 -0.04674)
(0.02518 0.01359 -0.05626)
(0.02735 0.01107 -0.05766)
(0.03126 0.00451 -0.05977)
(0.03203 -0.00198 -0.06011)
(0.03267 -0.00807 -0.06361)
(0.04092 -0.02013 -0.05891)
(0.04398 -0.03153 -0.05662)
(0.03612 -0.04345 -0.06201)
(0.03612 -0.05009 -0.05763)
(0.06047 -0.07375 -0.03930)
(0.05215 -0.09471 -0.02835)
(0.07986 -0.10459 -0.01402)
(0.08739 -0.11720 0.00059)
(0.08466 -0.12675 0.02060)
(0.10187 -0.12917 0.03563)
(0.09625 -0.13226 0.04722)
(0.11472 -0.12808 0.07395)
(0.10801 -0.12723 0.07935)
(0.11543 -0.11714 0.08784)
(0.10383 -0.12030 0.09638)
(0.10398 -0.10546 0.09819)
(0.10664 -0.09645 0.09781)
(0.10013 -0.08972 0.09512)
(0.09608 -0.07977 0.09716)
(0.10809 -0.08459 0.10016)
(0.10384 -0.07902 0.09929)
(0.09238 -0.07157 0.09258)
(0.08107 -0.06097 0.08886)
(0.07867 -0.05949 0.08549)
(0.06902 -0.06076 0.08449)
(0.03812 -0.04137 0.05924)
(0.01500 -0.02094 0.02988)
(0.00204 -0.00315 0.00447)
(0.00031 0.00008 -0.00049)
(-0.00102 -0.00059 0.00160)
(0.00385 -0.00733 0.00494)
(0.01371 -0.01920 0.00157)
(0.02235 -0.02573 -0.00759)
(0.02642 -0.02764 -0.01176)
(0.02925 -0.02694 -0.01301)
(0.02784 -0.02770 -0.01455)
(0.03126 -0.02582 -0.02399)
(0.03324 -0.02673 -0.02570)
(0.03300 -0.02441 -0.02610)
(0.01489 -0.00271 -0.03836)
(0.03089 -0.00854 -0.02918)
(0.01731 0.00115 -0.03546)
(-0.00003 0.01858 -0.05060)
(0.01038 0.01568 -0.04183)
(-0.00634 0.02561 -0.05872)
(0.01094 0.01796 -0.04953)
(0.00274 0.02409 -0.06338)
(0.00677 0.02238 -0.06278)
(0.00505 0.02335 -0.06689)
(0.00706 0.02258 -0.07119)
(0.02186 0.00593 -0.06637)
(0.01553 0.00854 -0.07087)
(0.00838 0.01019 -0.08508)
(0.01507 -0.00167 -0.08244)
(0.02487 -0.01396 -0.06948)
(0.02498 -0.02421 -0.06926)
(0.01621 -0.03005 -0.07308)
(0.01607 -0.03380 -0.07186)
(0.04445 -0.06403 -0.04767)
(0.04525 -0.09232 -0.03151)
(0.05285 -0.09983 -0.02453)
(0.05887 -0.10940 -0.01818)
(0.05991 -0.12072 0.01018)
(0.07961 -0.13136 0.03267)
(0.07073 -0.13673 0.04890)
(0.09081 -0.13769 0.05926)
(0.08634 -0.13081 0.07076)
(0.10263 -0.12511 0.09383)
(0.10237 -0.12381 0.09572)
(0.10460 -0.11938 0.09780)
(0.10623 -0.11935 0.09880)
(0.10892 -0.09138 0.09855)
(0.11017 -0.08765 0.10080)
(0.10522 -0.07987 0.09910)
(0.10591 -0.08034 0.10052)
(0.10261 -0.07311 0.09566)
(0.09178 -0.06771 0.09083)
(0.08995 -0.06925 0.09312)
(0.08795 -0.06880 0.09114)
(0.07083 -0.05859 0.08599)
(0.04243 -0.03919 0.05741)
(0.00411 -0.00421 0.00612)
(0.00419 -0.00412 0.00605)
(-0.00003 0.00020 0.00213)
(0.00652 -0.00648 0.00820)
(0.02370 -0.02467 -0.00683)
(0.02475 -0.02558 -0.00891)
(0.02644 -0.02660 -0.01187)
(0.02757 -0.02675 -0.01541)
(0.03098 -0.02390 -0.02732)
(0.02790 -0.02214 -0.03562)
(0.03177 -0.02455 -0.02835)
(0.00817 0.00022 -0.04336)
(0.00999 0.00328 -0.04566)
(-0.00719 0.02376 -0.05939)
(-0.01195 0.02733 -0.06214)
(-0.01055 0.02865 -0.06190)
(-0.01646 0.03017 -0.07068)
(-0.00048 0.02573 -0.06796)
(-0.00958 0.02968 -0.07370)
(-0.00248 0.02648 -0.07206)
(-0.01328 0.03089 -0.09353)
(-0.01278 0.02970 -0.10158)
(-0.00487 0.02673 -0.09406)
(-0.00008 0.01963 -0.09608)
(-0.00756 0.02171 -0.11126)
(-0.00773 0.01969 -0.11076)
(0.00760 -0.00619 -0.08477)
(0.01081 -0.02557 -0.07711)
(0.01036 -0.02913 -0.07584)
(0.01459 -0.03696 -0.07103)
(0.02069 -0.06439 -0.05520)
(0.04504 -0.09697 -0.02846)
(0.04153 -0.10395 -0.01909)
(0.04632 -0.11942 0.00170)
(0.05876 -0.12690 0.01991)
(0.06402 -0.13726 0.04627)
(0.07101 -0.13777 0.05404)
(0.07080 -0.13920 0.05798)
(0.09971 -0.12803 0.09379)
(0.09985 -0.12746 0.09541)
(0.10338 -0.12306 0.09735)
(0.10527 -0.12287 0.09892)
(0.11051 -0.10601 0.10002)
(0.11786 -0.10237 0.10445)
(0.11204 -0.09273 0.10466)
(0.11145 -0.08864 0.10168)
(0.10291 -0.07285 0.09731)
(0.09608 -0.07462 0.09514)
(0.09315 -0.07312 0.09426)
(0.07027 -0.05906 0.08730)
(0.04981 -0.04500 0.06645)
(0.02642 -0.02484 0.03663)
(0.05090 -0.04563 0.06813)
(0.00686 -0.00654 0.00979)
(0.00002 0.00010 0.00056)
(0.00041 0.00055 0.00421)
(0.00038 0.00062 0.00281)
(0.00207 0.00073 0.00969)
(0.01160 -0.00813 0.00633)
(0.02050 -0.01384 -0.00094)
(0.02556 -0.02420 -0.00901)
(0.02579 -0.02204 -0.01163)
(0.02649 -0.02562 -0.01209)
(0.02312 -0.02087 -0.03006)
(0.02419 -0.02117 -0.03240)
(0.02543 -0.01938 -0.03802)
(0.01149 -0.00574 -0.04820)
(0.00363 0.00364 -0.05027)
(-0.00867 0.01147 -0.05748)
(-0.01034 0.01877 -0.05985)
(-0.01836 0.03024 -0.06514)
(-0.01684 0.03092 -0.06553)
(-0.02996 0.03891 -0.07462)
(-0.05427 0.04954 -0.10055)
(-0.01157 0.03046 -0.07744)
(-0.03609 0.04211 -0.11681)
(-0.04280 0.04175 -0.12760)
(-0.02143 0.02967 -0.11421)
(-0.01611 0.02656 -0.11877)
(-0.01206 0.02285 -0.11652)
(-0.00706 0.00762 -0.10265)
(-0.00397 -0.01070 -0.09468)
(0.00479 -0.02331 -0.08096)
(0.00856 -0.03359 -0.07424)
(-0.00148 -0.05221 -0.06509)
(0.02357 -0.08509 -0.03674)
(0.01953 -0.09522 -0.02396)
(0.02320 -0.10954 -0.01267)
(0.04438 -0.12830 0.01747)
(0.05309 -0.13760 0.04145)
(0.06511 -0.13823 0.05228)
(0.06587 -0.14031 0.05771)
(0.08167 -0.13612 0.07974)
(0.09547 -0.13742 0.09352)
(0.10127 -0.12679 0.09720)
(0.10433 -0.12910 0.10153)
(0.11238 -0.11973 0.10320)
(0.11136 -0.12012 0.10692)
(0.11763 -0.10465 0.10574)
(0.11504 -0.09860 0.10359)
(0.11427 -0.09367 0.10261)
(0.10725 -0.08611 0.09911)
(0.08523 -0.06807 0.09443)
(0.07222 -0.05989 0.08912)
(0.07030 -0.05984 0.08986)
(0.06683 -0.05887 0.08913)
(0.04392 -0.03966 0.06029)
(0.00682 -0.00680 0.01051)
(-0.00537 0.00544 -0.00846)
(0.00013 0.00010 0.00030)
(0.00171 0.00111 0.00355)
(0.01237 -0.00378 0.00986)
(0.00909 -0.00226 0.00748)
(0.02065 -0.00770 0.00817)
(0.02149 -0.01241 -0.00019)
(0.02517 -0.01767 -0.00508)
(0.02844 -0.02127 -0.01892)
(0.02463 -0.01939 -0.02666)
(0.02220 -0.01841 -0.04210)
(0.02210 -0.01890 -0.04477)
(0.00827 -0.00697 -0.04764)
(-0.00380 0.00490 -0.05467)
(-0.02524 0.02233 -0.06343)
(-0.03024 0.02637 -0.06803)
(-0.04221 0.03600 -0.07228)
(-0.06156 0.05094 -0.08632)
(-0.02358 0.03424 -0.06862)
(-0.04737 0.04548 -0.08340)
(-0.07313 0.05869 -0.11308)
(-0.05905 0.05287 -0.10967)
(-0.05742 0.04911 -0.12485)
(-0.05908 0.05051 -0.13410)
(-0.03854 0.03827 -0.12777)
(-0.04589 0.04201 -0.14007)
(-0.04803 0.03785 -0.14209)
(-0.02666 0.01884 -0.12142)
(-0.02533 0.00732 -0.11170)
(-0.02525 0.00491 -0.11361)
(-0.01678 -0.02255 -0.08862)
(-0.01072 -0.04517 -0.07039)
(-0.00405 -0.06370 -0.05723)
(0.00222 -0.08601 -0.03616)
(0.00505 -0.09577 -0.02752)
(0.02275 -0.11750 0.00294)
(0.02358 -0.12020 0.01347)
(0.05943 -0.13787 0.05072)
(0.05567 -0.14363 0.06234)
(0.06546 -0.14826 0.07420)
(0.06868 -0.14770 0.08392)
(0.08580 -0.14372 0.09373)
(0.09193 -0.14044 0.09639)
(0.10690 -0.13086 0.10397)
(0.11065 -0.12448 0.11049)
(0.11282 -0.11181 0.10926)
(0.10876 -0.10952 0.11056)
(0.11056 -0.09605 0.10714)
(0.09253 -0.08575 0.10767)
(0.09172 -0.08069 0.10316)
(0.08638 -0.07970 0.10906)
(0.07627 -0.06624 0.10544)
(0.06087 -0.05702 0.09079)
(0.03746 -0.03511 0.05536)
(0.01039 -0.00991 0.01594)
(-0.00387 0.00399 -0.00645)
(0.00212 0.00012 0.00198)
(0.01265 -0.00079 0.00978)
(0.02293 -0.00788 0.00495)
(0.02719 -0.01409 -0.00481)
(0.02862 -0.01702 -0.00938)
(0.02754 -0.01829 -0.01557)
(0.01984 -0.01361 -0.03163)
(0.02417 -0.01858 -0.02633)
(0.01840 -0.01388 -0.03940)
(0.00963 -0.00687 -0.04705)
(0.01643 -0.01379 -0.04592)
(-0.00231 0.00302 -0.05264)
(-0.01372 0.00953 -0.05919)
(-0.02849 0.01909 -0.06498)
(-0.03394 0.02340 -0.06653)
(-0.03574 0.02999 -0.06928)
(-0.04695 0.03423 -0.06966)
(-0.05616 0.04397 -0.07701)
(-0.08029 0.05558 -0.09082)
(-0.07378 0.05715 -0.10329)
(-0.08155 0.06292 -0.11470)
(-0.08040 0.06395 -0.11913)
(-0.07944 0.05896 -0.14368)
(-0.09331 0.06320 -0.16812)
(-0.06057 0.04831 -0.15131)
(-0.05843 0.04599 -0.15230)
(-0.06180 0.03919 -0.15478)
(-0.05044 0.03246 -0.14291)
(-0.04166 0.02229 -0.13221)
(-0.03483 0.01044 -0.12181)
(-0.02560 -0.01040 -0.09677)
(-0.02413 -0.02544 -0.08769)
(-0.01461 -0.05610 -0.06464)
(-0.01440 -0.06697 -0.05215)
(-0.01699 -0.08241 -0.03709)
(0.01097 -0.10771 -0.00772)
(0.01396 -0.11581 0.01187)
(0.02616 -0.13664 0.03549)
(0.03078 -0.14388 0.05230)
(0.05122 -0.14739 0.06449)
(0.06295 -0.15423 0.08081)
(0.07009 -0.15289 0.08396)
(0.08601 -0.14767 0.09510)
(0.08185 -0.15326 0.09953)
(0.09962 -0.13419 0.10451)
(0.10873 -0.12513 0.11184)
(0.09519 -0.12785 0.12047)
(0.09566 -0.12313 0.12042)
(0.09512 -0.11220 0.11915)
(0.09320 -0.12022 0.12205)
(0.09088 -0.09772 0.11626)
(0.08119 -0.08108 0.11287)
(0.07888 -0.07925 0.11138)
(0.06885 -0.06674 0.09975)
(0.02042 -0.02104 0.03202)
(0.00276 -0.00355 0.00540)
(-0.00106 0.00136 -0.00208)
(0.00042 0.00003 0.00039)
(0.00687 0.00011 0.00577)
(0.01876 -0.00159 0.01320)
(0.02425 -0.00782 0.00469)
(0.02678 -0.01291 -0.00778)
(0.02574 -0.01374 -0.01277)
(0.02485 -0.01430 -0.02086)
(0.01350 -0.00748 -0.03963)
(0.01156 -0.00683 -0.04311)
(0.00835 -0.00464 -0.04595)
(-0.00537 0.00482 -0.05513)
(-0.03059 0.02076 -0.06553)
(-0.03553 0.02450 -0.06683)
(-0.04290 0.03004 -0.06870)
(-0.07125 0.05270 -0.08336)
(-0.08597 0.05983 -0.09519)
(-0.08920 0.06213 -0.10829)
(-0.10296 0.07021 -0.12794)
(-0.09220 0.06475 -0.12980)
(-0.10779 0.07325 -0.13985)
(-0.09752 0.06669 -0.15478)
(-0.09871 0.06551 -0.17193)
(-0.09168 0.06210 -0.17239)
(-0.08579 0.05855 -0.17200)
(-0.07098 0.04760 -0.16762)
(-0.06193 0.03828 -0.15285)
(-0.05178 0.03236 -0.14692)
(-0.05396 0.02509 -0.13923)
(-0.04059 0.00166 -0.10880)
(-0.04462 -0.00601 -0.10416)
(-0.03068 -0.03317 -0.08333)
(-0.02277 -0.06262 -0.05408)
(-0.02017 -0.07689 -0.04102)
(-0.01538 -0.08719 -0.03090)
(-0.00412 -0.10100 -0.00962)
(0.01788 -0.13620 0.03201)
(0.02501 -0.13338 0.03284)
(0.03145 -0.12697 0.03701)
(0.05040 -0.14519 0.06759)
(0.06650 -0.15344 0.08350)
(0.07200 -0.15248 0.08786)
(0.07376 -0.15241 0.09005)
(0.08373 -0.14058 0.09611)
(0.09006 -0.13151 0.11473)
(0.09142 -0.12460 0.12267)
(0.09374 -0.11326 0.12273)
(0.08793 -0.10098 0.11870)
(0.07830 -0.09744 0.11789)
(0.07925 -0.08776 0.11654)
(0.07396 -0.07936 0.11577)
(0.06788 -0.06933 0.09841)
(0.02198 -0.02338 0.03486)
(0.00157 -0.00165 0.00253)
(0.00030 0.00009 0.00017)
(0.00918 0.00228 0.00474)
(0.02069 -0.00229 0.00272)
(0.02857 -0.00887 -0.00389)
(0.02729 -0.01008 -0.00463)
(0.02556 -0.01038 -0.01846)
(0.01959 -0.00714 -0.02547)
(0.02523 -0.01136 -0.02124)
(0.01283 -0.00685 -0.04021)
(0.01053 -0.00574 -0.04322)
(0.00968 -0.00479 -0.04351)
(0.00688 -0.00317 -0.04622)
(0.00450 -0.00166 -0.04831)
(-0.03176 0.02278 -0.06497)
(-0.03677 0.02541 -0.06715)
(-0.04369 0.03029 -0.06893)
(-0.07483 0.05446 -0.08815)
(-0.08502 0.05873 -0.09403)
(-0.09826 0.06667 -0.11945)
(-0.11345 0.07722 -0.13560)
(-0.11517 0.07725 -0.14204)
(-0.10339 0.06874 -0.15714)
(-0.10320 0.06725 -0.17566)
(-0.09750 0.06475 -0.17628)
(-0.09662 0.06442 -0.18013)
(-0.09077 0.06005 -0.18517)
(-0.06779 0.04195 -0.15892)
(-0.07521 0.04446 -0.15819)
(-0.05755 0.01833 -0.13655)
(-0.04432 -0.01057 -0.09979)
(-0.03958 -0.02933 -0.08633)
(-0.01860 -0.08157 -0.03607)
(0.00254 -0.10475 0.00142)
(0.01346 -0.12031 0.01488)
(0.03375 -0.13484 0.04668)
(0.06839 -0.15245 0.08470)
(0.07452 -0.15347 0.09263)
(0.08916 -0.12895 0.12308)
(0.08470 -0.11251 0.12313)
(0.02552 -0.02838 0.04009)
(0.00202 0.00023 0.00105)
(0.01534 0.00085 0.00236)
(0.02919 -0.00433 -0.00706)
(0.02503 -0.00022 0.00220)
(0.02894 -0.00453 -0.00895)
(0.02875 -0.00604 -0.01134)
(0.01931 -0.00528 -0.02576)
(0.01217 -0.00611 -0.04082)
(0.00888 -0.00380 -0.04401)
(0.00556 -0.00177 -0.04662)
(-0.00193 0.00322 -0.05345)
(-0.02875 0.02304 -0.06570)
(-0.04337 0.03560 -0.06974)
(-0.04531 0.03310 -0.07005)
(-0.07664 0.05565 -0.08428)
(-0.07544 0.05372 -0.08657)
(-0.09333 0.06330 -0.09471)
(-0.10725 0.07183 -0.11597)
(-0.10839 0.07326 -0.11287)
(-0.11407 0.07731 -0.13548)
(-0.11545 0.07743 -0.14301)
(-0.11649 0.07591 -0.15565)
(-0.11161 0.07222 -0.18048)
(-0.10412 0.06774 -0.18199)
(-0.10135 0.06663 -0.18357)
(-0.08649 0.05619 -0.18474)
(-0.00295 -0.00051 -0.00132)
(0.00851 0.00081 0.00227)
(0.02814 0.00162 0.00200)
(0.02970 -0.00139 -0.00189)
(0.02773 -0.00415 -0.01045)
(0.02560 -0.00680 -0.01853)
(0.01874 -0.00475 -0.02746)
(0.01596 -0.00344 -0.03142)
(0.01618 -0.00342 -0.03166)
(0.00704 -0.00102 -0.04481)
(-0.00297 0.00569 -0.05240)
(-0.01244 0.01351 -0.05745)
(-0.03743 0.03146 -0.06821)
(-0.04092 0.03472 -0.06926)
(-0.05664 0.04452 -0.07874)
(-0.07336 0.05595 -0.08460)
(-0.09341 0.06560 -0.09587)
(-0.10256 0.07143 -0.11366)
(-0.11309 0.07711 -0.13529)
(-0.11882 0.07750 -0.16400)
(-0.11953 0.07715 -0.18438)
(-0.00295 -0.00046 -0.00111)
(0.00208 0.00032 0.00075)
(0.01444 0.00181 0.00410)
(0.02746 -0.00019 -0.00560)
(0.02654 -0.00088 -0.00889)
(0.02384 -0.00196 -0.01852)
(0.01616 -0.00144 -0.03077)
(0.00725 0.00203 -0.04593)
(-0.00029 0.00555 -0.05423)
(-0.01319 0.01600 -0.05979)
(-0.03322 0.02861 -0.06663)
(-0.03996 0.03381 -0.06997)
(-0.05226 0.04124 -0.07730)
(-0.07456 0.05744 -0.09135)
(-0.08457 0.06347 -0.09465)
(-0.09125 0.06693 -0.10380)
(-0.10860 0.07502 -0.12357)
(0.00069 0.00011 0.00024)
(0.01476 0.00190 0.00034)
(0.02176 0.00054 -0.00370)
(0.02730 0.00031 -0.00657)
(0.02583 -0.00053 -0.01098)
(0.02520 -0.00028 -0.01271)
(0.02124 0.00010 -0.02606)
(0.01315 0.00287 -0.03753)
(0.00493 0.00619 -0.04517)
(0.00669 0.00741 -0.04525)
(-0.00761 0.01478 -0.06024)
(-0.01514 0.02038 -0.06362)
(-0.02352 0.02432 -0.06738)
(-0.02247 0.02618 -0.06988)
(-0.03633 0.03383 -0.07121)
(-0.05967 0.04783 -0.08071)
(0.00176 0.00039 0.00051)
(0.02215 0.00227 0.00057)
(0.02694 0.00058 -0.00805)
(0.02996 0.00485 -0.00893)
(0.02791 0.00168 -0.01479)
(0.02493 0.00235 -0.02310)
(0.01853 0.00156 -0.03641)
(0.00774 0.00715 -0.04454)
(-0.01090 0.01779 -0.06570)
(-0.01815 0.02316 -0.06853)
(-0.00039 -0.00009 -0.00006)
(0.01039 0.00273 -0.00002)
(0.02283 0.00531 -0.00562)
(-0.07397 0.04303 -0.15945)
(-0.04931 -0.00082 -0.10868)
(-0.02389 -0.07113 -0.04616)
(-0.01508 -0.08559 -0.02935)
(0.02446 -0.12053 0.02625)
(0.05723 -0.14806 0.07114)
(0.07000 -0.15271 0.08751)
(0.07958 -0.14199 0.10597)
(0.08360 -0.12526 0.12091)
(0.07438 -0.10776 0.12536)
(0.07528 -0.09584 0.11792)
(0.06376 -0.07448 0.10339)
(0.06256 -0.07219 0.10057)
(0.06113 -0.06952 0.09738)
(0.00575 -0.00632 0.00894)
(-0.10519 0.06743 -0.19221)
(-0.08741 0.05355 -0.17899)
(-0.07687 0.04675 -0.17087)
(-0.07328 0.03510 -0.15180)
(-0.05808 0.00738 -0.12014)
(-0.04834 -0.00581 -0.10406)
(-0.04612 -0.02002 -0.09143)
(-0.04215 -0.03665 -0.07789)
(-0.02222 -0.07549 -0.04203)
(-0.02175 -0.06897 -0.04281)
(-0.00056 -0.10035 -0.00578)
(0.01007 -0.11328 0.00936)
(0.02192 -0.11601 0.01979)
(0.02761 -0.12339 0.02856)
(0.03925 -0.13677 0.04856)
(0.06514 -0.15151 0.08041)
(0.06680 -0.15218 0.08406)
(0.07171 -0.15309 0.09190)
(0.07140 -0.15316 0.11083)
(0.07932 -0.13853 0.12346)
(0.07376 -0.13165 0.12399)
(0.07601 -0.12072 0.12418)
(0.07094 -0.11255 0.12411)
(0.06451 -0.09037 0.11355)
(0.06253 -0.07489 0.10166)
(0.06107 -0.07072 0.09647)
(0.02353 -0.02637 0.03609)
(0.00236 -0.00260 0.00355)
(-0.12228 0.07690 -0.20111)
(-0.11735 0.07432 -0.20205)
(-0.11658 0.07434 -0.20328)
(-0.10832 0.06988 -0.20246)
(-0.10125 0.06292 -0.19408)
(-0.09780 0.05961 -0.17769)
(-0.08369 0.04603 -0.15657)
(-0.07919 0.03146 -0.14254)
(-0.05282 -0.00033 -0.10879)
(-0.07246 0.01641 -0.12597)
(-0.05266 -0.00921 -0.10073)
(-0.04910 -0.02234 -0.08626)
(-0.03119 -0.05187 -0.05897)
(-0.02514 -0.06283 -0.04969)
(-0.01067 -0.08399 -0.02447)
(-0.00090 -0.09354 -0.01044)
(0.00742 -0.09720 -0.00350)
(0.02729 -0.12299 0.02588)
(0.03626 -0.13305 0.03474)
(0.05137 -0.14108 0.05685)
(0.05738 -0.14781 0.06667)
(0.06313 -0.15617 0.09254)
(0.06456 -0.16066 0.11372)
(0.06622 -0.15106 0.11185)
(0.07169 -0.13546 0.12220)
(0.07354 -0.12307 0.12445)
(0.06707 -0.12447 0.12253)
(0.06670 -0.10860 0.12180)
(0.06603 -0.10089 0.11620)
(0.06607 -0.10124 0.11238)
(0.06252 -0.07883 0.10436)
(0.06053 -0.07091 0.09362)
(0.03107 -0.03451 0.04457)
(0.00698 -0.00776 0.00972)
(-0.00271 0.00297 -0.00369)
(-0.11433 0.07587 -0.14579)
(-0.11959 0.07648 -0.16558)
(-0.12168 0.07752 -0.18193)
(-0.12325 0.07774 -0.19835)
(-0.12414 0.07725 -0.20452)
(-0.12314 0.07900 -0.21363)
(-0.11391 0.07244 -0.20199)
(-0.11235 0.07077 -0.19718)
(-0.11045 0.06459 -0.18048)
(-0.10643 0.05968 -0.17182)
(-0.09222 0.04539 -0.15507)
(-0.08316 0.02565 -0.13760)
(-0.05978 0.00402 -0.11652)
(-0.05939 -0.00228 -0.10886)
(-0.04711 -0.02482 -0.08403)
(-0.02957 -0.04136 -0.06631)
(-0.02386 -0.04851 -0.06184)
(-0.01226 -0.07638 -0.03044)
(-0.00505 -0.08119 -0.02454)
(0.01135 -0.10234 -0.00326)
(0.02103 -0.11307 0.00769)
(0.03264 -0.12182 0.01930)
(0.04291 -0.13402 0.03868)
(0.05200 -0.14411 0.06054)
(0.05970 -0.15059 0.07751)
(0.05569 -0.14585 0.07404)
(0.06236 -0.14953 0.09324)
(0.06149 -0.14155 0.10813)
(0.06817 -0.14064 0.11800)
(0.06434 -0.13009 0.11711)
(0.06643 -0.11813 0.12038)
(0.06610 -0.09371 0.10936)
(0.06302 -0.10327 0.10866)
(0.06370 -0.08625 0.10087)
(0.05616 -0.07330 0.08642)
(0.00716 -0.00783 0.00889)
(-0.00627 0.00673 -0.00743)
(0.04363 -0.05774 0.06579)
(-0.07294 0.05691 -0.09145)
(-0.07838 0.05991 -0.09506)
(-0.08144 0.06201 -0.09915)
(-0.10027 0.06988 -0.12161)
(-0.11292 0.07602 -0.14519)
(-0.11697 0.07491 -0.15180)
(-0.11801 0.07587 -0.15187)
(-0.12253 0.07768 -0.17074)
(-0.12591 0.07920 -0.18854)
(-0.12616 0.07965 -0.20243)
(-0.12800 0.08118 -0.21272)
(-0.12678 0.08074 -0.21157)
(-0.12010 0.07384 -0.19649)
(-0.10875 0.06199 -0.17508)
(-0.10643 0.05891 -0.16970)
(-0.08732 0.03512 -0.15086)
(-0.07501 0.01503 -0.12855)
(-0.06000 0.00124 -0.12235)
(-0.05260 -0.01609 -0.09537)
(-0.05692 0.00203 -0.12169)
(-0.02950 -0.03977 -0.07018)
(-0.02557 -0.04358 -0.06611)
(-0.02053 -0.05057 -0.05875)
(0.00462 -0.08447 -0.02235)
(0.01553 -0.10656 0.00131)
(0.01322 -0.10132 -0.00358)
(0.02553 -0.11308 0.00658)
(0.04060 -0.13336 0.03606)
(0.03808 -0.12551 0.02635)
(0.04976 -0.14030 0.04779)
(0.05470 -0.14089 0.05721)
(0.05683 -0.14677 0.07456)
(0.06122 -0.13566 0.09726)
(0.06402 -0.13455 0.11552)
(0.06440 -0.13004 0.11504)
(0.06483 -0.12582 0.11592)
(0.06328 -0.10029 0.09822)
(0.06324 -0.09469 0.09660)
(0.06152 -0.08699 0.09186)
(0.03596 -0.04431 0.04857)
(0.00451 -0.00527 0.00579)
(0.02130 -0.02463 0.02542)
(0.00410 -0.00463 0.00477)
(-0.02110 0.02551 -0.07024)
(-0.02505 0.02823 -0.07127)
(-0.03970 0.03701 -0.07847)
(-0.07147 0.05643 -0.09133)
(-0.07612 0.05901 -0.09477)
(-0.07390 0.05811 -0.09411)
(-0.07929 0.06112 -0.09875)
(-0.09720 0.07061 -0.12938)
(-0.08905 0.06599 -0.11183)
(-0.10171 0.07112 -0.13885)
(-0.11118 0.07502 -0.15347)
(-0.12257 0.07815 -0.18047)
(-0.12250 0.07890 -0.18956)
(-0.12266 0.08001 -0.20264)
(-0.12939 0.08177 -0.21291)
(-0.12854 0.08150 -0.21169)
(-0.12908 0.08183 -0.21057)
(-0.12732 0.07902 -0.20241)
(-0.11106 0.06422 -0.17795)
(-0.10865 0.06119 -0.17285)
(-0.09455 0.04600 -0.16420)
(-0.07546 0.02196 -0.13982)
(-0.06179 0.00863 -0.12968)
(-0.05772 0.00432 -0.12568)
(-0.03982 -0.02497 -0.08330)
(-0.02699 -0.03952 -0.06984)
(-0.02194 -0.04660 -0.06225)
(-0.02345 -0.04266 -0.06594)
(-0.00223 -0.06698 -0.04092)
(0.00855 -0.07367 -0.04145)
(0.02630 -0.10309 -0.01172)
(0.03277 -0.10635 -0.00771)
(0.05294 -0.13751 0.04731)
(0.05453 -0.13948 0.05405)
(0.05603 -0.14244 0.06339)
(0.06026 -0.13536 0.08296)
(0.06404 -0.13408 0.11366)
(0.06444 -0.12994 0.11327)
(0.06491 -0.12583 0.11420)
(0.06354 -0.11766 0.10842)
(0.06193 -0.09783 0.09441)
(0.05825 -0.07765 0.07837)
(0.01893 -0.02241 0.02138)
(-0.00407 0.00460 -0.00436)
(0.00140 -0.00162 0.00154)
(0.03066 0.00790 -0.01194)
(0.02512 0.00696 -0.02635)
(0.02382 0.00440 -0.02969)
(0.01879 0.00470 -0.04385)
(0.01443 0.00567 -0.05034)
(0.01036 0.00978 -0.05247)
(-0.00621 0.01655 -0.06047)
(-0.01695 0.02259 -0.06892)
(-0.01580 0.02215 -0.06965)
(-0.01981 0.02494 -0.07079)
(-0.02403 0.02783 -0.07177)
(-0.03676 0.03695 -0.08091)
(-0.05964 0.05075 -0.09045)
(-0.06688 0.05212 -0.09432)
(-0.08247 0.06314 -0.10977)
(-0.09861 0.07074 -0.13577)
(-0.11303 0.07636 -0.15173)
(-0.11989 0.07833 -0.18107)
(-0.12236 0.07880 -0.18653)
(-0.12389 0.07989 -0.19707)
(-0.12863 0.08129 -0.20345)
(-0.13013 0.08217 -0.21192)
(-0.13062 0.08249 -0.21068)
(-0.12935 0.07792 -0.20315)
(-0.11714 0.06828 -0.18923)
(-0.10606 0.05733 -0.18055)
(-0.09600 0.04666 -0.17316)
(-0.08501 0.03239 -0.15154)
(-0.06329 0.01127 -0.13386)
(-0.05854 0.00647 -0.13013)
(-0.04732 -0.00977 -0.10937)
(-0.03159 -0.02619 -0.08796)
(-0.02740 -0.02951 -0.08229)
(-0.01225 -0.04930 -0.06186)
(0.00384 -0.05981 -0.05175)
(0.01494 -0.07296 -0.04579)
(0.02167 -0.08577 -0.03197)
(0.03165 -0.09441 -0.02565)
(0.03883 -0.11028 -0.00143)
(0.04654 -0.12740 0.03025)
(0.05369 -0.13725 0.04748)
(0.05519 -0.13894 0.05450)
(0.05595 -0.14103 0.06090)
(0.05934 -0.13915 0.07430)
(0.06407 -0.13600 0.10780)
(0.05741 -0.12994 0.09485)
(0.06214 -0.12669 0.10303)
(0.05638 -0.10828 0.10083)
(0.06225 -0.10147 0.09409)
(0.06179 -0.09271 0.08898)
(0.05885 -0.08474 0.08147)
(0.04553 -0.05874 0.05618)
(0.01038 -0.01237 0.01181)
(0.00211 0.00057 -0.00014)
(0.00522 0.00137 -0.00097)
(0.02868 0.00853 -0.01354)
(0.02538 0.00792 -0.02865)
(0.01785 0.00926 -0.03993)
(0.01775 0.00696 -0.04548)
(0.00861 0.00751 -0.05588)
(0.00160 0.00984 -0.06245)
(-0.00460 0.01404 -0.06718)
(-0.00533 0.01436 -0.06674)
(-0.02028 0.02318 -0.07492)
(-0.03576 0.02937 -0.08175)
(-0.03837 0.03344 -0.08055)
(-0.05261 0.04363 -0.08599)
(-0.05861 0.04879 -0.08934)
(-0.08771 0.06183 -0.10624)
(-0.09310 0.06434 -0.11122)
(-0.10098 0.07241 -0.12931)
(-0.11605 0.07883 -0.14574)
(-0.12175 0.07920 -0.16890)
(-0.13586 0.08784 -0.16934)
(-0.13521 0.08664 -0.19411)
(-0.14003 0.08987 -0.19549)
(-0.13850 0.08759 -0.20812)
(-0.14319 0.08932 -0.20476)
(-0.13934 0.08447 -0.20380)
(-0.13055 0.07880 -0.19824)
(-0.11937 0.06741 -0.19130)
(-0.11053 0.05482 -0.18386)
(-0.09103 0.03715 -0.16783)
(-0.08109 0.02755 -0.16250)
(-0.07117 0.01767 -0.15344)
(-0.04964 -0.00043 -0.12725)
(-0.03863 -0.00714 -0.11246)
(-0.02956 -0.01785 -0.10280)
(-0.01013 -0.03959 -0.07660)
(0.00285 -0.05410 -0.05935)
(0.00849 -0.06315 -0.05171)
(0.02580 -0.08322 -0.03716)
(0.03192 -0.09751 -0.01540)
(0.03901 -0.11011 0.00715)
(0.04862 -0.12718 0.03718)
(0.05359 -0.13245 0.07302)
(0.04580 -0.12394 0.05624)
(0.05851 -0.13625 0.08914)
(0.04924 -0.11950 0.08805)
(0.05146 -0.11441 0.10078)
(0.05017 -0.10475 0.09936)
(0.05570 -0.09614 0.09434)
(0.05197 -0.08624 0.08224)
(0.03202 -0.05588 0.05989)
(0.01600 -0.02785 0.02994)
(0.00602 -0.01042 0.01122)
(0.00156 0.00056 -0.00041)
(0.02036 0.00961 -0.01905)
(0.01983 0.01023 -0.03660)
(0.01065 0.01247 -0.04846)
(0.00966 0.01225 -0.05005)
(0.00773 0.01193 -0.05294)
(0.00501 0.00825 -0.06342)
(0.00310 0.01244 -0.05924)
(-0.00418 0.01350 -0.06947)
(-0.01137 0.01711 -0.07724)
(-0.02802 0.02104 -0.08074)
(-0.03634 0.02854 -0.08300)
(-0.04730 0.03544 -0.08528)
(-0.05363 0.04407 -0.08724)
(-0.06857 0.05078 -0.09318)
(-0.08311 0.05835 -0.10304)
(-0.10739 0.06722 -0.11593)
(-0.11430 0.07538 -0.12661)
(-0.12402 0.08128 -0.15352)
(-0.14857 0.09596 -0.16400)
(-0.14762 0.09553 -0.18020)
(-0.14951 0.09602 -0.18501)
(-0.14681 0.09177 -0.19948)
(-0.15466 0.09721 -0.18991)
(-0.14687 0.09019 -0.20452)
(-0.14165 0.08522 -0.20268)
(-0.13103 0.07826 -0.19894)
(-0.12366 0.06900 -0.19608)
(-0.11345 0.05349 -0.19071)
(-0.10268 0.04636 -0.18057)
(-0.10860 0.04850 -0.18899)
(-0.08172 0.02815 -0.16731)
(-0.06925 0.01708 -0.16491)
(-0.06470 0.01161 -0.15513)
(-0.05502 0.00596 -0.14350)
(-0.04367 -0.00165 -0.12636)
(-0.03189 -0.00935 -0.11202)
(-0.01663 -0.02123 -0.10348)
(-0.01407 -0.03268 -0.08882)
(-0.00425 -0.04059 -0.08119)
(0.00615 -0.04954 -0.06896)
(0.01929 -0.07233 -0.04510)
(0.01534 -0.06538 -0.05481)
(0.02233 -0.07836 -0.03594)
(0.02558 -0.08582 -0.02418)
(0.03895 -0.11088 0.01832)
(0.04420 -0.11897 0.04691)
(0.05053 -0.12612 0.07895)
(0.04463 -0.11926 0.06079)
(0.04654 -0.12187 0.08732)
(0.03246 -0.10067 0.09144)
(0.04453 -0.10580 0.09298)
(0.03226 -0.09507 0.09161)
(0.04511 -0.09109 0.08828)
(0.04288 -0.08360 0.08173)
(0.03097 -0.09346 0.09114)
(0.03329 -0.06541 0.06439)
(0.00534 -0.01303 0.01444)
(0.00043 0.00019 -0.00021)
(0.01349 0.00782 -0.02220)
(0.00634 0.01062 -0.03867)
(0.00691 0.01320 -0.05357)
(0.00462 0.01268 -0.05679)
(0.00260 0.01385 -0.05769)
(0.00083 0.01353 -0.06024)
(-0.01214 0.01715 -0.07567)
(-0.02679 0.02441 -0.08421)
(-0.04558 0.03004 -0.08626)
(-0.04735 0.03721 -0.08770)
(-0.06784 0.04701 -0.09421)
(-0.07686 0.04872 -0.09912)
(-0.09019 0.05837 -0.10570)
(-0.11902 0.07270 -0.11727)
(-0.12144 0.07533 -0.12129)
(-0.12693 0.07809 -0.12405)
(-0.12537 0.08224 -0.14681)
(-0.15209 0.09787 -0.16076)
(-0.15225 0.09806 -0.16690)
(-0.15467 0.09840 -0.17194)
(-0.15791 0.09755 -0.18101)
(-0.15425 0.09332 -0.19043)
(-0.14706 0.08334 -0.19524)
(-0.14082 0.08116 -0.19938)
(-0.13711 0.07587 -0.19318)
(-0.11548 0.05378 -0.19238)
(-0.11171 0.04995 -0.19136)
(-0.10386 0.04444 -0.18824)
(-0.07999 0.02575 -0.17614)
(-0.06519 0.01617 -0.16051)
(-0.05088 0.00549 -0.14351)
(-0.03897 -0.00335 -0.12900)
(-0.01730 -0.01680 -0.11645)
(-0.00785 -0.02692 -0.09839)
(-0.00438 -0.03054 -0.09538)
(0.00915 -0.05089 -0.07214)
(0.02018 -0.07370 -0.04118)
(0.02166 -0.07736 -0.03521)
(0.03737 -0.10345 0.00774)
(0.03335 -0.09433 -0.00814)
(0.03898 -0.11160 0.03251)
(0.03787 -0.10927 0.04632)
(0.04413 -0.11688 0.07037)
(0.03704 -0.10954 0.05353)
(0.03167 -0.10168 0.08302)
(0.02723 -0.09611 0.09076)
(0.02790 -0.09380 0.09088)
(0.03502 -0.08359 0.08035)
(0.02561 -0.05851 0.05846)
(0.02356 -0.08561 0.08487)
(0.00639 -0.01817 0.01923)
(0.00124 -0.00364 0.00386)
(-0.00055 -0.00035 0.00020)
(0.00432 0.00541 -0.01735)
(0.00232 0.01046 -0.02463)
(0.00377 0.01473 -0.05521)
(-0.00170 0.01515 -0.05994)
(-0.02432 0.02341 -0.07930)
(-0.03442 0.02672 -0.08304)
(-0.04788 0.02992 -0.08643)
(-0.07489 0.04602 -0.09864)
(-0.08189 0.04825 -0.10007)
(-0.08410 0.04991 -0.10000)
(-0.09539 0.05659 -0.10561)
(-0.12438 0.07350 -0.11763)
(-0.12552 0.07600 -0.12025)
(-0.13149 0.07952 -0.12269)
(-0.14903 0.09387 -0.14335)
(-0.15578 0.10036 -0.16239)
(-0.16167 0.10043 -0.16128)
(-0.16970 0.10350 -0.16611)
(-0.16006 0.09782 -0.18130)
(-0.16092 0.09339 -0.18221)
(-0.14716 0.08102 -0.19307)
(-0.14484 0.07806 -0.19352)
(-0.12990 0.06334 -0.19228)
(-0.11506 0.05121 -0.19225)
(-0.10783 0.04665 -0.19050)
(-0.08675 0.03073 -0.18103)
(-0.07660 0.02595 -0.17236)
(-0.05495 0.01227 -0.14885)
(-0.06109 0.01751 -0.16036)
(-0.04273 0.00849 -0.14572)
(-0.03300 -0.00303 -0.13026)
(-0.01187 -0.02069 -0.10692)
(-0.00980 -0.02368 -0.10315)
(-0.00646 -0.02718 -0.09950)
(-0.00393 -0.03013 -0.09608)
(0.00777 -0.04786 -0.06885)
(0.01807 -0.06957 -0.04546)
(0.01868 -0.07213 -0.03975)
(0.02746 -0.08409 -0.02428)
(0.03141 -0.09543 0.00625)
(0.02796 -0.09084 0.00346)
(0.03548 -0.10606 0.04154)
(0.03500 -0.10683 0.04890)
(0.03489 -0.10446 0.06547)
(0.03409 -0.10721 0.05469)
(0.02524 -0.09631 0.09024)
(0.02524 -0.09410 0.09053)
(0.02342 -0.09480 0.08995)
(0.01821 -0.07851 0.07793)
(0.01085 -0.04540 0.04535)
(0.00154 -0.00787 0.00825)
(-0.00065 0.00461 -0.00485)
(-0.00122 -0.00181 0.00216)
(-0.00021 0.00082 -0.00119)
(-0.00239 0.00946 -0.01857)
(-0.00745 0.02041 -0.05800)
(-0.02749 0.02425 -0.07134)
(-0.02414 0.02423 -0.07489)
(-0.05044 0.02845 -0.08864)
(-0.04594 0.02872 -0.08953)
(-0.06677 0.03754 -0.09323)
(-0.07881 0.04610 -0.10002)
(-0.08567 0.04868 -0.10113)
(-0.08896 0.05069 -0.10147)
(-0.10601 0.05753 -0.10466)
(-0.11041 0.06018 -0.10639)
(-0.12762 0.06826 -0.10997)
(-0.13043 0.07699 -0.11974)
(-0.13628 0.08091 -0.12175)
(-0.14614 0.08728 -0.12882)
(-0.16375 0.10241 -0.13426)
(-0.16800 0.10668 -0.15022)
(-0.18535 0.11432 -0.14307)
(-0.17185 0.10606 -0.15469)
(-0.16908 0.10108 -0.16312)
(-0.16780 0.09986 -0.17021)
(-0.17058 0.09856 -0.17203)
(-0.14959 0.08198 -0.19013)
(-0.14677 0.07825 -0.19115)
(-0.13981 0.07056 -0.19006)
(-0.12234 0.05117 -0.18764)
(-0.11177 0.04859 -0.19161)
(-0.11549 0.04497 -0.18840)
(-0.10170 0.04085 -0.18476)
(-0.08735 0.03295 -0.18380)
(-0.07599 0.02628 -0.16822)
(-0.04588 0.01096 -0.14891)
(-0.04202 0.00878 -0.14489)
(-0.03096 -0.00236 -0.12513)
(-0.01175 -0.01658 -0.10996)
(-0.00897 -0.02370 -0.10265)
(-0.00635 -0.02700 -0.09794)
(0.00142 -0.03715 -0.07836)
(0.00916 -0.05546 -0.05528)
(0.01902 -0.07238 -0.03663)
(0.02427 -0.08123 -0.01872)
(0.02773 -0.09491 0.02461)
(0.02062 -0.08435 0.00941)
(0.03367 -0.10479 0.04414)
(0.03333 -0.10602 0.05082)
(0.01693 -0.09858 0.07179)
(0.02016 -0.09512 0.07538)
(0.01687 -0.09557 0.08269)
(0.02015 -0.09242 0.08972)
(0.00370 -0.03080 0.03293)
(-0.00075 -0.03191 0.03489)
(0.00002 -0.00064 0.00069)
(0.00095 -0.00368 0.00524)
(-0.01253 0.01861 -0.03335)
(-0.02122 0.02391 -0.05960)
(0.00203 -0.00387 0.00500)
(-0.00249 0.00511 -0.00711)
(-0.03265 0.02706 -0.06918)
(-0.03877 0.02430 -0.07709)
(-0.04447 0.02404 -0.08376)
(-0.06442 0.03093 -0.08565)
(-0.06557 0.03358 -0.09298)
(-0.07649 0.03818 -0.09788)
(-0.08282 0.04158 -0.10144)
(-0.08979 0.04247 -0.09943)
(-0.09514 0.04546 -0.10274)
(-0.09290 0.05165 -0.10229)
(-0.13798 0.06295 -0.11237)
(-0.14440 0.07485 -0.11294)
(-0.14820 0.07994 -0.11785)
(-0.16993 0.08847 -0.11621)
(-0.17517 0.09724 -0.12428)
(-0.17931 0.10187 -0.12664)
(-0.18255 0.11205 -0.13212)
(-0.19025 0.11718 -0.13718)
(-0.18273 0.10927 -0.14706)
(-0.18796 0.10952 -0.15375)
(-0.17173 0.10230 -0.16442)
(-0.17034 0.09509 -0.16783)
(-0.15694 0.08655 -0.18406)
(-0.14930 0.07737 -0.18535)
(-0.14365 0.07146 -0.18623)
(-0.13302 0.05724 -0.18334)
(-0.12827 0.05140 -0.18491)
(-0.10801 0.04183 -0.18357)
(-0.09356 0.03317 -0.18128)
(-0.07863 0.02650 -0.16563)
(-0.06612 0.02147 -0.15865)
(-0.06077 0.01914 -0.15685)
(-0.04690 0.01245 -0.14818)
(-0.03747 0.00527 -0.12964)
(-0.02525 -0.00369 -0.11743)
(-0.01062 -0.01532 -0.10209)
(-0.00662 -0.02128 -0.10551)
(0.00001 -0.03141 -0.08927)
(-0.00161 -0.03701 -0.06642)
(0.00738 -0.04834 -0.05764)
(0.01704 -0.06348 -0.04545)
(0.01707 -0.07301 -0.02408)
(0.01682 -0.06598 -0.03224)
(0.02116 -0.08433 0.00306)
(0.02823 -0.09738 0.03298)
(0.02319 -0.08959 0.01297)
(0.02311 -0.09646 0.03512)
(0.03336 -0.10536 0.04605)
(0.02592 -0.10288 0.06217)
(0.01550 -0.10050 0.07478)
(0.01189 -0.09828 0.08133)
(0.01176 -0.09448 0.08206)
(-0.00084 -0.03664 0.03907)
(0.00020 0.00266 -0.00299)
(-0.00022 -0.00395 0.00432)
(-0.00224 0.00231 -0.00427)
(-0.01936 0.01671 -0.03769)
(-0.04290 0.02302 -0.05217)
(-0.06620 0.03344 -0.07975)
(-0.07388 0.03409 -0.08442)
(-0.08529 0.04106 -0.09627)
(-0.10411 0.04247 -0.09891)
(-0.12495 0.05516 -0.10889)
(-0.14670 0.05771 -0.11474)
(-0.16157 0.07704 -0.11596)
(-0.17310 0.08413 -0.11734)
(-0.17958 0.09632 -0.11944)
(-0.20594 0.11069 -0.12313)
(-0.19865 0.11440 -0.13084)
(-0.21053 0.11965 -0.13227)
(-0.19215 0.11047 -0.14127)
(-0.19783 0.11104 -0.14586)
(-0.19375 0.10841 -0.14867)
(-0.19117 0.10455 -0.14981)
(-0.16763 0.09086 -0.16905)
(-0.17627 0.09106 -0.15492)
(-0.15926 0.08079 -0.17309)
(-0.14287 0.06566 -0.17620)
(-0.13875 0.06068 -0.17667)
(-0.12823 0.04915 -0.17560)
(-0.11986 0.04470 -0.16951)
(-0.11542 0.04628 -0.18046)
(-0.09793 0.03399 -0.16949)
(-0.09001 0.03009 -0.16703)
(-0.07967 0.02473 -0.15539)
(-0.06197 0.01858 -0.14663)
(-0.05753 0.01766 -0.14831)
(-0.04386 0.00986 -0.13636)
(-0.03487 0.00173 -0.12213)
(-0.02241 -0.00440 -0.10987)
(-0.00631 -0.02364 -0.09167)
(-0.00178 -0.02802 -0.09229)
(0.00231 -0.03761 -0.07149)
(0.00666 -0.04540 -0.06161)
(0.01525 -0.06161 -0.03681)
(0.01766 -0.07173 -0.01940)
(0.01889 -0.07585 -0.01420)
(0.02332 -0.08930 0.01019)
(0.02579 -0.09558 0.02313)
(0.01490 -0.09309 0.04586)
(0.01210 -0.09729 0.07136)
(0.01304 -0.09862 0.06393)
(0.01330 -0.10112 0.07812)
(0.01194 -0.10048 0.07899)
(0.00404 -0.07108 0.06152)
(-0.00146 -0.02963 0.02946)
(0.00029 0.00189 -0.00199)
(0.00062 0.00902 -0.00997)
(-0.00482 0.00272 -0.00595)
(-0.02190 0.01212 -0.02687)
(-0.03185 0.01634 -0.03726)
(-0.06996 0.03420 -0.08056)
(-0.07860 0.03546 -0.08501)
(-0.09629 0.04160 -0.09370)
(-0.07690 0.03537 -0.08368)
(-0.12255 0.05143 -0.10248)
(-0.13016 0.05270 -0.10721)
(-0.14482 0.05603 -0.11402)
(-0.14933 0.06079 -0.11233)
(-0.15156 0.05985 -0.11516)
(-0.16808 0.07430 -0.11584)
(-0.19063 0.08969 -0.11721)
(-0.19927 0.10304 -0.11969)
(-0.22021 0.11683 -0.12369)
(-0.21879 0.11805 -0.12512)
(-0.22097 0.11892 -0.12570)
(-0.20772 0.11514 -0.13513)
(-0.20082 0.11040 -0.14490)
(-0.19638 0.10801 -0.14692)
(-0.19418 0.10466 -0.14786)
(-0.18979 0.10056 -0.14962)
(-0.16142 0.07811 -0.16357)
(-0.15616 0.07355 -0.16788)
(-0.13997 0.05597 -0.16253)
(-0.13326 0.04765 -0.16255)
(-0.12461 0.04404 -0.16607)
(-0.10331 0.03261 -0.16055)
(-0.09936 0.03075 -0.15818)
(-0.09546 0.02891 -0.15538)
(-0.06444 0.01618 -0.14256)
(-0.05800 0.01614 -0.14264)
(-0.04198 0.00554 -0.12818)
(-0.02366 -0.00786 -0.10493)
(-0.01336 -0.01467 -0.09404)
(0.00296 -0.03507 -0.07055)
(0.00314 -0.03604 -0.07465)
(0.00579 -0.03922 -0.06638)
(0.00622 -0.04312 -0.05861)
(0.01093 -0.05500 -0.03996)
(0.01817 -0.07059 -0.02253)
(0.01980 -0.07520 -0.01674)
(0.01981 -0.07677 -0.01341)
(0.02161 -0.08006 -0.01111)
(0.02206 -0.08871 0.00373)
(0.02134 -0.10046 0.03320)
(0.02392 -0.11508 0.04290)
(0.01331 -0.10054 0.05401)
(0.00912 -0.09699 0.06475)
(0.00452 -0.09700 0.07360)
(0.00451 -0.07734 0.05852)
(-0.00082 -0.05054 0.04537)
(-0.00067 -0.00858 0.00784)
(0.00091 0.00506 -0.00518)
(-0.00826 0.00436 -0.00978)
(-0.00787 0.00395 -0.00892)
(-0.05045 0.02424 -0.05589)
(-0.08257 0.03704 -0.08510)
(-0.12104 0.05077 -0.10162)
(-0.13651 0.06313 -0.10107)
(-0.13735 0.06383 -0.10163)
(-0.16845 0.07544 -0.10993)
(-0.18773 0.08898 -0.11148)
(-0.19980 0.10096 -0.10940)
(-0.20882 0.10720 -0.11917)
(-0.22004 0.11350 -0.12195)
(-0.22314 0.11845 -0.12415)
(-0.22478 0.11881 -0.12446)
(-0.22241 0.11859 -0.12601)
(-0.21607 0.11089 -0.13179)
(-0.19976 0.10758 -0.14526)
(-0.19798 0.10452 -0.14575)
(-0.18646 0.09031 -0.14473)
(-0.16393 0.07318 -0.15241)
(-0.15257 0.06548 -0.15734)
(-0.13280 0.04194 -0.15074)
(-0.12986 0.03973 -0.15072)
(-0.12721 0.03757 -0.15000)
(-0.10390 0.03154 -0.15789)
(-0.10990 0.03144 -0.15079)
(-0.10025 0.02951 -0.15560)
(-0.09627 0.02756 -0.15318)
(-0.07125 0.01501 -0.13705)
(-0.06053 0.00644 -0.12562)
(-0.05265 0.00297 -0.12537)
(-0.05405 0.01393 -0.13928)
(-0.02880 -0.00547 -0.11176)
(-0.02753 -0.01274 -0.10054)
(-0.02038 -0.01090 -0.10185)
(0.00322 -0.03435 -0.07175)
(0.00581 -0.03837 -0.06743)
(0.00834 -0.04230 -0.06353)
(0.01227 -0.05228 -0.05265)
(0.01892 -0.06982 -0.02462)
(0.02009 -0.07380 -0.01985)
(0.02036 -0.07146 -0.02335)
(0.02128 -0.07818 -0.01424)
(0.02439 -0.10141 0.02178)
(0.02655 -0.09871 0.00510)
(0.02535 -0.11185 0.02994)
(0.02060 -0.11478 0.04880)
(0.02508 -0.11598 0.03822)
(0.02100 -0.12456 0.06305)
(0.01764 -0.11731 0.06502)
(-0.00022 -0.03558 0.02894)
(0.00534 -0.04098 0.02394)
(-0.00013 -0.00596 0.00496)
(-0.04453 0.02058 -0.04664)
(-0.01120 0.00535 -0.01199)
(-0.05890 0.02843 -0.04613)
(-0.12911 0.05677 -0.09964)
(-0.15414 0.07215 -0.10303)
(-0.15507 0.07218 -0.10429)
(-0.17989 0.08513 -0.10739)
(-0.19436 0.09742 -0.10802)
(-0.20063 0.10144 -0.10836)
(-0.21247 0.10824 -0.11453)
(-0.22470 0.11427 -0.11586)
(-0.22801 0.11902 -0.12267)
(-0.23040 0.11930 -0.12551)
(-0.20548 0.09990 -0.13338)
(-0.20596 0.09159 -0.13266)
(-0.18613 0.08106 -0.13503)
(-0.16760 0.07402 -0.14718)
(-0.16022 0.06560 -0.14961)
(-0.13830 0.04506 -0.14859)
(-0.13061 0.03892 -0.14736)
(-0.12744 0.03630 -0.14659)
(-0.11529 0.02962 -0.14513)
(-0.10118 0.02808 -0.15265)
(-0.10325 0.01893 -0.13622)
(-0.09842 0.01838 -0.13792)
(-0.09732 0.02616 -0.15073)
(-0.08230 0.01328 -0.13530)
(-0.06592 0.00420 -0.12595)
(-0.05262 -0.00444 -0.11353)
(-0.03716 -0.01184 -0.10337)
(-0.02006 -0.02014 -0.09009)
(-0.01965 -0.01534 -0.09541)
(-0.01183 -0.02056 -0.08397)
(-0.00275 -0.02855 -0.07752)
(0.00569 -0.03746 -0.06854)
(0.00782 -0.04092 -0.06473)
(0.00992 -0.04451 -0.06112)
(0.01057 -0.04572 -0.06034)
(0.01801 -0.06139 -0.04430)
(0.02424 -0.08198 -0.01941)
(0.02154 -0.07665 -0.01751)
(0.02826 -0.09317 -0.00799)
(0.02716 -0.10442 0.00679)
(0.02624 -0.11261 0.02418)
(0.02912 -0.11814 0.03217)
(0.02282 -0.12235 0.05243)
(0.01619 -0.10303 0.05409)
(0.01671 -0.09203 0.04256)
(0.01211 -0.07993 0.04270)
(0.00305 -0.02200 0.01221)
(0.00090 -0.00736 0.00438)
(-0.00075 0.00041 -0.00061)
(-0.02042 0.01088 -0.01642)
(-0.00526 0.00266 -0.00369)
(-0.10199 0.04571 -0.06984)
(-0.17664 0.08524 -0.10552)
(-0.09104 0.04884 -0.05437)
(-0.16419 0.07939 -0.10124)
(-0.18889 0.10008 -0.10155)
(-0.19768 0.09991 -0.10714)
(-0.22352 0.11276 -0.10946)
(-0.21603 0.10797 -0.11064)
(-0.22909 0.11366 -0.11061)
(-0.23397 0.11967 -0.11426)
(-0.24508 0.12191 -0.11565)
(-0.23554 0.11323 -0.12116)
(-0.22646 0.10282 -0.11916)
(-0.21851 0.09308 -0.12565)
(-0.21853 0.09136 -0.12560)
(-0.19354 0.07337 -0.12649)
(-0.16854 0.06419 -0.13565)
(-0.17603 0.06037 -0.12815)
(-0.15988 0.05815 -0.14017)
(-0.14998 0.04800 -0.13934)
(-0.13621 0.03558 -0.13764)
(-0.12548 0.03008 -0.13820)
(-0.12062 0.02683 -0.13324)
(-0.10621 0.00938 -0.12272)
(-0.09976 0.00375 -0.11994)
(-0.08313 -0.00314 -0.11288)
(-0.07908 0.00008 -0.11786)
(-0.06337 -0.00132 -0.11561)
(-0.07768 -0.00511 -0.11129)
(-0.05812 -0.00342 -0.11314)
(-0.04634 -0.01083 -0.10275)
(-0.02588 -0.01692 -0.08724)
(-0.01638 -0.02129 -0.08445)
(-0.00050 -0.03559 -0.06458)
(0.00212 -0.03820 -0.06082)
(0.01278 -0.04829 -0.05290)
(0.02239 -0.06190 -0.03739)
(0.02249 -0.07268 -0.03209)
(0.02800 -0.08323 -0.02085)
(0.03183 -0.08828 -0.01982)
(0.03022 -0.09063 -0.00978)
(0.03219 -0.10656 0.01136)
(0.03336 -0.11701 0.02205)
(0.02968 -0.12168 0.03147)
(0.02652 -0.12075 0.04321)
(0.02154 -0.09612 0.03554)
(0.01953 -0.08862 0.03390)
(0.00524 -0.02727 0.01238)
(0.00331 -0.01925 0.01007)
(0.02545 -0.01513 0.01611)
(-0.00285 0.00161 -0.00177)
(-0.14321 0.07617 -0.07554)
(0.00201 -0.00118 0.00110)
(-0.04543 0.02646 -0.02492)
(-0.19362 0.10418 -0.09172)
(-0.21685 0.11487 -0.10265)
(-0.22790 0.11907 -0.10392)
(-0.21903 0.11712 -0.10108)
(-0.22140 0.11727 -0.10200)
(-0.23677 0.11696 -0.10818)
(-0.23827 0.11559 -0.11052)
(-0.23452 0.10982 -0.11452)
(-0.22478 0.09713 -0.11398)
(-0.21461 0.09148 -0.11988)
(-0.20478 0.08216 -0.11524)
(-0.18621 0.05927 -0.11441)
(-0.16651 0.04137 -0.11155)
(-0.16291 0.04558 -0.12396)
(-0.16053 0.03715 -0.11107)
(-0.14669 0.03865 -0.12726)
(-0.13652 0.03058 -0.12592)
(-0.12835 0.02084 -0.12120)
(-0.11971 0.01893 -0.12028)
(-0.10860 0.00737 -0.11412)
(-0.10185 0.00307 -0.11345)
(-0.08726 -0.00901 -0.10322)
(-0.07746 -0.01606 -0.09627)
(-0.06113 -0.03203 -0.07654)
(-0.05968 -0.01081 -0.10586)
(-0.04817 -0.01575 -0.09429)
(-0.05219 -0.03126 -0.07784)
(-0.03596 -0.03148 -0.07275)
(-0.02791 -0.02603 -0.07588)
(-0.01791 -0.03328 -0.06370)
(-0.01691 -0.03926 -0.05609)
(-0.01227 -0.04091 -0.05289)
(-0.00441 -0.04339 -0.05274)
(0.00153 -0.03890 -0.05944)
(0.00415 -0.04645 -0.05075)
(0.01523 -0.05321 -0.03981)
(0.02096 -0.05835 -0.03633)
(0.02119 -0.06201 -0.02738)
(0.02587 -0.07927 -0.01984)
(0.03163 -0.08919 -0.01152)
(0.03193 -0.09030 -0.01587)
(0.03412 -0.11041 0.01278)
(0.03455 -0.11114 0.01231)
(0.03115 -0.11831 0.03807)
(0.02658 -0.10397 0.03773)
(0.01575 -0.06470 0.02536)
(0.00817 -0.03594 0.01435)
(0.00264 -0.01431 0.00634)
(-0.00062 0.00353 -0.00179)
(-0.00225 0.01364 -0.00653)
(-0.00173 0.00984 -0.00501)
(0.02399 -0.01424 0.01316)
(-0.01169 0.00645 -0.00551)
(-0.10500 0.05721 -0.04968)
(0.03111 -0.01793 0.01519)
(-0.06946 0.03818 -0.03206)
(-0.17690 0.09571 -0.08173)
(-0.22386 0.11528 -0.10045)
(-0.16501 0.08892 -0.07489)
(-0.20959 0.11219 -0.09499)
(-0.22400 0.10942 -0.10112)
(-0.22710 0.10489 -0.10500)
(-0.20526 0.08154 -0.10062)
(-0.20927 0.08219 -0.10795)
(-0.19390 0.06956 -0.09906)
(-0.19039 0.06431 -0.10887)
(-0.16463 0.03780 -0.10824)
(-0.15986 0.03437 -0.10744)
(-0.15544 0.03096 -0.10679)
(-0.15573 0.03353 -0.11046)
(-0.14275 0.03040 -0.11758)
(-0.12919 0.01793 -0.11300)
(-0.12722 0.01979 -0.11636)
(-0.11547 0.00652 -0.10867)
(-0.10210 -0.00904 -0.09655)
(-0.09341 -0.01657 -0.09131)
(-0.07384 -0.03353 -0.07645)
(-0.06440 -0.04088 -0.06537)
(-0.06011 -0.04224 -0.06343)
(-0.05178 -0.04114 -0.06489)
(-0.01836 -0.04118 -0.05317)
(-0.01457 -0.04269 -0.05047)
(-0.01275 -0.04562 -0.04546)
(-0.00961 -0.04501 -0.04584)
(-0.00060 -0.04936 -0.04042)
(0.01308 -0.06473 -0.02376)
(0.01612 -0.07536 -0.01215)
(0.02259 -0.07538 -0.01235)
(0.02521 -0.07875 -0.01521)
(0.02888 -0.09774 0.00541)
(0.03123 -0.10015 0.00768)
(0.03195 -0.10409 0.01115)
(0.03450 -0.10493 0.01125)
(0.02811 -0.08796 0.02047)
(0.01456 -0.05618 0.02112)
(0.00701 -0.02831 0.01123)
(-0.00022 0.00095 -0.00039)
(-0.00272 0.01120 -0.00462)
(-0.00340 0.01443 -0.00604)
(0.00059 -0.00033 0.00027)
(0.00723 -0.00414 0.00328)
(-0.04553 0.02499 -0.02066)
(-0.16689 0.08727 -0.07234)
(-0.06565 0.03635 -0.02796)
(-0.20954 0.10175 -0.09450)
(-0.22162 0.10340 -0.10216)
(-0.19970 0.07767 -0.09679)
(-0.20087 0.08725 -0.09355)
(-0.19418 0.07255 -0.09608)
(-0.19279 0.07026 -0.09666)
(-0.18639 0.06313 -0.09563)
(-0.16577 0.04024 -0.09714)
(-0.15785 0.03118 -0.10351)
(-0.15427 0.02836 -0.10304)
(-0.15038 0.02470 -0.10224)
(-0.15133 0.02741 -0.10586)
(-0.12769 0.01015 -0.10011)
(-0.11890 -0.00393 -0.09046)
(-0.11372 -0.00813 -0.08903)
(-0.10404 -0.01967 -0.08016)
(-0.09006 -0.02740 -0.07904)
(-0.08771 -0.02899 -0.07787)
(-0.06636 -0.04369 -0.06187)
(-0.06213 -0.04525 -0.05949)
(-0.05996 -0.04937 -0.05363)
(-0.05688 -0.04858 -0.05426)
(-0.04255 -0.05146 -0.04744)
(-0.01624 -0.04481 -0.04723)
(-0.02990 -0.06272 -0.03192)
(-0.01464 -0.04834 -0.04140)
(-0.01112 -0.04845 -0.04054)
(0.00256 -0.06587 -0.01890)
(0.01480 -0.07806 -0.00531)
(0.01748 -0.07897 -0.00702)
(0.01847 -0.08134 -0.00361)
(0.03206 -0.11296 0.02511)
(0.03268 -0.11429 0.02412)
(0.03140 -0.10991 0.02577)
(0.01916 -0.06723 0.01717)
(0.01044 -0.03648 0.00968)
(0.00568 -0.02098 0.00742)
(0.00040 -0.00156 0.00063)
(-0.00258 0.00968 -0.00388)
(-0.00293 0.01163 -0.00473)
(-0.01510 0.00844 -0.00643)
(-0.03711 0.01931 -0.01642)
(-0.10165 0.05241 -0.04497)
(-0.03733 0.01795 -0.01740)
(-0.12987 0.05650 -0.06050)
(-0.17225 0.06511 -0.08452)
(-0.07186 0.02849 -0.03444)
(-0.10887 0.03917 -0.05423)
(-0.18603 0.06651 -0.09317)
(-0.18232 0.06089 -0.09284)
(-0.16672 0.04102 -0.09430)
(-0.16343 0.03881 -0.08865)
(-0.15186 0.02736 -0.09165)
(-0.15227 0.02609 -0.10035)
(-0.14200 0.01845 -0.08285)
(-0.13097 0.00211 -0.07746)
(-0.12459 -0.00126 -0.08457)
(-0.11996 -0.00505 -0.08423)
(-0.11274 -0.01800 -0.07233)
(-0.10880 -0.02419 -0.07071)
(-0.09796 -0.03644 -0.06353)
(-0.09755 -0.03848 -0.06071)
(-0.09554 -0.04098 -0.05926)
(-0.09504 -0.04014 -0.06173)
(-0.09151 -0.03717 -0.06425)
(-0.07164 -0.04479 -0.05949)
(-0.07885 -0.05168 -0.04665)
(-0.06392 -0.05003 -0.05350)
(-0.05899 -0.05281 -0.04877)
(-0.04863 -0.06140 -0.03616)
(-0.02971 -0.07643 -0.01624)
(-0.01846 -0.06835 -0.01854)
(-0.02522 -0.08314 -0.00074)
(-0.01577 -0.08197 0.00162)
(-0.00075 -0.08296 0.00014)
(0.00432 -0.08593 0.00307)
(0.00866 -0.07665 0.01035)
(0.01279 -0.07016 0.01420)
(0.02053 -0.08011 0.01597)
(0.02446 -0.08634 0.02156)
(0.00789 -0.03162 0.00953)
(0.00751 -0.02674 0.00741)
(0.00568 -0.02008 0.00560)
(-0.00115 0.00406 -0.00116)
(-0.00731 0.00354 -0.00341)
(-0.02075 0.00888 -0.00996)
(-0.02066 0.00780 -0.00998)
(-0.00992 0.00315 -0.00486)
(-0.02211 0.00395 -0.01105)
(-0.10449 0.02340 -0.05457)
(-0.11544 0.01809 -0.06271)
(-0.03215 0.00262 -0.01650)
(-0.05827 0.00617 -0.03119)
(-0.08412 0.00695 -0.04820)
(-0.11921 -0.00095 -0.06444)
(-0.07527 -0.00086 -0.03996)
(-0.10862 -0.01143 -0.06077)
(-0.11275 -0.02120 -0.06748)
(-0.09480 -0.01869 -0.05037)
(-0.10335 -0.03499 -0.05287)
(-0.09946 -0.03781 -0.05422)
(-0.09383 -0.04441 -0.05308)
(-0.08777 -0.05729 -0.03577)
(-0.08070 -0.06256 -0.02985)
(-0.07686 -0.06111 -0.03116)
(-0.07226 -0.06175 -0.02497)
(-0.05443 -0.07773 -0.00220)
(-0.06364 -0.06577 -0.03020)
(-0.05223 -0.07801 -0.01148)
(-0.02834 -0.05508 0.00212)
(-0.03052 -0.06738 -0.00233)
(-0.01269 -0.05826 0.00989)
(-0.01186 -0.06391 0.00690)
(-0.00451 -0.02061 0.00356)
(-0.00396 -0.02786 0.00569)
(0.00003 -0.02022 0.00466)
(0.00419 -0.03376 0.00863)
(-0.00015 0.00159 -0.00049)
(0.00179 -0.00881 0.00279)
(0.00121 -0.00504 0.00176)
(0.02486 -0.00526 0.01220)
(0.01993 -0.00163 0.01015)
(-0.01954 0.00044 -0.00922)
(0.01749 -0.00039 0.00816)
(0.00588 0.00065 0.00252)
(-0.04090 -0.00055 -0.02141)
(-0.03658 -0.00741 -0.01553)
(0.00062 0.00015 0.00022)
(0.00049 0.00014 0.00018)
(-0.03585 -0.00977 -0.01644)
(-0.05952 -0.02299 -0.02543)
(-0.01296 -0.00560 -0.00435)
(-0.03115 -0.02069 -0.00663)
(-0.05198 -0.03690 -0.01045)
(-0.01779 -0.01301 -0.00305)
(-0.02820 -0.02659 -0.00444)
(-0.02818 -0.03522 -0.00036)
(-0.03521 -0.05137 -0.00008)
(-0.00355 -0.00485 0.00032)
(-0.00622 -0.00893 0.00021)
(0.00065 0.00133 -0.00023)
(-0.01831 -0.03618 0.00203)
(-0.00878 -0.02144 0.00286)
(0.00388 0.01143 -0.00247)
(0.00111 0.00602 -0.00138)
(0.00106 0.01252 -0.00367)
(-0.00076 0.01528 -0.00467)
(-0.00388 -0.00263 -0.00074)
(-0.00637 -0.00470 -0.00103)
(-0.00533 -0.00515 -0.00022)
(0.00198 0.00273 -0.00032)
)