/*--------------------------------*- C++ -*----------------------------------*\ 
| =========                 |                                                 | 
| \\      /  F ield         | OpenFOAM: The Open Source CFD Toolbox           | 
|  \\    /   O peration     | Version:  4.0                                   | 
|   \\  /    A nd           | Web:      www.OpenFOAM.org                      | 
|    \\/     M anipulation  |                                                 | 
\*---------------------------------------------------------------------------*/ 
FoamFile 
{ 
    version     2.0; 
    format      ascii; 
    class       vectorAverageField; 
    object      values; 
} 
// * * * * * * * * * * * * * * * * * * * * * * * * * * * * * * * * * * * * * // 
 
// Average 
(0 0 0) 
 
// Velocity data on points 
2447
(
(0.00492 -0.00124 -0.00102)
(-0.00283 0.00040 0.00060)
(-0.00801 -0.00044 0.00255)
(-0.00291 -0.00018 0.00057)
(0.00410 0.00054 -0.00114)
(-0.01879 -0.00221 0.00682)
(-0.00706 -0.00097 0.00207)
(-0.01373 -0.00650 0.00252)
(-0.00150 -0.00068 0.00025)
(0.00204 0.00100 -0.00028)
(-0.00864 -0.00443 0.00121)
(-0.00164 -0.00091 0.00016)
(0.00118 0.00066 -0.00002)
(-0.00584 -0.00493 -0.00065)
(-0.00015 -0.00017 -0.00011)
(0.00038 0.00047 0.00034)
(-0.00124 -0.00176 -0.00134)
(-0.00006 -0.00008 -0.00010)
(0.00002 0.00062 0.00078)
(-0.00000 -0.00013 -0.00016)
(0.01125 -0.00568 -0.00073)
(-0.00241 0.00096 0.00038)
(0.00200 -0.00083 -0.00026)
(0.00083 -0.00029 -0.00018)
(-0.03467 0.01123 0.01063)
(-0.02811 0.00630 0.00790)
(-0.03263 0.00332 0.00994)
(-0.03354 -0.00180 0.01202)
(-0.06103 0.00221 0.02329)
(-0.05935 -0.00349 0.02185)
(-0.04612 -0.00575 0.01757)
(-0.02799 -0.00804 0.00733)
(-0.04539 -0.01293 0.01522)
(-0.02979 -0.01444 0.00588)
(-0.02282 -0.01216 0.00329)
(-0.01662 -0.00997 0.00131)
(-0.03056 -0.01654 0.00449)
(-0.02607 -0.01630 0.00165)
(-0.01767 -0.01717 -0.00402)
(-0.01142 -0.01023 -0.00177)
(-0.00635 -0.00703 -0.00336)
(-0.01370 -0.02090 -0.01647)
(-0.01270 -0.01879 -0.01509)
(-0.00466 -0.00944 -0.00947)
(-0.00196 -0.00487 -0.00624)
(-0.00366 -0.01254 -0.01610)
(0.00029 -0.00398 -0.00524)
(0.00019 -0.00172 -0.00148)
(-0.00107 -0.00853 -0.01341)
(0.00030 -0.00170 -0.00091)
(-0.00007 0.00033 0.00007)
(0.00596 -0.00271 -0.00035)
(-0.00264 0.00115 0.00024)
(-0.00951 0.00417 0.00109)
(-0.02652 0.00976 0.00516)
(-0.06815 0.02410 0.01426)
(-0.05435 0.01934 0.01254)
(-0.07005 0.02104 0.02325)
(-0.07549 0.01694 0.02788)
(-0.07474 0.01409 0.02500)
(-0.06772 0.00303 0.02701)
(-0.06343 -0.00729 0.02609)
(-0.05995 -0.01439 0.02483)
(-0.04983 -0.01663 0.01807)
(-0.03929 -0.02080 0.00962)
(-0.05213 -0.01749 0.01888)
(-0.04896 -0.02182 0.01648)
(-0.03716 -0.02161 0.00740)
(-0.02517 -0.02179 -0.00371)
(-0.03080 -0.02804 -0.00680)
(-0.01594 -0.02616 -0.01749)
(-0.01167 -0.02751 -0.02275)
(-0.00575 -0.02809 -0.02561)
(-0.01053 -0.02415 -0.02258)
(-0.00741 -0.02082 -0.02736)
(-0.00453 -0.01609 -0.02705)
(-0.00552 -0.02220 -0.03309)
(-0.00107 -0.01755 -0.02739)
(0.00121 -0.01228 -0.01469)
(0.00088 -0.00946 -0.00767)
(-0.00606 -0.02049 -0.02750)
(-0.00350 -0.01322 -0.01563)
(0.00089 -0.00803 -0.00359)
(0.00008 -0.00054 -0.00008)
(-0.00094 -0.00709 -0.00042)
(0.00045 0.00324 -0.00028)
(0.00080 0.00625 -0.00071)
(0.00032 -0.00015 0.00001)
(-0.01004 0.00450 0.00022)
(-0.02840 0.01252 0.00182)
(-0.04600 0.01931 0.00561)
(-0.07458 0.03020 0.00801)
(-0.07105 0.02943 0.00894)
(-0.08929 0.03535 0.01355)
(-0.08582 0.02910 0.01935)
(-0.08371 0.02853 0.01846)
(-0.07782 0.02073 0.02405)
(-0.07514 0.01151 0.03214)
(-0.07849 0.01414 0.03157)
(-0.07511 0.01197 0.03256)
(-0.07653 0.00837 0.03326)
(-0.07465 0.00187 0.03562)
(-0.07203 -0.00714 0.03611)
(-0.07125 -0.01042 0.03556)
(-0.06726 -0.01646 0.03144)
(-0.05538 -0.01931 0.02115)
(-0.05192 -0.03007 0.01008)
(-0.04479 -0.03320 0.00054)
(-0.03556 -0.03351 -0.01003)
(-0.02313 -0.03000 -0.01733)
(-0.01327 -0.02879 -0.02417)
(-0.01444 -0.03110 -0.03262)
(-0.01089 -0.03256 -0.04260)
(-0.01545 -0.03315 -0.04895)
(-0.01001 -0.02169 -0.03344)
(-0.01519 -0.02680 -0.04548)
(-0.00768 -0.02100 -0.02935)
(-0.00887 -0.02059 -0.02796)
(-0.01536 -0.02992 -0.02382)
(-0.01450 -0.03000 -0.02077)
(-0.00721 -0.02208 -0.00782)
(-0.00114 -0.00736 0.00056)
(-0.01259 -0.03074 -0.01020)
(-0.00650 -0.02549 -0.00159)
(-0.00057 -0.00391 0.00062)
(-0.00019 -0.00154 0.00037)
(0.00643 -0.00249 -0.00024)
(-0.01348 0.00583 -0.00015)
(-0.03333 0.01521 -0.00066)
(-0.06364 0.02687 0.00134)
(-0.07452 0.03116 0.00117)
(-0.07519 0.02603 0.00977)
(-0.08019 0.02646 0.01352)
(-0.08150 0.02799 0.01589)
(-0.08018 0.02252 0.02002)
(-0.07337 0.00974 0.03225)
(-0.07435 0.00969 0.03324)
(-0.07512 0.00896 0.03476)
(-0.07377 0.00769 0.03474)
(-0.07511 0.00684 0.03637)
(-0.07637 0.00389 0.03554)
(-0.07503 -0.00801 0.03841)
(-0.07393 -0.01015 0.03746)
(-0.07278 -0.01245 0.03608)
(-0.06611 -0.01832 0.02930)
(-0.06212 -0.03089 0.01620)
(-0.05316 -0.03231 0.00866)
(-0.04438 -0.03700 -0.00807)
(-0.03853 -0.04417 -0.02274)
(-0.03113 -0.04219 -0.02710)
(-0.02601 -0.03993 -0.03508)
(-0.01726 -0.03740 -0.05110)
(-0.01778 -0.03639 -0.05190)
(-0.01813 -0.03478 -0.05204)
(-0.01849 -0.03289 -0.05179)
(-0.01698 -0.03286 -0.04195)
(-0.01621 -0.02962 -0.02563)
(-0.01625 -0.03175 -0.02261)
(-0.01752 -0.03142 -0.02501)
(-0.01521 -0.03280 -0.01784)
(-0.01483 -0.03662 -0.00027)
(-0.01792 -0.03338 -0.00745)
(-0.01212 -0.03691 0.00410)
(-0.00407 -0.02230 0.00821)
(-0.00045 -0.00250 0.00096)
(-0.00762 -0.04552 0.01917)
(-0.00181 -0.01163 0.00531)
(-0.00010 -0.00067 0.00031)
(-0.00784 0.00280 0.00070)
(-0.02336 0.00863 0.00218)
(-0.05962 0.02197 0.00574)
(-0.07127 0.02421 0.00829)
(-0.06817 0.01837 0.01591)
(-0.06655 0.01489 0.01975)
(-0.06564 0.01457 0.02049)
(-0.06370 0.01300 0.02099)
(-0.06284 0.01251 0.02167)
(-0.07041 0.01546 0.02185)
(-0.07222 0.00973 0.03139)
(-0.07059 0.00751 0.03289)
(-0.07177 0.00664 0.03455)
(-0.07346 0.00578 0.03635)
(-0.07530 0.00483 0.03814)
(-0.07760 -0.00729 0.04146)
(-0.07605 -0.01001 0.03947)
(-0.07175 -0.01591 0.04105)
(-0.07171 -0.01896 0.03855)
(-0.07568 -0.01311 0.03848)
(-0.07427 -0.01446 0.03655)
(-0.05827 -0.03873 0.01808)
(-0.05580 -0.04501 0.02086)
(-0.06225 -0.04782 0.01372)
(-0.05386 -0.04160 0.00987)
(-0.04237 -0.04823 -0.00762)
(-0.03740 -0.05799 -0.02580)
(-0.03352 -0.05867 -0.03109)
(-0.03098 -0.05912 -0.03539)
(-0.02860 -0.04001 -0.04181)
(-0.01941 -0.04019 -0.05505)
(-0.02010 -0.03861 -0.05522)
(-0.02117 -0.03651 -0.05506)
(-0.02414 -0.03739 -0.05280)
(-0.02021 -0.03444 -0.04348)
(-0.02567 -0.02479 -0.03294)
(-0.02229 -0.02832 -0.02256)
(-0.02380 -0.02767 -0.01113)
(-0.01747 -0.04056 -0.00407)
(-0.01727 -0.04985 0.00491)
(-0.01175 -0.06498 0.02815)
(-0.00705 -0.04252 0.01919)
(-0.00871 -0.05239 0.02525)
(-0.00275 -0.01822 0.00886)
(-0.00126 -0.00882 0.00455)
(0.00434 -0.00154 -0.00057)
(-0.00093 0.00035 0.00005)
(-0.04922 0.01566 0.00834)
(-0.07412 0.02041 0.01303)
(-0.07433 0.02070 0.01388)
(-0.05878 0.01257 0.01820)
(-0.06089 0.01095 0.02202)
(-0.06117 0.01129 0.02225)
(-0.05872 0.00964 0.02369)
(-0.06148 0.00945 0.02573)
(-0.05962 0.00392 0.03216)
(-0.06915 0.00552 0.03443)
(-0.06688 0.00128 0.03691)
(-0.07075 0.00381 0.03710)
(-0.07349 0.00386 0.03824)
(-0.07549 -0.00464 0.04192)
(-0.07236 -0.00175 0.04328)
(-0.06359 -0.01674 0.04264)
(-0.06687 -0.01902 0.04313)
(-0.05453 -0.03509 0.03260)
(-0.05706 -0.03988 0.02815)
(-0.05323 -0.05236 0.01856)
(-0.05769 -0.05785 0.00459)
(-0.03930 -0.06472 -0.01895)
(-0.03417 -0.06258 -0.03019)
(-0.03112 -0.06320 -0.03574)
(-0.02766 -0.06443 -0.04879)
(-0.01612 -0.05599 -0.06005)
(-0.02337 -0.04661 -0.06185)
(-0.02252 -0.04099 -0.05838)
(-0.02871 -0.03549 -0.05556)
(-0.02733 -0.03378 -0.04517)
(-0.03398 -0.03249 -0.04600)
(-0.02993 -0.02449 -0.02750)
(-0.02873 -0.02401 -0.01821)
(-0.02529 -0.02590 -0.01288)
(-0.02090 -0.03658 -0.00330)
(-0.02001 -0.04198 0.00916)
(-0.01288 -0.06177 0.02817)
(-0.01210 -0.06541 0.03139)
(-0.00417 -0.02781 0.01443)
(-0.01229 -0.06448 0.03371)
(-0.00871 -0.05369 0.02798)
(-0.00325 -0.02214 0.01334)
(-0.00023 -0.00172 0.00131)
(0.01390 -0.00503 -0.00131)
(-0.00047 0.00017 0.00004)
(-0.02622 0.00864 0.00431)
(-0.05156 0.01643 0.00900)
(-0.07539 0.01979 0.01827)
(-0.07463 0.02048 0.01885)
(-0.06294 0.01466 0.01876)
(-0.06152 0.01153 0.01792)
(-0.05487 0.00825 0.02672)
(-0.04631 0.00518 0.02969)
(-0.04885 0.00668 0.02469)
(-0.04055 0.00163 0.03169)
(-0.04625 0.00053 0.03539)
(-0.04852 -0.00107 0.03928)
(-0.04664 -0.00853 0.04003)
(-0.03943 -0.01702 0.03769)
(-0.05705 -0.01638 0.04213)
(-0.07663 -0.01829 0.05379)
(-0.05803 -0.03077 0.04043)
(-0.04809 -0.04146 0.02906)
(-0.04136 -0.05177 0.02319)
(-0.02842 -0.06677 0.00719)
(-0.02216 -0.07099 -0.00842)
(-0.01063 -0.07935 -0.02003)
(-0.03251 -0.06711 -0.02905)
(-0.02938 -0.06772 -0.03526)
(-0.01799 -0.07119 -0.04677)
(-0.01384 -0.06789 -0.05267)
(-0.01072 -0.06966 -0.06451)
(-0.01808 -0.05078 -0.05633)
(-0.02075 -0.04560 -0.05348)
(-0.03377 -0.03792 -0.05134)
(-0.03420 -0.02547 -0.02957)
(-0.02791 -0.02390 -0.01451)
(-0.02251 -0.03218 -0.00541)
(-0.01851 -0.04190 0.00666)
(-0.01497 -0.04072 0.02117)
(-0.01842 -0.03943 0.00949)
(-0.01289 -0.04242 0.02594)
(-0.01053 -0.05321 0.03044)
(-0.01213 -0.06873 0.04163)
(-0.01092 -0.05554 0.03651)
(-0.00706 -0.04878 0.03789)
(-0.00197 -0.01481 0.01150)
(-0.00093 -0.00785 0.00692)
(0.00060 -0.00021 -0.00007)
(-0.02231 0.00770 0.00279)
(-0.06616 0.01994 0.01520)
(-0.07199 0.02177 0.01832)
(-0.06888 0.01673 0.02548)
(-0.04896 0.00853 0.03227)
(-0.05760 0.01167 0.02800)
(-0.05659 0.01082 0.02914)
(-0.04839 0.00764 0.03248)
(-0.04544 0.00541 0.03622)
(-0.04453 0.00463 0.03636)
(-0.02920 -0.00053 0.03660)
(-0.02507 -0.00282 0.04094)
(-0.02570 -0.00305 0.04042)
(-0.03079 -0.00314 0.03965)
(-0.03216 -0.00833 0.03678)
(-0.02694 -0.00721 0.04153)
(-0.02500 -0.00925 0.04385)
(-0.03044 -0.00991 0.03848)
(-0.02909 -0.01790 0.03562)
(-0.03684 -0.01893 0.03787)
(-0.04483 -0.02441 0.04220)
(-0.04596 -0.02926 0.03972)
(-0.02586 -0.04823 0.02614)
(0.00067 -0.06428 0.01223)
(0.00593 -0.06941 0.00748)
(0.01013 -0.07827 0.00023)
(0.00160 -0.08120 -0.01552)
(-0.00218 -0.08237 -0.03176)
(0.00355 -0.07936 -0.04465)
(-0.00615 -0.07279 -0.04882)
(-0.00831 -0.07523 -0.06559)
(-0.00927 -0.07001 -0.06168)
(-0.00703 -0.05635 -0.04793)
(-0.02138 -0.04226 -0.05069)
(-0.01393 -0.04344 -0.03840)
(-0.02322 -0.03724 -0.03159)
(-0.02287 -0.03513 -0.02077)
(-0.01916 -0.03349 -0.01443)
(-0.01763 -0.03495 -0.00785)
(-0.02183 -0.02980 -0.00221)
(-0.02184 -0.02970 0.00667)
(-0.01705 -0.03668 0.01843)
(-0.01381 -0.03884 0.02306)
(-0.01088 -0.04551 0.03655)
(-0.00923 -0.05935 0.04585)
(-0.00867 -0.06567 0.05546)
(-0.00364 -0.02496 0.02177)
(0.00037 0.00312 -0.00262)
(-0.00835 -0.04658 0.04453)
(-0.00716 0.00269 0.00070)
(-0.03803 0.01287 0.00499)
(-0.04544 0.01598 0.00676)
(-0.06165 0.01991 0.01020)
(-0.06723 0.01772 0.02392)
(-0.05078 0.00979 0.03188)
(-0.04455 0.00745 0.03416)
(-0.04500 0.00711 0.03395)
(-0.04118 0.00545 0.03602)
(-0.03530 0.00244 0.04101)
(-0.02333 -0.00291 0.04281)
(-0.02253 -0.00332 0.04319)
(-0.01729 -0.00696 0.04016)
(-0.01118 -0.01222 0.04147)
(-0.00811 -0.01516 0.03998)
(-0.00561 -0.02579 0.03289)
(-0.01371 -0.02342 0.03316)
(-0.00179 -0.03615 0.03181)
(0.01613 -0.03840 0.02678)
(-0.00960 -0.03882 0.03091)
(-0.00576 -0.05283 0.01915)
(0.00932 -0.06532 0.01069)
(0.01452 -0.06966 0.00660)
(0.01924 -0.07402 0.00260)
(0.02110 -0.08224 -0.01126)
(0.01479 -0.08628 -0.02770)
(0.04894 -0.08823 -0.02316)
(0.02307 -0.08473 -0.03224)
(0.01810 -0.08107 -0.03760)
(0.02383 -0.07878 -0.04482)
(0.01860 -0.07422 -0.04595)
(0.01059 -0.05938 -0.03371)
(0.00461 -0.05500 -0.03312)
(0.00653 -0.05312 -0.02851)
(-0.01357 -0.04311 -0.02653)
(-0.01321 -0.04003 -0.01511)
(-0.01713 -0.03534 -0.01036)
(-0.01420 -0.03546 -0.00601)
(-0.01586 -0.03375 -0.00389)
(-0.01100 -0.03521 0.01249)
(-0.01493 -0.03401 0.02144)
(-0.00667 -0.04776 0.03651)
(-0.00522 -0.04225 0.05271)
(-0.00959 -0.05160 0.05250)
(-0.00522 -0.04654 0.05654)
(-0.00999 -0.05997 0.05787)
(-0.00749 -0.04471 0.04317)
(-0.00042 -0.00388 0.00364)
(0.00015 0.00139 -0.00133)
(0.00228 -0.00079 -0.00021)
(-0.00345 0.00119 0.00023)
(-0.02488 0.00845 0.00259)
(-0.06603 0.02175 0.00894)
(-0.06969 0.02050 0.01287)
(-0.07363 0.02379 0.01019)
(-0.05978 0.01537 0.02027)
(-0.04513 0.00786 0.03327)
(-0.04062 0.00581 0.03655)
(-0.03981 0.00585 0.03667)
(-0.03709 0.00470 0.03963)
(-0.02208 -0.00215 0.04813)
(-0.01351 -0.00218 0.04532)
(-0.02088 -0.00313 0.04575)
(-0.01133 -0.00521 0.04353)
(0.00637 -0.01301 0.03954)
(0.00965 -0.01803 0.04071)
(0.00388 -0.02100 0.04219)
(0.02306 -0.03859 0.02597)
(0.01798 -0.04125 0.02484)
(0.02599 -0.04185 0.02314)
(0.02121 -0.04435 0.02253)
(0.01939 -0.06673 0.00838)
(0.02398 -0.07002 0.00522)
(0.02788 -0.07321 0.00220)
(0.04072 -0.07663 -0.00321)
(0.06452 -0.08679 -0.01683)
(0.04559 -0.08722 -0.02729)
(0.06763 -0.08972 -0.03228)
(0.06456 -0.08689 -0.03224)
(0.06268 -0.08487 -0.03141)
(0.03334 -0.06801 -0.02946)
(0.01491 -0.05677 -0.02599)
(0.00911 -0.05191 -0.02365)
(0.01128 -0.04396 -0.00515)
(-0.01152 -0.03679 -0.00686)
(-0.00780 -0.03774 -0.00253)
(-0.00485 -0.03706 0.00878)
(-0.00167 -0.03966 0.02857)
(0.00230 -0.04002 0.03404)
(-0.00318 -0.04347 0.03374)
(-0.00239 -0.04212 0.05325)
(-0.00353 -0.04335 0.05434)
(-0.00428 -0.04526 0.05624)
(-0.00509 -0.04680 0.05799)
(-0.00331 -0.05790 0.05921)
(-0.00225 -0.02007 0.01938)
(-0.00088 -0.00781 0.00771)
(0.00087 0.00806 -0.00787)
(-0.00717 0.00237 -0.00007)
(-0.02623 0.00885 0.00171)
(-0.04703 0.01562 0.00422)
(-0.04084 0.01347 0.00224)
(-0.07144 0.02283 0.00845)
(-0.06907 0.02160 0.01167)
(-0.03740 0.00527 0.03138)
(-0.03611 0.00447 0.02254)
(-0.03830 0.00531 0.03648)
(-0.03581 0.00458 0.03977)
(-0.01537 -0.00107 0.04498)
(-0.00289 -0.00346 0.05793)
(-0.00750 -0.00626 0.05063)
(0.00442 -0.00821 0.05433)
(0.00765 -0.01198 0.04378)
(0.01677 -0.01560 0.03960)
(0.02025 -0.01857 0.04212)
(0.02346 -0.02185 0.03902)
(0.02479 -0.03074 0.03290)
(0.03262 -0.04199 0.02200)
(0.03005 -0.04545 0.02016)
(0.03697 -0.04584 0.01855)
(0.04863 -0.05610 0.01118)
(0.05202 -0.07132 -0.00002)
(0.05559 -0.07154 -0.00602)
(0.07642 -0.07873 -0.01571)
(0.08592 -0.08032 -0.02026)
(0.07511 -0.08921 -0.02898)
(0.07262 -0.08784 -0.02720)
(0.07351 -0.08691 -0.02878)
(0.07134 -0.08503 -0.02767)
(0.05958 -0.07312 -0.02159)
(0.02386 -0.05994 -0.02335)
(0.02752 -0.05948 -0.01868)
(0.01929 -0.05536 -0.01829)
(0.03509 -0.05587 0.00436)
(0.02437 -0.04602 0.00919)
(0.02909 -0.04763 0.01422)
(0.01861 -0.04408 0.02085)
(0.04081 -0.05272 0.03349)
(0.02297 -0.04392 0.03269)
(0.01573 -0.04290 0.03323)
(0.03098 -0.04507 0.04438)
(0.00729 -0.04243 0.04940)
(0.00040 -0.04296 0.05519)
(-0.00132 -0.04364 0.05585)
(-0.00179 -0.04444 0.05741)
(-0.00249 -0.04490 0.05890)
(-0.00455 -0.04577 0.05940)
(0.00165 -0.05171 0.06914)
(-0.00400 -0.05778 0.06676)
(-0.00306 -0.02360 0.02620)
(0.00035 0.00309 -0.00315)
(0.00037 -0.00012 0.00004)
(-0.00500 0.00135 -0.00072)
(-0.02797 0.00718 -0.00380)
(-0.06540 0.02100 0.00486)
(-0.05254 0.01152 0.00476)
(-0.04744 0.01030 0.01106)
(-0.03143 0.00116 0.00528)
(-0.03705 0.00479 0.02066)
(-0.02738 0.00047 0.03124)
(-0.01154 -0.00351 0.02925)
(-0.00930 -0.00429 0.03084)
(-0.01077 -0.00265 0.03680)
(0.00021 -0.00495 0.03936)
(0.00254 -0.00374 0.05296)
(0.00127 -0.00510 0.06228)
(0.01796 -0.01169 0.05185)
(0.02296 -0.01531 0.04552)
(0.02633 -0.02034 0.04255)
(0.03068 -0.02264 0.03959)
(0.04763 -0.03205 0.02725)
(0.05739 -0.03778 0.01882)
(0.06581 -0.04795 0.00703)
(0.05419 -0.05262 0.00940)
(0.07303 -0.04984 -0.00027)
(0.08119 -0.06451 -0.00728)
(0.09361 -0.07398 -0.01606)
(0.08286 -0.07078 -0.01550)
(0.08747 -0.07347 -0.01975)
(0.09226 -0.08046 -0.02311)
(0.10241 -0.07773 -0.02774)
(0.10076 -0.08557 -0.02200)
(0.08715 -0.08398 -0.02729)
(0.08501 -0.08579 -0.02155)
(0.08458 -0.08004 -0.01653)
(0.07010 -0.07659 -0.01454)
(0.08628 -0.07813 -0.00172)
(0.05321 -0.06464 0.00547)
(0.07469 -0.07337 0.01531)
(0.06085 -0.06267 0.03033)
(0.06302 -0.06358 0.03306)
(0.06300 -0.06799 0.04427)
(0.05023 -0.05563 0.04789)
(0.06299 -0.06250 0.06021)
(0.04039 -0.05303 0.05560)
(0.02699 -0.04869 0.05343)
(0.02112 -0.04670 0.06214)
(0.02494 -0.05110 0.06988)
(0.00561 -0.04829 0.06577)
(-0.00085 -0.04863 0.07502)
(-0.00185 -0.05553 0.07737)
(0.01079 -0.04844 0.07453)
(-0.00563 -0.04764 0.07980)
(-0.00170 -0.02965 0.03750)
(-0.00011 -0.00181 0.00217)
(0.00005 0.00395 -0.00472)
(-0.00236 0.00032 -0.00081)
(-0.01334 0.00320 -0.00222)
(-0.04946 0.00914 -0.00561)
(-0.02676 -0.00506 -0.00819)
(-0.02802 -0.00234 -0.00420)
(-0.01968 -0.00542 0.00829)
(-0.01542 -0.00940 -0.00106)
(-0.01126 -0.00547 0.01907)
(-0.00896 -0.00467 0.03027)
(0.00806 -0.00638 0.02846)
(0.00590 -0.00654 0.03500)
(0.01254 -0.00915 0.04218)
(0.01659 -0.00878 0.04253)
(0.02696 -0.01109 0.04104)
(0.04586 -0.01911 0.03454)
(0.05097 -0.02151 0.03045)
(0.04293 -0.02132 0.03313)
(0.05468 -0.02886 0.02841)
(0.06280 -0.03697 0.02012)
(0.07262 -0.03691 0.00713)
(0.08005 -0.03771 -0.00376)
(0.08777 -0.05981 -0.00709)
(0.10241 -0.07120 -0.01566)
(0.09274 -0.06151 -0.01819)
(0.09884 -0.06040 -0.02776)
(0.09821 -0.06048 -0.02824)
(0.10049 -0.07838 -0.02517)
(0.09749 -0.08168 -0.02354)
(0.10149 -0.07656 -0.01660)
(0.10156 -0.07738 -0.01398)
(0.10142 -0.08137 0.00017)
(0.10672 -0.08424 0.00885)
(0.08249 -0.07737 0.01141)
(0.09842 -0.08466 0.01818)
(0.07328 -0.06850 0.02973)
(0.07875 -0.07438 0.03442)
(0.09086 -0.08157 0.05721)
(0.08368 -0.07775 0.06579)
(0.08350 -0.07790 0.06862)
(0.06983 -0.06976 0.06916)
(0.03806 -0.05318 0.06139)
(0.06257 -0.06713 0.07394)
(0.04278 -0.05769 0.07041)
(0.03198 -0.05185 0.07034)
(0.03288 -0.05318 0.07529)
(0.01507 -0.04916 0.07493)
(0.00945 -0.05139 0.08053)
(-0.00805 -0.04548 0.08044)
(0.00967 -0.05189 0.07844)
(-0.00178 -0.03614 0.05231)
(-0.00012 -0.00793 0.00962)
(0.00077 -0.00363 0.00501)
(0.00395 -0.00046 0.00134)
(-0.01506 0.00169 -0.00539)
(-0.00149 0.00016 -0.00052)
(-0.01766 0.00129 -0.00658)
(-0.03445 -0.00091 -0.01099)
(-0.01874 -0.00918 -0.00621)
(-0.01760 -0.01066 -0.00836)
(-0.01167 -0.00920 -0.00425)
(-0.00364 -0.00951 -0.00062)
(-0.00515 -0.01026 0.00631)
(0.01226 -0.01560 0.00303)
(0.00637 -0.01227 0.01443)
(0.00781 -0.00908 0.02049)
(0.02887 -0.01092 0.02175)
(0.03084 -0.01045 0.02425)
(0.02971 -0.01084 0.03505)
(0.04453 -0.01689 0.03035)
(0.05205 -0.02071 0.02820)
(0.05531 -0.02330 0.02618)
(0.06781 -0.03256 0.01794)
(0.07837 -0.03262 0.00377)
(0.07636 -0.03180 -0.00504)
(0.08250 -0.03191 -0.02601)
(0.08343 -0.04030 -0.00696)
(0.08891 -0.04691 -0.01894)
(0.09926 -0.05611 -0.02423)
(0.09536 -0.05661 -0.02888)
(0.09451 -0.05676 -0.02959)
(0.09843 -0.06130 -0.02864)
(0.10368 -0.07278 -0.02239)
(0.10190 -0.07619 -0.01789)
(0.10187 -0.07726 -0.01584)
(0.10950 -0.08417 -0.00884)
(0.10929 -0.08902 0.00482)
(0.11272 -0.09332 0.02061)
(0.12041 -0.10050 0.03434)
(0.11898 -0.10004 0.03832)
(0.11027 -0.09217 0.04355)
(0.10224 -0.08688 0.05949)
(0.09019 -0.08200 0.06810)
(0.08968 -0.08197 0.07084)
(0.08319 -0.07763 0.07168)
(0.07720 -0.07345 0.07551)
(0.06365 -0.06655 0.07807)
(0.04331 -0.05691 0.07665)
(0.03684 -0.05541 0.07560)
(0.02823 -0.05262 0.07505)
(0.03879 -0.05402 0.07794)
(0.02526 -0.05327 0.08008)
(0.03067 -0.05539 0.08272)
(0.01113 -0.04307 0.06109)
(0.00228 -0.00856 0.01170)
(0.00367 -0.00032 0.00124)
(-0.00634 0.00038 -0.00224)
(-0.03325 0.00012 -0.01385)
(-0.02581 -0.00056 -0.01055)
(-0.03186 -0.00208 -0.01396)
(-0.00906 -0.01165 -0.01040)
(-0.00478 -0.01216 -0.01003)
(0.00216 -0.01245 -0.01024)
(0.02049 -0.01598 -0.00478)
(0.02245 -0.01539 -0.00428)
(0.01782 -0.01521 0.01319)
(0.03115 -0.01180 0.01735)
(0.03393 -0.01142 0.01692)
(0.03664 -0.01115 0.01654)
(0.03504 -0.01087 0.02128)
(0.04508 -0.01499 0.01664)
(0.05251 -0.01862 0.02014)
(0.05526 -0.02087 0.02270)
(0.05683 -0.01598 0.00027)
(0.05837 -0.02445 0.02252)
(0.07303 -0.02618 -0.00256)
(0.07344 -0.02615 -0.00485)
(0.07858 -0.02781 -0.02657)
(0.08235 -0.03227 -0.02790)
(0.08145 -0.03198 -0.02967)
(0.09068 -0.05289 -0.03027)
(0.08957 -0.05326 -0.03135)
(0.09428 -0.05798 -0.03007)
(0.09401 -0.05962 -0.03061)
(0.09461 -0.06872 -0.02770)
(0.10290 -0.07747 -0.02385)
(0.10756 -0.08822 -0.00839)
(0.11071 -0.09149 -0.00723)
(0.11696 -0.09559 0.01176)
(0.12201 -0.10378 0.03293)
(0.12197 -0.10535 0.03666)
(0.12157 -0.10401 0.04144)
(0.12039 -0.10524 0.05357)
(0.09544 -0.08648 0.07031)
(0.09458 -0.08638 0.07287)
(0.08895 -0.08138 0.07387)
(0.09476 -0.08368 0.08117)
(0.07495 -0.07182 0.08086)
(0.07037 -0.06937 0.08014)
(0.07179 -0.06431 0.08537)
(0.06043 -0.06040 0.08342)
(0.05597 -0.05874 0.08238)
(0.06239 -0.06052 0.08249)
(0.05851 -0.05891 0.08148)
(0.05492 -0.05735 0.08044)
(0.03812 -0.05622 0.08185)
(0.01961 -0.05667 0.07949)
(0.02168 -0.05235 0.07175)
(0.00455 -0.01349 0.01823)
(-0.00127 0.00412 -0.00553)
(0.00135 -0.00006 0.00044)
(-0.01009 0.00007 -0.00350)
(-0.00953 -0.00923 -0.00970)
(-0.01685 -0.01062 -0.01593)
(-0.00185 -0.01748 -0.01296)
(-0.00154 -0.01758 -0.01490)
(0.01332 -0.02095 -0.01135)
(0.02217 -0.01771 -0.00763)
(0.02382 -0.01626 -0.00703)
(0.03150 -0.01826 -0.00239)
(0.03271 -0.01673 -0.00002)
(0.03547 -0.01181 0.01217)
(0.03783 -0.01125 0.01171)
(0.04161 -0.01090 0.00233)
(0.03967 -0.01094 0.01529)
(0.04775 -0.00625 0.00243)
(0.04971 -0.01225 -0.00174)
(0.05330 -0.01252 -0.01190)
(0.06545 -0.01331 -0.01377)
(0.07124 -0.01945 -0.00993)
(0.07125 -0.02280 -0.02441)
(0.07795 -0.02790 -0.02900)
(0.07404 -0.02428 -0.03065)
(0.07678 -0.02815 -0.03119)
(0.07301 -0.03576 -0.03453)
(0.06938 -0.03903 -0.04190)
(0.08921 -0.05488 -0.03190)
(0.08284 -0.05647 -0.03526)
(0.07923 -0.06653 -0.03496)
(0.08234 -0.07104 -0.03213)
(0.10688 -0.08476 -0.01637)
(0.11008 -0.09193 -0.01350)
(0.11534 -0.09869 0.00123)
(0.11523 -0.10403 0.02231)
(0.12068 -0.10794 0.03480)
(0.12197 -0.10708 0.04109)
(0.11662 -0.11133 0.05676)
(0.10613 -0.09923 0.06989)
(0.10381 -0.10274 0.07696)
(0.10769 -0.09595 0.08213)
(0.10293 -0.09097 0.08946)
(0.09467 -0.07983 0.08735)
(0.07781 -0.07245 0.08804)
(0.09377 -0.07696 0.09135)
(0.08057 -0.07092 0.08714)
(0.06731 -0.06241 0.08335)
(0.06295 -0.05973 0.08090)
(0.06529 -0.05778 0.07975)
(0.05271 -0.05853 0.07896)
(0.02607 -0.05675 0.07838)
(0.03379 -0.05453 0.07586)
(0.00760 -0.01841 0.02465)
(-0.00030 0.00083 -0.00110)
(-0.00029 -0.00010 0.00003)
(-0.00606 -0.00438 -0.00197)
(-0.00557 -0.00261 0.00154)
(-0.00342 -0.01442 -0.00778)
(-0.00043 -0.01708 -0.00934)
(0.00724 -0.02391 -0.01389)
(0.01845 -0.02800 -0.01376)
(0.02419 -0.02587 -0.01846)
(0.02339 -0.02432 -0.01202)
(0.02471 -0.01704 -0.00935)
(0.03144 -0.01984 -0.01574)
(0.03480 -0.01673 -0.01249)
(0.03988 -0.01200 -0.00666)
(0.03755 -0.00832 -0.01930)
(0.04811 -0.00781 -0.01199)
(0.05428 -0.00628 -0.01373)
(0.04668 -0.00417 -0.02151)
(0.05600 -0.01282 -0.01712)
(0.04644 -0.00668 -0.02972)
(0.05674 -0.00861 -0.02821)
(0.04804 -0.00776 -0.03966)
(0.04787 -0.01111 -0.04339)
(0.07273 -0.02485 -0.03326)
(0.05964 -0.03102 -0.04319)
(0.04660 -0.02661 -0.05564)
(0.06902 -0.04207 -0.04433)
(0.06056 -0.04650 -0.04592)
(0.06937 -0.05937 -0.04176)
(0.06734 -0.06485 -0.04076)
(0.08859 -0.08399 -0.02501)
(0.08381 -0.09370 -0.01706)
(0.10559 -0.10423 0.00157)
(0.09962 -0.11156 0.00965)
(0.09931 -0.11942 0.01692)
(0.11247 -0.12168 0.04090)
(0.11122 -0.12312 0.04993)
(0.11441 -0.12060 0.07401)
(0.11308 -0.11955 0.07480)
(0.10684 -0.10200 0.08465)
(0.10412 -0.09998 0.08920)
(0.09833 -0.08538 0.08884)
(0.09915 -0.08576 0.09062)
(0.08283 -0.06896 0.08978)
(0.08297 -0.07032 0.08653)
(0.06856 -0.06127 0.08076)
(0.09330 -0.06791 0.08311)
(0.07408 -0.05949 0.08000)
(0.06780 -0.06003 0.07806)
(0.07511 -0.05915 0.07618)
(0.05652 -0.05658 0.07674)
(0.01989 -0.02410 0.03169)
(0.00100 -0.00182 0.00230)
(-0.00116 -0.00044 0.00040)
(-0.00316 -0.00637 0.00033)
(0.00040 -0.01658 -0.00449)
(0.01959 -0.02614 -0.00951)
(0.01957 -0.02691 -0.01297)
(0.02377 -0.02601 -0.01733)
(0.03277 -0.02825 -0.02744)
(0.02922 -0.02490 -0.02092)
(0.03322 -0.02585 -0.02774)
(0.03472 -0.01912 -0.02754)
(0.03655 -0.00997 -0.02401)
(0.03218 -0.00670 -0.02722)
(0.03651 -0.00370 -0.02342)
(0.02612 -0.00146 -0.03486)
(0.04505 -0.00558 -0.02122)
(0.03474 0.00115 -0.03151)
(0.01720 0.00730 -0.05584)
(0.03550 -0.00361 -0.04464)
(0.03131 -0.00024 -0.05211)
(0.03349 -0.00259 -0.05247)
(0.03721 -0.00879 -0.05298)
(0.03773 -0.01500 -0.05269)
(0.03836 -0.02061 -0.05624)
(0.04662 -0.03115 -0.05215)
(0.04928 -0.04041 -0.05013)
(0.04087 -0.05186 -0.05579)
(0.04108 -0.05749 -0.05191)
(0.06354 -0.07732 -0.03499)
(0.05581 -0.09602 -0.02537)
(0.08072 -0.10357 -0.01170)
(0.08823 -0.11429 0.00223)
(0.08550 -0.12184 0.02100)
(0.10104 -0.12306 0.03569)
(0.09588 -0.12565 0.04665)
(0.11260 -0.12132 0.07302)
(0.10651 -0.12036 0.07728)
(0.11394 -0.11136 0.08473)
(0.10387 -0.11397 0.09154)
(0.10321 -0.10056 0.09373)
(0.10805 -0.09254 0.09152)
(0.10078 -0.08653 0.08932)
(0.09748 -0.07759 0.09049)
(0.11032 -0.08156 0.09178)
(0.10672 -0.07657 0.09062)
(0.09606 -0.06991 0.08395)
(0.08587 -0.05973 0.07982)
(0.08355 -0.05822 0.07597)
(0.07449 -0.05966 0.07529)
(0.04239 -0.04048 0.05282)
(0.01726 -0.02052 0.02687)
(0.00239 -0.00309 0.00403)
(0.00039 -0.00001 -0.00048)
(-0.00137 -0.00032 0.00158)
(0.00237 -0.00582 0.00483)
(0.01045 -0.01557 0.00190)
(0.01868 -0.02188 -0.00735)
(0.02261 -0.02348 -0.01171)
(0.02631 -0.02380 -0.01456)
(0.02386 -0.02336 -0.01455)
(0.02892 -0.02372 -0.02643)
(0.03214 -0.02579 -0.02968)
(0.03249 -0.02419 -0.03069)
(0.01643 -0.00510 -0.04285)
(0.03219 -0.01076 -0.03517)
(0.02070 -0.00341 -0.04078)
(0.00582 0.00975 -0.05412)
(0.01634 0.00652 -0.04573)
(0.00038 0.01532 -0.06102)
(0.01718 0.00769 -0.05182)
(0.01070 0.00986 -0.06104)
(0.01439 0.00807 -0.05974)
(0.01284 0.00839 -0.06296)
(0.01476 0.00670 -0.06588)
(0.02842 -0.00868 -0.05881)
(0.02205 -0.00573 -0.06207)
(0.01561 -0.00514 -0.07536)
(0.02232 -0.01645 -0.07376)
(0.03120 -0.02673 -0.06185)
(0.03103 -0.03526 -0.06179)
(0.02249 -0.04080 -0.06607)
(0.02225 -0.04393 -0.06508)
(0.04852 -0.06899 -0.04302)
(0.04919 -0.09411 -0.02845)
(0.05632 -0.10045 -0.02185)
(0.06177 -0.10858 -0.01613)
(0.06226 -0.11709 0.01080)
(0.08078 -0.12562 0.03237)
(0.07150 -0.12944 0.04780)
(0.09039 -0.13016 0.05797)
(0.08676 -0.12386 0.06840)
(0.10252 -0.11828 0.08938)
(0.10235 -0.11702 0.09077)
(0.10466 -0.11306 0.09253)
(0.10621 -0.11292 0.09317)
(0.11046 -0.08766 0.09082)
(0.11202 -0.08409 0.09226)
(0.10792 -0.07717 0.09023)
(0.10802 -0.07701 0.09106)
(0.10529 -0.07029 0.08620)
(0.09563 -0.06525 0.08109)
(0.09277 -0.06614 0.08286)
(0.09092 -0.06565 0.08094)
(0.07462 -0.05583 0.07591)
(0.04460 -0.03685 0.05059)
(0.00436 -0.00396 0.00541)
(0.00441 -0.00385 0.00533)
(-0.00023 0.00057 0.00207)
(0.00517 -0.00416 0.00769)
(0.01992 -0.02033 -0.00651)
(0.02093 -0.02121 -0.00865)
(0.02251 -0.02218 -0.01173)
(0.02347 -0.02226 -0.01534)
(0.02791 -0.02079 -0.02859)
(0.02604 -0.02093 -0.03805)
(0.03101 -0.02420 -0.03253)
(0.00951 -0.00217 -0.04684)
(0.01285 -0.00119 -0.04939)
(-0.00092 0.01412 -0.06200)
(-0.00508 0.01691 -0.06413)
(-0.00328 0.01756 -0.06359)
(-0.00835 0.01738 -0.06992)
(0.00774 0.01086 -0.06470)
(-0.00059 0.01405 -0.07014)
(0.00594 0.01096 -0.06793)
(-0.00355 0.01290 -0.08625)
(-0.00313 0.01101 -0.09220)
(0.00398 0.00897 -0.08525)
(0.00852 0.00187 -0.08616)
(0.00180 0.00285 -0.10033)
(0.00153 0.00113 -0.09980)
(0.01516 -0.02094 -0.07620)
(0.01744 -0.03707 -0.06970)
(0.01691 -0.04009 -0.06871)
(0.02069 -0.04661 -0.06452)
(0.02575 -0.06996 -0.05044)
(0.04889 -0.09821 -0.02566)
(0.04537 -0.10390 -0.01701)
(0.04951 -0.11648 0.00231)
(0.06121 -0.12245 0.02005)
(0.06520 -0.13007 0.04506)
(0.07179 -0.13025 0.05259)
(0.07157 -0.13141 0.05621)
(0.09968 -0.12084 0.08910)
(0.09982 -0.12020 0.09036)
(0.10335 -0.11622 0.09199)
(0.10510 -0.11588 0.09316)
(0.11086 -0.10032 0.09252)
(0.11841 -0.09717 0.09548)
(0.11258 -0.08715 0.09445)
(0.11207 -0.08335 0.09117)
(0.10485 -0.06895 0.08679)
(0.09738 -0.07019 0.08442)
(0.09475 -0.06889 0.08362)
(0.07279 -0.05522 0.07674)
(0.05191 -0.04208 0.05847)
(0.02764 -0.02325 0.03225)
(0.05270 -0.04244 0.05989)
(0.00715 -0.00609 0.00860)
(-0.00002 0.00020 0.00054)
(0.00007 0.00131 0.00403)
(0.00022 0.00111 0.00264)
(0.00121 0.00272 0.00929)
(0.00936 -0.00464 0.00578)
(0.01770 -0.00953 -0.00127)
(0.02171 -0.01937 -0.00871)
(0.02156 -0.01664 -0.01112)
(0.02251 -0.02098 -0.01190)
(0.01955 -0.01808 -0.03050)
(0.02063 -0.01773 -0.03265)
(0.02250 -0.01734 -0.03943)
(0.01057 -0.00606 -0.04966)
(0.00479 0.00110 -0.05272)
(-0.00586 0.00608 -0.05932)
(-0.00500 0.01038 -0.06236)
(-0.01122 0.01952 -0.06679)
(-0.00930 0.01959 -0.06686)
(-0.02098 0.02551 -0.07439)
(-0.04225 0.03126 -0.09522)
(-0.00237 0.01423 -0.07313)
(-0.02439 0.02201 -0.10796)
(-0.03076 0.02032 -0.11636)
(-0.01085 0.00957 -0.10327)
(-0.00574 0.00625 -0.10706)
(-0.00225 0.00357 -0.10510)
(0.00198 -0.00986 -0.09251)
(0.00415 -0.02509 -0.08574)
(0.01185 -0.03528 -0.07340)
(0.01504 -0.04392 -0.06751)
(0.00503 -0.05985 -0.06030)
(0.02838 -0.08772 -0.03374)
(0.02428 -0.09602 -0.02200)
(0.02739 -0.10815 -0.01163)
(0.04745 -0.12403 0.01742)
(0.05501 -0.13059 0.04025)
(0.06623 -0.13071 0.05069)
(0.06688 -0.13237 0.05578)
(0.08228 -0.12832 0.07555)
(0.09526 -0.12889 0.08847)
(0.10117 -0.11944 0.09177)
(0.10420 -0.12132 0.09502)
(0.11195 -0.11256 0.09577)
(0.11130 -0.11267 0.09806)
(0.11755 -0.09827 0.09587)
(0.11477 -0.09211 0.09320)
(0.11419 -0.08754 0.09195)
(0.10747 -0.08050 0.08832)
(0.08666 -0.06348 0.08321)
(0.07423 -0.05566 0.07829)
(0.07211 -0.05537 0.07895)
(0.06869 -0.05439 0.07830)
(0.04531 -0.03667 0.05294)
(0.00705 -0.00625 0.00922)
(-0.00557 0.00500 -0.00742)
(0.00013 0.00014 0.00025)
(0.00174 0.00157 0.00302)
(0.01102 -0.00039 0.00885)
(0.00861 -0.00050 0.00633)
(0.01886 -0.00353 0.00679)
(0.01915 -0.00810 -0.00110)
(0.02225 -0.01267 -0.00550)
(0.02447 -0.01650 -0.01914)
(0.02061 -0.01547 -0.02679)
(0.01837 -0.01586 -0.04260)
(0.01786 -0.01655 -0.04544)
(0.00633 -0.00698 -0.04836)
(-0.00317 0.00094 -0.05632)
(-0.02150 0.01497 -0.06455)
(-0.02462 0.01700 -0.06879)
(-0.03486 0.02467 -0.07254)
(-0.05147 0.03594 -0.08410)
(-0.01573 0.02257 -0.06960)
(-0.03715 0.03044 -0.08165)
(-0.05964 0.03859 -0.10728)
(-0.04654 0.03320 -0.10265)
(-0.04451 0.02806 -0.11513)
(-0.04591 0.02830 -0.12267)
(-0.02666 0.01662 -0.11559)
(-0.03325 0.01953 -0.12739)
(-0.03580 0.01611 -0.12893)
(-0.01626 -0.00039 -0.10993)
(-0.01541 -0.01010 -0.10131)
(-0.01531 -0.01189 -0.10382)
(-0.00850 -0.03516 -0.08157)
(-0.00369 -0.05408 -0.06509)
(0.00212 -0.06987 -0.05323)
(0.00761 -0.08862 -0.03388)
(0.01010 -0.09676 -0.02613)
(0.02661 -0.11447 0.00307)
(0.02735 -0.11625 0.01263)
(0.06086 -0.13036 0.04907)
(0.05719 -0.13525 0.05967)
(0.06628 -0.13923 0.07043)
(0.06968 -0.13796 0.07930)
(0.08639 -0.13451 0.08788)
(0.09230 -0.13142 0.09008)
(0.10665 -0.12214 0.09619)
(0.10988 -0.11609 0.10140)
(0.11270 -0.10469 0.09942)
(0.10877 -0.10269 0.09997)
(0.11049 -0.08979 0.09614)
(0.09261 -0.07939 0.09636)
(0.09179 -0.07444 0.09200)
(0.08638 -0.07329 0.09728)
(0.07601 -0.06028 0.09364)
(0.06128 -0.05189 0.08060)
(0.03796 -0.03197 0.04888)
(0.01060 -0.00902 0.01404)
(-0.00402 0.00368 -0.00564)
(0.00221 0.00029 0.00152)
(0.01290 0.00041 0.00741)
(0.02167 -0.00417 0.00306)
(0.02476 -0.00908 -0.00582)
(0.02559 -0.01105 -0.00968)
(0.02442 -0.01376 -0.01626)
(0.01649 -0.01117 -0.03245)
(0.02029 -0.01472 -0.02652)
(0.01497 -0.01192 -0.04000)
(0.00711 -0.00699 -0.04793)
(0.01301 -0.01247 -0.04642)
(-0.00367 0.00141 -0.05314)
(-0.01322 0.00494 -0.05984)
(-0.02650 0.01184 -0.06513)
(-0.03089 0.01515 -0.06672)
(-0.02994 0.02032 -0.06961)
(-0.04221 0.02461 -0.06927)
(-0.04811 0.03163 -0.07625)
(-0.06963 0.03983 -0.08787)
(-0.06177 0.03924 -0.09874)
(-0.06795 0.04246 -0.10807)
(-0.06590 0.04240 -0.11235)
(-0.06479 0.03613 -0.13314)
(-0.07729 0.03796 -0.15472)
(-0.04665 0.02454 -0.13840)
(-0.04463 0.02242 -0.13920)
(-0.04825 0.01617 -0.14096)
(-0.03815 0.01116 -0.13008)
(-0.03012 0.00247 -0.12078)
(-0.02441 -0.00732 -0.11159)
(-0.01656 -0.02424 -0.08922)
(-0.01566 -0.03694 -0.08171)
(-0.00770 -0.06366 -0.06037)
(-0.00763 -0.07231 -0.04962)
(-0.01034 -0.08529 -0.03640)
(0.01550 -0.10579 -0.00754)
(0.01838 -0.11235 0.01077)
(0.02965 -0.13034 0.03298)
(0.03387 -0.13645 0.04842)
(0.05309 -0.13876 0.06046)
(0.06388 -0.14387 0.07655)
(0.07165 -0.14290 0.07901)
(0.08653 -0.13790 0.08874)
(0.08244 -0.14289 0.09367)
(0.09936 -0.12496 0.09698)
(0.10799 -0.11681 0.10276)
(0.09471 -0.11883 0.11133)
(0.09509 -0.11433 0.11088)
(0.09449 -0.10374 0.10904)
(0.09253 -0.11138 0.11231)
(0.09007 -0.08961 0.10553)
(0.08070 -0.07410 0.10109)
(0.07860 -0.07255 0.09970)
(0.06903 -0.06092 0.08842)
(0.02076 -0.01920 0.02829)
(0.00285 -0.00326 0.00479)
(-0.00109 0.00125 -0.00184)
(0.00045 0.00006 0.00029)
(0.00720 0.00062 0.00432)
(0.01920 0.00004 0.00970)
(0.02361 -0.00491 0.00191)
(0.02511 -0.00965 -0.00992)
(0.02372 -0.01100 -0.01486)
(0.02215 -0.01114 -0.02228)
(0.01068 -0.00646 -0.04057)
(0.00865 -0.00623 -0.04392)
(0.00563 -0.00479 -0.04674)
(-0.00640 0.00262 -0.05546)
(-0.02852 0.01314 -0.06558)
(-0.03258 0.01609 -0.06681)
(-0.03899 0.02048 -0.06845)
(-0.06333 0.03966 -0.08146)
(-0.07619 0.04446 -0.09122)
(-0.07700 0.04452 -0.10311)
(-0.08904 0.04995 -0.12023)
(-0.07759 0.04276 -0.12165)
(-0.09317 0.05125 -0.13030)
(-0.08199 0.04282 -0.14294)
(-0.08244 0.04012 -0.15832)
(-0.07564 0.03664 -0.15844)
(-0.07004 0.03331 -0.15796)
(-0.05610 0.02337 -0.15357)
(-0.04851 0.01561 -0.13935)
(-0.03927 0.01093 -0.13460)
(-0.04222 0.00574 -0.12837)
(-0.03060 -0.01363 -0.10112)
(-0.03482 -0.01963 -0.09821)
(-0.02212 -0.04352 -0.07867)
(-0.01532 -0.06866 -0.05169)
(-0.01324 -0.08042 -0.04037)
(-0.00886 -0.08917 -0.03071)
(0.00139 -0.10004 -0.01055)
(0.02188 -0.13041 0.02909)
(0.02892 -0.12680 0.03030)
(0.03571 -0.11978 0.03464)
(0.05296 -0.13632 0.06337)
(0.06827 -0.14340 0.07916)
(0.07348 -0.14244 0.08317)
(0.07524 -0.14242 0.08533)
(0.08448 -0.13104 0.08973)
(0.09006 -0.12234 0.10666)
(0.09086 -0.11558 0.11340)
(0.09260 -0.10443 0.11273)
(0.08694 -0.09246 0.10792)
(0.07789 -0.08954 0.10794)
(0.07875 -0.08025 0.10548)
(0.07359 -0.07231 0.10450)
(0.06835 -0.06334 0.08801)
(0.02245 -0.02153 0.03083)
(0.00161 -0.00150 0.00224)
(0.00033 0.00010 0.00010)
(0.00995 0.00265 0.00268)
(0.02083 -0.00101 -0.00057)
(0.02805 -0.00665 -0.00708)
(0.02631 -0.00773 -0.00758)
(0.02415 -0.00834 -0.02126)
(0.01820 -0.00641 -0.02803)
(0.02341 -0.00915 -0.02369)
(0.01018 -0.00629 -0.04136)
(0.00783 -0.00556 -0.04417)
(0.00716 -0.00499 -0.04461)
(0.00440 -0.00380 -0.04712)
(0.00207 -0.00256 -0.04904)
(-0.03018 0.01520 -0.06481)
(-0.03390 0.01674 -0.06702)
(-0.03992 0.02047 -0.06854)
(-0.06695 0.04075 -0.08537)
(-0.07586 0.04330 -0.09004)
(-0.08621 0.04794 -0.11293)
(-0.09975 0.05643 -0.12672)
(-0.10106 0.05583 -0.13243)
(-0.08786 0.04465 -0.14540)
(-0.08678 0.04170 -0.16185)
(-0.08121 0.03916 -0.16223)
(-0.08022 0.03859 -0.16583)
(-0.07495 0.03492 -0.17096)
(-0.05385 0.01875 -0.14530)
(-0.06168 0.02231 -0.14548)
(-0.04541 -0.00040 -0.12742)
(-0.03478 -0.02333 -0.09446)
(-0.03071 -0.03966 -0.08256)
(-0.01181 -0.08431 -0.03589)
(0.00794 -0.10169 -0.00013)
(0.01843 -0.11517 0.01308)
(0.03781 -0.12727 0.04354)
(0.07022 -0.14254 0.08040)
(0.07598 -0.14345 0.08803)
(0.08873 -0.11975 0.11439)
(0.08389 -0.10363 0.11385)
(0.02601 -0.02606 0.03590)
(0.00224 0.00020 0.00061)
(0.01627 0.00125 -0.00059)
(0.02951 -0.00263 -0.01103)
(0.02649 0.00022 -0.00235)
(0.02908 -0.00306 -0.01294)
(0.02844 -0.00422 -0.01499)
(0.01803 -0.00545 -0.02876)
(0.00964 -0.00595 -0.04215)
(0.00648 -0.00433 -0.04523)
(0.00328 -0.00282 -0.04762)
(-0.00378 0.00035 -0.05440)
(-0.02816 0.01581 -0.06548)
(-0.04100 0.02607 -0.06928)
(-0.04220 0.02348 -0.06919)
(-0.06966 0.04133 -0.08115)
(-0.06823 0.04031 -0.08373)
(-0.08427 0.04733 -0.09001)
(-0.09511 0.05246 -0.10925)
(-0.09729 0.05433 -0.10624)
(-0.10065 0.05657 -0.12656)
(-0.10162 0.05610 -0.13332)
(-0.10174 0.05341 -0.14460)
(-0.09548 0.04701 -0.16674)
(-0.08761 0.04191 -0.16786)
(-0.08477 0.04066 -0.16935)
(-0.07112 0.03132 -0.17097)
(-0.00326 -0.00035 -0.00065)
(0.00929 0.00049 0.00046)
(0.02994 0.00118 -0.00359)
(0.03066 -0.00096 -0.00711)
(0.02785 -0.00333 -0.01473)
(0.02444 -0.00596 -0.02219)
(0.01740 -0.00522 -0.03062)
(0.01449 -0.00421 -0.03417)
(0.01469 -0.00428 -0.03460)
(0.00495 -0.00222 -0.04629)
(-0.00441 0.00227 -0.05370)
(-0.01313 0.00872 -0.05823)
(-0.03601 0.02238 -0.06807)
(-0.03924 0.02499 -0.06908)
(-0.05269 0.03311 -0.07697)
(-0.06729 0.04238 -0.08154)
(-0.08474 0.04982 -0.09093)
(-0.09242 0.05340 -0.10701)
(-0.10027 0.05644 -0.12631)
(-0.10406 0.05428 -0.15240)
(-0.10380 0.05204 -0.17140)
(-0.00321 -0.00028 -0.00046)
(0.00226 0.00019 0.00029)
(0.01551 0.00083 0.00095)
(0.02816 -0.00113 -0.01126)
(0.02689 -0.00176 -0.01429)
(0.02315 -0.00274 -0.02313)
(0.01500 -0.00256 -0.03401)
(0.00569 -0.00049 -0.04815)
(-0.00172 0.00199 -0.05575)
(-0.01362 0.01078 -0.06079)
(-0.03211 0.02024 -0.06665)
(-0.03818 0.02464 -0.06947)
(-0.04889 0.03021 -0.07558)
(-0.06856 0.04309 -0.08759)
(-0.07704 0.04770 -0.09039)
(-0.08301 0.04991 -0.09811)
(-0.09758 0.05614 -0.11572)
(0.00074 0.00006 0.00009)
(0.01539 0.00106 -0.00274)
(0.02235 -0.00023 -0.00817)
(0.02786 -0.00064 -0.01214)
(0.02598 -0.00145 -0.01620)
(0.02519 -0.00123 -0.01779)
(0.02044 -0.00094 -0.03011)
(0.01186 0.00102 -0.04061)
(0.00379 0.00333 -0.04762)
(0.00575 0.00462 -0.04771)
(-0.00817 0.01040 -0.06135)
(-0.01510 0.01502 -0.06424)
(-0.02321 0.01729 -0.06774)
(-0.02201 0.01982 -0.06989)
(-0.03454 0.02531 -0.07066)
(-0.05541 0.03572 -0.07849)
(0.00189 0.00022 0.00013)
(0.02282 0.00099 -0.00387)
(0.02733 -0.00038 -0.01348)
(0.03052 0.00338 -0.01429)
(0.02802 0.00078 -0.01972)
(0.02477 0.00129 -0.02741)
(0.01723 0.00038 -0.03964)
(0.00679 0.00448 -0.04706)
(-0.01138 0.01298 -0.06636)
(-0.01802 0.01744 -0.06873)
(-0.00041 -0.00006 0.00002)
(0.01061 0.00215 -0.00197)
(0.02336 0.00406 -0.00967)
(-0.06084 0.02190 -0.14788)
(-0.03917 -0.01500 -0.10264)
(-0.01666 -0.07541 -0.04559)
(-0.00820 -0.08691 -0.02996)
(0.02928 -0.11403 0.02428)
(0.05974 -0.13906 0.06715)
(0.07179 -0.14281 0.08328)
(0.08008 -0.13194 0.10045)
(0.08331 -0.11619 0.11322)
(0.07370 -0.09903 0.11639)
(0.07496 -0.08807 0.10816)
(0.06399 -0.06785 0.09351)
(0.06303 -0.06589 0.09074)
(0.06189 -0.06360 0.08759)
(0.00588 -0.00581 0.00799)
(-0.08844 0.04146 -0.17814)
(-0.07262 0.03007 -0.16616)
(-0.06319 0.02480 -0.15928)
(-0.06014 0.01478 -0.14187)
(-0.04728 -0.00833 -0.11360)
(-0.03852 -0.01907 -0.09868)
(-0.03693 -0.03080 -0.08803)
(-0.03358 -0.04491 -0.07656)
(-0.01514 -0.07905 -0.04189)
(-0.01412 -0.07202 -0.04319)
(0.00515 -0.09807 -0.00743)
(0.01551 -0.10878 0.00744)
(0.02712 -0.11010 0.01804)
(0.03238 -0.11655 0.02670)
(0.04336 -0.12914 0.04620)
(0.06734 -0.14182 0.07660)
(0.06888 -0.14243 0.08039)
(0.07346 -0.14324 0.08795)
(0.07214 -0.14289 0.10776)
(0.07916 -0.12868 0.11692)
(0.07370 -0.12206 0.11753)
(0.07541 -0.11128 0.11674)
(0.07009 -0.10328 0.11682)
(0.06438 -0.08277 0.10489)
(0.06301 -0.06854 0.09220)
(0.06198 -0.06498 0.08703)
(0.02403 -0.02434 0.03239)
(0.00242 -0.00240 0.00318)
(-0.10618 0.05117 -0.18647)
(-0.10063 0.04827 -0.18704)
(-0.09971 0.04818 -0.18848)
(-0.09101 0.04329 -0.18877)
(-0.08540 0.03812 -0.18086)
(-0.08263 0.03638 -0.16600)
(-0.07027 0.02549 -0.14683)
(-0.06694 0.01332 -0.13461)
(-0.04278 -0.01408 -0.10325)
(-0.06143 0.00094 -0.12036)
(-0.04309 -0.02121 -0.09695)
(-0.03998 -0.03175 -0.08530)
(-0.02297 -0.05733 -0.05881)
(-0.01727 -0.06673 -0.05012)
(-0.00392 -0.08387 -0.02601)
(0.00566 -0.09140 -0.01221)
(0.01398 -0.09370 -0.00481)
(0.03236 -0.11638 0.02432)
(0.04105 -0.12596 0.03361)
(0.05525 -0.13277 0.05492)
(0.06064 -0.13882 0.06539)
(0.06519 -0.14626 0.09041)
(0.06537 -0.14992 0.11224)
(0.06705 -0.14085 0.10937)
(0.07117 -0.12520 0.11759)
(0.07259 -0.11306 0.11800)
(0.06649 -0.11459 0.11770)
(0.06610 -0.09961 0.11512)
(0.06580 -0.09285 0.10892)
(0.06618 -0.09338 0.10568)
(0.06289 -0.07227 0.09534)
(0.06159 -0.06539 0.08465)
(0.03193 -0.03216 0.03995)
(0.00727 -0.00732 0.00868)
(-0.00283 0.00280 -0.00329)
(-0.10168 0.05375 -0.13566)
(-0.10511 0.05275 -0.15341)
(-0.10647 0.05289 -0.16881)
(-0.10694 0.05188 -0.18418)
(-0.10750 0.05133 -0.18977)
(-0.10645 0.05278 -0.19932)
(-0.09728 0.04678 -0.18798)
(-0.09641 0.04620 -0.18406)
(-0.09553 0.04219 -0.16947)
(-0.09199 0.03815 -0.16160)
(-0.07969 0.02675 -0.14644)
(-0.07152 0.00923 -0.13108)
(-0.04963 -0.00921 -0.11179)
(-0.04923 -0.01465 -0.10532)
(-0.03808 -0.03385 -0.08319)
(-0.02109 -0.04694 -0.06632)
(-0.01528 -0.05285 -0.06205)
(-0.00486 -0.07706 -0.03204)
(0.00230 -0.08084 -0.02569)
(0.01805 -0.09898 -0.00459)
(0.02721 -0.10842 0.00646)
(0.03821 -0.11580 0.01922)
(0.04777 -0.12652 0.03833)
(0.05563 -0.13547 0.06042)
(0.06235 -0.14124 0.07652)
(0.05863 -0.13695 0.07455)
(0.06410 -0.13989 0.09228)
(0.06229 -0.13180 0.10661)
(0.06823 -0.13064 0.11510)
(0.06443 -0.12053 0.11403)
(0.06606 -0.10873 0.11519)
(0.06638 -0.08644 0.10211)
(0.06369 -0.09587 0.10327)
(0.06477 -0.08028 0.09358)
(0.05739 -0.06854 0.07970)
(0.00752 -0.00749 0.00796)
(-0.00661 0.00652 -0.00663)
(0.04501 -0.05449 0.06057)
(-0.06717 0.04292 -0.08771)
(-0.07187 0.04503 -0.09074)
(-0.07455 0.04672 -0.09429)
(-0.09026 0.05098 -0.11395)
(-0.10062 0.05427 -0.13515)
(-0.10431 0.05315 -0.14083)
(-0.10451 0.05295 -0.14100)
(-0.10826 0.05401 -0.15828)
(-0.11075 0.05473 -0.17479)
(-0.11023 0.05433 -0.18821)
(-0.11186 0.05584 -0.19809)
(-0.11051 0.05540 -0.19721)
(-0.10463 0.05016 -0.18371)
(-0.09434 0.04039 -0.16455)
(-0.09254 0.03812 -0.15973)
(-0.07539 0.01783 -0.14309)
(-0.06372 -0.00044 -0.12314)
(-0.04974 -0.01176 -0.11791)
(-0.04317 -0.02618 -0.09362)
(-0.04678 -0.01046 -0.11754)
(-0.02069 -0.04545 -0.07004)
(-0.01682 -0.04847 -0.06600)
(-0.01193 -0.05426 -0.05890)
(0.01215 -0.08314 -0.02274)
(0.02211 -0.10264 0.00025)
(0.02004 -0.09787 -0.00454)
(0.03177 -0.10802 0.00664)
(0.04545 -0.12600 0.03652)
(0.04313 -0.11873 0.02721)
(0.05361 -0.13207 0.04917)
(0.05799 -0.13246 0.05920)
(0.05951 -0.13778 0.07595)
(0.06238 -0.12640 0.09613)
(0.06428 -0.12489 0.11307)
(0.06465 -0.12059 0.11220)
(0.06497 -0.11648 0.11251)
(0.06458 -0.09375 0.09306)
(0.06462 -0.08860 0.09070)
(0.06326 -0.08188 0.08496)
(0.03756 -0.04225 0.04417)
(0.00474 -0.00506 0.00521)
(0.02262 -0.02386 0.02261)
(0.00437 -0.00451 0.00422)
(-0.02070 0.01940 -0.07023)
(-0.02435 0.02156 -0.07107)
(-0.03735 0.02811 -0.07706)
(-0.06591 0.04280 -0.08762)
(-0.06994 0.04460 -0.09054)
(-0.06802 0.04418 -0.09000)
(-0.07271 0.04626 -0.09398)
(-0.08747 0.05205 -0.12140)
(-0.08137 0.05004 -0.10534)
(-0.09170 0.05239 -0.12977)
(-0.09973 0.05434 -0.14286)
(-0.10931 0.05589 -0.16719)
(-0.10920 0.05645 -0.17585)
(-0.10742 0.05523 -0.18855)
(-0.11337 0.05658 -0.19813)
(-0.11248 0.05641 -0.19714)
(-0.11317 0.05704 -0.19612)
(-0.11218 0.05564 -0.18879)
(-0.09666 0.04256 -0.16711)
(-0.09469 0.04022 -0.16254)
(-0.08212 0.02730 -0.15480)
(-0.06403 0.00583 -0.13346)
(-0.05146 -0.00475 -0.12464)
(-0.04747 -0.00854 -0.12106)
(-0.03069 -0.03239 -0.08197)
(-0.01812 -0.04489 -0.06947)
(-0.01321 -0.05074 -0.06215)
(-0.01460 -0.04728 -0.06559)
(0.00605 -0.06770 -0.04039)
(0.01599 -0.07237 -0.03948)
(0.03223 -0.09823 -0.00990)
(0.03887 -0.10110 -0.00520)
(0.05673 -0.12947 0.04953)
(0.05790 -0.13117 0.05621)
(0.05899 -0.13381 0.06531)
(0.06206 -0.12650 0.08304)
(0.06443 -0.12455 0.11143)
(0.06482 -0.12059 0.11066)
(0.06518 -0.11658 0.11100)
(0.06422 -0.10936 0.10461)
(0.06355 -0.09183 0.08901)
(0.06069 -0.07381 0.07160)
(0.02010 -0.02170 0.01898)
(-0.00434 0.00448 -0.00384)
(0.00149 -0.00158 0.00136)
(0.03034 0.00650 -0.01741)
(0.02487 0.00562 -0.03034)
(0.02326 0.00321 -0.03345)
(0.01747 0.00333 -0.04653)
(0.01293 0.00401 -0.05308)
(0.00927 0.00728 -0.05444)
(-0.00668 0.01223 -0.06155)
(-0.01688 0.01707 -0.06911)
(-0.01576 0.01681 -0.06981)
(-0.01945 0.01905 -0.07076)
(-0.02337 0.02137 -0.07154)
(-0.03481 0.02878 -0.07938)
(-0.05534 0.03914 -0.08723)
(-0.06270 0.04047 -0.09057)
(-0.07593 0.04883 -0.10367)
(-0.08952 0.05326 -0.12680)
(-0.10268 0.05699 -0.14091)
(-0.10738 0.05683 -0.16794)
(-0.10938 0.05682 -0.17295)
(-0.10958 0.05630 -0.18302)
(-0.11384 0.05747 -0.18890)
(-0.11420 0.05725 -0.19721)
(-0.11485 0.05789 -0.19608)
(-0.11396 0.05486 -0.18913)
(-0.10284 0.04643 -0.17701)
(-0.09274 0.03693 -0.16939)
(-0.08361 0.02770 -0.16283)
(-0.07355 0.01571 -0.14388)
(-0.05286 -0.00255 -0.12834)
(-0.04816 -0.00681 -0.12502)
(-0.03746 -0.02032 -0.10590)
(-0.02212 -0.03365 -0.08603)
(-0.01724 -0.03644 -0.08017)
(-0.00384 -0.05181 -0.06064)
(0.01271 -0.06062 -0.04920)
(0.02280 -0.07200 -0.04219)
(0.02845 -0.08244 -0.02898)
(0.03790 -0.08983 -0.02168)
(0.04457 -0.10508 0.00219)
(0.05118 -0.12033 0.03254)
(0.05729 -0.12916 0.04985)
(0.05842 -0.13063 0.05679)
(0.05898 -0.13253 0.06297)
(0.06168 -0.13048 0.07569)
(0.06493 -0.12671 0.10647)
(0.05878 -0.12175 0.09415)
(0.06329 -0.11841 0.10053)
(0.05740 -0.10099 0.09721)
(0.06395 -0.09517 0.08925)
(0.06382 -0.08735 0.08322)
(0.06114 -0.08024 0.07549)
(0.04793 -0.05631 0.05082)
(0.01104 -0.01200 0.01046)
(0.00213 0.00046 -0.00052)
(0.00521 0.00116 -0.00189)
(0.02846 0.00719 -0.01848)
(0.02450 0.00672 -0.03296)
(0.01583 0.00813 -0.04406)
(0.01602 0.00553 -0.04902)
(0.00710 0.00567 -0.05850)
(0.00019 0.00719 -0.06451)
(-0.00556 0.01072 -0.06872)
(-0.00625 0.01091 -0.06822)
(-0.02032 0.01808 -0.07497)
(-0.03523 0.02288 -0.08093)
(-0.03718 0.02613 -0.07920)
(-0.05013 0.03439 -0.08349)
(-0.05552 0.03905 -0.08623)
(-0.08222 0.04822 -0.10034)
(-0.08716 0.05004 -0.10462)
(-0.09273 0.05561 -0.12063)
(-0.10684 0.06086 -0.13504)
(-0.11041 0.05861 -0.15634)
(-0.12435 0.06717 -0.15612)
(-0.12148 0.06408 -0.17946)
(-0.12563 0.06695 -0.18070)
(-0.12288 0.06327 -0.19297)
(-0.12724 0.06571 -0.18970)
(-0.12366 0.06104 -0.18885)
(-0.11611 0.05710 -0.18467)
(-0.10529 0.04650 -0.17866)
(-0.09625 0.03518 -0.17232)
(-0.07848 0.01936 -0.15852)
(-0.06822 0.01044 -0.15345)
(-0.05841 0.00167 -0.14546)
(-0.03846 -0.01347 -0.12197)
(-0.02796 -0.01778 -0.10760)
(-0.01910 -0.02694 -0.09842)
(-0.00094 -0.04397 -0.07295)
(0.01177 -0.05570 -0.05589)
(0.01728 -0.06444 -0.04810)
(0.03338 -0.08123 -0.03239)
(0.03835 -0.09427 -0.01143)
(0.04440 -0.10552 0.01065)
(0.05276 -0.12082 0.03987)
(0.05596 -0.12463 0.07400)
(0.04904 -0.11791 0.05786)
(0.06045 -0.12815 0.09034)
(0.05094 -0.11250 0.08725)
(0.05254 -0.10719 0.09818)
(0.05126 -0.09811 0.09580)
(0.05719 -0.09015 0.08921)
(0.05407 -0.08154 0.07701)
(0.03324 -0.05298 0.05528)
(0.01666 -0.02649 0.02752)
(0.00628 -0.00993 0.01028)
(0.00151 0.00049 -0.00067)
(0.01937 0.00856 -0.02278)
(0.01792 0.00920 -0.04105)
(0.00831 0.01124 -0.05251)
(0.00733 0.01095 -0.05397)
(0.00540 0.01052 -0.05663)
(0.00342 0.00625 -0.06568)
(0.00081 0.01078 -0.06251)
(-0.00528 0.01067 -0.07121)
(-0.01214 0.01327 -0.07819)
(-0.02843 0.01583 -0.08105)
(-0.03648 0.02275 -0.08302)
(-0.04626 0.02808 -0.08375)
(-0.05112 0.03502 -0.08454)
(-0.06553 0.04072 -0.08957)
(-0.07877 0.04620 -0.09763)
(-0.10222 0.05357 -0.10850)
(-0.10738 0.05958 -0.11760)
(-0.11405 0.06230 -0.14191)
(-0.13708 0.07552 -0.15044)
(-0.13458 0.07399 -0.16575)
(-0.13610 0.07427 -0.17027)
(-0.13198 0.06865 -0.18407)
(-0.14061 0.07481 -0.17463)
(-0.13072 0.06626 -0.18905)
(-0.12555 0.06147 -0.18753)
(-0.11633 0.05645 -0.18521)
(-0.10880 0.04739 -0.18231)
(-0.09748 0.03268 -0.17725)
(-0.08800 0.02697 -0.16911)
(-0.09257 0.02789 -0.17573)
(-0.06843 0.01055 -0.15767)
(-0.05518 -0.00035 -0.15517)
(-0.04983 -0.00500 -0.14645)
(-0.04196 -0.00908 -0.13610)
(-0.03142 -0.01408 -0.11978)
(-0.02096 -0.01959 -0.10677)
(-0.00533 -0.03071 -0.09585)
(-0.00381 -0.03909 -0.08392)
(0.00620 -0.04630 -0.07552)
(0.01556 -0.05306 -0.06330)
(0.02795 -0.07312 -0.03997)
(0.02426 -0.06764 -0.04906)
(0.03058 -0.07950 -0.03065)
(0.03272 -0.08544 -0.01957)
(0.04349 -0.10634 0.02175)
(0.04762 -0.11379 0.04857)
(0.05290 -0.11955 0.07967)
(0.04740 -0.11406 0.06197)
(0.04789 -0.11512 0.08734)
(0.03290 -0.09561 0.08905)
(0.04570 -0.10014 0.09048)
(0.03259 -0.09012 0.08830)
(0.04636 -0.08581 0.08350)
(0.04433 -0.07907 0.07667)
(0.03125 -0.08864 0.08766)
(0.03450 -0.06200 0.06017)
(0.00553 -0.01241 0.01318)
(0.00040 0.00017 -0.00028)
(0.01225 0.00691 -0.02534)
(0.00436 0.00971 -0.04174)
(0.00443 0.01186 -0.05736)
(0.00224 0.01116 -0.06030)
(0.00008 0.01235 -0.06127)
(-0.00158 0.01187 -0.06360)
(-0.01371 0.01428 -0.07722)
(-0.02749 0.01998 -0.08455)
(-0.04589 0.02422 -0.08601)
(-0.04671 0.03033 -0.08634)
(-0.06636 0.03864 -0.09162)
(-0.07448 0.03892 -0.09549)
(-0.08624 0.04647 -0.10005)
(-0.11368 0.05850 -0.10935)
(-0.11548 0.06044 -0.11276)
(-0.12063 0.06271 -0.11501)
(-0.11615 0.06410 -0.13568)
(-0.14084 0.07760 -0.14724)
(-0.14039 0.07732 -0.15299)
(-0.14213 0.07700 -0.15760)
(-0.14385 0.07508 -0.16580)
(-0.13900 0.07058 -0.17489)
(-0.13070 0.05967 -0.17932)
(-0.12455 0.05794 -0.18404)
(-0.12148 0.05378 -0.17841)
(-0.09900 0.03266 -0.17843)
(-0.09516 0.02893 -0.17749)
(-0.08785 0.02397 -0.17511)
(-0.06439 0.00668 -0.16414)
(-0.05019 -0.00155 -0.15015)
(-0.03740 -0.00942 -0.13497)
(-0.02566 -0.01718 -0.12044)
(-0.00520 -0.02809 -0.10701)
(0.00375 -0.03642 -0.08966)
(0.00701 -0.03952 -0.08654)
(0.01860 -0.05609 -0.06441)
(0.02872 -0.07574 -0.03555)
(0.02996 -0.07917 -0.02980)
(0.04221 -0.10004 0.01151)
(0.03954 -0.09362 -0.00358)
(0.04335 -0.10792 0.03506)
(0.04071 -0.10723 0.04769)
(0.04617 -0.11193 0.07071)
(0.03952 -0.10745 0.05450)
(0.03233 -0.09673 0.08135)
(0.02733 -0.09157 0.08806)
(0.02801 -0.08914 0.08772)
(0.03587 -0.07962 0.07605)
(0.02642 -0.05547 0.05486)
(0.02346 -0.08137 0.08169)
(0.00655 -0.01726 0.01773)
(0.00127 -0.00345 0.00355)
(-0.00050 -0.00032 0.00030)
(0.00342 0.00492 -0.01894)
(0.00064 0.00977 -0.02695)
(0.00110 0.01339 -0.05901)
(-0.00435 0.01357 -0.06347)
(-0.02621 0.02053 -0.08070)
(-0.03563 0.02256 -0.08354)
(-0.04897 0.02502 -0.08663)
(-0.07403 0.03841 -0.09596)
(-0.08088 0.04018 -0.09703)
(-0.08281 0.04141 -0.09666)
(-0.09250 0.04566 -0.10046)
(-0.11923 0.05929 -0.10963)
(-0.11983 0.06125 -0.11176)
(-0.12542 0.06424 -0.11369)
(-0.13980 0.07558 -0.13150)
(-0.14421 0.07983 -0.14861)
(-0.14912 0.07891 -0.14687)
(-0.15586 0.08119 -0.15084)
(-0.14520 0.07523 -0.16603)
(-0.14480 0.07005 -0.16636)
(-0.13066 0.05773 -0.17710)
(-0.12819 0.05483 -0.17752)
(-0.11260 0.04071 -0.17688)
(-0.09805 0.02985 -0.17777)
(-0.09123 0.02575 -0.17670)
(-0.07031 0.00981 -0.16632)
(-0.06063 0.00580 -0.15827)
(-0.04072 -0.00534 -0.13684)
(-0.04500 -0.00256 -0.14599)
(-0.02855 -0.00939 -0.13221)
(-0.01907 -0.01856 -0.11801)
(0.00075 -0.03270 -0.09669)
(0.00229 -0.03445 -0.09366)
(0.00541 -0.03752 -0.08996)
(0.00775 -0.04018 -0.08663)
(0.01772 -0.05541 -0.06061)
(0.02701 -0.07271 -0.03950)
(0.02742 -0.07519 -0.03409)
(0.03492 -0.08708 -0.01911)
(0.03685 -0.09553 0.00980)
(0.03378 -0.09221 0.00697)
(0.03859 -0.10496 0.04294)
(0.03766 -0.10557 0.04992)
(0.03666 -0.10169 0.06540)
(0.03631 -0.10585 0.05540)
(0.02522 -0.09209 0.08777)
(0.02515 -0.08967 0.08767)
(0.02317 -0.09070 0.08739)
(0.01777 -0.07474 0.07530)
(0.01076 -0.04322 0.04315)
(0.00146 -0.00748 0.00776)
(-0.00057 0.00438 -0.00457)
(-0.00094 -0.00172 0.00254)
(-0.00031 0.00077 -0.00131)
(-0.00372 0.00873 -0.02013)
(-0.01050 0.01869 -0.06151)
(-0.03046 0.02166 -0.07368)
(-0.02645 0.02155 -0.07703)
(-0.05240 0.02422 -0.08901)
(-0.04758 0.02461 -0.09013)
(-0.06740 0.03163 -0.09254)
(-0.07813 0.03856 -0.09739)
(-0.08479 0.04066 -0.09808)
(-0.08776 0.04215 -0.09802)
(-0.10439 0.04797 -0.10039)
(-0.10789 0.04927 -0.10098)
(-0.12452 0.05616 -0.10358)
(-0.12495 0.06232 -0.11127)
(-0.13041 0.06570 -0.11280)
(-0.13930 0.07072 -0.11865)
(-0.15446 0.08346 -0.12228)
(-0.15679 0.08627 -0.13647)
(-0.17483 0.09381 -0.12968)
(-0.15936 0.08427 -0.14016)
(-0.15509 0.07817 -0.14803)
(-0.15263 0.07677 -0.15484)
(-0.15427 0.07477 -0.15607)
(-0.13293 0.05850 -0.17401)
(-0.12993 0.05483 -0.17494)
(-0.12242 0.04726 -0.17357)
(-0.10504 0.02840 -0.17051)
(-0.09471 0.02733 -0.17717)
(-0.09792 0.02242 -0.17101)
(-0.08470 0.01938 -0.16919)
(-0.07002 0.01116 -0.16684)
(-0.05941 0.00544 -0.15208)
(-0.03130 -0.00778 -0.13445)
(-0.02749 -0.00981 -0.13049)
(-0.01642 -0.01985 -0.11139)
(0.00097 -0.03106 -0.09741)
(0.00336 -0.03535 -0.09247)
(0.00575 -0.03835 -0.08804)
(0.01279 -0.04914 -0.06939)
(0.01906 -0.06415 -0.04799)
(0.02729 -0.07934 -0.03072)
(0.03098 -0.08643 -0.01414)
(0.03219 -0.09686 0.02694)
(0.02607 -0.08972 0.01208)
(0.03658 -0.10443 0.04527)
(0.03567 -0.10535 0.05166)
(0.01733 -0.09868 0.07174)
(0.02087 -0.09372 0.07397)
(0.01631 -0.09398 0.08145)
(0.01952 -0.08837 0.08706)
(0.00307 -0.02931 0.03161)
(-0.00174 -0.03078 0.03382)
(0.00000 -0.00061 0.00065)
(0.00143 -0.00347 0.00576)
(-0.01465 0.01716 -0.03515)
(-0.02412 0.02154 -0.06233)
(0.00254 -0.00377 0.00544)
(-0.00316 0.00490 -0.00772)
(-0.03549 0.02393 -0.07107)
(-0.04127 0.02084 -0.07853)
(-0.04700 0.02063 -0.08469)
(-0.06674 0.02624 -0.08561)
(-0.06739 0.02860 -0.09249)
(-0.07744 0.03231 -0.09656)
(-0.08279 0.03450 -0.09912)
(-0.09064 0.03587 -0.09714)
(-0.09512 0.03779 -0.09964)
(-0.09177 0.04314 -0.09877)
(-0.13659 0.05287 -0.10621)
(-0.14144 0.06271 -0.10579)
(-0.14399 0.06638 -0.10941)
(-0.16567 0.07465 -0.10729)
(-0.16916 0.08164 -0.11387)
(-0.17203 0.08485 -0.11534)
(-0.17302 0.09286 -0.11969)
(-0.18009 0.09683 -0.12405)
(-0.17124 0.08817 -0.13309)
(-0.17430 0.08705 -0.13859)
(-0.15696 0.07897 -0.14911)
(-0.15412 0.07104 -0.15157)
(-0.13998 0.06278 -0.16775)
(-0.13246 0.05357 -0.16872)
(-0.12655 0.04796 -0.16903)
(-0.11541 0.03376 -0.16470)
(-0.11051 0.02794 -0.16594)
(-0.09121 0.01945 -0.16520)
(-0.07659 0.01103 -0.16328)
(-0.06301 0.00444 -0.14631)
(-0.05112 -0.00016 -0.13938)
(-0.04544 -0.00123 -0.14072)
(-0.03233 -0.00677 -0.13282)
(-0.02346 -0.01339 -0.11422)
(-0.01177 -0.02179 -0.10252)
(0.00235 -0.03322 -0.08813)
(0.00608 -0.03578 -0.09250)
(0.01204 -0.04555 -0.07874)
(0.01067 -0.05205 -0.05843)
(0.01781 -0.06142 -0.04997)
(0.02598 -0.07277 -0.03897)
(0.02437 -0.08071 -0.01949)
(0.02480 -0.07530 -0.02690)
(0.02686 -0.09115 0.00650)
(0.03203 -0.09934 0.03464)
(0.02777 -0.09564 0.01601)
(0.02577 -0.10051 0.03743)
(0.03595 -0.10550 0.04705)
(0.02714 -0.10356 0.06285)
(0.01500 -0.10072 0.07477)
(0.01019 -0.09825 0.08099)
(0.01036 -0.09398 0.08094)
(-0.00196 -0.03581 0.03825)
(0.00030 0.00255 -0.00290)
(-0.00035 -0.00385 0.00422)
(-0.00250 0.00206 -0.00446)
(-0.02122 0.01499 -0.03902)
(-0.04468 0.01946 -0.05245)
(-0.06873 0.02819 -0.07994)
(-0.07619 0.02847 -0.08404)
(-0.08660 0.03482 -0.09434)
(-0.10550 0.03545 -0.09617)
(-0.12516 0.04686 -0.10441)
(-0.14662 0.04841 -0.10869)
(-0.15892 0.06514 -0.10813)
(-0.16983 0.07135 -0.10854)
(-0.17455 0.08173 -0.10971)
(-0.19876 0.09399 -0.11137)
(-0.19006 0.09585 -0.11811)
(-0.20047 0.09999 -0.11860)
(-0.18044 0.08927 -0.12710)
(-0.18384 0.08793 -0.13015)
(-0.17923 0.08502 -0.13275)
(-0.17632 0.08090 -0.13364)
(-0.15112 0.06666 -0.15257)
(-0.16044 0.06685 -0.13816)
(-0.14188 0.05645 -0.15557)
(-0.12615 0.04151 -0.15788)
(-0.12181 0.03681 -0.15779)
(-0.11149 0.02539 -0.15589)
(-0.10390 0.02127 -0.14845)
(-0.09889 0.02329 -0.16034)
(-0.08303 0.01161 -0.14830)
(-0.07487 0.00795 -0.14621)
(-0.06485 0.00237 -0.13394)
(-0.04802 -0.00268 -0.12557)
(-0.04308 -0.00365 -0.12836)
(-0.03021 -0.01023 -0.11727)
(-0.02184 -0.01829 -0.10447)
(-0.00972 -0.02384 -0.09404)
(0.00604 -0.04193 -0.07841)
(0.00974 -0.04347 -0.07993)
(0.01316 -0.05238 -0.06122)
(0.01690 -0.05909 -0.05298)
(0.02309 -0.07326 -0.03056)
(0.02433 -0.08402 -0.01369)
(0.02582 -0.08586 -0.00954)
(0.02800 -0.09599 0.01348)
(0.02918 -0.10221 0.02573)
(0.01690 -0.09889 0.04779)
(0.01156 -0.09864 0.07136)
(0.01366 -0.10197 0.06481)
(0.01170 -0.10183 0.07810)
(0.01020 -0.10114 0.07900)
(0.00252 -0.07117 0.06130)
(-0.00250 -0.02931 0.02920)
(0.00038 0.00189 -0.00198)
(0.00094 0.00879 -0.00975)
(-0.00503 0.00230 -0.00600)
(-0.02285 0.01025 -0.02706)
(-0.03302 0.01360 -0.03729)
(-0.07236 0.02853 -0.08040)
(-0.08083 0.02947 -0.08423)
(-0.09801 0.03489 -0.09157)
(-0.07916 0.02935 -0.08299)
(-0.12365 0.04340 -0.09837)
(-0.13093 0.04439 -0.10252)
(-0.14503 0.04709 -0.10816)
(-0.14917 0.05171 -0.10612)
(-0.15161 0.05058 -0.10879)
(-0.16644 0.06327 -0.10811)
(-0.18733 0.07692 -0.10755)
(-0.19400 0.08852 -0.10924)
(-0.21214 0.09958 -0.11069)
(-0.21001 0.09999 -0.11185)
(-0.21172 0.10044 -0.11207)
(-0.19671 0.09469 -0.12087)
(-0.18684 0.08733 -0.12903)
(-0.18201 0.08466 -0.13093)
(-0.17954 0.08113 -0.13162)
(-0.17480 0.07674 -0.13312)
(-0.14444 0.05328 -0.14583)
(-0.13895 0.04886 -0.14972)
(-0.12397 0.03133 -0.14265)
(-0.11743 0.02303 -0.14196)
(-0.10919 0.02030 -0.14463)
(-0.08911 0.00963 -0.13752)
(-0.08550 0.00787 -0.13482)
(-0.08198 0.00611 -0.13164)
(-0.05124 -0.00555 -0.12025)
(-0.04446 -0.00495 -0.12151)
(-0.02892 -0.01557 -0.10854)
(-0.01196 -0.02774 -0.08753)
(-0.00180 -0.03415 -0.07832)
(0.01192 -0.05272 -0.05726)
(0.01350 -0.05314 -0.06250)
(0.01445 -0.05642 -0.05385)
(0.01486 -0.05936 -0.04754)
(0.01947 -0.06919 -0.03273)
(0.02481 -0.08323 -0.01638)
(0.02587 -0.08737 -0.01089)
(0.02589 -0.08856 -0.00806)
(0.02715 -0.09181 -0.00553)
(0.02645 -0.09887 0.00810)
(0.02358 -0.10779 0.03595)
(0.02450 -0.12214 0.04634)
(0.01439 -0.10574 0.05567)
(0.00930 -0.10089 0.06602)
(0.00292 -0.09977 0.07466)
(0.00265 -0.07951 0.05965)
(-0.00233 -0.05122 0.04556)
(-0.00103 -0.00869 0.00787)
(0.00121 0.00507 -0.00518)
(-0.00857 0.00362 -0.00981)
(-0.00813 0.00325 -0.00889)
(-0.05204 0.02004 -0.05558)
(-0.08479 0.03064 -0.08397)
(-0.12227 0.04276 -0.09760)
(-0.13667 0.05451 -0.09591)
(-0.13735 0.05519 -0.09642)
(-0.16720 0.06595 -0.10248)
(-0.18488 0.07748 -0.10237)
(-0.19619 0.08906 -0.09961)
(-0.20398 0.09316 -0.10825)
(-0.21301 0.09720 -0.10926)
(-0.21456 0.10076 -0.11075)
(-0.21572 0.10071 -0.11074)
(-0.21275 0.09976 -0.11207)
(-0.20450 0.09021 -0.11637)
(-0.18554 0.08436 -0.12915)
(-0.18357 0.08117 -0.12940)
(-0.17135 0.06619 -0.12764)
(-0.14795 0.04828 -0.13437)
(-0.13617 0.04029 -0.13880)
(-0.11772 0.01665 -0.13013)
(-0.11499 0.01460 -0.12973)
(-0.11262 0.01255 -0.12862)
(-0.09010 0.00849 -0.13447)
(-0.09624 0.00789 -0.12774)
(-0.08681 0.00657 -0.13186)
(-0.08319 0.00477 -0.12905)
(-0.05954 -0.00705 -0.11295)
(-0.04931 -0.01530 -0.10194)
(-0.04104 -0.01871 -0.10274)
(-0.04082 -0.00694 -0.11823)
(-0.01776 -0.02577 -0.09201)
(-0.01796 -0.03329 -0.07960)
(-0.00929 -0.03033 -0.08431)
(0.01193 -0.05204 -0.05779)
(0.01420 -0.05568 -0.05421)
(0.01641 -0.05923 -0.05098)
(0.01922 -0.06835 -0.04089)
(0.02546 -0.08267 -0.01807)
(0.02611 -0.08628 -0.01351)
(0.02601 -0.08447 -0.01580)
(0.02681 -0.09025 -0.00816)
(0.02660 -0.11019 0.02599)
(0.02950 -0.10950 0.01107)
(0.02620 -0.12030 0.03466)
(0.02023 -0.12139 0.05227)
(0.02521 -0.12380 0.04294)
(0.01831 -0.13010 0.06662)
(0.01491 -0.12206 0.06802)
(-0.00134 -0.03661 0.02953)
(0.00426 -0.04260 0.02500)
(-0.00033 -0.00613 0.00506)
(-0.04578 0.01696 -0.04611)
(-0.01152 0.00438 -0.01188)
(-0.05929 0.02422 -0.04439)
(-0.13031 0.04876 -0.09510)
(-0.15380 0.06270 -0.09674)
(-0.15455 0.06269 -0.09778)
(-0.17810 0.07501 -0.09918)
(-0.19114 0.08593 -0.09866)
(-0.19709 0.08972 -0.09856)
(-0.20820 0.09544 -0.10381)
(-0.21884 0.10002 -0.10372)
(-0.21939 0.10155 -0.10903)
(-0.22012 0.10010 -0.11073)
(-0.19205 0.07783 -0.11740)
(-0.19228 0.06981 -0.11633)
(-0.17141 0.05738 -0.11804)
(-0.15200 0.04904 -0.12909)
(-0.14438 0.04050 -0.13105)
(-0.12300 0.01964 -0.12836)
(-0.11590 0.01364 -0.12640)
(-0.11306 0.01116 -0.12518)
(-0.10225 0.00585 -0.12169)
(-0.08811 0.00504 -0.12859)
(-0.09165 -0.00439 -0.11169)
(-0.08728 -0.00451 -0.11259)
(-0.08458 0.00331 -0.12631)
(-0.07091 -0.00935 -0.11031)
(-0.05557 -0.01764 -0.10058)
(-0.04277 -0.02636 -0.08861)
(-0.02762 -0.03301 -0.08052)
(-0.01131 -0.04051 -0.06906)
(-0.01002 -0.03519 -0.07603)
(-0.00338 -0.03988 -0.06455)
(0.00564 -0.04649 -0.06091)
(0.01387 -0.05484 -0.05465)
(0.01559 -0.05801 -0.05125)
(0.01725 -0.06130 -0.04801)
(0.01802 -0.06237 -0.04778)
(0.02362 -0.07660 -0.03288)
(0.02802 -0.09496 -0.01063)
(0.02698 -0.08901 -0.01090)
(0.03086 -0.10512 -0.00007)
(0.02896 -0.11521 0.01379)
(0.02720 -0.12200 0.02975)
(0.02863 -0.12753 0.03856)
(0.02130 -0.12918 0.05673)
(0.01378 -0.10748 0.05705)
(0.01470 -0.09650 0.04576)
(0.01016 -0.08334 0.04498)
(0.00246 -0.02291 0.01283)
(0.00070 -0.00765 0.00457)
(-0.00075 0.00035 -0.00058)
(-0.02050 0.00936 -0.01579)
(-0.00525 0.00232 -0.00348)
(-0.10240 0.03958 -0.06585)
(-0.17486 0.07520 -0.09768)
(-0.09021 0.04348 -0.05053)
(-0.16307 0.06975 -0.09431)
(-0.18579 0.08961 -0.09309)
(-0.19428 0.08841 -0.09757)
(-0.21869 0.10055 -0.09847)
(-0.21191 0.09592 -0.10011)
(-0.22315 0.10041 -0.09874)
(-0.22665 0.10493 -0.10145)
(-0.23676 0.10628 -0.10179)
(-0.22576 0.09581 -0.10668)
(-0.21582 0.08458 -0.10437)
(-0.20585 0.07212 -0.10922)
(-0.20581 0.07024 -0.10900)
(-0.18011 0.05144 -0.10952)
(-0.15346 0.03982 -0.11796)
(-0.16181 0.03757 -0.11079)
(-0.14462 0.03371 -0.12169)
(-0.13554 0.02328 -0.11948)
(-0.12205 0.01147 -0.11754)
(-0.11197 0.00518 -0.11655)
(-0.10862 0.00319 -0.11011)
(-0.09485 -0.01472 -0.09866)
(-0.08931 -0.01992 -0.09495)
(-0.07348 -0.02606 -0.08749)
(-0.06897 -0.02278 -0.09235)
(-0.05450 -0.02295 -0.08898)
(-0.06828 -0.02768 -0.08560)
(-0.04985 -0.02441 -0.08552)
(-0.03756 -0.03213 -0.07823)
(-0.01813 -0.03687 -0.06451)
(-0.00839 -0.04108 -0.06373)
(0.00614 -0.05366 -0.04661)
(0.00845 -0.05600 -0.04345)
(0.01874 -0.06508 -0.03846)
(0.02637 -0.07727 -0.02379)
(0.02599 -0.08705 -0.02001)
(0.03032 -0.09656 -0.01005)
(0.03284 -0.10131 -0.00849)
(0.03189 -0.10300 -0.00007)
(0.03236 -0.11757 0.01986)
(0.03212 -0.12743 0.03058)
(0.02854 -0.13114 0.03854)
(0.02494 -0.12916 0.04927)
(0.01910 -0.10208 0.04094)
(0.01766 -0.09425 0.03831)
(0.00446 -0.02880 0.01370)
(0.00278 -0.02014 0.01074)
(0.02513 -0.01349 0.01514)
(-0.00283 0.00144 -0.00166)
(-0.14115 0.06859 -0.06932)
(0.00197 -0.00107 0.00101)
(-0.04470 0.02382 -0.02296)
(-0.18943 0.09440 -0.08298)
(-0.21231 0.10395 -0.09271)
(-0.22227 0.10714 -0.09289)
(-0.21394 0.10610 -0.09105)
(-0.21632 0.10614 -0.09176)
(-0.23012 0.10359 -0.09583)
(-0.22974 0.10093 -0.09736)
(-0.22527 0.09386 -0.10068)
(-0.21475 0.08048 -0.09979)
(-0.20245 0.07196 -0.10444)
(-0.19271 0.06332 -0.10013)
(-0.17358 0.03949 -0.09813)
(-0.15374 0.02125 -0.09484)
(-0.14908 0.02323 -0.10624)
(-0.14771 0.01682 -0.09418)
(-0.13286 0.01501 -0.10812)
(-0.12279 0.00675 -0.10639)
(-0.11613 -0.00260 -0.10018)
(-0.10865 -0.00395 -0.09768)
(-0.09813 -0.01570 -0.09053)
(-0.09202 -0.02053 -0.08841)
(-0.07786 -0.03251 -0.07824)
(-0.06889 -0.03877 -0.07065)
(-0.05361 -0.05432 -0.05133)
(-0.05092 -0.03250 -0.07963)
(-0.04022 -0.03664 -0.06923)
(-0.04457 -0.05297 -0.05302)
(-0.02898 -0.05222 -0.04893)
(-0.02095 -0.04610 -0.05252)
(-0.01168 -0.05264 -0.04184)
(-0.01118 -0.05850 -0.03425)
(-0.00675 -0.05979 -0.03181)
(0.00131 -0.06209 -0.03326)
(0.00768 -0.05677 -0.04177)
(0.00886 -0.06402 -0.03254)
(0.01944 -0.06966 -0.02387)
(0.02477 -0.07395 -0.02154)
(0.02380 -0.07672 -0.01260)
(0.02758 -0.09320 -0.00671)
(0.03242 -0.10227 0.00028)
(0.03273 -0.10318 -0.00456)
(0.03263 -0.12178 0.02390)
(0.03320 -0.12233 0.02245)
(0.02771 -0.12668 0.04639)
(0.02269 -0.11080 0.04585)
(0.01328 -0.06868 0.03007)
(0.00701 -0.03827 0.01670)
(0.00215 -0.01516 0.00715)
(-0.00051 0.00370 -0.00194)
(-0.00171 0.01440 -0.00733)
(-0.00141 0.01033 -0.00543)
(0.02358 -0.01283 0.01213)
(-0.01142 0.00586 -0.00500)
(-0.10267 0.05190 -0.04499)
(0.03038 -0.01631 0.01379)
(-0.06778 0.03469 -0.02896)
(-0.17273 0.08681 -0.07370)
(-0.21771 0.10359 -0.08961)
(-0.16087 0.08065 -0.06737)
(-0.20436 0.10169 -0.08538)
(-0.21585 0.09653 -0.08926)
(-0.21857 0.09126 -0.09242)
(-0.19552 0.06684 -0.08761)
(-0.19819 0.06540 -0.09383)
(-0.18284 0.05386 -0.08570)
(-0.17852 0.04676 -0.09396)
(-0.15211 0.01839 -0.09188)
(-0.14734 0.01480 -0.09092)
(-0.14296 0.01116 -0.09007)
(-0.14290 0.01291 -0.09338)
(-0.12972 0.00776 -0.09834)
(-0.11707 -0.00463 -0.09269)
(-0.11617 -0.00226 -0.09472)
(-0.10481 -0.01620 -0.08637)
(-0.09251 -0.03135 -0.07334)
(-0.08423 -0.03907 -0.06744)
(-0.06586 -0.05617 -0.05180)
(-0.05666 -0.06323 -0.04143)
(-0.05249 -0.06446 -0.03952)
(-0.04405 -0.06291 -0.04139)
(-0.01267 -0.06063 -0.03126)
(-0.00903 -0.06187 -0.02916)
(-0.00742 -0.06472 -0.02456)
(-0.00445 -0.06374 -0.02530)
(0.00431 -0.06757 -0.02132)
(0.01603 -0.08109 -0.00737)
(0.01829 -0.09124 0.00388)
(0.02372 -0.08987 0.00307)
(0.02647 -0.09272 -0.00115)
(0.02857 -0.11072 0.01931)
(0.03020 -0.11257 0.02081)
(0.03066 -0.11613 0.02379)
(0.03317 -0.11676 0.02382)
(0.02575 -0.09654 0.03023)
(0.01234 -0.05979 0.02560)
(0.00587 -0.03004 0.01336)
(-0.00019 0.00100 -0.00046)
(-0.00226 0.01186 -0.00546)
(-0.00281 0.01526 -0.00706)
(0.00057 -0.00030 0.00024)
(0.00703 -0.00378 0.00296)
(-0.04436 0.02272 -0.01862)
(-0.16117 0.07850 -0.06420)
(-0.06301 0.03287 -0.02489)
(-0.20088 0.08941 -0.08342)
(-0.21287 0.09014 -0.09010)
(-0.18930 0.06305 -0.08404)
(-0.19132 0.07424 -0.08189)
(-0.18359 0.05790 -0.08335)
(-0.18203 0.05532 -0.08376)
(-0.17539 0.04803 -0.08261)
(-0.15443 0.02370 -0.08259)
(-0.14565 0.01252 -0.08743)
(-0.14212 0.00947 -0.08673)
(-0.13837 0.00559 -0.08565)
(-0.13893 0.00739 -0.08893)
(-0.11635 -0.01072 -0.08111)
(-0.10829 -0.02473 -0.07070)
(-0.10322 -0.02923 -0.06862)
(-0.09433 -0.04074 -0.05916)
(-0.08155 -0.04952 -0.05571)
(-0.07931 -0.05111 -0.05430)
(-0.05863 -0.06604 -0.03833)
(-0.05447 -0.06752 -0.03603)
(-0.05235 -0.07156 -0.03067)
(-0.04934 -0.07075 -0.03117)
(-0.03596 -0.07266 -0.02534)
(-0.01071 -0.06423 -0.02586)
(-0.02351 -0.08361 -0.01115)
(-0.00925 -0.06770 -0.02049)
(-0.00599 -0.06744 -0.01999)
(0.00623 -0.08357 -0.00044)
(0.01691 -0.09425 0.01116)
(0.01929 -0.09466 0.00891)
(0.02004 -0.09690 0.01225)
(0.02978 -0.12543 0.03912)
(0.03021 -0.12650 0.03790)
(0.02882 -0.12116 0.03869)
(0.01747 -0.07385 0.02488)
(0.00942 -0.03984 0.01370)
(0.00492 -0.02257 0.00938)
(0.00033 -0.00166 0.00075)
(-0.00219 0.01032 -0.00471)
(-0.00244 0.01234 -0.00563)
(-0.01449 0.00764 -0.00573)
(-0.03556 0.01728 -0.01460)
(-0.09742 0.04683 -0.03997)
(-0.03547 0.01570 -0.01539)
(-0.12364 0.04816 -0.05301)
(-0.16291 0.05242 -0.07342)
(-0.06822 0.02367 -0.03006)
(-0.10267 0.03090 -0.04700)
(-0.17546 0.05221 -0.08072)
(-0.17151 0.04637 -0.08015)
(-0.15576 0.02580 -0.08034)
(-0.15271 0.02433 -0.07536)
(-0.14051 0.01104 -0.07706)
(-0.14034 0.00776 -0.08431)
(-0.13142 0.00307 -0.06829)
(-0.12064 -0.01362 -0.06217)
(-0.11403 -0.01961 -0.06714)
(-0.10945 -0.02428 -0.06586)
(-0.10367 -0.03514 -0.05441)
(-0.09939 -0.04356 -0.05146)
(-0.08860 -0.05706 -0.04365)
(-0.08829 -0.05871 -0.04109)
(-0.08642 -0.06157 -0.03924)
(-0.08628 -0.06105 -0.04109)
(-0.08317 -0.05818 -0.04258)
(-0.06391 -0.06653 -0.03679)
(-0.07112 -0.07230 -0.02551)
(-0.05623 -0.07222 -0.03068)
(-0.05138 -0.07494 -0.02625)
(-0.04134 -0.08324 -0.01450)
(-0.02357 -0.09719 0.00350)
(-0.01347 -0.08770 0.00082)
(-0.01936 -0.10348 0.01791)
(-0.01062 -0.10146 0.01916)
(0.00242 -0.10087 0.01773)
(0.00655 -0.10288 0.01995)
(0.01021 -0.09010 0.02305)
(0.01356 -0.08168 0.02513)
(0.01996 -0.09133 0.02816)
(0.02254 -0.09542 0.03192)
(0.00763 -0.03561 0.01357)
(0.00687 -0.02939 0.01049)
(0.00514 -0.02196 0.00784)
(-0.00103 0.00442 -0.00160)
(-0.00695 0.00310 -0.00302)
(-0.01966 0.00755 -0.00873)
(-0.01947 0.00633 -0.00865)
(-0.00928 0.00239 -0.00416)
(-0.02061 0.00212 -0.00919)
(-0.09757 0.01435 -0.04602)
(-0.10715 0.00731 -0.05201)
(-0.02971 -0.00026 -0.01348)
(-0.05393 0.00077 -0.02559)
(-0.07765 -0.00202 -0.03936)
(-0.11017 -0.01429 -0.05072)
(-0.06960 -0.00914 -0.03134)
(-0.09999 -0.02514 -0.04646)
(-0.10387 -0.03740 -0.05034)
(-0.08797 -0.03098 -0.03622)
(-0.09472 -0.05150 -0.03575)
(-0.09095 -0.05585 -0.03554)
(-0.08510 -0.06427 -0.03343)
(-0.08022 -0.07551 -0.01665)
(-0.07315 -0.08153 -0.01075)
(-0.06951 -0.08045 -0.01128)
(-0.06518 -0.08004 -0.00652)
(-0.04810 -0.09546 0.01422)
(-0.05610 -0.08702 -0.00961)
(-0.04486 -0.09896 0.00771)
(-0.02449 -0.06676 0.01255)
(-0.02518 -0.08398 0.01203)
(-0.00883 -0.07158 0.02090)
(-0.00807 -0.07805 0.01908)
(-0.00319 -0.02520 0.00737)
(-0.00264 -0.03323 0.01031)
(0.00070 -0.02383 0.00780)
(0.00474 -0.03905 0.01324)
(-0.00019 0.00184 -0.00070)
(0.00180 -0.01002 0.00391)
(0.00116 -0.00565 0.00238)
(0.02319 -0.00327 0.01014)
(0.01841 0.00014 0.00828)
(-0.01812 -0.00136 -0.00725)
(0.01622 0.00121 0.00640)
(0.00544 0.00125 0.00183)
(-0.03783 -0.00499 -0.01675)
(-0.03391 -0.01156 -0.01063)
(0.00058 0.00021 0.00014)
(0.00046 0.00019 0.00011)
(-0.03331 -0.01434 -0.01096)
(-0.05500 -0.03182 -0.01558)
(-0.01206 -0.00729 -0.00225)
(-0.02899 -0.02556 -0.00075)
(-0.04827 -0.04559 -0.00025)
(-0.01652 -0.01595 0.00042)
(-0.02563 -0.03290 0.00198)
(-0.02529 -0.04258 0.00654)
(-0.03109 -0.06280 0.01042)
(-0.00317 -0.00582 0.00120)
(-0.00553 -0.01085 0.00201)
(0.00058 0.00158 -0.00045)
(-0.01583 -0.04371 0.00872)
(-0.00746 -0.02577 0.00670)
(0.00323 0.01352 -0.00426)
(0.00077 0.00719 -0.00235)
(0.00054 0.01464 -0.00542)
(-0.00121 0.01775 -0.00665)
(-0.00361 -0.00323 -0.00001)
(-0.00592 -0.00575 0.00021)
(-0.00493 -0.00616 0.00088)
(0.00178 0.00325 -0.00081)
)