/*--------------------------------*- C++ -*----------------------------------*\ 
| =========                 |                                                 | 
| \\      /  F ield         | OpenFOAM: The Open Source CFD Toolbox           | 
|  \\    /   O peration     | Version:  4.0                                   | 
|   \\  /    A nd           | Web:      www.OpenFOAM.org                      | 
|    \\/     M anipulation  |                                                 | 
\*---------------------------------------------------------------------------*/ 
FoamFile 
{ 
    version     2.0; 
    format      ascii; 
    class       vectorAverageField; 
    object      values; 
} 
// * * * * * * * * * * * * * * * * * * * * * * * * * * * * * * * * * * * * * // 
 
// Average 
(0 0 0) 
 
// Velocity data on points 
2447
(
(0.00490 -0.00124 -0.00102)
(-0.00283 0.00040 0.00061)
(-0.00801 -0.00045 0.00256)
(-0.00292 -0.00019 0.00058)
(0.00412 0.00055 -0.00115)
(-0.01877 -0.00224 0.00685)
(-0.00708 -0.00098 0.00209)
(-0.01377 -0.00661 0.00256)
(-0.00151 -0.00069 0.00026)
(0.00205 0.00102 -0.00029)
(-0.00866 -0.00450 0.00124)
(-0.00165 -0.00092 0.00016)
(0.00119 0.00067 -0.00003)
(-0.00581 -0.00504 -0.00062)
(-0.00015 -0.00017 -0.00010)
(0.00038 0.00049 0.00033)
(-0.00123 -0.00180 -0.00128)
(-0.00005 -0.00008 -0.00009)
(0.00000 0.00062 0.00074)
(-0.00000 -0.00013 -0.00016)
(0.01114 -0.00564 -0.00071)
(-0.00239 0.00095 0.00038)
(0.00198 -0.00083 -0.00026)
(0.00083 -0.00029 -0.00018)
(-0.03439 0.01115 0.01060)
(-0.02798 0.00627 0.00791)
(-0.03256 0.00330 0.00997)
(-0.03348 -0.00185 0.01206)
(-0.06087 0.00216 0.02334)
(-0.05922 -0.00358 0.02191)
(-0.04604 -0.00584 0.01762)
(-0.02801 -0.00818 0.00739)
(-0.04526 -0.01312 0.01524)
(-0.02983 -0.01468 0.00593)
(-0.02285 -0.01238 0.00334)
(-0.01664 -0.01016 0.00135)
(-0.03058 -0.01683 0.00454)
(-0.02607 -0.01661 0.00171)
(-0.01751 -0.01755 -0.00393)
(-0.01134 -0.01046 -0.00171)
(-0.00628 -0.00720 -0.00326)
(-0.01339 -0.02127 -0.01623)
(-0.01242 -0.01912 -0.01486)
(-0.00453 -0.00963 -0.00927)
(-0.00185 -0.00494 -0.00606)
(-0.00336 -0.01277 -0.01574)
(0.00041 -0.00402 -0.00505)
(0.00023 -0.00173 -0.00141)
(-0.00082 -0.00856 -0.01304)
(0.00033 -0.00169 -0.00086)
(-0.00007 0.00032 0.00006)
(0.00586 -0.00267 -0.00032)
(-0.00260 0.00114 0.00023)
(-0.00939 0.00413 0.00106)
(-0.02622 0.00965 0.00509)
(-0.06738 0.02383 0.01405)
(-0.05381 0.01920 0.01244)
(-0.06948 0.02090 0.02317)
(-0.07486 0.01685 0.02774)
(-0.07421 0.01391 0.02491)
(-0.06744 0.00291 0.02700)
(-0.06312 -0.00746 0.02601)
(-0.05970 -0.01453 0.02475)
(-0.04960 -0.01685 0.01801)
(-0.03917 -0.02105 0.00958)
(-0.05187 -0.01770 0.01880)
(-0.04872 -0.02206 0.01640)
(-0.03701 -0.02189 0.00735)
(-0.02496 -0.02221 -0.00366)
(-0.03042 -0.02841 -0.00676)
(-0.01551 -0.02663 -0.01733)
(-0.01121 -0.02805 -0.02257)
(-0.00529 -0.02877 -0.02548)
(-0.01008 -0.02459 -0.02228)
(-0.00692 -0.02114 -0.02687)
(-0.00406 -0.01632 -0.02645)
(-0.00497 -0.02252 -0.03251)
(-0.00059 -0.01765 -0.02669)
(0.00149 -0.01227 -0.01416)
(0.00105 -0.00942 -0.00733)
(-0.00559 -0.02052 -0.02668)
(-0.00321 -0.01315 -0.01500)
(0.00096 -0.00791 -0.00331)
(0.00008 -0.00053 -0.00006)
(-0.00089 -0.00698 -0.00026)
(0.00044 0.00318 -0.00035)
(0.00079 0.00613 -0.00083)
(0.00031 -0.00015 0.00002)
(-0.00985 0.00442 0.00016)
(-0.02791 0.01232 0.00166)
(-0.04529 0.01901 0.00539)
(-0.07333 0.02965 0.00756)
(-0.06995 0.02898 0.00860)
(-0.08791 0.03475 0.01310)
(-0.08464 0.02864 0.01897)
(-0.08275 0.02819 0.01819)
(-0.07703 0.02047 0.02382)
(-0.07422 0.01129 0.03181)
(-0.07769 0.01395 0.03131)
(-0.07445 0.01187 0.03240)
(-0.07597 0.00830 0.03312)
(-0.07401 0.00173 0.03541)
(-0.07151 -0.00722 0.03589)
(-0.07075 -0.01051 0.03534)
(-0.06686 -0.01652 0.03126)
(-0.05501 -0.01955 0.02101)
(-0.05154 -0.03027 0.00995)
(-0.04444 -0.03340 0.00042)
(-0.03516 -0.03373 -0.01005)
(-0.02266 -0.03042 -0.01722)
(-0.01279 -0.02932 -0.02398)
(-0.01399 -0.03151 -0.03220)
(-0.01038 -0.03293 -0.04200)
(-0.01485 -0.03351 -0.04815)
(-0.00940 -0.02190 -0.03263)
(-0.01446 -0.02715 -0.04464)
(-0.00719 -0.02105 -0.02850)
(-0.00837 -0.02052 -0.02696)
(-0.01474 -0.02979 -0.02282)
(-0.01392 -0.02982 -0.01982)
(-0.00696 -0.02182 -0.00720)
(-0.00114 -0.00722 0.00071)
(-0.01226 -0.03038 -0.00932)
(-0.00643 -0.02507 -0.00101)
(-0.00058 -0.00383 0.00070)
(-0.00020 -0.00151 0.00040)
(0.00630 -0.00243 -0.00019)
(-0.01320 0.00571 -0.00026)
(-0.03264 0.01492 -0.00094)
(-0.06242 0.02633 0.00087)
(-0.07298 0.03051 0.00054)
(-0.07376 0.02546 0.00919)
(-0.07884 0.02590 0.01300)
(-0.08020 0.02746 0.01543)
(-0.07896 0.02206 0.01958)
(-0.07243 0.00950 0.03188)
(-0.07344 0.00949 0.03290)
(-0.07426 0.00881 0.03445)
(-0.07289 0.00752 0.03440)
(-0.07427 0.00671 0.03605)
(-0.07569 0.00381 0.03530)
(-0.07449 -0.00805 0.03817)
(-0.07341 -0.01020 0.03722)
(-0.07229 -0.01251 0.03584)
(-0.06569 -0.01839 0.02910)
(-0.06170 -0.03093 0.01600)
(-0.05275 -0.03247 0.00850)
(-0.04396 -0.03713 -0.00811)
(-0.03815 -0.04435 -0.02264)
(-0.03073 -0.04242 -0.02692)
(-0.02553 -0.04025 -0.03472)
(-0.01669 -0.03779 -0.05035)
(-0.01720 -0.03676 -0.05109)
(-0.01753 -0.03513 -0.05118)
(-0.01787 -0.03324 -0.05087)
(-0.01642 -0.03301 -0.04095)
(-0.01557 -0.02952 -0.02462)
(-0.01564 -0.03159 -0.02161)
(-0.01688 -0.03131 -0.02399)
(-0.01475 -0.03251 -0.01686)
(-0.01480 -0.03602 0.00062)
(-0.01773 -0.03295 -0.00642)
(-0.01212 -0.03632 0.00479)
(-0.00420 -0.02189 0.00850)
(-0.00046 -0.00245 0.00099)
(-0.00797 -0.04471 0.01972)
(-0.00191 -0.01143 0.00543)
(-0.00011 -0.00066 0.00031)
(-0.00769 0.00273 0.00064)
(-0.02291 0.00843 0.00199)
(-0.05837 0.02138 0.00519)
(-0.06984 0.02352 0.00762)
(-0.06676 0.01773 0.01524)
(-0.06528 0.01432 0.01919)
(-0.06441 0.01403 0.01995)
(-0.06249 0.01246 0.02044)
(-0.06165 0.01199 0.02114)
(-0.06919 0.01489 0.02132)
(-0.07126 0.00946 0.03100)
(-0.06966 0.00728 0.03250)
(-0.07088 0.00647 0.03419)
(-0.07260 0.00565 0.03601)
(-0.07449 0.00476 0.03781)
(-0.07699 -0.00716 0.04118)
(-0.07552 -0.01001 0.03921)
(-0.07121 -0.01564 0.04072)
(-0.07116 -0.01881 0.03821)
(-0.07517 -0.01310 0.03821)
(-0.07377 -0.01450 0.03628)
(-0.05800 -0.03859 0.01781)
(-0.05553 -0.04470 0.02049)
(-0.06194 -0.04759 0.01340)
(-0.05354 -0.04154 0.00965)
(-0.04204 -0.04827 -0.00775)
(-0.03717 -0.05797 -0.02577)
(-0.03328 -0.05869 -0.03100)
(-0.03073 -0.05918 -0.03524)
(-0.02809 -0.04032 -0.04122)
(-0.01887 -0.04055 -0.05423)
(-0.01954 -0.03897 -0.05434)
(-0.02058 -0.03688 -0.05413)
(-0.02345 -0.03768 -0.05177)
(-0.01963 -0.03455 -0.04238)
(-0.02518 -0.02495 -0.03188)
(-0.02183 -0.02826 -0.02159)
(-0.02368 -0.02743 -0.01013)
(-0.01733 -0.04010 -0.00312)
(-0.01736 -0.04914 0.00584)
(-0.01228 -0.06386 0.02893)
(-0.00741 -0.04178 0.01966)
(-0.00920 -0.05149 0.02582)
(-0.00292 -0.01790 0.00904)
(-0.00135 -0.00866 0.00463)
(0.00427 -0.00151 -0.00053)
(-0.00091 0.00034 0.00005)
(-0.04839 0.01526 0.00792)
(-0.07271 0.01970 0.01233)
(-0.07287 0.01995 0.01313)
(-0.05753 0.01195 0.01754)
(-0.05972 0.01042 0.02147)
(-0.06001 0.01078 0.02171)
(-0.05761 0.00916 0.02318)
(-0.06037 0.00891 0.02520)
(-0.05870 0.00360 0.03170)
(-0.06826 0.00534 0.03407)
(-0.06601 0.00117 0.03654)
(-0.06991 0.00372 0.03676)
(-0.07268 0.00379 0.03791)
(-0.07480 -0.00455 0.04159)
(-0.07166 -0.00165 0.04297)
(-0.06306 -0.01634 0.04236)
(-0.06641 -0.01860 0.04285)
(-0.05418 -0.03477 0.03227)
(-0.05671 -0.03963 0.02774)
(-0.05292 -0.05200 0.01815)
(-0.05749 -0.05749 0.00423)
(-0.03921 -0.06459 -0.01909)
(-0.03399 -0.06253 -0.03014)
(-0.03095 -0.06319 -0.03561)
(-0.02744 -0.06452 -0.04843)
(-0.01584 -0.05625 -0.05931)
(-0.02293 -0.04698 -0.06095)
(-0.02201 -0.04136 -0.05745)
(-0.02826 -0.03586 -0.05450)
(-0.02687 -0.03400 -0.04405)
(-0.03358 -0.03279 -0.04494)
(-0.02966 -0.02459 -0.02638)
(-0.02868 -0.02398 -0.01712)
(-0.02528 -0.02575 -0.01183)
(-0.02096 -0.03624 -0.00233)
(-0.02032 -0.04149 0.01004)
(-0.01344 -0.06072 0.02897)
(-0.01273 -0.06428 0.03216)
(-0.00444 -0.02733 0.01470)
(-0.01299 -0.06337 0.03448)
(-0.00925 -0.05277 0.02854)
(-0.00347 -0.02180 0.01349)
(-0.00025 -0.00169 0.00132)
(0.01371 -0.00495 -0.00123)
(-0.00046 0.00017 0.00004)
(-0.02583 0.00846 0.00412)
(-0.05076 0.01605 0.00858)
(-0.07407 0.01906 0.01753)
(-0.07346 0.01988 0.01821)
(-0.06178 0.01401 0.01805)
(-0.06026 0.01086 0.01721)
(-0.05382 0.00769 0.02604)
(-0.04536 0.00469 0.02904)
(-0.04784 0.00622 0.02418)
(-0.03971 0.00129 0.03124)
(-0.04545 0.00031 0.03498)
(-0.04778 -0.00113 0.03898)
(-0.04590 -0.00846 0.03972)
(-0.03877 -0.01681 0.03740)
(-0.05647 -0.01604 0.04183)
(-0.07624 -0.01756 0.05349)
(-0.05770 -0.03017 0.04012)
(-0.04775 -0.04103 0.02872)
(-0.04111 -0.05129 0.02285)
(-0.02824 -0.06631 0.00680)
(-0.02203 -0.07066 -0.00863)
(-0.01059 -0.07909 -0.02019)
(-0.03241 -0.06699 -0.02905)
(-0.02930 -0.06764 -0.03517)
(-0.01806 -0.07120 -0.04654)
(-0.01406 -0.06809 -0.05216)
(-0.01100 -0.06987 -0.06377)
(-0.01822 -0.05109 -0.05554)
(-0.02078 -0.04595 -0.05267)
(-0.03347 -0.03834 -0.05028)
(-0.03406 -0.02564 -0.02854)
(-0.02796 -0.02382 -0.01344)
(-0.02273 -0.03202 -0.00447)
(-0.01879 -0.04151 0.00748)
(-0.01562 -0.04016 0.02197)
(-0.01886 -0.03903 0.01032)
(-0.01360 -0.04178 0.02675)
(-0.01124 -0.05239 0.03121)
(-0.01282 -0.06772 0.04224)
(-0.01162 -0.05486 0.03714)
(-0.00756 -0.04818 0.03818)
(-0.00214 -0.01461 0.01158)
(-0.00103 -0.00774 0.00696)
(0.00060 -0.00021 -0.00007)
(-0.02205 0.00759 0.00268)
(-0.06532 0.01953 0.01473)
(-0.07120 0.02133 0.01776)
(-0.06804 0.01624 0.02484)
(-0.04839 0.00812 0.03155)
(-0.05678 0.01117 0.02734)
(-0.05567 0.01023 0.02841)
(-0.04778 0.00722 0.03184)
(-0.04477 0.00499 0.03558)
(-0.04387 0.00422 0.03574)
(-0.02852 -0.00084 0.03604)
(-0.02447 -0.00311 0.04039)
(-0.02508 -0.00332 0.03990)
(-0.03010 -0.00336 0.03916)
(-0.03145 -0.00835 0.03644)
(-0.02630 -0.00726 0.04107)
(-0.02442 -0.00915 0.04348)
(-0.02980 -0.00984 0.03824)
(-0.02843 -0.01770 0.03535)
(-0.03622 -0.01866 0.03759)
(-0.04434 -0.02392 0.04194)
(-0.04549 -0.02875 0.03946)
(-0.02550 -0.04771 0.02588)
(0.00095 -0.06383 0.01200)
(0.00617 -0.06899 0.00725)
(0.01030 -0.07788 -0.00007)
(0.00160 -0.08090 -0.01566)
(-0.00232 -0.08221 -0.03176)
(0.00334 -0.07937 -0.04439)
(-0.00633 -0.07292 -0.04840)
(-0.00880 -0.07542 -0.06488)
(-0.00968 -0.07023 -0.06107)
(-0.00752 -0.05662 -0.04726)
(-0.02155 -0.04264 -0.04983)
(-0.01445 -0.04372 -0.03763)
(-0.02353 -0.03744 -0.03064)
(-0.02318 -0.03520 -0.01996)
(-0.01945 -0.03354 -0.01360)
(-0.01813 -0.03494 -0.00709)
(-0.02220 -0.02962 -0.00126)
(-0.02246 -0.02948 0.00760)
(-0.01778 -0.03624 0.01923)
(-0.01462 -0.03843 0.02383)
(-0.01173 -0.04500 0.03728)
(-0.01009 -0.05868 0.04650)
(-0.00948 -0.06492 0.05585)
(-0.00383 -0.02473 0.02187)
(0.00039 0.00309 -0.00263)
(-0.00878 -0.04621 0.04475)
(-0.00711 0.00267 0.00066)
(-0.03764 0.01267 0.00475)
(-0.04514 0.01581 0.00655)
(-0.06102 0.01957 0.00978)
(-0.06660 0.01731 0.02336)
(-0.05023 0.00940 0.03115)
(-0.04407 0.00709 0.03341)
(-0.04448 0.00673 0.03321)
(-0.04069 0.00507 0.03528)
(-0.03476 0.00213 0.04035)
(-0.02277 -0.00319 0.04223)
(-0.02197 -0.00357 0.04264)
(-0.01667 -0.00712 0.03966)
(-0.01060 -0.01222 0.04103)
(-0.00757 -0.01509 0.03964)
(-0.00502 -0.02556 0.03262)
(-0.01310 -0.02324 0.03287)
(-0.00128 -0.03565 0.03166)
(0.01668 -0.03809 0.02659)
(-0.00911 -0.03833 0.03071)
(-0.00533 -0.05235 0.01890)
(0.00963 -0.06488 0.01049)
(0.01480 -0.06926 0.00640)
(0.01946 -0.07364 0.00241)
(0.02119 -0.08195 -0.01138)
(0.01464 -0.08612 -0.02776)
(0.04867 -0.08804 -0.02311)
(0.02271 -0.08463 -0.03212)
(0.01763 -0.08106 -0.03740)
(0.02317 -0.07890 -0.04432)
(0.01795 -0.07437 -0.04548)
(0.00956 -0.05951 -0.03312)
(0.00367 -0.05515 -0.03249)
(0.00553 -0.05324 -0.02791)
(-0.01427 -0.04326 -0.02579)
(-0.01406 -0.04011 -0.01438)
(-0.01767 -0.03537 -0.00962)
(-0.01483 -0.03544 -0.00530)
(-0.01648 -0.03370 -0.00312)
(-0.01195 -0.03497 0.01340)
(-0.01581 -0.03377 0.02227)
(-0.00749 -0.04735 0.03720)
(-0.00626 -0.04197 0.05339)
(-0.01042 -0.05116 0.05305)
(-0.00614 -0.04625 0.05714)
(-0.01072 -0.05948 0.05830)
(-0.00764 -0.04451 0.04322)
(-0.00041 -0.00387 0.00364)
(0.00015 0.00139 -0.00133)
(0.00227 -0.00078 -0.00020)
(-0.00343 0.00118 0.00022)
(-0.02473 0.00836 0.00247)
(-0.06564 0.02148 0.00855)
(-0.06918 0.02013 0.01237)
(-0.07322 0.02349 0.00972)
(-0.05927 0.01500 0.01962)
(-0.04467 0.00751 0.03251)
(-0.04016 0.00547 0.03578)
(-0.03939 0.00551 0.03587)
(-0.03667 0.00438 0.03884)
(-0.02174 -0.00232 0.04745)
(-0.01321 -0.00242 0.04446)
(-0.02034 -0.00337 0.04514)
(-0.01081 -0.00545 0.04289)
(0.00692 -0.01316 0.03896)
(0.01013 -0.01796 0.04038)
(0.00434 -0.02080 0.04191)
(0.02363 -0.03833 0.02578)
(0.01853 -0.04092 0.02466)
(0.02656 -0.04159 0.02295)
(0.02176 -0.04402 0.02234)
(0.01973 -0.06634 0.00823)
(0.02431 -0.06966 0.00507)
(0.02817 -0.07288 0.00206)
(0.04088 -0.07637 -0.00324)
(0.06438 -0.08664 -0.01680)
(0.04510 -0.08709 -0.02712)
(0.06661 -0.08960 -0.03190)
(0.06349 -0.08681 -0.03183)
(0.06155 -0.08481 -0.03100)
(0.03233 -0.06808 -0.02898)
(0.01378 -0.05685 -0.02544)
(0.00802 -0.05198 -0.02307)
(0.00999 -0.04395 -0.00456)
(-0.01222 -0.03677 -0.00619)
(-0.00859 -0.03767 -0.00187)
(-0.00584 -0.03690 0.00956)
(-0.00276 -0.03939 0.02931)
(0.00103 -0.03976 0.03474)
(-0.00410 -0.04317 0.03445)
(-0.00344 -0.04190 0.05390)
(-0.00451 -0.04312 0.05497)
(-0.00518 -0.04503 0.05683)
(-0.00592 -0.04656 0.05854)
(-0.00334 -0.05778 0.05915)
(-0.00220 -0.02003 0.01933)
(-0.00085 -0.00779 0.00769)
(0.00084 0.00805 -0.00785)
(-0.00713 0.00234 -0.00010)
(-0.02609 0.00875 0.00158)
(-0.04677 0.01543 0.00396)
(-0.04063 0.01331 0.00203)
(-0.07106 0.02253 0.00797)
(-0.06870 0.02129 0.01114)
(-0.03712 0.00498 0.03059)
(-0.03580 0.00418 0.02162)
(-0.03792 0.00498 0.03562)
(-0.03543 0.00426 0.03889)
(-0.01508 -0.00137 0.04397)
(-0.00264 -0.00362 0.05678)
(-0.00712 -0.00647 0.04974)
(0.00473 -0.00832 0.05327)
(0.00807 -0.01215 0.04306)
(0.01721 -0.01569 0.03899)
(0.02072 -0.01861 0.04156)
(0.02390 -0.02183 0.03859)
(0.02534 -0.03062 0.03264)
(0.03320 -0.04181 0.02179)
(0.03063 -0.04519 0.01998)
(0.03757 -0.04566 0.01836)
(0.04919 -0.05590 0.01106)
(0.05247 -0.07112 -0.00013)
(0.05598 -0.07140 -0.00601)
(0.07665 -0.07871 -0.01557)
(0.08618 -0.08042 -0.02003)
(0.07476 -0.08918 -0.02869)
(0.07194 -0.08775 -0.02685)
(0.07248 -0.08683 -0.02838)
(0.07022 -0.08495 -0.02726)
(0.05837 -0.07311 -0.02116)
(0.02264 -0.05998 -0.02284)
(0.02623 -0.05946 -0.01816)
(0.01803 -0.05535 -0.01776)
(0.03354 -0.05567 0.00484)
(0.02287 -0.04577 0.00984)
(0.02748 -0.04732 0.01486)
(0.01718 -0.04378 0.02143)
(0.03908 -0.05226 0.03397)
(0.02133 -0.04353 0.03344)
(0.01433 -0.04263 0.03392)
(0.02925 -0.04467 0.04502)
(0.00600 -0.04219 0.05003)
(-0.00065 -0.04277 0.05581)
(-0.00230 -0.04345 0.05646)
(-0.00269 -0.04426 0.05799)
(-0.00331 -0.04474 0.05944)
(-0.00529 -0.04562 0.05991)
(0.00154 -0.05173 0.06928)
(-0.00381 -0.05778 0.06667)
(-0.00288 -0.02362 0.02612)
(0.00034 0.00309 -0.00314)
(0.00037 -0.00012 0.00005)
(-0.00498 0.00133 -0.00074)
(-0.02783 0.00705 -0.00395)
(-0.06506 0.02072 0.00446)
(-0.05223 0.01125 0.00412)
(-0.04718 0.01002 0.01028)
(-0.03133 0.00095 0.00451)
(-0.03676 0.00449 0.01966)
(-0.02712 0.00018 0.03022)
(-0.01146 -0.00377 0.02790)
(-0.00919 -0.00454 0.02954)
(-0.01065 -0.00283 0.03567)
(0.00040 -0.00515 0.03811)
(0.00274 -0.00389 0.05174)
(0.00157 -0.00528 0.06098)
(0.01831 -0.01193 0.05063)
(0.02334 -0.01543 0.04460)
(0.02678 -0.02044 0.04187)
(0.03115 -0.02274 0.03897)
(0.04815 -0.03223 0.02681)
(0.05796 -0.03800 0.01849)
(0.06644 -0.04815 0.00696)
(0.05483 -0.05254 0.00937)
(0.07367 -0.05012 -0.00024)
(0.08184 -0.06465 -0.00715)
(0.09417 -0.07415 -0.01591)
(0.08327 -0.07091 -0.01518)
(0.08781 -0.07367 -0.01940)
(0.09221 -0.08059 -0.02275)
(0.10262 -0.07803 -0.02723)
(0.10034 -0.08555 -0.02158)
(0.08646 -0.08394 -0.02678)
(0.08414 -0.08568 -0.02120)
(0.08369 -0.08000 -0.01613)
(0.06888 -0.07645 -0.01412)
(0.08479 -0.07779 -0.00134)
(0.05159 -0.06433 0.00573)
(0.07304 -0.07284 0.01561)
(0.05884 -0.06205 0.03071)
(0.06098 -0.06293 0.03344)
(0.06142 -0.06734 0.04449)
(0.04857 -0.05511 0.04830)
(0.06155 -0.06195 0.06044)
(0.03900 -0.05266 0.05600)
(0.02569 -0.04840 0.05393)
(0.02026 -0.04656 0.06247)
(0.02451 -0.05105 0.06996)
(0.00518 -0.04826 0.06604)
(-0.00040 -0.04890 0.07490)
(-0.00136 -0.05566 0.07717)
(0.01102 -0.04865 0.07440)
(-0.00492 -0.04796 0.07963)
(-0.00126 -0.02978 0.03729)
(-0.00008 -0.00181 0.00215)
(-0.00003 0.00396 -0.00468)
(-0.00236 0.00031 -0.00082)
(-0.01328 0.00314 -0.00228)
(-0.04924 0.00889 -0.00608)
(-0.02663 -0.00529 -0.00886)
(-0.02788 -0.00255 -0.00494)
(-0.01957 -0.00559 0.00740)
(-0.01528 -0.00957 -0.00192)
(-0.01117 -0.00564 0.01793)
(-0.00887 -0.00494 0.02883)
(0.00823 -0.00663 0.02690)
(0.00609 -0.00675 0.03356)
(0.01278 -0.00938 0.04069)
(0.01688 -0.00905 0.04112)
(0.02730 -0.01142 0.03968)
(0.04631 -0.01960 0.03335)
(0.05144 -0.02203 0.02935)
(0.04340 -0.02171 0.03220)
(0.05520 -0.02923 0.02772)
(0.06336 -0.03731 0.01962)
(0.07322 -0.03739 0.00692)
(0.08063 -0.03832 -0.00363)
(0.08839 -0.06011 -0.00694)
(0.10316 -0.07148 -0.01547)
(0.09333 -0.06198 -0.01778)
(0.09940 -0.06110 -0.02704)
(0.09871 -0.06119 -0.02749)
(0.10027 -0.07855 -0.02467)
(0.09700 -0.08173 -0.02298)
(0.10123 -0.07669 -0.01610)
(0.10119 -0.07744 -0.01350)
(0.10019 -0.08109 0.00056)
(0.10534 -0.08380 0.00918)
(0.08093 -0.07688 0.01172)
(0.09687 -0.08398 0.01843)
(0.07135 -0.06784 0.03008)
(0.07699 -0.07365 0.03473)
(0.08920 -0.08071 0.05741)
(0.08228 -0.07700 0.06585)
(0.08220 -0.07718 0.06866)
(0.06850 -0.06919 0.06931)
(0.03687 -0.05287 0.06175)
(0.06146 -0.06665 0.07406)
(0.04177 -0.05742 0.07064)
(0.03145 -0.05179 0.07038)
(0.03276 -0.05325 0.07509)
(0.01527 -0.04935 0.07477)
(0.01003 -0.05164 0.08026)
(-0.00735 -0.04582 0.08031)
(0.01054 -0.05214 0.07800)
(-0.00098 -0.03634 0.05199)
(0.00002 -0.00796 0.00955)
(0.00086 -0.00364 0.00495)
(0.00394 -0.00044 0.00136)
(-0.01502 0.00159 -0.00545)
(-0.00149 0.00015 -0.00052)
(-0.01762 0.00118 -0.00666)
(-0.03439 -0.00115 -0.01137)
(-0.01860 -0.00941 -0.00702)
(-0.01756 -0.01085 -0.00903)
(-0.01164 -0.00927 -0.00505)
(-0.00364 -0.00955 -0.00157)
(-0.00505 -0.01042 0.00522)
(0.01234 -0.01576 0.00174)
(0.00647 -0.01245 0.01308)
(0.00800 -0.00934 0.01890)
(0.02915 -0.01130 0.01994)
(0.03114 -0.01085 0.02246)
(0.03003 -0.01118 0.03342)
(0.04491 -0.01737 0.02904)
(0.05253 -0.02128 0.02702)
(0.05580 -0.02388 0.02513)
(0.06835 -0.03315 0.01720)
(0.07895 -0.03336 0.00338)
(0.07701 -0.03275 -0.00498)
(0.08326 -0.03325 -0.02562)
(0.08403 -0.04090 -0.00675)
(0.08956 -0.04771 -0.01856)
(0.09989 -0.05687 -0.02366)
(0.09595 -0.05741 -0.02811)
(0.09506 -0.05756 -0.02879)
(0.09887 -0.06198 -0.02786)
(0.10365 -0.07307 -0.02179)
(0.10174 -0.07634 -0.01735)
(0.10165 -0.07736 -0.01533)
(0.10880 -0.08404 -0.00841)
(0.10839 -0.08858 0.00514)
(0.11126 -0.09255 0.02092)
(0.11905 -0.09949 0.03459)
(0.11756 -0.09899 0.03855)
(0.10872 -0.09124 0.04379)
(0.10085 -0.08603 0.05957)
(0.08887 -0.08119 0.06812)
(0.08846 -0.08119 0.07083)
(0.08197 -0.07693 0.07169)
(0.07603 -0.07285 0.07554)
(0.06307 -0.06624 0.07789)
(0.04311 -0.05692 0.07634)
(0.03694 -0.05550 0.07519)
(0.02845 -0.05281 0.07469)
(0.03934 -0.05419 0.07729)
(0.02605 -0.05350 0.07951)
(0.03173 -0.05560 0.08198)
(0.01231 -0.04325 0.06038)
(0.00251 -0.00859 0.01155)
(0.00367 -0.00030 0.00125)
(-0.00633 0.00034 -0.00227)
(-0.03319 -0.00010 -0.01404)
(-0.02578 -0.00073 -0.01068)
(-0.03182 -0.00230 -0.01416)
(-0.00921 -0.01162 -0.01098)
(-0.00487 -0.01214 -0.01080)
(0.00209 -0.01245 -0.01116)
(0.02035 -0.01596 -0.00597)
(0.02234 -0.01538 -0.00556)
(0.01798 -0.01544 0.01159)
(0.03143 -0.01218 0.01553)
(0.03424 -0.01182 0.01510)
(0.03698 -0.01161 0.01472)
(0.03537 -0.01131 0.01948)
(0.04548 -0.01558 0.01506)
(0.05299 -0.01926 0.01885)
(0.05577 -0.02156 0.02152)
(0.05749 -0.01715 -0.00043)
(0.05888 -0.02510 0.02152)
(0.07364 -0.02721 -0.00283)
(0.07406 -0.02722 -0.00502)
(0.07931 -0.02926 -0.02616)
(0.08311 -0.03362 -0.02743)
(0.08221 -0.03335 -0.02911)
(0.09130 -0.05380 -0.02944)
(0.09018 -0.05420 -0.03051)
(0.09480 -0.05876 -0.02925)
(0.09450 -0.06038 -0.02978)
(0.09478 -0.06923 -0.02696)
(0.10285 -0.07763 -0.02317)
(0.10703 -0.08800 -0.00798)
(0.11031 -0.09117 -0.00682)
(0.11598 -0.09495 0.01213)
(0.12082 -0.10276 0.03315)
(0.12079 -0.10427 0.03685)
(0.12027 -0.10291 0.04162)
(0.11936 -0.10414 0.05358)
(0.09422 -0.08561 0.07028)
(0.09347 -0.08555 0.07280)
(0.08784 -0.08064 0.07380)
(0.09400 -0.08301 0.08088)
(0.07455 -0.07148 0.08048)
(0.06997 -0.06907 0.07979)
(0.07194 -0.06418 0.08461)
(0.06077 -0.06038 0.08267)
(0.05638 -0.05876 0.08163)
(0.06287 -0.06052 0.08164)
(0.05905 -0.05894 0.08063)
(0.05555 -0.05743 0.07958)
(0.03923 -0.05642 0.08098)
(0.02119 -0.05689 0.07847)
(0.02315 -0.05251 0.07074)
(0.00493 -0.01353 0.01798)
(-0.00138 0.00413 -0.00545)
(0.00135 -0.00005 0.00044)
(-0.01008 0.00001 -0.00354)
(-0.00976 -0.00911 -0.00982)
(-0.01698 -0.01066 -0.01621)
(-0.00215 -0.01726 -0.01317)
(-0.00174 -0.01748 -0.01540)
(0.01313 -0.02088 -0.01217)
(0.02199 -0.01764 -0.00875)
(0.02368 -0.01620 -0.00824)
(0.03155 -0.01829 -0.00391)
(0.03284 -0.01692 -0.00162)
(0.03578 -0.01222 0.01034)
(0.03816 -0.01171 0.00989)
(0.04212 -0.01159 0.00064)
(0.04004 -0.01148 0.01348)
(0.04828 -0.00721 0.00099)
(0.05041 -0.01334 -0.00294)
(0.05411 -0.01395 -0.01269)
(0.06614 -0.01479 -0.01417)
(0.07185 -0.02081 -0.01012)
(0.07200 -0.02438 -0.02418)
(0.07871 -0.02938 -0.02849)
(0.07481 -0.02590 -0.03013)
(0.07755 -0.02966 -0.03060)
(0.07385 -0.03723 -0.03367)
(0.07021 -0.04058 -0.04085)
(0.08979 -0.05579 -0.03105)
(0.08336 -0.05734 -0.03438)
(0.07979 -0.06728 -0.03415)
(0.08266 -0.07160 -0.03134)
(0.10664 -0.08463 -0.01578)
(0.10969 -0.09163 -0.01300)
(0.11481 -0.09816 0.00159)
(0.11448 -0.10316 0.02254)
(0.11964 -0.10684 0.03498)
(0.12081 -0.10595 0.04126)
(0.11584 -0.11015 0.05667)
(0.10514 -0.09815 0.06981)
(0.10300 -0.10163 0.07672)
(0.10697 -0.09502 0.08178)
(0.10245 -0.09017 0.08893)
(0.09441 -0.07939 0.08673)
(0.07782 -0.07218 0.08739)
(0.09391 -0.07659 0.09041)
(0.08079 -0.07071 0.08634)
(0.06778 -0.06238 0.08246)
(0.06356 -0.05975 0.07996)
(0.06635 -0.05785 0.07856)
(0.05399 -0.05862 0.07776)
(0.02767 -0.05693 0.07727)
(0.03534 -0.05464 0.07463)
(0.00811 -0.01845 0.02429)
(-0.00032 0.00083 -0.00108)
(-0.00030 -0.00010 0.00003)
(-0.00618 -0.00435 -0.00202)
(-0.00569 -0.00257 0.00155)
(-0.00373 -0.01419 -0.00792)
(-0.00077 -0.01681 -0.00951)
(0.00688 -0.02360 -0.01415)
(0.01809 -0.02765 -0.01425)
(0.02383 -0.02558 -0.01911)
(0.02317 -0.02415 -0.01296)
(0.02452 -0.01693 -0.01047)
(0.03152 -0.01990 -0.01705)
(0.03501 -0.01699 -0.01399)
(0.04025 -0.01257 -0.00840)
(0.03813 -0.00913 -0.02080)
(0.04877 -0.00893 -0.01342)
(0.05505 -0.00770 -0.01529)
(0.04752 -0.00574 -0.02250)
(0.05676 -0.01441 -0.01743)
(0.04738 -0.00851 -0.03001)
(0.05753 -0.01038 -0.02803)
(0.04900 -0.00987 -0.03915)
(0.04887 -0.01334 -0.04253)
(0.07352 -0.02651 -0.03264)
(0.06054 -0.03288 -0.04220)
(0.04760 -0.02883 -0.05441)
(0.06982 -0.04351 -0.04325)
(0.06134 -0.04784 -0.04482)
(0.07005 -0.06036 -0.04086)
(0.06802 -0.06573 -0.03986)
(0.08863 -0.08410 -0.02437)
(0.08397 -0.09367 -0.01653)
(0.10537 -0.10369 0.00184)
(0.09944 -0.11083 0.00983)
(0.09920 -0.11847 0.01697)
(0.11194 -0.12044 0.04085)
(0.11071 -0.12180 0.04982)
(0.11391 -0.11923 0.07380)
(0.11261 -0.11821 0.07455)
(0.10635 -0.10097 0.08413)
(0.10374 -0.09903 0.08864)
(0.09817 -0.08481 0.08812)
(0.09924 -0.08516 0.08964)
(0.08317 -0.06877 0.08879)
(0.08338 -0.07002 0.08534)
(0.06918 -0.06125 0.07974)
(0.09406 -0.06764 0.08156)
(0.07505 -0.05942 0.07858)
(0.06893 -0.05997 0.07665)
(0.07624 -0.05892 0.07453)
(0.05783 -0.05643 0.07517)
(0.02042 -0.02402 0.03104)
(0.00104 -0.00182 0.00225)
(-0.00118 -0.00043 0.00040)
(-0.00341 -0.00614 0.00032)
(-0.00002 -0.01623 -0.00453)
(0.01901 -0.02553 -0.00961)
(0.01903 -0.02638 -0.01316)
(0.02336 -0.02559 -0.01782)
(0.03257 -0.02797 -0.02822)
(0.02894 -0.02456 -0.02174)
(0.03314 -0.02570 -0.02869)
(0.03471 -0.01914 -0.02867)
(0.03688 -0.01036 -0.02546)
(0.03277 -0.00750 -0.02866)
(0.03721 -0.00478 -0.02476)
(0.02694 -0.00265 -0.03605)
(0.04585 -0.00697 -0.02251)
(0.03578 -0.00068 -0.03229)
(0.01861 0.00475 -0.05560)
(0.03664 -0.00587 -0.04438)
(0.03246 -0.00282 -0.05144)
(0.03464 -0.00514 -0.05160)
(0.03830 -0.01126 -0.05180)
(0.03878 -0.01741 -0.05138)
(0.03941 -0.02293 -0.05493)
(0.04766 -0.03317 -0.05095)
(0.05024 -0.04202 -0.04897)
(0.04174 -0.05337 -0.05468)
(0.04200 -0.05882 -0.05090)
(0.06408 -0.07789 -0.03426)
(0.05648 -0.09616 -0.02491)
(0.08083 -0.10326 -0.01135)
(0.08833 -0.11361 0.00244)
(0.08560 -0.12079 0.02096)
(0.10082 -0.12177 0.03560)
(0.09575 -0.12427 0.04645)
(0.11214 -0.11993 0.07279)
(0.10617 -0.11898 0.07683)
(0.11361 -0.11019 0.08412)
(0.10385 -0.11272 0.09060)
(0.10305 -0.09959 0.09290)
(0.10830 -0.09177 0.09037)
(0.10089 -0.08589 0.08827)
(0.09774 -0.07715 0.08929)
(0.11074 -0.08098 0.09026)
(0.10725 -0.07610 0.08905)
(0.09676 -0.06958 0.08239)
(0.08677 -0.05948 0.07817)
(0.08446 -0.05796 0.07424)
(0.07552 -0.05943 0.07361)
(0.04319 -0.04030 0.05164)
(0.01769 -0.02044 0.02631)
(0.00246 -0.00308 0.00395)
(0.00040 -0.00002 -0.00047)
(-0.00142 -0.00027 0.00157)
(0.00216 -0.00554 0.00475)
(0.00994 -0.01488 0.00186)
(0.01808 -0.02113 -0.00739)
(0.02198 -0.02267 -0.01178)
(0.02582 -0.02318 -0.01493)
(0.02319 -0.02252 -0.01462)
(0.02853 -0.02328 -0.02695)
(0.03196 -0.02555 -0.03048)
(0.03241 -0.02408 -0.03161)
(0.01676 -0.00550 -0.04373)
(0.03245 -0.01112 -0.03637)
(0.02135 -0.00422 -0.04186)
(0.00695 0.00812 -0.05485)
(0.01748 0.00484 -0.04657)
(0.00168 0.01340 -0.06152)
(0.01838 0.00579 -0.05236)
(0.01222 0.00720 -0.06071)
(0.01585 0.00539 -0.05928)
(0.01433 0.00558 -0.06232)
(0.01623 0.00372 -0.06497)
(0.02965 -0.01140 -0.05747)
(0.02328 -0.00840 -0.06049)
(0.01699 -0.00803 -0.07357)
(0.02369 -0.01920 -0.07215)
(0.03239 -0.02909 -0.06046)
(0.03217 -0.03729 -0.06044)
(0.02368 -0.04278 -0.06479)
(0.02342 -0.04579 -0.06385)
(0.04926 -0.06984 -0.04222)
(0.04991 -0.09434 -0.02797)
(0.05694 -0.10046 -0.02144)
(0.06228 -0.10830 -0.01585)
(0.06267 -0.11628 0.01080)
(0.08096 -0.12441 0.03219)
(0.07161 -0.12793 0.04748)
(0.09026 -0.12861 0.05764)
(0.08679 -0.12245 0.06788)
(0.10247 -0.11693 0.08851)
(0.10232 -0.11568 0.08981)
(0.10465 -0.11182 0.09152)
(0.10619 -0.11166 0.09210)
(0.11074 -0.08694 0.08942)
(0.11237 -0.08342 0.09070)
(0.10843 -0.07665 0.08862)
(0.10840 -0.07637 0.08933)
(0.10579 -0.06976 0.08449)
(0.09636 -0.06477 0.07931)
(0.09330 -0.06555 0.08098)
(0.09148 -0.06505 0.07907)
(0.07533 -0.05530 0.07404)
(0.04501 -0.03641 0.04931)
(0.00441 -0.00391 0.00527)
(0.00444 -0.00380 0.00520)
(-0.00025 0.00064 0.00204)
(0.00499 -0.00373 0.00751)
(0.01931 -0.01951 -0.00653)
(0.02030 -0.02038 -0.00869)
(0.02186 -0.02133 -0.01178)
(0.02278 -0.02140 -0.01540)
(0.02740 -0.02017 -0.02888)
(0.02574 -0.02065 -0.03854)
(0.03090 -0.02407 -0.03336)
(0.00981 -0.00258 -0.04752)
(0.01342 -0.00199 -0.05013)
(0.00031 0.01233 -0.06254)
(-0.00374 0.01497 -0.06456)
(-0.00187 0.01550 -0.06398)
(-0.00678 0.01498 -0.06983)
(0.00931 0.00806 -0.06418)
(0.00114 0.01111 -0.06956)
(0.00756 0.00805 -0.06725)
(-0.00167 0.00950 -0.08493)
(-0.00126 0.00748 -0.09047)
(0.00569 0.00562 -0.08364)
(0.01017 -0.00147 -0.08433)
(0.00360 -0.00071 -0.09828)
(0.00332 -0.00237 -0.09774)
(0.01661 -0.02369 -0.07462)
(0.01871 -0.03920 -0.06835)
(0.01817 -0.04210 -0.06741)
(0.02185 -0.04838 -0.06334)
(0.02670 -0.07093 -0.04961)
(0.04959 -0.09833 -0.02524)
(0.04608 -0.10378 -0.01672)
(0.05008 -0.11580 0.00230)
(0.06164 -0.12148 0.01995)
(0.06538 -0.12858 0.04472)
(0.07190 -0.12870 0.05221)
(0.07168 -0.12982 0.05578)
(0.09965 -0.11942 0.08818)
(0.09980 -0.11877 0.08938)
(0.10332 -0.11488 0.09096)
(0.10506 -0.11451 0.09206)
(0.11092 -0.09922 0.09113)
(0.11852 -0.09617 0.09384)
(0.11268 -0.08609 0.09257)
(0.11219 -0.08234 0.08924)
(0.10522 -0.06821 0.08487)
(0.09763 -0.06935 0.08244)
(0.09505 -0.06809 0.08166)
(0.07326 -0.05450 0.07477)
(0.05230 -0.04153 0.05697)
(0.02786 -0.02294 0.03142)
(0.05303 -0.04184 0.05834)
(0.00720 -0.00601 0.00838)
(-0.00002 0.00021 0.00053)
(0.00004 0.00144 0.00397)
(0.00020 0.00120 0.00259)
(0.00112 0.00307 0.00914)
(0.00905 -0.00400 0.00558)
(0.01727 -0.00873 -0.00142)
(0.02107 -0.01845 -0.00874)
(0.02086 -0.01562 -0.01109)
(0.02185 -0.02009 -0.01194)
(0.01895 -0.01753 -0.03061)
(0.02003 -0.01706 -0.03273)
(0.02201 -0.01693 -0.03971)
(0.01045 -0.00609 -0.04993)
(0.00506 0.00065 -0.05319)
(-0.00527 0.00509 -0.05967)
(-0.00395 0.00883 -0.06285)
(-0.00982 0.01752 -0.06713)
(-0.00783 0.01747 -0.06716)
(-0.01922 0.02298 -0.07440)
(-0.03990 0.02780 -0.09425)
(-0.00060 0.01117 -0.07240)
(-0.02212 0.01820 -0.10631)
(-0.02842 0.01627 -0.11425)
(-0.00881 0.00578 -0.10121)
(-0.00374 0.00242 -0.10485)
(-0.00036 -0.00007 -0.10295)
(0.00373 -0.01314 -0.09061)
(0.00572 -0.02778 -0.08408)
(0.01321 -0.03749 -0.07201)
(0.01628 -0.04581 -0.06629)
(0.00629 -0.06123 -0.05946)
(0.02930 -0.08812 -0.03327)
(0.02518 -0.09606 -0.02174)
(0.02817 -0.10777 -0.01155)
(0.04800 -0.12310 0.01729)
(0.05535 -0.12913 0.03990)
(0.06641 -0.12916 0.05029)
(0.06704 -0.13074 0.05531)
(0.08238 -0.12676 0.07470)
(0.09521 -0.12722 0.08747)
(0.10113 -0.11800 0.09072)
(0.10417 -0.11981 0.09379)
(0.11187 -0.11118 0.09439)
(0.11131 -0.11124 0.09641)
(0.11755 -0.09705 0.09405)
(0.11473 -0.09087 0.09128)
(0.11418 -0.08637 0.08999)
(0.10752 -0.07943 0.08632)
(0.08692 -0.06261 0.08113)
(0.07460 -0.05487 0.07626)
(0.07245 -0.05453 0.07691)
(0.06904 -0.05354 0.07627)
(0.04556 -0.03610 0.05156)
(0.00710 -0.00615 0.00897)
(-0.00561 0.00492 -0.00722)
(0.00014 0.00014 0.00024)
(0.00176 0.00165 0.00290)
(0.01086 0.00023 0.00856)
(0.00857 -0.00019 0.00606)
(0.01862 -0.00276 0.00643)
(0.01881 -0.00730 -0.00135)
(0.02178 -0.01173 -0.00566)
(0.02379 -0.01559 -0.01924)
(0.01992 -0.01472 -0.02684)
(0.01772 -0.01536 -0.04269)
(0.01714 -0.01608 -0.04555)
(0.00604 -0.00696 -0.04848)
(-0.00299 0.00023 -0.05661)
(-0.02073 0.01361 -0.06473)
(-0.02350 0.01526 -0.06892)
(-0.03341 0.02255 -0.07257)
(-0.04949 0.03312 -0.08366)
(-0.01419 0.02038 -0.06982)
(-0.03515 0.02762 -0.08134)
(-0.05700 0.03478 -0.10617)
(-0.04409 0.02947 -0.10134)
(-0.04200 0.02408 -0.11330)
(-0.04334 0.02410 -0.12051)
(-0.02436 0.01253 -0.11329)
(-0.03079 0.01528 -0.12498)
(-0.03342 0.01202 -0.12642)
(-0.01425 -0.00401 -0.10775)
(-0.01348 -0.01337 -0.09935)
(-0.01336 -0.01505 -0.10197)
(-0.00689 -0.03750 -0.08026)
(-0.00232 -0.05570 -0.06415)
(0.00332 -0.07096 -0.05255)
(0.00865 -0.08902 -0.03354)
(0.01108 -0.09684 -0.02596)
(0.02734 -0.11377 0.00298)
(0.02807 -0.11538 0.01236)
(0.06111 -0.12882 0.04865)
(0.05747 -0.13354 0.05905)
(0.06644 -0.13742 0.06962)
(0.06989 -0.13603 0.07835)
(0.08651 -0.13270 0.08674)
(0.09238 -0.12966 0.08886)
(0.10663 -0.12046 0.09473)
(0.10976 -0.11448 0.09970)
(0.11269 -0.10333 0.09760)
(0.10879 -0.10138 0.09800)
(0.11049 -0.08860 0.09410)
(0.09263 -0.07819 0.09425)
(0.09181 -0.07326 0.08991)
(0.08639 -0.07208 0.09507)
(0.07596 -0.05916 0.09141)
(0.06135 -0.05092 0.07868)
(0.03805 -0.03137 0.04765)
(0.01063 -0.00885 0.01367)
(-0.00404 0.00362 -0.00548)
(0.00224 0.00032 0.00143)
(0.01300 0.00063 0.00690)
(0.02151 -0.00348 0.00261)
(0.02438 -0.00814 -0.00608)
(0.02510 -0.00993 -0.00981)
(0.02390 -0.01290 -0.01645)
(0.01592 -0.01071 -0.03263)
(0.01963 -0.01398 -0.02659)
(0.01438 -0.01153 -0.04012)
(0.00669 -0.00699 -0.04808)
(0.01243 -0.01220 -0.04650)
(-0.00386 0.00112 -0.05322)
(-0.01306 0.00410 -0.05993)
(-0.02605 0.01049 -0.06511)
(-0.03025 0.01361 -0.06670)
(-0.02877 0.01852 -0.06965)
(-0.04124 0.02281 -0.06915)
(-0.04651 0.02931 -0.07608)
(-0.06752 0.03686 -0.08727)
(-0.05941 0.03586 -0.09786)
(-0.06529 0.03859 -0.10680)
(-0.06306 0.03832 -0.11106)
(-0.06193 0.03182 -0.13113)
(-0.07416 0.03319 -0.15214)
(-0.04394 0.02005 -0.13593)
(-0.04194 0.01797 -0.13669)
(-0.04561 0.01184 -0.13832)
(-0.03576 0.00715 -0.12763)
(-0.02788 -0.00126 -0.11860)
(-0.02237 -0.01066 -0.10965)
(-0.01478 -0.02683 -0.08781)
(-0.01399 -0.03907 -0.08060)
(-0.00635 -0.06502 -0.05963)
(-0.00631 -0.07325 -0.04921)
(-0.00903 -0.08575 -0.03635)
(0.01637 -0.10531 -0.00761)
(0.01923 -0.11159 0.01044)
(0.03032 -0.12902 0.03238)
(0.03448 -0.13491 0.04756)
(0.05345 -0.13701 0.05960)
(0.06408 -0.14181 0.07565)
(0.07198 -0.14092 0.07800)
(0.08667 -0.13598 0.08750)
(0.08261 -0.14085 0.09252)
(0.09935 -0.12318 0.09555)
(0.10789 -0.11520 0.10106)
(0.09466 -0.11710 0.10961)
(0.09502 -0.11265 0.10908)
(0.09441 -0.10212 0.10714)
(0.09244 -0.10969 0.11046)
(0.08995 -0.08807 0.10351)
(0.08062 -0.07277 0.09886)
(0.07856 -0.07127 0.09750)
(0.06905 -0.05981 0.08627)
(0.02083 -0.01884 0.02758)
(0.00287 -0.00320 0.00467)
(-0.00110 0.00123 -0.00180)
(0.00046 0.00007 0.00027)
(0.00728 0.00071 0.00401)
(0.01935 0.00033 0.00895)
(0.02356 -0.00437 0.00130)
(0.02485 -0.00903 -0.01039)
(0.02339 -0.01049 -0.01531)
(0.02170 -0.01054 -0.02259)
(0.01020 -0.00626 -0.04076)
(0.00815 -0.00610 -0.04407)
(0.00516 -0.00481 -0.04689)
(-0.00653 0.00222 -0.05550)
(-0.02807 0.01172 -0.06555)
(-0.03195 0.01452 -0.06676)
(-0.03818 0.01870 -0.06835)
(-0.06175 0.03719 -0.08106)
(-0.07425 0.04156 -0.09042)
(-0.07459 0.04119 -0.10209)
(-0.08631 0.04611 -0.11874)
(-0.07474 0.03860 -0.12007)
(-0.09030 0.04709 -0.12844)
(-0.07896 0.03831 -0.14066)
(-0.07927 0.03533 -0.15570)
(-0.07252 0.03183 -0.15575)
(-0.06698 0.02855 -0.15526)
(-0.05320 0.01880 -0.15087)
(-0.04590 0.01135 -0.13676)
(-0.03682 0.00689 -0.13223)
(-0.03992 0.00210 -0.12628)
(-0.02863 -0.01650 -0.09965)
(-0.03288 -0.02217 -0.09707)
(-0.02043 -0.04544 -0.07782)
(-0.01386 -0.06973 -0.05129)
(-0.01187 -0.08101 -0.04031)
(-0.00758 -0.08945 -0.03076)
(0.00247 -0.09975 -0.01082)
(0.02266 -0.12919 0.02841)
(0.02968 -0.12544 0.02971)
(0.03655 -0.11832 0.03409)
(0.05347 -0.13454 0.06248)
(0.06865 -0.14141 0.07828)
(0.07381 -0.14046 0.08222)
(0.07557 -0.14046 0.08438)
(0.08467 -0.12918 0.08850)
(0.09010 -0.12057 0.10513)
(0.09080 -0.11385 0.11165)
(0.09242 -0.10275 0.11083)
(0.08677 -0.09084 0.10588)
(0.07783 -0.08802 0.10604)
(0.07867 -0.07882 0.10338)
(0.07353 -0.07096 0.10236)
(0.06843 -0.06218 0.08602)
(0.02253 -0.02117 0.03006)
(0.00161 -0.00148 0.00218)
(0.00033 0.00010 0.00009)
(0.01012 0.00271 0.00226)
(0.02090 -0.00078 -0.00127)
(0.02799 -0.00624 -0.00776)
(0.02617 -0.00729 -0.00822)
(0.02392 -0.00795 -0.02183)
(0.01798 -0.00627 -0.02855)
(0.02311 -0.00873 -0.02419)
(0.00972 -0.00617 -0.04158)
(0.00737 -0.00552 -0.04435)
(0.00672 -0.00502 -0.04482)
(0.00397 -0.00391 -0.04729)
(0.00166 -0.00272 -0.04918)
(-0.02983 0.01378 -0.06475)
(-0.03329 0.01513 -0.06695)
(-0.03914 0.01863 -0.06842)
(-0.06538 0.03816 -0.08479)
(-0.07405 0.04039 -0.08923)
(-0.08383 0.04439 -0.11164)
(-0.09706 0.05249 -0.12499)
(-0.09829 0.05177 -0.13055)
(-0.08482 0.04011 -0.14312)
(-0.08358 0.03688 -0.15918)
(-0.07803 0.03433 -0.15952)
(-0.07703 0.03372 -0.16307)
(-0.07187 0.03018 -0.16821)
(-0.05113 0.01439 -0.14268)
(-0.05903 0.01814 -0.14302)
(-0.04303 -0.00392 -0.12565)
(-0.03289 -0.02571 -0.09345)
(-0.02895 -0.04156 -0.08186)
(-0.01048 -0.08474 -0.03594)
(0.00900 -0.10101 -0.00052)
(0.01941 -0.11409 0.01264)
(0.03862 -0.12574 0.04285)
(0.07062 -0.14059 0.07952)
(0.07630 -0.14149 0.08711)
(0.08869 -0.11797 0.11275)
(0.08376 -0.10192 0.11209)
(0.02609 -0.02561 0.03509)
(0.00228 0.00019 0.00052)
(0.01646 0.00132 -0.00119)
(0.02959 -0.00231 -0.01185)
(0.02677 0.00029 -0.00328)
(0.02911 -0.00279 -0.01376)
(0.02841 -0.00388 -0.01574)
(0.01780 -0.00548 -0.02936)
(0.00920 -0.00592 -0.04241)
(0.00606 -0.00442 -0.04548)
(0.00288 -0.00301 -0.04781)
(-0.00409 -0.00018 -0.05457)
(-0.02801 0.01445 -0.06542)
(-0.04052 0.02427 -0.06918)
(-0.04155 0.02167 -0.06899)
(-0.06829 0.03864 -0.08050)
(-0.06679 0.03778 -0.08314)
(-0.08248 0.04432 -0.08907)
(-0.09273 0.04880 -0.10791)
(-0.09512 0.05075 -0.10492)
(-0.09801 0.05264 -0.12481)
(-0.09891 0.05207 -0.13143)
(-0.09885 0.04916 -0.14245)
(-0.09234 0.04226 -0.16408)
(-0.08440 0.03704 -0.16513)
(-0.08155 0.03577 -0.16660)
(-0.06812 0.02665 -0.16829)
(-0.00332 -0.00031 -0.00051)
(0.00944 0.00043 0.00010)
(0.03028 0.00109 -0.00471)
(0.03085 -0.00089 -0.00816)
(0.02788 -0.00318 -0.01560)
(0.02423 -0.00581 -0.02294)
(0.01716 -0.00531 -0.03126)
(0.01423 -0.00436 -0.03472)
(0.01442 -0.00445 -0.03519)
(0.00457 -0.00245 -0.04659)
(-0.00466 0.00163 -0.05395)
(-0.01324 0.00782 -0.05839)
(-0.03571 0.02066 -0.06803)
(-0.03889 0.02315 -0.06904)
(-0.05190 0.03096 -0.07661)
(-0.06609 0.03982 -0.08093)
(-0.08303 0.04684 -0.08995)
(-0.09044 0.04999 -0.10570)
(-0.09775 0.05253 -0.12455)
(-0.10117 0.04989 -0.15013)
(-0.10075 0.04731 -0.16886)
(-0.00326 -0.00024 -0.00033)
(0.00229 0.00017 0.00020)
(0.01570 0.00065 0.00033)
(0.02828 -0.00132 -0.01239)
(0.02694 -0.00194 -0.01537)
(0.02302 -0.00290 -0.02406)
(0.01478 -0.00278 -0.03467)
(0.00541 -0.00098 -0.04859)
(-0.00198 0.00131 -0.05606)
(-0.01369 0.00979 -0.06099)
(-0.03188 0.01866 -0.06664)
(-0.03782 0.02290 -0.06936)
(-0.04822 0.02813 -0.07523)
(-0.06738 0.04037 -0.08685)
(-0.07556 0.04471 -0.08954)
(-0.08140 0.04670 -0.09698)
(-0.09542 0.05257 -0.11418)
(0.00075 0.00005 0.00006)
(0.01550 0.00089 -0.00336)
(0.02245 -0.00038 -0.00906)
(0.02795 -0.00083 -0.01325)
(0.02599 -0.00163 -0.01724)
(0.02518 -0.00142 -0.01880)
(0.02028 -0.00115 -0.03092)
(0.01161 0.00066 -0.04123)
(0.00357 0.00277 -0.04811)
(0.00557 0.00408 -0.04821)
(-0.00827 0.00956 -0.06159)
(-0.01508 0.01400 -0.06439)
(-0.02314 0.01595 -0.06781)
(-0.02192 0.01860 -0.06991)
(-0.03418 0.02369 -0.07056)
(-0.05457 0.03343 -0.07805)
(0.00191 0.00019 0.00006)
(0.02293 0.00074 -0.00475)
(0.02739 -0.00057 -0.01457)
(0.03061 0.00309 -0.01536)
(0.02802 0.00060 -0.02071)
(0.02472 0.00107 -0.02828)
(0.01697 0.00014 -0.04030)
(0.00661 0.00396 -0.04758)
(-0.01148 0.01205 -0.06651)
(-0.01800 0.01634 -0.06879)
(-0.00042 -0.00006 0.00003)
(0.01064 0.00204 -0.00236)
(0.02344 0.00382 -0.01049)
(-0.05825 0.01793 -0.14563)
(-0.03715 -0.01766 -0.10148)
(-0.01523 -0.07614 -0.04554)
(-0.00685 -0.08706 -0.03015)
(0.03024 -0.11270 0.02381)
(0.06027 -0.13726 0.06633)
(0.07218 -0.14086 0.08242)
(0.08023 -0.12999 0.09938)
(0.08328 -0.11443 0.11176)
(0.07358 -0.09735 0.11466)
(0.07491 -0.08657 0.10630)
(0.06402 -0.06656 0.09161)
(0.06311 -0.06467 0.08885)
(0.06202 -0.06245 0.08571)
(0.00590 -0.00571 0.00780)
(-0.08517 0.03658 -0.17540)
(-0.06972 0.02566 -0.16365)
(-0.06051 0.02067 -0.15701)
(-0.05755 0.01095 -0.13992)
(-0.04514 -0.01128 -0.11233)
(-0.03657 -0.02154 -0.09765)
(-0.03510 -0.03279 -0.08738)
(-0.03188 -0.04642 -0.07630)
(-0.01374 -0.07964 -0.04193)
(-0.01262 -0.07251 -0.04331)
(0.00628 -0.09754 -0.00783)
(0.01658 -0.10783 0.00698)
(0.02815 -0.10889 0.01761)
(0.03333 -0.11516 0.02626)
(0.04419 -0.12760 0.04567)
(0.06781 -0.13990 0.07582)
(0.06932 -0.14050 0.07964)
(0.07385 -0.14131 0.08715)
(0.07234 -0.14089 0.10713)
(0.07918 -0.12677 0.11566)
(0.07372 -0.12020 0.11627)
(0.07532 -0.10945 0.11530)
(0.06994 -0.10148 0.11540)
(0.06435 -0.08130 0.10321)
(0.06309 -0.06730 0.09038)
(0.06212 -0.06385 0.08521)
(0.02412 -0.02394 0.03167)
(0.00243 -0.00237 0.00310)
(-0.10306 0.04632 -0.18361)
(-0.09738 0.04337 -0.18412)
(-0.09643 0.04326 -0.18559)
(-0.08764 0.03830 -0.18609)
(-0.08230 0.03346 -0.17826)
(-0.07965 0.03201 -0.16369)
(-0.06763 0.02163 -0.14491)
(-0.06452 0.00991 -0.13304)
(-0.04078 -0.01665 -0.10217)
(-0.05924 -0.00195 -0.11924)
(-0.04118 -0.02344 -0.09621)
(-0.03816 -0.03349 -0.08509)
(-0.02134 -0.05829 -0.05880)
(-0.01572 -0.06739 -0.05024)
(-0.00258 -0.08376 -0.02637)
(0.00696 -0.09091 -0.01262)
(0.01528 -0.09295 -0.00514)
(0.03337 -0.11503 0.02393)
(0.04201 -0.12452 0.03331)
(0.05604 -0.13111 0.05448)
(0.06131 -0.13704 0.06508)
(0.06563 -0.14430 0.08995)
(0.06559 -0.14782 0.11190)
(0.06726 -0.13885 0.10885)
(0.07111 -0.12320 0.11667)
(0.07243 -0.11111 0.11673)
(0.06639 -0.11267 0.11674)
(0.06599 -0.09786 0.11382)
(0.06575 -0.09128 0.10750)
(0.06619 -0.09184 0.10436)
(0.06294 -0.07099 0.09360)
(0.06176 -0.06431 0.08292)
(0.03208 -0.03169 0.03906)
(0.00732 -0.00723 0.00848)
(-0.00285 0.00277 -0.00321)
(-0.09923 0.04958 -0.13367)
(-0.10231 0.04828 -0.15103)
(-0.10352 0.04825 -0.16624)
(-0.10378 0.04701 -0.18142)
(-0.10426 0.04645 -0.18688)
(-0.10320 0.04785 -0.19651)
(-0.09404 0.04195 -0.18524)
(-0.09330 0.04158 -0.18148)
(-0.09260 0.03798 -0.16728)
(-0.08915 0.03411 -0.15956)
(-0.07721 0.02325 -0.14471)
(-0.06921 0.00616 -0.12975)
(-0.04761 -0.01167 -0.11083)
(-0.04721 -0.01695 -0.10459)
(-0.03628 -0.03551 -0.08301)
(-0.01941 -0.04794 -0.06632)
(-0.01358 -0.05361 -0.06209)
(-0.00340 -0.07709 -0.03239)
(0.00376 -0.08069 -0.02596)
(0.01938 -0.09826 -0.00491)
(0.02843 -0.10745 0.00616)
(0.03933 -0.11457 0.01914)
(0.04874 -0.12502 0.03820)
(0.05637 -0.13376 0.06033)
(0.06291 -0.13939 0.07627)
(0.05924 -0.13520 0.07459)
(0.06449 -0.13800 0.09205)
(0.06247 -0.12989 0.10627)
(0.06827 -0.12868 0.11451)
(0.06445 -0.11865 0.11340)
(0.06599 -0.10688 0.11416)
(0.06641 -0.08501 0.10070)
(0.06379 -0.09441 0.10220)
(0.06493 -0.07909 0.09215)
(0.05759 -0.06759 0.07839)
(0.00757 -0.00741 0.00777)
(-0.00667 0.00648 -0.00647)
(0.04523 -0.05383 0.05955)
(-0.06604 0.04027 -0.08698)
(-0.07060 0.04222 -0.08989)
(-0.07321 0.04383 -0.09333)
(-0.08832 0.04741 -0.11244)
(-0.09824 0.05017 -0.13317)
(-0.10186 0.04905 -0.13869)
(-0.10190 0.04864 -0.13886)
(-0.10550 0.04955 -0.15585)
(-0.10782 0.05011 -0.17210)
(-0.10714 0.04956 -0.18542)
(-0.10873 0.05106 -0.19522)
(-0.10735 0.05063 -0.19438)
(-0.10161 0.04570 -0.18118)
(-0.09151 0.03633 -0.16245)
(-0.08980 0.03422 -0.15773)
(-0.07303 0.01460 -0.14150)
(-0.06148 -0.00333 -0.12203)
(-0.04771 -0.01417 -0.11697)
(-0.04129 -0.02804 -0.09324)
(-0.04477 -0.01278 -0.11666)
(-0.01894 -0.04647 -0.07000)
(-0.01508 -0.04934 -0.06597)
(-0.01024 -0.05490 -0.05894)
(0.01363 -0.08282 -0.02286)
(0.02341 -0.10180 -0.00003)
(0.02139 -0.09713 -0.00480)
(0.03301 -0.10698 0.00658)
(0.04643 -0.12452 0.03653)
(0.04414 -0.11737 0.02731)
(0.05439 -0.13043 0.04937)
(0.05866 -0.13079 0.05952)
(0.06006 -0.13600 0.07616)
(0.06262 -0.12457 0.09586)
(0.06435 -0.12299 0.11255)
(0.06470 -0.11872 0.11162)
(0.06500 -0.11464 0.11182)
(0.06478 -0.09244 0.09204)
(0.06483 -0.08738 0.08954)
(0.06352 -0.08085 0.08360)
(0.03782 -0.04181 0.04331)
(0.00478 -0.00502 0.00510)
(0.02283 -0.02369 0.02206)
(0.00441 -0.00448 0.00411)
(-0.02062 0.01823 -0.07025)
(-0.02421 0.02029 -0.07106)
(-0.03688 0.02642 -0.07680)
(-0.06482 0.04021 -0.08690)
(-0.06872 0.04187 -0.08971)
(-0.06687 0.04154 -0.08920)
(-0.07142 0.04345 -0.09305)
(-0.08558 0.04854 -0.11983)
(-0.07986 0.04702 -0.10408)
(-0.08975 0.04884 -0.12800)
(-0.09750 0.05042 -0.14079)
(-0.10673 0.05167 -0.16462)
(-0.10662 0.05219 -0.17319)
(-0.10446 0.05055 -0.18580)
(-0.11026 0.05183 -0.19522)
(-0.10936 0.05167 -0.19428)
(-0.11008 0.05236 -0.19327)
(-0.10923 0.05123 -0.18609)
(-0.09383 0.03849 -0.16495)
(-0.09194 0.03629 -0.16048)
(-0.07967 0.02380 -0.15289)
(-0.06176 0.00282 -0.13215)
(-0.04941 -0.00724 -0.12357)
(-0.04544 -0.01093 -0.12009)
(-0.02887 -0.03374 -0.08168)
(-0.01636 -0.04585 -0.06938)
(-0.01149 -0.05147 -0.06213)
(-0.01285 -0.04810 -0.06552)
(0.00769 -0.06778 -0.04032)
(0.01745 -0.07207 -0.03912)
(0.03340 -0.09724 -0.00961)
(0.04008 -0.10004 -0.00477)
(0.05749 -0.12787 0.04990)
(0.05858 -0.12952 0.05657)
(0.05959 -0.13210 0.06562)
(0.06242 -0.12474 0.08300)
(0.06452 -0.12267 0.11096)
(0.06489 -0.11875 0.11011)
(0.06523 -0.11476 0.11034)
(0.06432 -0.10770 0.10384)
(0.06380 -0.09061 0.08794)
(0.06107 -0.07301 0.07028)
(0.02028 -0.02154 0.01852)
(-0.00438 0.00445 -0.00373)
(0.00151 -0.00157 0.00132)
(0.03026 0.00622 -0.01850)
(0.02480 0.00535 -0.03115)
(0.02313 0.00297 -0.03421)
(0.01720 0.00306 -0.04708)
(0.01263 0.00367 -0.05364)
(0.00904 0.00679 -0.05485)
(-0.00677 0.01139 -0.06178)
(-0.01686 0.01602 -0.06918)
(-0.01575 0.01579 -0.06987)
(-0.01938 0.01793 -0.07078)
(-0.02323 0.02014 -0.07152)
(-0.03442 0.02722 -0.07911)
(-0.05449 0.03693 -0.08662)
(-0.06189 0.03826 -0.08986)
(-0.07464 0.04611 -0.10250)
(-0.08774 0.04993 -0.12507)
(-0.10066 0.05331 -0.13882)
(-0.10494 0.05274 -0.16540)
(-0.10685 0.05264 -0.17033)
(-0.10680 0.05183 -0.18028)
(-0.11097 0.05296 -0.18607)
(-0.11110 0.05255 -0.19431)
(-0.11178 0.05325 -0.19320)
(-0.11096 0.05050 -0.18636)
(-0.10004 0.04232 -0.17458)
(-0.09012 0.03310 -0.16714)
(-0.08117 0.02415 -0.16073)
(-0.07128 0.01260 -0.14231)
(-0.05079 -0.00512 -0.12718)
(-0.04611 -0.00928 -0.12394)
(-0.03551 -0.02227 -0.10516)
(-0.02025 -0.03502 -0.08562)
(-0.01524 -0.03771 -0.07974)
(-0.00218 -0.05223 -0.06041)
(0.01444 -0.06071 -0.04873)
(0.02433 -0.07176 -0.04152)
(0.02978 -0.08176 -0.02844)
(0.03913 -0.08891 -0.02096)
(0.04569 -0.10402 0.00284)
(0.05211 -0.11893 0.03292)
(0.05802 -0.12755 0.05026)
(0.05908 -0.12898 0.05718)
(0.05959 -0.13084 0.06332)
(0.06214 -0.12876 0.07591)
(0.06510 -0.12487 0.10616)
(0.05903 -0.12010 0.09397)
(0.06349 -0.11676 0.10000)
(0.05754 -0.09952 0.09647)
(0.06421 -0.09388 0.08829)
(0.06413 -0.08625 0.08209)
(0.06149 -0.07931 0.07432)
(0.04831 -0.05579 0.04977)
(0.01114 -0.01191 0.01020)
(0.00213 0.00044 -0.00060)
(0.00520 0.00112 -0.00207)
(0.02839 0.00692 -0.01947)
(0.02431 0.00647 -0.03382)
(0.01544 0.00790 -0.04488)
(0.01568 0.00524 -0.04973)
(0.00680 0.00531 -0.05903)
(-0.00009 0.00667 -0.06494)
(-0.00575 0.01009 -0.06905)
(-0.00643 0.01025 -0.06854)
(-0.02033 0.01711 -0.07501)
(-0.03513 0.02166 -0.08081)
(-0.03695 0.02475 -0.07898)
(-0.04964 0.03263 -0.08304)
(-0.05491 0.03721 -0.08567)
(-0.08115 0.04564 -0.09923)
(-0.08600 0.04734 -0.10338)
(-0.09111 0.05243 -0.11897)
(-0.10504 0.05744 -0.13301)
(-0.10820 0.05470 -0.15393)
(-0.12211 0.06325 -0.15359)
(-0.11881 0.05980 -0.17663)
(-0.12282 0.06260 -0.17782)
(-0.11984 0.05866 -0.19001)
(-0.12413 0.06123 -0.18675)
(-0.12061 0.05661 -0.18590)
(-0.11328 0.05301 -0.18196)
(-0.10253 0.04256 -0.17612)
(-0.09345 0.03149 -0.16998)
(-0.07602 0.01604 -0.15661)
(-0.06570 0.00724 -0.15159)
(-0.05590 -0.00132 -0.14381)
(-0.03626 -0.01590 -0.12086)
(-0.02587 -0.01977 -0.10660)
(-0.01705 -0.02863 -0.09753)
(0.00085 -0.04475 -0.07224)
(0.01350 -0.05596 -0.05524)
(0.01897 -0.06463 -0.04743)
(0.03484 -0.08079 -0.03150)
(0.03958 -0.09358 -0.01071)
(0.04544 -0.10456 0.01128)
(0.05356 -0.11952 0.04034)
(0.05642 -0.12306 0.07413)
(0.04966 -0.11666 0.05812)
(0.06081 -0.12652 0.09052)
(0.05125 -0.11108 0.08705)
(0.05272 -0.10573 0.09764)
(0.05142 -0.09676 0.09508)
(0.05741 -0.08893 0.08819)
(0.05440 -0.08057 0.07597)
(0.03341 -0.05238 0.05437)
(0.01675 -0.02620 0.02704)
(0.00632 -0.00982 0.01010)
(0.00150 0.00048 -0.00072)
(0.01916 0.00835 -0.02353)
(0.01755 0.00899 -0.04194)
(0.00786 0.01100 -0.05331)
(0.00689 0.01070 -0.05475)
(0.00496 0.01025 -0.05737)
(0.00310 0.00587 -0.06615)
(0.00037 0.01046 -0.06317)
(-0.00550 0.01013 -0.07158)
(-0.01230 0.01253 -0.07840)
(-0.02851 0.01485 -0.08114)
(-0.03651 0.02165 -0.08306)
(-0.04606 0.02669 -0.08349)
(-0.05063 0.03330 -0.08406)
(-0.06494 0.03882 -0.08891)
(-0.07792 0.04389 -0.09664)
(-0.10121 0.05099 -0.10713)
(-0.10602 0.05659 -0.11591)
(-0.11210 0.05870 -0.13969)
(-0.13483 0.07164 -0.14785)
(-0.13203 0.06989 -0.16298)
(-0.13348 0.07013 -0.16742)
(-0.12908 0.06425 -0.18108)
(-0.13786 0.07054 -0.17167)
(-0.12757 0.06171 -0.18603)
(-0.12240 0.05697 -0.18455)
(-0.11346 0.05233 -0.18247)
(-0.10589 0.04331 -0.17956)
(-0.09436 0.02875 -0.17454)
(-0.08512 0.02332 -0.16678)
(-0.08944 0.02400 -0.17306)
(-0.06583 0.00726 -0.15569)
(-0.05244 -0.00362 -0.15318)
(-0.04695 -0.00811 -0.14467)
(-0.03941 -0.01189 -0.13458)
(-0.02903 -0.01641 -0.11844)
(-0.01883 -0.02150 -0.10569)
(-0.00316 -0.03247 -0.09435)
(-0.00182 -0.04026 -0.08296)
(0.00819 -0.04734 -0.07443)
(0.01736 -0.05368 -0.06222)
(0.02959 -0.07320 -0.03901)
(0.02595 -0.06800 -0.04797)
(0.03213 -0.07963 -0.02965)
(0.03406 -0.08527 -0.01871)
(0.04435 -0.10538 0.02237)
(0.04826 -0.11270 0.04885)
(0.05334 -0.11819 0.07976)
(0.04791 -0.11296 0.06215)
(0.04813 -0.11373 0.08730)
(0.03294 -0.09454 0.08855)
(0.04587 -0.09896 0.08996)
(0.03261 -0.08908 0.08763)
(0.04653 -0.08472 0.08254)
(0.04454 -0.07813 0.07567)
(0.03126 -0.08762 0.08695)
(0.03468 -0.06129 0.05933)
(0.00556 -0.01227 0.01294)
(0.00040 0.00017 -0.00029)
(0.01201 0.00673 -0.02597)
(0.00399 0.00954 -0.04235)
(0.00396 0.01159 -0.05812)
(0.00178 0.01086 -0.06101)
(-0.00040 0.01206 -0.06198)
(-0.00204 0.01155 -0.06427)
(-0.01402 0.01374 -0.07755)
(-0.02764 0.01914 -0.08465)
(-0.04596 0.02312 -0.08600)
(-0.04660 0.02903 -0.08612)
(-0.06609 0.03707 -0.09118)
(-0.07402 0.03707 -0.09484)
(-0.08547 0.04423 -0.09901)
(-0.11265 0.05582 -0.10789)
(-0.11432 0.05763 -0.11118)
(-0.11941 0.05980 -0.11333)
(-0.11435 0.06066 -0.13357)
(-0.13863 0.07375 -0.14467)
(-0.13806 0.07338 -0.15034)
(-0.13967 0.07293 -0.15486)
(-0.14109 0.07080 -0.16286)
(-0.13602 0.06625 -0.17187)
(-0.12751 0.05518 -0.17620)
(-0.12137 0.05353 -0.18101)
(-0.11841 0.04959 -0.17549)
(-0.09578 0.02867 -0.17563)
(-0.09193 0.02496 -0.17470)
(-0.08472 0.02011 -0.17246)
(-0.06136 0.00308 -0.16172)
(-0.04728 -0.00488 -0.14806)
(-0.03478 -0.01223 -0.13323)
(-0.02309 -0.01979 -0.11873)
(-0.00288 -0.03020 -0.10515)
(0.00595 -0.03818 -0.08796)
(0.00917 -0.04118 -0.08483)
(0.02040 -0.05702 -0.06293)
(0.03031 -0.07603 -0.03449)
(0.03150 -0.07942 -0.02879)
(0.04311 -0.09929 0.01220)
(0.04069 -0.09338 -0.00273)
(0.04416 -0.10711 0.03551)
(0.04119 -0.10670 0.04793)
(0.04652 -0.11087 0.07074)
(0.03994 -0.10691 0.05466)
(0.03242 -0.09567 0.08098)
(0.02730 -0.09059 0.08750)
(0.02798 -0.08814 0.08708)
(0.03597 -0.07877 0.07519)
(0.02654 -0.05483 0.05414)
(0.02340 -0.08046 0.08104)
(0.00657 -0.01706 0.01744)
(0.00127 -0.00342 0.00349)
(-0.00049 -0.00032 0.00031)
(0.00325 0.00482 -0.01925)
(0.00032 0.00964 -0.02741)
(0.00060 0.01313 -0.05977)
(-0.00484 0.01327 -0.06418)
(-0.02658 0.01999 -0.08100)
(-0.03587 0.02179 -0.08368)
(-0.04918 0.02411 -0.08671)
(-0.07388 0.03699 -0.09551)
(-0.08071 0.03867 -0.09650)
(-0.08258 0.03982 -0.09608)
(-0.09195 0.04360 -0.09953)
(-0.11823 0.05662 -0.10817)
(-0.11873 0.05847 -0.11020)
(-0.12425 0.06135 -0.11203)
(-0.13799 0.07211 -0.12927)
(-0.14194 0.07593 -0.14599)
(-0.14667 0.07482 -0.14412)
(-0.15316 0.07694 -0.14793)
(-0.14229 0.07094 -0.16307)
(-0.14165 0.06560 -0.16328)
(-0.12743 0.05330 -0.17397)
(-0.12494 0.05042 -0.17437)
(-0.10922 0.03642 -0.17382)
(-0.09473 0.02581 -0.17487)
(-0.08799 0.02180 -0.17393)
(-0.06711 0.00585 -0.16337)
(-0.05754 0.00199 -0.15545)
(-0.03797 -0.00867 -0.13445)
(-0.04190 -0.00636 -0.14314)
(-0.02582 -0.01277 -0.12954)
(-0.01641 -0.02149 -0.11560)
(0.00314 -0.03495 -0.09470)
(0.00458 -0.03645 -0.09181)
(0.00765 -0.03944 -0.08811)
(0.00994 -0.04204 -0.08480)
(0.01957 -0.05677 -0.05902)
(0.02867 -0.07321 -0.03837)
(0.02904 -0.07568 -0.03302)
(0.03627 -0.08753 -0.01813)
(0.03784 -0.09542 0.01046)
(0.03482 -0.09234 0.00762)
(0.03911 -0.10461 0.04319)
(0.03809 -0.10518 0.05010)
(0.03694 -0.10104 0.06536)
(0.03667 -0.10543 0.05551)
(0.02517 -0.09117 0.08726)
(0.02509 -0.08871 0.08708)
(0.02307 -0.08981 0.08686)
(0.01766 -0.07393 0.07476)
(0.01072 -0.04275 0.04271)
(0.00144 -0.00739 0.00766)
(-0.00055 0.00433 -0.00451)
(-0.00089 -0.00170 0.00262)
(-0.00033 0.00076 -0.00133)
(-0.00396 0.00860 -0.02045)
(-0.01107 0.01837 -0.06221)
(-0.03102 0.02118 -0.07415)
(-0.02690 0.02105 -0.07747)
(-0.05278 0.02345 -0.08911)
(-0.04790 0.02385 -0.09028)
(-0.06753 0.03054 -0.09245)
(-0.07802 0.03715 -0.09695)
(-0.08464 0.03916 -0.09755)
(-0.08756 0.04056 -0.09742)
(-0.10411 0.04619 -0.09964)
(-0.10742 0.04723 -0.10002)
(-0.12393 0.05391 -0.10244)
(-0.12390 0.05956 -0.10972)
(-0.12928 0.06284 -0.11116)
(-0.13797 0.06760 -0.11677)
(-0.15265 0.07989 -0.12005)
(-0.15460 0.08240 -0.13387)
(-0.17278 0.08995 -0.12719)
(-0.15693 0.08014 -0.13741)
(-0.15236 0.07381 -0.14515)
(-0.14966 0.07237 -0.15189)
(-0.15109 0.07025 -0.15299)
(-0.12968 0.05403 -0.17085)
(-0.12664 0.05037 -0.17176)
(-0.11902 0.04283 -0.17033)
(-0.10168 0.02408 -0.16712)
(-0.09137 0.02330 -0.17428)
(-0.09451 0.01813 -0.16756)
(-0.08139 0.01530 -0.16608)
(-0.06666 0.00701 -0.16348)
(-0.05620 0.00148 -0.14888)
(-0.02850 -0.01132 -0.13160)
(-0.02471 -0.01333 -0.12765)
(-0.01367 -0.02314 -0.10870)
(0.00337 -0.03377 -0.09497)
(0.00568 -0.03752 -0.09049)
(0.00803 -0.04045 -0.08611)
(0.01489 -0.05133 -0.06765)
(0.02088 -0.06570 -0.04659)
(0.02878 -0.08053 -0.02958)
(0.03217 -0.08728 -0.01327)
(0.03296 -0.09707 0.02737)
(0.02701 -0.09058 0.01259)
(0.03707 -0.10421 0.04547)
(0.03605 -0.10506 0.05180)
(0.01733 -0.09853 0.07171)
(0.02094 -0.09331 0.07368)
(0.01615 -0.09354 0.08118)
(0.01936 -0.08748 0.08651)
(0.00294 -0.02899 0.03134)
(-0.00194 -0.03052 0.03360)
(-0.00000 -0.00060 0.00065)
(0.00152 -0.00343 0.00586)
(-0.01504 0.01690 -0.03551)
(-0.02466 0.02111 -0.06288)
(0.00263 -0.00375 0.00552)
(-0.00328 0.00486 -0.00783)
(-0.03603 0.02337 -0.07146)
(-0.04176 0.02022 -0.07883)
(-0.04749 0.02002 -0.08490)
(-0.06718 0.02540 -0.08563)
(-0.06775 0.02770 -0.09243)
(-0.07764 0.03124 -0.09635)
(-0.08281 0.03320 -0.09872)
(-0.09081 0.03466 -0.09675)
(-0.09513 0.03638 -0.09909)
(-0.09158 0.04155 -0.09815)
(-0.13632 0.05100 -0.10510)
(-0.14088 0.06045 -0.10450)
(-0.14318 0.06385 -0.10788)
(-0.16487 0.07208 -0.10568)
(-0.16801 0.07871 -0.11196)
(-0.17064 0.08165 -0.11326)
(-0.17118 0.08924 -0.11739)
(-0.17811 0.09300 -0.12161)
(-0.16900 0.08418 -0.13047)
(-0.17165 0.08279 -0.13573)
(-0.15408 0.07454 -0.14618)
(-0.15097 0.06648 -0.14844)
(-0.13666 0.05825 -0.16457)
(-0.12918 0.04905 -0.16547)
(-0.12321 0.04349 -0.16566)
(-0.11197 0.02927 -0.16105)
(-0.10704 0.02345 -0.16221)
(-0.08794 0.01519 -0.16158)
(-0.07330 0.00682 -0.15973)
(-0.05999 0.00023 -0.14252)
(-0.04824 -0.00427 -0.13561)
(-0.04248 -0.00510 -0.13754)
(-0.02954 -0.01042 -0.12979)
(-0.02079 -0.01693 -0.11120)
(-0.00923 -0.02520 -0.09961)
(0.00477 -0.03657 -0.08543)
(0.00845 -0.03849 -0.08997)
(0.01427 -0.04816 -0.07670)
(0.01292 -0.05480 -0.05688)
(0.01970 -0.06379 -0.04848)
(0.02759 -0.07441 -0.03772)
(0.02567 -0.08204 -0.01860)
(0.02623 -0.07694 -0.02586)
(0.02785 -0.09228 0.00716)
(0.03267 -0.09955 0.03495)
(0.02854 -0.09662 0.01660)
(0.02618 -0.10110 0.03786)
(0.03636 -0.10536 0.04723)
(0.02728 -0.10351 0.06296)
(0.01483 -0.10059 0.07474)
(0.00980 -0.09807 0.08089)
(0.01004 -0.09373 0.08070)
(-0.00218 -0.03560 0.03808)
(0.00032 0.00253 -0.00288)
(-0.00038 -0.00382 0.00420)
(-0.00255 0.00202 -0.00450)
(-0.02157 0.01468 -0.03929)
(-0.04502 0.01883 -0.05252)
(-0.06921 0.02726 -0.08000)
(-0.07663 0.02747 -0.08400)
(-0.08686 0.03369 -0.09402)
(-0.10577 0.03418 -0.09569)
(-0.12521 0.04535 -0.10360)
(-0.14660 0.04671 -0.10760)
(-0.15842 0.06293 -0.10671)
(-0.16921 0.06897 -0.10694)
(-0.17360 0.07901 -0.10794)
(-0.19738 0.09086 -0.10921)
(-0.18840 0.09236 -0.11576)
(-0.19853 0.09629 -0.11606)
(-0.17817 0.08527 -0.12445)
(-0.18114 0.08357 -0.12719)
(-0.17643 0.08060 -0.12974)
(-0.17346 0.07643 -0.13057)
(-0.14791 0.06206 -0.14940)
(-0.15738 0.06226 -0.13496)
(-0.13850 0.05182 -0.15217)
(-0.12290 0.03692 -0.15431)
(-0.11852 0.03227 -0.15411)
(-0.10823 0.02086 -0.15204)
(-0.10080 0.01679 -0.14435)
(-0.09567 0.01890 -0.15639)
(-0.08013 0.00734 -0.14415)
(-0.07194 0.00373 -0.14213)
(-0.06199 -0.00189 -0.12977)
(-0.04534 -0.00673 -0.12147)
(-0.04032 -0.00770 -0.12447)
(-0.02762 -0.01405 -0.11356)
(-0.01937 -0.02207 -0.10103)
(-0.00734 -0.02751 -0.09096)
(0.00833 -0.04535 -0.07584)
(0.01188 -0.04634 -0.07754)
(0.01514 -0.05510 -0.05924)
(0.01876 -0.06159 -0.05131)
(0.02449 -0.07535 -0.02934)
(0.02549 -0.08620 -0.01258)
(0.02703 -0.08761 -0.00863)
(0.02880 -0.09709 0.01412)
(0.02971 -0.10328 0.02624)
(0.01717 -0.09979 0.04816)
(0.01138 -0.09872 0.07134)
(0.01369 -0.10241 0.06497)
(0.01133 -0.10177 0.07808)
(0.00980 -0.10108 0.07897)
(0.00219 -0.07106 0.06124)
(-0.00271 -0.02919 0.02914)
(0.00040 0.00188 -0.00198)
(0.00101 0.00873 -0.00970)
(-0.00507 0.00223 -0.00601)
(-0.02303 0.00991 -0.02710)
(-0.03324 0.01311 -0.03730)
(-0.07282 0.02752 -0.08039)
(-0.08125 0.02840 -0.08410)
(-0.09834 0.03369 -0.09119)
(-0.07960 0.02828 -0.08288)
(-0.12386 0.04196 -0.09762)
(-0.13107 0.04288 -0.10167)
(-0.14507 0.04546 -0.10710)
(-0.14914 0.05006 -0.10499)
(-0.15162 0.04889 -0.10763)
(-0.16612 0.06123 -0.10671)
(-0.18669 0.07455 -0.10578)
(-0.19299 0.08582 -0.10733)
(-0.21059 0.09634 -0.10829)
(-0.20832 0.09660 -0.10940)
(-0.20994 0.09697 -0.10955)
(-0.19459 0.09084 -0.11821)
(-0.18415 0.08298 -0.12604)
(-0.17924 0.08026 -0.12791)
(-0.17672 0.07668 -0.12854)
(-0.17192 0.07224 -0.12999)
(-0.14116 0.04856 -0.14241)
(-0.13561 0.04417 -0.14621)
(-0.12087 0.02664 -0.13880)
(-0.11438 0.01835 -0.13798)
(-0.10620 0.01577 -0.14047)
(-0.08636 0.00524 -0.13304)
(-0.08282 0.00351 -0.13028)
(-0.07938 0.00176 -0.12704)
(-0.04872 -0.00969 -0.11591)
(-0.04187 -0.00896 -0.11739)
(-0.02645 -0.01957 -0.10473)
(-0.00977 -0.03148 -0.08416)
(0.00035 -0.03781 -0.07528)
(0.01356 -0.05600 -0.05471)
(0.01540 -0.05631 -0.06015)
(0.01602 -0.05961 -0.05144)
(0.01642 -0.06235 -0.04541)
(0.02100 -0.07176 -0.03133)
(0.02597 -0.08548 -0.01518)
(0.02692 -0.08952 -0.00975)
(0.02694 -0.09064 -0.00701)
(0.02809 -0.09388 -0.00444)
(0.02717 -0.10061 0.00896)
(0.02390 -0.10899 0.03648)
(0.02450 -0.12328 0.04700)
(0.01450 -0.10653 0.05598)
(0.00924 -0.10144 0.06625)
(0.00255 -0.10011 0.07484)
(0.00225 -0.07978 0.05984)
(-0.00265 -0.05125 0.04558)
(-0.00111 -0.00870 0.00787)
(0.00126 0.00507 -0.00518)
(-0.00863 0.00349 -0.00981)
(-0.00818 0.00312 -0.00889)
(-0.05235 0.01929 -0.05553)
(-0.08522 0.02950 -0.08377)
(-0.12250 0.04132 -0.09686)
(-0.13669 0.05295 -0.09496)
(-0.13735 0.05362 -0.09546)
(-0.16695 0.06421 -0.10111)
(-0.18432 0.07536 -0.10070)
(-0.19549 0.08686 -0.09780)
(-0.20304 0.09055 -0.10624)
(-0.21164 0.09415 -0.10691)
(-0.21291 0.09744 -0.10827)
(-0.21398 0.09731 -0.10820)
(-0.21090 0.09621 -0.10949)
(-0.20228 0.08632 -0.11349)
(-0.18281 0.07998 -0.12612)
(-0.18080 0.07677 -0.12632)
(-0.16846 0.06164 -0.12441)
(-0.14488 0.04356 -0.13092)
(-0.13301 0.03551 -0.13523)
(-0.11482 0.01184 -0.12616)
(-0.11214 0.00983 -0.12568)
(-0.10982 0.00779 -0.12450)
(-0.08744 0.00409 -0.12993)
(-0.09361 0.00341 -0.12329)
(-0.08421 0.00220 -0.12725)
(-0.08067 0.00043 -0.12438)
(-0.05731 -0.01125 -0.10829)
(-0.04718 -0.01943 -0.09738)
(-0.03885 -0.02282 -0.09837)
(-0.03830 -0.01091 -0.11413)
(-0.01569 -0.02960 -0.08820)
(-0.01619 -0.03716 -0.07558)
(-0.00722 -0.03399 -0.08092)
(0.01352 -0.05533 -0.05511)
(0.01573 -0.05889 -0.05167)
(0.01787 -0.06237 -0.04857)
(0.02047 -0.07130 -0.03864)
(0.02660 -0.08497 -0.01680)
(0.02715 -0.08850 -0.01228)
(0.02699 -0.08680 -0.01435)
(0.02775 -0.09238 -0.00698)
(0.02692 -0.11168 0.02680)
(0.02995 -0.11137 0.01223)
(0.02626 -0.12171 0.03557)
(0.02006 -0.12244 0.05293)
(0.02513 -0.12509 0.04384)
(0.01772 -0.13095 0.06729)
(0.01431 -0.12277 0.06858)
(-0.00158 -0.03675 0.02963)
(0.00403 -0.04284 0.02520)
(-0.00037 -0.00615 0.00507)
(-0.04602 0.01631 -0.04602)
(-0.01159 0.00421 -0.01187)
(-0.05936 0.02346 -0.04407)
(-0.13053 0.04732 -0.09426)
(-0.15371 0.06098 -0.09556)
(-0.15444 0.06096 -0.09658)
(-0.17774 0.07315 -0.09766)
(-0.19052 0.08381 -0.09693)
(-0.19639 0.08755 -0.09674)
(-0.20736 0.09306 -0.10182)
(-0.21769 0.09735 -0.10147)
(-0.21773 0.09827 -0.10651)
(-0.21814 0.09648 -0.10799)
(-0.18948 0.07366 -0.11440)
(-0.18968 0.06570 -0.11326)
(-0.16860 0.05290 -0.11484)
(-0.14902 0.04431 -0.12564)
(-0.14136 0.03575 -0.12750)
(-0.12007 0.01482 -0.12448)
(-0.11308 0.00884 -0.12238)
(-0.11030 0.00639 -0.12106)
(-0.09976 0.00133 -0.11719)
(-0.08559 0.00065 -0.12393)
(-0.08943 -0.00883 -0.10698)
(-0.08514 -0.00886 -0.10772)
(-0.08213 -0.00104 -0.12159)
(-0.06874 -0.01364 -0.10550)
(-0.05362 -0.02178 -0.09570)
(-0.04093 -0.03050 -0.08383)
(-0.02586 -0.03699 -0.07614)
(-0.00970 -0.04434 -0.06503)
(-0.00824 -0.03892 -0.07230)
(-0.00184 -0.04351 -0.06084)
(0.00717 -0.04985 -0.05774)
(0.01535 -0.05807 -0.05199)
(0.01699 -0.06119 -0.04867)
(0.01857 -0.06442 -0.04550)
(0.01936 -0.06545 -0.04538)
(0.02460 -0.07939 -0.03069)
(0.02865 -0.09729 -0.00895)
(0.02791 -0.09121 -0.00962)
(0.03127 -0.10724 0.00145)
(0.02920 -0.11709 0.01512)
(0.02728 -0.12359 0.03082)
(0.02844 -0.12911 0.03978)
(0.02092 -0.13027 0.05754)
(0.01325 -0.10816 0.05760)
(0.01425 -0.09720 0.04636)
(0.00974 -0.08385 0.04541)
(0.00233 -0.02304 0.01295)
(0.00066 -0.00769 0.00461)
(-0.00075 0.00034 -0.00058)
(-0.02052 0.00909 -0.01567)
(-0.00525 0.00226 -0.00344)
(-0.10246 0.03847 -0.06510)
(-0.17449 0.07336 -0.09623)
(-0.09002 0.04249 -0.04981)
(-0.16283 0.06798 -0.09301)
(-0.18515 0.08766 -0.09152)
(-0.19361 0.08628 -0.09580)
(-0.21771 0.09826 -0.09642)
(-0.21108 0.09367 -0.09814)
(-0.22197 0.09792 -0.09653)
(-0.22521 0.10216 -0.09907)
(-0.23513 0.10333 -0.09921)
(-0.22387 0.09253 -0.10398)
(-0.21377 0.08114 -0.10161)
(-0.20345 0.06817 -0.10615)
(-0.20339 0.06627 -0.10590)
(-0.17757 0.04730 -0.10634)
(-0.15061 0.03521 -0.11461)
(-0.15912 0.03327 -0.10752)
(-0.14173 0.02909 -0.11818)
(-0.13280 0.01860 -0.11570)
(-0.11935 0.00690 -0.11371)
(-0.10938 0.00045 -0.11241)
(-0.10632 -0.00129 -0.10568)
(-0.09269 -0.01929 -0.09407)
(-0.08733 -0.02441 -0.09017)
(-0.07166 -0.03040 -0.08263)
(-0.06707 -0.02710 -0.08746)
(-0.05284 -0.02705 -0.08388)
(-0.06652 -0.03195 -0.08069)
(-0.04831 -0.02839 -0.08024)
(-0.03593 -0.03615 -0.07355)
(-0.01671 -0.04063 -0.06017)
(-0.00693 -0.04480 -0.05978)
(0.00733 -0.05703 -0.04320)
(0.00958 -0.05932 -0.04015)
(0.01980 -0.06819 -0.03571)
(0.02705 -0.08010 -0.02120)
(0.02657 -0.08967 -0.01772)
(0.03068 -0.09897 -0.00799)
(0.03296 -0.10367 -0.00634)
(0.03213 -0.10521 0.00177)
(0.03230 -0.11950 0.02147)
(0.03180 -0.12923 0.03219)
(0.02824 -0.13274 0.03987)
(0.02455 -0.13056 0.05042)
(0.01858 -0.10306 0.04194)
(0.01725 -0.09518 0.03914)
(0.00429 -0.02905 0.01394)
(0.00267 -0.02028 0.01086)
(0.02506 -0.01318 0.01496)
(-0.00282 0.00141 -0.00164)
(-0.14070 0.06717 -0.06815)
(0.00197 -0.00104 0.00100)
(-0.04455 0.02333 -0.02259)
(-0.18855 0.09254 -0.08133)
(-0.21135 0.10187 -0.09084)
(-0.22112 0.10487 -0.09082)
(-0.21287 0.10400 -0.08915)
(-0.21525 0.10402 -0.08983)
(-0.22879 0.10106 -0.09351)
(-0.22806 0.09816 -0.09489)
(-0.22348 0.09085 -0.09809)
(-0.21281 0.07733 -0.09714)
(-0.20013 0.06828 -0.10155)
(-0.19040 0.05977 -0.09730)
(-0.17120 0.03576 -0.09507)
(-0.15134 0.01746 -0.09170)
(-0.14647 0.01901 -0.10290)
(-0.14530 0.01298 -0.09101)
(-0.13024 0.01054 -0.10449)
(-0.12019 0.00224 -0.10268)
(-0.11382 -0.00704 -0.09618)
(-0.10655 -0.00828 -0.09338)
(-0.09615 -0.02006 -0.08604)
(-0.09016 -0.02500 -0.08364)
(-0.07610 -0.03695 -0.07349)
(-0.06730 -0.04305 -0.06578)
(-0.05223 -0.05851 -0.04655)
(-0.04929 -0.03660 -0.07463)
(-0.03876 -0.04058 -0.06445)
(-0.04318 -0.05705 -0.04831)
(-0.02773 -0.05611 -0.04441)
(-0.01970 -0.04988 -0.04808)
(-0.01057 -0.05627 -0.03769)
(-0.01017 -0.06210 -0.03012)
(-0.00579 -0.06332 -0.02782)
(0.00231 -0.06558 -0.02958)
(0.00877 -0.06011 -0.03842)
(0.00968 -0.06728 -0.02910)
(0.02015 -0.07270 -0.02086)
(0.02542 -0.07683 -0.01875)
(0.02422 -0.07944 -0.00982)
(0.02784 -0.09575 -0.00424)
(0.03249 -0.10464 0.00250)
(0.03281 -0.10550 -0.00241)
(0.03227 -0.12379 0.02598)
(0.03287 -0.12430 0.02436)
(0.02699 -0.12809 0.04794)
(0.02190 -0.11196 0.04735)
(0.01277 -0.06934 0.03094)
(0.00677 -0.03865 0.01713)
(0.00205 -0.01530 0.00730)
(-0.00049 0.00373 -0.00197)
(-0.00160 0.01452 -0.00748)
(-0.00134 0.01040 -0.00551)
(0.02349 -0.01257 0.01194)
(-0.01137 0.00575 -0.00490)
(-0.10218 0.05089 -0.04410)
(0.03023 -0.01601 0.01353)
(-0.06742 0.03402 -0.02837)
(-0.17185 0.08511 -0.07219)
(-0.21645 0.10136 -0.08757)
(-0.16000 0.07907 -0.06595)
(-0.20327 0.09968 -0.08357)
(-0.21422 0.09408 -0.08702)
(-0.21688 0.08867 -0.09005)
(-0.19364 0.06405 -0.08516)
(-0.19607 0.06223 -0.09119)
(-0.18072 0.05089 -0.08319)
(-0.17627 0.04344 -0.09115)
(-0.14975 0.01473 -0.08880)
(-0.14499 0.01111 -0.08782)
(-0.14061 0.00743 -0.08693)
(-0.14049 0.00903 -0.09017)
(-0.12726 0.00348 -0.09471)
(-0.11478 -0.00889 -0.08885)
(-0.11407 -0.00643 -0.09062)
(-0.10279 -0.02049 -0.08214)
(-0.09069 -0.03556 -0.06894)
(-0.08249 -0.04332 -0.06292)
(-0.06438 -0.06042 -0.04713)
(-0.05524 -0.06742 -0.03690)
(-0.05109 -0.06862 -0.03500)
(-0.04265 -0.06698 -0.03694)
(-0.01167 -0.06427 -0.02712)
(-0.00807 -0.06546 -0.02514)
(-0.00649 -0.06828 -0.02062)
(-0.00356 -0.06724 -0.02142)
(0.00515 -0.07096 -0.01772)
(0.01650 -0.08412 -0.00430)
(0.01862 -0.09416 0.00688)
(0.02386 -0.09253 0.00596)
(0.02664 -0.09527 0.00149)
(0.02844 -0.11306 0.02190)
(0.02993 -0.11481 0.02325)
(0.03035 -0.11828 0.02615)
(0.03284 -0.11886 0.02617)
(0.02525 -0.09804 0.03204)
(0.01189 -0.06040 0.02642)
(0.00564 -0.03034 0.01376)
(-0.00018 0.00101 -0.00047)
(-0.00216 0.01197 -0.00561)
(-0.00269 0.01540 -0.00724)
(0.00057 -0.00029 0.00024)
(0.00699 -0.00371 0.00290)
(-0.04412 0.02228 -0.01824)
(-0.16000 0.07681 -0.06266)
(-0.06247 0.03220 -0.02431)
(-0.19915 0.08704 -0.08133)
(-0.21113 0.08761 -0.08782)
(-0.18729 0.06027 -0.08164)
(-0.18944 0.07175 -0.07969)
(-0.18155 0.05511 -0.08096)
(-0.17997 0.05248 -0.08133)
(-0.17329 0.04517 -0.08017)
(-0.15227 0.02057 -0.07986)
(-0.14335 0.00901 -0.08442)
(-0.13984 0.00591 -0.08367)
(-0.13611 0.00199 -0.08254)
(-0.13660 0.00361 -0.08575)
(-0.11421 -0.01466 -0.07754)
(-0.10628 -0.02866 -0.06698)
(-0.10123 -0.03321 -0.06476)
(-0.09248 -0.04472 -0.05519)
(-0.07995 -0.05369 -0.05130)
(-0.07773 -0.05528 -0.04985)
(-0.05721 -0.07023 -0.03388)
(-0.05307 -0.07168 -0.03160)
(-0.05096 -0.07571 -0.02634)
(-0.04797 -0.07489 -0.02681)
(-0.03478 -0.07661 -0.02117)
(-0.00974 -0.06785 -0.02183)
(-0.02237 -0.08749 -0.00723)
(-0.00831 -0.07132 -0.01655)
(-0.00510 -0.07099 -0.01612)
(0.00683 -0.08684 0.00303)
(0.01722 -0.09722 0.01423)
(0.01955 -0.09753 0.01189)
(0.02025 -0.09975 0.01521)
(0.02927 -0.12765 0.04170)
(0.02967 -0.12867 0.04045)
(0.02826 -0.12316 0.04107)
(0.01710 -0.07502 0.02630)
(0.00920 -0.04044 0.01444)
(0.00476 -0.02285 0.00974)
(0.00032 -0.00167 0.00077)
(-0.00211 0.01043 -0.00486)
(-0.00235 0.01245 -0.00580)
(-0.01436 0.00749 -0.00560)
(-0.03524 0.01688 -0.01426)
(-0.09656 0.04575 -0.03901)
(-0.03510 0.01526 -0.01500)
(-0.12242 0.04656 -0.05159)
(-0.16111 0.05000 -0.07133)
(-0.06751 0.02275 -0.02923)
(-0.10147 0.02932 -0.04563)
(-0.17343 0.04949 -0.07837)
(-0.16944 0.04362 -0.07776)
(-0.15368 0.02291 -0.07772)
(-0.15066 0.02158 -0.07286)
(-0.13837 0.00796 -0.07433)
(-0.13809 0.00431 -0.08130)
(-0.12942 0.00016 -0.06556)
(-0.11869 -0.01659 -0.05930)
(-0.11204 -0.02306 -0.06387)
(-0.10746 -0.02791 -0.06241)
(-0.10195 -0.03837 -0.05104)
(-0.09761 -0.04722 -0.04785)
(-0.08683 -0.06094 -0.03991)
(-0.08654 -0.06252 -0.03741)
(-0.08470 -0.06545 -0.03547)
(-0.08462 -0.06498 -0.03720)
(-0.08159 -0.06214 -0.03850)
(-0.06248 -0.07060 -0.03250)
(-0.06967 -0.07616 -0.02153)
(-0.05481 -0.07637 -0.02637)
(-0.04999 -0.07908 -0.02201)
(-0.04002 -0.08731 -0.01042)
(-0.02249 -0.10103 0.00722)
(-0.01261 -0.09129 0.00446)
(-0.01833 -0.10724 0.02141)
(-0.00973 -0.10506 0.02245)
(0.00293 -0.10417 0.02102)
(0.00688 -0.10600 0.02310)
(0.01043 -0.09255 0.02541)
(0.01364 -0.08378 0.02716)
(0.01979 -0.09336 0.03042)
(0.02212 -0.09703 0.03383)
(0.00755 -0.03632 0.01432)
(0.00673 -0.02986 0.01106)
(0.00503 -0.02229 0.00825)
(-0.00101 0.00449 -0.00168)
(-0.00687 0.00301 -0.00294)
(-0.01944 0.00730 -0.00850)
(-0.01923 0.00605 -0.00840)
(-0.00915 0.00224 -0.00403)
(-0.02032 0.00177 -0.00883)
(-0.09625 0.01262 -0.04441)
(-0.10559 0.00526 -0.05001)
(-0.02925 -0.00081 -0.01291)
(-0.05310 -0.00025 -0.02454)
(-0.07643 -0.00372 -0.03771)
(-0.10846 -0.01681 -0.04814)
(-0.06852 -0.01070 -0.02972)
(-0.09834 -0.02772 -0.04378)
(-0.10218 -0.04045 -0.04712)
(-0.08665 -0.03330 -0.03357)
(-0.09307 -0.05461 -0.03254)
(-0.08932 -0.05924 -0.03203)
(-0.08344 -0.06800 -0.02973)
(-0.07878 -0.07891 -0.01306)
(-0.07172 -0.08506 -0.00715)
(-0.06812 -0.08407 -0.00754)
(-0.06385 -0.08346 -0.00305)
(-0.04692 -0.09876 0.01730)
(-0.05470 -0.09098 -0.00574)
(-0.04351 -0.10285 0.01131)
(-0.02378 -0.06891 0.01451)
(-0.02422 -0.08705 0.01473)
(-0.00816 -0.07404 0.02297)
(-0.00741 -0.08064 0.02137)
(-0.00296 -0.02605 0.00808)
(-0.00242 -0.03421 0.01117)
(0.00081 -0.02450 0.00839)
(0.00481 -0.04001 0.01409)
(-0.00020 0.00189 -0.00074)
(0.00179 -0.01023 0.00412)
(0.00114 -0.00576 0.00250)
(0.02287 -0.00288 0.00976)
(0.01812 0.00048 0.00793)
(-0.01784 -0.00170 -0.00688)
(0.01597 0.00151 0.00607)
(0.00535 0.00136 0.00170)
(-0.03725 -0.00583 -0.01587)
(-0.03340 -0.01235 -0.00971)
(0.00057 0.00022 0.00012)
(0.00045 0.00020 0.00010)
(-0.03281 -0.01521 -0.00993)
(-0.05414 -0.03347 -0.01373)
(-0.01188 -0.00761 -0.00185)
(-0.02857 -0.02646 0.00035)
(-0.04755 -0.04721 0.00167)
(-0.01628 -0.01650 0.00107)
(-0.02514 -0.03407 0.00318)
(-0.02475 -0.04394 0.00784)
(-0.03032 -0.06493 0.01238)
(-0.00309 -0.00600 0.00137)
(-0.00540 -0.01121 0.00234)
(0.00056 0.00162 -0.00049)
(-0.01537 -0.04510 0.00998)
(-0.00722 -0.02657 0.00742)
(0.00311 0.01391 -0.00459)
(0.00071 0.00740 -0.00253)
(0.00045 0.01503 -0.00575)
(-0.00128 0.01819 -0.00702)
(-0.00356 -0.00335 0.00013)
(-0.00583 -0.00595 0.00044)
(-0.00485 -0.00635 0.00109)
(0.00174 0.00335 -0.00090)
)