/*--------------------------------*- C++ -*----------------------------------*\ 
| =========                 |                                                 | 
| \\      /  F ield         | OpenFOAM: The Open Source CFD Toolbox           | 
|  \\    /   O peration     | Version:  4.0                                   | 
|   \\  /    A nd           | Web:      www.OpenFOAM.org                      | 
|    \\/     M anipulation  |                                                 | 
\*---------------------------------------------------------------------------*/ 
FoamFile 
{ 
    version     2.0; 
    format      ascii; 
    class       vectorAverageField; 
    object      values; 
} 
// * * * * * * * * * * * * * * * * * * * * * * * * * * * * * * * * * * * * * // 
 
// Average 
(0 0 0) 
 
// Velocity data on points 
2447
(
(0.00486 -0.00122 -0.00102)
(-0.00282 0.00039 0.00061)
(-0.00799 -0.00047 0.00259)
(-0.00293 -0.00020 0.00060)
(0.00414 0.00057 -0.00118)
(-0.01871 -0.00231 0.00689)
(-0.00712 -0.00102 0.00212)
(-0.01382 -0.00681 0.00261)
(-0.00152 -0.00072 0.00027)
(0.00207 0.00105 -0.00030)
(-0.00870 -0.00465 0.00128)
(-0.00165 -0.00096 0.00017)
(0.00119 0.00069 -0.00005)
(-0.00574 -0.00525 -0.00056)
(-0.00014 -0.00018 -0.00009)
(0.00037 0.00050 0.00029)
(-0.00120 -0.00187 -0.00116)
(-0.00005 -0.00009 -0.00008)
(-0.00003 0.00062 0.00067)
(0.00001 -0.00013 -0.00014)
(0.01093 -0.00557 -0.00068)
(-0.00234 0.00094 0.00037)
(0.00195 -0.00082 -0.00026)
(0.00081 -0.00029 -0.00018)
(-0.03382 0.01099 0.01055)
(-0.02770 0.00619 0.00793)
(-0.03237 0.00326 0.01002)
(-0.03333 -0.00195 0.01214)
(-0.06046 0.00207 0.02344)
(-0.05890 -0.00377 0.02201)
(-0.04582 -0.00603 0.01769)
(-0.02800 -0.00846 0.00748)
(-0.04490 -0.01349 0.01525)
(-0.02985 -0.01513 0.00602)
(-0.02287 -0.01279 0.00342)
(-0.01664 -0.01053 0.00142)
(-0.03054 -0.01739 0.00463)
(-0.02601 -0.01721 0.00182)
(-0.01717 -0.01828 -0.00374)
(-0.01116 -0.01090 -0.00160)
(-0.00612 -0.00751 -0.00306)
(-0.01278 -0.02199 -0.01574)
(-0.01186 -0.01974 -0.01436)
(-0.00426 -0.00997 -0.00887)
(-0.00163 -0.00508 -0.00569)
(-0.00277 -0.01320 -0.01498)
(0.00063 -0.00409 -0.00467)
(0.00030 -0.00173 -0.00128)
(-0.00034 -0.00863 -0.01226)
(0.00037 -0.00166 -0.00074)
(-0.00007 0.00031 0.00004)
(0.00567 -0.00260 -0.00027)
(-0.00252 0.00111 0.00021)
(-0.00916 0.00404 0.00101)
(-0.02564 0.00945 0.00495)
(-0.06585 0.02331 0.01367)
(-0.05274 0.01892 0.01227)
(-0.06833 0.02061 0.02303)
(-0.07356 0.01667 0.02749)
(-0.07310 0.01356 0.02473)
(-0.06679 0.00267 0.02696)
(-0.06241 -0.00779 0.02583)
(-0.05909 -0.01481 0.02456)
(-0.04904 -0.01728 0.01789)
(-0.03885 -0.02154 0.00947)
(-0.05126 -0.01812 0.01864)
(-0.04816 -0.02253 0.01623)
(-0.03664 -0.02244 0.00725)
(-0.02450 -0.02301 -0.00356)
(-0.02961 -0.02914 -0.00667)
(-0.01465 -0.02755 -0.01698)
(-0.01030 -0.02907 -0.02216)
(-0.00440 -0.03006 -0.02514)
(-0.00920 -0.02541 -0.02161)
(-0.00599 -0.02176 -0.02585)
(-0.00316 -0.01677 -0.02521)
(-0.00393 -0.02313 -0.03127)
(0.00032 -0.01783 -0.02523)
(0.00200 -0.01225 -0.01307)
(0.00136 -0.00933 -0.00664)
(-0.00471 -0.02057 -0.02498)
(-0.00266 -0.01302 -0.01370)
(0.00107 -0.00767 -0.00275)
(0.00009 -0.00051 -0.00002)
(-0.00080 -0.00676 0.00008)
(0.00043 0.00307 -0.00047)
(0.00078 0.00591 -0.00107)
(0.00030 -0.00014 0.00002)
(-0.00949 0.00426 0.00004)
(-0.02697 0.01191 0.00135)
(-0.04392 0.01844 0.00498)
(-0.07090 0.02858 0.00671)
(-0.06782 0.02809 0.00796)
(-0.08522 0.03358 0.01226)
(-0.08232 0.02775 0.01827)
(-0.08086 0.02754 0.01771)
(-0.07544 0.01997 0.02340)
(-0.07235 0.01089 0.03113)
(-0.07605 0.01360 0.03080)
(-0.07308 0.01171 0.03209)
(-0.07476 0.00816 0.03281)
(-0.07263 0.00145 0.03497)
(-0.07034 -0.00739 0.03544)
(-0.06963 -0.01067 0.03486)
(-0.06594 -0.01665 0.03088)
(-0.05416 -0.02001 0.02073)
(-0.05067 -0.03064 0.00968)
(-0.04367 -0.03377 0.00021)
(-0.03429 -0.03417 -0.01005)
(-0.02169 -0.03122 -0.01693)
(-0.01183 -0.03033 -0.02354)
(-0.01309 -0.03230 -0.03131)
(-0.00941 -0.03364 -0.04074)
(-0.01369 -0.03419 -0.04647)
(-0.00823 -0.02228 -0.03095)
(-0.01305 -0.02783 -0.04288)
(-0.00627 -0.02112 -0.02675)
(-0.00742 -0.02038 -0.02490)
(-0.01357 -0.02955 -0.02076)
(-0.01283 -0.02949 -0.01785)
(-0.00650 -0.02133 -0.00592)
(-0.00115 -0.00694 0.00103)
(-0.01164 -0.02968 -0.00750)
(-0.00634 -0.02426 0.00016)
(-0.00060 -0.00367 0.00086)
(-0.00020 -0.00145 0.00044)
(0.00606 -0.00232 -0.00010)
(-0.01266 0.00547 -0.00047)
(-0.03130 0.01433 -0.00146)
(-0.06005 0.02526 -0.00002)
(-0.06997 0.02922 -0.00066)
(-0.07097 0.02434 0.00807)
(-0.07619 0.02482 0.01201)
(-0.07764 0.02644 0.01455)
(-0.07655 0.02120 0.01874)
(-0.07052 0.00907 0.03113)
(-0.07159 0.00912 0.03220)
(-0.07249 0.00853 0.03380)
(-0.07108 0.00722 0.03370)
(-0.07253 0.00650 0.03538)
(-0.07422 0.00369 0.03481)
(-0.07328 -0.00813 0.03766)
(-0.07224 -0.01029 0.03671)
(-0.07116 -0.01263 0.03532)
(-0.06471 -0.01852 0.02869)
(-0.06072 -0.03100 0.01560)
(-0.05180 -0.03277 0.00818)
(-0.04302 -0.03740 -0.00818)
(-0.03732 -0.04469 -0.02242)
(-0.02987 -0.04284 -0.02651)
(-0.02454 -0.04088 -0.03391)
(-0.01557 -0.03853 -0.04878)
(-0.01606 -0.03745 -0.04940)
(-0.01637 -0.03580 -0.04936)
(-0.01668 -0.03390 -0.04895)
(-0.01534 -0.03329 -0.03888)
(-0.01436 -0.02934 -0.02253)
(-0.01449 -0.03128 -0.01954)
(-0.01566 -0.03110 -0.02189)
(-0.01389 -0.03197 -0.01483)
(-0.01477 -0.03488 0.00244)
(-0.01738 -0.03213 -0.00429)
(-0.01215 -0.03521 0.00621)
(-0.00447 -0.02109 0.00910)
(-0.00049 -0.00236 0.00105)
(-0.00870 -0.04317 0.02085)
(-0.00211 -0.01103 0.00568)
(-0.00012 -0.00063 0.00033)
(-0.00740 0.00258 0.00051)
(-0.02203 0.00803 0.00164)
(-0.05591 0.02023 0.00413)
(-0.06703 0.02214 0.00634)
(-0.06401 0.01648 0.01390)
(-0.06278 0.01326 0.01808)
(-0.06198 0.01301 0.01887)
(-0.06009 0.01144 0.01933)
(-0.05930 0.01102 0.02006)
(-0.06676 0.01379 0.02027)
(-0.06931 0.00897 0.03020)
(-0.06777 0.00687 0.03172)
(-0.06905 0.00616 0.03345)
(-0.07084 0.00544 0.03530)
(-0.07278 0.00465 0.03713)
(-0.07564 -0.00690 0.04059)
(-0.07432 -0.01001 0.03866)
(-0.06999 -0.01508 0.03999)
(-0.06992 -0.01851 0.03746)
(-0.07401 -0.01309 0.03763)
(-0.07264 -0.01457 0.03571)
(-0.05731 -0.03831 0.01725)
(-0.05483 -0.04408 0.01972)
(-0.06116 -0.04715 0.01275)
(-0.05278 -0.04140 0.00918)
(-0.04126 -0.04834 -0.00798)
(-0.03660 -0.05793 -0.02570)
(-0.03271 -0.05873 -0.03079)
(-0.03016 -0.05927 -0.03490)
(-0.02705 -0.04092 -0.03997)
(-0.01781 -0.04125 -0.05251)
(-0.01845 -0.03966 -0.05252)
(-0.01942 -0.03758 -0.05219)
(-0.02211 -0.03825 -0.04963)
(-0.01849 -0.03475 -0.04012)
(-0.02425 -0.02525 -0.02968)
(-0.02094 -0.02814 -0.01960)
(-0.02346 -0.02698 -0.00807)
(-0.01708 -0.03923 -0.00115)
(-0.01755 -0.04779 0.00776)
(-0.01333 -0.06172 0.03055)
(-0.00813 -0.04036 0.02064)
(-0.01017 -0.04976 0.02699)
(-0.00325 -0.01730 0.00941)
(-0.00152 -0.00837 0.00480)
(0.00414 -0.00145 -0.00047)
(-0.00088 0.00033 0.00003)
(-0.04675 0.01446 0.00707)
(-0.06992 0.01829 0.01094)
(-0.07000 0.01847 0.01165)
(-0.05505 0.01075 0.01621)
(-0.05740 0.00942 0.02034)
(-0.05770 0.00981 0.02062)
(-0.05539 0.00828 0.02212)
(-0.05814 0.00791 0.02412)
(-0.05682 0.00303 0.03073)
(-0.06643 0.00503 0.03330)
(-0.06421 0.00099 0.03574)
(-0.06818 0.00358 0.03603)
(-0.07097 0.00371 0.03720)
(-0.07332 -0.00436 0.04086)
(-0.07015 -0.00142 0.04228)
(-0.06188 -0.01554 0.04173)
(-0.06533 -0.01774 0.04220)
(-0.05332 -0.03410 0.03156)
(-0.05585 -0.03911 0.02687)
(-0.05215 -0.05127 0.01728)
(-0.05694 -0.05679 0.00349)
(-0.03890 -0.06434 -0.01936)
(-0.03353 -0.06243 -0.03001)
(-0.03051 -0.06316 -0.03531)
(-0.02695 -0.06466 -0.04764)
(-0.01528 -0.05673 -0.05776)
(-0.02207 -0.04768 -0.05906)
(-0.02099 -0.04207 -0.05550)
(-0.02739 -0.03659 -0.05229)
(-0.02595 -0.03442 -0.04173)
(-0.03277 -0.03334 -0.04272)
(-0.02913 -0.02478 -0.02406)
(-0.02858 -0.02391 -0.01487)
(-0.02527 -0.02546 -0.00967)
(-0.02107 -0.03560 -0.00032)
(-0.02093 -0.04056 0.01188)
(-0.01457 -0.05872 0.03062)
(-0.01397 -0.06214 0.03375)
(-0.00499 -0.02642 0.01527)
(-0.01439 -0.06124 0.03607)
(-0.01034 -0.05101 0.02970)
(-0.00390 -0.02115 0.01381)
(-0.00028 -0.00165 0.00134)
(0.01334 -0.00478 -0.00107)
(-0.00045 0.00016 0.00004)
(-0.02508 0.00811 0.00374)
(-0.04917 0.01530 0.00776)
(-0.07146 0.01761 0.01607)
(-0.07114 0.01868 0.01693)
(-0.05949 0.01273 0.01663)
(-0.05775 0.00954 0.01578)
(-0.05172 0.00659 0.02462)
(-0.04345 0.00377 0.02770)
(-0.04584 0.00535 0.02311)
(-0.03802 0.00069 0.03027)
(-0.04381 -0.00006 0.03408)
(-0.04627 -0.00119 0.03827)
(-0.04436 -0.00825 0.03901)
(-0.03740 -0.01631 0.03671)
(-0.05519 -0.01532 0.04113)
(-0.07528 -0.01612 0.05279)
(-0.05688 -0.02896 0.03940)
(-0.04694 -0.04017 0.02796)
(-0.04048 -0.05031 0.02209)
(-0.02776 -0.06537 0.00598)
(-0.02169 -0.06999 -0.00909)
(-0.01042 -0.07854 -0.02051)
(-0.03213 -0.06674 -0.02902)
(-0.02905 -0.06748 -0.03495)
(-0.01814 -0.07118 -0.04604)
(-0.01445 -0.06845 -0.05108)
(-0.01152 -0.07025 -0.06225)
(-0.01846 -0.05167 -0.05389)
(-0.02083 -0.04659 -0.05097)
(-0.03285 -0.03913 -0.04805)
(-0.03379 -0.02597 -0.02642)
(-0.02803 -0.02367 -0.01123)
(-0.02315 -0.03170 -0.00252)
(-0.01933 -0.04078 0.00918)
(-0.01686 -0.03910 0.02364)
(-0.01969 -0.03828 0.01207)
(-0.01497 -0.04056 0.02843)
(-0.01265 -0.05083 0.03280)
(-0.01417 -0.06582 0.04350)
(-0.01297 -0.05357 0.03845)
(-0.00853 -0.04707 0.03881)
(-0.00246 -0.01423 0.01176)
(-0.00123 -0.00754 0.00706)
(0.00058 -0.00020 -0.00007)
(-0.02155 0.00735 0.00246)
(-0.06364 0.01870 0.01380)
(-0.06963 0.02046 0.01662)
(-0.06637 0.01526 0.02355)
(-0.04723 0.00732 0.03003)
(-0.05513 0.01018 0.02597)
(-0.05383 0.00906 0.02692)
(-0.04652 0.00639 0.03049)
(-0.04341 0.00420 0.03423)
(-0.04249 0.00344 0.03441)
(-0.02711 -0.00143 0.03481)
(-0.02323 -0.00364 0.03914)
(-0.02381 -0.00380 0.03870)
(-0.02870 -0.00372 0.03806)
(-0.03000 -0.00831 0.03565)
(-0.02499 -0.00728 0.04001)
(-0.02322 -0.00888 0.04260)
(-0.02848 -0.00963 0.03763)
(-0.02708 -0.01722 0.03468)
(-0.03491 -0.01806 0.03692)
(-0.04326 -0.02291 0.04127)
(-0.04442 -0.02771 0.03883)
(-0.02470 -0.04661 0.02526)
(0.00155 -0.06287 0.01144)
(0.00667 -0.06810 0.00669)
(0.01067 -0.07705 -0.00075)
(0.00165 -0.08026 -0.01598)
(-0.00254 -0.08188 -0.03176)
(0.00295 -0.07935 -0.04385)
(-0.00665 -0.07314 -0.04752)
(-0.00970 -0.07576 -0.06342)
(-0.01044 -0.07061 -0.05980)
(-0.00843 -0.05710 -0.04587)
(-0.02186 -0.04334 -0.04804)
(-0.01544 -0.04421 -0.03600)
(-0.02409 -0.03782 -0.02867)
(-0.02376 -0.03533 -0.01826)
(-0.01999 -0.03361 -0.01188)
(-0.01907 -0.03490 -0.00549)
(-0.02290 -0.02926 0.00071)
(-0.02362 -0.02907 0.00953)
(-0.01917 -0.03540 0.02091)
(-0.01615 -0.03766 0.02544)
(-0.01335 -0.04404 0.03880)
(-0.01173 -0.05741 0.04784)
(-0.01104 -0.06351 0.05667)
(-0.00420 -0.02430 0.02208)
(0.00043 0.00304 -0.00264)
(-0.00960 -0.04552 0.04524)
(-0.00699 0.00261 0.00060)
(-0.03689 0.01228 0.00429)
(-0.04456 0.01549 0.00612)
(-0.05977 0.01890 0.00893)
(-0.06534 0.01649 0.02220)
(-0.04912 0.00864 0.02964)
(-0.04310 0.00640 0.03184)
(-0.04342 0.00598 0.03167)
(-0.03967 0.00435 0.03372)
(-0.03367 0.00156 0.03891)
(-0.02160 -0.00370 0.04093)
(-0.02081 -0.00400 0.04139)
(-0.01541 -0.00739 0.03850)
(-0.00943 -0.01214 0.04000)
(-0.00648 -0.01486 0.03879)
(-0.00383 -0.02499 0.03193)
(-0.01184 -0.02278 0.03213)
(-0.00025 -0.03457 0.03119)
(0.01777 -0.03734 0.02605)
(-0.00808 -0.03726 0.03015)
(-0.00444 -0.05132 0.01828)
(0.01027 -0.06395 0.00999)
(0.01537 -0.06839 0.00591)
(0.01990 -0.07281 0.00194)
(0.02136 -0.08128 -0.01171)
(0.01436 -0.08575 -0.02790)
(0.04812 -0.08759 -0.02307)
(0.02201 -0.08439 -0.03189)
(0.01673 -0.08099 -0.03699)
(0.02189 -0.07907 -0.04329)
(0.01670 -0.07459 -0.04451)
(0.00757 -0.05970 -0.03191)
(0.00189 -0.05540 -0.03117)
(0.00362 -0.05343 -0.02665)
(-0.01559 -0.04352 -0.02424)
(-0.01565 -0.04023 -0.01284)
(-0.01866 -0.03539 -0.00808)
(-0.01602 -0.03537 -0.00380)
(-0.01764 -0.03358 -0.00151)
(-0.01373 -0.03449 0.01526)
(-0.01746 -0.03331 0.02398)
(-0.00903 -0.04655 0.03863)
(-0.00822 -0.04144 0.05477)
(-0.01197 -0.05034 0.05421)
(-0.00787 -0.04569 0.05837)
(-0.01210 -0.05856 0.05919)
(-0.00791 -0.04415 0.04335)
(-0.00041 -0.00384 0.00363)
(0.00014 0.00138 -0.00132)
(0.00224 -0.00077 -0.00018)
(-0.00339 0.00115 0.00019)
(-0.02444 0.00817 0.00222)
(-0.06488 0.02097 0.00777)
(-0.06815 0.01941 0.01135)
(-0.07240 0.02291 0.00877)
(-0.05826 0.01428 0.01829)
(-0.04375 0.00684 0.03092)
(-0.03922 0.00479 0.03418)
(-0.03852 0.00487 0.03419)
(-0.03579 0.00375 0.03716)
(-0.02101 -0.00261 0.04594)
(-0.01260 -0.00285 0.04260)
(-0.01925 -0.00380 0.04377)
(-0.00976 -0.00587 0.04143)
(0.00800 -0.01334 0.03762)
(0.01107 -0.01774 0.03952)
(0.00524 -0.02030 0.04117)
(0.02472 -0.03769 0.02523)
(0.01962 -0.04014 0.02411)
(0.02766 -0.04094 0.02241)
(0.02285 -0.04322 0.02180)
(0.02042 -0.06547 0.00780)
(0.02496 -0.06885 0.00465)
(0.02874 -0.07212 0.00168)
(0.04118 -0.07574 -0.00341)
(0.06406 -0.08625 -0.01680)
(0.04413 -0.08675 -0.02681)
(0.06459 -0.08928 -0.03119)
(0.06136 -0.08655 -0.03107)
(0.05933 -0.08459 -0.03020)
(0.03037 -0.06814 -0.02799)
(0.01162 -0.05693 -0.02430)
(0.00591 -0.05208 -0.02186)
(0.00751 -0.04386 -0.00335)
(-0.01354 -0.03669 -0.00477)
(-0.01008 -0.03751 -0.00049)
(-0.00770 -0.03657 0.01117)
(-0.00482 -0.03884 0.03083)
(-0.00137 -0.03922 0.03616)
(-0.00582 -0.04260 0.03592)
(-0.00540 -0.04149 0.05522)
(-0.00636 -0.04269 0.05626)
(-0.00686 -0.04459 0.05803)
(-0.00746 -0.04612 0.05968)
(-0.00338 -0.05756 0.05908)
(-0.00209 -0.01994 0.01925)
(-0.00078 -0.00777 0.00765)
(0.00077 0.00803 -0.00780)
(-0.00704 0.00228 -0.00016)
(-0.02581 0.00856 0.00132)
(-0.04626 0.01508 0.00345)
(-0.04020 0.01300 0.00160)
(-0.07031 0.02196 0.00702)
(-0.06796 0.02073 0.01008)
(-0.03655 0.00444 0.02894)
(-0.03520 0.00364 0.01973)
(-0.03712 0.00435 0.03383)
(-0.03464 0.00365 0.03706)
(-0.01448 -0.00190 0.04185)
(-0.00214 -0.00388 0.05432)
(-0.00634 -0.00683 0.04781)
(0.00533 -0.00846 0.05100)
(0.00889 -0.01241 0.04147)
(0.01808 -0.01578 0.03761)
(0.02162 -0.01857 0.04025)
(0.02476 -0.02166 0.03754)
(0.02637 -0.03024 0.03191)
(0.03433 -0.04130 0.02120)
(0.03175 -0.04454 0.01946)
(0.03872 -0.04515 0.01781)
(0.05024 -0.05535 0.01066)
(0.05329 -0.07061 -0.00048)
(0.05667 -0.07102 -0.00613)
(0.07701 -0.07855 -0.01543)
(0.08657 -0.08047 -0.01968)
(0.07402 -0.08900 -0.02818)
(0.07055 -0.08745 -0.02620)
(0.07041 -0.08656 -0.02762)
(0.06799 -0.08469 -0.02648)
(0.05598 -0.07299 -0.02032)
(0.02029 -0.05998 -0.02178)
(0.02373 -0.05935 -0.01710)
(0.01561 -0.05527 -0.01666)
(0.03058 -0.05520 0.00584)
(0.01999 -0.04523 0.01117)
(0.02441 -0.04666 0.01616)
(0.01445 -0.04316 0.02262)
(0.03577 -0.05129 0.03494)
(0.01821 -0.04273 0.03496)
(0.01167 -0.04207 0.03532)
(0.02595 -0.04385 0.04630)
(0.00357 -0.04171 0.05131)
(-0.00263 -0.04239 0.05709)
(-0.00413 -0.04307 0.05770)
(-0.00438 -0.04391 0.05917)
(-0.00485 -0.04444 0.06057)
(-0.00666 -0.04532 0.06098)
(0.00138 -0.05176 0.06962)
(-0.00338 -0.05779 0.06655)
(-0.00253 -0.02366 0.02599)
(0.00030 0.00309 -0.00312)
(0.00037 -0.00011 0.00005)
(-0.00494 0.00130 -0.00078)
(-0.02757 0.00683 -0.00425)
(-0.06439 0.02021 0.00366)
(-0.05163 0.01077 0.00285)
(-0.04666 0.00954 0.00871)
(-0.03113 0.00061 0.00293)
(-0.03621 0.00397 0.01763)
(-0.02660 -0.00035 0.02812)
(-0.01131 -0.00418 0.02516)
(-0.00898 -0.00496 0.02688)
(-0.01040 -0.00312 0.03331)
(0.00077 -0.00548 0.03550)
(0.00314 -0.00412 0.04915)
(0.00217 -0.00556 0.05822)
(0.01896 -0.01229 0.04802)
(0.02406 -0.01556 0.04261)
(0.02763 -0.02049 0.04033)
(0.03204 -0.02279 0.03755)
(0.04911 -0.03241 0.02573)
(0.05901 -0.03826 0.01762)
(0.06759 -0.04838 0.00661)
(0.05601 -0.05223 0.00914)
(0.07483 -0.05049 -0.00038)
(0.08299 -0.06476 -0.00706)
(0.09515 -0.07430 -0.01578)
(0.08395 -0.07102 -0.01470)
(0.08837 -0.07391 -0.01884)
(0.09199 -0.08071 -0.02215)
(0.10290 -0.07847 -0.02635)
(0.09940 -0.08538 -0.02084)
(0.08502 -0.08375 -0.02585)
(0.08239 -0.08537 -0.02057)
(0.08191 -0.07984 -0.01538)
(0.06647 -0.07608 -0.01331)
(0.08186 -0.07703 -0.00061)
(0.04845 -0.06365 0.00627)
(0.06981 -0.07173 0.01621)
(0.05500 -0.06077 0.03145)
(0.05705 -0.06159 0.03418)
(0.05837 -0.06601 0.04493)
(0.04540 -0.05404 0.04912)
(0.05877 -0.06082 0.06089)
(0.03635 -0.05190 0.05682)
(0.02322 -0.04780 0.05492)
(0.01865 -0.04625 0.06313)
(0.02371 -0.05094 0.07015)
(0.00439 -0.04819 0.06662)
(0.00054 -0.04940 0.07472)
(-0.00036 -0.05592 0.07684)
(0.01151 -0.04903 0.07419)
(-0.00349 -0.04856 0.07936)
(-0.00037 -0.03003 0.03691)
(-0.00003 -0.00182 0.00213)
(-0.00017 0.00399 -0.00462)
(-0.00234 0.00028 -0.00083)
(-0.01317 0.00304 -0.00241)
(-0.04879 0.00849 -0.00704)
(-0.02639 -0.00564 -0.01020)
(-0.02762 -0.00288 -0.00644)
(-0.01935 -0.00585 0.00558)
(-0.01500 -0.00981 -0.00368)
(-0.01100 -0.00590 0.01559)
(-0.00870 -0.00539 0.02590)
(0.00855 -0.00703 0.02373)
(0.00646 -0.00711 0.03061)
(0.01326 -0.00976 0.03761)
(0.01745 -0.00950 0.03818)
(0.02792 -0.01197 0.03683)
(0.04715 -0.02042 0.03080)
(0.05230 -0.02291 0.02697)
(0.04428 -0.02236 0.03015)
(0.05615 -0.02978 0.02614)
(0.06438 -0.03780 0.01842)
(0.07428 -0.03816 0.00630)
(0.08165 -0.03935 -0.00357)
(0.08949 -0.06053 -0.00683)
(0.10446 -0.07183 -0.01526)
(0.09437 -0.06272 -0.01711)
(0.10034 -0.06231 -0.02577)
(0.09954 -0.06240 -0.02614)
(0.09971 -0.07875 -0.02378)
(0.09595 -0.08170 -0.02198)
(0.10062 -0.07681 -0.01519)
(0.10037 -0.07744 -0.01262)
(0.09772 -0.08044 0.00126)
(0.10259 -0.08283 0.00978)
(0.07790 -0.07582 0.01232)
(0.09382 -0.08255 0.01888)
(0.06761 -0.06646 0.03078)
(0.07358 -0.07214 0.03532)
(0.08599 -0.07895 0.05777)
(0.07957 -0.07547 0.06597)
(0.07967 -0.07569 0.06872)
(0.06592 -0.06800 0.06958)
(0.03458 -0.05220 0.06247)
(0.05933 -0.06564 0.07428)
(0.03987 -0.05683 0.07112)
(0.03046 -0.05162 0.07051)
(0.03256 -0.05334 0.07475)
(0.01570 -0.04969 0.07450)
(0.01121 -0.05209 0.07980)
(-0.00592 -0.04646 0.08011)
(0.01227 -0.05260 0.07721)
(0.00059 -0.03673 0.05139)
(0.00030 -0.00802 0.00941)
(0.00105 -0.00367 0.00484)
(0.00392 -0.00040 0.00138)
(-0.01493 0.00144 -0.00557)
(-0.00148 0.00013 -0.00053)
(-0.01753 0.00100 -0.00682)
(-0.03424 -0.00153 -0.01213)
(-0.01833 -0.00976 -0.00865)
(-0.01748 -0.01113 -0.01041)
(-0.01156 -0.00932 -0.00668)
(-0.00363 -0.00954 -0.00350)
(-0.00486 -0.01064 0.00300)
(0.01248 -0.01599 -0.00086)
(0.00666 -0.01273 0.01034)
(0.00835 -0.00974 0.01569)
(0.02967 -0.01193 0.01627)
(0.03171 -0.01152 0.01881)
(0.03062 -0.01174 0.03005)
(0.04560 -0.01818 0.02627)
(0.05341 -0.02229 0.02449)
(0.05670 -0.02488 0.02285)
(0.06934 -0.03417 0.01554)
(0.08001 -0.03465 0.00243)
(0.07820 -0.03443 -0.00504)
(0.08463 -0.03569 -0.02502)
(0.08508 -0.04191 -0.00652)
(0.09069 -0.04909 -0.01798)
(0.10099 -0.05818 -0.02267)
(0.09697 -0.05880 -0.02674)
(0.09601 -0.05897 -0.02737)
(0.09959 -0.06317 -0.02646)
(0.10345 -0.07349 -0.02071)
(0.10133 -0.07653 -0.01637)
(0.10113 -0.07746 -0.01441)
(0.10734 -0.08366 -0.00765)
(0.10658 -0.08760 0.00569)
(0.10838 -0.09093 0.02147)
(0.11635 -0.09742 0.03502)
(0.11475 -0.09685 0.03894)
(0.10568 -0.08933 0.04421)
(0.09811 -0.08426 0.05969)
(0.08629 -0.07954 0.06814)
(0.08608 -0.07959 0.07078)
(0.07959 -0.07550 0.07170)
(0.07377 -0.07160 0.07559)
(0.06193 -0.06559 0.07758)
(0.04274 -0.05689 0.07579)
(0.03714 -0.05562 0.07443)
(0.02890 -0.05314 0.07404)
(0.04041 -0.05448 0.07610)
(0.02759 -0.05392 0.07846)
(0.03379 -0.05596 0.08059)
(0.01460 -0.04356 0.05903)
(0.00296 -0.00864 0.01128)
(0.00365 -0.00026 0.00127)
(-0.00630 0.00028 -0.00232)
(-0.03304 -0.00046 -0.01444)
(-0.02569 -0.00100 -0.01098)
(-0.03172 -0.00264 -0.01457)
(-0.00946 -0.01148 -0.01218)
(-0.00504 -0.01201 -0.01237)
(0.00198 -0.01237 -0.01302)
(0.02008 -0.01581 -0.00840)
(0.02214 -0.01525 -0.00816)
(0.01826 -0.01577 0.00833)
(0.03196 -0.01280 0.01184)
(0.03480 -0.01251 0.01142)
(0.03760 -0.01240 0.01104)
(0.03599 -0.01207 0.01582)
(0.04621 -0.01661 0.01180)
(0.05389 -0.02039 0.01613)
(0.05670 -0.02277 0.01901)
(0.05873 -0.01929 -0.00199)
(0.05980 -0.02624 0.01937)
(0.07476 -0.02906 -0.00353)
(0.07520 -0.02915 -0.00553)
(0.08068 -0.03193 -0.02551)
(0.08449 -0.03607 -0.02664)
(0.08360 -0.03587 -0.02818)
(0.09238 -0.05542 -0.02795)
(0.09124 -0.05586 -0.02899)
(0.09567 -0.06014 -0.02779)
(0.09531 -0.06171 -0.02829)
(0.09500 -0.07007 -0.02561)
(0.10264 -0.07780 -0.02194)
(0.10590 -0.08743 -0.00728)
(0.10943 -0.09043 -0.00610)
(0.11402 -0.09357 0.01277)
(0.11844 -0.10065 0.03351)
(0.11844 -0.10205 0.03714)
(0.11769 -0.10064 0.04191)
(0.11731 -0.10188 0.05354)
(0.09185 -0.08385 0.07019)
(0.09131 -0.08384 0.07264)
(0.08567 -0.07912 0.07366)
(0.09251 -0.08162 0.08029)
(0.07376 -0.07074 0.07976)
(0.06920 -0.06842 0.07913)
(0.07222 -0.06387 0.08317)
(0.06142 -0.06029 0.08128)
(0.05718 -0.05874 0.08025)
(0.06378 -0.06047 0.08005)
(0.06009 -0.05896 0.07906)
(0.05676 -0.05751 0.07798)
(0.04139 -0.05674 0.07936)
(0.02426 -0.05728 0.07654)
(0.02597 -0.05279 0.06884)
(0.00565 -0.01359 0.01751)
(-0.00160 0.00414 -0.00531)
(0.00134 -0.00004 0.00045)
(-0.01006 -0.00010 -0.00362)
(-0.01015 -0.00884 -0.01013)
(-0.01716 -0.01066 -0.01681)
(-0.00266 -0.01677 -0.01366)
(-0.00209 -0.01719 -0.01643)
(0.01279 -0.02066 -0.01385)
(0.02167 -0.01742 -0.01102)
(0.02342 -0.01601 -0.01070)
(0.03164 -0.01826 -0.00696)
(0.03309 -0.01718 -0.00483)
(0.03635 -0.01291 0.00666)
(0.03879 -0.01251 0.00621)
(0.04310 -0.01284 -0.00279)
(0.04074 -0.01243 0.00979)
(0.04929 -0.00897 -0.00197)
(0.05174 -0.01537 -0.00545)
(0.05564 -0.01661 -0.01439)
(0.06743 -0.01753 -0.01511)
(0.07299 -0.02331 -0.01068)
(0.07341 -0.02731 -0.02390)
(0.08010 -0.03210 -0.02764)
(0.07623 -0.02890 -0.02923)
(0.07897 -0.03245 -0.02958)
(0.07541 -0.03995 -0.03212)
(0.07173 -0.04346 -0.03891)
(0.09082 -0.05741 -0.02952)
(0.08428 -0.05890 -0.03276)
(0.08080 -0.06860 -0.03268)
(0.08322 -0.07254 -0.02988)
(0.10608 -0.08424 -0.01472)
(0.10885 -0.09091 -0.01211)
(0.11372 -0.09699 0.00219)
(0.11294 -0.10136 0.02288)
(0.11756 -0.10457 0.03524)
(0.11852 -0.10363 0.04149)
(0.11425 -0.10774 0.05640)
(0.10320 -0.09596 0.06958)
(0.10139 -0.09938 0.07620)
(0.10554 -0.09312 0.08108)
(0.10148 -0.08854 0.08790)
(0.09388 -0.07846 0.08555)
(0.07781 -0.07161 0.08615)
(0.09415 -0.07581 0.08861)
(0.08117 -0.07023 0.08484)
(0.06866 -0.06226 0.08078)
(0.06472 -0.05975 0.07821)
(0.06837 -0.05795 0.07634)
(0.05642 -0.05874 0.07551)
(0.03075 -0.05726 0.07516)
(0.03832 -0.05483 0.07231)
(0.00909 -0.01851 0.02360)
(-0.00037 0.00083 -0.00105)
(-0.00031 -0.00010 0.00003)
(-0.00635 -0.00428 -0.00213)
(-0.00587 -0.00248 0.00153)
(-0.00425 -0.01370 -0.00827)
(-0.00132 -0.01624 -0.00993)
(0.00626 -0.02292 -0.01474)
(0.01747 -0.02689 -0.01529)
(0.02319 -0.02495 -0.02046)
(0.02278 -0.02373 -0.01487)
(0.02418 -0.01665 -0.01275)
(0.03168 -0.01994 -0.01965)
(0.03544 -0.01741 -0.01697)
(0.04095 -0.01359 -0.01186)
(0.03925 -0.01060 -0.02379)
(0.05003 -0.01099 -0.01634)
(0.05655 -0.01037 -0.01847)
(0.04914 -0.00870 -0.02454)
(0.05822 -0.01739 -0.01819)
(0.04920 -0.01196 -0.03070)
(0.05906 -0.01372 -0.02785)
(0.05087 -0.01385 -0.03827)
(0.05081 -0.01754 -0.04097)
(0.07498 -0.02958 -0.03157)
(0.06225 -0.03636 -0.04037)
(0.04953 -0.03300 -0.05210)
(0.07131 -0.04618 -0.04124)
(0.06280 -0.05031 -0.04279)
(0.07132 -0.06215 -0.03921)
(0.06930 -0.06731 -0.03819)
(0.08864 -0.08418 -0.02321)
(0.08425 -0.09348 -0.01563)
(0.10488 -0.10252 0.00225)
(0.09903 -0.10929 0.01006)
(0.09891 -0.11649 0.01695)
(0.11083 -0.11790 0.04064)
(0.10963 -0.11912 0.04951)
(0.11286 -0.11644 0.07328)
(0.11163 -0.11549 0.07396)
(0.10536 -0.09890 0.08308)
(0.10293 -0.09713 0.08751)
(0.09779 -0.08362 0.08673)
(0.09936 -0.08394 0.08776)
(0.08379 -0.06837 0.08691)
(0.08413 -0.06940 0.08311)
(0.07035 -0.06116 0.07784)
(0.09551 -0.06708 0.07864)
(0.07690 -0.05926 0.07589)
(0.07109 -0.05983 0.07401)
(0.07837 -0.05846 0.07144)
(0.06032 -0.05611 0.07220)
(0.02142 -0.02385 0.02980)
(0.00113 -0.00181 0.00217)
(-0.00122 -0.00041 0.00040)
(-0.00382 -0.00568 0.00024)
(-0.00071 -0.01550 -0.00472)
(0.01798 -0.02431 -0.00989)
(0.01809 -0.02532 -0.01361)
(0.02264 -0.02472 -0.01885)
(0.03224 -0.02735 -0.02978)
(0.02846 -0.02382 -0.02342)
(0.03304 -0.02534 -0.03057)
(0.03474 -0.01910 -0.03091)
(0.03755 -0.01104 -0.02835)
(0.03392 -0.00897 -0.03152)
(0.03858 -0.00678 -0.02745)
(0.02857 -0.00488 -0.03844)
(0.04741 -0.00959 -0.02512)
(0.03783 -0.00414 -0.03393)
(0.02138 -0.00014 -0.05523)
(0.03888 -0.01016 -0.04399)
(0.03473 -0.00776 -0.05026)
(0.03689 -0.01000 -0.05002)
(0.04044 -0.01596 -0.04958)
(0.04081 -0.02199 -0.04893)
(0.04144 -0.02732 -0.05245)
(0.04965 -0.03697 -0.04867)
(0.05207 -0.04501 -0.04681)
(0.04344 -0.05619 -0.05259)
(0.04379 -0.06127 -0.04901)
(0.06510 -0.07886 -0.03295)
(0.05775 -0.09631 -0.02414)
(0.08099 -0.10251 -0.01079)
(0.08845 -0.11214 0.00273)
(0.08574 -0.11860 0.02076)
(0.10031 -0.11915 0.03530)
(0.09542 -0.12149 0.04594)
(0.11117 -0.11714 0.07223)
(0.10545 -0.11618 0.07587)
(0.11290 -0.10786 0.08288)
(0.10375 -0.11023 0.08876)
(0.10268 -0.09766 0.09126)
(0.10871 -0.09022 0.08816)
(0.10104 -0.08460 0.08627)
(0.09820 -0.07627 0.08703)
(0.11149 -0.07983 0.08738)
(0.10824 -0.07517 0.08608)
(0.09806 -0.06891 0.07945)
(0.08848 -0.05898 0.07506)
(0.08618 -0.05744 0.07096)
(0.07745 -0.05894 0.07043)
(0.04470 -0.03992 0.04939)
(0.01850 -0.02026 0.02524)
(0.00258 -0.00305 0.00379)
(0.00041 -0.00005 -0.00046)
(-0.00149 -0.00017 0.00151)
(0.00181 -0.00499 0.00451)
(0.00906 -0.01354 0.00167)
(0.01704 -0.01968 -0.00757)
(0.02087 -0.02109 -0.01202)
(0.02497 -0.02193 -0.01574)
(0.02202 -0.02088 -0.01485)
(0.02786 -0.02238 -0.02801)
(0.03169 -0.02502 -0.03206)
(0.03233 -0.02381 -0.03341)
(0.01745 -0.00622 -0.04544)
(0.03298 -0.01174 -0.03872)
(0.02266 -0.00571 -0.04396)
(0.00920 0.00501 -0.05629)
(0.01972 0.00163 -0.04827)
(0.00428 0.00974 -0.06251)
(0.02074 0.00217 -0.05346)
(0.01522 0.00208 -0.06014)
(0.01871 0.00025 -0.05846)
(0.01726 0.00020 -0.06116)
(0.01913 -0.00199 -0.06327)
(0.03204 -0.01659 -0.05495)
(0.02570 -0.01352 -0.05751)
(0.01970 -0.01354 -0.07015)
(0.02637 -0.02443 -0.06908)
(0.03470 -0.03356 -0.05783)
(0.03437 -0.04111 -0.05786)
(0.02602 -0.04650 -0.06236)
(0.02573 -0.04928 -0.06152)
(0.05070 -0.07136 -0.04075)
(0.05131 -0.09467 -0.02715)
(0.05814 -0.10034 -0.02079)
(0.06324 -0.10762 -0.01544)
(0.06342 -0.11457 0.01067)
(0.08124 -0.12193 0.03171)
(0.07175 -0.12486 0.04675)
(0.08994 -0.12549 0.05687)
(0.08679 -0.11961 0.06677)
(0.10230 -0.11423 0.08677)
(0.10221 -0.11302 0.08791)
(0.10457 -0.10935 0.08954)
(0.10608 -0.10916 0.09001)
(0.11122 -0.08551 0.08676)
(0.11299 -0.08208 0.08776)
(0.10935 -0.07563 0.08558)
(0.10911 -0.07512 0.08607)
(0.10673 -0.06870 0.08124)
(0.09773 -0.06384 0.07596)
(0.09428 -0.06439 0.07742)
(0.09253 -0.06386 0.07551)
(0.07667 -0.05426 0.07049)
(0.04577 -0.03555 0.04687)
(0.00450 -0.00382 0.00501)
(0.00452 -0.00371 0.00494)
(-0.00028 0.00076 0.00197)
(0.00475 -0.00292 0.00707)
(0.01825 -0.01790 -0.00669)
(0.01921 -0.01875 -0.00885)
(0.02073 -0.01968 -0.01197)
(0.02158 -0.01972 -0.01559)
(0.02652 -0.01895 -0.02948)
(0.02524 -0.02007 -0.03948)
(0.03074 -0.02376 -0.03499)
(0.01046 -0.00333 -0.04881)
(0.01461 -0.00348 -0.05156)
(0.00275 0.00891 -0.06358)
(-0.00106 0.01125 -0.06539)
(0.00094 0.01153 -0.06474)
(-0.00365 0.01037 -0.06970)
(0.01241 0.00271 -0.06324)
(0.00456 0.00546 -0.06848)
(0.01074 0.00245 -0.06598)
(0.00203 0.00299 -0.08241)
(0.00241 0.00071 -0.08714)
(0.00905 -0.00082 -0.08055)
(0.01342 -0.00788 -0.08083)
(0.00716 -0.00753 -0.09429)
(0.00684 -0.00907 -0.09374)
(0.01944 -0.02892 -0.07157)
(0.02120 -0.04321 -0.06575)
(0.02064 -0.04591 -0.06493)
(0.02413 -0.05168 -0.06111)
(0.02859 -0.07269 -0.04808)
(0.05096 -0.09845 -0.02453)
(0.04745 -0.10341 -0.01630)
(0.05118 -0.11435 0.00215)
(0.06244 -0.11948 0.01962)
(0.06569 -0.12554 0.04393)
(0.07206 -0.12557 0.05136)
(0.07184 -0.12659 0.05481)
(0.09953 -0.11658 0.08634)
(0.09969 -0.11593 0.08743)
(0.10321 -0.11222 0.08893)
(0.10492 -0.11181 0.08991)
(0.11099 -0.09705 0.08848)
(0.11869 -0.09420 0.09070)
(0.11286 -0.08402 0.08898)
(0.11240 -0.08036 0.08557)
(0.10591 -0.06678 0.08123)
(0.09808 -0.06772 0.07868)
(0.09560 -0.06653 0.07792)
(0.07413 -0.05309 0.07100)
(0.05303 -0.04047 0.05412)
(0.02828 -0.02236 0.02985)
(0.05365 -0.04067 0.05538)
(0.00730 -0.00584 0.00795)
(-0.00002 0.00024 0.00051)
(0.00001 0.00169 0.00381)
(0.00020 0.00136 0.00247)
(0.00102 0.00374 0.00878)
(0.00857 -0.00278 0.00507)
(0.01658 -0.00719 -0.00183)
(0.01998 -0.01667 -0.00889)
(0.01964 -0.01366 -0.01113)
(0.02070 -0.01836 -0.01210)
(0.01791 -0.01645 -0.03086)
(0.01900 -0.01574 -0.03290)
(0.02116 -0.01609 -0.04025)
(0.01032 -0.00612 -0.05045)
(0.00568 -0.00018 -0.05406)
(-0.00404 0.00324 -0.06028)
(-0.00182 0.00587 -0.06378)
(-0.00702 0.01368 -0.06780)
(-0.00490 0.01341 -0.06775)
(-0.01572 0.01813 -0.07440)
(-0.03526 0.02114 -0.09236)
(0.00289 0.00531 -0.07103)
(-0.01762 0.01087 -0.10312)
(-0.02380 0.00848 -0.11014)
(-0.00477 -0.00151 -0.09724)
(0.00021 -0.00494 -0.10057)
(0.00338 -0.00705 -0.09877)
(0.00716 -0.01942 -0.08693)
(0.00881 -0.03288 -0.08086)
(0.01588 -0.04169 -0.06935)
(0.01873 -0.04938 -0.06396)
(0.00880 -0.06381 -0.05789)
(0.03110 -0.08878 -0.03246)
(0.02697 -0.09604 -0.02136)
(0.02971 -0.10690 -0.01151)
(0.04906 -0.12116 0.01688)
(0.05597 -0.12616 0.03906)
(0.06671 -0.12602 0.04937)
(0.06731 -0.12746 0.05427)
(0.08253 -0.12365 0.07296)
(0.09505 -0.12388 0.08548)
(0.10101 -0.11514 0.08865)
(0.10409 -0.11681 0.09137)
(0.11170 -0.10846 0.09172)
(0.11131 -0.10843 0.09325)
(0.11752 -0.09466 0.09058)
(0.11465 -0.08844 0.08762)
(0.11416 -0.08409 0.08624)
(0.10759 -0.07735 0.08252)
(0.08742 -0.06094 0.07715)
(0.07529 -0.05334 0.07240)
(0.07307 -0.05290 0.07300)
(0.06968 -0.05191 0.07237)
(0.04604 -0.03501 0.04891)
(0.00718 -0.00596 0.00851)
(-0.00567 0.00476 -0.00684)
(0.00014 0.00016 0.00022)
(0.00183 0.00180 0.00265)
(0.01068 0.00139 0.00787)
(0.00856 0.00041 0.00545)
(0.01828 -0.00131 0.00560)
(0.01826 -0.00577 -0.00195)
(0.02102 -0.00994 -0.00606)
(0.02261 -0.01383 -0.01949)
(0.01871 -0.01326 -0.02700)
(0.01656 -0.01436 -0.04285)
(0.01585 -0.01516 -0.04572)
(0.00559 -0.00691 -0.04869)
(-0.00254 -0.00111 -0.05712)
(-0.01915 0.01103 -0.06502)
(-0.02124 0.01193 -0.06910)
(-0.03051 0.01850 -0.07258)
(-0.04555 0.02769 -0.08277)
(-0.01112 0.01617 -0.07025)
(-0.03119 0.02218 -0.08073)
(-0.05176 0.02743 -0.10398)
(-0.03925 0.02229 -0.09878)
(-0.03704 0.01643 -0.10975)
(-0.03828 0.01603 -0.11630)
(-0.01983 0.00467 -0.10882)
(-0.02595 0.00713 -0.12027)
(-0.02871 0.00416 -0.12153)
(-0.01027 -0.01093 -0.10351)
(-0.00966 -0.01962 -0.09554)
(-0.00950 -0.02109 -0.09836)
(-0.00369 -0.04195 -0.07776)
(0.00041 -0.05877 -0.06237)
(0.00572 -0.07297 -0.05130)
(0.01071 -0.08968 -0.03299)
(0.01300 -0.09688 -0.02574)
(0.02875 -0.11230 0.00266)
(0.02947 -0.11357 0.01170)
(0.06154 -0.12568 0.04770)
(0.05799 -0.13009 0.05772)
(0.06673 -0.13378 0.06793)
(0.07026 -0.13217 0.07639)
(0.08673 -0.12910 0.08446)
(0.09254 -0.12616 0.08645)
(0.10659 -0.11717 0.09189)
(0.10952 -0.11133 0.09642)
(0.11267 -0.10067 0.09410)
(0.10882 -0.09881 0.09425)
(0.11047 -0.08626 0.09022)
(0.09267 -0.07584 0.09020)
(0.09184 -0.07096 0.08592)
(0.08640 -0.06972 0.09083)
(0.07585 -0.05698 0.08715)
(0.06147 -0.04904 0.07498)
(0.03821 -0.03021 0.04530)
(0.01070 -0.00853 0.01298)
(-0.00409 0.00350 -0.00519)
(0.00230 0.00038 0.00122)
(0.01325 0.00103 0.00584)
(0.02129 -0.00216 0.00163)
(0.02375 -0.00635 -0.00669)
(0.02428 -0.00779 -0.01015)
(0.02301 -0.01125 -0.01688)
(0.01489 -0.00979 -0.03300)
(0.01846 -0.01255 -0.02677)
(0.01333 -0.01076 -0.04036)
(0.00595 -0.00697 -0.04836)
(0.01141 -0.01165 -0.04665)
(-0.00411 0.00057 -0.05333)
(-0.01266 0.00251 -0.06005)
(-0.02513 0.00794 -0.06500)
(-0.02893 0.01068 -0.06660)
(-0.02643 0.01508 -0.06967)
(-0.03929 0.01936 -0.06884)
(-0.04332 0.02485 -0.07568)
(-0.06335 0.03115 -0.08604)
(-0.05474 0.02934 -0.09611)
(-0.06003 0.03112 -0.10429)
(-0.05744 0.03042 -0.10851)
(-0.05631 0.02353 -0.12719)
(-0.06802 0.02404 -0.14708)
(-0.03859 0.01143 -0.13111)
(-0.03664 0.00943 -0.13180)
(-0.04041 0.00355 -0.13314)
(-0.03103 -0.00053 -0.12283)
(-0.02343 -0.00839 -0.11433)
(-0.01832 -0.01705 -0.10585)
(-0.01124 -0.03178 -0.08507)
(-0.01066 -0.04311 -0.07848)
(-0.00364 -0.06757 -0.05827)
(-0.00367 -0.07495 -0.04847)
(-0.00643 -0.08653 -0.03633)
(0.01808 -0.10424 -0.00788)
(0.02091 -0.10998 0.00969)
(0.03163 -0.12632 0.03109)
(0.03565 -0.13181 0.04575)
(0.05416 -0.13350 0.05782)
(0.06445 -0.13767 0.07379)
(0.07263 -0.13698 0.07596)
(0.08694 -0.13216 0.08506)
(0.08295 -0.13683 0.09023)
(0.09934 -0.11967 0.09278)
(0.10768 -0.11206 0.09780)
(0.09458 -0.11371 0.10627)
(0.09490 -0.10934 0.10560)
(0.09426 -0.09897 0.10347)
(0.09228 -0.10638 0.10691)
(0.08972 -0.08508 0.09961)
(0.08045 -0.07019 0.09458)
(0.07846 -0.06879 0.09326)
(0.06908 -0.05764 0.08216)
(0.02093 -0.01816 0.02621)
(0.00290 -0.00309 0.00445)
(-0.00111 0.00118 -0.00171)
(0.00047 0.00008 0.00023)
(0.00748 0.00087 0.00338)
(0.01972 0.00089 0.00739)
(0.02353 -0.00334 0.00001)
(0.02442 -0.00785 -0.01139)
(0.02283 -0.00948 -0.01624)
(0.02091 -0.00938 -0.02326)
(0.00932 -0.00585 -0.04114)
(0.00724 -0.00584 -0.04438)
(0.00431 -0.00482 -0.04718)
(-0.00670 0.00147 -0.05555)
(-0.02713 0.00902 -0.06541)
(-0.03068 0.01154 -0.06659)
(-0.03655 0.01529 -0.06809)
(-0.05858 0.03244 -0.08021)
(-0.07041 0.03598 -0.08879)
(-0.06983 0.03476 -0.10007)
(-0.08092 0.03872 -0.11578)
(-0.06912 0.03060 -0.11696)
(-0.08465 0.03905 -0.12479)
(-0.07298 0.02962 -0.13618)
(-0.07304 0.02613 -0.15055)
(-0.06638 0.02261 -0.15048)
(-0.06095 0.01942 -0.14995)
(-0.04747 0.01004 -0.14558)
(-0.04074 0.00319 -0.13170)
(-0.03197 -0.00083 -0.12759)
(-0.03534 -0.00485 -0.12217)
(-0.02470 -0.02197 -0.09679)
(-0.02900 -0.02703 -0.09484)
(-0.01705 -0.04906 -0.07619)
(-0.01094 -0.07171 -0.05058)
(-0.00916 -0.08204 -0.04027)
(-0.00504 -0.08989 -0.03093)
(0.00462 -0.09908 -0.01143)
(0.02419 -0.12668 0.02696)
(0.03119 -0.12269 0.02843)
(0.03822 -0.11539 0.03290)
(0.05450 -0.13098 0.06065)
(0.06942 -0.13745 0.07647)
(0.07447 -0.13653 0.08032)
(0.07624 -0.13656 0.08249)
(0.08505 -0.12550 0.08605)
(0.09020 -0.11709 0.10216)
(0.09069 -0.11046 0.10825)
(0.09210 -0.09946 0.10718)
(0.08647 -0.08768 0.10195)
(0.07770 -0.08505 0.10238)
(0.07849 -0.07601 0.09933)
(0.07338 -0.06835 0.09824)
(0.06855 -0.05994 0.08220)
(0.02267 -0.02047 0.02858)
(0.00162 -0.00142 0.00207)
(0.00034 0.00010 0.00006)
(0.01045 0.00282 0.00140)
(0.02107 -0.00034 -0.00270)
(0.02792 -0.00543 -0.00916)
(0.02594 -0.00644 -0.00952)
(0.02354 -0.00720 -0.02298)
(0.01758 -0.00598 -0.02958)
(0.02258 -0.00790 -0.02520)
(0.00888 -0.00593 -0.04204)
(0.00653 -0.00541 -0.04472)
(0.00592 -0.00506 -0.04525)
(0.00320 -0.00410 -0.04763)
(0.00091 -0.00300 -0.04944)
(-0.02909 0.01107 -0.06458)
(-0.03206 0.01205 -0.06674)
(-0.03758 0.01513 -0.06811)
(-0.06226 0.03317 -0.08362)
(-0.07047 0.03480 -0.08760)
(-0.07915 0.03758 -0.10907)
(-0.09177 0.04488 -0.12157)
(-0.09285 0.04394 -0.12686)
(-0.07887 0.03138 -0.13864)
(-0.07730 0.02763 -0.15395)
(-0.07180 0.02506 -0.15420)
(-0.07076 0.02438 -0.15765)
(-0.06579 0.02109 -0.16279)
(-0.04576 0.00605 -0.13755)
(-0.05381 0.01017 -0.13818)
(-0.03829 -0.01065 -0.12217)
(-0.02910 -0.03025 -0.09146)
(-0.02544 -0.04516 -0.08048)
(-0.00782 -0.08546 -0.03608)
(0.01112 -0.09958 -0.00137)
(0.02135 -0.11188 0.01166)
(0.04024 -0.12264 0.04142)
(0.07142 -0.13669 0.07775)
(0.07697 -0.13758 0.08526)
(0.08864 -0.11450 0.10955)
(0.08351 -0.09857 0.10866)
(0.02624 -0.02472 0.03354)
(0.00237 0.00018 0.00034)
(0.01683 0.00146 -0.00241)
(0.02976 -0.00170 -0.01351)
(0.02732 0.00044 -0.00513)
(0.02920 -0.00226 -0.01542)
(0.02835 -0.00322 -0.01727)
(0.01738 -0.00553 -0.03057)
(0.00839 -0.00583 -0.04294)
(0.00529 -0.00459 -0.04596)
(0.00217 -0.00336 -0.04820)
(-0.00466 -0.00118 -0.05491)
(-0.02769 0.01186 -0.06528)
(-0.03954 0.02082 -0.06896)
(-0.04025 0.01823 -0.06855)
(-0.06559 0.03347 -0.07920)
(-0.06395 0.03292 -0.08194)
(-0.07898 0.03854 -0.08717)
(-0.08805 0.04178 -0.10525)
(-0.09088 0.04388 -0.10230)
(-0.09284 0.04506 -0.12136)
(-0.09359 0.04428 -0.12770)
(-0.09319 0.04098 -0.13822)
(-0.08619 0.03313 -0.15884)
(-0.07810 0.02770 -0.15975)
(-0.07521 0.02639 -0.16119)
(-0.06223 0.01769 -0.16300)
(-0.00343 -0.00025 -0.00025)
(0.00971 0.00031 -0.00062)
(0.03092 0.00091 -0.00696)
(0.03122 -0.00076 -0.01027)
(0.02795 -0.00289 -0.01735)
(0.02382 -0.00551 -0.02443)
(0.01670 -0.00547 -0.03252)
(0.01374 -0.00463 -0.03583)
(0.01391 -0.00476 -0.03637)
(0.00388 -0.00287 -0.04720)
(-0.00513 0.00041 -0.05445)
(-0.01343 0.00609 -0.05870)
(-0.03511 0.01738 -0.06795)
(-0.03821 0.01961 -0.06895)
(-0.05033 0.02682 -0.07587)
(-0.06375 0.03489 -0.07970)
(-0.07969 0.04111 -0.08799)
(-0.08656 0.04345 -0.10310)
(-0.09283 0.04500 -0.12107)
(-0.09554 0.04145 -0.14568)
(-0.09480 0.03821 -0.16386)
(-0.00335 -0.00018 -0.00007)
(0.00236 0.00012 0.00002)
(0.01606 0.00029 -0.00091)
(0.02849 -0.00168 -0.01463)
(0.02703 -0.00228 -0.01751)
(0.02273 -0.00322 -0.02589)
(0.01435 -0.00320 -0.03599)
(0.00485 -0.00190 -0.04949)
(-0.00248 0.00002 -0.05667)
(-0.01380 0.00789 -0.06139)
(-0.03141 0.01563 -0.06663)
(-0.03710 0.01957 -0.06916)
(-0.04691 0.02414 -0.07454)
(-0.06510 0.03516 -0.08539)
(-0.07269 0.03899 -0.08785)
(-0.07829 0.04053 -0.09475)
(-0.09121 0.04570 -0.11113)
(0.00076 0.00003 0.00001)
(0.01569 0.00058 -0.00458)
(0.02263 -0.00068 -0.01083)
(0.02811 -0.00121 -0.01546)
(0.02601 -0.00200 -0.01932)
(0.02514 -0.00180 -0.02082)
(0.01995 -0.00157 -0.03254)
(0.01111 -0.00005 -0.04248)
(0.00315 0.00170 -0.04911)
(0.00520 0.00304 -0.04922)
(-0.00847 0.00794 -0.06208)
(-0.01506 0.01202 -0.06470)
(-0.02299 0.01339 -0.06798)
(-0.02174 0.01626 -0.06999)
(-0.03349 0.02057 -0.07039)
(-0.05294 0.02902 -0.07720)
(0.00196 0.00013 -0.00010)
(0.02313 0.00027 -0.00651)
(0.02748 -0.00095 -0.01672)
(0.03073 0.00253 -0.01750)
(0.02800 0.00024 -0.02267)
(0.02460 0.00065 -0.03001)
(0.01645 -0.00033 -0.04162)
(0.00624 0.00296 -0.04861)
(-0.01166 0.01027 -0.06684)
(-0.01794 0.01423 -0.06895)
(-0.00042 -0.00005 0.00006)
(0.01069 0.00182 -0.00313)
(0.02356 0.00334 -0.01211)
(-0.05313 0.01031 -0.14117)
(-0.03313 -0.02272 -0.09918)
(-0.01239 -0.07746 -0.04549)
(-0.00417 -0.08726 -0.03059)
(0.03215 -0.11001 0.02279)
(0.06132 -0.13367 0.06465)
(0.07296 -0.13698 0.08069)
(0.08055 -0.12614 0.09724)
(0.08325 -0.11098 0.10890)
(0.07337 -0.09403 0.11131)
(0.07481 -0.08364 0.10270)
(0.06406 -0.06405 0.08794)
(0.06323 -0.06228 0.08519)
(0.06223 -0.06020 0.08208)
(0.00594 -0.00552 0.00745)
(-0.07877 0.02723 -0.16999)
(-0.06400 0.01721 -0.15869)
(-0.05518 0.01276 -0.15249)
(-0.05242 0.00363 -0.13606)
(-0.04087 -0.01689 -0.10978)
(-0.03268 -0.02627 -0.09560)
(-0.03144 -0.03657 -0.08609)
(-0.02847 -0.04926 -0.07577)
(-0.01096 -0.08068 -0.04204)
(-0.00962 -0.07339 -0.04357)
(0.00854 -0.09640 -0.00869)
(0.01871 -0.10587 0.00600)
(0.03020 -0.10643 0.01669)
(0.03522 -0.11236 0.02529)
(0.04584 -0.12450 0.04456)
(0.06874 -0.13608 0.07422)
(0.07022 -0.13668 0.07811)
(0.07464 -0.13748 0.08554)
(0.07276 -0.13692 0.10585)
(0.07924 -0.12301 0.11318)
(0.07377 -0.11652 0.11381)
(0.07515 -0.10585 0.11249)
(0.06966 -0.09793 0.11264)
(0.06429 -0.07842 0.09995)
(0.06320 -0.06488 0.08686)
(0.06238 -0.06165 0.08170)
(0.02427 -0.02316 0.03029)
(0.00245 -0.00229 0.00296)
(-0.09698 0.03701 -0.17799)
(-0.09101 0.03395 -0.17835)
(-0.09000 0.03381 -0.17990)
(-0.08101 0.02875 -0.18077)
(-0.07620 0.02454 -0.17312)
(-0.07378 0.02364 -0.15911)
(-0.06237 0.01423 -0.14108)
(-0.05970 0.00340 -0.12988)
(-0.03679 -0.02155 -0.10003)
(-0.05485 -0.00747 -0.11694)
(-0.03736 -0.02769 -0.09472)
(-0.03451 -0.03677 -0.08461)
(-0.01809 -0.06008 -0.05877)
(-0.01262 -0.06859 -0.05047)
(0.00008 -0.08345 -0.02711)
(0.00955 -0.08984 -0.01348)
(0.01786 -0.09140 -0.00586)
(0.03537 -0.11231 0.02307)
(0.04392 -0.12162 0.03264)
(0.05760 -0.12780 0.05355)
(0.06266 -0.13349 0.06441)
(0.06653 -0.14042 0.08897)
(0.06606 -0.14367 0.11117)
(0.06769 -0.13489 0.10777)
(0.07100 -0.11926 0.11485)
(0.07213 -0.10728 0.11426)
(0.06621 -0.10887 0.11483)
(0.06577 -0.09441 0.11126)
(0.06566 -0.08819 0.10473)
(0.06618 -0.08880 0.10179)
(0.06302 -0.06847 0.09022)
(0.06205 -0.06218 0.07957)
(0.03234 -0.03077 0.03733)
(0.00741 -0.00705 0.00809)
(-0.00288 0.00271 -0.00306)
(-0.09448 0.04160 -0.12973)
(-0.09685 0.03970 -0.14634)
(-0.09777 0.03934 -0.16119)
(-0.09762 0.03766 -0.17596)
(-0.09794 0.03707 -0.18119)
(-0.09687 0.03837 -0.19093)
(-0.08768 0.03270 -0.17980)
(-0.08717 0.03271 -0.17634)
(-0.08681 0.02992 -0.16289)
(-0.08353 0.02636 -0.15547)
(-0.07227 0.01655 -0.14123)
(-0.06461 0.00030 -0.12705)
(-0.04357 -0.01637 -0.10886)
(-0.04317 -0.02133 -0.10307)
(-0.03267 -0.03865 -0.08259)
(-0.01603 -0.04980 -0.06629)
(-0.01019 -0.05500 -0.06213)
(-0.00049 -0.07707 -0.03310)
(0.00665 -0.08030 -0.02652)
(0.02201 -0.09674 -0.00561)
(0.03085 -0.10545 0.00548)
(0.04153 -0.11209 0.01889)
(0.05068 -0.12201 0.03784)
(0.05785 -0.13034 0.06008)
(0.06402 -0.13572 0.07571)
(0.06046 -0.13170 0.07458)
(0.06527 -0.13424 0.09152)
(0.06285 -0.12609 0.10554)
(0.06836 -0.12479 0.11329)
(0.06449 -0.11492 0.11211)
(0.06581 -0.10323 0.11213)
(0.06642 -0.08219 0.09793)
(0.06394 -0.09149 0.10009)
(0.06518 -0.07674 0.08935)
(0.05791 -0.06570 0.07583)
(0.00768 -0.00727 0.00742)
(-0.00678 0.00639 -0.00616)
(0.04560 -0.05250 0.05755)
(-0.06384 0.03519 -0.08554)
(-0.06813 0.03682 -0.08822)
(-0.07059 0.03827 -0.09145)
(-0.08455 0.04058 -0.10947)
(-0.09361 0.04231 -0.12927)
(-0.09709 0.04116 -0.13450)
(-0.09684 0.04038 -0.13464)
(-0.10014 0.04099 -0.15104)
(-0.10211 0.04124 -0.16681)
(-0.10111 0.04039 -0.17991)
(-0.10260 0.04186 -0.18953)
(-0.10115 0.04144 -0.18878)
(-0.09567 0.03714 -0.17614)
(-0.08589 0.02856 -0.15823)
(-0.08437 0.02675 -0.15371)
(-0.06833 0.00842 -0.13828)
(-0.05701 -0.00883 -0.11976)
(-0.04364 -0.01877 -0.11502)
(-0.03752 -0.03157 -0.09241)
(-0.04073 -0.01721 -0.11480)
(-0.01545 -0.04838 -0.06987)
(-0.01162 -0.05095 -0.06588)
(-0.00685 -0.05606 -0.05898)
(0.01658 -0.08210 -0.02314)
(0.02599 -0.10009 -0.00064)
(0.02406 -0.09560 -0.00536)
(0.03546 -0.10486 0.00639)
(0.04838 -0.12157 0.03646)
(0.04616 -0.11465 0.02742)
(0.05595 -0.12716 0.04967)
(0.06000 -0.12746 0.06007)
(0.06117 -0.13246 0.07647)
(0.06310 -0.12095 0.09528)
(0.06446 -0.11922 0.11149)
(0.06479 -0.11503 0.11042)
(0.06502 -0.11099 0.11042)
(0.06510 -0.08981 0.09001)
(0.06516 -0.08493 0.08725)
(0.06395 -0.07875 0.08096)
(0.03826 -0.04093 0.04163)
(0.00484 -0.00492 0.00488)
(0.02320 -0.02332 0.02100)
(0.00448 -0.00441 0.00391)
(-0.02046 0.01598 -0.07032)
(-0.02394 0.01784 -0.07106)
(-0.03599 0.02316 -0.07631)
(-0.06270 0.03526 -0.08549)
(-0.06637 0.03664 -0.08809)
(-0.06463 0.03648 -0.08764)
(-0.06892 0.03805 -0.09122)
(-0.08191 0.04181 -0.11675)
(-0.07693 0.04120 -0.10163)
(-0.08595 0.04201 -0.12456)
(-0.09317 0.04287 -0.13675)
(-0.10170 0.04353 -0.15958)
(-0.10158 0.04396 -0.16799)
(-0.09869 0.04154 -0.18038)
(-0.10417 0.04267 -0.18948)
(-0.10325 0.04257 -0.18862)
(-0.10401 0.04336 -0.18763)
(-0.10342 0.04275 -0.18073)
(-0.08824 0.03069 -0.16061)
(-0.08650 0.02875 -0.15633)
(-0.07479 0.01709 -0.14902)
(-0.05724 -0.00292 -0.12946)
(-0.04531 -0.01199 -0.12135)
(-0.04137 -0.01548 -0.11804)
(-0.02524 -0.03630 -0.08105)
(-0.01284 -0.04764 -0.06917)
(-0.00805 -0.05280 -0.06206)
(-0.00936 -0.04962 -0.06533)
(0.01093 -0.06785 -0.04017)
(0.02036 -0.07143 -0.03847)
(0.03573 -0.09523 -0.00909)
(0.04247 -0.09791 -0.00401)
(0.05901 -0.12469 0.05053)
(0.05994 -0.12623 0.05718)
(0.06080 -0.12869 0.06614)
(0.06313 -0.12124 0.08286)
(0.06467 -0.11894 0.10997)
(0.06502 -0.11508 0.10899)
(0.06529 -0.11113 0.10901)
(0.06447 -0.10441 0.10231)
(0.06420 -0.08817 0.08583)
(0.06169 -0.07136 0.06769)
(0.02060 -0.02120 0.01761)
(-0.00445 0.00439 -0.00353)
(0.00153 -0.00154 0.00126)
(0.03007 0.00566 -0.02066)
(0.02462 0.00481 -0.03277)
(0.02286 0.00250 -0.03574)
(0.01666 0.00252 -0.04820)
(0.01203 0.00302 -0.05477)
(0.00858 0.00583 -0.05569)
(-0.00696 0.00978 -0.06228)
(-0.01683 0.01397 -0.06933)
(-0.01574 0.01381 -0.07002)
(-0.01925 0.01575 -0.07085)
(-0.02297 0.01776 -0.07151)
(-0.03367 0.02422 -0.07861)
(-0.05285 0.03269 -0.08543)
(-0.06030 0.03402 -0.08852)
(-0.07214 0.04086 -0.10025)
(-0.08427 0.04352 -0.12170)
(-0.09672 0.04623 -0.13477)
(-0.10018 0.04484 -0.16043)
(-0.10192 0.04456 -0.16519)
(-0.10138 0.04321 -0.17492)
(-0.10535 0.04424 -0.18049)
(-0.10504 0.04348 -0.18859)
(-0.10577 0.04430 -0.18751)
(-0.10506 0.04212 -0.18084)
(-0.09451 0.03443 -0.16970)
(-0.08494 0.02577 -0.16261)
(-0.07633 0.01736 -0.15647)
(-0.06676 0.00665 -0.13910)
(-0.04664 -0.01002 -0.12476)
(-0.04199 -0.01399 -0.12168)
(-0.03160 -0.02597 -0.10361)
(-0.01650 -0.03761 -0.08474)
(-0.01127 -0.04013 -0.07883)
(0.00112 -0.05299 -0.05994)
(0.01784 -0.06085 -0.04783)
(0.02734 -0.07124 -0.04025)
(0.03243 -0.08037 -0.02744)
(0.04157 -0.08707 -0.01959)
(0.04790 -0.10189 0.00403)
(0.05397 -0.11612 0.03359)
(0.05948 -0.12434 0.05095)
(0.06039 -0.12569 0.05785)
(0.06082 -0.12747 0.06390)
(0.06306 -0.12532 0.07624)
(0.06541 -0.12121 0.10549)
(0.05951 -0.11680 0.09355)
(0.06383 -0.11344 0.09893)
(0.05777 -0.09656 0.09500)
(0.06462 -0.09130 0.08638)
(0.06464 -0.08403 0.07985)
(0.06207 -0.07740 0.07202)
(0.04894 -0.05470 0.04772)
(0.01132 -0.01172 0.00969)
(0.00213 0.00039 -0.00075)
(0.00518 0.00104 -0.00244)
(0.02823 0.00640 -0.02143)
(0.02393 0.00598 -0.03555)
(0.01468 0.00744 -0.04652)
(0.01501 0.00467 -0.05115)
(0.00620 0.00460 -0.06011)
(-0.00064 0.00567 -0.06580)
(-0.00613 0.00885 -0.06971)
(-0.00679 0.00897 -0.06918)
(-0.02035 0.01523 -0.07512)
(-0.03494 0.01929 -0.08061)
(-0.03651 0.02208 -0.07859)
(-0.04869 0.02925 -0.08221)
(-0.05373 0.03364 -0.08462)
(-0.07906 0.04067 -0.09711)
(-0.08374 0.04212 -0.10100)
(-0.08797 0.04629 -0.11575)
(-0.10152 0.05085 -0.12908)
(-0.10389 0.04715 -0.14923)
(-0.11772 0.05568 -0.14868)
(-0.11359 0.05151 -0.17108)
(-0.11732 0.05419 -0.17220)
(-0.11389 0.04977 -0.18416)
(-0.11802 0.05258 -0.18091)
(-0.11460 0.04804 -0.18007)
(-0.10772 0.04512 -0.17655)
(-0.09708 0.03500 -0.17104)
(-0.08794 0.02441 -0.16526)
(-0.07113 0.00968 -0.15272)
(-0.06069 0.00111 -0.14780)
(-0.05092 -0.00706 -0.14042)
(-0.03188 -0.02054 -0.11856)
(-0.02170 -0.02357 -0.10454)
(-0.01298 -0.03187 -0.09568)
(0.00438 -0.04623 -0.07083)
(0.01691 -0.05641 -0.05398)
(0.02230 -0.06492 -0.04612)
(0.03768 -0.07986 -0.02982)
(0.04199 -0.09214 -0.00935)
(0.04747 -0.10261 0.01245)
(0.05514 -0.11691 0.04119)
(0.05731 -0.11990 0.07432)
(0.05085 -0.11412 0.05858)
(0.06150 -0.12322 0.09078)
(0.05181 -0.10819 0.08661)
(0.05301 -0.10278 0.09654)
(0.05166 -0.09402 0.09365)
(0.05775 -0.08646 0.08618)
(0.05492 -0.07857 0.07394)
(0.03366 -0.05112 0.05260)
(0.01690 -0.02561 0.02612)
(0.00638 -0.00961 0.00974)
(0.00148 0.00045 -0.00083)
(0.01875 0.00794 -0.02500)
(0.01683 0.00857 -0.04370)
(0.00701 0.01051 -0.05489)
(0.00604 0.01019 -0.05629)
(0.00411 0.00970 -0.05883)
(0.00247 0.00511 -0.06709)
(-0.00047 0.00983 -0.06447)
(-0.00593 0.00908 -0.07232)
(-0.01260 0.01112 -0.07884)
(-0.02867 0.01295 -0.08135)
(-0.03658 0.01955 -0.08317)
(-0.04567 0.02400 -0.08304)
(-0.04968 0.02998 -0.08317)
(-0.06379 0.03515 -0.08770)
(-0.07627 0.03945 -0.09475)
(-0.09925 0.04602 -0.10453)
(-0.10339 0.05081 -0.11269)
(-0.10829 0.05173 -0.13542)
(-0.13042 0.06413 -0.14285)
(-0.12703 0.06195 -0.15758)
(-0.12833 0.06211 -0.16188)
(-0.12339 0.05573 -0.17522)
(-0.13246 0.06228 -0.16591)
(-0.12138 0.05291 -0.18008)
(-0.11624 0.04828 -0.17867)
(-0.10780 0.04440 -0.17700)
(-0.10017 0.03546 -0.17407)
(-0.08822 0.02117 -0.16912)
(-0.07944 0.01631 -0.16208)
(-0.08328 0.01649 -0.16771)
(-0.06067 0.00094 -0.15167)
(-0.04703 -0.00989 -0.14912)
(-0.04127 -0.01410 -0.14105)
(-0.03438 -0.01728 -0.13145)
(-0.02430 -0.02089 -0.11570)
(-0.01458 -0.02518 -0.10348)
(0.00110 -0.03587 -0.09136)
(0.00209 -0.04250 -0.08103)
(0.01209 -0.04930 -0.07227)
(0.02088 -0.05483 -0.06010)
(0.03277 -0.07328 -0.03716)
(0.02923 -0.06862 -0.04585)
(0.03510 -0.07977 -0.02775)
(0.03666 -0.08485 -0.01707)
(0.04602 -0.10341 0.02353)
(0.04948 -0.11045 0.04933)
(0.05415 -0.11544 0.07987)
(0.04885 -0.11067 0.06246)
(0.04856 -0.11091 0.08716)
(0.03295 -0.09232 0.08754)
(0.04613 -0.09653 0.08891)
(0.03257 -0.08690 0.08630)
(0.04679 -0.08250 0.08066)
(0.04486 -0.07618 0.07370)
(0.03120 -0.08550 0.08556)
(0.03494 -0.05981 0.05770)
(0.00559 -0.01200 0.01245)
(0.00039 0.00016 -0.00032)
(0.01155 0.00638 -0.02720)
(0.00328 0.00918 -0.04355)
(0.00306 0.01108 -0.05961)
(0.00092 0.01028 -0.06239)
(-0.00131 0.01149 -0.06339)
(-0.00291 0.01093 -0.06560)
(-0.01459 0.01268 -0.07821)
(-0.02794 0.01753 -0.08488)
(-0.04610 0.02103 -0.08601)
(-0.04640 0.02653 -0.08574)
(-0.06558 0.03404 -0.09037)
(-0.07313 0.03352 -0.09363)
(-0.08399 0.03990 -0.09706)
(-0.11063 0.05067 -0.10514)
(-0.11206 0.05221 -0.10819)
(-0.11702 0.05421 -0.11016)
(-0.11083 0.05402 -0.12952)
(-0.13431 0.06632 -0.13971)
(-0.13351 0.06576 -0.14521)
(-0.13485 0.06506 -0.14954)
(-0.13569 0.06253 -0.15715)
(-0.13017 0.05786 -0.16597)
(-0.12123 0.04647 -0.17006)
(-0.11511 0.04502 -0.17503)
(-0.11238 0.04149 -0.16970)
(-0.08946 0.02096 -0.17003)
(-0.08557 0.01729 -0.16913)
(-0.07857 0.01266 -0.16714)
(-0.05538 -0.00385 -0.15683)
(-0.04156 -0.01131 -0.14382)
(-0.02962 -0.01762 -0.12972)
(-0.01803 -0.02480 -0.11528)
(0.00164 -0.03425 -0.10144)
(0.01023 -0.04156 -0.08460)
(0.01336 -0.04436 -0.08144)
(0.02388 -0.05877 -0.06002)
(0.03336 -0.07650 -0.03244)
(0.03445 -0.07979 -0.02683)
(0.04483 -0.09772 0.01350)
(0.04286 -0.09278 -0.00111)
(0.04569 -0.10539 0.03633)
(0.04205 -0.10550 0.04837)
(0.04714 -0.10865 0.07074)
(0.04065 -0.10567 0.05494)
(0.03254 -0.09348 0.08025)
(0.02719 -0.08854 0.08639)
(0.02787 -0.08607 0.08580)
(0.03609 -0.07701 0.07350)
(0.02670 -0.05350 0.05274)
(0.02322 -0.07857 0.07977)
(0.00659 -0.01666 0.01686)
(0.00128 -0.00334 0.00338)
(-0.00047 -0.00031 0.00035)
(0.00292 0.00463 -0.01988)
(-0.00027 0.00939 -0.02832)
(-0.00036 0.01261 -0.06126)
(-0.00578 0.01268 -0.06557)
(-0.02729 0.01896 -0.08161)
(-0.03634 0.02030 -0.08396)
(-0.04959 0.02236 -0.08690)
(-0.07361 0.03426 -0.09467)
(-0.08039 0.03579 -0.09554)
(-0.08215 0.03678 -0.09501)
(-0.09089 0.03965 -0.09780)
(-0.11629 0.05147 -0.10540)
(-0.11658 0.05312 -0.10724)
(-0.12195 0.05580 -0.10889)
(-0.13446 0.06542 -0.12502)
(-0.13750 0.06840 -0.14094)
(-0.14186 0.06692 -0.13882)
(-0.14784 0.06872 -0.14228)
(-0.13658 0.06262 -0.15731)
(-0.13545 0.05699 -0.15726)
(-0.12109 0.04473 -0.16779)
(-0.11855 0.04187 -0.16816)
(-0.10260 0.02810 -0.16777)
(-0.08820 0.01798 -0.16908)
(-0.08162 0.01416 -0.16837)
(-0.06085 -0.00179 -0.15750)
(-0.05146 -0.00538 -0.14984)
(-0.03258 -0.01508 -0.12967)
(-0.03584 -0.01371 -0.13745)
(-0.02049 -0.01930 -0.12424)
(-0.01121 -0.02714 -0.11082)
(0.00778 -0.03926 -0.09075)
(0.00903 -0.04030 -0.08815)
(0.01200 -0.04312 -0.08445)
(0.01419 -0.04559 -0.08118)
(0.02312 -0.05931 -0.05591)
(0.03184 -0.07408 -0.03619)
(0.03214 -0.07650 -0.03095)
(0.03881 -0.08825 -0.01623)
(0.03968 -0.09507 0.01173)
(0.03677 -0.09242 0.00889)
(0.04005 -0.10373 0.04366)
(0.03885 -0.10423 0.05042)
(0.03741 -0.09958 0.06526)
(0.03726 -0.10443 0.05572)
(0.02501 -0.08922 0.08624)
(0.02490 -0.08670 0.08592)
(0.02283 -0.08790 0.08581)
(0.01738 -0.07222 0.07369)
(0.01060 -0.04177 0.04185)
(0.00140 -0.00722 0.00747)
(-0.00051 0.00423 -0.00440)
(-0.00079 -0.00166 0.00277)
(-0.00037 0.00075 -0.00138)
(-0.00443 0.00835 -0.02106)
(-0.01214 0.01776 -0.06358)
(-0.03206 0.02028 -0.07509)
(-0.02774 0.02008 -0.07835)
(-0.05351 0.02199 -0.08933)
(-0.04853 0.02240 -0.09060)
(-0.06778 0.02844 -0.09231)
(-0.07782 0.03446 -0.09613)
(-0.08437 0.03630 -0.09658)
(-0.08717 0.03751 -0.09632)
(-0.10355 0.04279 -0.09824)
(-0.10650 0.04333 -0.09821)
(-0.12278 0.04958 -0.10029)
(-0.12183 0.05425 -0.10678)
(-0.12706 0.05733 -0.10804)
(-0.13538 0.06160 -0.11320)
(-0.14911 0.07300 -0.11579)
(-0.15030 0.07492 -0.12888)
(-0.16876 0.08249 -0.12242)
(-0.15215 0.07213 -0.13211)
(-0.14701 0.06538 -0.13958)
(-0.14384 0.06386 -0.14616)
(-0.14485 0.06148 -0.14700)
(-0.12328 0.04538 -0.16464)
(-0.12017 0.04174 -0.16549)
(-0.11232 0.03423 -0.16393)
(-0.09507 0.01569 -0.16043)
(-0.08482 0.01550 -0.16851)
(-0.08780 0.00981 -0.16075)
(-0.07488 0.00741 -0.15991)
(-0.06007 -0.00103 -0.15681)
(-0.04991 -0.00621 -0.14255)
(-0.02302 -0.01818 -0.12594)
(-0.01928 -0.02013 -0.12203)
(-0.00832 -0.02950 -0.10340)
(0.00798 -0.03900 -0.09015)
(0.01018 -0.04168 -0.08658)
(0.01243 -0.04448 -0.08232)
(0.01889 -0.05551 -0.06423)
(0.02434 -0.06859 -0.04385)
(0.03156 -0.08269 -0.02735)
(0.03437 -0.08876 -0.01155)
(0.03434 -0.09730 0.02822)
(0.02871 -0.09205 0.01360)
(0.03789 -0.10357 0.04585)
(0.03667 -0.10430 0.05207)
(0.01724 -0.09803 0.07162)
(0.02099 -0.09231 0.07310)
(0.01576 -0.09248 0.08065)
(0.01899 -0.08560 0.08541)
(0.00266 -0.02831 0.03081)
(-0.00234 -0.02995 0.03315)
(-0.00001 -0.00058 0.00063)
(0.00169 -0.00336 0.00607)
(-0.01578 0.01641 -0.03622)
(-0.02567 0.02030 -0.06394)
(0.00280 -0.00371 0.00569)
(-0.00351 0.00479 -0.00807)
(-0.03704 0.02232 -0.07222)
(-0.04266 0.01905 -0.07943)
(-0.04840 0.01886 -0.08532)
(-0.06801 0.02383 -0.08568)
(-0.06843 0.02598 -0.09235)
(-0.07802 0.02919 -0.09598)
(-0.08284 0.03070 -0.09800)
(-0.09114 0.03237 -0.09603)
(-0.09515 0.03370 -0.09808)
(-0.09121 0.03852 -0.09702)
(-0.13578 0.04743 -0.10303)
(-0.13977 0.05611 -0.10207)
(-0.14158 0.05898 -0.10498)
(-0.16330 0.06714 -0.10263)
(-0.16574 0.07309 -0.10836)
(-0.16789 0.07550 -0.10932)
(-0.16757 0.08228 -0.11302)
(-0.17424 0.08562 -0.11696)
(-0.16461 0.07648 -0.12544)
(-0.16646 0.07458 -0.13021)
(-0.14844 0.06597 -0.14052)
(-0.14479 0.05765 -0.14235)
(-0.13014 0.04946 -0.15834)
(-0.12274 0.04029 -0.15909)
(-0.11664 0.03483 -0.15902)
(-0.10520 0.02056 -0.15387)
(-0.10022 0.01472 -0.15490)
(-0.08153 0.00693 -0.15440)
(-0.06686 -0.00137 -0.15268)
(-0.05408 -0.00793 -0.13506)
(-0.04260 -0.01224 -0.12817)
(-0.03669 -0.01258 -0.13124)
(-0.02408 -0.01747 -0.12379)
(-0.01560 -0.02377 -0.10525)
(-0.00431 -0.03178 -0.09389)
(0.00940 -0.04301 -0.08013)
(0.01300 -0.04369 -0.08501)
(0.01851 -0.05316 -0.07266)
(0.01717 -0.05999 -0.05380)
(0.02326 -0.06825 -0.04553)
(0.03061 -0.07746 -0.03524)
(0.02808 -0.08444 -0.01683)
(0.02889 -0.07998 -0.02380)
(0.02963 -0.09428 0.00847)
(0.03378 -0.09975 0.03555)
(0.02990 -0.09831 0.01777)
(0.02685 -0.10202 0.03873)
(0.03704 -0.10489 0.04758)
(0.02745 -0.10320 0.06318)
(0.01441 -0.10010 0.07467)
(0.00895 -0.09749 0.08071)
(0.00932 -0.09302 0.08023)
(-0.00263 -0.03510 0.03772)
(0.00036 0.00248 -0.00284)
(-0.00043 -0.00377 0.00416)
(-0.00264 0.00193 -0.00458)
(-0.02223 0.01411 -0.03982)
(-0.04565 0.01765 -0.05266)
(-0.07011 0.02552 -0.08013)
(-0.07746 0.02560 -0.08392)
(-0.08735 0.03155 -0.09341)
(-0.10626 0.03178 -0.09479)
(-0.12528 0.04247 -0.10208)
(-0.14652 0.04348 -0.10553)
(-0.15742 0.05871 -0.10403)
(-0.16796 0.06444 -0.10392)
(-0.17171 0.07378 -0.10459)
(-0.19467 0.08484 -0.10510)
(-0.18514 0.08565 -0.11128)
(-0.19472 0.08917 -0.11122)
(-0.17372 0.07755 -0.11937)
(-0.17586 0.07516 -0.12149)
(-0.17094 0.07207 -0.12393)
(-0.16786 0.06781 -0.12465)
(-0.14163 0.05316 -0.14322)
(-0.15140 0.05340 -0.12874)
(-0.13187 0.04286 -0.14553)
(-0.11653 0.02802 -0.14732)
(-0.11207 0.02347 -0.14689)
(-0.10185 0.01206 -0.14450)
(-0.09472 0.00809 -0.13631)
(-0.08935 0.01037 -0.14862)
(-0.07446 -0.00096 -0.13601)
(-0.06620 -0.00447 -0.13413)
(-0.05641 -0.01018 -0.12157)
(-0.04014 -0.01459 -0.11342)
(-0.03494 -0.01558 -0.11683)
(-0.02257 -0.02147 -0.10627)
(-0.01460 -0.02940 -0.09431)
(-0.00275 -0.03457 -0.08492)
(0.01269 -0.05189 -0.07080)
(0.01594 -0.05185 -0.07285)
(0.01889 -0.06026 -0.05534)
(0.02228 -0.06631 -0.04802)
(0.02707 -0.07924 -0.02692)
(0.02760 -0.09025 -0.01037)
(0.02926 -0.09082 -0.00682)
(0.03019 -0.09901 0.01538)
(0.03058 -0.10513 0.02726)
(0.01757 -0.10131 0.04890)
(0.01092 -0.09863 0.07130)
(0.01363 -0.10304 0.06528)
(0.01049 -0.10143 0.07803)
(0.00891 -0.10073 0.07892)
(0.00149 -0.07069 0.06110)
(-0.00314 -0.02890 0.02900)
(0.00044 0.00187 -0.00198)
(0.00114 0.00860 -0.00961)
(-0.00514 0.00209 -0.00604)
(-0.02336 0.00930 -0.02719)
(-0.03366 0.01221 -0.03734)
(-0.07368 0.02565 -0.08039)
(-0.08205 0.02641 -0.08387)
(-0.09894 0.03143 -0.09048)
(-0.08041 0.02628 -0.08268)
(-0.12422 0.03923 -0.09620)
(-0.13132 0.04003 -0.10006)
(-0.14509 0.04237 -0.10510)
(-0.14903 0.04692 -0.10285)
(-0.15158 0.04567 -0.10544)
(-0.16548 0.05735 -0.10406)
(-0.18540 0.07001 -0.10242)
(-0.19098 0.08062 -0.10370)
(-0.20753 0.09011 -0.10370)
(-0.20500 0.09007 -0.10472)
(-0.20645 0.09028 -0.10474)
(-0.19042 0.08341 -0.11311)
(-0.17889 0.07459 -0.12028)
(-0.17383 0.07176 -0.12208)
(-0.17121 0.06811 -0.12261)
(-0.16629 0.06357 -0.12395)
(-0.13474 0.03943 -0.13573)
(-0.12909 0.03508 -0.13935)
(-0.11482 0.01756 -0.13129)
(-0.10840 0.00926 -0.13018)
(-0.10035 0.00698 -0.13232)
(-0.08098 -0.00330 -0.12429)
(-0.07758 -0.00499 -0.12141)
(-0.07429 -0.00670 -0.11804)
(-0.04383 -0.01772 -0.10744)
(-0.03684 -0.01676 -0.10933)
(-0.02166 -0.02732 -0.09727)
(-0.00557 -0.03870 -0.07757)
(0.00446 -0.04483 -0.06935)
(0.01664 -0.06227 -0.04972)
(0.01897 -0.06235 -0.05556)
(0.01898 -0.06569 -0.04673)
(0.01934 -0.06803 -0.04125)
(0.02384 -0.07660 -0.02854)
(0.02807 -0.08968 -0.01280)
(0.02881 -0.09352 -0.00749)
(0.02881 -0.09448 -0.00493)
(0.02977 -0.09769 -0.00228)
(0.02842 -0.10378 0.01067)
(0.02438 -0.11108 0.03755)
(0.02437 -0.12522 0.04831)
(0.01460 -0.10783 0.05660)
(0.00901 -0.10225 0.06671)
(0.00172 -0.10054 0.07519)
(0.00138 -0.08011 0.06022)
(-0.00331 -0.05120 0.04560)
(-0.00125 -0.00869 0.00787)
(0.00137 0.00504 -0.00518)
(-0.00875 0.00324 -0.00983)
(-0.00827 0.00289 -0.00889)
(-0.05292 0.01790 -0.05545)
(-0.08601 0.02738 -0.08340)
(-0.12291 0.03859 -0.09546)
(-0.13669 0.04999 -0.09315)
(-0.13730 0.05065 -0.09364)
(-0.16639 0.06091 -0.09850)
(-0.18320 0.07130 -0.09752)
(-0.19407 0.08263 -0.09435)
(-0.20114 0.08553 -0.10241)
(-0.20894 0.08828 -0.10242)
(-0.20965 0.09104 -0.10354)
(-0.21054 0.09076 -0.10334)
(-0.20725 0.08939 -0.10455)
(-0.19793 0.07881 -0.10796)
(-0.17747 0.07154 -0.12026)
(-0.17540 0.06827 -0.12037)
(-0.16281 0.05285 -0.11816)
(-0.13889 0.03443 -0.12422)
(-0.12685 0.02626 -0.12829)
(-0.10919 0.00253 -0.11844)
(-0.10658 0.00057 -0.11781)
(-0.10436 -0.00143 -0.11648)
(-0.08222 -0.00446 -0.12106)
(-0.08848 -0.00529 -0.11460)
(-0.07913 -0.00631 -0.11826)
(-0.07574 -0.00802 -0.11525)
(-0.05296 -0.01940 -0.09921)
(-0.04306 -0.02742 -0.08849)
(-0.03462 -0.03075 -0.08985)
(-0.03340 -0.01862 -0.10611)
(-0.01171 -0.03701 -0.08075)
(-0.01281 -0.04461 -0.06776)
(-0.00327 -0.04103 -0.07431)
(0.01651 -0.06163 -0.04987)
(0.01859 -0.06503 -0.04672)
(0.02060 -0.06834 -0.04386)
(0.02277 -0.07691 -0.03422)
(0.02867 -0.08925 -0.01428)
(0.02904 -0.09263 -0.00984)
(0.02875 -0.09116 -0.01148)
(0.02944 -0.09633 -0.00464)
(0.02739 -0.11432 0.02842)
(0.03069 -0.11478 0.01451)
(0.02625 -0.12420 0.03735)
(0.01960 -0.12422 0.05423)
(0.02486 -0.12733 0.04562)
(0.01644 -0.13233 0.06860)
(0.01304 -0.12388 0.06967)
(-0.00206 -0.03692 0.02982)
(0.00355 -0.04321 0.02558)
(-0.00046 -0.00618 0.00511)
(-0.04647 0.01511 -0.04585)
(-0.01170 0.00389 -0.01183)
(-0.05947 0.02203 -0.04344)
(-0.13089 0.04460 -0.09264)
(-0.15347 0.05771 -0.09331)
(-0.15417 0.05769 -0.09427)
(-0.17697 0.06962 -0.09474)
(-0.18924 0.07974 -0.09362)
(-0.19498 0.08339 -0.09327)
(-0.20565 0.08848 -0.09803)
(-0.21539 0.09223 -0.09716)
(-0.21445 0.09195 -0.10168)
(-0.21426 0.08952 -0.10273)
(-0.18447 0.06564 -0.10863)
(-0.18460 0.05779 -0.10734)
(-0.16316 0.04428 -0.10868)
(-0.14321 0.03518 -0.11895)
(-0.13546 0.02657 -0.12061)
(-0.11436 0.00548 -0.11693)
(-0.10760 -0.00046 -0.11455)
(-0.10494 -0.00287 -0.11305)
(-0.09489 -0.00744 -0.10842)
(-0.08066 -0.00789 -0.11484)
(-0.08508 -0.01743 -0.09781)
(-0.08097 -0.01731 -0.09823)
(-0.07734 -0.00951 -0.11237)
(-0.06453 -0.02196 -0.09612)
(-0.04985 -0.02981 -0.08621)
(-0.03739 -0.03850 -0.07454)
(-0.02248 -0.04466 -0.06763)
(-0.00667 -0.05169 -0.05723)
(-0.00486 -0.04611 -0.06505)
(0.00107 -0.05050 -0.05364)
(0.01005 -0.05629 -0.05155)
(0.01814 -0.06424 -0.04679)
(0.01962 -0.06724 -0.04363)
(0.02103 -0.07034 -0.04061)
(0.02186 -0.07132 -0.04068)
(0.02639 -0.08465 -0.02642)
(0.02977 -0.10163 -0.00567)
(0.02958 -0.09529 -0.00709)
(0.03195 -0.11117 0.00442)
(0.02956 -0.12051 0.01774)
(0.02730 -0.12645 0.03292)
(0.02796 -0.13195 0.04216)
(0.02005 -0.13213 0.05914)
(0.01212 -0.10926 0.05867)
(0.01330 -0.09837 0.04754)
(0.00884 -0.08469 0.04624)
(0.00207 -0.02326 0.01317)
(0.00057 -0.00776 0.00467)
(-0.00075 0.00032 -0.00057)
(-0.02054 0.00857 -0.01544)
(-0.00525 0.00214 -0.00337)
(-0.10251 0.03637 -0.06365)
(-0.17370 0.06983 -0.09343)
(-0.08962 0.04059 -0.04841)
(-0.16228 0.06461 -0.09052)
(-0.18382 0.08390 -0.08849)
(-0.19225 0.08220 -0.09241)
(-0.21571 0.09383 -0.09246)
(-0.20939 0.08934 -0.09438)
(-0.21957 0.09309 -0.09226)
(-0.22235 0.09680 -0.09450)
(-0.23188 0.09761 -0.09425)
(-0.22014 0.08618 -0.09878)
(-0.20977 0.07450 -0.09630)
(-0.19877 0.06057 -0.10024)
(-0.19870 0.05862 -0.09993)
(-0.17266 0.03934 -0.10020)
(-0.14507 0.02633 -0.10813)
(-0.15392 0.02498 -0.10118)
(-0.13612 0.02018 -0.11136)
(-0.12748 0.00956 -0.10835)
(-0.11409 -0.00194 -0.10625)
(-0.10435 -0.00870 -0.10435)
(-0.10185 -0.00998 -0.09709)
(-0.08850 -0.02814 -0.08516)
(-0.08347 -0.03311 -0.08091)
(-0.06814 -0.03878 -0.07321)
(-0.06340 -0.03547 -0.07797)
(-0.04965 -0.03499 -0.07399)
(-0.06311 -0.04020 -0.07116)
(-0.04535 -0.03611 -0.07001)
(-0.03282 -0.04390 -0.06446)
(-0.01403 -0.04789 -0.05178)
(-0.00419 -0.05197 -0.05212)
(0.00954 -0.06351 -0.03658)
(0.01167 -0.06568 -0.03376)
(0.02174 -0.07412 -0.03037)
(0.02824 -0.08547 -0.01620)
(0.02762 -0.09462 -0.01326)
(0.03130 -0.10348 -0.00401)
(0.03311 -0.10807 -0.00215)
(0.03248 -0.10933 0.00536)
(0.03209 -0.12304 0.02460)
(0.03108 -0.13251 0.03531)
(0.02755 -0.13562 0.04247)
(0.02368 -0.13303 0.05266)
(0.01750 -0.10480 0.04389)
(0.01637 -0.09681 0.04076)
(0.00395 -0.02948 0.01442)
(0.00243 -0.02051 0.01110)
(0.02491 -0.01260 0.01462)
(-0.00281 0.00135 -0.00159)
(-0.13976 0.06443 -0.06590)
(0.00195 -0.00100 0.00097)
(-0.04422 0.02238 -0.02187)
(-0.18670 0.08892 -0.07814)
(-0.20934 0.09784 -0.08721)
(-0.21876 0.10047 -0.08682)
(-0.21065 0.09991 -0.08549)
(-0.21304 0.09989 -0.08609)
(-0.22610 0.09617 -0.08905)
(-0.22472 0.09279 -0.09013)
(-0.21994 0.08503 -0.09310)
(-0.20900 0.07125 -0.09202)
(-0.19561 0.06117 -0.09597)
(-0.18592 0.05290 -0.09184)
(-0.16658 0.02857 -0.08917)
(-0.14669 0.01015 -0.08564)
(-0.14141 0.01089 -0.09643)
(-0.14064 0.00559 -0.08488)
(-0.12516 0.00191 -0.09746)
(-0.11515 -0.00648 -0.09550)
(-0.10931 -0.01561 -0.08844)
(-0.10245 -0.01666 -0.08503)
(-0.09230 -0.02850 -0.07735)
(-0.08655 -0.03366 -0.07441)
(-0.07270 -0.04553 -0.06430)
(-0.06423 -0.05131 -0.05637)
(-0.04961 -0.06658 -0.03732)
(-0.04617 -0.04454 -0.06492)
(-0.03596 -0.04818 -0.05520)
(-0.04054 -0.06491 -0.03921)
(-0.02537 -0.06360 -0.03568)
(-0.01734 -0.05715 -0.03950)
(-0.00849 -0.06326 -0.02968)
(-0.00831 -0.06903 -0.02215)
(-0.00401 -0.07011 -0.02013)
(0.00414 -0.07227 -0.02247)
(0.01079 -0.06649 -0.03192)
(0.01114 -0.07353 -0.02245)
(0.02142 -0.07851 -0.01504)
(0.02655 -0.08229 -0.01333)
(0.02494 -0.08462 -0.00446)
(0.02823 -0.10056 0.00053)
(0.03254 -0.10906 0.00681)
(0.03288 -0.10984 0.00175)
(0.03149 -0.12749 0.02999)
(0.03214 -0.12794 0.02806)
(0.02550 -0.13061 0.05093)
(0.02030 -0.11401 0.05021)
(0.01176 -0.07052 0.03260)
(0.00628 -0.03934 0.01797)
(0.00185 -0.01554 0.00759)
(-0.00044 0.00377 -0.00202)
(-0.00138 0.01474 -0.00776)
(-0.00120 0.01053 -0.00566)
(0.02331 -0.01206 0.01156)
(-0.01125 0.00553 -0.00471)
(-0.10116 0.04892 -0.04238)
(0.02991 -0.01541 0.01301)
(-0.06669 0.03272 -0.02723)
(-0.17002 0.08180 -0.06925)
(-0.21387 0.09702 -0.08361)
(-0.15821 0.07597 -0.06319)
(-0.20100 0.09574 -0.08005)
(-0.21095 0.08927 -0.08268)
(-0.21352 0.08364 -0.08545)
(-0.18993 0.05863 -0.08043)
(-0.19191 0.05608 -0.08608)
(-0.17658 0.04511 -0.07833)
(-0.17190 0.03704 -0.08572)
(-0.14519 0.00767 -0.08287)
(-0.14043 0.00399 -0.08183)
(-0.13607 0.00023 -0.08086)
(-0.13582 0.00153 -0.08397)
(-0.12249 -0.00478 -0.08769)
(-0.11033 -0.01713 -0.08143)
(-0.10998 -0.01448 -0.08267)
(-0.09885 -0.02879 -0.07395)
(-0.08716 -0.04370 -0.06043)
(-0.07913 -0.05153 -0.05418)
(-0.06154 -0.06862 -0.03813)
(-0.05253 -0.07548 -0.02817)
(-0.04844 -0.07662 -0.02628)
(-0.03998 -0.07483 -0.02836)
(-0.00982 -0.07126 -0.01913)
(-0.00629 -0.07235 -0.01737)
(-0.00479 -0.07513 -0.01301)
(-0.00193 -0.07396 -0.01394)
(0.00668 -0.07745 -0.01077)
(0.01732 -0.08987 0.00162)
(0.01915 -0.09970 0.01265)
(0.02403 -0.09759 0.01150)
(0.02687 -0.10010 0.00655)
(0.02810 -0.11744 0.02686)
(0.02933 -0.11898 0.02792)
(0.02965 -0.12228 0.03065)
(0.03212 -0.12277 0.03068)
(0.02422 -0.10082 0.03551)
(0.01098 -0.06149 0.02799)
(0.00518 -0.03085 0.01451)
(-0.00016 0.00103 -0.00050)
(-0.00198 0.01217 -0.00590)
(-0.00245 0.01564 -0.00760)
(0.00056 -0.00028 0.00023)
(0.00690 -0.00357 0.00279)
(-0.04361 0.02142 -0.01749)
(-0.15764 0.07349 -0.05966)
(-0.06139 0.03086 -0.02317)
(-0.19570 0.08240 -0.07724)
(-0.20765 0.08265 -0.08339)
(-0.18334 0.05486 -0.07698)
(-0.18572 0.06686 -0.07539)
(-0.17755 0.04969 -0.07631)
(-0.17592 0.04696 -0.07662)
(-0.16918 0.03959 -0.07542)
(-0.14808 0.01449 -0.07457)
(-0.13891 0.00221 -0.07859)
(-0.13542 -0.00097 -0.07776)
(-0.13173 -0.00496 -0.07652)
(-0.13208 -0.00368 -0.07961)
(-0.11007 -0.02227 -0.07064)
(-0.10237 -0.03624 -0.05980)
(-0.09736 -0.04088 -0.05731)
(-0.08889 -0.05239 -0.04754)
(-0.07685 -0.06174 -0.04280)
(-0.07467 -0.06333 -0.04127)
(-0.05449 -0.07828 -0.02530)
(-0.05039 -0.07969 -0.02306)
(-0.04831 -0.08367 -0.01798)
(-0.04536 -0.08285 -0.01840)
(-0.03255 -0.08419 -0.01314)
(-0.00796 -0.07482 -0.01405)
(-0.02028 -0.09491 0.00030)
(-0.00659 -0.07825 -0.00894)
(-0.00348 -0.07779 -0.00864)
(0.00789 -0.09309 0.00969)
(0.01771 -0.10287 0.02013)
(0.01994 -0.10299 0.01760)
(0.02055 -0.10515 0.02090)
(0.02821 -0.13179 0.04663)
(0.02855 -0.13271 0.04529)
(0.02711 -0.12686 0.04560)
(0.01636 -0.07720 0.02900)
(0.00876 -0.04153 0.01585)
(0.00445 -0.02334 0.01043)
(0.00029 -0.00170 0.00081)
(-0.00195 0.01062 -0.00515)
(-0.00215 0.01266 -0.00611)
(-0.01411 0.00718 -0.00534)
(-0.03461 0.01611 -0.01358)
(-0.09485 0.04362 -0.03715)
(-0.03436 0.01439 -0.01425)
(-0.11999 0.04341 -0.04882)
(-0.15756 0.04528 -0.06726)
(-0.06610 0.02094 -0.02761)
(-0.09913 0.02625 -0.04298)
(-0.16944 0.04419 -0.07382)
(-0.16539 0.03824 -0.07313)
(-0.14962 0.01732 -0.07263)
(-0.14667 0.01623 -0.06803)
(-0.13421 0.00199 -0.06904)
(-0.13375 -0.00236 -0.07547)
(-0.12553 -0.00549 -0.06028)
(-0.11488 -0.02233 -0.05378)
(-0.10815 -0.02974 -0.05757)
(-0.10359 -0.03492 -0.05576)
(-0.09858 -0.04461 -0.04454)
(-0.09412 -0.05426 -0.04088)
(-0.08338 -0.06842 -0.03272)
(-0.08313 -0.06986 -0.03032)
(-0.08134 -0.07291 -0.02823)
(-0.08139 -0.07254 -0.02972)
(-0.07852 -0.06975 -0.03064)
(-0.05973 -0.07842 -0.02424)
(-0.06686 -0.08358 -0.01387)
(-0.05212 -0.08434 -0.01806)
(-0.04735 -0.08701 -0.01382)
(-0.03754 -0.09509 -0.00256)
(-0.02050 -0.10835 0.01437)
(-0.01103 -0.09814 0.01147)
(-0.01641 -0.11440 0.02815)
(-0.00809 -0.11192 0.02877)
(0.00381 -0.11042 0.02734)
(0.00743 -0.11190 0.02913)
(0.01076 -0.09720 0.02994)
(0.01371 -0.08775 0.03104)
(0.01938 -0.09718 0.03474)
(0.02125 -0.10004 0.03746)
(0.00738 -0.03766 0.01574)
(0.00644 -0.03073 0.01213)
(0.00479 -0.02291 0.00903)
(-0.00096 0.00460 -0.00184)
(-0.00673 0.00284 -0.00280)
(-0.01901 0.00679 -0.00804)
(-0.01878 0.00549 -0.00792)
(-0.00891 0.00195 -0.00377)
(-0.01976 0.00109 -0.00815)
(-0.09367 0.00926 -0.04130)
(-0.10253 0.00128 -0.04612)
(-0.02834 -0.00188 -0.01181)
(-0.05150 -0.00225 -0.02251)
(-0.07405 -0.00702 -0.03450)
(-0.10511 -0.02169 -0.04316)
(-0.06641 -0.01374 -0.02660)
(-0.09514 -0.03271 -0.03861)
(-0.09888 -0.04633 -0.04091)
(-0.08407 -0.03777 -0.02846)
(-0.08985 -0.06060 -0.02636)
(-0.08614 -0.06579 -0.02527)
(-0.08022 -0.07517 -0.02260)
(-0.07597 -0.08544 -0.00613)
(-0.06895 -0.09184 -0.00023)
(-0.06543 -0.09100 -0.00034)
(-0.06126 -0.09000 0.00362)
(-0.04465 -0.10504 0.02321)
(-0.05203 -0.09856 0.00171)
(-0.04091 -0.11028 0.01823)
(-0.02245 -0.07302 0.01826)
(-0.02242 -0.09289 0.01992)
(-0.00692 -0.07870 0.02693)
(-0.00620 -0.08558 0.02576)
(-0.00253 -0.02765 0.00945)
(-0.00200 -0.03608 0.01283)
(0.00101 -0.02575 0.00951)
(0.00492 -0.04182 0.01572)
(-0.00020 0.00197 -0.00081)
(0.00177 -0.01064 0.00452)
(0.00111 -0.00596 0.00272)
(0.02224 -0.00213 0.00901)
(0.01757 0.00114 0.00725)
(-0.01731 -0.00237 -0.00616)
(0.01550 0.00210 0.00543)
(0.00518 0.00158 0.00145)
(-0.03610 -0.00746 -0.01418)
(-0.03238 -0.01388 -0.00795)
(0.00055 0.00024 0.00009)
(0.00044 0.00022 0.00007)
(-0.03184 -0.01687 -0.00795)
(-0.05243 -0.03667 -0.01018)
(-0.01153 -0.00823 -0.00110)
(-0.02774 -0.02821 0.00247)
(-0.04612 -0.05032 0.00535)
(-0.01579 -0.01755 0.00232)
(-0.02418 -0.03631 0.00549)
(-0.02370 -0.04654 0.01033)
(-0.02884 -0.06899 0.01616)
(-0.00296 -0.00634 0.00169)
(-0.00515 -0.01189 0.00299)
(0.00053 0.00171 -0.00057)
(-0.01451 -0.04774 0.01239)
(-0.00677 -0.02809 0.00880)
(0.00289 0.01464 -0.00523)
(0.00060 0.00781 -0.00288)
(0.00029 0.01576 -0.00637)
(-0.00140 0.01904 -0.00773)
(-0.00345 -0.00356 0.00039)
(-0.00566 -0.00632 0.00089)
(-0.00470 -0.00671 0.00149)
(0.00167 0.00353 -0.00107)
)