/*--------------------------------*- C++ -*----------------------------------*\ 
| =========                 |                                                 | 
| \\      /  F ield         | OpenFOAM: The Open Source CFD Toolbox           | 
|  \\    /   O peration     | Version:  4.0                                   | 
|   \\  /    A nd           | Web:      www.OpenFOAM.org                      | 
|    \\/     M anipulation  |                                                 | 
\*---------------------------------------------------------------------------*/ 
FoamFile 
{ 
    version     2.0; 
    format      ascii; 
    class       vectorAverageField; 
    object      values; 
} 
// * * * * * * * * * * * * * * * * * * * * * * * * * * * * * * * * * * * * * // 
 
// Average 
(0 0 0) 
 
// Velocity data on points 
2447
(
(0.00466 -0.00116 -0.00107)
(-0.00273 0.00036 0.00064)
(-0.00775 -0.00057 0.00266)
(-0.00290 -0.00026 0.00064)
(0.00412 0.00065 -0.00123)
(-0.01801 -0.00261 0.00695)
(-0.00704 -0.00117 0.00219)
(-0.01357 -0.00751 0.00267)
(-0.00150 -0.00079 0.00028)
(0.00205 0.00117 -0.00031)
(-0.00855 -0.00515 0.00133)
(-0.00163 -0.00106 0.00018)
(0.00118 0.00074 -0.00013)
(-0.00536 -0.00587 -0.00035)
(-0.00015 -0.00019 -0.00005)
(0.00038 0.00054 0.00016)
(-0.00118 -0.00200 -0.00070)
(-0.00005 -0.00009 -0.00005)
(-0.00008 0.00058 0.00034)
(0.00002 -0.00012 -0.00007)
(0.01019 -0.00525 -0.00074)
(-0.00216 0.00089 0.00037)
(0.00183 -0.00078 -0.00027)
(0.00077 -0.00028 -0.00019)
(-0.03146 0.01031 0.01060)
(-0.02636 0.00584 0.00816)
(-0.03109 0.00297 0.01026)
(-0.03205 -0.00238 0.01231)
(-0.05776 0.00159 0.02370)
(-0.05640 -0.00451 0.02218)
(-0.04378 -0.00678 0.01767)
(-0.02711 -0.00951 0.00757)
(-0.04225 -0.01479 0.01498)
(-0.02898 -0.01668 0.00603)
(-0.02224 -0.01416 0.00350)
(-0.01617 -0.01172 0.00155)
(-0.02946 -0.01922 0.00467)
(-0.02505 -0.01915 0.00202)
(-0.01563 -0.02044 -0.00294)
(-0.01031 -0.01219 -0.00114)
(-0.00554 -0.00834 -0.00225)
(-0.01054 -0.02402 -0.01353)
(-0.00983 -0.02147 -0.01219)
(-0.00340 -0.01083 -0.00718)
(-0.00099 -0.00530 -0.00415)
(-0.00090 -0.01422 -0.01168)
(0.00114 -0.00410 -0.00295)
(0.00046 -0.00166 -0.00067)
(0.00097 -0.00857 -0.00876)
(0.00046 -0.00151 -0.00021)
(-0.00007 0.00026 -0.00005)
(0.00501 -0.00230 -0.00015)
(-0.00226 0.00100 0.00016)
(-0.00836 0.00372 0.00093)
(-0.02345 0.00870 0.00470)
(-0.06010 0.02137 0.01290)
(-0.04863 0.01781 0.01218)
(-0.06335 0.01942 0.02294)
(-0.06790 0.01605 0.02683)
(-0.06804 0.01218 0.02433)
(-0.06305 0.00169 0.02670)
(-0.05823 -0.00910 0.02487)
(-0.05511 -0.01590 0.02337)
(-0.04552 -0.01882 0.01702)
(-0.03647 -0.02321 0.00870)
(-0.04747 -0.01962 0.01760)
(-0.04454 -0.02416 0.01513)
(-0.03420 -0.02425 0.00657)
(-0.02232 -0.02556 -0.00322)
(-0.02595 -0.03145 -0.00631)
(-0.01137 -0.03030 -0.01514)
(-0.00710 -0.03209 -0.01992)
(-0.00153 -0.03382 -0.02288)
(-0.00615 -0.02773 -0.01844)
(-0.00298 -0.02346 -0.02118)
(-0.00047 -0.01774 -0.01958)
(-0.00073 -0.02469 -0.02547)
(0.00284 -0.01788 -0.01854)
(0.00318 -0.01174 -0.00808)
(0.00202 -0.00871 -0.00350)
(-0.00213 -0.02023 -0.01741)
(-0.00124 -0.01222 -0.00797)
(0.00121 -0.00668 -0.00032)
(0.00008 -0.00043 0.00012)
(-0.00059 -0.00598 0.00153)
(0.00043 0.00268 -0.00101)
(0.00082 0.00513 -0.00210)
(0.00026 -0.00012 0.00004)
(-0.00823 0.00364 -0.00030)
(-0.02363 0.01036 0.00055)
(-0.03911 0.01642 0.00406)
(-0.06224 0.02467 0.00439)
(-0.06035 0.02496 0.00650)
(-0.07563 0.02944 0.01016)
(-0.07369 0.02469 0.01637)
(-0.07367 0.02515 0.01662)
(-0.06896 0.01825 0.02231)
(-0.06468 0.00996 0.02854)
(-0.06914 0.01260 0.02900)
(-0.06703 0.01127 0.03100)
(-0.06896 0.00770 0.03153)
(-0.06599 0.00058 0.03301)
(-0.06419 -0.00795 0.03317)
(-0.06356 -0.01125 0.03243)
(-0.06066 -0.01706 0.02877)
(-0.04946 -0.02157 0.01921)
(-0.04590 -0.03182 0.00828)
(-0.03951 -0.03497 -0.00083)
(-0.03013 -0.03549 -0.01004)
(-0.01788 -0.03369 -0.01545)
(-0.00840 -0.03331 -0.02117)
(-0.00990 -0.03464 -0.02715)
(-0.00621 -0.03568 -0.03492)
(-0.00983 -0.03620 -0.03894)
(-0.00456 -0.02307 -0.02348)
(-0.00831 -0.02983 -0.03490)
(-0.00347 -0.02092 -0.01896)
(-0.00466 -0.01956 -0.01584)
(-0.00980 -0.02852 -0.01167)
(-0.00937 -0.02817 -0.00918)
(-0.00513 -0.01953 -0.00042)
(-0.00124 -0.00600 0.00241)
(-0.00973 -0.02716 0.00047)
(-0.00622 -0.02146 0.00525)
(-0.00070 -0.00313 0.00156)
(-0.00025 -0.00126 0.00065)
(0.00518 -0.00186 0.00019)
(-0.01074 0.00452 -0.00110)
(-0.02654 0.01200 -0.00301)
(-0.05158 0.02119 -0.00265)
(-0.05925 0.02425 -0.00425)
(-0.06086 0.02045 0.00455)
(-0.06654 0.02118 0.00895)
(-0.06827 0.02305 0.01198)
(-0.06743 0.01842 0.01606)
(-0.06272 0.00815 0.02821)
(-0.06394 0.00838 0.02947)
(-0.06500 0.00805 0.03120)
(-0.06348 0.00675 0.03083)
(-0.06503 0.00631 0.03258)
(-0.06746 0.00353 0.03273)
(-0.06688 -0.00835 0.03511)
(-0.06595 -0.01059 0.03412)
(-0.06501 -0.01307 0.03267)
(-0.05924 -0.01893 0.02654)
(-0.05522 -0.03113 0.01358)
(-0.04670 -0.03377 0.00664)
(-0.03824 -0.03824 -0.00854)
(-0.03329 -0.04567 -0.02152)
(-0.02611 -0.04401 -0.02468)
(-0.02077 -0.04285 -0.03019)
(-0.01176 -0.04077 -0.04174)
(-0.01219 -0.03956 -0.04187)
(-0.01241 -0.03782 -0.04138)
(-0.01261 -0.03588 -0.04054)
(-0.01164 -0.03392 -0.02982)
(-0.01043 -0.02855 -0.01327)
(-0.01075 -0.03005 -0.01042)
(-0.01167 -0.03021 -0.01261)
(-0.01117 -0.03002 -0.00585)
(-0.01472 -0.03103 0.01030)
(-0.01616 -0.02932 0.00490)
(-0.01229 -0.03148 0.01242)
(-0.00547 -0.01846 0.01174)
(-0.00061 -0.00207 0.00133)
(-0.01123 -0.03818 0.02597)
(-0.00282 -0.00976 0.00682)
(-0.00016 -0.00056 0.00039)
(-0.00632 0.00202 0.00011)
(-0.01882 0.00644 0.00053)
(-0.04704 0.01584 0.00065)
(-0.05677 0.01691 0.00199)
(-0.05382 0.01215 0.00916)
(-0.05350 0.00986 0.01414)
(-0.05294 0.00987 0.01504)
(-0.05111 0.00827 0.01531)
(-0.05051 0.00810 0.01614)
(-0.05760 0.01035 0.01658)
(-0.06141 0.00788 0.02711)
(-0.06002 0.00611 0.02853)
(-0.06142 0.00572 0.03038)
(-0.06330 0.00532 0.03230)
(-0.06532 0.00485 0.03415)
(-0.06896 -0.00552 0.03765)
(-0.06789 -0.00994 0.03587)
(-0.06364 -0.01246 0.03611)
(-0.06340 -0.01702 0.03367)
(-0.06769 -0.01304 0.03467)
(-0.06643 -0.01483 0.03282)
(-0.05284 -0.03707 0.01432)
(-0.05031 -0.04139 0.01570)
(-0.05639 -0.04541 0.00945)
(-0.04828 -0.04073 0.00684)
(-0.03705 -0.04844 -0.00913)
(-0.03349 -0.05750 -0.02556)
(-0.02973 -0.05854 -0.03002)
(-0.02731 -0.05927 -0.03356)
(-0.02309 -0.04281 -0.03455)
(-0.01419 -0.04338 -0.04497)
(-0.01471 -0.04175 -0.04455)
(-0.01544 -0.03969 -0.04376)
(-0.01744 -0.03996 -0.04031)
(-0.01456 -0.03514 -0.03032)
(-0.02085 -0.02605 -0.02002)
(-0.01785 -0.02761 -0.01079)
(-0.02242 -0.02543 0.00084)
(-0.01606 -0.03636 0.00758)
(-0.01805 -0.04332 0.01623)
(-0.01696 -0.05483 0.03787)
(-0.01067 -0.03578 0.02507)
(-0.01351 -0.04423 0.03232)
(-0.00442 -0.01536 0.01111)
(-0.00211 -0.00745 0.00559)
(0.00364 -0.00121 -0.00027)
(-0.00076 0.00027 -0.00001)
(-0.04053 0.01118 0.00410)
(-0.05941 0.01287 0.00608)
(-0.05929 0.01303 0.00644)
(-0.04567 0.00652 0.01109)
(-0.04865 0.00633 0.01614)
(-0.04900 0.00691 0.01656)
(-0.04700 0.00575 0.01811)
(-0.04960 0.00500 0.01994)
(-0.04927 0.00183 0.02659)
(-0.05885 0.00468 0.03008)
(-0.05667 0.00129 0.03219)
(-0.06076 0.00382 0.03285)
(-0.06355 0.00407 0.03406)
(-0.06630 -0.00312 0.03736)
(-0.06313 0.00013 0.03886)
(-0.05602 -0.01183 0.03806)
(-0.05958 -0.01400 0.03828)
(-0.04852 -0.03110 0.02742)
(-0.05092 -0.03677 0.02234)
(-0.04760 -0.04820 0.01286)
(-0.05308 -0.05418 -0.00019)
(-0.03666 -0.06315 -0.02079)
(-0.03093 -0.06175 -0.02968)
(-0.02814 -0.06274 -0.03424)
(-0.02469 -0.06476 -0.04452)
(-0.01339 -0.05801 -0.05126)
(-0.01906 -0.04984 -0.05107)
(-0.01751 -0.04421 -0.04713)
(-0.02425 -0.03879 -0.04292)
(-0.02265 -0.03551 -0.03181)
(-0.02976 -0.03487 -0.03310)
(-0.02687 -0.02534 -0.01405)
(-0.02775 -0.02361 -0.00523)
(-0.02476 -0.02446 -0.00031)
(-0.02110 -0.03345 0.00848)
(-0.02259 -0.03761 0.02005)
(-0.01835 -0.05233 0.03808)
(-0.01820 -0.05529 0.04097)
(-0.00687 -0.02352 0.01786)
(-0.01909 -0.05454 0.04329)
(-0.01404 -0.04543 0.03503)
(-0.00538 -0.01914 0.01537)
(-0.00040 -0.00152 0.00144)
(0.01197 -0.00408 -0.00059)
(-0.00040 0.00014 0.00002)
(-0.02217 0.00661 0.00241)
(-0.04308 0.01213 0.00480)
(-0.06134 0.01194 0.01053)
(-0.06204 0.01376 0.01199)
(-0.05057 0.00786 0.01111)
(-0.04810 0.00475 0.01015)
(-0.04342 0.00278 0.01867)
(-0.03585 0.00078 0.02184)
(-0.03802 0.00258 0.01865)
(-0.03141 -0.00067 0.02562)
(-0.03718 -0.00058 0.02965)
(-0.04007 -0.00027 0.03454)
(-0.03788 -0.00610 0.03512)
(-0.03160 -0.01312 0.03266)
(-0.04917 -0.01170 0.03706)
(-0.06946 -0.01023 0.04823)
(-0.05214 -0.02380 0.03491)
(-0.04259 -0.03640 0.02359)
(-0.03693 -0.04614 0.01767)
(-0.02496 -0.06124 0.00152)
(-0.01976 -0.06689 -0.01186)
(-0.00947 -0.07578 -0.02265)
(-0.03010 -0.06550 -0.02925)
(-0.02731 -0.06651 -0.03434)
(-0.01800 -0.07060 -0.04419)
(-0.01578 -0.06909 -0.04688)
(-0.01353 -0.07096 -0.05614)
(-0.01929 -0.05314 -0.04687)
(-0.02090 -0.04827 -0.04360)
(-0.03056 -0.04131 -0.03847)
(-0.03235 -0.02678 -0.01715)
(-0.02775 -0.02314 -0.00175)
(-0.02412 -0.03046 0.00600)
(-0.02075 -0.03833 0.01681)
(-0.02060 -0.03569 0.03103)
(-0.02203 -0.03580 0.01981)
(-0.01913 -0.03670 0.03589)
(-0.01718 -0.04585 0.03997)
(-0.01866 -0.05990 0.04960)
(-0.01725 -0.04951 0.04463)
(-0.01160 -0.04382 0.04204)
(-0.00353 -0.01311 0.01263)
(-0.00188 -0.00698 0.00756)
(0.00053 -0.00017 -0.00004)
(-0.01960 0.00632 0.00177)
(-0.05693 0.01511 0.01023)
(-0.06335 0.01698 0.01208)
(-0.05940 0.01134 0.01814)
(-0.04218 0.00444 0.02321)
(-0.04831 0.00639 0.02001)
(-0.04633 0.00479 0.02052)
(-0.04100 0.00329 0.02423)
(-0.03757 0.00159 0.02797)
(-0.03664 0.00095 0.02821)
(-0.02129 -0.00313 0.02867)
(-0.01795 -0.00503 0.03257)
(-0.01844 -0.00495 0.03234)
(-0.02305 -0.00408 0.03244)
(-0.02414 -0.00684 0.03128)
(-0.01957 -0.00617 0.03426)
(-0.01824 -0.00650 0.03744)
(-0.02312 -0.00748 0.03386)
(-0.02168 -0.01391 0.03061)
(-0.02935 -0.01443 0.03283)
(-0.03803 -0.01803 0.03691)
(-0.03920 -0.02288 0.03460)
(-0.02099 -0.04148 0.02112)
(0.00382 -0.05813 0.00746)
(0.00843 -0.06360 0.00277)
(0.01189 -0.07274 -0.00493)
(0.00175 -0.07697 -0.01836)
(-0.00332 -0.07991 -0.03239)
(0.00137 -0.07852 -0.04222)
(-0.00795 -0.07326 -0.04422)
(-0.01309 -0.07621 -0.05779)
(-0.01328 -0.07113 -0.05464)
(-0.01166 -0.05793 -0.04008)
(-0.02296 -0.04507 -0.04025)
(-0.01872 -0.04499 -0.02912)
(-0.02565 -0.03847 -0.02034)
(-0.02529 -0.03521 -0.01072)
(-0.02131 -0.03332 -0.00433)
(-0.02170 -0.03420 0.00156)
(-0.02477 -0.02793 0.00928)
(-0.02693 -0.02771 0.01790)
(-0.02328 -0.03277 0.02834)
(-0.02083 -0.03516 0.03254)
(-0.01831 -0.04107 0.04542)
(-0.01693 -0.05350 0.05390)
(-0.01598 -0.05938 0.06085)
(-0.00531 -0.02309 0.02324)
(0.00053 0.00291 -0.00275)
(-0.01192 -0.04356 0.04781)
(-0.00657 0.00240 0.00036)
(-0.03399 0.01075 0.00260)
(-0.04224 0.01430 0.00445)
(-0.05486 0.01621 0.00562)
(-0.05999 0.01337 0.01718)
(-0.04425 0.00588 0.02290)
(-0.03873 0.00395 0.02472)
(-0.03872 0.00334 0.02466)
(-0.03513 0.00188 0.02657)
(-0.02899 -0.00002 0.03196)
(-0.01658 -0.00505 0.03407)
(-0.01584 -0.00501 0.03467)
(-0.01030 -0.00737 0.03220)
(-0.00478 -0.01031 0.03414)
(-0.00219 -0.01247 0.03352)
(0.00062 -0.02091 0.02732)
(-0.00692 -0.01930 0.02749)
(0.00363 -0.02866 0.02717)
(0.02143 -0.03232 0.02175)
(-0.00401 -0.03165 0.02589)
(-0.00098 -0.04592 0.01415)
(0.01243 -0.05910 0.00616)
(0.01712 -0.06377 0.00217)
(0.02110 -0.06836 -0.00165)
(0.02149 -0.07746 -0.01446)
(0.01288 -0.08335 -0.02932)
(0.04509 -0.08433 -0.02425)
(0.01887 -0.08255 -0.03170)
(0.01298 -0.07983 -0.03574)
(0.01670 -0.07847 -0.03969)
(0.01167 -0.07417 -0.04085)
(0.00052 -0.05918 -0.02704)
(-0.00437 -0.05511 -0.02582)
(-0.00304 -0.05290 -0.02150)
(-0.01988 -0.04361 -0.01764)
(-0.02067 -0.03982 -0.00635)
(-0.02153 -0.03482 -0.00130)
(-0.01954 -0.03449 0.00279)
(-0.02102 -0.03266 0.00552)
(-0.01916 -0.03255 0.02297)
(-0.02244 -0.03169 0.03137)
(-0.01370 -0.04387 0.04479)
(-0.01416 -0.03954 0.06049)
(-0.01661 -0.04783 0.05936)
(-0.01308 -0.04382 0.06354)
(-0.01620 -0.05588 0.06343)
(-0.00845 -0.04334 0.04456)
(-0.00036 -0.00378 0.00364)
(0.00011 0.00137 -0.00132)
(0.00213 -0.00071 -0.00010)
(-0.00324 0.00108 0.00007)
(-0.02330 0.00759 0.00125)
(-0.06180 0.01937 0.00468)
(-0.06390 0.01692 0.00708)
(-0.06913 0.02120 0.00495)
(-0.05402 0.01190 0.01250)
(-0.03957 0.00448 0.02376)
(-0.03499 0.00249 0.02681)
(-0.03458 0.00272 0.02654)
(-0.03179 0.00169 0.02936)
(-0.01770 -0.00300 0.03829)
(-0.00978 -0.00378 0.03363)
(-0.01451 -0.00481 0.03650)
(-0.00536 -0.00660 0.03387)
(0.01203 -0.01233 0.03057)
(0.01443 -0.01522 0.03392)
(0.00858 -0.01660 0.03598)
(0.02821 -0.03298 0.02082)
(0.02322 -0.03499 0.01982)
(0.03113 -0.03615 0.01807)
(0.02639 -0.03799 0.01749)
(0.02246 -0.06071 0.00423)
(0.02674 -0.06429 0.00115)
(0.03012 -0.06777 -0.00166)
(0.04129 -0.07178 -0.00590)
(0.06147 -0.08297 -0.01832)
(0.03964 -0.08420 -0.02676)
(0.05620 -0.08643 -0.02944)
(0.05272 -0.08400 -0.02900)
(0.05042 -0.08219 -0.02795)
(0.02294 -0.06692 -0.02432)
(0.00401 -0.05599 -0.01973)
(-0.00135 -0.05121 -0.01693)
(-0.00075 -0.04238 0.00157)
(-0.01755 -0.03568 0.00145)
(-0.01466 -0.03615 0.00550)
(-0.01354 -0.03468 0.01781)
(-0.01124 -0.03648 0.03711)
(-0.00896 -0.03678 0.04194)
(-0.01113 -0.04028 0.04215)
(-0.01133 -0.03976 0.06057)
(-0.01192 -0.04099 0.06154)
(-0.01187 -0.04298 0.06306)
(-0.01199 -0.04459 0.06449)
(-0.00306 -0.05692 0.05953)
(-0.00158 -0.01979 0.01922)
(-0.00050 -0.00775 0.00760)
(0.00049 0.00800 -0.00775)
(-0.00672 0.00214 -0.00039)
(-0.02471 0.00803 0.00032)
(-0.04426 0.01409 0.00142)
(-0.03855 0.01223 -0.00010)
(-0.06731 0.02043 0.00320)
(-0.06496 0.01913 0.00574)
(-0.03377 0.00292 0.02152)
(-0.03255 0.00239 0.01159)
(-0.03350 0.00234 0.02578)
(-0.03102 0.00176 0.02870)
(-0.01169 -0.00319 0.03209)
(0.00009 -0.00392 0.04275)
(-0.00303 -0.00712 0.03835)
(0.00781 -0.00773 0.04025)
(0.01211 -0.01198 0.03340)
(0.02126 -0.01446 0.03031)
(0.02466 -0.01629 0.03296)
(0.02752 -0.01894 0.03118)
(0.02966 -0.02664 0.02672)
(0.03773 -0.03692 0.01669)
(0.03516 -0.03968 0.01523)
(0.04210 -0.04072 0.01348)
(0.05293 -0.05080 0.00688)
(0.05498 -0.06648 -0.00383)
(0.05782 -0.06744 -0.00857)
(0.07644 -0.07563 -0.01682)
(0.08587 -0.07838 -0.02020)
(0.06952 -0.08652 -0.02758)
(0.06408 -0.08473 -0.02495)
(0.06180 -0.08385 -0.02572)
(0.05892 -0.08206 -0.02442)
(0.04674 -0.07085 -0.01767)
(0.01192 -0.05867 -0.01765)
(0.01488 -0.05761 -0.01303)
(0.00718 -0.05369 -0.01229)
(0.02040 -0.05201 0.00960)
(0.01037 -0.04201 0.01629)
(0.01413 -0.04298 0.02103)
(0.00551 -0.03979 0.02733)
(0.02474 -0.04646 0.03833)
(0.00799 -0.03882 0.04057)
(0.00306 -0.03908 0.04072)
(0.01509 -0.03967 0.05078)
(-0.00405 -0.03926 0.05627)
(-0.00865 -0.04063 0.06212)
(-0.00964 -0.04144 0.06269)
(-0.00940 -0.04241 0.06396)
(-0.00932 -0.04310 0.06515)
(-0.01057 -0.04414 0.06546)
(0.00142 -0.05150 0.07151)
(-0.00136 -0.05787 0.06682)
(-0.00110 -0.02389 0.02586)
(0.00015 0.00309 -0.00309)
(0.00035 -0.00011 0.00006)
(-0.00477 0.00125 -0.00093)
(-0.02660 0.00657 -0.00542)
(-0.06177 0.01893 0.00049)
(-0.04920 0.00993 -0.00230)
(-0.04450 0.00859 0.00232)
(-0.03017 0.00060 -0.00358)
(-0.03389 0.00305 0.00913)
(-0.02419 -0.00148 0.01899)
(-0.01053 -0.00435 0.01367)
(-0.00789 -0.00534 0.01552)
(-0.00895 -0.00339 0.02294)
(0.00255 -0.00571 0.02409)
(0.00495 -0.00397 0.03728)
(0.00469 -0.00557 0.04530)
(0.02131 -0.01198 0.03594)
(0.02650 -0.01417 0.03304)
(0.03040 -0.01855 0.03213)
(0.03483 -0.02070 0.02978)
(0.05183 -0.03063 0.01923)
(0.06179 -0.03649 0.01208)
(0.07061 -0.04636 0.00288)
(0.05915 -0.04843 0.00585)
(0.07764 -0.04897 -0.00325)
(0.08532 -0.06232 -0.00898)
(0.09648 -0.07194 -0.01748)
(0.08449 -0.06907 -0.01496)
(0.08838 -0.07243 -0.01871)
(0.08901 -0.07907 -0.02144)
(0.10163 -0.07764 -0.02498)
(0.09392 -0.08266 -0.01963)
(0.07818 -0.08120 -0.02367)
(0.07483 -0.08252 -0.01919)
(0.07437 -0.07752 -0.01353)
(0.05720 -0.07307 -0.01097)
(0.07084 -0.07250 0.00134)
(0.03743 -0.05978 0.00809)
(0.05833 -0.06610 0.01789)
(0.04192 -0.05458 0.03372)
(0.04373 -0.05516 0.03638)
(0.04787 -0.05963 0.04592)
(0.03480 -0.04881 0.05167)
(0.04932 -0.05530 0.06193)
(0.02747 -0.04788 0.05957)
(0.01524 -0.04448 0.05850)
(0.01354 -0.04419 0.06557)
(0.02124 -0.04957 0.07094)
(0.00228 -0.04740 0.06925)
(0.00439 -0.05052 0.07463)
(0.00366 -0.05649 0.07647)
(0.01366 -0.04954 0.07384)
(0.00220 -0.05018 0.07898)
(0.00288 -0.03081 0.03597)
(0.00017 -0.00186 0.00205)
(-0.00065 0.00406 -0.00443)
(-0.00228 0.00027 -0.00090)
(-0.01275 0.00294 -0.00290)
(-0.04708 0.00824 -0.01095)
(-0.02523 -0.00534 -0.01578)
(-0.02653 -0.00262 -0.01257)
(-0.01826 -0.00557 -0.00210)
(-0.01378 -0.00921 -0.01103)
(-0.01013 -0.00552 0.00574)
(-0.00793 -0.00552 0.01374)
(0.00988 -0.00710 0.01070)
(0.00805 -0.00731 0.01806)
(0.01523 -0.00984 0.02431)
(0.01975 -0.00986 0.02521)
(0.03017 -0.01228 0.02420)
(0.04992 -0.02147 0.01902)
(0.05508 -0.02405 0.01582)
(0.04714 -0.02264 0.02016)
(0.05894 -0.02923 0.01775)
(0.06706 -0.03688 0.01155)
(0.07706 -0.03814 0.00172)
(0.08416 -0.04045 -0.00573)
(0.09161 -0.05922 -0.00885)
(0.10668 -0.06999 -0.01672)
(0.09610 -0.06257 -0.01675)
(0.10175 -0.06402 -0.02302)
(0.10058 -0.06418 -0.02308)
(0.09576 -0.07720 -0.02210)
(0.09043 -0.07955 -0.01979)
(0.09678 -0.07526 -0.01325)
(0.09593 -0.07553 -0.01080)
(0.08790 -0.07623 0.00282)
(0.09202 -0.07755 0.01089)
(0.06680 -0.07036 0.01390)
(0.08256 -0.07563 0.01972)
(0.05464 -0.05979 0.03280)
(0.06155 -0.06498 0.03679)
(0.07462 -0.07087 0.05791)
(0.07000 -0.06828 0.06534)
(0.07070 -0.06868 0.06789)
(0.05693 -0.06198 0.06966)
(0.02704 -0.04858 0.06484)
(0.05198 -0.06041 0.07428)
(0.03349 -0.05338 0.07246)
(0.02723 -0.04977 0.07098)
(0.03203 -0.05233 0.07363)
(0.01752 -0.04998 0.07392)
(0.01565 -0.05299 0.07861)
(-0.00013 -0.04821 0.07997)
(0.01848 -0.05354 0.07523)
(0.00616 -0.03777 0.04978)
(0.00129 -0.00817 0.00903)
(0.00169 -0.00371 0.00451)
(0.00381 -0.00037 0.00149)
(-0.01452 0.00137 -0.00609)
(-0.00144 0.00013 -0.00058)
(-0.01706 0.00094 -0.00750)
(-0.03340 -0.00132 -0.01533)
(-0.01719 -0.00936 -0.01539)
(-0.01680 -0.01037 -0.01613)
(-0.01087 -0.00820 -0.01368)
(-0.00320 -0.00820 -0.01169)
(-0.00397 -0.00998 -0.00620)
(0.01331 -0.01527 -0.01144)
(0.00763 -0.01227 -0.00099)
(0.00980 -0.00972 0.00260)
(0.03162 -0.01254 0.00148)
(0.03384 -0.01229 0.00397)
(0.03276 -0.01214 0.01574)
(0.04788 -0.01918 0.01393)
(0.05632 -0.02385 0.01292)
(0.05957 -0.02634 0.01214)
(0.07217 -0.03529 0.00702)
(0.08294 -0.03665 -0.00336)
(0.08164 -0.03791 -0.00762)
(0.08869 -0.04165 -0.02462)
(0.08753 -0.04292 -0.00805)
(0.09324 -0.05128 -0.01789)
(0.10296 -0.06003 -0.02100)
(0.09882 -0.06116 -0.02363)
(0.09767 -0.06143 -0.02401)
(0.10028 -0.06488 -0.02320)
(0.10095 -0.07271 -0.01844)
(0.09821 -0.07521 -0.01425)
(0.09775 -0.07584 -0.01247)
(0.10075 -0.08028 -0.00615)
(0.09919 -0.08215 0.00636)
(0.09748 -0.08320 0.02214)
(0.10607 -0.08804 0.03497)
(0.10418 -0.08720 0.03880)
(0.09453 -0.08060 0.04444)
(0.08802 -0.07612 0.05892)
(0.07702 -0.07191 0.06707)
(0.07747 -0.07218 0.06943)
(0.07109 -0.06867 0.07065)
(0.06568 -0.06541 0.07473)
(0.05766 -0.06160 0.07601)
(0.04131 -0.05535 0.07392)
(0.03765 -0.05471 0.07199)
(0.03039 -0.05303 0.07214)
(0.04380 -0.05435 0.07242)
(0.03296 -0.05447 0.07527)
(0.04064 -0.05620 0.07638)
(0.02230 -0.04414 0.05490)
(0.00448 -0.00872 0.01042)
(0.00355 -0.00024 0.00138)
(-0.00614 0.00026 -0.00254)
(-0.03217 -0.00043 -0.01612)
(-0.02502 -0.00095 -0.01226)
(-0.03089 -0.00249 -0.01640)
(-0.00955 -0.00960 -0.01746)
(-0.00505 -0.01003 -0.01903)
(0.00220 -0.01062 -0.02069)
(0.01983 -0.01383 -0.01835)
(0.02206 -0.01336 -0.01869)
(0.01945 -0.01523 -0.00476)
(0.03395 -0.01337 -0.00292)
(0.03695 -0.01332 -0.00331)
(0.03996 -0.01357 -0.00369)
(0.03830 -0.01314 0.00100)
(0.04888 -0.01842 -0.00161)
(0.05701 -0.02250 0.00421)
(0.05987 -0.02506 0.00764)
(0.06321 -0.02494 -0.00958)
(0.06278 -0.02811 0.00915)
(0.07826 -0.03327 -0.00829)
(0.07878 -0.03365 -0.00959)
(0.08493 -0.03883 -0.02495)
(0.08855 -0.04213 -0.02558)
(0.08769 -0.04215 -0.02658)
(0.09469 -0.05860 -0.02436)
(0.09352 -0.05921 -0.02524)
(0.09710 -0.06252 -0.02427)
(0.09657 -0.06394 -0.02465)
(0.09451 -0.07076 -0.02232)
(0.10045 -0.07624 -0.01907)
(0.10067 -0.08330 -0.00609)
(0.10517 -0.08560 -0.00502)
(0.10621 -0.08661 0.01344)
(0.10923 -0.09112 0.03315)
(0.10933 -0.09212 0.03652)
(0.10782 -0.09056 0.04132)
(0.10921 -0.09188 0.05173)
(0.08315 -0.07580 0.06860)
(0.08330 -0.07602 0.07074)
(0.07776 -0.07202 0.07195)
(0.08664 -0.07503 0.07716)
(0.07039 -0.06648 0.07682)
(0.06595 -0.06447 0.07650)
(0.07246 -0.06140 0.07819)
(0.06304 -0.05865 0.07666)
(0.05937 -0.05740 0.07576)
(0.06621 -0.05898 0.07487)
(0.06300 -0.05774 0.07399)
(0.06033 -0.05657 0.07290)
(0.04841 -0.05679 0.07440)
(0.03445 -0.05790 0.07059)
(0.03526 -0.05310 0.06292)
(0.00803 -0.01366 0.01603)
(-0.00233 0.00416 -0.00487)
(0.00131 -0.00003 0.00049)
(-0.00981 -0.00010 -0.00402)
(-0.01044 -0.00698 -0.01197)
(-0.01701 -0.00921 -0.01960)
(-0.00321 -0.01392 -0.01634)
(-0.00241 -0.01478 -0.02115)
(0.01247 -0.01838 -0.02100)
(0.02128 -0.01517 -0.02038)
(0.02324 -0.01391 -0.02072)
(0.03245 -0.01667 -0.01902)
(0.03441 -0.01659 -0.01754)
(0.03854 -0.01374 -0.00795)
(0.04117 -0.01374 -0.00836)
(0.04689 -0.01569 -0.01627)
(0.04339 -0.01418 -0.00495)
(0.05333 -0.01372 -0.01411)
(0.05680 -0.02084 -0.01600)
(0.06141 -0.02419 -0.02200)
(0.07214 -0.02518 -0.02030)
(0.07697 -0.02997 -0.01468)
(0.07829 -0.03537 -0.02461)
(0.08442 -0.03918 -0.02631)
(0.08087 -0.03707 -0.02769)
(0.08338 -0.03976 -0.02758)
(0.08027 -0.04718 -0.02816)
(0.07641 -0.05111 -0.03328)
(0.09300 -0.06064 -0.02568)
(0.08638 -0.06197 -0.02852)
(0.08355 -0.07097 -0.02895)
(0.08445 -0.07363 -0.02609)
(0.10283 -0.08054 -0.01244)
(0.10470 -0.08602 -0.01049)
(0.10886 -0.09069 0.00265)
(0.10668 -0.09291 0.02236)
(0.10931 -0.09439 0.03444)
(0.10954 -0.09333 0.04060)
(0.10767 -0.09730 0.05363)
(0.09565 -0.08632 0.06712)
(0.09477 -0.08963 0.07277)
(0.09946 -0.08460 0.07737)
(0.09683 -0.08116 0.08321)
(0.09091 -0.07347 0.08080)
(0.07691 -0.06804 0.08144)
(0.09371 -0.07171 0.08186)
(0.08159 -0.06714 0.07952)
(0.07089 -0.06054 0.07525)
(0.06798 -0.05844 0.07258)
(0.07457 -0.05715 0.06921)
(0.06395 -0.05807 0.06852)
(0.04087 -0.05763 0.06860)
(0.04798 -0.05470 0.06502)
(0.01230 -0.01852 0.02143)
(-0.00051 0.00083 -0.00096)
(-0.00031 -0.00008 0.00001)
(-0.00639 -0.00362 -0.00301)
(-0.00592 -0.00198 0.00103)
(-0.00473 -0.01114 -0.01051)
(-0.00190 -0.01333 -0.01250)
(0.00535 -0.01934 -0.01795)
(0.01648 -0.02297 -0.02034)
(0.02214 -0.02149 -0.02626)
(0.02231 -0.02086 -0.02287)
(0.02381 -0.01426 -0.02209)
(0.03293 -0.01859 -0.02954)
(0.03753 -0.01741 -0.02825)
(0.04371 -0.01552 -0.02500)
(0.04374 -0.01425 -0.03498)
(0.05507 -0.01677 -0.02792)
(0.06257 -0.01834 -0.03108)
(0.05562 -0.01769 -0.03294)
(0.06386 -0.02608 -0.02275)
(0.05645 -0.02252 -0.03452)
(0.06510 -0.02381 -0.02891)
(0.05808 -0.02604 -0.03654)
(0.05807 -0.03031 -0.03675)
(0.07976 -0.03799 -0.02932)
(0.06809 -0.04614 -0.03516)
(0.05645 -0.04521 -0.04465)
(0.07584 -0.05314 -0.03533)
(0.06763 -0.05669 -0.03675)
(0.07536 -0.06624 -0.03462)
(0.07350 -0.07071 -0.03362)
(0.08796 -0.08218 -0.02064)
(0.08480 -0.09072 -0.01419)
(0.10241 -0.09635 0.00197)
(0.09685 -0.10174 0.00896)
(0.09713 -0.10733 0.01482)
(0.10594 -0.10687 0.03786)
(0.10465 -0.10758 0.04643)
(0.10780 -0.10466 0.06933)
(0.10677 -0.10395 0.06983)
(0.10060 -0.08997 0.07804)
(0.09868 -0.08881 0.08239)
(0.09509 -0.07782 0.08122)
(0.09839 -0.07821 0.08086)
(0.08485 -0.06571 0.08048)
(0.08574 -0.06613 0.07566)
(0.07357 -0.05955 0.07170)
(0.09936 -0.06410 0.06911)
(0.08232 -0.05779 0.06728)
(0.07763 -0.05838 0.06569)
(0.08476 -0.05606 0.06168)
(0.06810 -0.05437 0.06268)
(0.02449 -0.02299 0.02587)
(0.00141 -0.00177 0.00190)
(-0.00123 -0.00031 0.00030)
(-0.00412 -0.00383 -0.00082)
(-0.00142 -0.01236 -0.00660)
(0.01631 -0.01949 -0.01219)
(0.01646 -0.02075 -0.01641)
(0.02153 -0.02062 -0.02348)
(0.03222 -0.02403 -0.03567)
(0.02785 -0.02008 -0.03015)
(0.03370 -0.02286 -0.03750)
(0.03575 -0.01766 -0.03902)
(0.04063 -0.01215 -0.03895)
(0.03870 -0.01277 -0.04196)
(0.04412 -0.01246 -0.03768)
(0.03528 -0.01151 -0.04716)
(0.05371 -0.01736 -0.03531)
(0.04596 -0.01500 -0.04063)
(0.03246 -0.01613 -0.05461)
(0.04773 -0.02367 -0.04374)
(0.04382 -0.02360 -0.04713)
(0.04577 -0.02551 -0.04550)
(0.04858 -0.03046 -0.04276)
(0.04849 -0.03592 -0.04130)
(0.04903 -0.04054 -0.04459)
(0.05678 -0.04798 -0.04147)
(0.05854 -0.05325 -0.04012)
(0.04976 -0.06377 -0.04607)
(0.05059 -0.06773 -0.04329)
(0.06858 -0.07996 -0.02975)
(0.06247 -0.09477 -0.02312)
(0.08122 -0.09774 -0.01055)
(0.08825 -0.10470 0.00175)
(0.08551 -0.10879 0.01785)
(0.09744 -0.10773 0.03209)
(0.09309 -0.10961 0.04200)
(0.10635 -0.10529 0.06814)
(0.10149 -0.10447 0.07058)
(0.10881 -0.09801 0.07709)
(0.10183 -0.09993 0.08104)
(0.09998 -0.08946 0.08451)
(0.10857 -0.08342 0.08011)
(0.10015 -0.07864 0.07913)
(0.09852 -0.07192 0.07927)
(0.11274 -0.07479 0.07763)
(0.11024 -0.07093 0.07615)
(0.10141 -0.06557 0.06984)
(0.09333 -0.05647 0.06497)
(0.09106 -0.05490 0.06053)
(0.08306 -0.05642 0.06050)
(0.04919 -0.03814 0.04233)
(0.02096 -0.01945 0.02182)
(0.00296 -0.00293 0.00328)
(0.00038 -0.00015 -0.00033)
(-0.00140 0.00017 0.00106)
(0.00180 -0.00307 0.00274)
(0.00810 -0.00874 -0.00058)
(0.01543 -0.01430 -0.00954)
(0.01900 -0.01523 -0.01403)
(0.02370 -0.01694 -0.01970)
(0.01993 -0.01480 -0.01673)
(0.02707 -0.01840 -0.03230)
(0.03188 -0.02207 -0.03785)
(0.03311 -0.02167 -0.03988)
(0.02113 -0.00781 -0.05109)
(0.03588 -0.01276 -0.04701)
(0.02834 -0.00985 -0.05129)
(0.01836 -0.00487 -0.06115)
(0.02878 -0.00854 -0.05439)
(0.01485 -0.00224 -0.06565)
(0.03035 -0.00947 -0.05755)
(0.02716 -0.01473 -0.05867)
(0.03013 -0.01660 -0.05623)
(0.02891 -0.01746 -0.05766)
(0.03052 -0.02061 -0.05790)
(0.04130 -0.03287 -0.04690)
(0.03526 -0.02978 -0.04799)
(0.03025 -0.03110 -0.05855)
(0.03643 -0.04060 -0.05848)
(0.04345 -0.04700 -0.04908)
(0.04272 -0.05226 -0.04937)
(0.03509 -0.05734 -0.05432)
(0.03470 -0.05935 -0.05388)
(0.05613 -0.07457 -0.03675)
(0.05661 -0.09377 -0.02595)
(0.06257 -0.09787 -0.02026)
(0.06660 -0.10310 -0.01589)
(0.06576 -0.10647 0.00809)
(0.08156 -0.11123 0.02766)
(0.07128 -0.11176 0.04199)
(0.08759 -0.11234 0.05203)
(0.08537 -0.10764 0.06093)
(0.10016 -0.10313 0.07929)
(0.10025 -0.10208 0.08002)
(0.10273 -0.09915 0.08150)
(0.10421 -0.09889 0.08171)
(0.11139 -0.07929 0.07762)
(0.11384 -0.07644 0.07778)
(0.11118 -0.07114 0.07544)
(0.11027 -0.06980 0.07523)
(0.10885 -0.06417 0.07064)
(0.10140 -0.05989 0.06516)
(0.09665 -0.05967 0.06592)
(0.09520 -0.05906 0.06405)
(0.08043 -0.05026 0.05905)
(0.04783 -0.03239 0.03894)
(0.00474 -0.00349 0.00417)
(0.00471 -0.00335 0.00409)
(-0.00008 0.00112 0.00151)
(0.00549 -0.00025 0.00420)
(0.01665 -0.01213 -0.00859)
(0.01747 -0.01286 -0.01072)
(0.01880 -0.01363 -0.01380)
(0.01940 -0.01355 -0.01723)
(0.02522 -0.01412 -0.03200)
(0.02483 -0.01715 -0.04268)
(0.03134 -0.02154 -0.04072)
(0.01402 -0.00513 -0.05291)
(0.02010 -0.00779 -0.05602)
(0.01274 -0.00218 -0.06670)
(0.00981 -0.00095 -0.06778)
(0.01231 -0.00154 -0.06710)
(0.00886 -0.00488 -0.06901)
(0.02473 -0.01495 -0.06044)
(0.01801 -0.01325 -0.06497)
(0.02332 -0.01598 -0.06195)
(0.01641 -0.01851 -0.07368)
(0.01659 -0.02152 -0.07555)
(0.02215 -0.02188 -0.06998)
(0.02595 -0.02857 -0.06883)
(0.02076 -0.02961 -0.08005)
(0.02034 -0.03070 -0.07943)
(0.03031 -0.04513 -0.06097)
(0.03090 -0.05511 -0.05703)
(0.03031 -0.05712 -0.05667)
(0.03310 -0.06114 -0.05389)
(0.03605 -0.07679 -0.04381)
(0.05613 -0.09683 -0.02378)
(0.05263 -0.10007 -0.01671)
(0.05500 -0.10721 -0.00045)
(0.06490 -0.11043 0.01619)
(0.06593 -0.11259 0.03897)
(0.07156 -0.11226 0.04619)
(0.07131 -0.11297 0.04929)
(0.09756 -0.10500 0.07853)
(0.09781 -0.10432 0.07932)
(0.10132 -0.10132 0.08072)
(0.10301 -0.10084 0.08138)
(0.10989 -0.08819 0.07899)
(0.11804 -0.08617 0.07989)
(0.11240 -0.07597 0.07687)
(0.11219 -0.07261 0.07337)
(0.10738 -0.06119 0.06936)
(0.09875 -0.06152 0.06641)
(0.09662 -0.06056 0.06574)
(0.07635 -0.04799 0.05877)
(0.05490 -0.03658 0.04484)
(0.02937 -0.02022 0.02474)
(0.05517 -0.03646 0.04576)
(0.00755 -0.00524 0.00657)
(0.00004 0.00033 0.00038)
(0.00046 0.00242 0.00282)
(0.00055 0.00182 0.00177)
(0.00207 0.00568 0.00640)
(0.00904 0.00115 0.00185)
(0.01636 -0.00206 -0.00464)
(0.01827 -0.01036 -0.01067)
(0.01760 -0.00688 -0.01233)
(0.01875 -0.01215 -0.01381)
(0.01608 -0.01222 -0.03198)
(0.01722 -0.01073 -0.03374)
(0.01977 -0.01250 -0.04198)
(0.01135 -0.00555 -0.05174)
(0.00930 -0.00239 -0.05642)
(0.00168 -0.00235 -0.06152)
(0.00707 -0.00360 -0.06620)
(0.00431 0.00099 -0.06948)
(0.00692 -0.00005 -0.06934)
(-0.00177 0.00181 -0.07385)
(-0.01744 -0.00133 -0.08532)
(0.01660 -0.01412 -0.06644)
(-0.00030 -0.01365 -0.09165)
(-0.00627 -0.01720 -0.09533)
(0.01065 -0.02534 -0.08303)
(0.01524 -0.02877 -0.08517)
(0.01768 -0.02967 -0.08375)
(0.02036 -0.03932 -0.07379)
(0.02089 -0.04867 -0.06961)
(0.02639 -0.05429 -0.06029)
(0.02842 -0.05980 -0.05633)
(0.01899 -0.07100 -0.05322)
(0.03830 -0.08916 -0.03120)
(0.03414 -0.09402 -0.02175)
(0.03561 -0.10183 -0.01323)
(0.05265 -0.11232 0.01315)
(0.05763 -0.11351 0.03374)
(0.06682 -0.11270 0.04398)
(0.06727 -0.11360 0.04847)
(0.08190 -0.11094 0.06524)
(0.09309 -0.11041 0.07712)
(0.09916 -0.10352 0.08024)
(0.10254 -0.10482 0.08199)
(0.10986 -0.09754 0.08196)
(0.11036 -0.09729 0.08205)
(0.11638 -0.08534 0.07867)
(0.11354 -0.07903 0.07527)
(0.11326 -0.07525 0.07369)
(0.10703 -0.06941 0.06991)
(0.08835 -0.05477 0.06416)
(0.07692 -0.04781 0.05980)
(0.07449 -0.04709 0.06023)
(0.07114 -0.04607 0.05966)
(0.04715 -0.03110 0.04029)
(0.00735 -0.00525 0.00699)
(-0.00582 0.00420 -0.00561)
(0.00019 0.00019 0.00012)
(0.00242 0.00221 0.00143)
(0.01196 0.00498 0.00390)
(0.00956 0.00230 0.00239)
(0.01904 0.00335 0.00108)
(0.01830 -0.00068 -0.00536)
(0.02027 -0.00382 -0.00866)
(0.02023 -0.00758 -0.02116)
(0.01617 -0.00794 -0.02807)
(0.01406 -0.01031 -0.04311)
(0.01304 -0.01135 -0.04566)
(0.00560 -0.00618 -0.04885)
(0.00036 -0.00484 -0.05795)
(-0.01246 0.00299 -0.06488)
(-0.01207 0.00130 -0.06861)
(-0.01911 0.00525 -0.07151)
(-0.03042 0.00955 -0.07861)
(0.00122 0.00215 -0.07113)
(-0.01578 0.00397 -0.07782)
(-0.03182 0.00253 -0.09528)
(-0.02073 -0.00196 -0.08927)
(-0.01827 -0.00900 -0.09678)
(-0.01925 -0.01073 -0.10106)
(-0.00269 -0.02108 -0.09268)
(-0.00770 -0.01954 -0.10299)
(-0.01082 -0.02130 -0.10364)
(0.00497 -0.03295 -0.08801)
(0.00519 -0.03939 -0.08183)
(0.00578 -0.04038 -0.08528)
(0.00902 -0.05552 -0.06906)
(0.01157 -0.06766 -0.05678)
(0.01557 -0.07806 -0.04795)
(0.01908 -0.09002 -0.03238)
(0.02066 -0.09502 -0.02646)
(0.03404 -0.10514 -0.00044)
(0.03463 -0.10515 0.00747)
(0.06225 -0.11236 0.04215)
(0.05909 -0.11567 0.05089)
(0.06705 -0.11886 0.06005)
(0.07075 -0.11652 0.06775)
(0.08656 -0.11462 0.07522)
(0.09214 -0.11220 0.07697)
(0.10565 -0.10432 0.08144)
(0.10789 -0.09906 0.08469)
(0.11171 -0.09030 0.08197)
(0.10812 -0.08863 0.08146)
(0.10961 -0.07719 0.07718)
(0.09214 -0.06700 0.07669)
(0.09130 -0.06239 0.07263)
(0.08584 -0.06097 0.07671)
(0.07490 -0.04904 0.07312)
(0.06131 -0.04226 0.06285)
(0.03835 -0.02602 0.03761)
(0.01080 -0.00734 0.01073)
(-0.00418 0.00307 -0.00424)
(0.00268 0.00054 0.00033)
(0.01502 0.00232 0.00116)
(0.02210 0.00218 -0.00327)
(0.02315 -0.00022 -0.01000)
(0.02325 -0.00053 -0.01252)
(0.02155 -0.00540 -0.01925)
(0.01249 -0.00626 -0.03463)
(0.01602 -0.00730 -0.02795)
(0.01087 -0.00755 -0.04123)
(0.00443 -0.00622 -0.04894)
(0.00924 -0.00912 -0.04678)
(-0.00359 -0.00080 -0.05315)
(-0.01000 -0.00219 -0.05953)
(-0.02100 0.00008 -0.06356)
(-0.02339 0.00152 -0.06509)
(-0.01699 0.00395 -0.06863)
(-0.03148 0.00821 -0.06659)
(-0.03085 0.01009 -0.07307)
(-0.04763 0.01215 -0.08051)
(-0.03706 0.00741 -0.08893)
(-0.04027 0.00595 -0.09457)
(-0.03610 0.00358 -0.09860)
(-0.03541 -0.00410 -0.11246)
(-0.04555 -0.00618 -0.12816)
(-0.01867 -0.01687 -0.11332)
(-0.01680 -0.01853 -0.11372)
(-0.02084 -0.02310 -0.11395)
(-0.01313 -0.02517 -0.10511)
(-0.00633 -0.03126 -0.09864)
(-0.00236 -0.03748 -0.09189)
(0.00301 -0.04732 -0.07530)
(0.00286 -0.05547 -0.07115)
(0.00759 -0.07466 -0.05438)
(0.00702 -0.07912 -0.04669)
(0.00412 -0.08752 -0.03721)
(0.02474 -0.09845 -0.01053)
(0.02724 -0.10234 0.00523)
(0.03623 -0.11470 0.02449)
(0.03979 -0.11882 0.03738)
(0.05625 -0.11899 0.04979)
(0.06513 -0.12076 0.06535)
(0.07452 -0.12113 0.06716)
(0.08739 -0.11683 0.07541)
(0.08380 -0.12078 0.08094)
(0.09875 -0.10592 0.08249)
(0.10631 -0.09971 0.08629)
(0.09384 -0.10055 0.09434)
(0.09402 -0.09661 0.09331)
(0.09329 -0.08701 0.09067)
(0.09131 -0.09368 0.09436)
(0.08849 -0.07397 0.08619)
(0.07933 -0.06069 0.08020)
(0.07752 -0.05960 0.07908)
(0.06853 -0.04968 0.06863)
(0.02105 -0.01565 0.02176)
(0.00295 -0.00268 0.00371)
(-0.00113 0.00103 -0.00143)
(0.00055 0.00010 0.00005)
(0.00860 0.00139 0.00065)
(0.02215 0.00269 0.00069)
(0.02464 0.00021 -0.00579)
(0.02402 -0.00367 -0.01586)
(0.02197 -0.00576 -0.02032)
(0.01939 -0.00515 -0.02622)
(0.00712 -0.00401 -0.04263)
(0.00497 -0.00445 -0.04546)
(0.00218 -0.00431 -0.04814)
(-0.00613 -0.00056 -0.05523)
(-0.02305 0.00070 -0.06394)
(-0.02538 0.00220 -0.06492)
(-0.03007 0.00448 -0.06607)
(-0.04645 0.01650 -0.07619)
(-0.05611 0.01741 -0.08205)
(-0.05195 0.01309 -0.09192)
(-0.06107 0.01376 -0.10444)
(-0.04838 0.00376 -0.10495)
(-0.06400 0.01205 -0.11095)
(-0.05100 0.00066 -0.11937)
(-0.05033 -0.00424 -0.13130)
(-0.04393 -0.00776 -0.13082)
(-0.03881 -0.01059 -0.13018)
(-0.02608 -0.01847 -0.12592)
(-0.02126 -0.02302 -0.11291)
(-0.01338 -0.02570 -0.11026)
(-0.01745 -0.02713 -0.10672)
(-0.00895 -0.03930 -0.08608)
(-0.01328 -0.04234 -0.08634)
(-0.00326 -0.06005 -0.07053)
(0.00090 -0.07695 -0.04872)
(0.00187 -0.08393 -0.04091)
(0.00520 -0.08962 -0.03258)
(0.01323 -0.09480 -0.01493)
(0.02987 -0.11581 0.01988)
(0.03675 -0.11109 0.02199)
(0.04434 -0.10318 0.02691)
(0.05796 -0.11637 0.05248)
(0.07190 -0.12145 0.06856)
(0.07655 -0.12070 0.07218)
(0.07835 -0.12089 0.07442)
(0.08612 -0.11098 0.07652)
(0.09009 -0.10348 0.09131)
(0.08989 -0.09736 0.09617)
(0.09056 -0.08700 0.09440)
(0.08502 -0.07598 0.08834)
(0.07668 -0.07382 0.08977)
(0.07728 -0.06558 0.08558)
(0.07225 -0.05868 0.08442)
(0.06830 -0.05165 0.06937)
(0.02288 -0.01783 0.02369)
(0.00165 -0.00122 0.00171)
(0.00040 0.00011 -0.00006)
(0.01190 0.00316 -0.00206)
(0.02243 0.00118 -0.00879)
(0.02834 -0.00255 -0.01516)
(0.02586 -0.00339 -0.01516)
(0.02289 -0.00427 -0.02752)
(0.01677 -0.00460 -0.03362)
(0.02153 -0.00472 -0.02920)
(0.00668 -0.00464 -0.04380)
(0.00436 -0.00454 -0.04607)
(0.00380 -0.00467 -0.04684)
(0.00121 -0.00420 -0.04883)
(-0.00095 -0.00342 -0.05030)
(-0.02595 0.00258 -0.06331)
(-0.02701 0.00242 -0.06502)
(-0.03146 0.00408 -0.06598)
(-0.05061 0.01657 -0.07860)
(-0.05739 0.01634 -0.08097)
(-0.06206 0.01484 -0.09897)
(-0.07259 0.01928 -0.10868)
(-0.07324 0.01766 -0.11300)
(-0.05722 0.00248 -0.12172)
(-0.05453 -0.00289 -0.13436)
(-0.04907 -0.00546 -0.13433)
(-0.04790 -0.00634 -0.13737)
(-0.04336 -0.00871 -0.14237)
(-0.02559 -0.02081 -0.11845)
(-0.03397 -0.01554 -0.11986)
(-0.01974 -0.03227 -0.10883)
(-0.01371 -0.04448 -0.08386)
(-0.01116 -0.05614 -0.07523)
(0.00292 -0.08624 -0.03742)
(0.01953 -0.09280 -0.00577)
(0.02887 -0.10226 0.00656)
(0.04618 -0.10960 0.03476)
(0.07401 -0.12099 0.07002)
(0.07905 -0.12189 0.07737)
(0.08804 -0.10100 0.09803)
(0.08207 -0.08580 0.09663)
(0.02643 -0.02140 0.02830)
(0.00266 0.00015 -0.00035)
(0.01834 0.00193 -0.00722)
(0.03067 0.00052 -0.02019)
(0.02928 0.00105 -0.01229)
(0.02975 -0.00029 -0.02203)
(0.02846 -0.00081 -0.02341)
(0.01610 -0.00524 -0.03520)
(0.00619 -0.00505 -0.04495)
(0.00318 -0.00467 -0.04777)
(0.00027 -0.00402 -0.04960)
(-0.00625 -0.00398 -0.05598)
(-0.02634 0.00365 -0.06456)
(-0.03603 0.00950 -0.06805)
(-0.03528 0.00726 -0.06638)
(-0.05617 0.01663 -0.07404)
(-0.05357 0.01693 -0.07692)
(-0.06652 0.01959 -0.07974)
(-0.07132 0.01849 -0.09489)
(-0.07610 0.02118 -0.09227)
(-0.07423 0.01964 -0.10841)
(-0.07452 0.01819 -0.11375)
(-0.07276 0.01375 -0.12235)
(-0.06418 0.00297 -0.13932)
(-0.05534 -0.00306 -0.13964)
(-0.05221 -0.00445 -0.14089)
(-0.04041 -0.01151 -0.14288)
(-0.00377 -0.00008 0.00077)
(0.01058 -0.00003 -0.00335)
(0.03288 0.00049 -0.01549)
(0.03243 -0.00011 -0.01836)
(0.02826 -0.00172 -0.02421)
(0.02245 -0.00426 -0.03024)
(0.01520 -0.00565 -0.03737)
(0.01216 -0.00519 -0.04011)
(0.01219 -0.00551 -0.04090)
(0.00179 -0.00400 -0.04966)
(-0.00661 -0.00330 -0.05637)
(-0.01402 0.00064 -0.06001)
(-0.03311 0.00669 -0.06765)
(-0.03596 0.00804 -0.06868)
(-0.04480 0.01326 -0.07306)
(-0.05563 0.01863 -0.07508)
(-0.06798 0.02220 -0.08062)
(-0.07318 0.02177 -0.09342)
(-0.07542 0.01983 -0.10810)
(-0.07570 0.01329 -0.12909)
(-0.07396 0.00794 -0.14511)
(-0.00363 0.00002 0.00090)
(0.00254 -0.00001 -0.00066)
(0.01701 -0.00074 -0.00552)
(0.02879 -0.00267 -0.02301)
(0.02693 -0.00322 -0.02551)
(0.02144 -0.00412 -0.03280)
(0.01271 -0.00444 -0.04108)
(0.00284 -0.00472 -0.05293)
(-0.00423 -0.00402 -0.05909)
(-0.01423 0.00174 -0.06300)
(-0.02984 0.00574 -0.06666)
(-0.03467 0.00875 -0.06852)
(-0.04250 0.01114 -0.07207)
(-0.05758 0.01803 -0.08024)
(-0.06291 0.02006 -0.08160)
(-0.06796 0.02027 -0.08666)
(-0.07668 0.02294 -0.09985)
(0.00080 -0.00002 -0.00021)
(0.01607 -0.00033 -0.00917)
(0.02288 -0.00153 -0.01745)
(0.02822 -0.00226 -0.02371)
(0.02567 -0.00302 -0.02709)
(0.02460 -0.00290 -0.02841)
(0.01850 -0.00286 -0.03873)
(0.00917 -0.00238 -0.04729)
(0.00151 -0.00186 -0.05300)
(0.00370 -0.00041 -0.05318)
(-0.00934 0.00252 -0.06426)
(-0.01515 0.00544 -0.06625)
(-0.02261 0.00498 -0.06887)
(-0.02131 0.00840 -0.07076)
(-0.03132 0.01024 -0.07012)
(-0.04761 0.01453 -0.07430)
(0.00207 -0.00006 -0.00066)
(0.02336 -0.00103 -0.01310)
(0.02736 -0.00204 -0.02481)
(0.03060 0.00083 -0.02556)
(0.02749 -0.00082 -0.03006)
(0.02380 -0.00065 -0.03657)
(0.01436 -0.00183 -0.04672)
(0.00469 -0.00034 -0.05268)
(-0.01247 0.00422 -0.06849)
(-0.01796 0.00712 -0.07001)
(-0.00044 -0.00002 0.00017)
(0.01071 0.00115 -0.00601)
(0.02352 0.00186 -0.01826)
(-0.03333 -0.01441 -0.12402)
(-0.01690 -0.03875 -0.09026)
(-0.00084 -0.08036 -0.04585)
(0.00656 -0.08622 -0.03293)
(0.03938 -0.09865 0.01755)
(0.06499 -0.11899 0.05723)
(0.07551 -0.12137 0.07314)
(0.08146 -0.11107 0.08877)
(0.08260 -0.09754 0.09851)
(0.07207 -0.08134 0.09953)
(0.07382 -0.07252 0.09034)
(0.06356 -0.05474 0.07546)
(0.06298 -0.05339 0.07280)
(0.06227 -0.05182 0.06979)
(0.00600 -0.00479 0.00626)
(-0.05538 -0.00336 -0.14941)
(-0.04242 -0.01028 -0.13955)
(-0.03474 -0.01306 -0.13489)
(-0.03255 -0.02012 -0.12099)
(-0.02375 -0.03476 -0.09965)
(-0.01687 -0.04115 -0.08762)
(-0.01647 -0.04819 -0.08087)
(-0.01447 -0.05770 -0.07317)
(0.00030 -0.08258 -0.04305)
(0.00245 -0.07487 -0.04466)
(0.01751 -0.09068 -0.01291)
(0.02701 -0.09716 0.00108)
(0.03801 -0.09595 0.01187)
(0.04233 -0.10057 0.02016)
(0.05192 -0.11162 0.03910)
(0.07189 -0.12065 0.06704)
(0.07322 -0.12125 0.07118)
(0.07727 -0.12210 0.07849)
(0.07407 -0.12115 0.10001)
(0.07912 -0.10827 0.10375)
(0.07347 -0.10206 0.10453)
(0.07401 -0.09191 0.10227)
(0.06818 -0.08428 0.10267)
(0.06347 -0.06751 0.08862)
(0.06288 -0.05579 0.07488)
(0.06249 -0.05337 0.06979)
(0.02448 -0.02020 0.02563)
(0.00248 -0.00201 0.00249)
(-0.07575 0.00615 -0.15701)
(-0.06817 0.00284 -0.15666)
(-0.06681 0.00266 -0.15834)
(-0.05677 -0.00234 -0.16023)
(-0.05360 -0.00452 -0.15315)
(-0.05161 -0.00373 -0.14112)
(-0.04200 -0.00979 -0.12582)
(-0.04074 -0.01761 -0.11702)
(-0.02062 -0.03705 -0.09152)
(-0.03717 -0.02508 -0.10711)
(-0.02172 -0.04099 -0.08843)
(-0.01951 -0.04683 -0.08170)
(-0.00489 -0.06487 -0.05832)
(-0.00008 -0.07123 -0.05122)
(0.01083 -0.08076 -0.03034)
(0.01982 -0.08441 -0.01752)
(0.02797 -0.08439 -0.00961)
(0.04295 -0.10086 0.01835)
(0.05099 -0.10945 0.02856)
(0.06317 -0.11418 0.04865)
(0.06745 -0.11910 0.06039)
(0.06958 -0.12472 0.08388)
(0.06762 -0.12714 0.10692)
(0.06891 -0.11908 0.10258)
(0.07026 -0.10383 0.10753)
(0.07061 -0.09250 0.10505)
(0.06500 -0.09408 0.10744)
(0.06431 -0.08109 0.10205)
(0.06468 -0.07628 0.09485)
(0.06530 -0.07697 0.09255)
(0.06249 -0.05894 0.07872)
(0.06225 -0.05411 0.06817)
(0.03279 -0.02726 0.03144)
(0.00760 -0.00635 0.00676)
(-0.00296 0.00245 -0.00255)
(-0.07850 0.01541 -0.11506)
(-0.07810 0.01145 -0.12894)
(-0.07792 0.00983 -0.14235)
(-0.07616 0.00667 -0.15551)
(-0.07549 0.00606 -0.15973)
(-0.07430 0.00693 -0.16962)
(-0.06442 0.00230 -0.15892)
(-0.06457 0.00345 -0.15640)
(-0.06489 0.00356 -0.14530)
(-0.06202 0.00111 -0.13895)
(-0.05290 -0.00523 -0.12690)
(-0.04635 -0.01851 -0.11541)
(-0.02714 -0.03134 -0.10018)
(-0.02677 -0.03518 -0.09600)
(-0.01781 -0.04821 -0.07993)
(-0.00216 -0.05508 -0.06540)
(0.00359 -0.05866 -0.06166)
(0.01123 -0.07540 -0.03585)
(0.01815 -0.07738 -0.02897)
(0.03229 -0.08977 -0.00918)
(0.04014 -0.09664 0.00179)
(0.04986 -0.10163 0.01650)
(0.05782 -0.10960 0.03491)
(0.06314 -0.11640 0.05744)
(0.06795 -0.12083 0.07207)
(0.06476 -0.11751 0.07286)
(0.06793 -0.11911 0.08814)
(0.06383 -0.11086 0.10165)
(0.06818 -0.10927 0.10793)
(0.06391 -0.10006 0.10671)
(0.06434 -0.08897 0.10452)
(0.06554 -0.07122 0.08818)
(0.06341 -0.07988 0.09238)
(0.06488 -0.06744 0.07960)
(0.05803 -0.05823 0.06689)
(0.00788 -0.00665 0.00620)
(-0.00701 0.00598 -0.00510)
(0.04591 -0.04698 0.05064)
(-0.05661 0.01846 -0.08054)
(-0.05997 0.01906 -0.08230)
(-0.06195 0.01997 -0.08481)
(-0.07193 0.01814 -0.09858)
(-0.07808 0.01647 -0.11483)
(-0.08089 0.01506 -0.11922)
(-0.07974 0.01336 -0.11889)
(-0.08189 0.01270 -0.13323)
(-0.08239 0.01170 -0.14723)
(-0.07996 0.00983 -0.15922)
(-0.08071 0.01103 -0.16792)
(-0.07887 0.01078 -0.16736)
(-0.07370 0.00880 -0.15645)
(-0.06449 0.00316 -0.14124)
(-0.06349 0.00235 -0.13739)
(-0.04984 -0.01159 -0.12447)
(-0.03915 -0.02633 -0.10971)
(-0.02721 -0.03346 -0.10581)
(-0.02207 -0.04258 -0.08790)
(-0.02438 -0.03139 -0.10579)
(-0.00118 -0.05387 -0.06847)
(0.00246 -0.05543 -0.06474)
(0.00685 -0.05892 -0.05864)
(0.02818 -0.07815 -0.02473)
(0.03601 -0.09236 -0.00401)
(0.03446 -0.08859 -0.00845)
(0.04488 -0.09574 0.00429)
(0.05568 -0.10937 0.03445)
(0.05386 -0.10339 0.02624)
(0.06172 -0.11382 0.04893)
(0.06483 -0.11389 0.06026)
(0.06508 -0.11806 0.07577)
(0.06439 -0.10639 0.09201)
(0.06425 -0.10416 0.10672)
(0.06434 -0.10027 0.10529)
(0.06425 -0.09646 0.10471)
(0.06489 -0.07908 0.08261)
(0.06490 -0.07492 0.07906)
(0.06378 -0.06997 0.07178)
(0.03881 -0.03709 0.03584)
(0.00495 -0.00452 0.00412)
(0.02371 -0.02150 0.01739)
(0.00459 -0.00409 0.00320)
(-0.02014 0.00842 -0.07111)
(-0.02321 0.00963 -0.07159)
(-0.03315 0.01235 -0.07496)
(-0.05571 0.01892 -0.08064)
(-0.05861 0.01939 -0.08243)
(-0.05725 0.01977 -0.08227)
(-0.06065 0.02023 -0.08483)
(-0.06966 0.01956 -0.10561)
(-0.06717 0.02182 -0.09313)
(-0.07317 0.01917 -0.11233)
(-0.07852 0.01761 -0.12224)
(-0.08443 0.01599 -0.14148)
(-0.08421 0.01590 -0.14931)
(-0.07857 0.01130 -0.16023)
(-0.08247 0.01189 -0.16777)
(-0.08131 0.01203 -0.16706)
(-0.08214 0.01318 -0.16609)
(-0.08206 0.01432 -0.16001)
(-0.06693 0.00513 -0.14316)
(-0.06561 0.00406 -0.13953)
(-0.05575 -0.00475 -0.13275)
(-0.03923 -0.02125 -0.11749)
(-0.02873 -0.02723 -0.11088)
(-0.02490 -0.03013 -0.10824)
(-0.01037 -0.04405 -0.07754)
(0.00149 -0.05285 -0.06745)
(0.00590 -0.05635 -0.06118)
(0.00483 -0.05389 -0.06389)
(0.02377 -0.06694 -0.03979)
(0.03178 -0.06825 -0.03651)
(0.04481 -0.08697 -0.00835)
(0.05165 -0.08912 -0.00253)
(0.06455 -0.11167 0.05103)
(0.06487 -0.11282 0.05763)
(0.06512 -0.11481 0.06625)
(0.06530 -0.10713 0.08106)
(0.06456 -0.10400 0.10545)
(0.06468 -0.10042 0.10410)
(0.06462 -0.09668 0.10351)
(0.06377 -0.09100 0.09636)
(0.06410 -0.07795 0.07826)
(0.06198 -0.06413 0.05880)
(0.02097 -0.01950 0.01451)
(-0.00456 0.00408 -0.00286)
(0.00157 -0.00143 0.00102)
(0.02902 0.00381 -0.02882)
(0.02353 0.00298 -0.03901)
(0.02150 0.00093 -0.04162)
(0.01446 0.00067 -0.05261)
(0.00981 0.00072 -0.05919)
(0.00670 0.00253 -0.05914)
(-0.00783 0.00432 -0.06453)
(-0.01693 0.00710 -0.07041)
(-0.01590 0.00716 -0.07108)
(-0.01900 0.00846 -0.07163)
(-0.02230 0.00980 -0.07201)
(-0.03136 0.01421 -0.07739)
(-0.04750 0.01865 -0.08161)
(-0.05511 0.01990 -0.08424)
(-0.06380 0.02328 -0.09275)
(-0.07261 0.02196 -0.11006)
(-0.08332 0.02228 -0.12059)
(-0.08382 0.01789 -0.14278)
(-0.08491 0.01696 -0.14687)
(-0.08255 0.01399 -0.15535)
(-0.08556 0.01465 -0.15993)
(-0.08332 0.01299 -0.16691)
(-0.08412 0.01420 -0.16586)
(-0.08343 0.01386 -0.15955)
(-0.07373 0.00830 -0.15037)
(-0.06520 0.00172 -0.14411)
(-0.05766 -0.00481 -0.13869)
(-0.04890 -0.01259 -0.12519)
(-0.02995 -0.02577 -0.11352)
(-0.02540 -0.02914 -0.11104)
(-0.01580 -0.03768 -0.09605)
(-0.00132 -0.04567 -0.08006)
(0.00453 -0.04776 -0.07442)
(0.01445 -0.05482 -0.05780)
(0.03092 -0.06042 -0.04477)
(0.03886 -0.06855 -0.03610)
(0.04269 -0.07458 -0.02466)
(0.05100 -0.07969 -0.01573)
(0.05612 -0.09304 0.00701)
(0.06088 -0.10458 0.03435)
(0.06477 -0.11125 0.05172)
(0.06510 -0.11225 0.05853)
(0.06520 -0.11374 0.06425)
(0.06606 -0.11128 0.07588)
(0.06579 -0.10641 0.10193)
(0.06045 -0.10303 0.09096)
(0.06394 -0.09967 0.09432)
(0.05721 -0.08421 0.08940)
(0.06435 -0.08043 0.07946)
(0.06463 -0.07461 0.07193)
(0.06228 -0.06913 0.06398)
(0.04947 -0.04963 0.04073)
(0.01151 -0.01078 0.00796)
(0.00209 0.00026 -0.00131)
(0.00504 0.00077 -0.00379)
(0.02730 0.00466 -0.02882)
(0.02240 0.00419 -0.04210)
(0.01222 0.00573 -0.05260)
(0.01271 0.00258 -0.05653)
(0.00406 0.00210 -0.06427)
(-0.00255 0.00220 -0.06914)
(-0.00746 0.00462 -0.07240)
(-0.00806 0.00457 -0.07182)
(-0.02054 0.00886 -0.07601)
(-0.03439 0.01135 -0.08041)
(-0.03519 0.01317 -0.07785)
(-0.04564 0.01794 -0.07995)
(-0.04989 0.02174 -0.08168)
(-0.07204 0.02402 -0.09026)
(-0.07612 0.02459 -0.09323)
(-0.07742 0.02567 -0.10481)
(-0.08940 0.02839 -0.11580)
(-0.08908 0.02145 -0.13284)
(-0.10235 0.02981 -0.13168)
(-0.09536 0.02311 -0.15124)
(-0.09772 0.02537 -0.15188)
(-0.09253 0.01950 -0.16238)
(-0.09585 0.02290 -0.15917)
(-0.09276 0.01880 -0.15810)
(-0.08696 0.01854 -0.15533)
(-0.07664 0.00966 -0.15081)
(-0.06719 0.00078 -0.14598)
(-0.05233 -0.01108 -0.13616)
(-0.04140 -0.01916 -0.13166)
(-0.03162 -0.02605 -0.12568)
(-0.01459 -0.03571 -0.10791)
(-0.00514 -0.03621 -0.09517)
(0.00311 -0.04261 -0.08738)
(0.01819 -0.05076 -0.06509)
(0.02998 -0.05724 -0.04948)
(0.03480 -0.06497 -0.04159)
(0.04813 -0.07560 -0.02457)
(0.05065 -0.08563 -0.00547)
(0.05472 -0.09414 0.01548)
(0.06063 -0.10576 0.04276)
(0.06006 -0.10663 0.07365)
(0.05457 -0.10287 0.05901)
(0.06330 -0.10928 0.09023)
(0.05289 -0.09574 0.08411)
(0.05293 -0.09024 0.09201)
(0.05115 -0.08227 0.08821)
(0.05729 -0.07594 0.07902)
(0.05491 -0.06968 0.06681)
(0.03317 -0.04536 0.04650)
(0.01668 -0.02280 0.02294)
(0.00630 -0.00857 0.00851)
(0.00141 0.00037 -0.00123)
(0.01724 0.00654 -0.03057)
(0.01450 0.00700 -0.05021)
(0.00445 0.00867 -0.06070)
(0.00349 0.00828 -0.06192)
(0.00156 0.00765 -0.06417)
(0.00031 0.00244 -0.07071)
(-0.00294 0.00750 -0.06924)
(-0.00737 0.00543 -0.07524)
(-0.01361 0.00629 -0.08067)
(-0.02914 0.00654 -0.08243)
(-0.03680 0.01244 -0.08390)
(-0.04440 0.01494 -0.08206)
(-0.04661 0.01888 -0.08075)
(-0.05995 0.02288 -0.08418)
(-0.07068 0.02446 -0.08898)
(-0.09243 0.02915 -0.09635)
(-0.09426 0.03120 -0.10221)
(-0.09505 0.02795 -0.12091)
(-0.11467 0.03834 -0.12584)
(-0.10919 0.03453 -0.13876)
(-0.10983 0.03438 -0.14233)
(-0.10292 0.02632 -0.15405)
(-0.11295 0.03361 -0.14547)
(-0.09905 0.02251 -0.15821)
(-0.09387 0.01853 -0.15669)
(-0.08676 0.01760 -0.15567)
(-0.07884 0.00887 -0.15257)
(-0.06537 -0.00472 -0.14769)
(-0.05803 -0.00724 -0.14289)
(-0.06032 -0.00914 -0.14645)
(-0.04097 -0.02002 -0.13466)
(-0.02664 -0.03080 -0.13201)
(-0.01996 -0.03425 -0.12571)
(-0.01504 -0.03527 -0.11783)
(-0.00602 -0.03603 -0.10389)
(0.00218 -0.03764 -0.09356)
(0.01704 -0.04737 -0.07956)
(0.01708 -0.04980 -0.07323)
(0.02650 -0.05550 -0.06402)
(0.03379 -0.05814 -0.05232)
(0.04418 -0.07237 -0.03099)
(0.04094 -0.06970 -0.03835)
(0.04524 -0.07876 -0.02135)
(0.04562 -0.08176 -0.01174)
(0.05174 -0.09465 0.02662)
(0.05312 -0.10013 0.05008)
(0.05621 -0.10330 0.07912)
(0.05127 -0.10005 0.06269)
(0.04929 -0.09854 0.08567)
(0.03170 -0.08180 0.08363)
(0.04556 -0.08550 0.08482)
(0.03098 -0.07671 0.08140)
(0.04612 -0.07265 0.07389)
(0.04433 -0.06736 0.06675)
(0.02951 -0.07548 0.08048)
(0.03453 -0.05301 0.05197)
(0.00542 -0.01066 0.01079)
(0.00035 0.00014 -0.00042)
(0.01008 0.00517 -0.03174)
(0.00122 0.00781 -0.04792)
(0.00044 0.00911 -0.06504)
(-0.00163 0.00811 -0.06746)
(-0.00391 0.00936 -0.06850)
(-0.00542 0.00862 -0.07043)
(-0.01628 0.00903 -0.08078)
(-0.02895 0.01201 -0.08601)
(-0.04639 0.01396 -0.08638)
(-0.04582 0.01806 -0.08495)
(-0.06382 0.02383 -0.08814)
(-0.07001 0.02154 -0.08999)
(-0.07885 0.02525 -0.09107)
(-0.10342 0.03317 -0.09648)
(-0.10402 0.03379 -0.09868)
(-0.10847 0.03515 -0.10006)
(-0.09850 0.03131 -0.11599)
(-0.11879 0.04073 -0.12296)
(-0.11717 0.03953 -0.12769)
(-0.11752 0.03788 -0.13121)
(-0.11602 0.03385 -0.13704)
(-0.10893 0.02862 -0.14481)
(-0.09842 0.01626 -0.14751)
(-0.09216 0.01569 -0.15260)
(-0.09006 0.01356 -0.14780)
(-0.06598 -0.00552 -0.14808)
(-0.06198 -0.00909 -0.14721)
(-0.05562 -0.01278 -0.14591)
(-0.03308 -0.02749 -0.13699)
(-0.02015 -0.03316 -0.12642)
(-0.01009 -0.03595 -0.11503)
(0.00095 -0.04189 -0.10121)
(0.01825 -0.04802 -0.08686)
(0.02564 -0.05287 -0.07173)
(0.02829 -0.05492 -0.06861)
(0.03633 -0.06412 -0.04940)
(0.04371 -0.07666 -0.02538)
(0.04436 -0.07944 -0.02014)
(0.05047 -0.09022 0.01731)
(0.04983 -0.08871 0.00415)
(0.05040 -0.09701 0.03830)
(0.04363 -0.09824 0.04967)
(0.04814 -0.09813 0.07008)
(0.04163 -0.09818 0.05574)
(0.03182 -0.08312 0.07724)
(0.02541 -0.07856 0.08224)
(0.02605 -0.07611 0.08111)
(0.03498 -0.06856 0.06752)
(0.02619 -0.04733 0.04776)
(0.02128 -0.06939 0.07513)
(0.00631 -0.01472 0.01485)
(0.00122 -0.00295 0.00297)
(-0.00042 -0.00028 0.00050)
(0.00200 0.00392 -0.02218)
(-0.00189 0.00849 -0.03164)
(-0.00307 0.01066 -0.06666)
(-0.00842 0.01046 -0.07058)
(-0.02931 0.01538 -0.08392)
(-0.03763 0.01521 -0.08525)
(-0.05057 0.01641 -0.08780)
(-0.07247 0.02504 -0.09231)
(-0.07901 0.02603 -0.09276)
(-0.08044 0.02649 -0.09193)
(-0.08705 0.02632 -0.09248)
(-0.10928 0.03400 -0.09671)
(-0.10884 0.03492 -0.09791)
(-0.11363 0.03692 -0.09895)
(-0.12160 0.04239 -0.11108)
(-0.12145 0.04245 -0.12383)
(-0.12449 0.03971 -0.12073)
(-0.12838 0.04011 -0.12290)
(-0.11572 0.03369 -0.13693)
(-0.11261 0.02684 -0.13571)
(-0.09786 0.01488 -0.14502)
(-0.09509 0.01212 -0.14517)
(-0.07823 -0.00077 -0.14482)
(-0.06397 -0.00912 -0.14660)
(-0.05792 -0.01212 -0.14649)
(-0.03775 -0.02817 -0.13458)
(-0.02904 -0.03086 -0.12792)
(-0.01262 -0.03708 -0.11078)
(-0.01375 -0.03918 -0.11546)
(-0.00099 -0.04195 -0.10369)
(0.00763 -0.04657 -0.09250)
(0.02422 -0.05384 -0.07570)
(0.02492 -0.05327 -0.07415)
(0.02736 -0.05540 -0.07055)
(0.02907 -0.05734 -0.06748)
(0.03503 -0.06700 -0.04443)
(0.04248 -0.07561 -0.02851)
(0.04238 -0.07770 -0.02371)
(0.04649 -0.08857 -0.00947)
(0.04507 -0.09144 0.01595)
(0.04229 -0.09022 0.01327)
(0.04174 -0.09755 0.04520)
(0.03985 -0.09770 0.05149)
(0.03756 -0.09155 0.06472)
(0.03760 -0.09760 0.05640)
(0.02302 -0.07947 0.08242)
(0.02289 -0.07687 0.08160)
(0.02055 -0.07830 0.08193)
(0.01528 -0.06385 0.06977)
(0.00951 -0.03692 0.03876)
(0.00113 -0.00635 0.00681)
(-0.00031 0.00371 -0.00400)
(-0.00052 -0.00155 0.00333)
(-0.00047 0.00070 -0.00155)
(-0.00569 0.00758 -0.02330)
(-0.01504 0.01562 -0.06853)
(-0.03465 0.01720 -0.07847)
(-0.02997 0.01665 -0.08154)
(-0.05535 0.01717 -0.09025)
(-0.05010 0.01740 -0.09183)
(-0.06801 0.02132 -0.09209)
(-0.07681 0.02534 -0.09377)
(-0.08307 0.02663 -0.09374)
(-0.08551 0.02721 -0.09307)
(-0.10120 0.03127 -0.09404)
(-0.10282 0.03014 -0.09273)
(-0.11817 0.03497 -0.09367)
(-0.11432 0.03620 -0.09753)
(-0.11894 0.03862 -0.09823)
(-0.12589 0.04113 -0.10186)
(-0.13609 0.04945 -0.10202)
(-0.13461 0.04915 -0.11232)
(-0.15371 0.05695 -0.10681)
(-0.13466 0.04437 -0.11428)
(-0.12745 0.03617 -0.12045)
(-0.12257 0.03418 -0.12622)
(-0.12199 0.03092 -0.12593)
(-0.09981 0.01521 -0.14190)
(-0.09643 0.01162 -0.14244)
(-0.08761 0.00402 -0.14026)
(-0.07078 -0.01374 -0.13532)
(-0.06048 -0.01156 -0.14604)
(-0.06316 -0.01952 -0.13515)
(-0.05076 -0.02016 -0.13620)
(-0.03591 -0.02943 -0.13150)
(-0.02680 -0.03334 -0.11853)
(-0.00309 -0.04202 -0.10423)
(0.00040 -0.04374 -0.10053)
(0.01052 -0.05136 -0.08344)
(0.02394 -0.05677 -0.07208)
(0.02603 -0.05564 -0.07174)
(0.02773 -0.05783 -0.06793)
(0.03192 -0.06877 -0.05121)
(0.03545 -0.07691 -0.03366)
(0.03974 -0.08797 -0.01897)
(0.04039 -0.09137 -0.00504)
(0.03742 -0.09498 0.03137)
(0.03254 -0.09404 0.01776)
(0.03900 -0.09807 0.04724)
(0.03700 -0.09828 0.05308)
(0.01506 -0.09265 0.07140)
(0.01942 -0.08552 0.07115)
(0.01275 -0.08544 0.07880)
(0.01632 -0.07609 0.08139)
(0.00124 -0.02487 0.02890)
(-0.00412 -0.02679 0.03152)
(-0.00005 -0.00051 0.00059)
(0.00214 -0.00316 0.00682)
(-0.01773 0.01491 -0.03890)
(-0.02828 0.01767 -0.06781)
(0.00324 -0.00362 0.00632)
(-0.00411 0.00458 -0.00894)
(-0.03967 0.01904 -0.07509)
(-0.04496 0.01544 -0.08165)
(-0.05061 0.01512 -0.08688)
(-0.06993 0.01896 -0.08597)
(-0.07005 0.02037 -0.09224)
(-0.07861 0.02234 -0.09495)
(-0.08245 0.02239 -0.09584)
(-0.09146 0.02486 -0.09379)
(-0.09458 0.02486 -0.09491)
(-0.08954 0.02828 -0.09365)
(-0.13278 0.03535 -0.09650)
(-0.13495 0.04144 -0.09443)
(-0.13517 0.04242 -0.09584)
(-0.15675 0.05042 -0.09297)
(-0.15683 0.05388 -0.09687)
(-0.15737 0.05448 -0.09664)
(-0.15404 0.05849 -0.09891)
(-0.15964 0.06045 -0.10188)
(-0.14831 0.05003 -0.10871)
(-0.14734 0.04628 -0.11143)
(-0.12789 0.03630 -0.12095)
(-0.12226 0.02700 -0.12094)
(-0.10614 0.01861 -0.13586)
(-0.09916 0.00979 -0.13579)
(-0.09241 0.00444 -0.13469)
(-0.08014 -0.01052 -0.12774)
(-0.07491 -0.01652 -0.12818)
(-0.05801 -0.02223 -0.12757)
(-0.04325 -0.03034 -0.12623)
(-0.03253 -0.03691 -0.10757)
(-0.02220 -0.04026 -0.10074)
(-0.01555 -0.03874 -0.10736)
(-0.00437 -0.04201 -0.10097)
(0.00272 -0.04758 -0.08300)
(0.01266 -0.05426 -0.07256)
(0.02464 -0.06461 -0.06054)
(0.02828 -0.06123 -0.06659)
(0.03229 -0.06941 -0.05734)
(0.03031 -0.07603 -0.04176)
(0.03389 -0.08174 -0.03401)
(0.03947 -0.08599 -0.02566)
(0.03475 -0.09033 -0.00979)
(0.03635 -0.08826 -0.01559)
(0.03375 -0.09817 0.01378)
(0.03570 -0.09717 0.03798)
(0.03247 -0.10094 0.02259)
(0.02706 -0.10178 0.04229)
(0.03750 -0.09981 0.04898)
(0.02593 -0.09847 0.06411)
(0.01101 -0.09466 0.07459)
(0.00406 -0.09168 0.08035)
(0.00500 -0.08699 0.07879)
(-0.00472 -0.03202 0.03639)
(0.00052 0.00220 -0.00270)
(-0.00067 -0.00342 0.00401)
(-0.00287 0.00169 -0.00487)
(-0.02391 0.01236 -0.04178)
(-0.04725 0.01420 -0.05323)
(-0.07232 0.02034 -0.08068)
(-0.07939 0.01998 -0.08374)
(-0.08817 0.02461 -0.09158)
(-0.10676 0.02411 -0.09190)
(-0.12440 0.03297 -0.09709)
(-0.14479 0.03280 -0.09878)
(-0.15265 0.04448 -0.09545)
(-0.16233 0.04915 -0.09425)
(-0.16395 0.05604 -0.09391)
(-0.18383 0.06428 -0.09156)
(-0.17261 0.06273 -0.09674)
(-0.18011 0.06485 -0.09516)
(-0.15709 0.05110 -0.10242)
(-0.15643 0.04644 -0.10200)
(-0.15078 0.04289 -0.10398)
(-0.14731 0.03830 -0.10419)
(-0.11872 0.02227 -0.12136)
(-0.12957 0.02290 -0.10699)
(-0.10763 0.01155 -0.12178)
(-0.09332 -0.00303 -0.12195)
(-0.08840 -0.00747 -0.12071)
(-0.07835 -0.01910 -0.11715)
(-0.07230 -0.02299 -0.10730)
(-0.06608 -0.02005 -0.12017)
(-0.05355 -0.03055 -0.10630)
(-0.04524 -0.03366 -0.10487)
(-0.03625 -0.03968 -0.09197)
(-0.02161 -0.04249 -0.08426)
(-0.01587 -0.04334 -0.08893)
(-0.00484 -0.04757 -0.07970)
(0.00185 -0.05468 -0.06976)
(0.01270 -0.05861 -0.06266)
(0.02660 -0.07350 -0.05220)
(0.02907 -0.07005 -0.05542)
(0.03042 -0.07662 -0.04074)
(0.03293 -0.08087 -0.03539)
(0.03409 -0.09051 -0.01729)
(0.03259 -0.10151 -0.00144)
(0.03479 -0.09912 0.00053)
(0.03285 -0.10247 0.02062)
(0.03105 -0.10799 0.03178)
(0.01648 -0.10283 0.05223)
(0.00724 -0.09445 0.07149)
(0.01124 -0.10140 0.06683)
(0.00548 -0.09629 0.07817)
(0.00382 -0.09560 0.07903)
(-0.00219 -0.06666 0.06065)
(-0.00502 -0.02676 0.02844)
(0.00059 0.00175 -0.00195)
(0.00169 0.00781 -0.00924)
(-0.00534 0.00168 -0.00613)
(-0.02423 0.00750 -0.02754)
(-0.03472 0.00957 -0.03751)
(-0.07578 0.02011 -0.08049)
(-0.08387 0.02048 -0.08318)
(-0.09991 0.02440 -0.08823)
(-0.08231 0.02037 -0.08210)
(-0.12416 0.03061 -0.09146)
(-0.13075 0.03079 -0.09472)
(-0.14367 0.03220 -0.09852)
(-0.14720 0.03670 -0.09581)
(-0.14985 0.03509 -0.09823)
(-0.16173 0.04432 -0.09540)
(-0.17930 0.05471 -0.09135)
(-0.18246 0.06286 -0.09182)
(-0.19531 0.06878 -0.08842)
(-0.19197 0.06775 -0.08913)
(-0.19283 0.06742 -0.08865)
(-0.17462 0.05801 -0.09601)
(-0.15952 0.04594 -0.10057)
(-0.15396 0.04272 -0.10207)
(-0.15103 0.03883 -0.10212)
(-0.14570 0.03393 -0.10296)
(-0.11143 0.00769 -0.11199)
(-0.10532 0.00333 -0.11482)
(-0.09282 -0.01437 -0.10444)
(-0.08671 -0.02275 -0.10224)
(-0.07886 -0.02423 -0.10302)
(-0.06124 -0.03383 -0.09295)
(-0.05840 -0.03535 -0.08969)
(-0.05571 -0.03690 -0.08590)
(-0.02651 -0.04616 -0.07703)
(-0.01904 -0.04435 -0.08018)
(-0.00512 -0.05428 -0.07032)
(0.00830 -0.06319 -0.05372)
(0.01769 -0.06835 -0.04779)
(0.02583 -0.08265 -0.03150)
(0.02985 -0.08187 -0.03859)
(0.02762 -0.08530 -0.02946)
(0.02773 -0.08600 -0.02584)
(0.03173 -0.09110 -0.01758)
(0.03313 -0.10156 -0.00330)
(0.03304 -0.10458 0.00163)
(0.03292 -0.10487 0.00356)
(0.03320 -0.10797 0.00651)
(0.03019 -0.11139 0.01784)
(0.02355 -0.11476 0.04221)
(0.02143 -0.12812 0.05369)
(0.01270 -0.10869 0.05941)
(0.00605 -0.10127 0.06876)
(-0.00303 -0.09833 0.07665)
(-0.00310 -0.07833 0.06169)
(-0.00647 -0.04906 0.04567)
(-0.00190 -0.00833 0.00787)
(0.00183 0.00476 -0.00513)
(-0.00904 0.00254 -0.00990)
(-0.00851 0.00222 -0.00888)
(-0.05433 0.01382 -0.05524)
(-0.08785 0.02111 -0.08222)
(-0.12303 0.03007 -0.09079)
(-0.13545 0.04064 -0.08705)
(-0.13585 0.04119 -0.08753)
(-0.16287 0.04998 -0.08972)
(-0.17778 0.05768 -0.08695)
(-0.18748 0.06837 -0.08277)
(-0.19273 0.06844 -0.08968)
(-0.19787 0.06825 -0.08733)
(-0.19678 0.06913 -0.08770)
(-0.19708 0.06832 -0.08704)
(-0.19316 0.06607 -0.08799)
(-0.18153 0.05317 -0.08901)
(-0.15785 0.04271 -0.10012)
(-0.15559 0.03931 -0.09980)
(-0.14231 0.02280 -0.09639)
(-0.11724 0.00290 -0.10051)
(-0.10456 -0.00583 -0.10363)
(-0.08892 -0.02995 -0.09093)
(-0.08656 -0.03182 -0.08977)
(-0.08470 -0.03373 -0.08794)
(-0.06312 -0.03498 -0.08935)
(-0.06983 -0.03609 -0.08373)
(-0.06060 -0.03666 -0.08618)
(-0.05778 -0.03816 -0.08276)
(-0.03751 -0.04834 -0.06700)
(-0.02873 -0.05547 -0.05713)
(-0.02022 -0.05829 -0.05953)
(-0.01617 -0.04589 -0.07714)
(0.00150 -0.06244 -0.05414)
(-0.00201 -0.06996 -0.04012)
(0.00955 -0.06495 -0.05045)
(0.02538 -0.08222 -0.03090)
(0.02692 -0.08491 -0.02867)
(0.02841 -0.08756 -0.02664)
(0.02905 -0.09459 -0.01799)
(0.03367 -0.10155 -0.00430)
(0.03333 -0.10427 -0.00014)
(0.03270 -0.10371 -0.00044)
(0.03301 -0.10722 0.00474)
(0.02660 -0.12006 0.03504)
(0.03086 -0.12336 0.02353)
(0.02385 -0.12926 0.04442)
(0.01565 -0.12657 0.05941)
(0.02160 -0.13138 0.05256)
(0.00981 -0.13316 0.07365)
(0.00653 -0.12395 0.07388)
(-0.00433 -0.03621 0.03048)
(0.00116 -0.04319 0.02702)
(-0.00085 -0.00606 0.00521)
(-0.04756 0.01159 -0.04531)
(-0.01200 0.00296 -0.01174)
(-0.05933 0.01767 -0.04130)
(-0.13084 0.03616 -0.08706)
(-0.15126 0.04732 -0.08563)
(-0.15190 0.04727 -0.08649)
(-0.17267 0.05796 -0.08483)
(-0.18320 0.06610 -0.08249)
(-0.18843 0.06936 -0.08157)
(-0.19784 0.07288 -0.08525)
(-0.20557 0.07466 -0.08251)
(-0.20143 0.07025 -0.08540)
(-0.19930 0.06567 -0.08490)
(-0.16609 0.03827 -0.08872)
(-0.16604 0.03072 -0.08660)
(-0.14355 0.01483 -0.08722)
(-0.12238 0.00387 -0.09536)
(-0.11431 -0.00504 -0.09616)
(-0.09380 -0.02698 -0.09013)
(-0.08792 -0.03290 -0.08671)
(-0.08566 -0.03523 -0.08462)
(-0.07722 -0.03836 -0.07741)
(-0.06269 -0.03829 -0.08251)
(-0.06919 -0.04781 -0.06553)
(-0.06567 -0.04718 -0.06481)
(-0.05988 -0.03969 -0.07966)
(-0.04966 -0.05124 -0.06306)
(-0.03685 -0.05810 -0.05299)
(-0.02562 -0.06616 -0.04214)
(-0.01166 -0.07080 -0.03779)
(0.00265 -0.07654 -0.02994)
(0.00575 -0.07047 -0.03930)
(0.00981 -0.07425 -0.02838)
(0.01867 -0.07771 -0.02956)
(0.02621 -0.08435 -0.02800)
(0.02709 -0.08681 -0.02539)
(0.02789 -0.08938 -0.02284)
(0.02885 -0.09010 -0.02351)
(0.03075 -0.10097 -0.01075)
(0.03173 -0.11419 0.00660)
(0.03317 -0.10674 0.00292)
(0.03233 -0.12205 0.01563)
(0.02867 -0.12920 0.02766)
(0.02515 -0.13284 0.04109)
(0.02418 -0.13827 0.05119)
(0.01480 -0.13471 0.06532)
(0.00645 -0.10979 0.06277)
(0.00842 -0.09959 0.05198)
(0.00437 -0.08504 0.04938)
(0.00079 -0.02332 0.01401)
(0.00013 -0.00775 0.00493)
(-0.00075 0.00026 -0.00054)
(-0.02047 0.00699 -0.01466)
(-0.00519 0.00178 -0.00310)
(-0.10170 0.02976 -0.05862)
(-0.16932 0.05821 -0.08389)
(-0.08743 0.03428 -0.04357)
(-0.15893 0.05374 -0.08194)
(-0.17747 0.07103 -0.07812)
(-0.18593 0.06849 -0.08094)
(-0.20655 0.07827 -0.07870)
(-0.20141 0.07443 -0.08151)
(-0.20911 0.07617 -0.07740)
(-0.21047 0.07803 -0.07878)
(-0.21853 0.07752 -0.07705)
(-0.20550 0.06406 -0.08064)
(-0.19442 0.05140 -0.07777)
(-0.18151 0.03462 -0.07960)
(-0.18141 0.03253 -0.07906)
(-0.15490 0.01215 -0.07861)
(-0.12547 -0.00396 -0.08526)
(-0.13537 -0.00335 -0.07873)
(-0.11618 -0.01029 -0.08718)
(-0.10847 -0.02148 -0.08229)
(-0.09513 -0.03260 -0.07978)
(-0.08613 -0.04061 -0.07587)
(-0.08543 -0.04033 -0.06681)
(-0.07336 -0.05899 -0.05406)
(-0.06955 -0.06356 -0.04861)
(-0.05577 -0.06795 -0.04035)
(-0.05072 -0.06465 -0.04481)
(-0.03879 -0.06296 -0.03965)
(-0.05127 -0.06890 -0.03799)
(-0.03534 -0.06339 -0.03472)
(-0.02264 -0.07063 -0.03288)
(-0.00571 -0.07299 -0.02267)
(0.00405 -0.07633 -0.02544)
(0.01565 -0.08513 -0.01348)
(0.01735 -0.08679 -0.01142)
(0.02682 -0.09326 -0.01138)
(0.03057 -0.10245 0.00156)
(0.02954 -0.10975 0.00270)
(0.03177 -0.11687 0.01045)
(0.03210 -0.12107 0.01303)
(0.03191 -0.12109 0.01847)
(0.02948 -0.13233 0.03603)
(0.02674 -0.14065 0.04657)
(0.02323 -0.14214 0.05203)
(0.01858 -0.13793 0.06103)
(0.01243 -0.10810 0.05072)
(0.01188 -0.09985 0.04672)
(0.00234 -0.03015 0.01609)
(0.00130 -0.02071 0.01198)
(0.02422 -0.01066 0.01342)
(-0.00274 0.00114 -0.00145)
(-0.13505 0.05499 -0.05806)
(0.00188 -0.00086 0.00086)
(-0.04272 0.01913 -0.01937)
(-0.17817 0.07586 -0.06681)
(-0.19998 0.08332 -0.07438)
(-0.20827 0.08465 -0.07277)
(-0.20053 0.08503 -0.07247)
(-0.20292 0.08491 -0.07284)
(-0.21456 0.07886 -0.07335)
(-0.21111 0.07372 -0.07330)
(-0.20588 0.06453 -0.07553)
(-0.19418 0.04984 -0.07386)
(-0.17879 0.03659 -0.07629)
(-0.16932 0.02901 -0.07249)
(-0.14989 0.00378 -0.06820)
(-0.13001 -0.01502 -0.06407)
(-0.12330 -0.01689 -0.07344)
(-0.12393 -0.01987 -0.06308)
(-0.10703 -0.02779 -0.07264)
(-0.09716 -0.03658 -0.07014)
(-0.09297 -0.04525 -0.06117)
(-0.08739 -0.04577 -0.05575)
(-0.07835 -0.05778 -0.04698)
(-0.07346 -0.06384 -0.04233)
(-0.06076 -0.07527 -0.03248)
(-0.05358 -0.07985 -0.02390)
(-0.04095 -0.09416 -0.00574)
(-0.03574 -0.07225 -0.03137)
(-0.02684 -0.07453 -0.02325)
(-0.03205 -0.09184 -0.00802)
(-0.01823 -0.08908 -0.00580)
(-0.01025 -0.08216 -0.01000)
(-0.00259 -0.08705 -0.00215)
(-0.00323 -0.09252 0.00507)
(0.00071 -0.09305 0.00615)
(0.00881 -0.09454 0.00190)
(0.01620 -0.08768 -0.00930)
(0.01452 -0.09409 0.00045)
(0.02397 -0.09729 0.00515)
(0.02870 -0.09969 0.00562)
(0.02585 -0.10133 0.01404)
(0.02809 -0.11544 0.01705)
(0.03111 -0.12216 0.02211)
(0.03158 -0.12257 0.01673)
(0.02722 -0.13742 0.04390)
(0.02801 -0.13769 0.04114)
(0.01875 -0.13611 0.06128)
(0.01367 -0.11838 0.05972)
(0.00755 -0.07283 0.03811)
(0.00411 -0.04070 0.02083)
(0.00095 -0.01595 0.00858)
(-0.00021 0.00383 -0.00221)
(-0.00045 0.01508 -0.00870)
(-0.00058 0.01068 -0.00618)
(0.02249 -0.01033 0.01025)
(-0.01071 0.00473 -0.00404)
(-0.09645 0.04179 -0.03629)
(0.02850 -0.01324 0.01120)
(-0.06338 0.02794 -0.02318)
(-0.16173 0.06972 -0.05883)
(-0.20265 0.08118 -0.06947)
(-0.15013 0.06457 -0.05336)
(-0.19081 0.08131 -0.06750)
(-0.19753 0.07165 -0.06704)
(-0.19984 0.06538 -0.06884)
(-0.17560 0.03907 -0.06336)
(-0.17624 0.03435 -0.06786)
(-0.16115 0.02440 -0.06077)
(-0.15586 0.01462 -0.06614)
(-0.12883 -0.01673 -0.06171)
(-0.12410 -0.02061 -0.06050)
(-0.11978 -0.02464 -0.05929)
(-0.11911 -0.02429 -0.06196)
(-0.10538 -0.03319 -0.06299)
(-0.09420 -0.04553 -0.05536)
(-0.09490 -0.04232 -0.05471)
(-0.08444 -0.05739 -0.04533)
(-0.07429 -0.07180 -0.03093)
(-0.06694 -0.07998 -0.02405)
(-0.05177 -0.09662 -0.00729)
(-0.04351 -0.10282 0.00166)
(-0.03977 -0.10369 0.00349)
(-0.03148 -0.10139 0.00101)
(-0.00479 -0.09494 0.00811)
(-0.00156 -0.09559 0.00911)
(-0.00036 -0.09814 0.01291)
(0.00225 -0.09653 0.01157)
(0.01024 -0.09896 0.01295)
(0.01843 -0.10840 0.02176)
(0.01937 -0.11723 0.03208)
(0.02317 -0.11356 0.03018)
(0.02620 -0.11511 0.02387)
(0.02552 -0.13034 0.04339)
(0.02586 -0.13106 0.04360)
(0.02582 -0.13361 0.04587)
(0.02813 -0.13367 0.04608)
(0.01954 -0.10823 0.04712)
(0.00729 -0.06377 0.03316)
(0.00329 -0.03187 0.01697)
(-0.00010 0.00106 -0.00057)
(-0.00121 0.01254 -0.00685)
(-0.00148 0.01609 -0.00877)
(0.00054 -0.00024 0.00020)
(0.00651 -0.00306 0.00237)
(-0.04133 0.01825 -0.01481)
(-0.14771 0.06094 -0.04884)
(-0.05697 0.02571 -0.01901)
(-0.18177 0.06505 -0.06230)
(-0.19343 0.06426 -0.06728)
(-0.16830 0.03514 -0.06005)
(-0.17116 0.04857 -0.05962)
(-0.16242 0.02992 -0.05939)
(-0.16071 0.02695 -0.05952)
(-0.15391 0.01946 -0.05822)
(-0.13271 -0.00714 -0.05551)
(-0.12296 -0.02137 -0.05779)
(-0.11951 -0.02480 -0.05669)
(-0.11595 -0.02901 -0.05514)
(-0.11586 -0.02882 -0.05782)
(-0.09503 -0.04856 -0.04644)
(-0.08795 -0.06237 -0.03486)
(-0.08329 -0.06717 -0.03141)
(-0.07571 -0.07875 -0.02110)
(-0.06559 -0.08945 -0.01362)
(-0.06364 -0.09104 -0.01181)
(-0.04536 -0.10550 0.00400)
(-0.04158 -0.10673 0.00610)
(-0.03967 -0.11044 0.01049)
(-0.03698 -0.10958 0.01024)
(-0.02578 -0.10943 0.01422)
(-0.00322 -0.09827 0.01246)
(-0.01441 -0.11928 0.02581)
(-0.00207 -0.10151 0.01693)
(0.00065 -0.10057 0.01678)
(0.01001 -0.11342 0.03216)
(0.01780 -0.12079 0.03982)
(0.01971 -0.12021 0.03680)
(0.02003 -0.12214 0.03993)
(0.02319 -0.14345 0.06264)
(0.02336 -0.14398 0.06110)
(0.02192 -0.13712 0.06032)
(0.01308 -0.08313 0.03774)
(0.00689 -0.04447 0.02039)
(0.00311 -0.02452 0.01268)
(0.00019 -0.00176 0.00095)
(-0.00130 0.01105 -0.00609)
(-0.00136 0.01307 -0.00714)
(-0.01309 0.00599 -0.00439)
(-0.03206 0.01311 -0.01109)
(-0.08790 0.03544 -0.03029)
(-0.03145 0.01100 -0.01147)
(-0.11046 0.03156 -0.03864)
(-0.14408 0.02793 -0.05241)
(-0.06068 0.01420 -0.02165)
(-0.09031 0.01496 -0.03332)
(-0.15446 0.02482 -0.05722)
(-0.15030 0.01868 -0.05630)
(-0.13465 -0.00279 -0.05420)
(-0.13184 -0.00326 -0.05053)
(-0.11916 -0.01920 -0.05008)
(-0.11809 -0.02557 -0.05473)
(-0.11123 -0.02557 -0.04152)
(-0.10086 -0.04254 -0.03432)
(-0.09387 -0.05279 -0.03551)
(-0.08937 -0.05918 -0.03263)
(-0.08588 -0.06625 -0.02190)
(-0.08116 -0.07842 -0.01687)
(-0.07077 -0.09400 -0.00810)
(-0.07061 -0.09492 -0.00607)
(-0.06907 -0.09831 -0.00348)
(-0.06953 -0.09820 -0.00411)
(-0.06727 -0.09582 -0.00376)
(-0.05030 -0.10482 0.00403)
(-0.05686 -0.10866 0.01220)
(-0.04315 -0.11112 0.01025)
(-0.03875 -0.11358 0.01404)
(-0.02982 -0.12090 0.02413)
(-0.01494 -0.13215 0.03848)
(-0.00694 -0.12058 0.03509)
(-0.01102 -0.13749 0.05072)
(-0.00379 -0.13402 0.04995)
(0.00531 -0.13030 0.04848)
(0.00786 -0.13054 0.04913)
(0.01060 -0.11154 0.04486)
(0.01282 -0.09996 0.04376)
(0.01680 -0.10866 0.04889)
(0.01726 -0.10839 0.04922)
(0.00638 -0.04155 0.02034)
(0.00516 -0.03312 0.01560)
(0.00378 -0.02456 0.01155)
(-0.00074 0.00491 -0.00233)
(-0.00616 0.00217 -0.00225)
(-0.01734 0.00481 -0.00635)
(-0.01705 0.00338 -0.00612)
(-0.00800 0.00085 -0.00283)
(-0.01764 -0.00150 -0.00569)
(-0.08403 -0.00314 -0.03003)
(-0.09124 -0.01321 -0.03217)
(-0.02501 -0.00590 -0.00788)
(-0.04558 -0.00964 -0.01520)
(-0.06529 -0.01893 -0.02307)
(-0.09262 -0.03907 -0.02558)
(-0.05854 -0.02457 -0.01556)
(-0.08313 -0.05022 -0.02055)
(-0.08636 -0.06671 -0.01927)
(-0.07403 -0.05338 -0.01071)
(-0.07770 -0.08127 -0.00511)
(-0.07417 -0.08826 -0.00214)
(-0.06850 -0.09946 0.00190)
(-0.06549 -0.10725 0.01754)
(-0.05889 -0.11432 0.02335)
(-0.05580 -0.11412 0.02415)
(-0.05204 -0.11174 0.02625)
(-0.03694 -0.12553 0.04299)
(-0.04302 -0.12365 0.02688)
(-0.03243 -0.13454 0.04148)
(-0.01818 -0.08617 0.03084)
(-0.01693 -0.11171 0.03737)
(-0.00352 -0.09359 0.04018)
(-0.00302 -0.10128 0.04043)
(-0.00137 -0.03277 0.01402)
(-0.00093 -0.04192 0.01832)
(0.00139 -0.02960 0.01320)
(0.00477 -0.04725 0.02104)
(-0.00021 0.00223 -0.00105)
(0.00159 -0.01186 0.00580)
(0.00095 -0.00655 0.00342)
(0.01983 0.00076 0.00630)
(0.01550 0.00362 0.00481)
(-0.01530 -0.00484 -0.00362)
(0.01370 0.00430 0.00316)
(0.00455 0.00239 0.00058)
(-0.03183 -0.01329 -0.00821)
(-0.02841 -0.01936 -0.00185)
(0.00049 0.00032 -0.00001)
(0.00039 0.00029 -0.00002)
(-0.02799 -0.02275 -0.00115)
(-0.04583 -0.04769 0.00194)
(-0.01016 -0.01036 0.00148)
(-0.02444 -0.03403 0.00968)
(-0.04053 -0.06066 0.01783)
(-0.01387 -0.02105 0.00656)
(-0.02069 -0.04367 0.01327)
(-0.02007 -0.05493 0.01868)
(-0.02381 -0.08216 0.02877)
(-0.00247 -0.00744 0.00275)
(-0.00430 -0.01409 0.00517)
(0.00044 0.00198 -0.00084)
(-0.01174 -0.05620 0.02046)
(-0.00538 -0.03291 0.01342)
(0.00222 0.01695 -0.00736)
(0.00030 0.00908 -0.00403)
(-0.00012 0.01802 -0.00842)
(-0.00162 0.02159 -0.01004)
(-0.00304 -0.00428 0.00128)
(-0.00497 -0.00757 0.00240)
(-0.00412 -0.00789 0.00283)
(0.00141 0.00412 -0.00166)
)