/*--------------------------------*- C++ -*----------------------------------*\ 
| =========                 |                                                 | 
| \\      /  F ield         | OpenFOAM: The Open Source CFD Toolbox           | 
|  \\    /   O peration     | Version:  4.0                                   | 
|   \\  /    A nd           | Web:      www.OpenFOAM.org                      | 
|    \\/     M anipulation  |                                                 | 
\*---------------------------------------------------------------------------*/ 
FoamFile 
{ 
    version     2.0; 
    format      ascii; 
    class       vectorAverageField; 
    object      values; 
} 
// * * * * * * * * * * * * * * * * * * * * * * * * * * * * * * * * * * * * * // 
 
// Average 
(0 0 0) 
 
// Velocity data on points 
2447
(
(0.00463 -0.00115 -0.00108)
(-0.00272 0.00036 0.00064)
(-0.00769 -0.00059 0.00266)
(-0.00289 -0.00027 0.00064)
(0.00410 0.00066 -0.00123)
(-0.01787 -0.00265 0.00695)
(-0.00700 -0.00120 0.00219)
(-0.01348 -0.00759 0.00265)
(-0.00150 -0.00080 0.00028)
(0.00204 0.00118 -0.00031)
(-0.00850 -0.00520 0.00132)
(-0.00162 -0.00107 0.00018)
(0.00118 0.00074 -0.00014)
(-0.00530 -0.00592 -0.00033)
(-0.00015 -0.00019 -0.00005)
(0.00038 0.00053 0.00014)
(-0.00119 -0.00200 -0.00064)
(-0.00005 -0.00009 -0.00004)
(-0.00008 0.00057 0.00029)
(0.00002 -0.00012 -0.00006)
(0.01011 -0.00520 -0.00077)
(-0.00214 0.00089 0.00038)
(0.00181 -0.00078 -0.00027)
(0.00076 -0.00027 -0.00019)
(-0.03115 0.01022 0.01064)
(-0.02616 0.00578 0.00821)
(-0.03087 0.00291 0.01029)
(-0.03181 -0.00243 0.01232)
(-0.05729 0.00152 0.02372)
(-0.05594 -0.00461 0.02217)
(-0.04339 -0.00688 0.01762)
(-0.02689 -0.00963 0.00754)
(-0.04178 -0.01492 0.01490)
(-0.02876 -0.01684 0.00597)
(-0.02208 -0.01429 0.00347)
(-0.01606 -0.01183 0.00154)
(-0.02922 -0.01939 0.00462)
(-0.02485 -0.01932 0.00201)
(-0.01543 -0.02060 -0.00285)
(-0.01019 -0.01228 -0.00110)
(-0.00548 -0.00838 -0.00215)
(-0.01031 -0.02414 -0.01325)
(-0.00962 -0.02157 -0.01191)
(-0.00333 -0.01086 -0.00696)
(-0.00094 -0.00528 -0.00395)
(-0.00074 -0.01423 -0.01123)
(0.00116 -0.00405 -0.00271)
(0.00047 -0.00163 -0.00059)
(0.00106 -0.00850 -0.00827)
(0.00046 -0.00148 -0.00013)
(-0.00007 0.00025 -0.00007)
(0.00493 -0.00227 -0.00015)
(-0.00223 0.00098 0.00016)
(-0.00827 0.00368 0.00094)
(-0.02320 0.00861 0.00471)
(-0.05942 0.02114 0.01290)
(-0.04813 0.01767 0.01224)
(-0.06267 0.01925 0.02299)
(-0.06714 0.01597 0.02680)
(-0.06733 0.01200 0.02432)
(-0.06245 0.00156 0.02666)
(-0.05757 -0.00926 0.02471)
(-0.05444 -0.01603 0.02315)
(-0.04494 -0.01898 0.01686)
(-0.03605 -0.02337 0.00854)
(-0.04685 -0.01977 0.01741)
(-0.04395 -0.02432 0.01492)
(-0.03380 -0.02441 0.00643)
(-0.02202 -0.02578 -0.00320)
(-0.02547 -0.03164 -0.00629)
(-0.01100 -0.03051 -0.01490)
(-0.00677 -0.03230 -0.01960)
(-0.00128 -0.03409 -0.02253)
(-0.00585 -0.02786 -0.01801)
(-0.00272 -0.02354 -0.02055)
(-0.00025 -0.01772 -0.01881)
(-0.00047 -0.02475 -0.02467)
(0.00301 -0.01777 -0.01761)
(0.00322 -0.01160 -0.00738)
(0.00204 -0.00859 -0.00306)
(-0.00193 -0.02009 -0.01638)
(-0.00115 -0.01207 -0.00720)
(0.00119 -0.00654 0.00001)
(0.00008 -0.00042 0.00014)
(-0.00057 -0.00588 0.00173)
(0.00043 0.00264 -0.00108)
(0.00083 0.00505 -0.00224)
(0.00025 -0.00011 0.00004)
(-0.00809 0.00357 -0.00032)
(-0.02326 0.01017 0.00050)
(-0.03859 0.01619 0.00404)
(-0.06128 0.02421 0.00425)
(-0.05952 0.02461 0.00646)
(-0.07456 0.02897 0.01008)
(-0.07269 0.02436 0.01626)
(-0.07282 0.02487 0.01661)
(-0.06815 0.01806 0.02226)
(-0.06372 0.00993 0.02826)
(-0.06825 0.01252 0.02882)
(-0.06622 0.01124 0.03089)
(-0.06814 0.00765 0.03137)
(-0.06505 0.00050 0.03274)
(-0.06328 -0.00800 0.03283)
(-0.06265 -0.01131 0.03206)
(-0.05984 -0.01708 0.02842)
(-0.04874 -0.02172 0.01895)
(-0.04519 -0.03191 0.00803)
(-0.03890 -0.03506 -0.00102)
(-0.02956 -0.03557 -0.01008)
(-0.01744 -0.03387 -0.01526)
(-0.00804 -0.03353 -0.02084)
(-0.00959 -0.03481 -0.02661)
(-0.00593 -0.03581 -0.03414)
(-0.00948 -0.03633 -0.03795)
(-0.00425 -0.02304 -0.02247)
(-0.00786 -0.02995 -0.03383)
(-0.00323 -0.02080 -0.01790)
(-0.00444 -0.01939 -0.01461)
(-0.00944 -0.02835 -0.01044)
(-0.00904 -0.02798 -0.00801)
(-0.00501 -0.01931 0.00032)
(-0.00126 -0.00590 0.00259)
(-0.00954 -0.02686 0.00155)
(-0.00621 -0.02116 0.00593)
(-0.00072 -0.00307 0.00165)
(-0.00025 -0.00124 0.00067)
(0.00508 -0.00180 0.00021)
(-0.01052 0.00440 -0.00115)
(-0.02601 0.01170 -0.00314)
(-0.05065 0.02070 -0.00285)
(-0.05806 0.02364 -0.00454)
(-0.05972 0.02002 0.00426)
(-0.06545 0.02080 0.00871)
(-0.06721 0.02270 0.01181)
(-0.06637 0.01815 0.01585)
(-0.06176 0.00813 0.02789)
(-0.06298 0.00837 0.02916)
(-0.06405 0.00807 0.03090)
(-0.06252 0.00678 0.03049)
(-0.06406 0.00637 0.03225)
(-0.06653 0.00355 0.03247)
(-0.06594 -0.00836 0.03472)
(-0.06502 -0.01061 0.03372)
(-0.06408 -0.01311 0.03226)
(-0.05840 -0.01895 0.02618)
(-0.05439 -0.03111 0.01324)
(-0.04596 -0.03384 0.00638)
(-0.03756 -0.03830 -0.00865)
(-0.03276 -0.04573 -0.02146)
(-0.02565 -0.04407 -0.02447)
(-0.02037 -0.04299 -0.02972)
(-0.01140 -0.04094 -0.04083)
(-0.01182 -0.03970 -0.04089)
(-0.01204 -0.03796 -0.04034)
(-0.01223 -0.03601 -0.03944)
(-0.01126 -0.03391 -0.02863)
(-0.01005 -0.02841 -0.01203)
(-0.01039 -0.02987 -0.00919)
(-0.01127 -0.03006 -0.01136)
(-0.01089 -0.02978 -0.00463)
(-0.01470 -0.03062 0.01134)
(-0.01600 -0.02902 0.00613)
(-0.01229 -0.03111 0.01326)
(-0.00557 -0.01820 0.01210)
(-0.00063 -0.00204 0.00136)
(-0.01146 -0.03770 0.02668)
(-0.00289 -0.00964 0.00698)
(-0.00017 -0.00055 0.00040)
(-0.00619 0.00194 0.00007)
(-0.01845 0.00624 0.00043)
(-0.04604 0.01532 0.00033)
(-0.05559 0.01629 0.00157)
(-0.05264 0.01168 0.00868)
(-0.05243 0.00953 0.01375)
(-0.05191 0.00958 0.01467)
(-0.05008 0.00798 0.01490)
(-0.04950 0.00784 0.01574)
(-0.05653 0.01002 0.01621)
(-0.06045 0.00784 0.02677)
(-0.05907 0.00612 0.02817)
(-0.06047 0.00576 0.03002)
(-0.06235 0.00540 0.03194)
(-0.06436 0.00496 0.03378)
(-0.06802 -0.00530 0.03722)
(-0.06695 -0.00991 0.03544)
(-0.06274 -0.01208 0.03552)
(-0.06246 -0.01679 0.03308)
(-0.06674 -0.01302 0.03421)
(-0.06550 -0.01484 0.03237)
(-0.05213 -0.03689 0.01385)
(-0.04961 -0.04102 0.01506)
(-0.05567 -0.04518 0.00892)
(-0.04761 -0.04061 0.00646)
(-0.03645 -0.04841 -0.00934)
(-0.03306 -0.05739 -0.02562)
(-0.02935 -0.05845 -0.02999)
(-0.02695 -0.05920 -0.03345)
(-0.02267 -0.04296 -0.03387)
(-0.01385 -0.04353 -0.04400)
(-0.01436 -0.04190 -0.04353)
(-0.01506 -0.03984 -0.04267)
(-0.01697 -0.04008 -0.03911)
(-0.01415 -0.03512 -0.02904)
(-0.02047 -0.02607 -0.01875)
(-0.01752 -0.02751 -0.00961)
(-0.02225 -0.02526 0.00200)
(-0.01589 -0.03608 0.00876)
(-0.01805 -0.04288 0.01737)
(-0.01729 -0.05418 0.03889)
(-0.01091 -0.03535 0.02569)
(-0.01382 -0.04372 0.03306)
(-0.00453 -0.01517 0.01135)
(-0.00216 -0.00737 0.00571)
(0.00358 -0.00117 -0.00026)
(-0.00074 0.00026 -0.00001)
(-0.03978 0.01076 0.00379)
(-0.05816 0.01221 0.00558)
(-0.05804 0.01240 0.00591)
(-0.04456 0.00605 0.01051)
(-0.04763 0.00605 0.01569)
(-0.04799 0.00666 0.01614)
(-0.04603 0.00555 0.01768)
(-0.04860 0.00477 0.01947)
(-0.04836 0.00181 0.02609)
(-0.05791 0.00475 0.02970)
(-0.05574 0.00146 0.03174)
(-0.05982 0.00395 0.03246)
(-0.06259 0.00420 0.03367)
(-0.06535 -0.00290 0.03687)
(-0.06219 0.00040 0.03839)
(-0.05522 -0.01130 0.03748)
(-0.05876 -0.01348 0.03764)
(-0.04782 -0.03067 0.02675)
(-0.05020 -0.03642 0.02164)
(-0.04693 -0.04778 0.01216)
(-0.05248 -0.05385 -0.00079)
(-0.03633 -0.06296 -0.02108)
(-0.03058 -0.06161 -0.02972)
(-0.02783 -0.06263 -0.03419)
(-0.02444 -0.06469 -0.04420)
(-0.01325 -0.05807 -0.05048)
(-0.01878 -0.05001 -0.05008)
(-0.01719 -0.04436 -0.04607)
(-0.02394 -0.03895 -0.04175)
(-0.02230 -0.03555 -0.03054)
(-0.02942 -0.03495 -0.03186)
(-0.02656 -0.02537 -0.01275)
(-0.02758 -0.02356 -0.00399)
(-0.02462 -0.02434 0.00091)
(-0.02102 -0.03323 0.00964)
(-0.02267 -0.03734 0.02115)
(-0.01868 -0.05174 0.03911)
(-0.01858 -0.05466 0.04197)
(-0.00705 -0.02326 0.01823)
(-0.01951 -0.05393 0.04429)
(-0.01438 -0.04493 0.03578)
(-0.00552 -0.01896 0.01560)
(-0.00041 -0.00151 0.00145)
(0.01180 -0.00398 -0.00054)
(-0.00040 0.00013 0.00002)
(-0.02182 0.00641 0.00226)
(-0.04234 0.01171 0.00448)
(-0.06011 0.01124 0.00990)
(-0.06091 0.01313 0.01141)
(-0.04948 0.00728 0.01046)
(-0.04694 0.00420 0.00949)
(-0.04240 0.00236 0.01793)
(-0.03491 0.00048 0.02109)
(-0.03708 0.00231 0.01811)
(-0.03062 -0.00072 0.02501)
(-0.03638 -0.00053 0.02905)
(-0.03933 -0.00002 0.03402)
(-0.03709 -0.00567 0.03456)
(-0.03089 -0.01257 0.03205)
(-0.04837 -0.01114 0.03643)
(-0.06859 -0.00946 0.04747)
(-0.05146 -0.02309 0.03417)
(-0.04198 -0.03587 0.02288)
(-0.03643 -0.04556 0.01693)
(-0.02458 -0.06066 0.00079)
(-0.01952 -0.06642 -0.01236)
(-0.00939 -0.07535 -0.02307)
(-0.02981 -0.06530 -0.02937)
(-0.02708 -0.06633 -0.03435)
(-0.01800 -0.07043 -0.04404)
(-0.01597 -0.06905 -0.04644)
(-0.01383 -0.07093 -0.05545)
(-0.01942 -0.05319 -0.04601)
(-0.02094 -0.04834 -0.04268)
(-0.03032 -0.04144 -0.03725)
(-0.03212 -0.02680 -0.01596)
(-0.02763 -0.02307 -0.00053)
(-0.02414 -0.03029 0.00711)
(-0.02081 -0.03807 0.01784)
(-0.02088 -0.03536 0.03202)
(-0.02218 -0.03554 0.02083)
(-0.01945 -0.03634 0.03689)
(-0.01757 -0.04538 0.04095)
(-0.01906 -0.05938 0.05048)
(-0.01760 -0.04913 0.04550)
(-0.01185 -0.04357 0.04253)
(-0.00362 -0.01301 0.01276)
(-0.00193 -0.00693 0.00764)
(0.00053 -0.00017 -0.00004)
(-0.01936 0.00618 0.00170)
(-0.05608 0.01463 0.00981)
(-0.06255 0.01655 0.01152)
(-0.05849 0.01085 0.01746)
(-0.04148 0.00410 0.02229)
(-0.04741 0.00592 0.01923)
(-0.04537 0.00429 0.01971)
(-0.04024 0.00292 0.02337)
(-0.03680 0.00132 0.02713)
(-0.03587 0.00071 0.02738)
(-0.02055 -0.00328 0.02782)
(-0.01727 -0.00513 0.03162)
(-0.01775 -0.00501 0.03142)
(-0.02237 -0.00399 0.03166)
(-0.02344 -0.00649 0.03065)
(-0.01891 -0.00589 0.03343)
(-0.01763 -0.00605 0.03667)
(-0.02248 -0.00705 0.03329)
(-0.02105 -0.01332 0.02999)
(-0.02867 -0.01382 0.03219)
(-0.03734 -0.01731 0.03619)
(-0.03850 -0.02217 0.03389)
(-0.02053 -0.04073 0.02041)
(0.00402 -0.05741 0.00674)
(0.00856 -0.06291 0.00207)
(0.01194 -0.07206 -0.00565)
(0.00168 -0.07645 -0.01884)
(-0.00347 -0.07958 -0.03260)
(0.00110 -0.07831 -0.04215)
(-0.00817 -0.07316 -0.04390)
(-0.01354 -0.07613 -0.05719)
(-0.01367 -0.07105 -0.05405)
(-0.01205 -0.05788 -0.03940)
(-0.02310 -0.04512 -0.03928)
(-0.01907 -0.04491 -0.02829)
(-0.02577 -0.03843 -0.01930)
(-0.02539 -0.03509 -0.00975)
(-0.02138 -0.03318 -0.00336)
(-0.02190 -0.03402 0.00246)
(-0.02487 -0.02775 0.01038)
(-0.02717 -0.02756 0.01898)
(-0.02359 -0.03252 0.02932)
(-0.02122 -0.03490 0.03347)
(-0.01872 -0.04080 0.04629)
(-0.01738 -0.05314 0.05472)
(-0.01640 -0.05905 0.06147)
(-0.00539 -0.02301 0.02342)
(0.00054 0.00290 -0.00277)
(-0.01208 -0.04340 0.04820)
(-0.00652 0.00238 0.00033)
(-0.03363 0.01056 0.00241)
(-0.04195 0.01416 0.00425)
(-0.05425 0.01588 0.00522)
(-0.05927 0.01299 0.01651)
(-0.04357 0.00556 0.02200)
(-0.03811 0.00368 0.02375)
(-0.03805 0.00304 0.02372)
(-0.03449 0.00162 0.02559)
(-0.02836 -0.00013 0.03100)
(-0.01592 -0.00515 0.03308)
(-0.01520 -0.00506 0.03369)
(-0.00967 -0.00725 0.03129)
(-0.00422 -0.00990 0.03327)
(-0.00170 -0.01200 0.03271)
(0.00111 -0.02017 0.02658)
(-0.00636 -0.01866 0.02677)
(0.00404 -0.02771 0.02646)
(0.02177 -0.03143 0.02101)
(-0.00356 -0.03077 0.02514)
(-0.00063 -0.04508 0.01345)
(0.01259 -0.05835 0.00546)
(0.01722 -0.06305 0.00148)
(0.02112 -0.06765 -0.00231)
(0.02137 -0.07683 -0.01500)
(0.01258 -0.08292 -0.02966)
(0.04455 -0.08373 -0.02458)
(0.01837 -0.08220 -0.03182)
(0.01244 -0.07956 -0.03569)
(0.01600 -0.07822 -0.03936)
(0.01100 -0.07394 -0.04048)
(-0.00028 -0.05894 -0.02650)
(-0.00507 -0.05490 -0.02521)
(-0.00377 -0.05266 -0.02091)
(-0.02030 -0.04349 -0.01683)
(-0.02115 -0.03964 -0.00556)
(-0.02176 -0.03464 -0.00043)
(-0.01983 -0.03427 0.00362)
(-0.02128 -0.03245 0.00641)
(-0.01963 -0.03227 0.02391)
(-0.02285 -0.03149 0.03231)
(-0.01410 -0.04357 0.04557)
(-0.01467 -0.03931 0.06118)
(-0.01699 -0.04760 0.06005)
(-0.01351 -0.04360 0.06419)
(-0.01653 -0.05565 0.06402)
(-0.00844 -0.04331 0.04480)
(-0.00035 -0.00378 0.00365)
(0.00010 0.00137 -0.00132)
(0.00212 -0.00071 -0.00009)
(-0.00322 0.00107 0.00005)
(-0.02316 0.00754 0.00113)
(-0.06140 0.01922 0.00430)
(-0.06334 0.01665 0.00653)
(-0.06870 0.02106 0.00447)
(-0.05345 0.01166 0.01172)
(-0.03897 0.00422 0.02279)
(-0.03438 0.00225 0.02580)
(-0.03401 0.00249 0.02550)
(-0.03121 0.00148 0.02829)
(-0.01722 -0.00297 0.03720)
(-0.00936 -0.00380 0.03237)
(-0.01389 -0.00487 0.03544)
(-0.00479 -0.00658 0.03279)
(0.01249 -0.01200 0.02956)
(0.01479 -0.01471 0.03303)
(0.00895 -0.01593 0.03514)
(0.02852 -0.03212 0.02006)
(0.02356 -0.03409 0.01908)
(0.03143 -0.03528 0.01733)
(0.02671 -0.03707 0.01675)
(0.02258 -0.05995 0.00355)
(0.02681 -0.06354 0.00048)
(0.03013 -0.06705 -0.00230)
(0.04113 -0.07109 -0.00645)
(0.06095 -0.08234 -0.01871)
(0.03895 -0.08372 -0.02694)
(0.05507 -0.08587 -0.02940)
(0.05159 -0.08347 -0.02891)
(0.04927 -0.08169 -0.02783)
(0.02204 -0.06656 -0.02395)
(0.00316 -0.05569 -0.01922)
(-0.00213 -0.05092 -0.01637)
(-0.00160 -0.04202 0.00212)
(-0.01791 -0.03543 0.00223)
(-0.01507 -0.03585 0.00624)
(-0.01408 -0.03434 0.01860)
(-0.01182 -0.03613 0.03787)
(-0.00967 -0.03639 0.04261)
(-0.01160 -0.03995 0.04293)
(-0.01185 -0.03950 0.06119)
(-0.01240 -0.04076 0.06217)
(-0.01229 -0.04277 0.06367)
(-0.01237 -0.04440 0.06509)
(-0.00296 -0.05685 0.05966)
(-0.00150 -0.01979 0.01926)
(-0.00046 -0.00775 0.00761)
(0.00045 0.00800 -0.00776)
(-0.00668 0.00213 -0.00042)
(-0.02457 0.00800 0.00019)
(-0.04401 0.01402 0.00117)
(-0.03835 0.01219 -0.00031)
(-0.06692 0.02033 0.00272)
(-0.06456 0.01901 0.00519)
(-0.03335 0.00280 0.02051)
(-0.03216 0.00234 0.01052)
(-0.03297 0.00215 0.02469)
(-0.03048 0.00158 0.02756)
(-0.01126 -0.00325 0.03076)
(0.00043 -0.00381 0.04116)
(-0.00257 -0.00702 0.03702)
(0.00815 -0.00749 0.03878)
(0.01252 -0.01175 0.03226)
(0.02164 -0.01410 0.02927)
(0.02499 -0.01575 0.03189)
(0.02779 -0.01835 0.03021)
(0.02996 -0.02594 0.02586)
(0.03802 -0.03608 0.01592)
(0.03544 -0.03880 0.01449)
(0.04236 -0.03986 0.01274)
(0.05306 -0.04993 0.00617)
(0.05498 -0.06570 -0.00447)
(0.05774 -0.06673 -0.00910)
(0.07610 -0.07498 -0.01724)
(0.08550 -0.07782 -0.02051)
(0.06874 -0.08598 -0.02771)
(0.06312 -0.08418 -0.02499)
(0.06064 -0.08330 -0.02566)
(0.05774 -0.08151 -0.02433)
(0.04560 -0.07036 -0.01747)
(0.01098 -0.05832 -0.01721)
(0.01390 -0.05720 -0.01261)
(0.00627 -0.05331 -0.01182)
(0.01932 -0.05142 0.00998)
(0.00939 -0.04144 0.01683)
(0.01309 -0.04235 0.02154)
(0.00463 -0.03922 0.02785)
(0.02363 -0.04570 0.03863)
(0.00698 -0.03820 0.04115)
(0.00223 -0.03857 0.04130)
(0.01400 -0.03899 0.05118)
(-0.00475 -0.03885 0.05682)
(-0.00918 -0.04035 0.06269)
(-0.01012 -0.04119 0.06327)
(-0.00983 -0.04218 0.06452)
(-0.00969 -0.04289 0.06569)
(-0.01088 -0.04396 0.06600)
(0.00149 -0.05138 0.07177)
(-0.00107 -0.05787 0.06693)
(-0.00092 -0.02392 0.02589)
(0.00013 0.00309 -0.00310)
(0.00035 -0.00011 0.00006)
(-0.00475 0.00126 -0.00095)
(-0.02649 0.00661 -0.00557)
(-0.06144 0.01886 0.00009)
(-0.04888 0.00996 -0.00294)
(-0.04420 0.00860 0.00152)
(-0.03000 0.00076 -0.00442)
(-0.03356 0.00307 0.00804)
(-0.02382 -0.00150 0.01778)
(-0.01037 -0.00419 0.01219)
(-0.00769 -0.00523 0.01404)
(-0.00868 -0.00331 0.02156)
(0.00284 -0.00562 0.02259)
(0.00524 -0.00382 0.03567)
(0.00506 -0.00544 0.04353)
(0.02161 -0.01172 0.03431)
(0.02679 -0.01377 0.03174)
(0.03069 -0.01804 0.03094)
(0.03512 -0.02017 0.02864)
(0.05205 -0.03011 0.01823)
(0.06200 -0.03593 0.01120)
(0.07082 -0.04574 0.00218)
(0.05936 -0.04764 0.00520)
(0.07780 -0.04840 -0.00384)
(0.08534 -0.06165 -0.00947)
(0.09635 -0.07127 -0.01795)
(0.08429 -0.06852 -0.01525)
(0.08812 -0.07194 -0.01895)
(0.08837 -0.07859 -0.02158)
(0.10118 -0.07720 -0.02507)
(0.09302 -0.08205 -0.01971)
(0.07717 -0.08065 -0.02362)
(0.07380 -0.08194 -0.01919)
(0.07337 -0.07701 -0.01347)
(0.05607 -0.07249 -0.01083)
(0.06954 -0.07171 0.00143)
(0.03623 -0.05912 0.00822)
(0.05706 -0.06523 0.01796)
(0.04056 -0.05364 0.03385)
(0.04235 -0.05418 0.03650)
(0.04676 -0.05866 0.04588)
(0.03372 -0.04800 0.05182)
(0.04833 -0.05444 0.06189)
(0.02656 -0.04721 0.05978)
(0.01445 -0.04391 0.05883)
(0.01304 -0.04378 0.06577)
(0.02099 -0.04924 0.07099)
(0.00212 -0.04720 0.06957)
(0.00486 -0.05052 0.07466)
(0.00415 -0.05648 0.07651)
(0.01392 -0.04944 0.07381)
(0.00287 -0.05024 0.07898)
(0.00324 -0.03087 0.03592)
(0.00019 -0.00187 0.00205)
(-0.00071 0.00407 -0.00441)
(-0.00227 0.00028 -0.00091)
(-0.01270 0.00296 -0.00296)
(-0.04686 0.00838 -0.01145)
(-0.02505 -0.00509 -0.01650)
(-0.02637 -0.00239 -0.01335)
(-0.01807 -0.00537 -0.00311)
(-0.01360 -0.00895 -0.01198)
(-0.00997 -0.00531 0.00446)
(-0.00779 -0.00534 0.01218)
(0.01009 -0.00692 0.00906)
(0.00831 -0.00719 0.01643)
(0.01552 -0.00968 0.02258)
(0.02008 -0.00973 0.02350)
(0.03046 -0.01209 0.02255)
(0.05024 -0.02133 0.01743)
(0.05540 -0.02390 0.01431)
(0.04746 -0.02240 0.01878)
(0.05921 -0.02882 0.01654)
(0.06727 -0.03641 0.01051)
(0.07727 -0.03777 0.00095)
(0.08432 -0.04021 -0.00624)
(0.09163 -0.05868 -0.00937)
(0.10662 -0.06935 -0.01715)
(0.09604 -0.06215 -0.01697)
(0.10166 -0.06383 -0.02294)
(0.10046 -0.06402 -0.02297)
(0.09506 -0.07670 -0.02213)
(0.08958 -0.07901 -0.01975)
(0.09615 -0.07481 -0.01323)
(0.09525 -0.07505 -0.01079)
(0.08668 -0.07548 0.00283)
(0.09075 -0.07670 0.01083)
(0.06554 -0.06949 0.01395)
(0.08127 -0.07459 0.01965)
(0.05325 -0.05878 0.03290)
(0.06025 -0.06390 0.03680)
(0.07338 -0.06969 0.05770)
(0.06895 -0.06720 0.06506)
(0.06970 -0.06763 0.06757)
(0.05595 -0.06102 0.06946)
(0.02627 -0.04796 0.06500)
(0.05118 -0.05956 0.07409)
(0.03282 -0.05276 0.07248)
(0.02689 -0.04935 0.07096)
(0.03196 -0.05199 0.07345)
(0.01773 -0.04984 0.07385)
(0.01614 -0.05295 0.07850)
(0.00056 -0.04829 0.08000)
(0.01914 -0.05351 0.07509)
(0.00675 -0.03782 0.04966)
(0.00140 -0.00817 0.00900)
(0.00175 -0.00371 0.00448)
(0.00380 -0.00039 0.00151)
(-0.01446 0.00143 -0.00615)
(-0.00144 0.00013 -0.00059)
(-0.01699 0.00103 -0.00758)
(-0.03326 -0.00107 -0.01574)
(-0.01702 -0.00909 -0.01626)
(-0.01666 -0.01004 -0.01686)
(-0.01072 -0.00789 -0.01460)
(-0.00307 -0.00788 -0.01276)
(-0.00382 -0.00971 -0.00739)
(0.01347 -0.01498 -0.01277)
(0.00781 -0.01202 -0.00244)
(0.01002 -0.00952 0.00096)
(0.03189 -0.01238 -0.00034)
(0.03414 -0.01215 0.00214)
(0.03304 -0.01196 0.01391)
(0.04816 -0.01904 0.01232)
(0.05666 -0.02375 0.01138)
(0.05990 -0.02621 0.01068)
(0.07243 -0.03507 0.00580)
(0.08322 -0.03651 -0.00425)
(0.08197 -0.03795 -0.00817)
(0.08908 -0.04192 -0.02479)
(0.08766 -0.04268 -0.00850)
(0.09335 -0.05114 -0.01811)
(0.10295 -0.05983 -0.02105)
(0.09882 -0.06104 -0.02351)
(0.09765 -0.06134 -0.02386)
(0.10012 -0.06471 -0.02307)
(0.10044 -0.07230 -0.01841)
(0.09766 -0.07477 -0.01421)
(0.09718 -0.07538 -0.01245)
(0.09985 -0.07961 -0.00618)
(0.09826 -0.08126 0.00623)
(0.09620 -0.08205 0.02201)
(0.10486 -0.08670 0.03472)
(0.10295 -0.08583 0.03853)
(0.09327 -0.07934 0.04425)
(0.08685 -0.07492 0.05860)
(0.07598 -0.07078 0.06672)
(0.07648 -0.07108 0.06905)
(0.07014 -0.06764 0.07031)
(0.06477 -0.06444 0.07441)
(0.05712 -0.06089 0.07569)
(0.04111 -0.05494 0.07365)
(0.03765 -0.05438 0.07168)
(0.03051 -0.05280 0.07193)
(0.04408 -0.05413 0.07203)
(0.03350 -0.05436 0.07495)
(0.04129 -0.05605 0.07598)
(0.02306 -0.04412 0.05452)
(0.00463 -0.00871 0.01034)
(0.00354 -0.00026 0.00140)
(-0.00611 0.00029 -0.00257)
(-0.03202 -0.00024 -0.01634)
(-0.02490 -0.00079 -0.01243)
(-0.03074 -0.00227 -0.01663)
(-0.00944 -0.00919 -0.01816)
(-0.00495 -0.00960 -0.01990)
(0.00233 -0.01022 -0.02166)
(0.01992 -0.01341 -0.01960)
(0.02217 -0.01296 -0.02001)
(0.01963 -0.01493 -0.00638)
(0.03423 -0.01321 -0.00472)
(0.03724 -0.01318 -0.00511)
(0.04028 -0.01348 -0.00549)
(0.03862 -0.01304 -0.00082)
(0.04923 -0.01836 -0.00327)
(0.05739 -0.02247 0.00266)
(0.06025 -0.02504 0.00613)
(0.06377 -0.02529 -0.01063)
(0.06313 -0.02802 0.00776)
(0.07864 -0.03340 -0.00906)
(0.07917 -0.03381 -0.01028)
(0.08538 -0.03922 -0.02509)
(0.08894 -0.04241 -0.02566)
(0.08808 -0.04246 -0.02660)
(0.09477 -0.05858 -0.02418)
(0.09360 -0.05921 -0.02504)
(0.09706 -0.06241 -0.02410)
(0.09652 -0.06382 -0.02447)
(0.09430 -0.07050 -0.02216)
(0.10004 -0.07575 -0.01896)
(0.09994 -0.08253 -0.00615)
(0.10457 -0.08474 -0.00511)
(0.10525 -0.08554 0.01328)
(0.10812 -0.08977 0.03285)
(0.10823 -0.09072 0.03619)
(0.10665 -0.08914 0.04100)
(0.10821 -0.09048 0.05126)
(0.08215 -0.07464 0.06818)
(0.08235 -0.07488 0.07028)
(0.07684 -0.07096 0.07153)
(0.08589 -0.07402 0.07659)
(0.06990 -0.06574 0.07637)
(0.06549 -0.06376 0.07609)
(0.07234 -0.06088 0.07758)
(0.06309 -0.05824 0.07612)
(0.05948 -0.05703 0.07526)
(0.06632 -0.05859 0.07429)
(0.06318 -0.05738 0.07344)
(0.06058 -0.05625 0.07236)
(0.04905 -0.05661 0.07392)
(0.03544 -0.05785 0.07004)
(0.03616 -0.05303 0.06237)
(0.00826 -0.01364 0.01589)
(-0.00240 0.00416 -0.00482)
(0.00130 -0.00004 0.00050)
(-0.00976 -0.00005 -0.00407)
(-0.01033 -0.00664 -0.01226)
(-0.01689 -0.00885 -0.01998)
(-0.00311 -0.01344 -0.01674)
(-0.00231 -0.01432 -0.02179)
(0.01257 -0.01793 -0.02193)
(0.02137 -0.01472 -0.02156)
(0.02335 -0.01348 -0.02197)
(0.03264 -0.01629 -0.02048)
(0.03465 -0.01632 -0.01909)
(0.03884 -0.01360 -0.00971)
(0.04150 -0.01365 -0.01012)
(0.04740 -0.01578 -0.01788)
(0.04376 -0.01414 -0.00674)
(0.05389 -0.01404 -0.01560)
(0.05745 -0.02119 -0.01731)
(0.06214 -0.02475 -0.02299)
(0.07273 -0.02572 -0.02106)
(0.07747 -0.03039 -0.01534)
(0.07886 -0.03592 -0.02488)
(0.08486 -0.03958 -0.02636)
(0.08138 -0.03760 -0.02771)
(0.08383 -0.04019 -0.02756)
(0.08077 -0.04761 -0.02792)
(0.07686 -0.05156 -0.03282)
(0.09307 -0.06063 -0.02547)
(0.08648 -0.06195 -0.02825)
(0.08377 -0.07089 -0.02873)
(0.08452 -0.07342 -0.02586)
(0.10232 -0.07980 -0.01240)
(0.10410 -0.08514 -0.01052)
(0.10821 -0.08968 0.00247)
(0.10590 -0.09168 0.02204)
(0.10830 -0.09296 0.03408)
(0.10845 -0.09189 0.04023)
(0.10681 -0.09587 0.05303)
(0.09472 -0.08497 0.06656)
(0.09391 -0.08829 0.07211)
(0.09863 -0.08337 0.07672)
(0.09611 -0.08007 0.08248)
(0.09039 -0.07264 0.08011)
(0.07665 -0.06739 0.08080)
(0.09344 -0.07101 0.08099)
(0.08145 -0.06656 0.07885)
(0.07097 -0.06012 0.07463)
(0.06817 -0.05807 0.07197)
(0.07507 -0.05687 0.06847)
(0.06459 -0.05781 0.06783)
(0.04184 -0.05755 0.06799)
(0.04889 -0.05456 0.06433)
(0.01261 -0.01849 0.02122)
(-0.00053 0.00083 -0.00095)
(-0.00030 -0.00007 0.00000)
(-0.00631 -0.00348 -0.00315)
(-0.00584 -0.00190 0.00092)
(-0.00460 -0.01073 -0.01087)
(-0.00177 -0.01287 -0.01291)
(0.00543 -0.01878 -0.01844)
(0.01655 -0.02236 -0.02105)
(0.02220 -0.02093 -0.02701)
(0.02241 -0.02035 -0.02390)
(0.02391 -0.01381 -0.02327)
(0.03317 -0.01823 -0.03070)
(0.03785 -0.01720 -0.02955)
(0.04408 -0.01549 -0.02652)
(0.04434 -0.01443 -0.03624)
(0.05574 -0.01718 -0.02929)
(0.06338 -0.01900 -0.03257)
(0.05648 -0.01845 -0.03396)
(0.06460 -0.02676 -0.02345)
(0.05741 -0.02342 -0.03506)
(0.06590 -0.02466 -0.02921)
(0.05899 -0.02709 -0.03651)
(0.05897 -0.03138 -0.03644)
(0.08027 -0.03854 -0.02925)
(0.06874 -0.04683 -0.03473)
(0.05726 -0.04616 -0.04392)
(0.07626 -0.05352 -0.03483)
(0.06815 -0.05703 -0.03623)
(0.07578 -0.06635 -0.03429)
(0.07395 -0.07075 -0.03329)
(0.08781 -0.08162 -0.02056)
(0.08482 -0.09011 -0.01427)
(0.10207 -0.09537 0.00169)
(0.09653 -0.10061 0.00857)
(0.09686 -0.10602 0.01430)
(0.10528 -0.10537 0.03725)
(0.10394 -0.10601 0.04578)
(0.10705 -0.10307 0.06856)
(0.10604 -0.10239 0.06904)
(0.09988 -0.08873 0.07723)
(0.09799 -0.08763 0.08160)
(0.09456 -0.07691 0.08045)
(0.09803 -0.07733 0.07999)
(0.08476 -0.06520 0.07972)
(0.08572 -0.06557 0.07483)
(0.07375 -0.05915 0.07104)
(0.09955 -0.06359 0.06810)
(0.08271 -0.05747 0.06639)
(0.07816 -0.05806 0.06487)
(0.08525 -0.05566 0.06073)
(0.06878 -0.05408 0.06175)
(0.02475 -0.02286 0.02549)
(0.00143 -0.00176 0.00188)
(-0.00121 -0.00029 0.00027)
(-0.00400 -0.00359 -0.00102)
(-0.00126 -0.01192 -0.00694)
(0.01638 -0.01887 -0.01259)
(0.01651 -0.02012 -0.01686)
(0.02161 -0.02001 -0.02410)
(0.03238 -0.02349 -0.03635)
(0.02794 -0.01951 -0.03097)
(0.03391 -0.02240 -0.03827)
(0.03599 -0.01732 -0.03992)
(0.04108 -0.01209 -0.04013)
(0.03934 -0.01298 -0.04311)
(0.04486 -0.01288 -0.03884)
(0.03616 -0.01204 -0.04811)
(0.05455 -0.01800 -0.03649)
(0.04701 -0.01598 -0.04143)
(0.03387 -0.01766 -0.05460)
(0.04886 -0.02489 -0.04382)
(0.04500 -0.02507 -0.04690)
(0.04690 -0.02693 -0.04513)
(0.04960 -0.03171 -0.04214)
(0.04944 -0.03708 -0.04059)
(0.04995 -0.04163 -0.04383)
(0.05761 -0.04881 -0.04078)
(0.05928 -0.05379 -0.03951)
(0.05052 -0.06423 -0.04547)
(0.05142 -0.06809 -0.04279)
(0.06899 -0.07972 -0.02959)
(0.06305 -0.09430 -0.02324)
(0.08122 -0.09691 -0.01076)
(0.08817 -0.10357 0.00137)
(0.08541 -0.10743 0.01722)
(0.09699 -0.10617 0.03143)
(0.09268 -0.10801 0.04124)
(0.10562 -0.10370 0.06735)
(0.10083 -0.10290 0.06970)
(0.10812 -0.09667 0.07619)
(0.10135 -0.09854 0.07997)
(0.09944 -0.08832 0.08357)
(0.10828 -0.08243 0.07912)
(0.09980 -0.07774 0.07826)
(0.09832 -0.07122 0.07837)
(0.11262 -0.07404 0.07654)
(0.11019 -0.07028 0.07507)
(0.10155 -0.06501 0.06882)
(0.09365 -0.05605 0.06393)
(0.09138 -0.05449 0.05950)
(0.08346 -0.05600 0.05956)
(0.04954 -0.03786 0.04167)
(0.02116 -0.01933 0.02150)
(0.00299 -0.00291 0.00323)
(0.00036 -0.00016 -0.00031)
(-0.00135 0.00021 0.00098)
(0.00196 -0.00285 0.00244)
(0.00828 -0.00819 -0.00101)
(0.01554 -0.01365 -0.00991)
(0.01908 -0.01453 -0.01439)
(0.02380 -0.01630 -0.02026)
(0.01998 -0.01408 -0.01706)
(0.02720 -0.01784 -0.03282)
(0.03206 -0.02158 -0.03850)
(0.03334 -0.02126 -0.04058)
(0.02169 -0.00783 -0.05165)
(0.03634 -0.01270 -0.04789)
(0.02911 -0.01014 -0.05205)
(0.01954 -0.00578 -0.06162)
(0.02994 -0.00948 -0.05504)
(0.01619 -0.00339 -0.06591)
(0.03159 -0.01056 -0.05798)
(0.02867 -0.01636 -0.05855)
(0.03158 -0.01822 -0.05605)
(0.03038 -0.01916 -0.05733)
(0.03194 -0.02238 -0.05738)
(0.04245 -0.03431 -0.04612)
(0.03647 -0.03125 -0.04707)
(0.03155 -0.03270 -0.05734)
(0.03764 -0.04199 -0.05735)
(0.04452 -0.04809 -0.04819)
(0.04374 -0.05310 -0.04852)
(0.03621 -0.05816 -0.05351)
(0.03582 -0.06009 -0.05313)
(0.05680 -0.07458 -0.03647)
(0.05727 -0.09336 -0.02604)
(0.06312 -0.09730 -0.02044)
(0.06700 -0.10231 -0.01620)
(0.06599 -0.10528 0.00751)
(0.08152 -0.10977 0.02689)
(0.07107 -0.11000 0.04115)
(0.08715 -0.11059 0.05117)
(0.08500 -0.10604 0.05999)
(0.09966 -0.10166 0.07823)
(0.09977 -0.10062 0.07894)
(0.10226 -0.09778 0.08042)
(0.10374 -0.09752 0.08062)
(0.11114 -0.07838 0.07658)
(0.11368 -0.07563 0.07666)
(0.11113 -0.07047 0.07433)
(0.11015 -0.06904 0.07408)
(0.10886 -0.06351 0.06953)
(0.10159 -0.05932 0.06407)
(0.09671 -0.05903 0.06476)
(0.09531 -0.05841 0.06290)
(0.08067 -0.04974 0.05793)
(0.04794 -0.03201 0.03817)
(0.00475 -0.00345 0.00409)
(0.00472 -0.00331 0.00401)
(-0.00002 0.00115 0.00143)
(0.00578 0.00002 0.00373)
(0.01676 -0.01147 -0.00895)
(0.01757 -0.01218 -0.01108)
(0.01887 -0.01293 -0.01414)
(0.01944 -0.01283 -0.01752)
(0.02532 -0.01350 -0.03231)
(0.02496 -0.01669 -0.04300)
(0.03155 -0.02112 -0.04132)
(0.01458 -0.00519 -0.05328)
(0.02087 -0.00811 -0.05640)
(0.01401 -0.00323 -0.06693)
(0.01119 -0.00213 -0.06795)
(0.01375 -0.00282 -0.06728)
(0.01043 -0.00638 -0.06888)
(0.02628 -0.01666 -0.06017)
(0.01968 -0.01508 -0.06459)
(0.02489 -0.01777 -0.06154)
(0.01816 -0.02060 -0.07272)
(0.01830 -0.02365 -0.07429)
(0.02376 -0.02390 -0.06886)
(0.02747 -0.03050 -0.06756)
(0.02239 -0.03166 -0.07846)
(0.02195 -0.03270 -0.07784)
(0.03164 -0.04652 -0.05983)
(0.03211 -0.05604 -0.05613)
(0.03153 -0.05798 -0.05584)
(0.03423 -0.06182 -0.05318)
(0.03700 -0.07691 -0.04350)
(0.05678 -0.09635 -0.02393)
(0.05327 -0.09941 -0.01701)
(0.05542 -0.10613 -0.00102)
(0.06513 -0.10916 0.01549)
(0.06582 -0.11084 0.03811)
(0.07134 -0.11048 0.04531)
(0.07108 -0.11116 0.04838)
(0.09708 -0.10347 0.07744)
(0.09735 -0.10279 0.07821)
(0.10084 -0.09988 0.07962)
(0.10254 -0.09939 0.08026)
(0.10951 -0.08699 0.07786)
(0.11772 -0.08509 0.07868)
(0.11214 -0.07492 0.07556)
(0.11196 -0.07159 0.07208)
(0.10734 -0.06044 0.06814)
(0.09864 -0.06074 0.06517)
(0.09655 -0.05980 0.06451)
(0.07643 -0.04737 0.05758)
(0.05498 -0.03612 0.04393)
(0.02942 -0.01997 0.02425)
(0.05521 -0.03596 0.04482)
(0.00756 -0.00517 0.00644)
(0.00005 0.00034 0.00036)
(0.00058 0.00248 0.00266)
(0.00064 0.00186 0.00165)
(0.00237 0.00585 0.00601)
(0.00938 0.00155 0.00132)
(0.01663 -0.00153 -0.00511)
(0.01837 -0.00965 -0.01101)
(0.01768 -0.00614 -0.01259)
(0.01882 -0.01143 -0.01412)
(0.01612 -0.01168 -0.03213)
(0.01727 -0.01011 -0.03385)
(0.01982 -0.01199 -0.04214)
(0.01165 -0.00538 -0.05180)
(0.00988 -0.00251 -0.05657)
(0.00248 -0.00280 -0.06152)
(0.00821 -0.00447 -0.06632)
(0.00574 -0.00025 -0.06955)
(0.00840 -0.00137 -0.06942)
(-0.00004 0.00017 -0.07368)
(-0.01531 -0.00359 -0.08448)
(0.01830 -0.01602 -0.06595)
(0.00177 -0.01607 -0.09035)
(-0.00421 -0.01968 -0.09366)
(0.01249 -0.02760 -0.08145)
(0.01702 -0.03101 -0.08345)
(0.01938 -0.03178 -0.08207)
(0.02195 -0.04111 -0.07233)
(0.02238 -0.05001 -0.06839)
(0.02771 -0.05530 -0.05935)
(0.02964 -0.06058 -0.05557)
(0.02031 -0.07148 -0.05283)
(0.03924 -0.08890 -0.03127)
(0.03506 -0.09351 -0.02203)
(0.03633 -0.10098 -0.01366)
(0.05304 -0.11106 0.01243)
(0.05773 -0.11182 0.03283)
(0.06669 -0.11091 0.04308)
(0.06710 -0.11175 0.04752)
(0.08163 -0.10927 0.06415)
(0.09263 -0.10866 0.07598)
(0.09870 -0.10200 0.07911)
(0.10213 -0.10325 0.08079)
(0.10941 -0.09611 0.08078)
(0.11004 -0.09584 0.08075)
(0.11605 -0.08413 0.07736)
(0.11324 -0.07783 0.07394)
(0.11298 -0.07412 0.07236)
(0.10679 -0.06841 0.06860)
(0.08829 -0.05401 0.06287)
(0.07694 -0.04715 0.05857)
(0.07449 -0.04640 0.05898)
(0.07116 -0.04539 0.05841)
(0.04717 -0.03064 0.03946)
(0.00735 -0.00517 0.00684)
(-0.00582 0.00413 -0.00550)
(0.00020 0.00019 0.00011)
(0.00252 0.00224 0.00126)
(0.01237 0.00532 0.00328)
(0.00981 0.00248 0.00195)
(0.01939 0.00381 0.00040)
(0.01856 -0.00014 -0.00588)
(0.02045 -0.00316 -0.00908)
(0.02021 -0.00687 -0.02142)
(0.01612 -0.00731 -0.02824)
(0.01398 -0.00977 -0.04309)
(0.01294 -0.01083 -0.04556)
(0.00580 -0.00599 -0.04878)
(0.00084 -0.00509 -0.05791)
(-0.01161 0.00229 -0.06471)
(-0.01093 0.00032 -0.06840)
(-0.01774 0.00399 -0.07124)
(-0.02863 0.00774 -0.07801)
(0.00276 0.00076 -0.07112)
(-0.01392 0.00215 -0.07739)
(-0.02948 0.00000 -0.09419)
(-0.01854 -0.00440 -0.08816)
(-0.01607 -0.01149 -0.09530)
(-0.01704 -0.01334 -0.09933)
(-0.00069 -0.02354 -0.09087)
(-0.00558 -0.02208 -0.10102)
(-0.00872 -0.02369 -0.10161)
(0.00679 -0.03494 -0.08625)
(0.00699 -0.04116 -0.08030)
(0.00767 -0.04213 -0.08381)
(0.01062 -0.05665 -0.06814)
(0.01301 -0.06831 -0.05627)
(0.01687 -0.07830 -0.04773)
(0.02016 -0.08975 -0.03251)
(0.02164 -0.09452 -0.02674)
(0.03467 -0.10408 -0.00105)
(0.03523 -0.10393 0.00674)
(0.06219 -0.11057 0.04124)
(0.05908 -0.11377 0.04983)
(0.06694 -0.11691 0.05890)
(0.07064 -0.11449 0.06654)
(0.08634 -0.11275 0.07401)
(0.09190 -0.11040 0.07575)
(0.10535 -0.10267 0.08017)
(0.10751 -0.09749 0.08333)
(0.11140 -0.08897 0.08061)
(0.10786 -0.08730 0.08007)
(0.10933 -0.07602 0.07580)
(0.09192 -0.06591 0.07530)
(0.09110 -0.06135 0.07127)
(0.08563 -0.05990 0.07527)
(0.07467 -0.04810 0.07174)
(0.06118 -0.04146 0.06166)
(0.03829 -0.02553 0.03686)
(0.01078 -0.00720 0.01051)
(-0.00418 0.00302 -0.00415)
(0.00274 0.00056 0.00021)
(0.01532 0.00245 0.00055)
(0.02239 0.00263 -0.00397)
(0.02331 0.00043 -0.01049)
(0.02339 0.00024 -0.01291)
(0.02161 -0.00474 -0.01960)
(0.01239 -0.00581 -0.03483)
(0.01597 -0.00668 -0.02814)
(0.01076 -0.00711 -0.04132)
(0.00439 -0.00602 -0.04895)
(0.00918 -0.00874 -0.04674)
(-0.00336 -0.00085 -0.05305)
(-0.00957 -0.00255 -0.05935)
(-0.02047 -0.00059 -0.06326)
(-0.02271 0.00072 -0.06477)
(-0.01582 0.00291 -0.06836)
(-0.03054 0.00716 -0.06620)
(-0.02936 0.00864 -0.07263)
(-0.04582 0.01027 -0.07976)
(-0.03500 0.00520 -0.08801)
(-0.03799 0.00341 -0.09339)
(-0.03361 0.00085 -0.09739)
(-0.03303 -0.00682 -0.11073)
(-0.04305 -0.00912 -0.12596)
(-0.01639 -0.01958 -0.11127)
(-0.01451 -0.02121 -0.11165)
(-0.01857 -0.02557 -0.11174)
(-0.01103 -0.02744 -0.10308)
(-0.00429 -0.03336 -0.09685)
(-0.00040 -0.03933 -0.09030)
(0.00481 -0.04869 -0.07423)
(0.00458 -0.05649 -0.07038)
(0.00907 -0.07513 -0.05409)
(0.00839 -0.07927 -0.04661)
(0.00548 -0.08736 -0.03745)
(0.02557 -0.09752 -0.01106)
(0.02799 -0.10121 0.00449)
(0.03672 -0.11312 0.02350)
(0.04022 -0.11712 0.03619)
(0.05639 -0.11709 0.04866)
(0.06506 -0.11856 0.06415)
(0.07461 -0.11909 0.06595)
(0.08729 -0.11484 0.07417)
(0.08377 -0.11872 0.07972)
(0.09853 -0.10416 0.08124)
(0.10599 -0.09812 0.08498)
(0.09361 -0.09889 0.09298)
(0.09377 -0.09500 0.09193)
(0.09304 -0.08552 0.08926)
(0.09106 -0.09209 0.09296)
(0.08823 -0.07262 0.08475)
(0.07908 -0.05954 0.07873)
(0.07728 -0.05849 0.07764)
(0.06834 -0.04873 0.06731)
(0.02101 -0.01536 0.02133)
(0.00295 -0.00263 0.00364)
(-0.00113 0.00101 -0.00140)
(0.00056 0.00011 0.00003)
(0.00878 0.00145 0.00030)
(0.02255 0.00288 -0.00018)
(0.02492 0.00060 -0.00656)
(0.02413 -0.00319 -0.01645)
(0.02201 -0.00531 -0.02084)
(0.01939 -0.00465 -0.02661)
(0.00699 -0.00373 -0.04280)
(0.00483 -0.00421 -0.04557)
(0.00205 -0.00415 -0.04823)
(-0.00593 -0.00067 -0.05513)
(-0.02253 -0.00001 -0.06365)
(-0.02473 0.00138 -0.06460)
(-0.02930 0.00350 -0.06571)
(-0.04504 0.01491 -0.07562)
(-0.05451 0.01558 -0.08119)
(-0.04990 0.01091 -0.09091)
(-0.05885 0.01125 -0.10309)
(-0.04605 0.00108 -0.10351)
(-0.06171 0.00934 -0.10933)
(-0.04854 -0.00220 -0.11741)
(-0.04781 -0.00720 -0.12906)
(-0.04144 -0.01070 -0.12854)
(-0.03633 -0.01348 -0.12788)
(-0.02363 -0.02117 -0.12364)
(-0.01900 -0.02545 -0.11074)
(-0.01118 -0.02800 -0.10824)
(-0.01528 -0.02917 -0.10491)
(-0.00698 -0.04084 -0.08485)
(-0.01129 -0.04370 -0.08534)
(-0.00149 -0.06095 -0.06993)
(0.00241 -0.07723 -0.04862)
(0.00329 -0.08387 -0.04109)
(0.00651 -0.08931 -0.03290)
(0.01431 -0.09405 -0.01549)
(0.03052 -0.11433 0.01884)
(0.03737 -0.10955 0.02102)
(0.04502 -0.10157 0.02600)
(0.05827 -0.11446 0.05133)
(0.07208 -0.11938 0.06745)
(0.07667 -0.11866 0.07106)
(0.07847 -0.11887 0.07331)
(0.08612 -0.10913 0.07531)
(0.08993 -0.10174 0.09004)
(0.08966 -0.09571 0.09480)
(0.09026 -0.08546 0.09299)
(0.08474 -0.07457 0.08687)
(0.07643 -0.07243 0.08843)
(0.07701 -0.06431 0.08416)
(0.07199 -0.05752 0.08302)
(0.06814 -0.05067 0.06808)
(0.02285 -0.01751 0.02322)
(0.00164 -0.00120 0.00168)
(0.00040 0.00011 -0.00007)
(0.01210 0.00320 -0.00249)
(0.02267 0.00135 -0.00956)
(0.02847 -0.00221 -0.01593)
(0.02595 -0.00303 -0.01588)
(0.02291 -0.00389 -0.02805)
(0.01675 -0.00438 -0.03409)
(0.02151 -0.00431 -0.02967)
(0.00653 -0.00441 -0.04400)
(0.00421 -0.00435 -0.04621)
(0.00365 -0.00454 -0.04702)
(0.00108 -0.00411 -0.04895)
(-0.00107 -0.00337 -0.05038)
(-0.02556 0.00182 -0.06309)
(-0.02640 0.00157 -0.06471)
(-0.03075 0.00308 -0.06562)
(-0.04930 0.01493 -0.07795)
(-0.05595 0.01453 -0.08014)
(-0.06018 0.01258 -0.09774)
(-0.07050 0.01670 -0.10718)
(-0.07111 0.01503 -0.11139)
(-0.05483 -0.00035 -0.11973)
(-0.05202 -0.00585 -0.13208)
(-0.04655 -0.00842 -0.13203)
(-0.04537 -0.00931 -0.13501)
(-0.04083 -0.01158 -0.13998)
(-0.02325 -0.02329 -0.11623)
(-0.03165 -0.01794 -0.11771)
(-0.01748 -0.03427 -0.10725)
(-0.01175 -0.04572 -0.08297)
(-0.00934 -0.05704 -0.07462)
(0.00429 -0.08605 -0.03768)
(0.02058 -0.09180 -0.00644)
(0.02978 -0.10094 0.00577)
(0.04683 -0.10786 0.03380)
(0.07420 -0.11896 0.06894)
(0.07917 -0.11987 0.07628)
(0.08783 -0.09929 0.09671)
(0.08177 -0.08422 0.09531)
(0.02639 -0.02100 0.02778)
(0.00269 0.00015 -0.00043)
(0.01853 0.00199 -0.00779)
(0.03081 0.00079 -0.02100)
(0.02949 0.00115 -0.01314)
(0.02984 -0.00005 -0.02284)
(0.02852 -0.00052 -0.02416)
(0.01598 -0.00513 -0.03574)
(0.00602 -0.00487 -0.04518)
(0.00302 -0.00459 -0.04797)
(0.00014 -0.00399 -0.04975)
(-0.00639 -0.00416 -0.05608)
(-0.02620 0.00290 -0.06446)
(-0.03566 0.00840 -0.06793)
(-0.03472 0.00625 -0.06606)
(-0.05520 0.01502 -0.07343)
(-0.05244 0.01538 -0.07629)
(-0.06520 0.01775 -0.07886)
(-0.06953 0.01621 -0.09365)
(-0.07457 0.01896 -0.09111)
(-0.07223 0.01709 -0.10691)
(-0.07247 0.01558 -0.11214)
(-0.07055 0.01106 -0.12052)
(-0.06181 0.00002 -0.13707)
(-0.05285 -0.00605 -0.13730)
(-0.04968 -0.00744 -0.13853)
(-0.03794 -0.01429 -0.14050)
(-0.00381 -0.00007 0.00089)
(0.01066 -0.00005 -0.00366)
(0.03305 0.00048 -0.01648)
(0.03254 0.00000 -0.01931)
(0.02830 -0.00155 -0.02503)
(0.02230 -0.00408 -0.03092)
(0.01504 -0.00559 -0.03792)
(0.01200 -0.00517 -0.04061)
(0.01201 -0.00552 -0.04142)
(0.00161 -0.00405 -0.04995)
(-0.00677 -0.00360 -0.05659)
(-0.01410 0.00015 -0.06018)
(-0.03293 0.00567 -0.06763)
(-0.03577 0.00692 -0.06867)
(-0.04423 0.01194 -0.07274)
(-0.05481 0.01704 -0.07456)
(-0.06676 0.02035 -0.07978)
(-0.07183 0.01964 -0.09233)
(-0.07359 0.01733 -0.10661)
(-0.07362 0.01049 -0.12718)
(-0.07179 0.00495 -0.14294)
(-0.00365 0.00003 0.00101)
(0.00256 -0.00002 -0.00074)
(0.01707 -0.00081 -0.00605)
(0.02875 -0.00272 -0.02395)
(0.02686 -0.00326 -0.02641)
(0.02126 -0.00417 -0.03358)
(0.01251 -0.00452 -0.04167)
(0.00261 -0.00495 -0.05332)
(-0.00443 -0.00438 -0.05938)
(-0.01429 0.00117 -0.06320)
(-0.02970 0.00480 -0.06667)
(-0.03445 0.00771 -0.06847)
(-0.04209 0.00990 -0.07181)
(-0.05687 0.01636 -0.07970)
(-0.06195 0.01820 -0.08090)
(-0.06699 0.01831 -0.08578)
(-0.07521 0.02070 -0.09859)
(0.00080 -0.00003 -0.00023)
(0.01607 -0.00039 -0.00970)
(0.02285 -0.00157 -0.01820)
(0.02816 -0.00231 -0.02464)
(0.02557 -0.00308 -0.02797)
(0.02449 -0.00296 -0.02927)
(0.01830 -0.00295 -0.03943)
(0.00893 -0.00258 -0.04784)
(0.00130 -0.00219 -0.05346)
(0.00350 -0.00074 -0.05365)
(-0.00947 0.00198 -0.06454)
(-0.01520 0.00479 -0.06646)
(-0.02260 0.00417 -0.06900)
(-0.02130 0.00762 -0.07090)
(-0.03114 0.00923 -0.07013)
(-0.04712 0.01312 -0.07401)
(0.00207 -0.00007 -0.00072)
(0.02333 -0.00111 -0.01385)
(0.02728 -0.00210 -0.02572)
(0.03051 0.00071 -0.02649)
(0.02737 -0.00089 -0.03090)
(0.02366 -0.00074 -0.03732)
(0.01410 -0.00196 -0.04731)
(0.00449 -0.00065 -0.05315)
(-0.01257 0.00361 -0.06872)
(-0.01799 0.00641 -0.07019)
(-0.00044 -0.00001 0.00018)
(0.01069 0.00110 -0.00634)
(0.02346 0.00174 -0.01897)
(-0.03096 -0.01674 -0.12197)
(-0.01486 -0.04018 -0.08919)
(0.00064 -0.08041 -0.04597)
(0.00791 -0.08584 -0.03330)
(0.04022 -0.09713 0.01674)
(0.06533 -0.11707 0.05619)
(0.07569 -0.11936 0.07208)
(0.08145 -0.10916 0.08767)
(0.08238 -0.09583 0.09731)
(0.07178 -0.07976 0.09825)
(0.07357 -0.07115 0.08904)
(0.06338 -0.05363 0.07419)
(0.06283 -0.05234 0.07155)
(0.06215 -0.05082 0.06856)
(0.00599 -0.00470 0.00614)
(-0.05278 -0.00630 -0.14698)
(-0.03992 -0.01290 -0.13726)
(-0.03232 -0.01552 -0.13276)
(-0.03017 -0.02236 -0.11916)
(-0.02161 -0.03638 -0.09840)
(-0.01487 -0.04246 -0.08665)
(-0.01456 -0.04917 -0.08022)
(-0.01267 -0.05837 -0.07280)
(0.00174 -0.08252 -0.04324)
(0.00398 -0.07479 -0.04481)
(0.01864 -0.08980 -0.01354)
(0.02802 -0.09596 0.00034)
(0.03893 -0.09454 0.01113)
(0.04315 -0.09900 0.01936)
(0.05258 -0.10992 0.03828)
(0.07215 -0.11865 0.06602)
(0.07346 -0.11925 0.07019)
(0.07746 -0.12012 0.07749)
(0.07410 -0.11912 0.09915)
(0.07898 -0.10639 0.10260)
(0.07329 -0.10022 0.10341)
(0.07374 -0.09017 0.10110)
(0.06789 -0.08258 0.10155)
(0.06325 -0.06618 0.08742)
(0.06270 -0.05470 0.07367)
(0.06237 -0.05237 0.06859)
(0.02445 -0.01984 0.02516)
(0.00247 -0.00197 0.00245)
(-0.07355 0.00312 -0.15459)
(-0.06569 -0.00021 -0.15413)
(-0.06428 -0.00038 -0.15581)
(-0.05407 -0.00531 -0.15776)
(-0.05104 -0.00730 -0.15075)
(-0.04903 -0.00635 -0.13893)
(-0.03955 -0.01206 -0.12394)
(-0.03842 -0.01956 -0.11541)
(-0.01858 -0.03844 -0.09048)
(-0.03495 -0.02669 -0.10582)
(-0.01973 -0.04215 -0.08762)
(-0.01758 -0.04767 -0.08122)
(-0.00320 -0.06515 -0.05823)
(0.00152 -0.07128 -0.05129)
(0.01220 -0.08024 -0.03077)
(0.02110 -0.08357 -0.01809)
(0.02922 -0.08340 -0.01019)
(0.04383 -0.09933 0.01760)
(0.05178 -0.10784 0.02787)
(0.06373 -0.11239 0.04787)
(0.06792 -0.11723 0.05970)
(0.06982 -0.12268 0.08307)
(0.06769 -0.12501 0.10619)
(0.06893 -0.11704 0.10180)
(0.07006 -0.10188 0.10659)
(0.07031 -0.09066 0.10397)
(0.06473 -0.09221 0.10654)
(0.06400 -0.07944 0.10102)
(0.06443 -0.07480 0.09377)
(0.06504 -0.07550 0.09153)
(0.06229 -0.05778 0.07754)
(0.06212 -0.05313 0.06701)
(0.03277 -0.02683 0.03084)
(0.00760 -0.00626 0.00663)
(-0.00296 0.00241 -0.00249)
(-0.07694 0.01287 -0.11340)
(-0.07621 0.00869 -0.12695)
(-0.07589 0.00693 -0.14019)
(-0.07394 0.00362 -0.15314)
(-0.07309 0.00302 -0.15723)
(-0.07188 0.00382 -0.16710)
(-0.06184 -0.00065 -0.15643)
(-0.06201 0.00059 -0.15400)
(-0.06233 0.00103 -0.14313)
(-0.05948 -0.00130 -0.13690)
(-0.05055 -0.00730 -0.12508)
(-0.04409 -0.02025 -0.11388)
(-0.02507 -0.03270 -0.09901)
(-0.02470 -0.03642 -0.09501)
(-0.01589 -0.04900 -0.07948)
(-0.00036 -0.05545 -0.06520)
(0.00536 -0.05887 -0.06152)
(0.01272 -0.07499 -0.03619)
(0.01959 -0.07684 -0.02930)
(0.03355 -0.08878 -0.00972)
(0.04124 -0.09543 0.00120)
(0.05082 -0.10023 0.01602)
(0.05860 -0.10797 0.03434)
(0.06367 -0.11458 0.05689)
(0.06831 -0.11890 0.07141)
(0.06516 -0.11565 0.07241)
(0.06813 -0.11715 0.08752)
(0.06382 -0.10889 0.10102)
(0.06802 -0.10727 0.10718)
(0.06369 -0.09816 0.10599)
(0.06400 -0.08718 0.10363)
(0.06527 -0.06985 0.08712)
(0.06317 -0.07840 0.09152)
(0.06465 -0.06627 0.07857)
(0.05788 -0.05728 0.06595)
(0.00788 -0.00657 0.00608)
(-0.00702 0.00593 -0.00499)
(0.04579 -0.04625 0.04993)
(-0.05593 0.01683 -0.08002)
(-0.05921 0.01734 -0.08168)
(-0.06115 0.01819 -0.08411)
(-0.07072 0.01597 -0.09738)
(-0.07657 0.01395 -0.11320)
(-0.07929 0.01249 -0.11752)
(-0.07805 0.01075 -0.11709)
(-0.08007 0.00993 -0.13120)
(-0.08038 0.00877 -0.14499)
(-0.07774 0.00680 -0.15681)
(-0.07836 0.00793 -0.16539)
(-0.07644 0.00772 -0.16484)
(-0.07122 0.00601 -0.15408)
(-0.06197 0.00072 -0.13912)
(-0.06101 0.00002 -0.13534)
(-0.04758 -0.01347 -0.12266)
(-0.03693 -0.02792 -0.10835)
(-0.02513 -0.03481 -0.10451)
(-0.02008 -0.04354 -0.08720)
(-0.02230 -0.03270 -0.10448)
(0.00066 -0.05428 -0.06819)
(0.00427 -0.05574 -0.06451)
(0.00861 -0.05905 -0.05853)
(0.02961 -0.07752 -0.02500)
(0.03722 -0.09128 -0.00455)
(0.03573 -0.08760 -0.00895)
(0.04599 -0.09451 0.00386)
(0.05649 -0.10777 0.03396)
(0.05475 -0.10191 0.02588)
(0.06233 -0.11208 0.04857)
(0.06532 -0.11212 0.06000)
(0.06543 -0.11618 0.07541)
(0.06441 -0.10451 0.09147)
(0.06408 -0.10222 0.10604)
(0.06412 -0.09838 0.10459)
(0.06399 -0.09460 0.10397)
(0.06464 -0.07768 0.08178)
(0.06464 -0.07361 0.07816)
(0.06350 -0.06879 0.07082)
(0.03871 -0.03657 0.03525)
(0.00494 -0.00446 0.00405)
(0.02365 -0.02123 0.01703)
(0.00459 -0.00404 0.00313)
(-0.02014 0.00766 -0.07125)
(-0.02317 0.00881 -0.07170)
(-0.03291 0.01129 -0.07486)
(-0.05506 0.01732 -0.08015)
(-0.05789 0.01771 -0.08184)
(-0.05656 0.01814 -0.08172)
(-0.05988 0.01849 -0.08417)
(-0.06849 0.01738 -0.10439)
(-0.06624 0.01990 -0.09225)
(-0.07193 0.01690 -0.11102)
(-0.07708 0.01508 -0.12066)
(-0.08269 0.01320 -0.13950)
(-0.08246 0.01302 -0.14726)
(-0.07648 0.00826 -0.15792)
(-0.08014 0.00878 -0.16524)
(-0.07892 0.00896 -0.16452)
(-0.07975 0.01015 -0.16355)
(-0.07967 0.01147 -0.15755)
(-0.06442 0.00266 -0.14099)
(-0.06313 0.00169 -0.13743)
(-0.05345 -0.00683 -0.13065)
(-0.03700 -0.02294 -0.11588)
(-0.02663 -0.02865 -0.10940)
(-0.02281 -0.03149 -0.10683)
(-0.00846 -0.04470 -0.07699)
(0.00333 -0.05324 -0.06713)
(0.00769 -0.05656 -0.06100)
(0.00665 -0.05419 -0.06363)
(0.02538 -0.06667 -0.03977)
(0.03320 -0.06778 -0.03636)
(0.04591 -0.08590 -0.00843)
(0.05274 -0.08798 -0.00257)
(0.06513 -0.10997 0.05081)
(0.06538 -0.11107 0.05740)
(0.06554 -0.11300 0.06599)
(0.06543 -0.10530 0.08065)
(0.06439 -0.10207 0.10480)
(0.06447 -0.09853 0.10343)
(0.06437 -0.09483 0.10280)
(0.06347 -0.08924 0.09564)
(0.06385 -0.07658 0.07743)
(0.06173 -0.06312 0.05790)
(0.02091 -0.01924 0.01420)
(-0.00455 0.00403 -0.00279)
(0.00156 -0.00141 0.00100)
(0.02887 0.00365 -0.02975)
(0.02336 0.00282 -0.03974)
(0.02131 0.00079 -0.04230)
(0.01419 0.00049 -0.05313)
(0.00957 0.00048 -0.05970)
(0.00648 0.00219 -0.05957)
(-0.00796 0.00377 -0.06483)
(-0.01697 0.00641 -0.07058)
(-0.01595 0.00650 -0.07125)
(-0.01901 0.00773 -0.07177)
(-0.02227 0.00901 -0.07213)
(-0.03117 0.01321 -0.07733)
(-0.04701 0.01728 -0.08125)
(-0.05463 0.01850 -0.08384)
(-0.06301 0.02153 -0.09202)
(-0.07148 0.01979 -0.10885)
(-0.08199 0.01986 -0.11909)
(-0.08217 0.01512 -0.14087)
(-0.08318 0.01412 -0.14487)
(-0.08062 0.01102 -0.15315)
(-0.08348 0.01162 -0.15760)
(-0.08097 0.00992 -0.16437)
(-0.08175 0.01116 -0.16332)
(-0.08100 0.01100 -0.15702)
(-0.07133 0.00573 -0.14800)
(-0.06288 -0.00060 -0.14178)
(-0.05543 -0.00694 -0.13641)
(-0.04671 -0.01440 -0.12335)
(-0.02785 -0.02724 -0.11194)
(-0.02331 -0.03056 -0.10954)
(-0.01380 -0.03875 -0.09495)
(0.00062 -0.04638 -0.07935)
(0.00652 -0.04845 -0.07379)
(0.01616 -0.05489 -0.05750)
(0.03251 -0.06025 -0.04446)
(0.04025 -0.06813 -0.03571)
(0.04395 -0.07382 -0.02448)
(0.05214 -0.07875 -0.01546)
(0.05706 -0.09187 0.00714)
(0.06165 -0.10307 0.03419)
(0.06532 -0.10955 0.05153)
(0.06559 -0.11050 0.05833)
(0.06563 -0.11194 0.06401)
(0.06631 -0.10944 0.07559)
(0.06567 -0.10449 0.10135)
(0.06040 -0.10120 0.09051)
(0.06375 -0.09784 0.09370)
(0.05693 -0.08256 0.08874)
(0.06405 -0.07898 0.07870)
(0.06435 -0.07334 0.07108)
(0.06202 -0.06799 0.06314)
(0.04927 -0.04890 0.04003)
(0.01147 -0.01064 0.00779)
(0.00209 0.00025 -0.00138)
(0.00502 0.00075 -0.00395)
(0.02716 0.00451 -0.02967)
(0.02221 0.00401 -0.04286)
(0.01200 0.00555 -0.05329)
(0.01248 0.00235 -0.05714)
(0.00385 0.00184 -0.06474)
(-0.00274 0.00183 -0.06953)
(-0.00759 0.00418 -0.07272)
(-0.00819 0.00412 -0.07213)
(-0.02058 0.00822 -0.07615)
(-0.03433 0.01054 -0.08043)
(-0.03508 0.01228 -0.07784)
(-0.04536 0.01681 -0.07978)
(-0.04954 0.02056 -0.08146)
(-0.07136 0.02234 -0.08961)
(-0.07538 0.02283 -0.09247)
(-0.07640 0.02360 -0.10370)
(-0.08817 0.02608 -0.11445)
(-0.08759 0.01881 -0.13110)
(-0.10075 0.02714 -0.12990)
(-0.09347 0.02017 -0.14908)
(-0.09562 0.02238 -0.14964)
(-0.09021 0.01639 -0.15989)
(-0.09340 0.01982 -0.15669)
(-0.09034 0.01578 -0.15556)
(-0.08458 0.01585 -0.15278)
(-0.07428 0.00713 -0.14833)
(-0.06478 -0.00158 -0.14357)
(-0.05009 -0.01307 -0.13400)
(-0.03910 -0.02114 -0.12956)
(-0.02929 -0.02792 -0.12373)
(-0.01245 -0.03716 -0.10641)
(-0.00307 -0.03746 -0.09387)
(0.00511 -0.04367 -0.08624)
(0.01990 -0.05115 -0.06436)
(0.03157 -0.05723 -0.04899)
(0.03628 -0.06483 -0.04112)
(0.04933 -0.07499 -0.02411)
(0.05162 -0.08471 -0.00519)
(0.05550 -0.09298 0.01563)
(0.06118 -0.10425 0.04271)
(0.06026 -0.10485 0.07337)
(0.05487 -0.10130 0.05887)
(0.06336 -0.10740 0.08994)
(0.05284 -0.09402 0.08370)
(0.05272 -0.08854 0.09142)
(0.05086 -0.08066 0.08758)
(0.05698 -0.07451 0.07825)
(0.05463 -0.06843 0.06607)
(0.03290 -0.04453 0.04588)
(0.01655 -0.02239 0.02262)
(0.00626 -0.00842 0.00839)
(0.00141 0.00036 -0.00127)
(0.01707 0.00641 -0.03121)
(0.01429 0.00683 -0.05093)
(0.00426 0.00846 -0.06134)
(0.00330 0.00806 -0.06254)
(0.00137 0.00742 -0.06476)
(0.00010 0.00215 -0.07112)
(-0.00312 0.00724 -0.06976)
(-0.00749 0.00505 -0.07557)
(-0.01370 0.00579 -0.08089)
(-0.02916 0.00588 -0.08257)
(-0.03681 0.01171 -0.08400)
(-0.04427 0.01402 -0.08202)
(-0.04633 0.01777 -0.08058)
(-0.05957 0.02165 -0.08389)
(-0.07013 0.02294 -0.08847)
(-0.09170 0.02741 -0.09559)
(-0.09333 0.02919 -0.10120)
(-0.09368 0.02550 -0.11942)
(-0.11297 0.03564 -0.12409)
(-0.10728 0.03165 -0.13678)
(-0.10782 0.03146 -0.14023)
(-0.10069 0.02324 -0.15171)
(-0.11080 0.03058 -0.14327)
(-0.09660 0.01932 -0.15575)
(-0.09140 0.01545 -0.15418)
(-0.08436 0.01488 -0.15312)
(-0.07639 0.00616 -0.14999)
(-0.06275 -0.00740 -0.14510)
(-0.05554 -0.00961 -0.14049)
(-0.05769 -0.01179 -0.14386)
(-0.03864 -0.02208 -0.13247)
(-0.02425 -0.03288 -0.12980)
(-0.01747 -0.03628 -0.12373)
(-0.01273 -0.03705 -0.11601)
(-0.00381 -0.03756 -0.10233)
(0.00426 -0.03890 -0.09220)
(0.01891 -0.04853 -0.07811)
(0.01890 -0.05050 -0.07225)
(0.02818 -0.05607 -0.06305)
(0.03529 -0.05840 -0.05144)
(0.04545 -0.07211 -0.03037)
(0.04225 -0.06966 -0.03754)
(0.04630 -0.07844 -0.02071)
(0.04657 -0.08120 -0.01124)
(0.05232 -0.09343 0.02680)
(0.05339 -0.09866 0.05001)
(0.05629 -0.10160 0.07886)
(0.05138 -0.09851 0.06258)
(0.04921 -0.09682 0.08536)
(0.03134 -0.08025 0.08316)
(0.04526 -0.08393 0.08433)
(0.03057 -0.07522 0.08086)
(0.04580 -0.07127 0.07316)
(0.04401 -0.06610 0.06601)
(0.02909 -0.07400 0.07992)
(0.03428 -0.05202 0.05137)
(0.00536 -0.01046 0.01062)
(0.00035 0.00013 -0.00043)
(0.00996 0.00505 -0.03225)
(0.00108 0.00765 -0.04840)
(0.00025 0.00888 -0.06563)
(-0.00181 0.00787 -0.06802)
(-0.00409 0.00911 -0.06906)
(-0.00560 0.00836 -0.07095)
(-0.01639 0.00864 -0.08106)
(-0.02902 0.01143 -0.08615)
(-0.04637 0.01323 -0.08644)
(-0.04577 0.01719 -0.08492)
(-0.06362 0.02278 -0.08796)
(-0.06966 0.02031 -0.08966)
(-0.07830 0.02375 -0.09053)
(-0.10262 0.03136 -0.09568)
(-0.10314 0.03189 -0.09778)
(-0.10753 0.03318 -0.09910)
(-0.09721 0.02896 -0.11463)
(-0.11709 0.03805 -0.12127)
(-0.11539 0.03678 -0.12590)
(-0.11563 0.03502 -0.12930)
(-0.11383 0.03082 -0.13489)
(-0.10658 0.02552 -0.14250)
(-0.09588 0.01307 -0.14498)
(-0.08958 0.01262 -0.15002)
(-0.08752 0.01064 -0.14526)
(-0.06330 -0.00828 -0.14545)
(-0.05928 -0.01184 -0.14458)
(-0.05299 -0.01541 -0.14332)
(-0.03051 -0.02993 -0.13452)
(-0.01767 -0.03540 -0.12423)
(-0.00778 -0.03782 -0.11314)
(0.00317 -0.04365 -0.09944)
(0.02016 -0.04943 -0.08508)
(0.02738 -0.05401 -0.07021)
(0.02995 -0.05596 -0.06710)
(0.03771 -0.06457 -0.04820)
(0.04478 -0.07646 -0.02464)
(0.04537 -0.07916 -0.01945)
(0.05101 -0.08913 0.01760)
(0.05049 -0.08799 0.00465)
(0.05079 -0.09576 0.03838)
(0.04358 -0.09703 0.04977)
(0.04805 -0.09658 0.06990)
(0.04150 -0.09692 0.05579)
(0.03154 -0.08159 0.07687)
(0.02499 -0.07706 0.08177)
(0.02563 -0.07463 0.08059)
(0.03462 -0.06730 0.06689)
(0.02596 -0.04643 0.04723)
(0.02085 -0.06802 0.07463)
(0.00623 -0.01443 0.01465)
(0.00120 -0.00289 0.00293)
(-0.00042 -0.00028 0.00052)
(0.00193 0.00384 -0.02244)
(-0.00199 0.00839 -0.03200)
(-0.00325 0.01043 -0.06724)
(-0.00859 0.01021 -0.07112)
(-0.02942 0.01500 -0.08418)
(-0.03768 0.01467 -0.08540)
(-0.05057 0.01579 -0.08790)
(-0.07228 0.02408 -0.09211)
(-0.07879 0.02500 -0.09252)
(-0.08019 0.02542 -0.09166)
(-0.08661 0.02494 -0.09199)
(-0.10848 0.03218 -0.09590)
(-0.10797 0.03303 -0.09704)
(-0.11269 0.03496 -0.09802)
(-0.12016 0.03997 -0.10972)
(-0.11969 0.03972 -0.12209)
(-0.12257 0.03686 -0.11887)
(-0.12619 0.03708 -0.12089)
(-0.11340 0.03062 -0.13475)
(-0.11003 0.02361 -0.13337)
(-0.09525 0.01171 -0.14246)
(-0.09246 0.00896 -0.14257)
(-0.07548 -0.00383 -0.14217)
(-0.06121 -0.01198 -0.14394)
(-0.05521 -0.01487 -0.14385)
(-0.03513 -0.03094 -0.13184)
(-0.02649 -0.03353 -0.12529)
(-0.01034 -0.03936 -0.10849)
(-0.01127 -0.04187 -0.11285)
(0.00122 -0.04433 -0.10124)
(0.00975 -0.04859 -0.09034)
(0.02603 -0.05532 -0.07392)
(0.02669 -0.05457 -0.07248)
(0.02905 -0.05663 -0.06891)
(0.03069 -0.05850 -0.06587)
(0.03625 -0.06765 -0.04311)
(0.04356 -0.07556 -0.02769)
(0.04340 -0.07759 -0.02293)
(0.04714 -0.08829 -0.00873)
(0.04549 -0.09070 0.01637)
(0.04269 -0.08963 0.01374)
(0.04169 -0.09643 0.04536)
(0.03970 -0.09653 0.05160)
(0.03734 -0.09025 0.06464)
(0.03737 -0.09639 0.05647)
(0.02258 -0.07798 0.08199)
(0.02244 -0.07539 0.08112)
(0.02007 -0.07682 0.08150)
(0.01486 -0.06259 0.06933)
(0.00927 -0.03618 0.03843)
(0.00108 -0.00622 0.00674)
(-0.00027 0.00363 -0.00396)
(-0.00050 -0.00154 0.00340)
(-0.00048 0.00070 -0.00157)
(-0.00576 0.00750 -0.02355)
(-0.01520 0.01539 -0.06907)
(-0.03475 0.01687 -0.07884)
(-0.03007 0.01626 -0.08189)
(-0.05541 0.01667 -0.09034)
(-0.05015 0.01686 -0.09194)
(-0.06790 0.02057 -0.09208)
(-0.07662 0.02437 -0.09356)
(-0.08284 0.02561 -0.09348)
(-0.08525 0.02613 -0.09278)
(-0.10083 0.03006 -0.09366)
(-0.10232 0.02877 -0.09223)
(-0.11755 0.03345 -0.09306)
(-0.11345 0.03432 -0.09667)
(-0.11799 0.03667 -0.09730)
(-0.12480 0.03900 -0.10078)
(-0.13459 0.04700 -0.10069)
(-0.13285 0.04644 -0.11068)
(-0.15194 0.05428 -0.10527)
(-0.13268 0.04142 -0.11247)
(-0.12525 0.03308 -0.11847)
(-0.12018 0.03102 -0.12413)
(-0.11940 0.02766 -0.12368)
(-0.09717 0.01200 -0.13937)
(-0.09376 0.00841 -0.13986)
(-0.08481 0.00077 -0.13760)
(-0.06803 -0.01690 -0.13244)
(-0.05770 -0.01443 -0.14337)
(-0.06037 -0.02270 -0.13222)
(-0.04801 -0.02310 -0.13342)
(-0.03318 -0.03250 -0.12857)
(-0.02419 -0.03626 -0.11575)
(-0.00085 -0.04454 -0.10168)
(0.00260 -0.04623 -0.09800)
(0.01255 -0.05363 -0.08113)
(0.02562 -0.05859 -0.06998)
(0.02776 -0.05704 -0.06999)
(0.02938 -0.05915 -0.06623)
(0.03318 -0.06999 -0.04967)
(0.03650 -0.07755 -0.03248)
(0.04040 -0.08822 -0.01798)
(0.04081 -0.09129 -0.00426)
(0.03748 -0.09429 0.03174)
(0.03265 -0.09381 0.01830)
(0.03885 -0.09701 0.04741)
(0.03676 -0.09715 0.05320)
(0.01453 -0.09155 0.07140)
(0.01898 -0.08430 0.07097)
(0.01216 -0.08419 0.07862)
(0.01581 -0.07463 0.08095)
(0.00101 -0.02434 0.02869)
(-0.00438 -0.02628 0.03134)
(-0.00005 -0.00050 0.00058)
(0.00217 -0.00314 0.00691)
(-0.01783 0.01476 -0.03921)
(-0.02840 0.01740 -0.06824)
(0.00327 -0.00361 0.00639)
(-0.00414 0.00456 -0.00904)
(-0.03980 0.01874 -0.07542)
(-0.04506 0.01510 -0.08189)
(-0.05068 0.01474 -0.08705)
(-0.06997 0.01851 -0.08601)
(-0.07007 0.01980 -0.09223)
(-0.07853 0.02162 -0.09485)
(-0.08230 0.02153 -0.09563)
(-0.09133 0.02410 -0.09357)
(-0.09438 0.02396 -0.09460)
(-0.08926 0.02720 -0.09335)
(-0.13224 0.03408 -0.09586)
(-0.13425 0.03989 -0.09370)
(-0.13433 0.04068 -0.09498)
(-0.15583 0.04867 -0.09205)
(-0.15569 0.05186 -0.09576)
(-0.15607 0.05228 -0.09540)
(-0.15243 0.05600 -0.09755)
(-0.15789 0.05782 -0.10041)
(-0.14640 0.04725 -0.10703)
(-0.14514 0.04331 -0.10949)
(-0.12559 0.03318 -0.11890)
(-0.11972 0.02376 -0.11864)
(-0.10343 0.01530 -0.13340)
(-0.09650 0.00656 -0.13320)
(-0.08966 0.00118 -0.13198)
(-0.07727 -0.01393 -0.12486)
(-0.07201 -0.01997 -0.12522)
(-0.05535 -0.02539 -0.12451)
(-0.04060 -0.03349 -0.12320)
(-0.03011 -0.04006 -0.10448)
(-0.01993 -0.04327 -0.09766)
(-0.01317 -0.04152 -0.10459)
(-0.00217 -0.04461 -0.09831)
(0.00470 -0.05010 -0.08045)
(0.01445 -0.05658 -0.07011)
(0.02613 -0.06677 -0.05830)
(0.02983 -0.06300 -0.06448)
(0.03362 -0.07097 -0.05553)
(0.03148 -0.07743 -0.04027)
(0.03477 -0.08287 -0.03260)
(0.04019 -0.08660 -0.02449)
(0.03521 -0.09061 -0.00890)
(0.03689 -0.08882 -0.01456)
(0.03389 -0.09815 0.01446)
(0.03561 -0.09643 0.03829)
(0.03242 -0.10076 0.02322)
(0.02676 -0.10127 0.04276)
(0.03725 -0.09878 0.04917)
(0.02545 -0.09744 0.06425)
(0.01035 -0.09354 0.07462)
(0.00324 -0.09052 0.08037)
(0.00425 -0.08583 0.07869)
(-0.00502 -0.03148 0.03624)
(0.00055 0.00216 -0.00268)
(-0.00070 -0.00337 0.00399)
(-0.00289 0.00167 -0.00491)
(-0.02399 0.01221 -0.04200)
(-0.04732 0.01391 -0.05330)
(-0.07240 0.01990 -0.08075)
(-0.07943 0.01948 -0.08374)
(-0.08809 0.02392 -0.09140)
(-0.10659 0.02335 -0.09162)
(-0.12409 0.03200 -0.09657)
(-0.14434 0.03171 -0.09809)
(-0.15190 0.04299 -0.09460)
(-0.16148 0.04755 -0.09330)
(-0.16289 0.05417 -0.09287)
(-0.18241 0.06211 -0.09019)
(-0.17106 0.06033 -0.09531)
(-0.17831 0.06231 -0.09353)
(-0.15513 0.04833 -0.10069)
(-0.15418 0.04345 -0.09996)
(-0.14845 0.03985 -0.10188)
(-0.14495 0.03522 -0.10203)
(-0.11614 0.01899 -0.11901)
(-0.12709 0.01971 -0.10466)
(-0.10490 0.00821 -0.11919)
(-0.09071 -0.00635 -0.11914)
(-0.08572 -0.01081 -0.11782)
(-0.07568 -0.02250 -0.11413)
(-0.06975 -0.02642 -0.10412)
(-0.06344 -0.02339 -0.11701)
(-0.05117 -0.03380 -0.10300)
(-0.04287 -0.03685 -0.10162)
(-0.03401 -0.04290 -0.08872)
(-0.01959 -0.04552 -0.08105)
(-0.01380 -0.04633 -0.08583)
(-0.00294 -0.05038 -0.07674)
(0.00357 -0.05733 -0.06702)
(0.01426 -0.06107 -0.06013)
(0.02789 -0.07562 -0.05008)
(0.03032 -0.07184 -0.05341)
(0.03142 -0.07813 -0.03903)
(0.03383 -0.08215 -0.03387)
(0.03455 -0.09138 -0.01607)
(0.03277 -0.10231 -0.00029)
(0.03506 -0.09960 0.00148)
(0.03281 -0.10238 0.02131)
(0.03072 -0.10780 0.03242)
(0.01600 -0.10247 0.05271)
(0.00653 -0.09346 0.07158)
(0.01066 -0.10069 0.06708)
(0.00462 -0.09517 0.07825)
(0.00297 -0.09450 0.07910)
(-0.00277 -0.06584 0.06063)
(-0.00528 -0.02637 0.02837)
(0.00061 0.00172 -0.00194)
(0.00176 0.00767 -0.00920)
(-0.00535 0.00165 -0.00614)
(-0.02426 0.00735 -0.02759)
(-0.03477 0.00935 -0.03754)
(-0.07586 0.01965 -0.08052)
(-0.08390 0.01997 -0.08312)
(-0.09981 0.02374 -0.08801)
(-0.08236 0.01987 -0.08206)
(-0.12392 0.02979 -0.09098)
(-0.13044 0.02987 -0.09418)
(-0.14325 0.03117 -0.09784)
(-0.14675 0.03568 -0.09509)
(-0.14939 0.03402 -0.09749)
(-0.16105 0.04296 -0.09453)
(-0.17835 0.05311 -0.09023)
(-0.18126 0.06098 -0.09063)
(-0.19373 0.06653 -0.08685)
(-0.19031 0.06540 -0.08753)
(-0.19112 0.06501 -0.08699)
(-0.17270 0.05535 -0.09425)
(-0.15727 0.04296 -0.09849)
(-0.15166 0.03970 -0.09996)
(-0.14871 0.03579 -0.09995)
(-0.14334 0.03085 -0.10072)
(-0.10880 0.00432 -0.10941)
(-0.10264 -0.00006 -0.11214)
(-0.09034 -0.01781 -0.10151)
(-0.08427 -0.02621 -0.09918)
(-0.07641 -0.02763 -0.09981)
(-0.05900 -0.03720 -0.08955)
(-0.05623 -0.03870 -0.08625)
(-0.05361 -0.04022 -0.08242)
(-0.02464 -0.04925 -0.07372)
(-0.01711 -0.04734 -0.07697)
(-0.00339 -0.05713 -0.06735)
(0.00965 -0.06570 -0.05107)
(0.01893 -0.07071 -0.04538)
(0.02657 -0.08460 -0.02944)
(0.03077 -0.08371 -0.03663)
(0.02828 -0.08715 -0.02749)
(0.02835 -0.08764 -0.02406)
(0.03228 -0.09231 -0.01621)
(0.03333 -0.10244 -0.00209)
(0.03315 -0.10535 0.00279)
(0.03300 -0.10555 0.00466)
(0.03321 -0.10864 0.00764)
(0.03001 -0.11173 0.01881)
(0.02309 -0.11465 0.04286)
(0.02076 -0.12789 0.05440)
(0.01217 -0.10828 0.05982)
(0.00540 -0.10063 0.06907)
(-0.00382 -0.09758 0.07686)
(-0.00380 -0.07772 0.06189)
(-0.00695 -0.04856 0.04569)
(-0.00199 -0.00824 0.00787)
(0.00189 0.00470 -0.00512)
(-0.00905 0.00248 -0.00991)
(-0.00853 0.00216 -0.00889)
(-0.05439 0.01349 -0.05523)
(-0.08789 0.02059 -0.08211)
(-0.12282 0.02926 -0.09032)
(-0.13510 0.03975 -0.08643)
(-0.13548 0.04028 -0.08690)
(-0.16222 0.04888 -0.08881)
(-0.17693 0.05627 -0.08586)
(-0.18649 0.06689 -0.08158)
(-0.19152 0.06664 -0.08838)
(-0.19639 0.06614 -0.08576)
(-0.19512 0.06682 -0.08607)
(-0.19537 0.06596 -0.08534)
(-0.19139 0.06363 -0.08628)
(-0.17955 0.05049 -0.08700)
(-0.15558 0.03972 -0.09799)
(-0.15331 0.03630 -0.09761)
(-0.13998 0.01968 -0.09405)
(-0.11480 -0.00042 -0.09793)
(-0.10206 -0.00923 -0.10094)
(-0.08665 -0.03341 -0.08792)
(-0.08432 -0.03528 -0.08671)
(-0.08249 -0.03719 -0.08483)
(-0.06096 -0.03833 -0.08591)
(-0.06772 -0.03945 -0.08039)
(-0.05850 -0.04000 -0.08271)
(-0.05575 -0.04148 -0.07925)
(-0.03583 -0.05150 -0.06354)
(-0.02721 -0.05848 -0.05377)
(-0.01875 -0.06120 -0.05625)
(-0.01433 -0.04884 -0.07396)
(0.00281 -0.06508 -0.05123)
(-0.00101 -0.07256 -0.03714)
(0.01077 -0.06739 -0.04781)
(0.02609 -0.08420 -0.02877)
(0.02756 -0.08680 -0.02663)
(0.02899 -0.08937 -0.02468)
(0.02945 -0.09619 -0.01612)
(0.03388 -0.10248 -0.00304)
(0.03345 -0.10512 0.00109)
(0.03279 -0.10467 0.00091)
(0.03304 -0.10796 0.00593)
(0.02615 -0.12019 0.03591)
(0.03053 -0.12380 0.02467)
(0.02324 -0.12929 0.04532)
(0.01488 -0.12628 0.06007)
(0.02092 -0.13129 0.05343)
(0.00878 -0.13269 0.07429)
(0.00553 -0.12343 0.07440)
(-0.00466 -0.03595 0.03056)
(0.00080 -0.04300 0.02719)
(-0.00090 -0.00602 0.00522)
(-0.04759 0.01129 -0.04527)
(-0.01202 0.00288 -0.01173)
(-0.05923 0.01729 -0.04108)
(-0.13062 0.03539 -0.08647)
(-0.15081 0.04634 -0.08483)
(-0.15143 0.04628 -0.08569)
(-0.17194 0.05679 -0.08379)
(-0.18229 0.06469 -0.08134)
(-0.18745 0.06790 -0.08036)
(-0.19669 0.07123 -0.08392)
(-0.20421 0.07281 -0.08096)
(-0.19976 0.06796 -0.08370)
(-0.19744 0.06317 -0.08302)
(-0.16396 0.03542 -0.08658)
(-0.16389 0.02789 -0.08433)
(-0.14133 0.01178 -0.08489)
(-0.12005 0.00061 -0.09280)
(-0.11194 -0.00835 -0.09348)
(-0.09149 -0.03043 -0.08721)
(-0.08572 -0.03636 -0.08367)
(-0.08350 -0.03869 -0.08153)
(-0.07522 -0.04171 -0.07407)
(-0.06065 -0.04163 -0.07902)
(-0.06738 -0.05111 -0.06207)
(-0.06392 -0.05044 -0.06123)
(-0.05791 -0.04300 -0.07613)
(-0.04804 -0.05440 -0.05953)
(-0.03548 -0.06116 -0.04948)
(-0.02445 -0.06908 -0.03871)
(-0.01064 -0.07351 -0.03462)
(0.00346 -0.07907 -0.02704)
(0.00670 -0.07296 -0.03651)
(0.01053 -0.07669 -0.02568)
(0.01937 -0.07983 -0.02715)
(0.02682 -0.08627 -0.02590)
(0.02763 -0.08866 -0.02334)
(0.02836 -0.09117 -0.02084)
(0.02934 -0.09186 -0.02156)
(0.03093 -0.10241 -0.00894)
(0.03166 -0.11515 0.00805)
(0.03322 -0.10757 0.00418)
(0.03207 -0.12281 0.01697)
(0.02826 -0.12967 0.02885)
(0.02458 -0.13303 0.04211)
(0.02346 -0.13844 0.05227)
(0.01391 -0.13444 0.06609)
(0.00558 -0.10938 0.06327)
(0.00767 -0.09932 0.05252)
(0.00369 -0.08473 0.04976)
(0.00059 -0.02323 0.01411)
(0.00006 -0.00772 0.00496)
(-0.00075 0.00026 -0.00054)
(-0.02044 0.00685 -0.01458)
(-0.00517 0.00175 -0.00308)
(-0.10146 0.02915 -0.05808)
(-0.16859 0.05705 -0.08289)
(-0.08709 0.03364 -0.04305)
(-0.15835 0.05268 -0.08103)
(-0.17653 0.06968 -0.07703)
(-0.18498 0.06708 -0.07974)
(-0.20523 0.07658 -0.07721)
(-0.20022 0.07284 -0.08015)
(-0.20766 0.07433 -0.07579)
(-0.20889 0.07600 -0.07709)
(-0.21677 0.07533 -0.07519)
(-0.20365 0.06168 -0.07866)
(-0.19253 0.04893 -0.07574)
(-0.17947 0.03191 -0.07733)
(-0.17937 0.02982 -0.07676)
(-0.15286 0.00932 -0.07622)
(-0.12329 -0.00710 -0.08274)
(-0.13329 -0.00630 -0.07623)
(-0.11396 -0.01346 -0.08451)
(-0.10634 -0.02473 -0.07942)
(-0.09299 -0.03585 -0.07687)
(-0.08407 -0.04401 -0.07277)
(-0.08353 -0.04359 -0.06354)
(-0.07164 -0.06229 -0.05074)
(-0.06796 -0.06683 -0.04518)
(-0.05442 -0.07106 -0.03687)
(-0.04937 -0.06777 -0.04129)
(-0.03766 -0.06599 -0.03605)
(-0.04999 -0.07196 -0.03448)
(-0.03430 -0.06637 -0.03105)
(-0.02165 -0.07344 -0.02955)
(-0.00497 -0.07563 -0.01961)
(0.00473 -0.07884 -0.02261)
(0.01607 -0.08729 -0.01101)
(0.01772 -0.08888 -0.00903)
(0.02710 -0.09506 -0.00929)
(0.03054 -0.10401 0.00351)
(0.02949 -0.11105 0.00449)
(0.03156 -0.11794 0.01210)
(0.03176 -0.12210 0.01476)
(0.03158 -0.12197 0.01998)
(0.02892 -0.13289 0.03735)
(0.02600 -0.14105 0.04785)
(0.02248 -0.14234 0.05314)
(0.01773 -0.13794 0.06202)
(0.01170 -0.10806 0.05148)
(0.01119 -0.09980 0.04741)
(0.00211 -0.03010 0.01627)
(0.00113 -0.02064 0.01208)
(0.02412 -0.01046 0.01330)
(-0.00273 0.00112 -0.00143)
(-0.13435 0.05398 -0.05722)
(0.00187 -0.00084 0.00085)
(-0.04251 0.01880 -0.01910)
(-0.17697 0.07440 -0.06557)
(-0.19865 0.08169 -0.07297)
(-0.20682 0.08288 -0.07123)
(-0.19911 0.08335 -0.07103)
(-0.20150 0.08322 -0.07138)
(-0.21300 0.07696 -0.07163)
(-0.20935 0.07161 -0.07143)
(-0.20409 0.06229 -0.07358)
(-0.19234 0.04750 -0.07183)
(-0.17679 0.03397 -0.07410)
(-0.16737 0.02645 -0.07033)
(-0.14796 0.00116 -0.06585)
(-0.12811 -0.01768 -0.06165)
(-0.12126 -0.01979 -0.07088)
(-0.12203 -0.02255 -0.06063)
(-0.10499 -0.03090 -0.06992)
(-0.09514 -0.03975 -0.06736)
(-0.09110 -0.04837 -0.05819)
(-0.08564 -0.04886 -0.05258)
(-0.07676 -0.06089 -0.04373)
(-0.07195 -0.06707 -0.03892)
(-0.05944 -0.07843 -0.02913)
(-0.05243 -0.08287 -0.02050)
(-0.04007 -0.09704 -0.00246)
(-0.03468 -0.07523 -0.02787)
(-0.02595 -0.07733 -0.01992)
(-0.03122 -0.09465 -0.00479)
(-0.01761 -0.09173 -0.00270)
(-0.00966 -0.08479 -0.00694)
(-0.00215 -0.08951 0.00071)
(-0.00289 -0.09494 0.00788)
(0.00100 -0.09540 0.00886)
(0.00906 -0.09677 0.00444)
(0.01653 -0.08978 -0.00688)
(0.01462 -0.09610 0.00286)
(0.02396 -0.09908 0.00731)
(0.02866 -0.10130 0.00766)
(0.02570 -0.10291 0.01600)
(0.02784 -0.11674 0.01882)
(0.03071 -0.12322 0.02380)
(0.03120 -0.12357 0.01843)
(0.02653 -0.13804 0.04540)
(0.02732 -0.13831 0.04259)
(0.01780 -0.13622 0.06239)
(0.01280 -0.11844 0.06068)
(0.00700 -0.07282 0.03867)
(0.00381 -0.04070 0.02113)
(0.00082 -0.01593 0.00868)
(-0.00018 0.00382 -0.00223)
(-0.00032 0.01506 -0.00880)
(-0.00049 0.01065 -0.00624)
(0.02238 -0.01015 0.01011)
(-0.01064 0.00464 -0.00396)
(-0.09579 0.04099 -0.03562)
(0.02831 -0.01300 0.01100)
(-0.06292 0.02739 -0.02273)
(-0.16058 0.06835 -0.05768)
(-0.20112 0.07938 -0.06789)
(-0.14901 0.06327 -0.05227)
(-0.18941 0.07966 -0.06611)
(-0.19579 0.06963 -0.06527)
(-0.19808 0.06330 -0.06696)
(-0.17383 0.03686 -0.06141)
(-0.17436 0.03197 -0.06581)
(-0.15933 0.02208 -0.05876)
(-0.15400 0.01219 -0.06391)
(-0.12697 -0.01933 -0.05933)
(-0.12223 -0.02322 -0.05810)
(-0.11792 -0.02727 -0.05687)
(-0.11721 -0.02701 -0.05949)
(-0.10344 -0.03618 -0.06029)
(-0.09235 -0.04853 -0.05252)
(-0.09312 -0.04526 -0.05166)
(-0.08277 -0.06040 -0.04225)
(-0.07280 -0.07476 -0.02780)
(-0.06555 -0.08300 -0.02088)
(-0.05073 -0.09954 -0.00409)
(-0.04259 -0.10564 0.00475)
(-0.03891 -0.10648 0.00657)
(-0.03067 -0.10412 0.00404)
(-0.00445 -0.09737 0.01092)
(-0.00126 -0.09797 0.01185)
(-0.00011 -0.10048 0.01558)
(0.00247 -0.09882 0.01420)
(0.01037 -0.10110 0.01540)
(0.01830 -0.11015 0.02385)
(0.01915 -0.11884 0.03406)
(0.02286 -0.11502 0.03209)
(0.02590 -0.11644 0.02568)
(0.02504 -0.13136 0.04506)
(0.02528 -0.13198 0.04520)
(0.02520 -0.13443 0.04745)
(0.02748 -0.13444 0.04770)
(0.01889 -0.10869 0.04831)
(0.00681 -0.06380 0.03367)
(0.00305 -0.03187 0.01721)
(-0.00009 0.00106 -0.00058)
(-0.00112 0.01253 -0.00694)
(-0.00135 0.01608 -0.00889)
(0.00053 -0.00024 0.00019)
(0.00646 -0.00300 0.00233)
(-0.04102 0.01788 -0.01452)
(-0.14642 0.05946 -0.04762)
(-0.05641 0.02509 -0.01854)
(-0.18001 0.06302 -0.06059)
(-0.19160 0.06213 -0.06544)
(-0.16649 0.03289 -0.05811)
(-0.16936 0.04642 -0.05779)
(-0.16062 0.02766 -0.05744)
(-0.15890 0.02468 -0.05755)
(-0.15211 0.01718 -0.05625)
(-0.13091 -0.00953 -0.05334)
(-0.12113 -0.02390 -0.05544)
(-0.11769 -0.02735 -0.05432)
(-0.11414 -0.03157 -0.05275)
(-0.11401 -0.03148 -0.05538)
(-0.09330 -0.05134 -0.04380)
(-0.08626 -0.06512 -0.03217)
(-0.08167 -0.06991 -0.02863)
(-0.07417 -0.08151 -0.01830)
(-0.06430 -0.09237 -0.01056)
(-0.06238 -0.09395 -0.00873)
(-0.04442 -0.10829 0.00704)
(-0.04070 -0.10950 0.00912)
(-0.03881 -0.11317 0.01343)
(-0.03617 -0.11230 0.01320)
(-0.02518 -0.11196 0.01704)
(-0.00292 -0.10066 0.01519)
(-0.01398 -0.12168 0.02841)
(-0.00179 -0.10387 0.01959)
(0.00088 -0.10288 0.01939)
(0.01001 -0.11539 0.03445)
(0.01757 -0.12245 0.04181)
(0.01945 -0.12178 0.03875)
(0.01974 -0.12369 0.04186)
(0.02246 -0.14429 0.06420)
(0.02262 -0.14478 0.06265)
(0.02119 -0.13782 0.06175)
(0.01263 -0.08353 0.03858)
(0.00664 -0.04465 0.02083)
(0.00294 -0.02456 0.01290)
(0.00017 -0.00176 0.00097)
(-0.00122 0.01106 -0.00618)
(-0.00125 0.01307 -0.00724)
(-0.01296 0.00584 -0.00428)
(-0.03173 0.01275 -0.01080)
(-0.08703 0.03446 -0.02949)
(-0.03110 0.01058 -0.01115)
(-0.10928 0.03016 -0.03746)
(-0.14246 0.02593 -0.05069)
(-0.06002 0.01340 -0.02095)
(-0.08926 0.01366 -0.03221)
(-0.15268 0.02260 -0.05531)
(-0.14852 0.01644 -0.05437)
(-0.13289 -0.00504 -0.05208)
(-0.13010 -0.00548 -0.04853)
(-0.11743 -0.02154 -0.04794)
(-0.11630 -0.02805 -0.05240)
(-0.10955 -0.02779 -0.03942)
(-0.09921 -0.04474 -0.03216)
(-0.09219 -0.05523 -0.03310)
(-0.08770 -0.06175 -0.03013)
(-0.08435 -0.06856 -0.01946)
(-0.07962 -0.08095 -0.01431)
(-0.06930 -0.09666 -0.00552)
(-0.06915 -0.09753 -0.00353)
(-0.06764 -0.10094 -0.00089)
(-0.06814 -0.10085 -0.00142)
(-0.06596 -0.09853 -0.00095)
(-0.04928 -0.10753 0.00697)
(-0.05573 -0.11123 0.01490)
(-0.04224 -0.11384 0.01317)
(-0.03790 -0.11628 0.01691)
(-0.02911 -0.12348 0.02686)
(-0.01454 -0.13445 0.04092)
(-0.00670 -0.12277 0.03749)
(-0.01062 -0.13970 0.05298)
(-0.00353 -0.13612 0.05208)
(0.00526 -0.13215 0.05060)
(0.00769 -0.13226 0.05112)
(0.01040 -0.11282 0.04633)
(0.01257 -0.10103 0.04501)
(0.01636 -0.10962 0.05028)
(0.01670 -0.10899 0.05036)
(0.00621 -0.04186 0.02078)
(0.00498 -0.03328 0.01594)
(0.00364 -0.02466 0.01179)
(-0.00071 0.00493 -0.00237)
(-0.00609 0.00209 -0.00219)
(-0.01714 0.00457 -0.00615)
(-0.01684 0.00312 -0.00592)
(-0.00789 0.00071 -0.00272)
(-0.01738 -0.00181 -0.00541)
(-0.08289 -0.00457 -0.02875)
(-0.08991 -0.01486 -0.03059)
(-0.02462 -0.00638 -0.00743)
(-0.04488 -0.01049 -0.01437)
(-0.06426 -0.02027 -0.02179)
(-0.09113 -0.04100 -0.02363)
(-0.05761 -0.02577 -0.01434)
(-0.08170 -0.05212 -0.01858)
(-0.08483 -0.06888 -0.01692)
(-0.07278 -0.05506 -0.00880)
(-0.07624 -0.08345 -0.00286)
(-0.07273 -0.09062 0.00028)
(-0.06715 -0.10195 0.00448)
(-0.06426 -0.10944 0.02001)
(-0.05774 -0.11656 0.02579)
(-0.05471 -0.11645 0.02667)
(-0.05101 -0.11390 0.02858)
(-0.03614 -0.12751 0.04497)
(-0.04209 -0.12614 0.02945)
(-0.03159 -0.13689 0.04383)
(-0.01778 -0.08740 0.03210)
(-0.01646 -0.11350 0.03913)
(-0.00329 -0.09499 0.04149)
(-0.00282 -0.10274 0.04190)
(-0.00129 -0.03325 0.01447)
(-0.00087 -0.04245 0.01886)
(0.00139 -0.02995 0.01356)
(0.00468 -0.04771 0.02155)
(-0.00021 0.00225 -0.00107)
(0.00155 -0.01196 0.00592)
(0.00092 -0.00660 0.00349)
(0.01954 0.00111 0.00599)
(0.01526 0.00392 0.00454)
(-0.01506 -0.00512 -0.00334)
(0.01349 0.00456 0.00290)
(0.00447 0.00248 0.00048)
(-0.03132 -0.01393 -0.00755)
(-0.02792 -0.01997 -0.00120)
(0.00048 0.00033 -0.00002)
(0.00038 0.00030 -0.00003)
(-0.02750 -0.02339 -0.00043)
(-0.04502 -0.04885 0.00321)
(-0.00998 -0.01058 0.00175)
(-0.02402 -0.03462 0.01042)
(-0.03984 -0.06170 0.01913)
(-0.01363 -0.02140 0.00699)
(-0.02029 -0.04439 0.01406)
(-0.01968 -0.05573 0.01953)
(-0.02329 -0.08343 0.03003)
(-0.00242 -0.00754 0.00286)
(-0.00421 -0.01430 0.00539)
(0.00043 0.00201 -0.00087)
(-0.01148 -0.05700 0.02126)
(-0.00525 -0.03336 0.01388)
(0.00216 0.01717 -0.00757)
(0.00028 0.00920 -0.00414)
(-0.00014 0.01821 -0.00862)
(-0.00161 0.02181 -0.01026)
(-0.00299 -0.00435 0.00137)
(-0.00489 -0.00769 0.00256)
(-0.00405 -0.00800 0.00296)
(0.00138 0.00417 -0.00172)
)