/*--------------------------------*- C++ -*----------------------------------*\ 
| =========                 |                                                 | 
| \\      /  F ield         | OpenFOAM: The Open Source CFD Toolbox           | 
|  \\    /   O peration     | Version:  4.0                                   | 
|   \\  /    A nd           | Web:      www.OpenFOAM.org                      | 
|    \\/     M anipulation  |                                                 | 
\*---------------------------------------------------------------------------*/ 
FoamFile 
{ 
    version     2.0; 
    format      ascii; 
    class       vectorAverageField; 
    object      values; 
} 
// * * * * * * * * * * * * * * * * * * * * * * * * * * * * * * * * * * * * * // 
 
// Average 
(0 0 0) 
 
// Velocity data on points 
2447
(
(0.00413 -0.00093 -0.00127)
(-0.00242 0.00023 0.00070)
(-0.00669 -0.00088 0.00259)
(-0.00255 -0.00048 0.00060)
(0.00360 0.00087 -0.00112)
(-0.01505 -0.00324 0.00642)
(-0.00609 -0.00155 0.00198)
(-0.01160 -0.00804 0.00180)
(-0.00130 -0.00085 0.00019)
(0.00180 0.00124 -0.00019)
(-0.00741 -0.00545 0.00079)
(-0.00143 -0.00111 0.00009)
(0.00113 0.00067 -0.00017)
(-0.00467 -0.00576 -0.00032)
(-0.00019 -0.00014 -0.00000)
(0.00052 0.00035 -0.00004)
(-0.00164 -0.00139 -0.00001)
(-0.00007 -0.00005 0.00001)
(0.00013 0.00019 -0.00030)
(-0.00002 -0.00004 0.00006)
(0.00911 -0.00448 -0.00143)
(-0.00189 0.00078 0.00049)
(0.00162 -0.00068 -0.00037)
(0.00068 -0.00024 -0.00022)
(-0.02672 0.00855 0.01155)
(-0.02282 0.00461 0.00893)
(-0.02678 0.00178 0.01047)
(-0.02731 -0.00333 0.01190)
(-0.04896 -0.00001 0.02328)
(-0.04774 -0.00604 0.02119)
(-0.03617 -0.00818 0.01605)
(-0.02256 -0.01086 0.00614)
(-0.03385 -0.01583 0.01255)
(-0.02440 -0.01768 0.00396)
(-0.01897 -0.01484 0.00204)
(-0.01395 -0.01216 0.00061)
(-0.02487 -0.02003 0.00264)
(-0.02141 -0.01976 0.00060)
(-0.01333 -0.02000 -0.00244)
(-0.00889 -0.01194 -0.00098)
(-0.00535 -0.00733 -0.00119)
(-0.00926 -0.02264 -0.01037)
(-0.00876 -0.02001 -0.00904)
(-0.00353 -0.00933 -0.00437)
(-0.00127 -0.00386 -0.00150)
(-0.00065 -0.01166 -0.00571)
(0.00039 -0.00229 0.00055)
(0.00017 -0.00093 0.00056)
(0.00034 -0.00588 -0.00182)
(0.00023 -0.00089 0.00087)
(-0.00003 0.00015 -0.00024)
(0.00418 -0.00181 -0.00032)
(-0.00192 0.00082 0.00026)
(-0.00726 0.00313 0.00134)
(-0.02011 0.00729 0.00547)
(-0.05128 0.01788 0.01463)
(-0.04173 0.01529 0.01411)
(-0.05280 0.01614 0.02434)
(-0.05659 0.01432 0.02715)
(-0.05697 0.00926 0.02455)
(-0.05267 -0.00046 0.02563)
(-0.04734 -0.01125 0.02163)
(-0.04396 -0.01736 0.01884)
(-0.03609 -0.02016 0.01324)
(-0.02954 -0.02398 0.00487)
(-0.03761 -0.02077 0.01338)
(-0.03520 -0.02505 0.01051)
(-0.02778 -0.02480 0.00308)
(-0.01854 -0.02615 -0.00433)
(-0.02025 -0.03171 -0.00755)
(-0.00827 -0.02980 -0.01255)
(-0.00525 -0.03113 -0.01612)
(-0.00099 -0.03291 -0.01852)
(-0.00456 -0.02594 -0.01310)
(-0.00238 -0.02133 -0.01281)
(-0.00068 -0.01412 -0.00882)
(-0.00076 -0.02184 -0.01450)
(0.00179 -0.01303 -0.00518)
(0.00162 -0.00773 0.00202)
(0.00094 -0.00575 0.00284)
(-0.00216 -0.01564 -0.00319)
(-0.00179 -0.00850 0.00282)
(0.00035 -0.00432 0.00445)
(0.00002 -0.00026 0.00041)
(-0.00057 -0.00469 0.00434)
(0.00048 0.00214 -0.00205)
(0.00093 0.00408 -0.00410)
(0.00020 -0.00008 0.00004)
(-0.00667 0.00262 -0.00020)
(-0.01940 0.00783 0.00100)
(-0.03301 0.01346 0.00546)
(-0.05105 0.01865 0.00523)
(-0.05082 0.02038 0.00856)
(-0.06314 0.02340 0.01215)
(-0.06156 0.02047 0.01748)
(-0.06262 0.02100 0.01847)
(-0.05761 0.01528 0.02313)
(-0.05241 0.01015 0.02630)
(-0.05704 0.01154 0.02776)
(-0.05526 0.01058 0.03021)
(-0.05640 0.00679 0.02925)
(-0.05221 -0.00019 0.02915)
(-0.05057 -0.00845 0.02747)
(-0.04994 -0.01165 0.02604)
(-0.04803 -0.01682 0.02228)
(-0.03860 -0.02230 0.01399)
(-0.03576 -0.03147 0.00323)
(-0.03122 -0.03438 -0.00515)
(-0.02316 -0.03455 -0.01196)
(-0.01407 -0.03307 -0.01398)
(-0.00621 -0.03248 -0.01731)
(-0.00826 -0.03358 -0.02057)
(-0.00576 -0.03412 -0.02500)
(-0.00858 -0.03474 -0.02642)
(-0.00371 -0.01930 -0.00973)
(-0.00588 -0.02830 -0.02092)
(-0.00297 -0.01667 -0.00458)
(-0.00408 -0.01516 0.00088)
(-0.00722 -0.02475 0.00511)
(-0.00704 -0.02426 0.00692)
(-0.00418 -0.01625 0.00974)
(-0.00134 -0.00484 0.00503)
(-0.00776 -0.02299 0.01511)
(-0.00604 -0.01786 0.01468)
(-0.00075 -0.00253 0.00287)
(-0.00026 -0.00106 0.00104)
(0.00402 -0.00106 0.00030)
(-0.00829 0.00289 -0.00120)
(-0.02054 0.00792 -0.00323)
(-0.04092 0.01469 -0.00278)
(-0.04588 0.01605 -0.00484)
(-0.04789 0.01510 0.00384)
(-0.05373 0.01667 0.00870)
(-0.05579 0.01885 0.01265)
(-0.05468 0.01544 0.01578)
(-0.05065 0.00875 0.02545)
(-0.05168 0.00901 0.02679)
(-0.05251 0.00888 0.02841)
(-0.05119 0.00794 0.02765)
(-0.05246 0.00777 0.02919)
(-0.05433 0.00415 0.02941)
(-0.05296 -0.00820 0.02881)
(-0.05212 -0.01054 0.02748)
(-0.05126 -0.01319 0.02564)
(-0.04680 -0.01839 0.01984)
(-0.04348 -0.02962 0.00699)
(-0.03631 -0.03327 0.00124)
(-0.02953 -0.03735 -0.01175)
(-0.02731 -0.04426 -0.02259)
(-0.02172 -0.04229 -0.02340)
(-0.01819 -0.04212 -0.02526)
(-0.01045 -0.03985 -0.03055)
(-0.01074 -0.03849 -0.02982)
(-0.01080 -0.03664 -0.02850)
(-0.01073 -0.03464 -0.02693)
(-0.00901 -0.03152 -0.01459)
(-0.00760 -0.02504 0.00364)
(-0.00793 -0.02630 0.00636)
(-0.00855 -0.02679 0.00430)
(-0.00879 -0.02627 0.01069)
(-0.01361 -0.02650 0.02429)
(-0.01361 -0.02564 0.02101)
(-0.01134 -0.02752 0.02385)
(-0.00594 -0.01604 0.01678)
(-0.00068 -0.00181 0.00185)
(-0.01214 -0.03429 0.03581)
(-0.00316 -0.00880 0.00903)
(-0.00018 -0.00050 0.00052)
(-0.00482 0.00104 -0.00015)
(-0.01447 0.00373 0.00003)
(-0.03536 0.00898 -0.00124)
(-0.04276 0.00869 -0.00115)
(-0.03989 0.00654 0.00555)
(-0.04088 0.00643 0.01164)
(-0.04082 0.00708 0.01272)
(-0.03886 0.00543 0.01242)
(-0.03866 0.00585 0.01338)
(-0.04503 0.00708 0.01418)
(-0.04949 0.00841 0.02421)
(-0.04820 0.00729 0.02518)
(-0.04942 0.00726 0.02692)
(-0.05101 0.00717 0.02859)
(-0.05271 0.00703 0.03012)
(-0.05595 -0.00198 0.03140)
(-0.05393 -0.00929 0.02884)
(-0.05102 -0.00643 0.02699)
(-0.05018 -0.01306 0.02438)
(-0.05385 -0.01246 0.02694)
(-0.05267 -0.01472 0.02508)
(-0.04255 -0.03347 0.00589)
(-0.04027 -0.03520 0.00490)
(-0.04667 -0.04138 -0.00019)
(-0.03913 -0.03781 -0.00045)
(-0.02947 -0.04646 -0.01407)
(-0.02905 -0.05408 -0.02862)
(-0.02615 -0.05527 -0.03179)
(-0.02433 -0.05616 -0.03429)
(-0.02015 -0.04220 -0.02726)
(-0.01306 -0.04253 -0.03340)
(-0.01333 -0.04082 -0.03221)
(-0.01364 -0.03876 -0.03059)
(-0.01427 -0.03895 -0.02549)
(-0.01136 -0.03279 -0.01408)
(-0.01692 -0.02444 -0.00393)
(-0.01453 -0.02490 0.00474)
(-0.01935 -0.02294 0.01577)
(-0.01294 -0.03343 0.02320)
(-0.01627 -0.03900 0.03127)
(-0.01810 -0.04970 0.05190)
(-0.01171 -0.03238 0.03365)
(-0.01491 -0.04035 0.04265)
(-0.00499 -0.01398 0.01446)
(-0.00240 -0.00683 0.00717)
(0.00292 -0.00075 -0.00015)
(-0.00059 0.00016 -0.00003)
(-0.03111 0.00524 0.00122)
(-0.04409 0.00413 0.00179)
(-0.04406 0.00502 0.00192)
(-0.03204 0.00070 0.00541)
(-0.03642 0.00366 0.01259)
(-0.03707 0.00468 0.01337)
(-0.03547 0.00432 0.01477)
(-0.03777 0.00337 0.01608)
(-0.03824 0.00307 0.02155)
(-0.04719 0.00667 0.02637)
(-0.04534 0.00492 0.02757)
(-0.04889 0.00658 0.02869)
(-0.05125 0.00673 0.02973)
(-0.05365 0.00044 0.03078)
(-0.05080 0.00471 0.03295)
(-0.04545 -0.00387 0.02928)
(-0.04821 -0.00632 0.02813)
(-0.03922 -0.02415 0.01630)
(-0.04121 -0.03074 0.01077)
(-0.03880 -0.04141 0.00110)
(-0.04547 -0.04900 -0.01111)
(-0.03338 -0.05890 -0.02727)
(-0.02774 -0.05796 -0.03259)
(-0.02577 -0.05915 -0.03582)
(-0.02369 -0.06155 -0.04255)
(-0.01457 -0.05607 -0.04288)
(-0.01836 -0.04941 -0.03988)
(-0.01640 -0.04336 -0.03462)
(-0.02252 -0.03811 -0.02910)
(-0.01967 -0.03382 -0.01626)
(-0.02634 -0.03373 -0.01822)
(-0.02282 -0.02434 0.00188)
(-0.02415 -0.02236 0.00983)
(-0.02137 -0.02278 0.01473)
(-0.01846 -0.03101 0.02326)
(-0.02114 -0.03538 0.03413)
(-0.01938 -0.04784 0.05210)
(-0.01973 -0.05056 0.05474)
(-0.00776 -0.02159 0.02298)
(-0.02090 -0.05020 0.05696)
(-0.01565 -0.04177 0.04540)
(-0.00604 -0.01811 0.01864)
(-0.00045 -0.00147 0.00165)
(0.00991 -0.00271 -0.00026)
(-0.00033 0.00009 0.00001)
(-0.01760 0.00368 0.00101)
(-0.03355 0.00608 0.00160)
(-0.04548 0.00246 0.00394)
(-0.04698 0.00468 0.00555)
(-0.03644 0.00013 0.00409)
(-0.03354 -0.00224 0.00314)
(-0.02998 -0.00235 0.00998)
(-0.02356 -0.00262 0.01310)
(-0.02659 -0.00044 0.01317)
(-0.02211 -0.00003 0.01868)
(-0.02749 0.00133 0.02270)
(-0.03113 0.00469 0.02868)
(-0.02827 0.00161 0.02829)
(-0.02317 -0.00374 0.02425)
(-0.03916 -0.00290 0.02812)
(-0.05729 0.00043 0.03608)
(-0.04313 -0.01341 0.02310)
(-0.03502 -0.02826 0.01170)
(-0.03100 -0.03723 0.00497)
(-0.02087 -0.05189 -0.01116)
(-0.01820 -0.05890 -0.02154)
(-0.01039 -0.06786 -0.03121)
(-0.02770 -0.06092 -0.03341)
(-0.02582 -0.06213 -0.03700)
(-0.01977 -0.06618 -0.04475)
(-0.02010 -0.06593 -0.04391)
(-0.01945 -0.06783 -0.04980)
(-0.02224 -0.05097 -0.03765)
(-0.02253 -0.04628 -0.03341)
(-0.02865 -0.04002 -0.02418)
(-0.02879 -0.02537 -0.00278)
(-0.02451 -0.02184 0.01311)
(-0.02251 -0.02756 0.01931)
(-0.01934 -0.03534 0.02964)
(-0.02078 -0.03256 0.04342)
(-0.02131 -0.03292 0.03251)
(-0.01956 -0.03356 0.04849)
(-0.01851 -0.04210 0.05269)
(-0.02021 -0.05637 0.06189)
(-0.01828 -0.04640 0.05598)
(-0.01237 -0.04300 0.04906)
(-0.00398 -0.01270 0.01455)
(-0.00211 -0.00690 0.00868)
(0.00045 -0.00013 -0.00002)
(-0.01649 0.00430 0.00113)
(-0.04533 0.00791 0.00548)
(-0.05215 0.01092 0.00515)
(-0.04617 0.00429 0.00948)
(-0.03127 0.00004 0.01077)
(-0.03544 -0.00003 0.00990)
(-0.03304 -0.00153 0.01044)
(-0.02935 -0.00191 0.01258)
(-0.02635 -0.00145 0.01707)
(-0.02553 -0.00163 0.01749)
(-0.01138 -0.00460 0.01753)
(-0.00854 -0.00566 0.01979)
(-0.00923 -0.00498 0.02004)
(-0.01465 -0.00161 0.02264)
(-0.01594 -0.00033 0.02366)
(-0.01113 -0.00071 0.02333)
(-0.01075 0.00146 0.02731)
(-0.01586 -0.00004 0.02669)
(-0.01474 -0.00376 0.02229)
(-0.02128 -0.00431 0.02392)
(-0.02917 -0.00688 0.02577)
(-0.03046 -0.01207 0.02317)
(-0.01628 -0.02965 0.00925)
(0.00430 -0.04627 -0.00524)
(0.00770 -0.05204 -0.00985)
(0.01002 -0.06110 -0.01778)
(-0.00188 -0.06772 -0.02788)
(-0.00751 -0.07331 -0.03828)
(-0.00448 -0.07316 -0.04465)
(-0.01292 -0.06947 -0.04293)
(-0.02062 -0.07244 -0.05307)
(-0.01968 -0.06708 -0.04961)
(-0.01708 -0.05407 -0.03373)
(-0.02540 -0.04258 -0.02930)
(-0.02248 -0.04058 -0.02057)
(-0.02644 -0.03520 -0.00884)
(-0.02519 -0.03133 0.00025)
(-0.02074 -0.02910 0.00665)
(-0.02221 -0.02950 0.01153)
(-0.02381 -0.02501 0.02240)
(-0.02687 -0.02547 0.03053)
(-0.02370 -0.03015 0.04023)
(-0.02244 -0.03198 0.04360)
(-0.02006 -0.03840 0.05591)
(-0.01927 -0.05051 0.06422)
(-0.01770 -0.05777 0.06950)
(-0.00529 -0.02294 0.02591)
(0.00051 0.00288 -0.00304)
(-0.01161 -0.04265 0.05307)
(-0.00587 0.00206 0.00007)
(-0.02923 0.00821 0.00040)
(-0.03794 0.01256 0.00186)
(-0.04644 0.01151 0.00060)
(-0.04919 0.00824 0.00824)
(-0.03355 0.00155 0.01054)
(-0.02865 0.00039 0.01144)
(-0.02822 -0.00053 0.01170)
(-0.02482 -0.00150 0.01321)
(-0.01954 -0.00081 0.01904)
(-0.00723 -0.00577 0.02053)
(-0.00687 -0.00503 0.02128)
(-0.00196 -0.00443 0.01980)
(0.00224 -0.00263 0.02233)
(0.00382 -0.00401 0.02212)
(0.00581 -0.00813 0.01679)
(-0.00067 -0.00804 0.01723)
(0.00746 -0.01322 0.01599)
(0.02432 -0.01699 0.01039)
(0.00060 -0.01741 0.01385)
(0.00176 -0.03201 0.00263)
(0.01214 -0.04649 -0.00632)
(0.01577 -0.05138 -0.01019)
(0.01854 -0.05618 -0.01380)
(0.01709 -0.06600 -0.02509)
(0.00631 -0.07482 -0.03710)
(0.03506 -0.07263 -0.03210)
(0.00955 -0.07516 -0.03660)
(0.00363 -0.07342 -0.03793)
(0.00609 -0.07179 -0.03875)
(0.00177 -0.06762 -0.03895)
(-0.00878 -0.05240 -0.02287)
(-0.01232 -0.04871 -0.02060)
(-0.01108 -0.04603 -0.01655)
(-0.02385 -0.03907 -0.00929)
(-0.02458 -0.03430 0.00164)
(-0.02250 -0.02977 0.00807)
(-0.02101 -0.02899 0.01168)
(-0.02206 -0.02773 0.01525)
(-0.02195 -0.02759 0.03298)
(-0.02447 -0.02818 0.04202)
(-0.01575 -0.03966 0.05366)
(-0.01724 -0.03551 0.06742)
(-0.01809 -0.04530 0.06750)
(-0.01546 -0.04031 0.07023)
(-0.01716 -0.05384 0.07077)
(-0.00688 -0.04368 0.04823)
(-0.00018 -0.00382 0.00384)
(0.00002 0.00139 -0.00137)
(0.00194 -0.00067 0.00002)
(-0.00297 0.00105 -0.00012)
(-0.02114 0.00712 -0.00028)
(-0.05568 0.01797 -0.00036)
(-0.05546 0.01370 -0.00036)
(-0.06242 0.02014 -0.00139)
(-0.04518 0.00917 0.00186)
(-0.02974 0.00107 0.01037)
(-0.02505 -0.00064 0.01295)
(-0.02505 -0.00006 0.01216)
(-0.02212 -0.00085 0.01459)
(-0.00985 -0.00166 0.02311)
(-0.00225 -0.00320 0.01619)
(-0.00555 -0.00501 0.02187)
(0.00265 -0.00536 0.01919)
(0.01798 -0.00516 0.01710)
(0.01876 -0.00613 0.02117)
(0.01317 -0.00507 0.02357)
(0.03066 -0.01786 0.00913)
(0.02587 -0.01936 0.00823)
(0.03323 -0.02065 0.00642)
(0.02865 -0.02202 0.00571)
(0.02124 -0.04764 -0.00795)
(0.02475 -0.05133 -0.01093)
(0.02719 -0.05511 -0.01351)
(0.03592 -0.05922 -0.01662)
(0.05113 -0.07042 -0.02701)
(0.02792 -0.07455 -0.03261)
(0.03977 -0.07480 -0.03230)
(0.03651 -0.07287 -0.03118)
(0.03433 -0.07137 -0.02972)
(0.01172 -0.05840 -0.02268)
(-0.00540 -0.04835 -0.01594)
(-0.00971 -0.04375 -0.01241)
(-0.00866 -0.03407 0.00595)
(-0.01972 -0.02953 0.00957)
(-0.01730 -0.02939 0.01304)
(-0.01758 -0.02753 0.02538)
(-0.01521 -0.03004 0.04459)
(-0.01428 -0.02940 0.04795)
(-0.01419 -0.03447 0.05026)
(-0.01467 -0.03457 0.06624)
(-0.01484 -0.03644 0.06754)
(-0.01422 -0.03897 0.06909)
(-0.01383 -0.04108 0.07055)
(-0.00063 -0.05565 0.06163)
(-0.00036 -0.01998 0.02008)
(0.00005 -0.00783 0.00788)
(-0.00007 0.00808 -0.00803)
(-0.00619 0.00215 -0.00076)
(-0.02267 0.00792 -0.00127)
(-0.04040 0.01375 -0.00186)
(-0.03544 0.01236 -0.00280)
(-0.06116 0.02014 -0.00312)
(-0.05851 0.01848 -0.00154)
(-0.02591 0.00198 0.00746)
(-0.02571 0.00288 -0.00318)
(-0.02447 0.00015 0.01073)
(-0.02192 -0.00022 0.01295)
(-0.00388 -0.00295 0.01388)
(0.00668 -0.00104 0.02091)
(0.00443 -0.00437 0.02012)
(0.01385 -0.00267 0.02036)
(0.01848 -0.00690 0.01799)
(0.02660 -0.00721 0.01617)
(0.02915 -0.00574 0.01827)
(0.03091 -0.00791 0.01735)
(0.03252 -0.01390 0.01365)
(0.03963 -0.02165 0.00478)
(0.03674 -0.02383 0.00357)
(0.04341 -0.02504 0.00176)
(0.05202 -0.03482 -0.00504)
(0.05149 -0.05188 -0.01527)
(0.05300 -0.05368 -0.01887)
(0.06785 -0.06209 -0.02578)
(0.07670 -0.06592 -0.02805)
(0.05568 -0.07512 -0.03289)
(0.04890 -0.07351 -0.02916)
(0.04513 -0.07214 -0.02842)
(0.04231 -0.07055 -0.02672)
(0.03229 -0.06012 -0.01851)
(0.00132 -0.05035 -0.01487)
(0.00398 -0.04856 -0.01052)
(-0.00259 -0.04499 -0.00904)
(0.00959 -0.04004 0.01111)
(0.00134 -0.03084 0.01986)
(0.00454 -0.03097 0.02391)
(-0.00212 -0.02872 0.03077)
(0.01457 -0.03277 0.03813)
(-0.00091 -0.02726 0.04408)
(-0.00409 -0.02899 0.04489)
(0.00524 -0.02689 0.05142)
(-0.00926 -0.03093 0.06027)
(-0.01224 -0.03458 0.06681)
(-0.01268 -0.03614 0.06778)
(-0.01196 -0.03741 0.06893)
(-0.01131 -0.03839 0.06996)
(-0.01189 -0.04024 0.07064)
(0.00305 -0.04761 0.07385)
(0.00290 -0.05698 0.06868)
(0.00125 -0.02409 0.02668)
(-0.00010 0.00312 -0.00318)
(0.00034 -0.00012 0.00007)
(-0.00450 0.00152 -0.00116)
(-0.02504 0.00825 -0.00722)
(-0.05660 0.01926 -0.00464)
(-0.04390 0.01216 -0.01075)
(-0.03910 0.01015 -0.00836)
(-0.02654 0.00505 -0.01475)
(-0.02788 0.00525 -0.00561)
(-0.01722 -0.00049 0.00249)
(-0.00633 0.00035 -0.00608)
(-0.00306 -0.00181 -0.00453)
(-0.00314 -0.00122 0.00402)
(0.00841 -0.00283 0.00402)
(0.01081 -0.00047 0.01550)
(0.01161 -0.00224 0.02093)
(0.02664 -0.00574 0.01391)
(0.03103 -0.00579 0.01585)
(0.03451 -0.00835 0.01596)
(0.03859 -0.00988 0.01416)
(0.05413 -0.01930 0.00462)
(0.06334 -0.02410 -0.00084)
(0.07187 -0.03286 -0.00887)
(0.05951 -0.03310 -0.00545)
(0.07770 -0.03569 -0.01383)
(0.08196 -0.04774 -0.01877)
(0.09064 -0.05701 -0.02704)
(0.07807 -0.05669 -0.02262)
(0.08110 -0.06056 -0.02581)
(0.07665 -0.06790 -0.02713)
(0.09187 -0.06607 -0.03039)
(0.07885 -0.06979 -0.02473)
(0.06262 -0.06949 -0.02689)
(0.05989 -0.07078 -0.02259)
(0.06068 -0.06672 -0.01643)
(0.04318 -0.06134 -0.01280)
(0.05535 -0.05791 -0.00095)
(0.02469 -0.04751 0.00650)
(0.04471 -0.05073 0.01517)
(0.02892 -0.03821 0.03119)
(0.03058 -0.03835 0.03355)
(0.03660 -0.04285 0.04084)
(0.02477 -0.03434 0.04910)
(0.03924 -0.03992 0.05654)
(0.01849 -0.03498 0.05792)
(0.00824 -0.03299 0.05888)
(0.00895 -0.03499 0.06457)
(0.01845 -0.04130 0.06847)
(0.00154 -0.04189 0.07154)
(0.00987 -0.04694 0.07408)
(0.00949 -0.05404 0.07707)
(0.01636 -0.04426 0.07162)
(0.00988 -0.04783 0.07841)
(0.00683 -0.03047 0.03574)
(0.00041 -0.00186 0.00201)
(-0.00117 0.00400 -0.00435)
(-0.00214 0.00056 -0.00099)
(-0.01200 0.00383 -0.00363)
(-0.04348 0.01245 -0.01756)
(-0.02170 0.00096 -0.02536)
(-0.02341 0.00312 -0.02292)
(-0.01422 -0.00083 -0.01577)
(-0.01019 -0.00325 -0.02399)
(-0.00623 -0.00033 -0.01144)
(-0.00392 -0.00026 -0.00694)
(0.01437 -0.00206 -0.01049)
(0.01328 -0.00378 -0.00346)
(0.02087 -0.00543 0.00154)
(0.02575 -0.00585 0.00253)
(0.03543 -0.00651 0.00247)
(0.05516 -0.01556 -0.00223)
(0.06006 -0.01775 -0.00451)
(0.05189 -0.01538 0.00137)
(0.06273 -0.01892 0.00065)
(0.06916 -0.02556 -0.00362)
(0.07907 -0.02748 -0.01037)
(0.08510 -0.03151 -0.01558)
(0.08876 -0.04628 -0.01906)
(0.10145 -0.05505 -0.02592)
(0.09202 -0.05063 -0.02323)
(0.09759 -0.05474 -0.02631)
(0.09608 -0.05522 -0.02595)
(0.08353 -0.06518 -0.02642)
(0.07691 -0.06745 -0.02334)
(0.08676 -0.06458 -0.01708)
(0.08572 -0.06457 -0.01474)
(0.07236 -0.06208 -0.00086)
(0.07640 -0.06232 0.00634)
(0.05261 -0.05520 0.01090)
(0.06788 -0.05810 0.01494)
(0.04056 -0.04233 0.02995)
(0.04769 -0.04686 0.03267)
(0.06110 -0.05144 0.04993)
(0.05832 -0.04992 0.05637)
(0.05933 -0.05057 0.05848)
(0.04606 -0.04465 0.06173)
(0.01945 -0.03644 0.06275)
(0.04308 -0.04467 0.06664)
(0.02628 -0.04084 0.06844)
(0.02322 -0.03966 0.06730)
(0.03068 -0.04293 0.06842)
(0.01948 -0.04412 0.07112)
(0.02054 -0.04903 0.07611)
(0.00799 -0.04588 0.07950)
(0.02485 -0.04982 0.07366)
(0.01205 -0.03662 0.04889)
(0.00235 -0.00804 0.00887)
(0.00225 -0.00354 0.00423)
(0.00357 -0.00087 0.00163)
(-0.01362 0.00337 -0.00677)
(-0.00135 0.00032 -0.00064)
(-0.01590 0.00351 -0.00844)
(-0.03066 0.00541 -0.02056)
(-0.01386 -0.00256 -0.02695)
(-0.01364 -0.00244 -0.02578)
(-0.00719 -0.00206 -0.02637)
(0.00021 -0.00186 -0.02614)
(-0.00048 -0.00386 -0.02214)
(0.01693 -0.00867 -0.02897)
(0.01167 -0.00628 -0.02023)
(0.01430 -0.00418 -0.01872)
(0.03648 -0.00678 -0.02142)
(0.03903 -0.00686 -0.01906)
(0.03782 -0.00659 -0.00783)
(0.05264 -0.01320 -0.00737)
(0.06165 -0.01808 -0.00752)
(0.06462 -0.02001 -0.00749)
(0.07573 -0.02708 -0.01021)
(0.08641 -0.02886 -0.01693)
(0.08558 -0.03192 -0.01772)
(0.09297 -0.03718 -0.02986)
(0.08773 -0.03378 -0.01721)
(0.09259 -0.04260 -0.02441)
(0.09984 -0.05033 -0.02543)
(0.09605 -0.05262 -0.02631)
(0.09478 -0.05316 -0.02630)
(0.09537 -0.05590 -0.02578)
(0.09199 -0.06175 -0.02230)
(0.08923 -0.06464 -0.01789)
(0.08889 -0.06513 -0.01634)
(0.08815 -0.06680 -0.01030)
(0.08731 -0.06621 0.00072)
(0.08238 -0.06434 0.01591)
(0.09153 -0.06690 0.02688)
(0.08958 -0.06568 0.03050)
(0.08008 -0.06032 0.03699)
(0.07414 -0.05634 0.04975)
(0.06505 -0.05310 0.05718)
(0.06586 -0.05367 0.05903)
(0.05998 -0.05085 0.06079)
(0.05475 -0.04812 0.06504)
(0.05026 -0.04728 0.06783)
(0.03773 -0.04476 0.06754)
(0.03610 -0.04538 0.06575)
(0.03033 -0.04502 0.06758)
(0.04461 -0.04692 0.06627)
(0.03736 -0.04916 0.07040)
(0.04546 -0.05033 0.07131)
(0.02890 -0.04174 0.05133)
(0.00574 -0.00827 0.00969)
(0.00330 -0.00073 0.00153)
(-0.00568 0.00118 -0.00285)
(-0.02973 0.00532 -0.01866)
(-0.02296 0.00365 -0.01424)
(-0.02821 0.00373 -0.01928)
(-0.00580 -0.00167 -0.02714)
(-0.00167 -0.00169 -0.03078)
(0.00593 -0.00264 -0.03359)
(0.02357 -0.00554 -0.03481)
(0.02589 -0.00527 -0.03583)
(0.02330 -0.00773 -0.02554)
(0.03878 -0.00750 -0.02549)
(0.04201 -0.00777 -0.02569)
(0.04535 -0.00846 -0.02592)
(0.04367 -0.00795 -0.02167)
(0.05462 -0.01323 -0.02267)
(0.06286 -0.01757 -0.01579)
(0.06575 -0.02005 -0.01229)
(0.07114 -0.02361 -0.02400)
(0.06810 -0.02203 -0.00984)
(0.08342 -0.02864 -0.02026)
(0.08406 -0.02939 -0.02080)
(0.09040 -0.03586 -0.02994)
(0.09258 -0.03777 -0.03002)
(0.09171 -0.03802 -0.03028)
(0.09341 -0.05103 -0.02625)
(0.09229 -0.05185 -0.02678)
(0.09400 -0.05423 -0.02632)
(0.09340 -0.05551 -0.02653)
(0.09019 -0.06095 -0.02435)
(0.09334 -0.06421 -0.02163)
(0.09052 -0.06851 -0.01069)
(0.09660 -0.06951 -0.00990)
(0.09427 -0.06843 0.00695)
(0.09567 -0.06986 0.02452)
(0.09577 -0.07025 0.02736)
(0.09358 -0.06848 0.03211)
(0.09628 -0.07001 0.04046)
(0.07114 -0.05662 0.05767)
(0.07168 -0.05716 0.05925)
(0.06658 -0.05400 0.06096)
(0.07595 -0.05764 0.06471)
(0.06247 -0.05180 0.06708)
(0.05855 -0.05020 0.06752)
(0.06773 -0.04983 0.06785)
(0.06023 -0.04857 0.06797)
(0.05749 -0.04784 0.06765)
(0.06387 -0.04912 0.06596)
(0.06148 -0.04833 0.06559)
(0.05974 -0.04770 0.06488)
(0.05261 -0.05045 0.06853)
(0.04265 -0.05435 0.06536)
(0.04237 -0.04967 0.05765)
(0.00990 -0.01287 0.01475)
(-0.00290 0.00394 -0.00448)
(0.00120 -0.00023 0.00056)
(-0.00896 0.00153 -0.00465)
(-0.00657 -0.00069 -0.01633)
(-0.01363 -0.00130 -0.02485)
(0.00085 -0.00534 -0.02224)
(0.00134 -0.00603 -0.03018)
(0.01631 -0.00948 -0.03359)
(0.02507 -0.00660 -0.03605)
(0.02717 -0.00568 -0.03711)
(0.03660 -0.00861 -0.03754)
(0.03913 -0.00963 -0.03693)
(0.04361 -0.00818 -0.02983)
(0.04657 -0.00867 -0.03005)
(0.05428 -0.01243 -0.03570)
(0.04926 -0.00967 -0.02700)
(0.06190 -0.01312 -0.03270)
(0.06607 -0.02004 -0.03261)
(0.07155 -0.02514 -0.03494)
(0.08087 -0.02537 -0.03148)
(0.08461 -0.02858 -0.02534)
(0.08617 -0.03476 -0.03092)
(0.08970 -0.03634 -0.03028)
(0.08724 -0.03575 -0.03120)
(0.08863 -0.03704 -0.03060)
(0.08573 -0.04469 -0.02885)
(0.08079 -0.04808 -0.03114)
(0.09171 -0.05321 -0.02709)
(0.08610 -0.05446 -0.02908)
(0.08523 -0.06293 -0.03026)
(0.08461 -0.06416 -0.02701)
(0.09508 -0.06533 -0.01561)
(0.09605 -0.06912 -0.01457)
(0.10003 -0.07299 -0.00389)
(0.09678 -0.07311 0.01353)
(0.09658 -0.07208 0.02490)
(0.09593 -0.07097 0.03078)
(0.09577 -0.07547 0.04074)
(0.08359 -0.06513 0.05410)
(0.08237 -0.06868 0.05880)
(0.08685 -0.06447 0.06386)
(0.08452 -0.06283 0.06890)
(0.08123 -0.05777 0.06787)
(0.07036 -0.05474 0.06967)
(0.08586 -0.05834 0.06734)
(0.07601 -0.05484 0.06831)
(0.06790 -0.05030 0.06570)
(0.06635 -0.04891 0.06371)
(0.07585 -0.04913 0.05940)
(0.06673 -0.05077 0.06076)
(0.04848 -0.05370 0.06269)
(0.05453 -0.05006 0.05800)
(0.01470 -0.01737 0.01951)
(-0.00062 0.00078 -0.00087)
(-0.00021 0.00001 -0.00007)
(-0.00419 -0.00089 -0.00525)
(-0.00371 -0.00026 -0.00071)
(-0.00021 -0.00394 -0.01597)
(0.00271 -0.00535 -0.01860)
(0.00944 -0.00967 -0.02518)
(0.02048 -0.01280 -0.03066)
(0.02579 -0.01179 -0.03639)
(0.02615 -0.01149 -0.03660)
(0.02781 -0.00586 -0.03759)
(0.03725 -0.01050 -0.04351)
(0.04269 -0.01100 -0.04386)
(0.04916 -0.01066 -0.04281)
(0.05181 -0.01160 -0.04941)
(0.06476 -0.01694 -0.04459)
(0.07420 -0.02122 -0.04880)
(0.06767 -0.02141 -0.04560)
(0.07465 -0.02805 -0.03337)
(0.06988 -0.02702 -0.04273)
(0.07700 -0.02764 -0.03575)
(0.07070 -0.03118 -0.03907)
(0.07015 -0.03494 -0.03634)
(0.08606 -0.03667 -0.03174)
(0.07597 -0.04558 -0.03340)
(0.06635 -0.04686 -0.03862)
(0.07984 -0.04945 -0.03272)
(0.07354 -0.05267 -0.03400)
(0.08004 -0.06020 -0.03415)
(0.07894 -0.06411 -0.03341)
(0.08544 -0.06879 -0.02355)
(0.08504 -0.07741 -0.01945)
(0.09783 -0.07934 -0.00571)
(0.09248 -0.08304 -0.00054)
(0.09295 -0.08653 0.00354)
(0.09658 -0.08427 0.02511)
(0.09400 -0.08405 0.03311)
(0.09556 -0.08112 0.05345)
(0.09459 -0.08070 0.05396)
(0.08844 -0.07043 0.06287)
(0.08611 -0.06989 0.06769)
(0.08432 -0.06132 0.06753)
(0.08892 -0.06252 0.06688)
(0.07912 -0.05456 0.06878)
(0.08074 -0.05478 0.06404)
(0.07153 -0.04974 0.06227)
(0.09596 -0.05351 0.05632)
(0.08191 -0.04995 0.05653)
(0.07887 -0.05069 0.05657)
(0.08550 -0.04796 0.05186)
(0.07141 -0.04823 0.05332)
(0.02556 -0.02036 0.02240)
(0.00155 -0.00161 0.00168)
(-0.00076 0.00002 -0.00006)
(-0.00032 -0.00001 -0.00412)
(0.00421 -0.00515 -0.01222)
(0.02151 -0.01035 -0.01867)
(0.02101 -0.01102 -0.02328)
(0.02580 -0.01074 -0.03211)
(0.03600 -0.01421 -0.04365)
(0.03145 -0.01041 -0.04070)
(0.03779 -0.01383 -0.04642)
(0.04000 -0.00977 -0.04917)
(0.04713 -0.00754 -0.05245)
(0.04720 -0.01063 -0.05489)
(0.05412 -0.01261 -0.05108)
(0.04688 -0.01307 -0.05781)
(0.06524 -0.01976 -0.04914)
(0.05991 -0.02105 -0.05050)
(0.05078 -0.02756 -0.05593)
(0.06300 -0.03108 -0.04689)
(0.05967 -0.03346 -0.04702)
(0.06086 -0.03465 -0.04390)
(0.06194 -0.03662 -0.03855)
(0.06071 -0.04061 -0.03617)
(0.06078 -0.04421 -0.03869)
(0.06703 -0.04887 -0.03622)
(0.06767 -0.05117 -0.03603)
(0.05947 -0.06046 -0.04206)
(0.06171 -0.06384 -0.04068)
(0.07374 -0.06978 -0.03171)
(0.07046 -0.08294 -0.02886)
(0.08137 -0.08188 -0.01738)
(0.08666 -0.08553 -0.00753)
(0.08301 -0.08756 0.00520)
(0.09012 -0.08435 0.01879)
(0.08552 -0.08593 0.02741)
(0.09429 -0.08168 0.05226)
(0.08980 -0.08123 0.05414)
(0.09604 -0.07753 0.06105)
(0.09053 -0.07881 0.06356)
(0.08848 -0.07121 0.06851)
(0.09898 -0.06670 0.06491)
(0.09061 -0.06268 0.06555)
(0.09080 -0.05853 0.06603)
(0.10506 -0.06138 0.06291)
(0.10341 -0.05873 0.06172)
(0.09732 -0.05449 0.05684)
(0.09186 -0.04794 0.05277)
(0.08962 -0.04665 0.04949)
(0.08251 -0.04805 0.05132)
(0.04970 -0.03288 0.03640)
(0.02167 -0.01716 0.01886)
(0.00308 -0.00260 0.00284)
(-0.00001 -0.00029 0.00000)
(-0.00005 0.00080 -0.00015)
(0.00630 -0.00006 -0.00201)
(0.01494 -0.00154 -0.00773)
(0.02122 -0.00552 -0.01565)
(0.02430 -0.00574 -0.01985)
(0.02871 -0.00754 -0.02763)
(0.02492 -0.00506 -0.02198)
(0.03181 -0.00923 -0.03893)
(0.03580 -0.01282 -0.04505)
(0.03730 -0.01308 -0.04755)
(0.02895 -0.00440 -0.05645)
(0.04260 -0.00804 -0.05640)
(0.03842 -0.00887 -0.05927)
(0.03300 -0.01055 -0.06576)
(0.04356 -0.01442 -0.06127)
(0.03155 -0.01062 -0.06770)
(0.04631 -0.01688 -0.06231)
(0.04642 -0.02716 -0.05845)
(0.04880 -0.02875 -0.05568)
(0.04769 -0.03016 -0.05557)
(0.04855 -0.03342 -0.05379)
(0.05614 -0.04084 -0.04081)
(0.05124 -0.03848 -0.04087)
(0.04661 -0.04048 -0.04727)
(0.05099 -0.04690 -0.04749)
(0.05711 -0.05042 -0.04127)
(0.05574 -0.05293 -0.04214)
(0.04969 -0.05766 -0.04752)
(0.04937 -0.05894 -0.04782)
(0.06516 -0.06712 -0.03702)
(0.06582 -0.08252 -0.03129)
(0.07008 -0.08499 -0.02688)
(0.07189 -0.08781 -0.02411)
(0.06778 -0.08702 -0.00380)
(0.07959 -0.08946 0.01293)
(0.06602 -0.08542 0.02662)
(0.07913 -0.08661 0.03621)
(0.07665 -0.08380 0.04434)
(0.08877 -0.08102 0.06177)
(0.08888 -0.08013 0.06254)
(0.09137 -0.07817 0.06413)
(0.09274 -0.07784 0.06446)
(0.10198 -0.06368 0.06315)
(0.10572 -0.06243 0.06284)
(0.10422 -0.05880 0.06098)
(0.10276 -0.05643 0.06076)
(0.10331 -0.05222 0.05697)
(0.09822 -0.04969 0.05268)
(0.09200 -0.04868 0.05355)
(0.09130 -0.04817 0.05204)
(0.07859 -0.04174 0.04819)
(0.04629 -0.02678 0.03188)
(0.00460 -0.00291 0.00345)
(0.00451 -0.00275 0.00338)
(0.00130 0.00136 0.00030)
(0.01250 0.00287 -0.00292)
(0.02273 -0.00351 -0.01467)
(0.02327 -0.00391 -0.01656)
(0.02417 -0.00426 -0.01925)
(0.02429 -0.00388 -0.02187)
(0.03000 -0.00483 -0.03588)
(0.02825 -0.00854 -0.04567)
(0.03539 -0.01289 -0.04705)
(0.02180 -0.00231 -0.05613)
(0.03025 -0.00722 -0.05892)
(0.02838 -0.00934 -0.06809)
(0.02673 -0.00962 -0.06847)
(0.03014 -0.01131 -0.06827)
(0.02815 -0.01639 -0.06733)
(0.04435 -0.02810 -0.05864)
(0.03877 -0.02766 -0.06169)
(0.04303 -0.02959 -0.05866)
(0.03752 -0.03443 -0.06421)
(0.03694 -0.03710 -0.06298)
(0.04168 -0.03652 -0.05921)
(0.04433 -0.04136 -0.05663)
(0.03968 -0.04322 -0.06346)
(0.03925 -0.04362 -0.06278)
(0.04667 -0.05140 -0.04988)
(0.04650 -0.05655 -0.04911)
(0.04611 -0.05795 -0.04957)
(0.04801 -0.06009 -0.04850)
(0.04896 -0.07035 -0.04371)
(0.06516 -0.08488 -0.02995)
(0.06139 -0.08613 -0.02485)
(0.05996 -0.08910 -0.01200)
(0.06683 -0.09042 0.00258)
(0.06207 -0.08652 0.02344)
(0.06585 -0.08584 0.03037)
(0.06521 -0.08613 0.03316)
(0.08638 -0.08225 0.06087)
(0.08667 -0.08146 0.06165)
(0.08995 -0.07945 0.06326)
(0.09166 -0.07896 0.06390)
(0.09934 -0.06924 0.06297)
(0.10821 -0.06868 0.06364)
(0.10367 -0.05977 0.06080)
(0.10424 -0.05668 0.05803)
(0.10175 -0.04887 0.05532)
(0.09254 -0.04929 0.05343)
(0.09088 -0.04871 0.05301)
(0.07304 -0.03899 0.04772)
(0.05256 -0.02980 0.03670)
(0.02814 -0.01651 0.02034)
(0.05242 -0.02930 0.03739)
(0.00718 -0.00422 0.00541)
(0.00040 0.00038 0.00005)
(0.00322 0.00285 0.00035)
(0.00241 0.00205 0.00009)
(0.00875 0.00693 0.00042)
(0.01751 0.00572 -0.00596)
(0.02431 0.00413 -0.01185)
(0.02422 -0.00134 -0.01630)
(0.02341 0.00210 -0.01663)
(0.02417 -0.00281 -0.01895)
(0.01987 -0.00372 -0.03361)
(0.02142 -0.00168 -0.03511)
(0.02299 -0.00379 -0.04300)
(0.01679 -0.00044 -0.05135)
(0.01736 -0.00036 -0.05670)
(0.01195 -0.00301 -0.05972)
(0.02109 -0.00865 -0.06577)
(0.02172 -0.00842 -0.06899)
(0.02513 -0.01032 -0.06919)
(0.01920 -0.01193 -0.07097)
(0.00706 -0.02041 -0.07597)
(0.03746 -0.02895 -0.06187)
(0.02358 -0.03317 -0.07765)
(0.01689 -0.03572 -0.07733)
(0.03190 -0.04135 -0.06653)
(0.03563 -0.04386 -0.06692)
(0.03743 -0.04374 -0.06605)
(0.03943 -0.04955 -0.05867)
(0.03940 -0.05430 -0.05765)
(0.04336 -0.05661 -0.05186)
(0.04461 -0.05986 -0.05029)
(0.03689 -0.06860 -0.05196)
(0.05133 -0.07939 -0.03617)
(0.04680 -0.08161 -0.02944)
(0.04506 -0.08592 -0.02287)
(0.05674 -0.09246 -0.00082)
(0.05697 -0.08836 0.01737)
(0.06226 -0.08622 0.02799)
(0.06208 -0.08632 0.03204)
(0.07427 -0.08651 0.04759)
(0.08214 -0.08491 0.05919)
(0.08805 -0.08070 0.06253)
(0.09187 -0.08149 0.06394)
(0.09863 -0.07557 0.06488)
(0.10088 -0.07548 0.06482)
(0.10669 -0.06692 0.06205)
(0.10487 -0.06076 0.05926)
(0.10491 -0.05803 0.05799)
(0.09928 -0.05413 0.05537)
(0.08310 -0.04359 0.05155)
(0.07299 -0.03833 0.04839)
(0.07048 -0.03739 0.04872)
(0.06728 -0.03645 0.04842)
(0.04462 -0.02465 0.03285)
(0.00687 -0.00413 0.00578)
(-0.00545 0.00330 -0.00466)
(0.00036 0.00020 -0.00007)
(0.00441 0.00238 -0.00086)
(0.02107 0.00807 -0.00519)
(0.01468 0.00413 -0.00374)
(0.02741 0.00805 -0.00863)
(0.02548 0.00556 -0.01271)
(0.02645 0.00404 -0.01473)
(0.02381 0.00153 -0.02493)
(0.01905 0.00063 -0.03038)
(0.01584 -0.00144 -0.04186)
(0.01452 -0.00229 -0.04272)
(0.01002 -0.00102 -0.04668)
(0.00697 -0.00317 -0.05555)
(-0.00252 -0.00004 -0.06118)
(0.00107 -0.00459 -0.06444)
(-0.00345 -0.00386 -0.06698)
(-0.01025 -0.00531 -0.07076)
(0.01999 -0.00897 -0.06988)
(0.00582 -0.01104 -0.07193)
(-0.00566 -0.01930 -0.08200)
(0.00435 -0.02258 -0.07684)
(0.00624 -0.02867 -0.08052)
(0.00501 -0.03092 -0.08230)
(0.01967 -0.03871 -0.07325)
(0.01578 -0.03787 -0.08131)
(0.01286 -0.03741 -0.08154)
(0.02605 -0.04458 -0.06902)
(0.02706 -0.04906 -0.06595)
(0.02916 -0.05051 -0.06997)
(0.02952 -0.05902 -0.06066)
(0.03104 -0.06683 -0.05394)
(0.03339 -0.07290 -0.04903)
(0.03387 -0.07994 -0.03777)
(0.03364 -0.08260 -0.03379)
(0.04178 -0.08725 -0.01240)
(0.04150 -0.08540 -0.00558)
(0.05888 -0.08575 0.02600)
(0.05613 -0.08792 0.03339)
(0.06248 -0.09086 0.04160)
(0.06511 -0.08752 0.04887)
(0.07906 -0.08759 0.05708)
(0.08423 -0.08619 0.05898)
(0.09667 -0.08031 0.06359)
(0.09803 -0.07601 0.06662)
(0.10256 -0.07033 0.06478)
(0.09950 -0.06830 0.06478)
(0.10104 -0.05926 0.06109)
(0.08488 -0.05076 0.06197)
(0.08451 -0.04723 0.05851)
(0.07908 -0.04548 0.06204)
(0.06839 -0.03571 0.06051)
(0.05627 -0.03108 0.05248)
(0.03542 -0.01921 0.03135)
(0.00999 -0.00543 0.00899)
(-0.00389 0.00235 -0.00359)
(0.00367 0.00074 -0.00116)
(0.02016 0.00390 -0.00674)
(0.02893 0.00712 -0.01291)
(0.02855 0.00733 -0.01692)
(0.02903 0.00816 -0.01837)
(0.02570 0.00302 -0.02394)
(0.01358 0.00074 -0.03676)
(0.01883 0.00117 -0.03045)
(0.01169 -0.00019 -0.04175)
(0.00537 -0.00087 -0.04781)
(0.01081 -0.00186 -0.04521)
(0.00093 0.00165 -0.05078)
(-0.00410 -0.00201 -0.05571)
(-0.01510 -0.00248 -0.05848)
(-0.01589 -0.00249 -0.05968)
(-0.00355 -0.00278 -0.06400)
(-0.02120 0.00113 -0.06075)
(-0.01400 -0.00121 -0.06663)
(-0.02822 -0.00291 -0.07082)
(-0.01448 -0.01126 -0.07768)
(-0.01539 -0.01576 -0.08077)
(-0.00829 -0.02047 -0.08411)
(-0.01011 -0.02606 -0.09279)
(-0.01993 -0.02910 -0.10310)
(0.00584 -0.03697 -0.09029)
(0.00799 -0.03810 -0.09045)
(0.00410 -0.03923 -0.08931)
(0.01048 -0.03958 -0.08264)
(0.01745 -0.04425 -0.07914)
(0.02143 -0.04834 -0.07499)
(0.02599 -0.05374 -0.06487)
(0.02534 -0.05836 -0.06445)
(0.02805 -0.07199 -0.05444)
(0.02530 -0.07363 -0.04874)
(0.02233 -0.07927 -0.04299)
(0.03551 -0.08169 -0.02102)
(0.03618 -0.08373 -0.00775)
(0.04117 -0.09132 0.00831)
(0.04376 -0.09450 0.01948)
(0.05523 -0.09175 0.03232)
(0.06051 -0.08930 0.04641)
(0.07179 -0.09235 0.04872)
(0.08190 -0.08823 0.05722)
(0.07916 -0.09138 0.06271)
(0.09123 -0.08040 0.06512)
(0.09726 -0.07613 0.06926)
(0.08604 -0.07613 0.07701)
(0.08611 -0.07306 0.07609)
(0.08560 -0.06533 0.07372)
(0.08352 -0.07042 0.07720)
(0.08108 -0.05472 0.06989)
(0.07230 -0.04453 0.06545)
(0.07059 -0.04381 0.06491)
(0.06252 -0.03658 0.05707)
(0.01937 -0.01163 0.01823)
(0.00270 -0.00201 0.00319)
(-0.00104 0.00077 -0.00122)
(0.00073 0.00014 -0.00024)
(0.01139 0.00207 -0.00382)
(0.02885 0.00510 -0.01032)
(0.03026 0.00503 -0.01583)
(0.02747 0.00252 -0.02333)
(0.02460 0.00068 -0.02659)
(0.02193 0.00188 -0.03078)
(0.00718 0.00124 -0.04411)
(0.00494 0.00061 -0.04608)
(0.00197 -0.00007 -0.04850)
(-0.00241 0.00121 -0.05310)
(-0.01751 -0.00240 -0.05912)
(-0.01840 -0.00203 -0.05966)
(-0.02195 -0.00143 -0.06048)
(-0.03116 0.00331 -0.06896)
(-0.03957 0.00259 -0.07190)
(-0.03005 -0.00534 -0.07985)
(-0.03797 -0.00784 -0.08904)
(-0.02387 -0.01877 -0.08808)
(-0.04077 -0.01084 -0.09264)
(-0.02551 -0.02262 -0.09707)
(-0.02481 -0.02739 -0.10584)
(-0.01847 -0.03041 -0.10487)
(-0.01321 -0.03257 -0.10417)
(0.00039 -0.03768 -0.10028)
(0.00392 -0.03870 -0.08879)
(0.01184 -0.04067 -0.08776)
(0.00834 -0.03984 -0.08662)
(0.01578 -0.04737 -0.07299)
(0.01208 -0.04902 -0.07569)
(0.01989 -0.06217 -0.06574)
(0.02098 -0.07305 -0.05022)
(0.02082 -0.07674 -0.04570)
(0.02265 -0.07992 -0.03945)
(0.02737 -0.08024 -0.02493)
(0.03735 -0.09378 0.00341)
(0.04357 -0.08867 0.00625)
(0.05130 -0.08012 0.01199)
(0.05896 -0.08911 0.03484)
(0.07044 -0.09198 0.05126)
(0.07413 -0.09151 0.05484)
(0.07583 -0.09194 0.05728)
(0.08202 -0.08450 0.05920)
(0.08322 -0.07810 0.07455)
(0.08224 -0.07318 0.07910)
(0.08239 -0.06462 0.07744)
(0.07745 -0.05612 0.07182)
(0.06934 -0.05412 0.07520)
(0.06992 -0.04779 0.07084)
(0.06507 -0.04240 0.07066)
(0.06286 -0.03836 0.05736)
(0.02118 -0.01346 0.01977)
(0.00155 -0.00092 0.00141)
(0.00049 0.00012 -0.00023)
(0.01460 0.00365 -0.00722)
(0.02674 0.00357 -0.01854)
(0.03147 0.00204 -0.02471)
(0.02839 0.00157 -0.02407)
(0.02434 0.00154 -0.03329)
(0.01743 -0.00024 -0.03853)
(0.02285 0.00150 -0.03420)
(0.00625 0.00005 -0.04556)
(0.00404 -0.00009 -0.04713)
(0.00318 -0.00085 -0.04827)
(0.00079 -0.00071 -0.04963)
(-0.00116 -0.00021 -0.05060)
(-0.02190 -0.00158 -0.05977)
(-0.02067 -0.00213 -0.06001)
(-0.02424 -0.00192 -0.06055)
(-0.03722 0.00322 -0.07088)
(-0.04321 0.00197 -0.07143)
(-0.04341 -0.00369 -0.08477)
(-0.05200 -0.00291 -0.09218)
(-0.05253 -0.00483 -0.09530)
(-0.03321 -0.02014 -0.09913)
(-0.02952 -0.02614 -0.10846)
(-0.02362 -0.02842 -0.10807)
(-0.02226 -0.02924 -0.11046)
(-0.01683 -0.03047 -0.11500)
(0.00011 -0.03722 -0.09363)
(-0.00787 -0.03167 -0.09539)
(0.00721 -0.04501 -0.09102)
(0.01145 -0.05016 -0.07444)
(0.01252 -0.05877 -0.06917)
(0.02125 -0.07781 -0.04317)
(0.03301 -0.07641 -0.01692)
(0.04010 -0.08259 -0.00654)
(0.05247 -0.08443 0.01964)
(0.07256 -0.09201 0.05309)
(0.07639 -0.09281 0.06039)
(0.08061 -0.07595 0.08115)
(0.07373 -0.06306 0.08098)
(0.02449 -0.01602 0.02361)
(0.00297 0.00023 -0.00127)
(0.02073 0.00305 -0.01401)
(0.03303 0.00434 -0.02980)
(0.03151 0.00306 -0.02189)
(0.03137 0.00338 -0.03136)
(0.02989 0.00337 -0.03213)
(0.01486 -0.00190 -0.04073)
(0.00534 -0.00096 -0.04697)
(0.00229 -0.00154 -0.04954)
(-0.00035 -0.00130 -0.05078)
(-0.00738 -0.00322 -0.05643)
(-0.02523 -0.00105 -0.06303)
(-0.03281 0.00064 -0.06679)
(-0.02986 0.00067 -0.06216)
(-0.04775 0.00393 -0.06740)
(-0.04271 0.00471 -0.06965)
(-0.05447 0.00508 -0.07016)
(-0.05432 -0.00021 -0.08099)
(-0.06273 0.00280 -0.07981)
(-0.05496 -0.00212 -0.09203)
(-0.05500 -0.00401 -0.09611)
(-0.05120 -0.00837 -0.10185)
(-0.04142 -0.02065 -0.11389)
(-0.03073 -0.02644 -0.11294)
(-0.02684 -0.02758 -0.11380)
(-0.01425 -0.03217 -0.11541)
(-0.00402 -0.00011 0.00212)
(0.01114 0.00016 -0.00684)
(0.03412 0.00179 -0.02650)
(0.03348 0.00249 -0.02880)
(0.02885 0.00131 -0.03336)
(0.02080 -0.00078 -0.03752)
(0.01338 -0.00305 -0.04301)
(0.01060 -0.00308 -0.04526)
(0.01021 -0.00377 -0.04622)
(0.00037 -0.00274 -0.05268)
(-0.00827 -0.00431 -0.05847)
(-0.01500 -0.00235 -0.06177)
(-0.03209 -0.00145 -0.06744)
(-0.03488 -0.00139 -0.06877)
(-0.04000 0.00259 -0.06969)
(-0.04867 0.00526 -0.07000)
(-0.05721 0.00702 -0.07202)
(-0.06173 0.00410 -0.08204)
(-0.05867 -0.00134 -0.09213)
(-0.05681 -0.01011 -0.10804)
(-0.05451 -0.01722 -0.12064)
(-0.00373 -0.00001 0.00215)
(0.00261 0.00001 -0.00154)
(0.01687 -0.00049 -0.01126)
(0.02711 -0.00129 -0.03290)
(0.02497 -0.00185 -0.03489)
(0.01866 -0.00299 -0.04079)
(0.01018 -0.00383 -0.04734)
(0.00018 -0.00535 -0.05678)
(-0.00644 -0.00589 -0.06182)
(-0.01526 -0.00230 -0.06484)
(-0.02916 -0.00177 -0.06685)
(-0.03333 0.00051 -0.06818)
(-0.03972 0.00135 -0.06956)
(-0.05277 0.00421 -0.07526)
(-0.05532 0.00443 -0.07471)
(-0.06123 0.00421 -0.07808)
(-0.06430 0.00435 -0.08667)
(0.00079 -0.00001 -0.00048)
(0.01539 0.00005 -0.01493)
(0.02160 -0.00055 -0.02534)
(0.02643 -0.00101 -0.03351)
(0.02358 -0.00187 -0.03625)
(0.02243 -0.00193 -0.03738)
(0.01583 -0.00240 -0.04595)
(0.00629 -0.00323 -0.05290)
(-0.00100 -0.00408 -0.05758)
(0.00135 -0.00253 -0.05789)
(-0.01084 -0.00192 -0.06723)
(-0.01603 0.00002 -0.06874)
(-0.02312 -0.00151 -0.07031)
(-0.02156 0.00150 -0.07268)
(-0.03029 0.00156 -0.07076)
(-0.04433 0.00274 -0.07187)
(0.00205 -0.00009 -0.00139)
(0.02198 -0.00018 -0.02136)
(0.02544 -0.00092 -0.03443)
(0.02869 0.00131 -0.03575)
(0.02535 0.00004 -0.03893)
(0.02162 -0.00024 -0.04444)
(0.01139 -0.00184 -0.05264)
(0.00231 -0.00231 -0.05751)
(-0.01363 -0.00124 -0.07111)
(-0.01853 0.00084 -0.07220)
(-0.00043 -0.00002 0.00032)
(0.01031 0.00115 -0.00975)
(0.02220 0.00190 -0.02620)
(-0.00594 -0.03063 -0.10043)
(0.00898 -0.04621 -0.07848)
(0.01894 -0.07434 -0.04943)
(0.02453 -0.07637 -0.03972)
(0.04894 -0.07658 0.00406)
(0.06622 -0.09148 0.04095)
(0.07380 -0.09246 0.05645)
(0.07704 -0.08359 0.07265)
(0.07509 -0.07258 0.08302)
(0.06429 -0.05878 0.08492)
(0.06646 -0.05292 0.07641)
(0.05794 -0.03977 0.06330)
(0.05765 -0.03910 0.06099)
(0.05729 -0.03830 0.05838)
(0.00558 -0.00361 0.00521)
(-0.02887 -0.02576 -0.12121)
(-0.01472 -0.02939 -0.11288)
(-0.00712 -0.03115 -0.10996)
(-0.00472 -0.03565 -0.09977)
(0.00305 -0.04395 -0.08524)
(0.00871 -0.04758 -0.07705)
(0.00840 -0.05153 -0.07379)
(0.00973 -0.05867 -0.06869)
(0.01958 -0.07550 -0.04751)
(0.02292 -0.06851 -0.04770)
(0.03230 -0.07582 -0.02309)
(0.03968 -0.07888 -0.01093)
(0.04879 -0.07528 -0.00073)
(0.05144 -0.07801 0.00665)
(0.05801 -0.08699 0.02547)
(0.07145 -0.09208 0.05066)
(0.07232 -0.09258 0.05506)
(0.07553 -0.09355 0.06246)
(0.06991 -0.09148 0.08550)
(0.07264 -0.08079 0.08767)
(0.06657 -0.07518 0.08959)
(0.06618 -0.06682 0.08747)
(0.06055 -0.06015 0.08929)
(0.05699 -0.04894 0.07610)
(0.05720 -0.04084 0.06332)
(0.05740 -0.03973 0.05864)
(0.02270 -0.01531 0.02138)
(0.00231 -0.00154 0.00207)
(-0.05625 -0.01896 -0.12974)
(-0.04410 -0.02180 -0.12779)
(-0.04182 -0.02182 -0.12927)
(-0.02893 -0.02496 -0.13101)
(-0.02636 -0.02556 -0.12482)
(-0.02284 -0.02355 -0.11521)
(-0.01341 -0.02574 -0.10350)
(-0.01280 -0.03064 -0.09756)
(0.00539 -0.04422 -0.07966)
(-0.00934 -0.03461 -0.09101)
(0.00415 -0.04621 -0.07885)
(0.00627 -0.04958 -0.07494)
(0.01763 -0.06212 -0.05764)
(0.02140 -0.06626 -0.05285)
(0.02934 -0.07024 -0.03711)
(0.03659 -0.07042 -0.02668)
(0.04406 -0.06922 -0.01934)
(0.05286 -0.07894 0.00538)
(0.05905 -0.08607 0.01602)
(0.06724 -0.08838 0.03495)
(0.06996 -0.09224 0.04732)
(0.06852 -0.09517 0.06936)
(0.06390 -0.09599 0.09318)
(0.06449 -0.08932 0.08911)
(0.06338 -0.07568 0.09380)
(0.06276 -0.06640 0.09105)
(0.05723 -0.06735 0.09506)
(0.05632 -0.05752 0.08989)
(0.05769 -0.05522 0.08257)
(0.05785 -0.05591 0.08083)
(0.05628 -0.04287 0.06737)
(0.05710 -0.04063 0.05733)
(0.03061 -0.02131 0.02589)
(0.00716 -0.00511 0.00557)
(-0.00280 0.00199 -0.00208)
(-0.06667 -0.00504 -0.09717)
(-0.06239 -0.01081 -0.10716)
(-0.06050 -0.01419 -0.11832)
(-0.05650 -0.01862 -0.12871)
(-0.05275 -0.01892 -0.13110)
(-0.05104 -0.01924 -0.14034)
(-0.03771 -0.02113 -0.12993)
(-0.03757 -0.01966 -0.12819)
(-0.03614 -0.01584 -0.11905)
(-0.03294 -0.01686 -0.11400)
(-0.02468 -0.01996 -0.10466)
(-0.01851 -0.02971 -0.09601)
(-0.00055 -0.03904 -0.08522)
(-0.00001 -0.04179 -0.08287)
(0.00779 -0.05056 -0.07361)
(0.02229 -0.05426 -0.06242)
(0.02769 -0.05661 -0.05962)
(0.03129 -0.06619 -0.04082)
(0.03722 -0.06687 -0.03446)
(0.04843 -0.07460 -0.01826)
(0.05355 -0.07865 -0.00848)
(0.06059 -0.08135 0.00658)
(0.06525 -0.08626 0.02355)
(0.06659 -0.09019 0.04576)
(0.06878 -0.09290 0.05919)
(0.06613 -0.09044 0.06202)
(0.06644 -0.09047 0.07592)
(0.05931 -0.08200 0.09012)
(0.06163 -0.08004 0.09555)
(0.05646 -0.07230 0.09561)
(0.05546 -0.06332 0.09307)
(0.05800 -0.05178 0.07672)
(0.05572 -0.05820 0.08215)
(0.05762 -0.05058 0.06903)
(0.05230 -0.04455 0.05744)
(0.00734 -0.00541 0.00507)
(-0.00668 0.00510 -0.00408)
(0.04093 -0.03586 0.04371)
(-0.05203 0.00490 -0.07590)
(-0.05475 0.00478 -0.07651)
(-0.05645 0.00521 -0.07826)
(-0.06300 0.00057 -0.08616)
(-0.06677 -0.00392 -0.09747)
(-0.06820 -0.00626 -0.10144)
(-0.06660 -0.00738 -0.09929)
(-0.06717 -0.01022 -0.11111)
(-0.06514 -0.01316 -0.12266)
(-0.05965 -0.01607 -0.13207)
(-0.05790 -0.01595 -0.13896)
(-0.05481 -0.01553 -0.13819)
(-0.04724 -0.01417 -0.12849)
(-0.03572 -0.01533 -0.11565)
(-0.03469 -0.01508 -0.11245)
(-0.02240 -0.02463 -0.10147)
(-0.01144 -0.03574 -0.09223)
(-0.00051 -0.04167 -0.08803)
(0.00446 -0.04708 -0.07802)
(0.00255 -0.03962 -0.08760)
(0.02383 -0.05375 -0.06424)
(0.02712 -0.05451 -0.06135)
(0.03075 -0.05627 -0.05724)
(0.04686 -0.06725 -0.02986)
(0.05118 -0.07611 -0.01343)
(0.05052 -0.07348 -0.01715)
(0.05827 -0.07785 -0.00463)
(0.06380 -0.08642 0.02382)
(0.06341 -0.08233 0.01729)
(0.06678 -0.08899 0.03917)
(0.06779 -0.08824 0.05137)
(0.06587 -0.09050 0.06556)
(0.06054 -0.07903 0.08164)
(0.05743 -0.07583 0.09552)
(0.05698 -0.07261 0.09433)
(0.05624 -0.06942 0.09385)
(0.05686 -0.05819 0.07278)
(0.05662 -0.05543 0.06921)
(0.05489 -0.05192 0.06233)
(0.03454 -0.02881 0.03034)
(0.00449 -0.00361 0.00342)
(0.02083 -0.01685 0.01431)
(0.00406 -0.00324 0.00260)
(-0.02043 0.00178 -0.07305)
(-0.02323 0.00246 -0.07332)
(-0.03167 0.00328 -0.07450)
(-0.05132 0.00563 -0.07633)
(-0.05369 0.00543 -0.07709)
(-0.05260 0.00619 -0.07742)
(-0.05544 0.00577 -0.07873)
(-0.06126 0.00152 -0.09312)
(-0.06060 0.00548 -0.08508)
(-0.06381 -0.00046 -0.09928)
(-0.06758 -0.00436 -0.10616)
(-0.06987 -0.00906 -0.12079)
(-0.06944 -0.01055 -0.12792)
(-0.06009 -0.01523 -0.13464)
(-0.05999 -0.01547 -0.13897)
(-0.05782 -0.01472 -0.13804)
(-0.05819 -0.01330 -0.13697)
(-0.05679 -0.01041 -0.13138)
(-0.03844 -0.01388 -0.11702)
(-0.03703 -0.01396 -0.11405)
(-0.02835 -0.01992 -0.10634)
(-0.01174 -0.03175 -0.09624)
(-0.00187 -0.03634 -0.09056)
(0.00200 -0.03887 -0.08879)
(0.01543 -0.04624 -0.06980)
(0.02664 -0.05293 -0.06283)
(0.03026 -0.05462 -0.05867)
(0.02966 -0.05314 -0.06018)
(0.04493 -0.06030 -0.04083)
(0.05055 -0.06039 -0.03677)
(0.05869 -0.07215 -0.01281)
(0.06470 -0.07313 -0.00711)
(0.06885 -0.08709 0.04259)
(0.06815 -0.08754 0.04912)
(0.06713 -0.08852 0.05724)
(0.06317 -0.08068 0.07175)
(0.05784 -0.07578 0.09442)
(0.05742 -0.07284 0.09327)
(0.05668 -0.06973 0.09276)
(0.05485 -0.06503 0.08649)
(0.05552 -0.05718 0.06891)
(0.05307 -0.04813 0.05027)
(0.01811 -0.01514 0.01181)
(-0.00401 0.00325 -0.00226)
(0.00136 -0.00112 0.00082)
(0.02722 0.00337 -0.03923)
(0.02142 0.00233 -0.04694)
(0.01910 0.00067 -0.04884)
(0.01168 -0.00024 -0.05801)
(0.00798 -0.00112 -0.06435)
(0.00448 -0.00023 -0.06366)
(-0.00915 -0.00042 -0.06785)
(-0.01754 0.00104 -0.07259)
(-0.01653 0.00130 -0.07322)
(-0.01934 0.00207 -0.07355)
(-0.02234 0.00287 -0.07375)
(-0.03026 0.00560 -0.07745)
(-0.04429 0.00698 -0.07877)
(-0.05153 0.00769 -0.08097)
(-0.05810 0.00793 -0.08649)
(-0.06433 0.00292 -0.09861)
(-0.07268 0.00050 -0.10590)
(-0.07016 -0.00760 -0.12323)
(-0.07036 -0.00934 -0.12629)
(-0.06572 -0.01284 -0.13177)
(-0.06635 -0.01292 -0.13453)
(-0.06023 -0.01420 -0.13807)
(-0.06051 -0.01268 -0.13689)
(-0.05798 -0.01144 -0.13053)
(-0.04714 -0.01261 -0.12218)
(-0.03874 -0.01629 -0.11557)
(-0.03168 -0.02065 -0.11004)
(-0.02212 -0.02514 -0.10147)
(-0.00316 -0.03535 -0.09200)
(0.00138 -0.03838 -0.09025)
(0.01039 -0.04376 -0.08080)
(0.02468 -0.04904 -0.06993)
(0.03061 -0.05143 -0.06593)
(0.03783 -0.05269 -0.05446)
(0.05140 -0.05572 -0.04263)
(0.05634 -0.06135 -0.03387)
(0.05877 -0.06375 -0.02570)
(0.06507 -0.06690 -0.01651)
(0.06631 -0.07627 0.00395)
(0.06821 -0.08272 0.02701)
(0.06887 -0.08670 0.04370)
(0.06813 -0.08696 0.05034)
(0.06742 -0.08775 0.05557)
(0.06545 -0.08465 0.06703)
(0.05958 -0.07821 0.09119)
(0.05542 -0.07567 0.08191)
(0.05630 -0.07217 0.08458)
(0.04847 -0.05925 0.08078)
(0.05486 -0.05825 0.07056)
(0.05545 -0.05505 0.06296)
(0.05329 -0.05123 0.05547)
(0.04223 -0.03763 0.03435)
(0.00984 -0.00829 0.00650)
(0.00199 0.00026 -0.00205)
(0.00475 0.00077 -0.00553)
(0.02569 0.00425 -0.03824)
(0.02079 0.00294 -0.05030)
(0.01130 0.00416 -0.05981)
(0.01142 0.00063 -0.06277)
(0.00283 -0.00022 -0.06886)
(-0.00353 -0.00119 -0.07281)
(-0.00791 0.00059 -0.07547)
(-0.00856 0.00042 -0.07488)
(-0.02061 0.00296 -0.07772)
(-0.03346 0.00381 -0.08080)
(-0.03418 0.00519 -0.07817)
(-0.04353 0.00788 -0.07917)
(-0.04718 0.01136 -0.08056)
(-0.06640 0.00900 -0.08475)
(-0.06994 0.00864 -0.08672)
(-0.06960 0.00741 -0.09455)
(-0.07866 0.00699 -0.10339)
(-0.07660 -0.00278 -0.11559)
(-0.08750 0.00473 -0.11442)
(-0.07837 -0.00448 -0.12897)
(-0.07738 -0.00267 -0.12854)
(-0.06954 -0.00914 -0.13498)
(-0.07051 -0.00617 -0.13215)
(-0.06764 -0.00914 -0.12987)
(-0.06078 -0.00532 -0.12564)
(-0.05037 -0.01202 -0.12143)
(-0.04007 -0.01895 -0.11683)
(-0.02612 -0.02597 -0.10876)
(-0.01419 -0.03468 -0.10493)
(-0.00358 -0.04071 -0.10042)
(0.01229 -0.04596 -0.08749)
(0.02147 -0.04560 -0.07777)
(0.02905 -0.05056 -0.07210)
(0.04053 -0.05225 -0.05655)
(0.05034 -0.05454 -0.04505)
(0.05299 -0.06029 -0.03763)
(0.06216 -0.06608 -0.02235)
(0.06110 -0.07172 -0.00581)
(0.06232 -0.07673 0.01308)
(0.06446 -0.08328 0.03705)
(0.05882 -0.08031 0.06564)
(0.05467 -0.07873 0.05323)
(0.05976 -0.08102 0.08137)
(0.04782 -0.06955 0.07630)
(0.04541 -0.06421 0.08337)
(0.04248 -0.05757 0.08015)
(0.04785 -0.05389 0.07066)
(0.04565 -0.04983 0.05923)
(0.02583 -0.03192 0.04083)
(0.01296 -0.01608 0.02006)
(0.00489 -0.00606 0.00742)
(0.00136 0.00035 -0.00177)
(0.01605 0.00588 -0.03776)
(0.01374 0.00564 -0.05791)
(0.00453 0.00636 -0.06725)
(0.00356 0.00590 -0.06825)
(0.00165 0.00511 -0.07008)
(-0.00055 -0.00030 -0.07448)
(-0.00262 0.00460 -0.07434)
(-0.00740 0.00181 -0.07828)
(-0.01339 0.00150 -0.08257)
(-0.02811 0.00014 -0.08337)
(-0.03577 0.00532 -0.08449)
(-0.04267 0.00619 -0.08200)
(-0.04438 0.00901 -0.07991)
(-0.05616 0.01162 -0.08225)
(-0.06573 0.01041 -0.08507)
(-0.08477 0.01250 -0.08998)
(-0.08535 0.01227 -0.09349)
(-0.08263 0.00493 -0.10700)
(-0.09745 0.01230 -0.10970)
(-0.09021 0.00659 -0.11958)
(-0.08947 0.00598 -0.12162)
(-0.08049 -0.00323 -0.12973)
(-0.09074 0.00396 -0.12334)
(-0.07407 -0.00810 -0.13194)
(-0.06845 -0.01026 -0.12914)
(-0.06052 -0.00670 -0.12612)
(-0.05197 -0.01537 -0.12259)
(-0.03635 -0.02932 -0.11761)
(-0.02976 -0.02749 -0.11390)
(-0.03108 -0.03342 -0.11629)
(-0.01379 -0.03652 -0.10689)
(0.00057 -0.04775 -0.10406)
(0.00852 -0.05133 -0.10086)
(0.01263 -0.04950 -0.09427)
(0.02122 -0.04876 -0.08385)
(0.02898 -0.04799 -0.07531)
(0.03936 -0.05695 -0.06235)
(0.03994 -0.05450 -0.06144)
(0.04643 -0.05872 -0.05299)
(0.05149 -0.05801 -0.04295)
(0.05836 -0.06596 -0.02612)
(0.05542 -0.06570 -0.03053)
(0.05561 -0.07075 -0.01603)
(0.05503 -0.07118 -0.00834)
(0.05635 -0.07616 0.02483)
(0.05278 -0.07703 0.04584)
(0.05266 -0.07716 0.07204)
(0.04840 -0.07563 0.05824)
(0.04416 -0.07212 0.07865)
(0.02275 -0.05686 0.07758)
(0.03664 -0.06055 0.07821)
(0.02121 -0.05262 0.07526)
(0.03699 -0.05087 0.06607)
(0.03520 -0.04713 0.05933)
(0.01956 -0.05153 0.07443)
(0.02715 -0.03702 0.04610)
(0.00384 -0.00735 0.00924)
(0.00034 0.00012 -0.00057)
(0.00978 0.00424 -0.03730)
(0.00156 0.00592 -0.05284)
(0.00081 0.00651 -0.07104)
(-0.00127 0.00534 -0.07296)
(-0.00328 0.00648 -0.07402)
(-0.00479 0.00559 -0.07553)
(-0.01554 0.00506 -0.08339)
(-0.02828 0.00612 -0.08678)
(-0.04435 0.00661 -0.08655)
(-0.04462 0.00951 -0.08466)
(-0.06049 0.01339 -0.08659)
(-0.06546 0.00960 -0.08713)
(-0.07285 0.01091 -0.08666)
(-0.09397 0.01551 -0.08973)
(-0.09411 0.01532 -0.09115)
(-0.09767 0.01587 -0.09204)
(-0.08593 0.00899 -0.10357)
(-0.10115 0.01467 -0.10754)
(-0.09888 0.01277 -0.11099)
(-0.09793 0.01002 -0.11305)
(-0.09275 0.00425 -0.11575)
(-0.08447 -0.00191 -0.12142)
(-0.07166 -0.01474 -0.12068)
(-0.06461 -0.01350 -0.12450)
(-0.06235 -0.01424 -0.11994)
(-0.03642 -0.03139 -0.11791)
(-0.03220 -0.03490 -0.11693)
(-0.02631 -0.03682 -0.11545)
(-0.00426 -0.04937 -0.10718)
(0.00794 -0.05287 -0.09969)
(0.01698 -0.05198 -0.09140)
(0.02686 -0.05711 -0.07968)
(0.03991 -0.05992 -0.06568)
(0.04486 -0.06188 -0.05404)
(0.04638 -0.06296 -0.05136)
(0.05148 -0.06564 -0.03671)
(0.05401 -0.07007 -0.01858)
(0.05364 -0.07168 -0.01400)
(0.05451 -0.07317 0.01752)
(0.05447 -0.07528 0.00747)
(0.05157 -0.07680 0.03583)
(0.03821 -0.07679 0.04959)
(0.04239 -0.07329 0.06570)
(0.03501 -0.07592 0.05527)
(0.02428 -0.05869 0.07195)
(0.01576 -0.05401 0.07678)
(0.01626 -0.05194 0.07535)
(0.02573 -0.04797 0.06117)
(0.01995 -0.03266 0.04246)
(0.01187 -0.04691 0.06975)
(0.00426 -0.00994 0.01293)
(0.00081 -0.00199 0.00258)
(-0.00041 -0.00027 0.00072)
(0.00217 0.00304 -0.02497)
(-0.00124 0.00744 -0.03566)
(-0.00237 0.00794 -0.07261)
(-0.00745 0.00737 -0.07590)
(-0.02781 0.01110 -0.08616)
(-0.03584 0.00955 -0.08642)
(-0.04797 0.00975 -0.08841)
(-0.06812 0.01506 -0.09038)
(-0.07408 0.01540 -0.09044)
(-0.07539 0.01547 -0.08946)
(-0.08090 0.01273 -0.08814)
(-0.09925 0.01608 -0.08983)
(-0.09844 0.01640 -0.09057)
(-0.10222 0.01760 -0.09112)
(-0.10523 0.01833 -0.09938)
(-0.10281 0.01582 -0.10802)
(-0.10374 0.01187 -0.10330)
(-0.10408 0.00998 -0.10395)
(-0.09067 0.00340 -0.11528)
(-0.08394 -0.00562 -0.11216)
(-0.06975 -0.01614 -0.11782)
(-0.06661 -0.01877 -0.11742)
(-0.04826 -0.03059 -0.11564)
(-0.03338 -0.03663 -0.11645)
(-0.02788 -0.03799 -0.11607)
(-0.00925 -0.05406 -0.10321)
(-0.00105 -0.05602 -0.09783)
(0.01285 -0.05761 -0.08392)
(0.01284 -0.06451 -0.08585)
(0.02305 -0.06405 -0.07543)
(0.03055 -0.06477 -0.06779)
(0.04328 -0.06614 -0.05516)
(0.04400 -0.06395 -0.05487)
(0.04522 -0.06508 -0.05173)
(0.04580 -0.06611 -0.04897)
(0.04628 -0.06941 -0.02968)
(0.05255 -0.07038 -0.02031)
(0.05145 -0.07149 -0.01611)
(0.04988 -0.07930 -0.00178)
(0.04611 -0.07693 0.01924)
(0.04264 -0.07687 0.01770)
(0.03603 -0.07713 0.04616)
(0.03290 -0.07639 0.05207)
(0.03007 -0.06922 0.06310)
(0.02957 -0.07554 0.05676)
(0.01306 -0.05485 0.07749)
(0.01302 -0.05254 0.07623)
(0.01028 -0.05384 0.07717)
(0.00659 -0.04308 0.06508)
(0.00446 -0.02478 0.03541)
(0.00013 -0.00415 0.00618)
(0.00031 0.00239 -0.00362)
(-0.00057 -0.00146 0.00415)
(-0.00044 0.00067 -0.00179)
(-0.00524 0.00702 -0.02622)
(-0.01349 0.01303 -0.07428)
(-0.03159 0.01333 -0.08238)
(-0.02788 0.01204 -0.08479)
(-0.05260 0.01203 -0.09091)
(-0.04723 0.01114 -0.09238)
(-0.06343 0.01312 -0.09156)
(-0.07204 0.01521 -0.09169)
(-0.07764 0.01592 -0.09129)
(-0.07988 0.01595 -0.09034)
(-0.09388 0.01854 -0.09056)
(-0.09430 0.01605 -0.08837)
(-0.10776 0.01924 -0.08845)
(-0.10330 0.01758 -0.09023)
(-0.10687 0.01926 -0.09049)
(-0.11227 0.01989 -0.09274)
(-0.11774 0.02517 -0.09074)
(-0.11465 0.02239 -0.09785)
(-0.13122 0.03015 -0.09320)
(-0.11210 0.01506 -0.09764)
(-0.10281 0.00570 -0.10136)
(-0.09617 0.00261 -0.10595)
(-0.09312 -0.00165 -0.10377)
(-0.07123 -0.01644 -0.11528)
(-0.06744 -0.02007 -0.11516)
(-0.05664 -0.02859 -0.11211)
(-0.04051 -0.04543 -0.10420)
(-0.02962 -0.03922 -0.11580)
(-0.03256 -0.05169 -0.10344)
(-0.02048 -0.04895 -0.10540)
(-0.00640 -0.06028 -0.09942)
(0.00179 -0.06258 -0.08808)
(0.02098 -0.06564 -0.07522)
(0.02377 -0.06688 -0.07186)
(0.03099 -0.07172 -0.05754)
(0.04020 -0.07236 -0.04834)
(0.04392 -0.06693 -0.05166)
(0.04434 -0.06795 -0.04837)
(0.04192 -0.07631 -0.03288)
(0.04353 -0.07775 -0.02013)
(0.04232 -0.08392 -0.00714)
(0.04000 -0.08331 0.00437)
(0.03259 -0.07902 0.03553)
(0.02750 -0.08283 0.02517)
(0.03173 -0.07779 0.04887)
(0.02862 -0.07702 0.05436)
(0.00357 -0.07119 0.07182)
(0.00883 -0.06304 0.06979)
(0.00109 -0.06285 0.07727)
(0.00586 -0.05186 0.07662)
(-0.00288 -0.01612 0.02688)
(-0.00831 -0.01802 0.02968)
(-0.00013 -0.00032 0.00054)
(0.00201 -0.00304 0.00789)
(-0.01656 0.01369 -0.04285)
(-0.02615 0.01502 -0.07269)
(0.00301 -0.00355 0.00724)
(-0.00384 0.00445 -0.01019)
(-0.03771 0.01645 -0.07925)
(-0.04269 0.01264 -0.08447)
(-0.04752 0.01143 -0.08861)
(-0.06676 0.01527 -0.08681)
(-0.06677 0.01449 -0.09207)
(-0.07398 0.01464 -0.09370)
(-0.07759 0.01354 -0.09358)
(-0.08612 0.01721 -0.09154)
(-0.08900 0.01601 -0.09178)
(-0.08330 0.01695 -0.09084)
(-0.12175 0.02200 -0.09041)
(-0.12248 0.02531 -0.08796)
(-0.12198 0.02461 -0.08844)
(-0.14106 0.03205 -0.08490)
(-0.13987 0.03308 -0.08696)
(-0.13917 0.03224 -0.08543)
(-0.13308 0.03360 -0.08713)
(-0.13682 0.03415 -0.08903)
(-0.12493 0.02230 -0.09318)
(-0.12134 0.01702 -0.09248)
(-0.10217 0.00565 -0.10102)
(-0.09372 -0.00502 -0.09785)
(-0.07630 -0.01475 -0.11079)
(-0.07014 -0.02208 -0.10838)
(-0.06182 -0.02831 -0.10614)
(-0.04788 -0.04625 -0.09813)
(-0.04221 -0.05292 -0.09768)
(-0.02893 -0.05434 -0.09477)
(-0.01451 -0.06220 -0.09354)
(-0.00652 -0.06896 -0.07518)
(0.00172 -0.07012 -0.06817)
(0.01012 -0.06563 -0.07677)
(0.01876 -0.06659 -0.07112)
(0.02252 -0.07120 -0.05493)
(0.02942 -0.07471 -0.04550)
(0.03634 -0.08229 -0.03566)
(0.04195 -0.07593 -0.04291)
(0.04249 -0.08049 -0.03588)
(0.03707 -0.08300 -0.02280)
(0.03756 -0.08639 -0.01616)
(0.04183 -0.08554 -0.01122)
(0.03442 -0.08590 0.00176)
(0.03643 -0.08691 -0.00221)
(0.02892 -0.08913 0.02297)
(0.02875 -0.08047 0.04188)
(0.02544 -0.08991 0.03135)
(0.01773 -0.08719 0.04877)
(0.02883 -0.07951 0.05128)
(0.01445 -0.07770 0.06617)
(-0.00203 -0.07274 0.07556)
(-0.01061 -0.06926 0.08170)
(-0.00860 -0.06494 0.07882)
(-0.00964 -0.02261 0.03487)
(0.00087 0.00146 -0.00252)
(-0.00119 -0.00240 0.00382)
(-0.00278 0.00159 -0.00533)
(-0.02271 0.01111 -0.04466)
(-0.04599 0.01262 -0.05473)
(-0.07004 0.01754 -0.08234)
(-0.07652 0.01663 -0.08450)
(-0.08331 0.01793 -0.08997)
(-0.10004 0.01693 -0.08943)
(-0.11606 0.02325 -0.09192)
(-0.13401 0.02187 -0.09182)
(-0.13877 0.02913 -0.08761)
(-0.14701 0.03280 -0.08563)
(-0.14663 0.03666 -0.08462)
(-0.16258 0.04203 -0.07823)
(-0.15110 0.03864 -0.08367)
(-0.15543 0.03937 -0.07960)
(-0.13227 0.02358 -0.08601)
(-0.12896 0.01747 -0.08138)
(-0.12285 0.01339 -0.08279)
(-0.11921 0.00859 -0.08206)
(-0.08983 -0.01007 -0.09746)
(-0.10084 -0.00821 -0.08306)
(-0.07689 -0.02183 -0.09509)
(-0.06456 -0.03600 -0.09251)
(-0.05849 -0.04133 -0.09064)
(-0.04822 -0.05419 -0.08578)
(-0.04352 -0.05901 -0.07498)
(-0.03687 -0.05490 -0.08737)
(-0.02710 -0.06443 -0.07225)
(-0.01941 -0.06663 -0.07115)
(-0.01249 -0.07279 -0.05907)
(-0.00114 -0.07324 -0.05149)
(0.00489 -0.07324 -0.05678)
(0.01385 -0.07514 -0.04887)
(0.01767 -0.07917 -0.04074)
(0.02578 -0.08004 -0.03513)
(0.03505 -0.08988 -0.02839)
(0.03813 -0.08383 -0.03264)
(0.03572 -0.08597 -0.02072)
(0.03719 -0.08722 -0.01665)
(0.03278 -0.09206 -0.00127)
(0.02729 -0.10094 0.01411)
(0.03084 -0.09550 0.01331)
(0.02578 -0.09236 0.03014)
(0.02006 -0.09605 0.04129)
(0.00436 -0.08900 0.05969)
(-0.00654 -0.07375 0.07375)
(-0.00120 -0.08390 0.07102)
(-0.00987 -0.07417 0.08031)
(-0.01132 -0.07367 0.08094)
(-0.01219 -0.05087 0.06082)
(-0.00913 -0.01960 0.02769)
(0.00087 0.00131 -0.00190)
(0.00288 0.00546 -0.00878)
(-0.00523 0.00152 -0.00634)
(-0.02365 0.00674 -0.02843)
(-0.03396 0.00849 -0.03835)
(-0.07362 0.01745 -0.08179)
(-0.08094 0.01728 -0.08353)
(-0.09452 0.01898 -0.08687)
(-0.07974 0.01744 -0.08264)
(-0.11662 0.02360 -0.08730)
(-0.12176 0.02199 -0.08954)
(-0.13324 0.02205 -0.09172)
(-0.13668 0.02702 -0.08884)
(-0.13878 0.02456 -0.09080)
(-0.14800 0.03037 -0.08685)
(-0.16260 0.03841 -0.08048)
(-0.16272 0.04308 -0.08037)
(-0.17191 0.04586 -0.07283)
(-0.16818 0.04403 -0.07331)
(-0.16859 0.04325 -0.07205)
(-0.14919 0.03159 -0.07874)
(-0.13199 0.01714 -0.07927)
(-0.12625 0.01355 -0.08046)
(-0.12319 0.00954 -0.07963)
(-0.11770 0.00437 -0.07965)
(-0.08191 -0.02559 -0.08523)
(-0.07510 -0.03062 -0.08706)
(-0.06497 -0.04921 -0.07429)
(-0.05931 -0.05799 -0.07055)
(-0.05083 -0.05967 -0.06982)
(-0.03612 -0.06939 -0.05877)
(-0.03419 -0.07060 -0.05526)
(-0.03251 -0.07178 -0.05127)
(-0.00775 -0.07742 -0.04378)
(0.00016 -0.07451 -0.04751)
(0.01076 -0.08151 -0.03980)
(0.01879 -0.08518 -0.02577)
(0.02611 -0.08777 -0.02190)
(0.02794 -0.09673 -0.00847)
(0.03376 -0.09463 -0.01626)
(0.02868 -0.09805 -0.00709)
(0.02812 -0.09610 -0.00515)
(0.03085 -0.09562 0.00002)
(0.02809 -0.10199 0.01286)
(0.02686 -0.10370 0.01738)
(0.02631 -0.10289 0.01871)
(0.02586 -0.10576 0.02199)
(0.02057 -0.10497 0.03148)
(0.01149 -0.10371 0.05182)
(0.00732 -0.11518 0.06356)
(0.00076 -0.09463 0.06567)
(-0.00696 -0.08465 0.07358)
(-0.01675 -0.08074 0.07983)
(-0.01474 -0.06423 0.06448)
(-0.01398 -0.03869 0.04604)
(-0.00321 -0.00658 0.00786)
(0.00261 0.00364 -0.00501)
(-0.00888 0.00227 -0.01015)
(-0.00838 0.00197 -0.00904)
(-0.05305 0.01210 -0.05590)
(-0.08531 0.01824 -0.08208)
(-0.11602 0.02348 -0.08669)
(-0.12750 0.03333 -0.08148)
(-0.12739 0.03343 -0.08199)
(-0.15046 0.03949 -0.08081)
(-0.16284 0.04366 -0.07639)
(-0.17074 0.05343 -0.07132)
(-0.17254 0.04994 -0.07718)
(-0.17565 0.04706 -0.07158)
(-0.17284 0.04572 -0.07129)
(-0.17274 0.04448 -0.06987)
(-0.16856 0.04156 -0.07059)
(-0.15563 0.02693 -0.06791)
(-0.13023 0.01385 -0.07800)
(-0.12792 0.01042 -0.07688)
(-0.11460 -0.00709 -0.07138)
(-0.08940 -0.02943 -0.07323)
(-0.07619 -0.03924 -0.07527)
(-0.06338 -0.06436 -0.05920)
(-0.06123 -0.06650 -0.05765)
(-0.05975 -0.06856 -0.05546)
(-0.03879 -0.07028 -0.05484)
(-0.04593 -0.07073 -0.04974)
(-0.03716 -0.07173 -0.05148)
(-0.03527 -0.07297 -0.04793)
(-0.02008 -0.08074 -0.03289)
(-0.01380 -0.08569 -0.02434)
(-0.00708 -0.08649 -0.02691)
(0.00194 -0.07556 -0.04472)
(0.01183 -0.08678 -0.02446)
(0.00453 -0.09353 -0.01041)
(0.01820 -0.08645 -0.02279)
(0.02711 -0.09700 -0.00747)
(0.02772 -0.09836 -0.00589)
(0.02838 -0.09982 -0.00440)
(0.02706 -0.10419 0.00354)
(0.02871 -0.10270 0.01235)
(0.02745 -0.10437 0.01619)
(0.02678 -0.10525 0.01680)
(0.02614 -0.10602 0.02073)
(0.01474 -0.11159 0.04714)
(0.02008 -0.11817 0.03852)
(0.01066 -0.11934 0.05636)
(0.00102 -0.11310 0.06834)
(0.00772 -0.11997 0.06401)
(-0.00712 -0.11755 0.08172)
(-0.00975 -0.10820 0.08060)
(-0.00946 -0.03003 0.03143)
(-0.00453 -0.03765 0.02918)
(-0.00170 -0.00503 0.00535)
(-0.04646 0.01013 -0.04541)
(-0.01180 0.00261 -0.01182)
(-0.05719 0.01542 -0.03957)
(-0.12466 0.03050 -0.08162)
(-0.14252 0.03955 -0.07823)
(-0.14255 0.03905 -0.07913)
(-0.15960 0.04709 -0.07480)
(-0.16757 0.05223 -0.07148)
(-0.17203 0.05484 -0.06981)
(-0.17876 0.05601 -0.07203)
(-0.18465 0.05578 -0.06661)
(-0.17722 0.04694 -0.06809)
(-0.17381 0.04074 -0.06529)
(-0.13963 0.01063 -0.06577)
(-0.13954 0.00317 -0.06138)
(-0.11706 -0.01444 -0.06184)
(-0.09566 -0.02740 -0.06778)
(-0.08719 -0.03702 -0.06719)
(-0.06734 -0.06101 -0.05893)
(-0.06304 -0.06727 -0.05469)
(-0.06114 -0.06986 -0.05223)
(-0.05411 -0.07283 -0.04333)
(-0.03976 -0.07329 -0.04767)
(-0.04797 -0.08178 -0.03090)
(-0.04535 -0.08087 -0.02940)
(-0.03783 -0.07447 -0.04473)
(-0.03263 -0.08350 -0.02843)
(-0.02349 -0.08930 -0.01913)
(-0.01546 -0.09442 -0.00909)
(-0.00458 -0.09562 -0.00670)
(0.00652 -0.09888 -0.00140)
(0.01115 -0.09254 -0.01092)
(0.01236 -0.09609 -0.00140)
(0.02081 -0.09505 -0.00441)
(0.02673 -0.09845 -0.00484)
(0.02676 -0.09990 -0.00265)
(0.02680 -0.10151 -0.00042)
(0.02786 -0.10172 -0.00136)
(0.02614 -0.10855 0.01023)
(0.02470 -0.11569 0.02424)
(0.02663 -0.10653 0.01950)
(0.02330 -0.12104 0.03226)
(0.01787 -0.12426 0.04252)
(0.01255 -0.12466 0.05431)
(0.01030 -0.12975 0.06474)
(-0.00084 -0.12129 0.07512)
(-0.00756 -0.09674 0.06910)
(-0.00381 -0.08903 0.05862)
(-0.00651 -0.07486 0.05416)
(-0.00222 -0.02048 0.01524)
(-0.00090 -0.00675 0.00530)
(-0.00073 0.00023 -0.00052)
(-0.01991 0.00619 -0.01405)
(-0.00497 0.00154 -0.00285)
(-0.09677 0.02543 -0.05349)
(-0.15683 0.04766 -0.07425)
(-0.08206 0.02872 -0.03855)
(-0.14901 0.04503 -0.07324)
(-0.16265 0.05758 -0.06751)
(-0.17024 0.05459 -0.06936)
(-0.18626 0.06035 -0.06324)
(-0.18209 0.05796 -0.06782)
(-0.18730 0.05664 -0.06041)
(-0.18715 0.05639 -0.06096)
(-0.19302 0.05412 -0.05696)
(-0.17990 0.03935 -0.05886)
(-0.16911 0.02595 -0.05524)
(-0.15541 0.00801 -0.05406)
(-0.15531 0.00594 -0.05311)
(-0.12979 -0.01544 -0.05138)
(-0.10056 -0.03370 -0.05733)
(-0.11075 -0.03179 -0.05029)
(-0.09081 -0.04054 -0.05753)
(-0.08371 -0.05283 -0.05083)
(-0.07004 -0.06463 -0.04847)
(-0.06224 -0.07440 -0.04352)
(-0.06261 -0.07303 -0.03282)
(-0.05329 -0.09200 -0.02080)
(-0.05088 -0.09667 -0.01451)
(-0.04114 -0.09894 -0.00623)
(-0.03698 -0.09590 -0.01059)
(-0.02797 -0.09398 -0.00538)
(-0.03794 -0.09942 -0.00396)
(-0.02542 -0.09429 -0.00060)
(-0.01470 -0.09763 -0.00086)
(-0.00158 -0.09841 0.00679)
(0.00648 -0.09905 0.00224)
(0.01465 -0.10337 0.01121)
(0.01572 -0.10392 0.01272)
(0.02385 -0.10599 0.01088)
(0.02410 -0.11205 0.02246)
(0.02318 -0.11577 0.02262)
(0.02401 -0.11989 0.02950)
(0.02307 -0.12355 0.03323)
(0.02252 -0.12172 0.03618)
(0.01770 -0.12863 0.05140)
(0.01338 -0.13478 0.06121)
(0.00958 -0.13394 0.06528)
(0.00368 -0.12749 0.07311)
(0.00087 -0.09975 0.05894)
(0.00057 -0.09186 0.05497)
(-0.00123 -0.02736 0.01811)
(-0.00132 -0.01841 0.01320)
(0.02290 -0.00898 0.01230)
(-0.00259 0.00097 -0.00130)
(-0.12422 0.04509 -0.04965)
(0.00176 -0.00072 0.00074)
(-0.03988 0.01604 -0.01674)
(-0.16088 0.06023 -0.05371)
(-0.18042 0.06592 -0.05951)
(-0.18691 0.06539 -0.05657)
(-0.18022 0.06669 -0.05722)
(-0.18235 0.06649 -0.05733)
(-0.19176 0.05854 -0.05484)
(-0.18648 0.05082 -0.05271)
(-0.18101 0.04050 -0.05382)
(-0.16932 0.02480 -0.05075)
(-0.15343 0.01001 -0.05146)
(-0.14468 0.00262 -0.04792)
(-0.12620 -0.02257 -0.04105)
(-0.10685 -0.04151 -0.03622)
(-0.09891 -0.04487 -0.04425)
(-0.10091 -0.04654 -0.03503)
(-0.08311 -0.05802 -0.04265)
(-0.07363 -0.06753 -0.03981)
(-0.07017 -0.07593 -0.02917)
(-0.06577 -0.07645 -0.02250)
(-0.05917 -0.08850 -0.01377)
(-0.05538 -0.09613 -0.00832)
(-0.04605 -0.10640 0.00049)
(-0.04107 -0.10949 0.00890)
(-0.03267 -0.12170 0.02494)
(-0.02601 -0.10219 0.00172)
(-0.01948 -0.10206 0.00808)
(-0.02519 -0.11878 0.02228)
(-0.01487 -0.11388 0.02307)
(-0.00770 -0.10731 0.01871)
(-0.00214 -0.10993 0.02466)
(-0.00389 -0.11492 0.03113)
(-0.00074 -0.11450 0.03148)
(0.00604 -0.11359 0.02591)
(0.01427 -0.10494 0.01485)
(0.01007 -0.11033 0.02408)
(0.01782 -0.11035 0.02697)
(0.02222 -0.11013 0.02685)
(0.01914 -0.11253 0.03361)
(0.02040 -0.12214 0.03521)
(0.02156 -0.12511 0.04080)
(0.02223 -0.12471 0.03618)
(0.01505 -0.13435 0.05962)
(0.01565 -0.13472 0.05714)
(0.00404 -0.12734 0.07295)
(0.00133 -0.11037 0.06858)
(-0.00026 -0.06735 0.04326)
(-0.00038 -0.03766 0.02390)
(-0.00088 -0.01454 0.00964)
(0.00026 0.00344 -0.00242)
(0.00128 0.01371 -0.00961)
(0.00073 0.00958 -0.00677)
(0.02101 -0.00866 0.00888)
(-0.00967 0.00377 -0.00326)
(-0.08710 0.03324 -0.02926)
(0.02590 -0.01069 0.00914)
(-0.05695 0.02198 -0.01845)
(-0.14537 0.05477 -0.04663)
(-0.18109 0.06102 -0.05235)
(-0.13437 0.05004 -0.04168)
(-0.17081 0.06298 -0.05260)
(-0.17393 0.04859 -0.04718)
(-0.17578 0.04210 -0.04748)
(-0.15249 0.01431 -0.04103)
(-0.15197 0.00861 -0.04422)
(-0.13828 -0.00125 -0.03743)
(-0.13280 -0.01092 -0.04005)
(-0.10604 -0.04292 -0.03419)
(-0.10143 -0.04686 -0.03290)
(-0.09716 -0.05099 -0.03156)
(-0.09614 -0.05123 -0.03379)
(-0.08199 -0.06238 -0.03321)
(-0.07146 -0.07493 -0.02465)
(-0.07248 -0.07131 -0.02199)
(-0.06366 -0.08681 -0.01320)
(-0.05607 -0.10077 0.00038)
(-0.05012 -0.10981 0.00691)
(-0.04058 -0.12435 0.02314)
(-0.03459 -0.12905 0.03049)
(-0.03199 -0.12949 0.03205)
(-0.02505 -0.12667 0.02929)
(-0.00542 -0.11735 0.03404)
(-0.00288 -0.11721 0.03443)
(-0.00214 -0.11918 0.03756)
(0.00002 -0.11704 0.03601)
(0.00635 -0.11701 0.03588)
(0.01174 -0.12115 0.04164)
(0.01222 -0.12786 0.05028)
(0.01541 -0.12291 0.04795)
(0.01828 -0.12227 0.04167)
(0.01629 -0.13291 0.05843)
(0.01552 -0.13233 0.05871)
(0.01490 -0.13348 0.06102)
(0.01664 -0.13268 0.06211)
(0.00937 -0.10568 0.05829)
(0.00064 -0.05941 0.03769)
(-0.00009 -0.02951 0.01913)
(0.00002 0.00097 -0.00064)
(0.00013 0.01157 -0.00765)
(0.00028 0.01479 -0.00981)
(0.00048 -0.00019 0.00016)
(0.00580 -0.00238 0.00188)
(-0.03696 0.01415 -0.01164)
(-0.13012 0.04341 -0.03531)
(-0.04979 0.01824 -0.01372)
(-0.15875 0.04140 -0.04265)
(-0.16866 0.03951 -0.04621)
(-0.14525 0.00961 -0.03748)
(-0.14809 0.02327 -0.03839)
(-0.13963 0.00429 -0.03670)
(-0.13799 0.00134 -0.03661)
(-0.13154 -0.00611 -0.03518)
(-0.11043 -0.03298 -0.03022)
(-0.10068 -0.04716 -0.03075)
(-0.09724 -0.05060 -0.02950)
(-0.09364 -0.05476 -0.02777)
(-0.09324 -0.05532 -0.03001)
(-0.07346 -0.07611 -0.01762)
(-0.06652 -0.08911 -0.00654)
(-0.06341 -0.09340 -0.00261)
(-0.05676 -0.10527 0.00704)
(-0.04982 -0.11780 0.01618)
(-0.04851 -0.11937 0.01799)
(-0.03594 -0.13127 0.03240)
(-0.03331 -0.13214 0.03413)
(-0.03196 -0.13510 0.03764)
(-0.03009 -0.13421 0.03751)
(-0.02198 -0.13165 0.04026)
(-0.00440 -0.11998 0.03758)
(-0.01389 -0.13926 0.04932)
(-0.00358 -0.12264 0.04124)
(-0.00148 -0.12110 0.04078)
(0.00536 -0.12894 0.05259)
(0.01066 -0.13201 0.05715)
(0.01225 -0.13032 0.05439)
(0.01234 -0.13188 0.05713)
(0.01198 -0.14327 0.07549)
(0.01203 -0.14317 0.07408)
(0.01107 -0.13579 0.07208)
(0.00647 -0.08198 0.04453)
(0.00328 -0.04353 0.02390)
(0.00060 -0.02324 0.01461)
(-0.00000 -0.00163 0.00107)
(-0.00015 0.01036 -0.00685)
(0.00003 0.01210 -0.00798)
(-0.01143 0.00425 -0.00318)
(-0.02791 0.00875 -0.00777)
(-0.07659 0.02361 -0.02117)
(-0.02698 0.00590 -0.00771)
(-0.09539 0.01489 -0.02487)
(-0.12370 0.00485 -0.03239)
(-0.05222 0.00478 -0.01350)
(-0.07722 -0.00007 -0.02031)
(-0.13221 -0.00059 -0.03489)
(-0.12821 -0.00677 -0.03372)
(-0.11269 -0.02766 -0.02943)
(-0.10997 -0.02841 -0.02734)
(-0.09788 -0.04430 -0.02532)
(-0.09607 -0.05105 -0.02795)
(-0.09007 -0.04954 -0.01785)
(-0.07998 -0.06552 -0.01041)
(-0.07258 -0.07698 -0.00932)
(-0.06831 -0.08465 -0.00605)
(-0.06563 -0.08936 0.00394)
(-0.06133 -0.10277 0.00927)
(-0.05260 -0.11913 0.01739)
(-0.05251 -0.11942 0.01895)
(-0.05152 -0.12285 0.02178)
(-0.05232 -0.12275 0.02211)
(-0.05106 -0.12164 0.02350)
(-0.03943 -0.12966 0.03181)
(-0.04378 -0.13220 0.03739)
(-0.03440 -0.13575 0.03734)
(-0.03125 -0.13766 0.04040)
(-0.02485 -0.14315 0.04879)
(-0.01458 -0.15042 0.05976)
(-0.00843 -0.13857 0.05617)
(-0.01060 -0.15444 0.06962)
(-0.00531 -0.15002 0.06803)
(0.00037 -0.14345 0.06666)
(0.00205 -0.14216 0.06586)
(0.00487 -0.11896 0.05688)
(0.00688 -0.10592 0.05373)
(0.00903 -0.11266 0.06028)
(0.00878 -0.10775 0.05835)
(0.00353 -0.04225 0.02368)
(0.00257 -0.03271 0.01819)
(0.00181 -0.02408 0.01343)
(-0.00034 0.00478 -0.00269)
(-0.00528 0.00117 -0.00152)
(-0.01476 0.00183 -0.00407)
(-0.01447 0.00034 -0.00373)
(-0.00667 -0.00077 -0.00159)
(-0.01442 -0.00519 -0.00253)
(-0.06965 -0.01972 -0.01537)
(-0.07460 -0.03199 -0.01431)
(-0.02017 -0.01162 -0.00292)
(-0.03687 -0.01962 -0.00590)
(-0.05234 -0.03378 -0.00869)
(-0.07354 -0.05967 -0.00430)
(-0.04649 -0.03753 -0.00224)
(-0.06448 -0.06979 0.00067)
(-0.06605 -0.08841 0.00568)
(-0.05684 -0.07037 0.00919)
(-0.05866 -0.10267 0.01765)
(-0.05558 -0.11088 0.02172)
(-0.05209 -0.12235 0.02739)
(-0.05029 -0.12626 0.04131)
(-0.04545 -0.13330 0.04641)
(-0.04346 -0.13438 0.04772)
(-0.04055 -0.13034 0.04770)
(-0.02942 -0.14097 0.06006)
(-0.03399 -0.14468 0.05018)
(-0.02546 -0.15331 0.06209)
(-0.01524 -0.09506 0.04165)
(-0.01426 -0.12533 0.05249)
(-0.00381 -0.10389 0.05074)
(-0.00401 -0.11161 0.05266)
(-0.00145 -0.03625 0.01766)
(-0.00134 -0.04539 0.02259)
(0.00055 -0.03161 0.01603)
(0.00242 -0.04935 0.02492)
(-0.00012 0.00233 -0.00122)
(0.00089 -0.01225 0.00670)
(0.00050 -0.00664 0.00388)
(0.01615 0.00499 0.00288)
(0.01249 0.00717 0.00175)
(-0.01225 -0.00818 -0.00055)
(0.01096 0.00730 0.00042)
(0.00354 0.00343 -0.00040)
(-0.02528 -0.02031 -0.00102)
(-0.02169 -0.02594 0.00472)
(0.00038 0.00043 -0.00011)
(0.00030 0.00038 -0.00011)
(-0.02124 -0.02931 0.00610)
(-0.03489 -0.05894 0.01442)
(-0.00775 -0.01260 0.00405)
(-0.01885 -0.03912 0.01674)
(-0.03133 -0.06945 0.02997)
(-0.01072 -0.02399 0.01063)
(-0.01600 -0.04942 0.02048)
(-0.01619 -0.06084 0.02618)
(-0.01895 -0.09195 0.03955)
(-0.00197 -0.00818 0.00368)
(-0.00349 -0.01567 0.00711)
(0.00036 0.00217 -0.00106)
(-0.00984 -0.06185 0.02734)
(-0.00462 -0.03605 0.01723)
(0.00197 0.01834 -0.00904)
(0.00031 0.00986 -0.00491)
(0.00009 0.01917 -0.00988)
(-0.00091 0.02263 -0.01170)
(-0.00235 -0.00490 0.00215)
(-0.00384 -0.00861 0.00385)
(-0.00325 -0.00875 0.00405)
(0.00112 0.00451 -0.00216)
)