/*--------------------------------*- C++ -*----------------------------------*\ 
| =========                 |                                                 | 
| \\      /  F ield         | OpenFOAM: The Open Source CFD Toolbox           | 
|  \\    /   O peration     | Version:  4.0                                   | 
|   \\  /    A nd           | Web:      www.OpenFOAM.org                      | 
|    \\/     M anipulation  |                                                 | 
\*---------------------------------------------------------------------------*/ 
FoamFile 
{ 
    version     2.0; 
    format      ascii; 
    class       vectorAverageField; 
    object      values; 
} 
// * * * * * * * * * * * * * * * * * * * * * * * * * * * * * * * * * * * * * // 
 
// Average 
(0 0 0) 
 
// Velocity data on points 
2447
(
(0.00408 -0.00090 -0.00129)
(-0.00238 0.00022 0.00070)
(-0.00657 -0.00091 0.00257)
(-0.00250 -0.00050 0.00058)
(0.00353 0.00090 -0.00110)
(-0.01473 -0.00330 0.00634)
(-0.00598 -0.00159 0.00194)
(-0.01138 -0.00804 0.00167)
(-0.00128 -0.00085 0.00018)
(0.00177 0.00124 -0.00017)
(-0.00728 -0.00544 0.00071)
(-0.00141 -0.00111 0.00007)
(0.00113 0.00065 -0.00017)
(-0.00462 -0.00569 -0.00034)
(-0.00019 -0.00013 0.00000)
(0.00054 0.00032 -0.00005)
(-0.00170 -0.00129 0.00004)
(-0.00007 -0.00005 0.00001)
(0.00016 0.00014 -0.00035)
(-0.00003 -0.00003 0.00007)
(0.00902 -0.00440 -0.00150)
(-0.00187 0.00077 0.00050)
(0.00160 -0.00067 -0.00038)
(0.00067 -0.00023 -0.00023)
(-0.02628 0.00835 0.01164)
(-0.02245 0.00446 0.00899)
(-0.02632 0.00163 0.01046)
(-0.02680 -0.00343 0.01182)
(-0.04805 -0.00020 0.02318)
(-0.04684 -0.00619 0.02102)
(-0.03537 -0.00830 0.01581)
(-0.02207 -0.01094 0.00593)
(-0.03302 -0.01586 0.01222)
(-0.02391 -0.01766 0.00366)
(-0.01863 -0.01481 0.00182)
(-0.01373 -0.01210 0.00045)
(-0.02441 -0.01996 0.00234)
(-0.02105 -0.01966 0.00036)
(-0.01320 -0.01974 -0.00250)
(-0.00880 -0.01179 -0.00102)
(-0.00540 -0.00712 -0.00115)
(-0.00933 -0.02225 -0.01021)
(-0.00884 -0.01964 -0.00887)
(-0.00365 -0.00904 -0.00418)
(-0.00138 -0.00364 -0.00131)
(-0.00081 -0.01121 -0.00526)
(0.00025 -0.00204 0.00083)
(0.00012 -0.00084 0.00066)
(0.00014 -0.00550 -0.00126)
(0.00019 -0.00082 0.00096)
(-0.00002 0.00014 -0.00025)
(0.00412 -0.00177 -0.00035)
(-0.00190 0.00080 0.00027)
(-0.00717 0.00307 0.00139)
(-0.01984 0.00715 0.00558)
(-0.05055 0.01754 0.01488)
(-0.04113 0.01502 0.01434)
(-0.05179 0.01575 0.02447)
(-0.05556 0.01408 0.02721)
(-0.05593 0.00895 0.02457)
(-0.05164 -0.00069 0.02548)
(-0.04632 -0.01143 0.02127)
(-0.04291 -0.01746 0.01832)
(-0.03522 -0.02020 0.01279)
(-0.02890 -0.02391 0.00440)
(-0.03671 -0.02078 0.01289)
(-0.03437 -0.02501 0.00997)
(-0.02722 -0.02469 0.00264)
(-0.01829 -0.02599 -0.00455)
(-0.01989 -0.03152 -0.00780)
(-0.00821 -0.02947 -0.01244)
(-0.00534 -0.03071 -0.01591)
(-0.00122 -0.03245 -0.01827)
(-0.00467 -0.02548 -0.01276)
(-0.00261 -0.02087 -0.01220)
(-0.00098 -0.01353 -0.00798)
(-0.00109 -0.02129 -0.01367)
(0.00141 -0.01234 -0.00410)
(0.00132 -0.00722 0.00284)
(0.00075 -0.00539 0.00335)
(-0.00241 -0.01502 -0.00208)
(-0.00198 -0.00805 0.00367)
(0.00023 -0.00408 0.00484)
(0.00002 -0.00024 0.00043)
(-0.00058 -0.00457 0.00456)
(0.00048 0.00209 -0.00213)
(0.00094 0.00400 -0.00426)
(0.00020 -0.00007 0.00004)
(-0.00656 0.00254 -0.00016)
(-0.01910 0.00761 0.00111)
(-0.03256 0.01320 0.00569)
(-0.05025 0.01814 0.00549)
(-0.05013 0.01998 0.00891)
(-0.06223 0.02288 0.01253)
(-0.06064 0.02010 0.01775)
(-0.06172 0.02059 0.01876)
(-0.05663 0.01496 0.02329)
(-0.05145 0.01016 0.02624)
(-0.05603 0.01140 0.02774)
(-0.05423 0.01046 0.03019)
(-0.05526 0.00666 0.02904)
(-0.05101 -0.00026 0.02881)
(-0.04938 -0.00849 0.02692)
(-0.04876 -0.01167 0.02542)
(-0.04691 -0.01675 0.02161)
(-0.03766 -0.02225 0.01341)
(-0.03494 -0.03130 0.00267)
(-0.03059 -0.03416 -0.00566)
(-0.02270 -0.03428 -0.01225)
(-0.01398 -0.03274 -0.01399)
(-0.00629 -0.03208 -0.01710)
(-0.00837 -0.03320 -0.02016)
(-0.00603 -0.03370 -0.02431)
(-0.00880 -0.03434 -0.02555)
(-0.00395 -0.01869 -0.00867)
(-0.00603 -0.02789 -0.01991)
(-0.00317 -0.01609 -0.00347)
(-0.00425 -0.01460 0.00216)
(-0.00722 -0.02429 0.00639)
(-0.00704 -0.02380 0.00816)
(-0.00417 -0.01593 0.01052)
(-0.00134 -0.00476 0.00524)
(-0.00766 -0.02260 0.01621)
(-0.00602 -0.01759 0.01540)
(-0.00075 -0.00249 0.00297)
(-0.00026 -0.00105 0.00107)
(0.00394 -0.00099 0.00029)
(-0.00813 0.00276 -0.00117)
(-0.02014 0.00758 -0.00313)
(-0.04020 0.01415 -0.00260)
(-0.04498 0.01536 -0.00463)
(-0.04699 0.01466 0.00404)
(-0.05281 0.01630 0.00891)
(-0.05489 0.01851 0.01293)
(-0.05374 0.01520 0.01595)
(-0.04973 0.00881 0.02536)
(-0.05072 0.00906 0.02669)
(-0.05152 0.00895 0.02828)
(-0.05023 0.00805 0.02751)
(-0.05147 0.00789 0.02902)
(-0.05321 0.00418 0.02916)
(-0.05176 -0.00819 0.02822)
(-0.05092 -0.01052 0.02684)
(-0.05008 -0.01317 0.02495)
(-0.04574 -0.01828 0.01913)
(-0.04253 -0.02939 0.00629)
(-0.03550 -0.03309 0.00063)
(-0.02892 -0.03712 -0.01218)
(-0.02698 -0.04394 -0.02285)
(-0.02156 -0.04192 -0.02345)
(-0.01826 -0.04180 -0.02502)
(-0.01066 -0.03950 -0.02980)
(-0.01095 -0.03813 -0.02901)
(-0.01098 -0.03628 -0.02762)
(-0.01089 -0.03427 -0.02599)
(-0.00903 -0.03111 -0.01350)
(-0.00758 -0.02459 0.00492)
(-0.00789 -0.02586 0.00763)
(-0.00850 -0.02635 0.00558)
(-0.00871 -0.02588 0.01194)
(-0.01347 -0.02617 0.02532)
(-0.01339 -0.02534 0.02218)
(-0.01120 -0.02725 0.02470)
(-0.00590 -0.01591 0.01717)
(-0.00068 -0.00179 0.00189)
(-0.01203 -0.03414 0.03655)
(-0.00314 -0.00877 0.00920)
(-0.00018 -0.00050 0.00052)
(-0.00471 0.00096 -0.00016)
(-0.01415 0.00350 0.00006)
(-0.03454 0.00842 -0.00120)
(-0.04175 0.00802 -0.00120)
(-0.03889 0.00611 0.00550)
(-0.03998 0.00619 0.01166)
(-0.03996 0.00688 0.01275)
(-0.03798 0.00523 0.01240)
(-0.03782 0.00571 0.01338)
(-0.04412 0.00684 0.01419)
(-0.04859 0.00847 0.02412)
(-0.04730 0.00742 0.02505)
(-0.04850 0.00740 0.02676)
(-0.05005 0.00733 0.02840)
(-0.05171 0.00721 0.02988)
(-0.05489 -0.00168 0.03087)
(-0.05273 -0.00923 0.02817)
(-0.04998 -0.00590 0.02620)
(-0.04909 -0.01269 0.02354)
(-0.05267 -0.01240 0.02620)
(-0.05150 -0.01468 0.02433)
(-0.04170 -0.03307 0.00506)
(-0.03945 -0.03460 0.00388)
(-0.04594 -0.04095 -0.00114)
(-0.03843 -0.03745 -0.00121)
(-0.02896 -0.04614 -0.01463)
(-0.02886 -0.05361 -0.02905)
(-0.02605 -0.05480 -0.03211)
(-0.02430 -0.05570 -0.03453)
(-0.02018 -0.04191 -0.02687)
(-0.01329 -0.04220 -0.03265)
(-0.01353 -0.04048 -0.03139)
(-0.01380 -0.03842 -0.02970)
(-0.01431 -0.03864 -0.02448)
(-0.01132 -0.03241 -0.01294)
(-0.01673 -0.02414 -0.00281)
(-0.01438 -0.02454 0.00587)
(-0.01907 -0.02270 0.01681)
(-0.01265 -0.03322 0.02432)
(-0.01601 -0.03875 0.03234)
(-0.01793 -0.04952 0.05294)
(-0.01162 -0.03226 0.03429)
(-0.01480 -0.04024 0.04342)
(-0.00495 -0.01393 0.01471)
(-0.00239 -0.00681 0.00728)
(0.00286 -0.00071 -0.00015)
(-0.00058 0.00015 -0.00003)
(-0.03040 0.00473 0.00110)
(-0.04296 0.00341 0.00163)
(-0.04294 0.00438 0.00177)
(-0.03103 0.00024 0.00514)
(-0.03553 0.00347 0.01252)
(-0.03622 0.00454 0.01333)
(-0.03464 0.00425 0.01471)
(-0.03692 0.00330 0.01597)
(-0.03743 0.00323 0.02131)
(-0.04631 0.00686 0.02621)
(-0.04451 0.00527 0.02734)
(-0.04797 0.00682 0.02847)
(-0.05029 0.00696 0.02948)
(-0.05264 0.00073 0.03027)
(-0.04983 0.00509 0.03254)
(-0.04461 -0.00321 0.02855)
(-0.04728 -0.00567 0.02723)
(-0.03849 -0.02351 0.01529)
(-0.04045 -0.03015 0.00970)
(-0.03814 -0.04076 -0.00000)
(-0.04494 -0.04849 -0.01219)
(-0.03326 -0.05838 -0.02800)
(-0.02766 -0.05746 -0.03301)
(-0.02577 -0.05866 -0.03614)
(-0.02385 -0.06107 -0.04259)
(-0.01495 -0.05566 -0.04241)
(-0.01859 -0.04913 -0.03921)
(-0.01661 -0.04303 -0.03381)
(-0.02261 -0.03781 -0.02822)
(-0.01961 -0.03348 -0.01521)
(-0.02618 -0.03345 -0.01726)
(-0.02253 -0.02414 0.00294)
(-0.02380 -0.02219 0.01081)
(-0.02102 -0.02261 0.01572)
(-0.01815 -0.03082 0.02426)
(-0.02084 -0.03527 0.03508)
(-0.01919 -0.04770 0.05312)
(-0.01957 -0.05042 0.05575)
(-0.00771 -0.02155 0.02336)
(-0.02074 -0.05010 0.05795)
(-0.01554 -0.04169 0.04616)
(-0.00599 -0.01811 0.01889)
(-0.00045 -0.00147 0.00167)
(0.00976 -0.00260 -0.00025)
(-0.00033 0.00009 0.00001)
(-0.01724 0.00342 0.00094)
(-0.03281 0.00555 0.00143)
(-0.04425 0.00167 0.00357)
(-0.04577 0.00388 0.00514)
(-0.03533 -0.00052 0.00367)
(-0.03244 -0.00280 0.00274)
(-0.02891 -0.00277 0.00941)
(-0.02258 -0.00289 0.01254)
(-0.02574 -0.00069 0.01290)
(-0.02143 0.00005 0.01827)
(-0.02678 0.00151 0.02228)
(-0.03047 0.00514 0.02835)
(-0.02756 0.00232 0.02784)
(-0.02255 -0.00290 0.02363)
(-0.03841 -0.00214 0.02742)
(-0.05630 0.00128 0.03503)
(-0.04243 -0.01253 0.02207)
(-0.03446 -0.02753 0.01061)
(-0.03059 -0.03641 0.00378)
(-0.02064 -0.05099 -0.01236)
(-0.01822 -0.05809 -0.02251)
(-0.01064 -0.06703 -0.03210)
(-0.02768 -0.06037 -0.03394)
(-0.02588 -0.06157 -0.03740)
(-0.02009 -0.06561 -0.04500)
(-0.02060 -0.06544 -0.04393)
(-0.02008 -0.06733 -0.04955)
(-0.02259 -0.05054 -0.03715)
(-0.02277 -0.04586 -0.03283)
(-0.02862 -0.03967 -0.02329)
(-0.02849 -0.02511 -0.00187)
(-0.02416 -0.02168 0.01407)
(-0.02225 -0.02725 0.02013)
(-0.01906 -0.03510 0.03047)
(-0.02053 -0.03237 0.04423)
(-0.02105 -0.03270 0.03332)
(-0.01931 -0.03340 0.04931)
(-0.01831 -0.04195 0.05355)
(-0.02003 -0.05631 0.06278)
(-0.01807 -0.04626 0.05674)
(-0.01222 -0.04309 0.04957)
(-0.00395 -0.01272 0.01469)
(-0.00208 -0.00692 0.00877)
(0.00045 -0.00012 -0.00002)
(-0.01624 0.00412 0.00110)
(-0.04437 0.00726 0.00518)
(-0.05119 0.01039 0.00465)
(-0.04502 0.00367 0.00883)
(-0.03026 -0.00034 0.00978)
(-0.03432 -0.00059 0.00914)
(-0.03192 -0.00205 0.00972)
(-0.02829 -0.00237 0.01166)
(-0.02536 -0.00169 0.01627)
(-0.02457 -0.00184 0.01671)
(-0.01056 -0.00473 0.01672)
(-0.00774 -0.00572 0.01882)
(-0.00846 -0.00498 0.01913)
(-0.01400 -0.00137 0.02197)
(-0.01534 0.00026 0.02317)
(-0.01046 -0.00021 0.02255)
(-0.01017 0.00216 0.02659)
(-0.01534 0.00062 0.02622)
(-0.01427 -0.00284 0.02169)
(-0.02069 -0.00341 0.02324)
(-0.02848 -0.00592 0.02483)
(-0.02980 -0.01113 0.02217)
(-0.01599 -0.02858 0.00819)
(0.00419 -0.04515 -0.00644)
(0.00749 -0.05094 -0.01105)
(0.00970 -0.05996 -0.01900)
(-0.00236 -0.06677 -0.02886)
(-0.00801 -0.07259 -0.03898)
(-0.00513 -0.07251 -0.04511)
(-0.01347 -0.06894 -0.04308)
(-0.02135 -0.07190 -0.05298)
(-0.02029 -0.06649 -0.04946)
(-0.01753 -0.05350 -0.03349)
(-0.02563 -0.04211 -0.02867)
(-0.02271 -0.03995 -0.02016)
(-0.02645 -0.03472 -0.00820)
(-0.02507 -0.03083 0.00086)
(-0.02060 -0.02856 0.00727)
(-0.02209 -0.02892 0.01205)
(-0.02357 -0.02471 0.02320)
(-0.02663 -0.02524 0.03127)
(-0.02346 -0.02996 0.04096)
(-0.02230 -0.03170 0.04425)
(-0.01992 -0.03821 0.05654)
(-0.01917 -0.05035 0.06487)
(-0.01752 -0.05780 0.07010)
(-0.00520 -0.02299 0.02610)
(0.00050 0.00289 -0.00306)
(-0.01139 -0.04263 0.05341)
(-0.00581 0.00203 0.00005)
(-0.02883 0.00799 0.00025)
(-0.03755 0.01241 0.00166)
(-0.04573 0.01110 0.00022)
(-0.04821 0.00778 0.00753)
(-0.03254 0.00116 0.00955)
(-0.02767 0.00007 0.01038)
(-0.02723 -0.00087 0.01067)
(-0.02384 -0.00180 0.01215)
(-0.01868 -0.00086 0.01805)
(-0.00641 -0.00584 0.01950)
(-0.00610 -0.00505 0.02026)
(-0.00126 -0.00416 0.01887)
(0.00282 -0.00193 0.02144)
(0.00430 -0.00325 0.02125)
(0.00618 -0.00696 0.01597)
(-0.00022 -0.00700 0.01644)
(0.00770 -0.01183 0.01506)
(0.02449 -0.01557 0.00944)
(0.00089 -0.01613 0.01281)
(0.00186 -0.03072 0.00161)
(0.01196 -0.04530 -0.00750)
(0.01549 -0.05020 -0.01137)
(0.01816 -0.05501 -0.01497)
(0.01655 -0.06485 -0.02616)
(0.00560 -0.07390 -0.03796)
(0.03407 -0.07140 -0.03296)
(0.00862 -0.07433 -0.03723)
(0.00274 -0.07266 -0.03833)
(0.00517 -0.07098 -0.03896)
(0.00093 -0.06681 -0.03907)
(-0.00939 -0.05157 -0.02284)
(-0.01283 -0.04791 -0.02048)
(-0.01157 -0.04520 -0.01645)
(-0.02403 -0.03847 -0.00890)
(-0.02471 -0.03361 0.00199)
(-0.02241 -0.02914 0.00854)
(-0.02094 -0.02833 0.01211)
(-0.02195 -0.02715 0.01575)
(-0.02192 -0.02706 0.03347)
(-0.02437 -0.02779 0.04260)
(-0.01568 -0.03926 0.05412)
(-0.01721 -0.03506 0.06768)
(-0.01794 -0.04508 0.06795)
(-0.01539 -0.03993 0.07050)
(-0.01698 -0.05370 0.07120)
(-0.00663 -0.04373 0.04849)
(-0.00015 -0.00382 0.00385)
(0.00002 0.00139 -0.00138)
(0.00192 -0.00066 0.00003)
(-0.00294 0.00104 -0.00013)
(-0.02094 0.00708 -0.00040)
(-0.05510 0.01787 -0.00076)
(-0.05468 0.01343 -0.00095)
(-0.06177 0.02007 -0.00189)
(-0.04434 0.00895 0.00099)
(-0.02878 0.00076 0.00929)
(-0.02408 -0.00092 0.01185)
(-0.02411 -0.00030 0.01100)
(-0.02117 -0.00108 0.01341)
(-0.00906 -0.00154 0.02191)
(-0.00145 -0.00314 0.01480)
(-0.00476 -0.00505 0.02073)
(0.00336 -0.00524 0.01807)
(0.01849 -0.00446 0.01609)
(0.01914 -0.00531 0.02017)
(0.01358 -0.00404 0.02257)
(0.03080 -0.01645 0.00815)
(0.02600 -0.01791 0.00725)
(0.03332 -0.01919 0.00544)
(0.02874 -0.02053 0.00470)
(0.02098 -0.04640 -0.00910)
(0.02441 -0.05009 -0.01208)
(0.02677 -0.05388 -0.01466)
(0.03530 -0.05797 -0.01769)
(0.05010 -0.06909 -0.02794)
(0.02682 -0.07351 -0.03333)
(0.03839 -0.07353 -0.03279)
(0.03517 -0.07165 -0.03162)
(0.03303 -0.07017 -0.03013)
(0.01093 -0.05742 -0.02285)
(-0.00598 -0.04745 -0.01593)
(-0.01019 -0.04287 -0.01235)
(-0.00902 -0.03312 0.00598)
(-0.01970 -0.02881 0.00993)
(-0.01730 -0.02862 0.01334)
(-0.01767 -0.02673 0.02565)
(-0.01524 -0.02935 0.04487)
(-0.01439 -0.02859 0.04809)
(-0.01420 -0.03384 0.05062)
(-0.01467 -0.03397 0.06637)
(-0.01482 -0.03592 0.06772)
(-0.01417 -0.03850 0.06929)
(-0.01374 -0.04068 0.07077)
(-0.00035 -0.05548 0.06174)
(-0.00024 -0.02000 0.02015)
(0.00010 -0.00783 0.00790)
(-0.00012 0.00809 -0.00805)
(-0.00614 0.00216 -0.00078)
(-0.02247 0.00793 -0.00140)
(-0.04002 0.01374 -0.00212)
(-0.03514 0.01240 -0.00301)
(-0.06056 0.02015 -0.00362)
(-0.05787 0.01845 -0.00212)
(-0.02508 0.00191 0.00631)
(-0.02500 0.00296 -0.00438)
(-0.02356 -0.00004 0.00952)
(-0.02100 -0.00039 0.01168)
(-0.00305 -0.00290 0.01243)
(0.00742 -0.00076 0.01917)
(0.00518 -0.00410 0.01869)
(0.01451 -0.00219 0.01881)
(0.01912 -0.00641 0.01680)
(0.02712 -0.00653 0.01509)
(0.02959 -0.00473 0.01713)
(0.03124 -0.00688 0.01626)
(0.03274 -0.01271 0.01256)
(0.03971 -0.02019 0.00377)
(0.03677 -0.02233 0.00257)
(0.04343 -0.02354 0.00076)
(0.05182 -0.03327 -0.00612)
(0.05102 -0.05044 -0.01635)
(0.05239 -0.05228 -0.01988)
(0.06693 -0.06065 -0.02671)
(0.07572 -0.06454 -0.02892)
(0.05437 -0.07388 -0.03357)
(0.04755 -0.07229 -0.02977)
(0.04375 -0.07086 -0.02891)
(0.04096 -0.06929 -0.02717)
(0.03124 -0.05894 -0.01888)
(0.00065 -0.04939 -0.01494)
(0.00331 -0.04754 -0.01062)
(-0.00316 -0.04401 -0.00909)
(0.00902 -0.03876 0.01090)
(0.00094 -0.02966 0.01978)
(0.00412 -0.02971 0.02377)
(-0.00241 -0.02754 0.03069)
(0.01412 -0.03139 0.03772)
(-0.00128 -0.02605 0.04396)
(-0.00435 -0.02790 0.04484)
(0.00480 -0.02556 0.05102)
(-0.00936 -0.03000 0.06023)
(-0.01227 -0.03387 0.06685)
(-0.01268 -0.03551 0.06787)
(-0.01193 -0.03681 0.06902)
(-0.01125 -0.03782 0.07004)
(-0.01179 -0.03975 0.07077)
(0.00324 -0.04707 0.07383)
(0.00328 -0.05679 0.06876)
(0.00144 -0.02408 0.02673)
(-0.00012 0.00312 -0.00319)
(0.00033 -0.00012 0.00007)
(-0.00447 0.00155 -0.00117)
(-0.02490 0.00844 -0.00736)
(-0.05609 0.01933 -0.00505)
(-0.04337 0.01243 -0.01142)
(-0.03852 0.01034 -0.00921)
(-0.02610 0.00552 -0.01564)
(-0.02723 0.00551 -0.00679)
(-0.01646 -0.00036 0.00117)
(-0.00577 0.00086 -0.00765)
(-0.00246 -0.00143 -0.00614)
(-0.00245 -0.00100 0.00250)
(0.00907 -0.00253 0.00244)
(0.01148 -0.00013 0.01377)
(0.01237 -0.00192 0.01899)
(0.02724 -0.00509 0.01219)
(0.03152 -0.00497 0.01454)
(0.03493 -0.00735 0.01471)
(0.03896 -0.00882 0.01295)
(0.05434 -0.01816 0.00342)
(0.06346 -0.02282 -0.00191)
(0.07194 -0.03145 -0.00994)
(0.05944 -0.03159 -0.00649)
(0.07763 -0.03426 -0.01483)
(0.08150 -0.04619 -0.01975)
(0.08995 -0.05540 -0.02801)
(0.07735 -0.05533 -0.02347)
(0.08030 -0.05921 -0.02664)
(0.07544 -0.06664 -0.02785)
(0.09087 -0.06472 -0.03112)
(0.07749 -0.06840 -0.02543)
(0.06127 -0.06821 -0.02745)
(0.05865 -0.06950 -0.02312)
(0.05961 -0.06554 -0.01695)
(0.04218 -0.06009 -0.01325)
(0.05430 -0.05642 -0.00143)
(0.02396 -0.04625 0.00607)
(0.04391 -0.04921 0.01463)
(0.02829 -0.03660 0.03060)
(0.02995 -0.03670 0.03293)
(0.03599 -0.04120 0.04003)
(0.02431 -0.03288 0.04846)
(0.03868 -0.03837 0.05567)
(0.01802 -0.03361 0.05736)
(0.00794 -0.03175 0.05851)
(0.00874 -0.03393 0.06409)
(0.01827 -0.04030 0.06794)
(0.00159 -0.04119 0.07145)
(0.01026 -0.04634 0.07385)
(0.00991 -0.05363 0.07700)
(0.01652 -0.04350 0.07119)
(0.01040 -0.04735 0.07820)
(0.00709 -0.03034 0.03570)
(0.00043 -0.00185 0.00201)
(-0.00120 0.00399 -0.00434)
(-0.00213 0.00059 -0.00099)
(-0.01192 0.00393 -0.00368)
(-0.04310 0.01292 -0.01808)
(-0.02130 0.00164 -0.02613)
(-0.02305 0.00373 -0.02374)
(-0.01374 -0.00034 -0.01688)
(-0.00979 -0.00263 -0.02503)
(-0.00574 0.00020 -0.01281)
(-0.00339 0.00032 -0.00857)
(0.01489 -0.00150 -0.01212)
(0.01388 -0.00340 -0.00514)
(0.02150 -0.00496 -0.00022)
(0.02639 -0.00540 0.00076)
(0.03599 -0.00586 0.00079)
(0.05569 -0.01484 -0.00390)
(0.06055 -0.01698 -0.00612)
(0.05235 -0.01457 -0.00012)
(0.06312 -0.01781 -0.00074)
(0.06936 -0.02435 -0.00488)
(0.07924 -0.02627 -0.01144)
(0.08515 -0.03042 -0.01656)
(0.08839 -0.04486 -0.02009)
(0.10079 -0.05342 -0.02687)
(0.09151 -0.04922 -0.02399)
(0.09709 -0.05350 -0.02688)
(0.09556 -0.05400 -0.02649)
(0.08240 -0.06380 -0.02705)
(0.07572 -0.06609 -0.02392)
(0.08592 -0.06337 -0.01769)
(0.08489 -0.06335 -0.01537)
(0.07123 -0.06061 -0.00146)
(0.07530 -0.06079 0.00567)
(0.05170 -0.05369 0.01035)
(0.06694 -0.05640 0.01422)
(0.03979 -0.04062 0.02936)
(0.04687 -0.04511 0.03197)
(0.06027 -0.04957 0.04885)
(0.05758 -0.04813 0.05521)
(0.05858 -0.04878 0.05728)
(0.04537 -0.04289 0.06062)
(0.01905 -0.03514 0.06217)
(0.04251 -0.04304 0.06557)
(0.02583 -0.03947 0.06770)
(0.02294 -0.03846 0.06664)
(0.03055 -0.04178 0.06768)
(0.01958 -0.04330 0.07064)
(0.02081 -0.04841 0.07571)
(0.00855 -0.04539 0.07928)
(0.02518 -0.04923 0.07344)
(0.01239 -0.03636 0.04879)
(0.00241 -0.00800 0.00886)
(0.00227 -0.00351 0.00421)
(0.00355 -0.00093 0.00164)
(-0.01353 0.00360 -0.00681)
(-0.00134 0.00034 -0.00064)
(-0.01579 0.00381 -0.00849)
(-0.03035 0.00617 -0.02096)
(-0.01348 -0.00182 -0.02786)
(-0.01326 -0.00157 -0.02653)
(-0.00674 -0.00146 -0.02740)
(0.00064 -0.00124 -0.02730)
(-0.00006 -0.00323 -0.02342)
(0.01734 -0.00797 -0.03036)
(0.01214 -0.00564 -0.02176)
(0.01480 -0.00356 -0.02038)
(0.03698 -0.00608 -0.02315)
(0.03955 -0.00619 -0.02081)
(0.03835 -0.00594 -0.00964)
(0.05314 -0.01247 -0.00903)
(0.06217 -0.01733 -0.00913)
(0.06512 -0.01921 -0.00905)
(0.07607 -0.02609 -0.01163)
(0.08674 -0.02785 -0.01812)
(0.08592 -0.03100 -0.01872)
(0.09327 -0.03624 -0.03052)
(0.08769 -0.03266 -0.01815)
(0.09244 -0.04143 -0.02517)
(0.09944 -0.04904 -0.02606)
(0.09568 -0.05142 -0.02683)
(0.09440 -0.05198 -0.02679)
(0.09482 -0.05468 -0.02630)
(0.09118 -0.06046 -0.02292)
(0.08846 -0.06343 -0.01849)
(0.08815 -0.06392 -0.01695)
(0.08715 -0.06537 -0.01093)
(0.08644 -0.06461 -0.00004)
(0.08135 -0.06255 0.01506)
(0.09051 -0.06493 0.02587)
(0.08858 -0.06368 0.02946)
(0.07912 -0.05840 0.03600)
(0.07317 -0.05444 0.04860)
(0.06425 -0.05127 0.05594)
(0.06505 -0.05187 0.05774)
(0.05922 -0.04910 0.05954)
(0.05398 -0.04638 0.06379)
(0.04965 -0.04573 0.06678)
(0.03739 -0.04349 0.06671)
(0.03587 -0.04422 0.06498)
(0.03022 -0.04396 0.06696)
(0.04446 -0.04594 0.06558)
(0.03751 -0.04840 0.06985)
(0.04557 -0.04953 0.07081)
(0.02917 -0.04136 0.05107)
(0.00579 -0.00820 0.00964)
(0.00328 -0.00079 0.00154)
(-0.00564 0.00128 -0.00287)
(-0.02949 0.00599 -0.01883)
(-0.02275 0.00418 -0.01437)
(-0.02794 0.00445 -0.01948)
(-0.00532 -0.00087 -0.02793)
(-0.00123 -0.00086 -0.03172)
(0.00639 -0.00183 -0.03461)
(0.02406 -0.00471 -0.03612)
(0.02636 -0.00445 -0.03717)
(0.02373 -0.00690 -0.02713)
(0.03926 -0.00678 -0.02719)
(0.04250 -0.00708 -0.02737)
(0.04585 -0.00779 -0.02759)
(0.04419 -0.00728 -0.02337)
(0.05517 -0.01252 -0.02427)
(0.06340 -0.01687 -0.01734)
(0.06631 -0.01934 -0.01385)
(0.07181 -0.02308 -0.02520)
(0.06861 -0.02123 -0.01136)
(0.08387 -0.02783 -0.02135)
(0.08452 -0.02860 -0.02185)
(0.09082 -0.03504 -0.03058)
(0.09286 -0.03684 -0.03063)
(0.09198 -0.03710 -0.03084)
(0.09318 -0.04989 -0.02671)
(0.09207 -0.05072 -0.02721)
(0.09362 -0.05305 -0.02679)
(0.09301 -0.05432 -0.02700)
(0.08976 -0.05968 -0.02482)
(0.09269 -0.06282 -0.02213)
(0.08972 -0.06696 -0.01134)
(0.09590 -0.06784 -0.01056)
(0.09340 -0.06665 0.00610)
(0.09469 -0.06788 0.02347)
(0.09479 -0.06823 0.02626)
(0.09256 -0.06645 0.03101)
(0.09529 -0.06799 0.03917)
(0.07029 -0.05479 0.05634)
(0.07083 -0.05535 0.05788)
(0.06577 -0.05223 0.05962)
(0.07505 -0.05591 0.06328)
(0.06173 -0.05023 0.06594)
(0.05787 -0.04866 0.06644)
(0.06712 -0.04851 0.06674)
(0.05976 -0.04737 0.06704)
(0.05709 -0.04668 0.06678)
(0.06340 -0.04794 0.06504)
(0.06107 -0.04718 0.06471)
(0.05940 -0.04659 0.06406)
(0.05262 -0.04961 0.06797)
(0.04294 -0.05382 0.06499)
(0.04260 -0.04918 0.05728)
(0.00997 -0.01276 0.01466)
(-0.00292 0.00390 -0.00446)
(0.00119 -0.00025 0.00057)
(-0.00887 0.00172 -0.00470)
(-0.00609 -0.00006 -0.01670)
(-0.01324 -0.00046 -0.02527)
(0.00136 -0.00449 -0.02274)
(0.00182 -0.00516 -0.03092)
(0.01679 -0.00857 -0.03461)
(0.02556 -0.00575 -0.03729)
(0.02765 -0.00485 -0.03840)
(0.03703 -0.00776 -0.03897)
(0.03960 -0.00884 -0.03841)
(0.04408 -0.00747 -0.03147)
(0.04707 -0.00799 -0.03167)
(0.05488 -0.01184 -0.03714)
(0.04979 -0.00903 -0.02865)
(0.06263 -0.01272 -0.03413)
(0.06683 -0.01957 -0.03390)
(0.07236 -0.02472 -0.03600)
(0.08162 -0.02488 -0.03248)
(0.08530 -0.02797 -0.02634)
(0.08682 -0.03413 -0.03166)
(0.09010 -0.03551 -0.03085)
(0.08773 -0.03502 -0.03174)
(0.08901 -0.03620 -0.03111)
(0.08611 -0.04387 -0.02921)
(0.08103 -0.04714 -0.03128)
(0.09148 -0.05207 -0.02752)
(0.08599 -0.05330 -0.02944)
(0.08530 -0.06175 -0.03068)
(0.08459 -0.06288 -0.02739)
(0.09441 -0.06369 -0.01614)
(0.09531 -0.06735 -0.01516)
(0.09933 -0.07122 -0.00470)
(0.09604 -0.07124 0.01249)
(0.09564 -0.07003 0.02379)
(0.09493 -0.06892 0.02962)
(0.09480 -0.07349 0.03933)
(0.08265 -0.06317 0.05261)
(0.08132 -0.06675 0.05726)
(0.08573 -0.06255 0.06236)
(0.08332 -0.06103 0.06735)
(0.08025 -0.05613 0.06647)
(0.06961 -0.05328 0.06839)
(0.08490 -0.05692 0.06587)
(0.07527 -0.05348 0.06713)
(0.06736 -0.04908 0.06473)
(0.06591 -0.04776 0.06282)
(0.07554 -0.04812 0.05850)
(0.06653 -0.04986 0.06011)
(0.04870 -0.05314 0.06227)
(0.05466 -0.04945 0.05750)
(0.01478 -0.01721 0.01938)
(-0.00063 0.00077 -0.00087)
(-0.00020 0.00002 -0.00008)
(-0.00393 -0.00061 -0.00544)
(-0.00345 -0.00007 -0.00086)
(0.00033 -0.00323 -0.01643)
(0.00328 -0.00457 -0.01911)
(0.00998 -0.00874 -0.02580)
(0.02102 -0.01185 -0.03153)
(0.02627 -0.01084 -0.03721)
(0.02663 -0.01056 -0.03771)
(0.02832 -0.00502 -0.03882)
(0.03762 -0.00959 -0.04455)
(0.04310 -0.01020 -0.04501)
(0.04959 -0.00993 -0.04410)
(0.05239 -0.01099 -0.05044)
(0.06553 -0.01654 -0.04584)
(0.07511 -0.02099 -0.05012)
(0.06860 -0.02120 -0.04661)
(0.07555 -0.02767 -0.03435)
(0.07094 -0.02679 -0.04351)
(0.07801 -0.02738 -0.03654)
(0.07170 -0.03091 -0.03954)
(0.07108 -0.03457 -0.03663)
(0.08653 -0.03593 -0.03220)
(0.07653 -0.04480 -0.03358)
(0.06705 -0.04616 -0.03846)
(0.08004 -0.04848 -0.03283)
(0.07393 -0.05168 -0.03411)
(0.08036 -0.05912 -0.03442)
(0.07933 -0.06301 -0.03372)
(0.08521 -0.06724 -0.02408)
(0.08506 -0.07592 -0.02019)
(0.09748 -0.07764 -0.00661)
(0.09212 -0.08123 -0.00161)
(0.09258 -0.08457 0.00233)
(0.09580 -0.08223 0.02375)
(0.09306 -0.08193 0.03169)
(0.09442 -0.07903 0.05176)
(0.09344 -0.07863 0.05228)
(0.08728 -0.06861 0.06128)
(0.08485 -0.06809 0.06614)
(0.08319 -0.05964 0.06610)
(0.08780 -0.06092 0.06549)
(0.07831 -0.05329 0.06761)
(0.07996 -0.05352 0.06296)
(0.07103 -0.04857 0.06135)
(0.09522 -0.05232 0.05522)
(0.08144 -0.04901 0.05563)
(0.07853 -0.04978 0.05585)
(0.08511 -0.04705 0.05117)
(0.07124 -0.04752 0.05268)
(0.02547 -0.02007 0.02220)
(0.00155 -0.00159 0.00167)
(-0.00071 0.00006 -0.00009)
(0.00013 0.00035 -0.00441)
(0.00489 -0.00446 -0.01272)
(0.02218 -0.00953 -0.01925)
(0.02162 -0.01012 -0.02387)
(0.02634 -0.00979 -0.03282)
(0.03636 -0.01319 -0.04424)
(0.03187 -0.00947 -0.04152)
(0.03814 -0.01286 -0.04706)
(0.04034 -0.00886 -0.04989)
(0.04760 -0.00687 -0.05342)
(0.04779 -0.01005 -0.05582)
(0.05486 -0.01220 -0.05206)
(0.04768 -0.01274 -0.05859)
(0.06610 -0.01947 -0.05018)
(0.06093 -0.02097 -0.05130)
(0.05209 -0.02774 -0.05622)
(0.06414 -0.03097 -0.04736)
(0.06085 -0.03347 -0.04730)
(0.06199 -0.03460 -0.04409)
(0.06294 -0.03629 -0.03858)
(0.06162 -0.04014 -0.03613)
(0.06164 -0.04366 -0.03858)
(0.06777 -0.04815 -0.03613)
(0.06834 -0.05028 -0.03603)
(0.06018 -0.05944 -0.04207)
(0.06256 -0.06282 -0.04081)
(0.07413 -0.06840 -0.03218)
(0.07110 -0.08152 -0.02963)
(0.08139 -0.08021 -0.01822)
(0.08650 -0.08365 -0.00857)
(0.08273 -0.08559 0.00388)
(0.08944 -0.08225 0.01741)
(0.08477 -0.08382 0.02591)
(0.09316 -0.07958 0.05058)
(0.08865 -0.07916 0.05246)
(0.09475 -0.07566 0.05943)
(0.08924 -0.07689 0.06187)
(0.08723 -0.06948 0.06690)
(0.09777 -0.06505 0.06345)
(0.08947 -0.06105 0.06422)
(0.08978 -0.05710 0.06476)
(0.10395 -0.06000 0.06160)
(0.10236 -0.05743 0.06045)
(0.09652 -0.05327 0.05572)
(0.09128 -0.04697 0.05180)
(0.08904 -0.04571 0.04869)
(0.08200 -0.04711 0.05073)
(0.04942 -0.03230 0.03607)
(0.02158 -0.01691 0.01869)
(0.00306 -0.00257 0.00282)
(-0.00005 -0.00030 0.00003)
(0.00010 0.00086 -0.00025)
(0.00681 0.00021 -0.00241)
(0.01577 -0.00095 -0.00838)
(0.02196 -0.00477 -0.01620)
(0.02500 -0.00494 -0.02037)
(0.02933 -0.00670 -0.02829)
(0.02559 -0.00423 -0.02245)
(0.03234 -0.00834 -0.03945)
(0.03614 -0.01184 -0.04557)
(0.03763 -0.01212 -0.04809)
(0.02950 -0.00379 -0.05680)
(0.04308 -0.00733 -0.05705)
(0.03910 -0.00839 -0.05983)
(0.03397 -0.01046 -0.06610)
(0.04457 -0.01433 -0.06178)
(0.03266 -0.01070 -0.06785)
(0.04743 -0.01687 -0.06271)
(0.04777 -0.02739 -0.05862)
(0.05013 -0.02894 -0.05587)
(0.04901 -0.03036 -0.05565)
(0.04982 -0.03357 -0.05376)
(0.05722 -0.04058 -0.04071)
(0.05243 -0.03830 -0.04074)
(0.04776 -0.04028 -0.04681)
(0.05198 -0.04644 -0.04699)
(0.05811 -0.04982 -0.04101)
(0.05669 -0.05215 -0.04192)
(0.05077 -0.05684 -0.04733)
(0.05047 -0.05808 -0.04768)
(0.06587 -0.06591 -0.03736)
(0.06657 -0.08113 -0.03202)
(0.07068 -0.08350 -0.02772)
(0.07230 -0.08618 -0.02507)
(0.06785 -0.08514 -0.00506)
(0.07933 -0.08749 0.01144)
(0.06541 -0.08307 0.02507)
(0.07826 -0.08434 0.03461)
(0.07568 -0.08167 0.04269)
(0.08750 -0.07903 0.06007)
(0.08759 -0.07815 0.06087)
(0.09006 -0.07625 0.06247)
(0.09142 -0.07591 0.06282)
(0.10074 -0.06210 0.06184)
(0.10458 -0.06101 0.06152)
(0.10316 -0.05749 0.05972)
(0.10167 -0.05505 0.05955)
(0.10240 -0.05096 0.05584)
(0.09749 -0.04860 0.05171)
(0.09118 -0.04754 0.05267)
(0.09055 -0.04706 0.05122)
(0.07803 -0.04087 0.04753)
(0.04591 -0.02625 0.03152)
(0.00456 -0.00285 0.00341)
(0.00447 -0.00269 0.00334)
(0.00145 0.00137 0.00019)
(0.01326 0.00311 -0.00352)
(0.02351 -0.00280 -0.01521)
(0.02402 -0.00317 -0.01709)
(0.02488 -0.00347 -0.01974)
(0.02494 -0.00307 -0.02228)
(0.03055 -0.00396 -0.03618)
(0.02857 -0.00762 -0.04585)
(0.03571 -0.01192 -0.04747)
(0.02235 -0.00176 -0.05633)
(0.03093 -0.00675 -0.05908)
(0.02940 -0.00932 -0.06817)
(0.02784 -0.00971 -0.06853)
(0.03133 -0.01147 -0.06838)
(0.02944 -0.01659 -0.06730)
(0.04572 -0.02835 -0.05872)
(0.04019 -0.02798 -0.06165)
(0.04439 -0.02984 -0.05864)
(0.03890 -0.03473 -0.06379)
(0.03826 -0.03731 -0.06238)
(0.04299 -0.03671 -0.05875)
(0.04555 -0.04135 -0.05609)
(0.04088 -0.04320 -0.06257)
(0.04045 -0.04355 -0.06189)
(0.04781 -0.05092 -0.04938)
(0.04764 -0.05578 -0.04884)
(0.04729 -0.05715 -0.04936)
(0.04913 -0.05919 -0.04842)
(0.04996 -0.06917 -0.04404)
(0.06589 -0.08345 -0.03075)
(0.06209 -0.08457 -0.02581)
(0.06029 -0.08731 -0.01322)
(0.06689 -0.08854 0.00118)
(0.06158 -0.08419 0.02189)
(0.06518 -0.08349 0.02879)
(0.06450 -0.08376 0.03157)
(0.08512 -0.08022 0.05918)
(0.08539 -0.07942 0.05997)
(0.08864 -0.07747 0.06160)
(0.09034 -0.07698 0.06225)
(0.09804 -0.06744 0.06153)
(0.10695 -0.06699 0.06223)
(0.10252 -0.05822 0.05951)
(0.10317 -0.05514 0.05683)
(0.10085 -0.04763 0.05424)
(0.09162 -0.04810 0.05256)
(0.09000 -0.04756 0.05217)
(0.07240 -0.03813 0.04713)
(0.05209 -0.02916 0.03628)
(0.02788 -0.01616 0.02012)
(0.05192 -0.02863 0.03698)
(0.00711 -0.00413 0.00536)
(0.00044 0.00038 0.00003)
(0.00351 0.00286 0.00014)
(0.00260 0.00205 -0.00005)
(0.00947 0.00698 -0.00008)
(0.01843 0.00607 -0.00661)
(0.02521 0.00459 -0.01246)
(0.02498 -0.00061 -0.01680)
(0.02416 0.00280 -0.01701)
(0.02488 -0.00204 -0.01940)
(0.02034 -0.00290 -0.03372)
(0.02194 -0.00084 -0.03523)
(0.02335 -0.00289 -0.04303)
(0.01723 0.00024 -0.05128)
(0.01792 0.00013 -0.05668)
(0.01263 -0.00259 -0.05954)
(0.02199 -0.00848 -0.06569)
(0.02285 -0.00856 -0.06895)
(0.02633 -0.01051 -0.06920)
(0.02058 -0.01232 -0.07080)
(0.00859 -0.02101 -0.07546)
(0.03887 -0.02927 -0.06174)
(0.02506 -0.03367 -0.07688)
(0.01827 -0.03601 -0.07631)
(0.03323 -0.04149 -0.06565)
(0.03689 -0.04390 -0.06591)
(0.03867 -0.04374 -0.06508)
(0.04070 -0.04928 -0.05788)
(0.04069 -0.05375 -0.05709)
(0.04461 -0.05589 -0.05156)
(0.04583 -0.05903 -0.05017)
(0.03827 -0.06767 -0.05220)
(0.05237 -0.07806 -0.03689)
(0.04780 -0.08013 -0.03037)
(0.04577 -0.08424 -0.02394)
(0.05698 -0.09058 -0.00226)
(0.05676 -0.08612 0.01575)
(0.06169 -0.08386 0.02641)
(0.06143 -0.08391 0.03044)
(0.07334 -0.08435 0.04591)
(0.08089 -0.08267 0.05751)
(0.08677 -0.07865 0.06085)
(0.09060 -0.07939 0.06227)
(0.09728 -0.07355 0.06333)
(0.09966 -0.07348 0.06335)
(0.10546 -0.06520 0.06068)
(0.10376 -0.05905 0.05800)
(0.10382 -0.05640 0.05678)
(0.09824 -0.05267 0.05432)
(0.08228 -0.04253 0.05081)
(0.07231 -0.03744 0.04778)
(0.06981 -0.03649 0.04811)
(0.06663 -0.03557 0.04786)
(0.04417 -0.02406 0.03250)
(0.00679 -0.00403 0.00573)
(-0.00539 0.00322 -0.00462)
(0.00037 0.00020 -0.00008)
(0.00460 0.00238 -0.00104)
(0.02204 0.00825 -0.00594)
(0.01521 0.00424 -0.00422)
(0.02832 0.00835 -0.00940)
(0.02628 0.00603 -0.01329)
(0.02718 0.00465 -0.01521)
(0.02433 0.00228 -0.02522)
(0.01949 0.00137 -0.03055)
(0.01611 -0.00055 -0.04171)
(0.01475 -0.00134 -0.04239)
(0.01042 -0.00034 -0.04646)
(0.00743 -0.00262 -0.05529)
(-0.00194 0.00025 -0.06087)
(0.00185 -0.00445 -0.06411)
(-0.00251 -0.00394 -0.06666)
(-0.00903 -0.00573 -0.07026)
(0.02122 -0.00922 -0.06981)
(0.00718 -0.01146 -0.07156)
(-0.00409 -0.02005 -0.08115)
(0.00591 -0.02323 -0.07613)
(0.00770 -0.02912 -0.07959)
(0.00643 -0.03135 -0.08122)
(0.02100 -0.03889 -0.07215)
(0.01715 -0.03809 -0.08003)
(0.01429 -0.03744 -0.08027)
(0.02738 -0.04432 -0.06795)
(0.02853 -0.04872 -0.06512)
(0.03077 -0.05025 -0.06918)
(0.03101 -0.05836 -0.06037)
(0.03253 -0.06596 -0.05407)
(0.03479 -0.07178 -0.04947)
(0.03503 -0.07857 -0.03851)
(0.03464 -0.08111 -0.03468)
(0.04233 -0.08548 -0.01366)
(0.04195 -0.08352 -0.00689)
(0.05841 -0.08339 0.02441)
(0.05567 -0.08551 0.03173)
(0.06187 -0.08845 0.03987)
(0.06434 -0.08503 0.04713)
(0.07809 -0.08525 0.05543)
(0.08321 -0.08392 0.05736)
(0.09551 -0.07817 0.06202)
(0.09681 -0.07394 0.06509)
(0.10138 -0.06850 0.06338)
(0.09835 -0.06640 0.06349)
(0.09991 -0.05756 0.05988)
(0.08389 -0.04925 0.06100)
(0.08358 -0.04584 0.05760)
(0.07815 -0.04406 0.06113)
(0.06754 -0.03451 0.05988)
(0.05557 -0.03007 0.05201)
(0.03500 -0.01860 0.03110)
(0.00987 -0.00526 0.00892)
(-0.00384 0.00229 -0.00357)
(0.00376 0.00075 -0.00127)
(0.02063 0.00403 -0.00732)
(0.02967 0.00747 -0.01366)
(0.02919 0.00789 -0.01745)
(0.02975 0.00878 -0.01885)
(0.02624 0.00370 -0.02428)
(0.01382 0.00141 -0.03686)
(0.01925 0.00190 -0.03063)
(0.01188 0.00055 -0.04174)
(0.00551 -0.00020 -0.04764)
(0.01104 -0.00106 -0.04503)
(0.00133 0.00212 -0.05055)
(-0.00370 -0.00157 -0.05536)
(-0.01478 -0.00217 -0.05805)
(-0.01548 -0.00226 -0.05923)
(-0.00274 -0.00271 -0.06365)
(-0.02062 0.00113 -0.06032)
(-0.01298 -0.00144 -0.06619)
(-0.02712 -0.00330 -0.07019)
(-0.01317 -0.01186 -0.07698)
(-0.01394 -0.01650 -0.07993)
(-0.00663 -0.02135 -0.08319)
(-0.00871 -0.02664 -0.09158)
(-0.01860 -0.02962 -0.10153)
(0.00721 -0.03728 -0.08888)
(0.00941 -0.03837 -0.08904)
(0.00556 -0.03918 -0.08783)
(0.01190 -0.03947 -0.08132)
(0.01896 -0.04409 -0.07803)
(0.02303 -0.04808 -0.07408)
(0.02764 -0.05328 -0.06442)
(0.02700 -0.05770 -0.06426)
(0.02966 -0.07102 -0.05480)
(0.02670 -0.07254 -0.04920)
(0.02374 -0.07809 -0.04370)
(0.03633 -0.07997 -0.02214)
(0.03679 -0.08192 -0.00905)
(0.04143 -0.08925 0.00679)
(0.04394 -0.09242 0.01788)
(0.05493 -0.08941 0.03073)
(0.05985 -0.08661 0.04465)
(0.07125 -0.08992 0.04704)
(0.08110 -0.08575 0.05558)
(0.07842 -0.08885 0.06106)
(0.09021 -0.07814 0.06360)
(0.09610 -0.07399 0.06784)
(0.08497 -0.07393 0.07561)
(0.08504 -0.07093 0.07473)
(0.08456 -0.06337 0.07243)
(0.08247 -0.06832 0.07587)
(0.08011 -0.05299 0.06873)
(0.07138 -0.04308 0.06456)
(0.06968 -0.04238 0.06409)
(0.06172 -0.03543 0.05655)
(0.01913 -0.01129 0.01810)
(0.00267 -0.00195 0.00317)
(-0.00103 0.00075 -0.00122)
(0.00075 0.00014 -0.00026)
(0.01164 0.00213 -0.00414)
(0.02946 0.00531 -0.01111)
(0.03082 0.00541 -0.01656)
(0.02788 0.00303 -0.02385)
(0.02494 0.00126 -0.02700)
(0.02230 0.00250 -0.03106)
(0.00730 0.00180 -0.04415)
(0.00504 0.00118 -0.04605)
(0.00204 0.00046 -0.04845)
(-0.00209 0.00164 -0.05290)
(-0.01722 -0.00213 -0.05871)
(-0.01803 -0.00182 -0.05923)
(-0.02153 -0.00133 -0.06004)
(-0.03028 0.00291 -0.06850)
(-0.03869 0.00219 -0.07128)
(-0.02881 -0.00594 -0.07911)
(-0.03672 -0.00859 -0.08812)
(-0.02253 -0.01949 -0.08703)
(-0.03956 -0.01161 -0.09153)
(-0.02415 -0.02328 -0.09569)
(-0.02350 -0.02794 -0.10425)
(-0.01716 -0.03090 -0.10325)
(-0.01186 -0.03300 -0.10254)
(0.00189 -0.03788 -0.09871)
(0.00541 -0.03863 -0.08734)
(0.01339 -0.04061 -0.08642)
(0.01002 -0.03969 -0.08544)
(0.01752 -0.04699 -0.07231)
(0.01390 -0.04861 -0.07515)
(0.02160 -0.06151 -0.06568)
(0.02251 -0.07208 -0.05063)
(0.02229 -0.07562 -0.04633)
(0.02400 -0.07866 -0.04025)
(0.02845 -0.07868 -0.02595)
(0.03785 -0.09182 0.00188)
(0.04400 -0.08672 0.00477)
(0.05169 -0.07815 0.01057)
(0.05879 -0.08679 0.03324)
(0.07000 -0.08947 0.04965)
(0.07359 -0.08900 0.05324)
(0.07527 -0.08944 0.05570)
(0.08132 -0.08220 0.05767)
(0.08224 -0.07583 0.07316)
(0.08119 -0.07100 0.07775)
(0.08132 -0.06260 0.07614)
(0.07647 -0.05436 0.07065)
(0.06837 -0.05236 0.07421)
(0.06897 -0.04621 0.06991)
(0.06414 -0.04095 0.06986)
(0.06211 -0.03720 0.05674)
(0.02093 -0.01308 0.01962)
(0.00153 -0.00089 0.00140)
(0.00050 0.00012 -0.00025)
(0.01483 0.00370 -0.00758)
(0.02716 0.00379 -0.01924)
(0.03181 0.00244 -0.02538)
(0.02868 0.00201 -0.02468)
(0.02453 0.00209 -0.03361)
(0.01753 0.00023 -0.03879)
(0.02304 0.00208 -0.03447)
(0.00631 0.00058 -0.04561)
(0.00411 0.00044 -0.04714)
(0.00322 -0.00037 -0.04829)
(0.00084 -0.00024 -0.04962)
(-0.00110 0.00025 -0.05056)
(-0.02168 -0.00145 -0.05948)
(-0.02035 -0.00195 -0.05961)
(-0.02389 -0.00182 -0.06014)
(-0.03651 0.00284 -0.07042)
(-0.04251 0.00159 -0.07086)
(-0.04249 -0.00425 -0.08389)
(-0.05098 -0.00372 -0.09121)
(-0.05153 -0.00562 -0.09425)
(-0.03199 -0.02074 -0.09773)
(-0.02828 -0.02669 -0.10684)
(-0.02233 -0.02893 -0.10642)
(-0.02096 -0.02974 -0.10877)
(-0.01538 -0.03091 -0.11327)
(0.00161 -0.03719 -0.09213)
(-0.00629 -0.03170 -0.09388)
(0.00900 -0.04491 -0.08997)
(0.01327 -0.04970 -0.07399)
(0.01428 -0.05819 -0.06894)
(0.02267 -0.07663 -0.04386)
(0.03403 -0.07484 -0.01801)
(0.04093 -0.08085 -0.00780)
(0.05278 -0.08226 0.01824)
(0.07210 -0.08952 0.05152)
(0.07580 -0.09029 0.05881)
(0.07958 -0.07369 0.07978)
(0.07266 -0.06103 0.07980)
(0.02421 -0.01556 0.02339)
(0.00298 0.00025 -0.00133)
(0.02092 0.00317 -0.01447)
(0.03326 0.00469 -0.03044)
(0.03165 0.00329 -0.02250)
(0.03154 0.00373 -0.03197)
(0.03006 0.00374 -0.03270)
(0.01479 -0.00148 -0.04102)
(0.00535 -0.00048 -0.04703)
(0.00229 -0.00112 -0.04958)
(-0.00032 -0.00088 -0.05079)
(-0.00744 -0.00290 -0.05639)
(-0.02521 -0.00103 -0.06290)
(-0.03267 0.00035 -0.06671)
(-0.02960 0.00067 -0.06186)
(-0.04743 0.00359 -0.06705)
(-0.04220 0.00439 -0.06923)
(-0.05396 0.00468 -0.06964)
(-0.05354 -0.00077 -0.08017)
(-0.06221 0.00220 -0.07912)
(-0.05405 -0.00289 -0.09108)
(-0.05409 -0.00478 -0.09507)
(-0.05016 -0.00905 -0.10061)
(-0.04037 -0.02129 -0.11230)
(-0.02953 -0.02700 -0.11126)
(-0.02557 -0.02811 -0.11209)
(-0.01281 -0.03252 -0.11367)
(-0.00403 -0.00012 0.00221)
(0.01116 0.00022 -0.00707)
(0.03416 0.00201 -0.02720)
(0.03354 0.00280 -0.02944)
(0.02891 0.00163 -0.03393)
(0.02070 -0.00041 -0.03792)
(0.01326 -0.00269 -0.04329)
(0.01052 -0.00275 -0.04552)
(0.01009 -0.00347 -0.04648)
(0.00034 -0.00248 -0.05281)
(-0.00837 -0.00416 -0.05855)
(-0.01507 -0.00233 -0.06184)
(-0.03210 -0.00171 -0.06743)
(-0.03488 -0.00175 -0.06878)
(-0.03982 0.00225 -0.06951)
(-0.04842 0.00478 -0.06977)
(-0.05677 0.00653 -0.07159)
(-0.06133 0.00351 -0.08143)
(-0.05796 -0.00207 -0.09122)
(-0.05604 -0.01088 -0.10676)
(-0.05374 -0.01807 -0.11911)
(-0.00373 -0.00003 0.00223)
(0.00261 0.00003 -0.00159)
(0.01680 -0.00037 -0.01162)
(0.02690 -0.00102 -0.03345)
(0.02475 -0.00158 -0.03540)
(0.01843 -0.00275 -0.04120)
(0.01001 -0.00364 -0.04768)
(0.00002 -0.00520 -0.05693)
(-0.00657 -0.00583 -0.06192)
(-0.01533 -0.00235 -0.06490)
(-0.02918 -0.00199 -0.06685)
(-0.03332 0.00026 -0.06817)
(-0.03968 0.00106 -0.06943)
(-0.05271 0.00373 -0.07505)
(-0.05511 0.00387 -0.07437)
(-0.06115 0.00368 -0.07766)
(-0.06388 0.00373 -0.08595)
(0.00079 -0.00001 -0.00050)
(0.01530 0.00017 -0.01528)
(0.02145 -0.00034 -0.02578)
(0.02623 -0.00075 -0.03406)
(0.02337 -0.00162 -0.03675)
(0.02222 -0.00169 -0.03787)
(0.01564 -0.00222 -0.04632)
(0.00610 -0.00314 -0.05317)
(-0.00117 -0.00408 -0.05778)
(0.00120 -0.00252 -0.05811)
(-0.01092 -0.00207 -0.06736)
(-0.01609 -0.00017 -0.06886)
(-0.02318 -0.00171 -0.07037)
(-0.02157 0.00121 -0.07279)
(-0.03028 0.00122 -0.07081)
(-0.04429 0.00232 -0.07179)
(0.00205 -0.00008 -0.00144)
(0.02182 0.00004 -0.02187)
(0.02524 -0.00067 -0.03497)
(0.02851 0.00153 -0.03637)
(0.02516 0.00026 -0.03943)
(0.02145 -0.00006 -0.04486)
(0.01122 -0.00170 -0.05292)
(0.00217 -0.00230 -0.05774)
(-0.01366 -0.00147 -0.07123)
(-0.01854 0.00057 -0.07231)
(-0.00042 -0.00002 0.00032)
(0.01028 0.00121 -0.00999)
(0.02209 0.00204 -0.02671)
(-0.00421 -0.03074 -0.09896)
(0.01082 -0.04584 -0.07784)
(0.02047 -0.07330 -0.04994)
(0.02592 -0.07517 -0.04046)
(0.04957 -0.07467 0.00276)
(0.06603 -0.08912 0.03943)
(0.07331 -0.08997 0.05489)
(0.07629 -0.08119 0.07119)
(0.07405 -0.07033 0.08174)
(0.06328 -0.05677 0.08387)
(0.06549 -0.05117 0.07549)
(0.05719 -0.03849 0.06264)
(0.05693 -0.03787 0.06037)
(0.05659 -0.03713 0.05781)
(0.00552 -0.00351 0.00517)
(-0.02749 -0.02622 -0.11939)
(-0.01308 -0.02967 -0.11118)
(-0.00541 -0.03142 -0.10837)
(-0.00294 -0.03574 -0.09844)
(0.00493 -0.04367 -0.08438)
(0.01056 -0.04717 -0.07649)
(0.01023 -0.05099 -0.07345)
(0.01159 -0.05808 -0.06848)
(0.02107 -0.07440 -0.04807)
(0.02452 -0.06756 -0.04809)
(0.03345 -0.07437 -0.02408)
(0.04062 -0.07724 -0.01208)
(0.04953 -0.07349 -0.00195)
(0.05203 -0.07608 0.00534)
(0.05827 -0.08487 0.02416)
(0.07108 -0.08964 0.04912)
(0.07189 -0.09011 0.05353)
(0.07502 -0.09107 0.06094)
(0.06916 -0.08886 0.08406)
(0.07169 -0.07834 0.08626)
(0.06560 -0.07278 0.08832)
(0.06515 -0.06459 0.08628)
(0.05958 -0.05802 0.08826)
(0.05613 -0.04731 0.07531)
(0.05643 -0.03954 0.06269)
(0.05668 -0.03855 0.05807)
(0.02244 -0.01489 0.02118)
(0.00228 -0.00150 0.00205)
(-0.05551 -0.01975 -0.12803)
(-0.04295 -0.02251 -0.12595)
(-0.04060 -0.02251 -0.12740)
(-0.02746 -0.02544 -0.12908)
(-0.02484 -0.02598 -0.12297)
(-0.02111 -0.02393 -0.11352)
(-0.01157 -0.02587 -0.10206)
(-0.01092 -0.03062 -0.09631)
(0.00726 -0.04386 -0.07899)
(-0.00737 -0.03440 -0.08995)
(0.00605 -0.04577 -0.07830)
(0.00824 -0.04908 -0.07449)
(0.01938 -0.06135 -0.05771)
(0.02308 -0.06538 -0.05311)
(0.03081 -0.06910 -0.03778)
(0.03789 -0.06907 -0.02756)
(0.04530 -0.06786 -0.02029)
(0.05350 -0.07707 0.00411)
(0.05949 -0.08407 0.01475)
(0.06727 -0.08616 0.03358)
(0.06982 -0.08992 0.04596)
(0.06806 -0.09260 0.06789)
(0.06318 -0.09322 0.09174)
(0.06372 -0.08668 0.08776)
(0.06244 -0.07319 0.09255)
(0.06176 -0.06411 0.08988)
(0.05622 -0.06498 0.09397)
(0.05532 -0.05544 0.08896)
(0.05678 -0.05336 0.08169)
(0.05689 -0.05404 0.07997)
(0.05546 -0.04147 0.06674)
(0.05637 -0.03945 0.05676)
(0.03028 -0.02079 0.02561)
(0.00708 -0.00500 0.00551)
(-0.00277 0.00194 -0.00206)
(-0.06642 -0.00565 -0.09614)
(-0.06190 -0.01146 -0.10586)
(-0.05990 -0.01496 -0.11685)
(-0.05575 -0.01943 -0.12702)
(-0.05173 -0.01968 -0.12928)
(-0.04996 -0.02013 -0.13844)
(-0.03629 -0.02174 -0.12805)
(-0.03606 -0.02032 -0.12635)
(-0.03438 -0.01624 -0.11730)
(-0.03110 -0.01717 -0.11234)
(-0.02279 -0.02011 -0.10319)
(-0.01657 -0.02963 -0.09469)
(0.00137 -0.03879 -0.08421)
(0.00196 -0.04149 -0.08196)
(0.00976 -0.05006 -0.07320)
(0.02423 -0.05370 -0.06226)
(0.02962 -0.05604 -0.05953)
(0.03288 -0.06516 -0.04131)
(0.03871 -0.06577 -0.03503)
(0.04966 -0.07325 -0.01916)
(0.05451 -0.07708 -0.00950)
(0.06126 -0.07961 0.00551)
(0.06559 -0.08427 0.02235)
(0.06654 -0.08794 0.04448)
(0.06849 -0.09048 0.05783)
(0.06587 -0.08807 0.06076)
(0.06593 -0.08795 0.07460)
(0.05854 -0.07943 0.08891)
(0.06069 -0.07744 0.09433)
(0.05545 -0.06983 0.09454)
(0.05435 -0.06105 0.09211)
(0.05704 -0.05006 0.07593)
(0.05471 -0.05625 0.08137)
(0.05667 -0.04906 0.06836)
(0.05152 -0.04331 0.05686)
(0.00725 -0.00529 0.00501)
(-0.00661 0.00501 -0.00403)
(0.04025 -0.03482 0.04332)
(-0.05197 0.00442 -0.07570)
(-0.05468 0.00429 -0.07625)
(-0.05639 0.00470 -0.07797)
(-0.06283 0.00003 -0.08549)
(-0.06655 -0.00455 -0.09648)
(-0.06786 -0.00697 -0.10044)
(-0.06628 -0.00795 -0.09814)
(-0.06675 -0.01096 -0.10979)
(-0.06454 -0.01403 -0.12117)
(-0.05880 -0.01699 -0.13037)
(-0.05682 -0.01697 -0.13712)
(-0.05361 -0.01649 -0.13632)
(-0.04574 -0.01488 -0.12667)
(-0.03392 -0.01569 -0.11395)
(-0.03284 -0.01538 -0.11078)
(-0.02053 -0.02469 -0.09987)
(-0.00948 -0.03553 -0.09103)
(0.00146 -0.04151 -0.08673)
(0.00650 -0.04674 -0.07732)
(0.00455 -0.03950 -0.08624)
(0.02582 -0.05327 -0.06397)
(0.02909 -0.05402 -0.06115)
(0.03267 -0.05569 -0.05721)
(0.04831 -0.06619 -0.03044)
(0.05231 -0.07468 -0.01438)
(0.05173 -0.07214 -0.01802)
(0.05921 -0.07632 -0.00559)
(0.06421 -0.08446 0.02265)
(0.06397 -0.08054 0.01625)
(0.06690 -0.08686 0.03800)
(0.06769 -0.08602 0.05022)
(0.06556 -0.08808 0.06430)
(0.05985 -0.07661 0.08053)
(0.05647 -0.07331 0.09440)
(0.05598 -0.07015 0.09326)
(0.05519 -0.06701 0.09283)
(0.05580 -0.05628 0.07202)
(0.05555 -0.05364 0.06852)
(0.05375 -0.05023 0.06177)
(0.03395 -0.02801 0.03005)
(0.00442 -0.00352 0.00338)
(0.02043 -0.01639 0.01418)
(0.00398 -0.00315 0.00258)
(-0.02044 0.00151 -0.07315)
(-0.02323 0.00216 -0.07342)
(-0.03165 0.00293 -0.07449)
(-0.05127 0.00515 -0.07616)
(-0.05363 0.00494 -0.07686)
(-0.05255 0.00570 -0.07722)
(-0.05538 0.00526 -0.07846)
(-0.06113 0.00091 -0.09244)
(-0.06049 0.00487 -0.08472)
(-0.06360 -0.00121 -0.09860)
(-0.06733 -0.00521 -0.10530)
(-0.06940 -0.01009 -0.11962)
(-0.06894 -0.01171 -0.12670)
(-0.05938 -0.01626 -0.13306)
(-0.05893 -0.01654 -0.13715)
(-0.05666 -0.01574 -0.13619)
(-0.05697 -0.01431 -0.13511)
(-0.05538 -0.01133 -0.12954)
(-0.03666 -0.01429 -0.11529)
(-0.03521 -0.01431 -0.11235)
(-0.02654 -0.02011 -0.10452)
(-0.00983 -0.03162 -0.09473)
(0.00010 -0.03625 -0.08905)
(0.00398 -0.03878 -0.08734)
(0.01745 -0.04587 -0.06927)
(0.02865 -0.05250 -0.06253)
(0.03221 -0.05410 -0.05855)
(0.03164 -0.05269 -0.05997)
(0.04658 -0.05952 -0.04106)
(0.05203 -0.05963 -0.03701)
(0.05972 -0.07092 -0.01345)
(0.06561 -0.07180 -0.00782)
(0.06888 -0.08496 0.04147)
(0.06809 -0.08535 0.04799)
(0.06695 -0.08623 0.05606)
(0.06264 -0.07836 0.07066)
(0.05688 -0.07327 0.09330)
(0.05643 -0.07039 0.09220)
(0.05563 -0.06734 0.09174)
(0.05370 -0.06269 0.08562)
(0.05440 -0.05527 0.06823)
(0.05192 -0.04660 0.04981)
(0.01773 -0.01470 0.01169)
(-0.00393 0.00316 -0.00223)
(0.00133 -0.00109 0.00081)
(0.02712 0.00349 -0.03989)
(0.02130 0.00243 -0.04741)
(0.01896 0.00079 -0.04924)
(0.01155 -0.00018 -0.05828)
(0.00798 -0.00115 -0.06460)
(0.00441 -0.00031 -0.06390)
(-0.00919 -0.00060 -0.06802)
(-0.01755 0.00078 -0.07270)
(-0.01654 0.00105 -0.07332)
(-0.01934 0.00180 -0.07366)
(-0.02234 0.00258 -0.07385)
(-0.03024 0.00526 -0.07748)
(-0.04425 0.00654 -0.07867)
(-0.05142 0.00719 -0.08084)
(-0.05798 0.00731 -0.08625)
(-0.06417 0.00216 -0.09806)
(-0.07236 -0.00042 -0.10514)
(-0.06972 -0.00873 -0.12216)
(-0.06986 -0.01052 -0.12514)
(-0.06510 -0.01397 -0.13037)
(-0.06552 -0.01410 -0.13300)
(-0.05909 -0.01527 -0.13625)
(-0.05931 -0.01374 -0.13506)
(-0.05656 -0.01242 -0.12869)
(-0.04554 -0.01321 -0.12032)
(-0.03708 -0.01668 -0.11363)
(-0.03001 -0.02090 -0.10805)
(-0.02028 -0.02519 -0.09980)
(-0.00122 -0.03528 -0.09040)
(0.00334 -0.03831 -0.08870)
(0.01236 -0.04356 -0.07968)
(0.02671 -0.04879 -0.06920)
(0.03262 -0.05124 -0.06536)
(0.03972 -0.05226 -0.05432)
(0.05297 -0.05514 -0.04267)
(0.05764 -0.06063 -0.03396)
(0.05999 -0.06282 -0.02608)
(0.06609 -0.06585 -0.01693)
(0.06691 -0.07483 0.00332)
(0.06853 -0.08084 0.02601)
(0.06889 -0.08458 0.04260)
(0.06805 -0.08478 0.04923)
(0.06726 -0.08549 0.05441)
(0.06504 -0.08232 0.06589)
(0.05867 -0.07569 0.09004)
(0.05463 -0.07322 0.08090)
(0.05525 -0.06968 0.08363)
(0.04735 -0.05698 0.08004)
(0.05365 -0.05621 0.06988)
(0.05427 -0.05323 0.06236)
(0.05213 -0.04954 0.05494)
(0.04128 -0.03647 0.03403)
(0.00961 -0.00804 0.00644)
(0.00198 0.00027 -0.00209)
(0.00473 0.00080 -0.00564)
(0.02562 0.00436 -0.03883)
(0.02075 0.00295 -0.05079)
(0.01140 0.00411 -0.06022)
(0.01148 0.00057 -0.06310)
(0.00288 -0.00030 -0.06907)
(-0.00346 -0.00135 -0.07296)
(-0.00782 0.00041 -0.07558)
(-0.00847 0.00023 -0.07500)
(-0.02055 0.00269 -0.07779)
(-0.03332 0.00345 -0.08078)
(-0.03408 0.00483 -0.07817)
(-0.04344 0.00745 -0.07917)
(-0.04707 0.01093 -0.08056)
(-0.06618 0.00835 -0.08452)
(-0.06970 0.00793 -0.08643)
(-0.06939 0.00666 -0.09407)
(-0.07822 0.00600 -0.10281)
(-0.07617 -0.00386 -0.11467)
(-0.08681 0.00355 -0.11355)
(-0.07767 -0.00575 -0.12774)
(-0.07638 -0.00396 -0.12723)
(-0.06838 -0.01040 -0.13332)
(-0.06911 -0.00752 -0.13055)
(-0.06625 -0.01038 -0.12815)
(-0.05920 -0.00625 -0.12375)
(-0.04877 -0.01277 -0.11950)
(-0.03839 -0.01957 -0.11489)
(-0.02441 -0.02621 -0.10685)
(-0.01239 -0.03501 -0.10306)
(-0.00167 -0.04102 -0.09863)
(0.01422 -0.04601 -0.08597)
(0.02345 -0.04572 -0.07651)
(0.03099 -0.05065 -0.07101)
(0.04224 -0.05203 -0.05603)
(0.05188 -0.05410 -0.04491)
(0.05430 -0.05968 -0.03754)
(0.06311 -0.06519 -0.02250)
(0.06172 -0.07048 -0.00617)
(0.06268 -0.07519 0.01252)
(0.06445 -0.08130 0.03619)
(0.05837 -0.07799 0.06464)
(0.05433 -0.07656 0.05243)
(0.05907 -0.07849 0.08023)
(0.04702 -0.06718 0.07545)
(0.04440 -0.06185 0.08256)
(0.04137 -0.05531 0.07947)
(0.04666 -0.05185 0.07008)
(0.04447 -0.04796 0.05875)
(0.02494 -0.03064 0.04054)
(0.01251 -0.01544 0.01991)
(0.00472 -0.00582 0.00737)
(0.00136 0.00036 -0.00181)
(0.01605 0.00592 -0.03822)
(0.01385 0.00562 -0.05836)
(0.00475 0.00623 -0.06762)
(0.00378 0.00576 -0.06859)
(0.00188 0.00496 -0.07039)
(-0.00045 -0.00042 -0.07462)
(-0.00237 0.00442 -0.07459)
(-0.00724 0.00164 -0.07838)
(-0.01323 0.00127 -0.08260)
(-0.02790 -0.00019 -0.08333)
(-0.03556 0.00494 -0.08444)
(-0.04248 0.00575 -0.08198)
(-0.04427 0.00858 -0.07990)
(-0.05590 0.01110 -0.08219)
(-0.06547 0.00975 -0.08493)
(-0.08425 0.01166 -0.08972)
(-0.08487 0.01135 -0.09311)
(-0.08206 0.00384 -0.10633)
(-0.09648 0.01100 -0.10895)
(-0.08921 0.00520 -0.11862)
(-0.08836 0.00456 -0.12055)
(-0.07931 -0.00465 -0.12836)
(-0.08948 0.00246 -0.12216)
(-0.07272 -0.00957 -0.13042)
(-0.06705 -0.01156 -0.12749)
(-0.05895 -0.00767 -0.12424)
(-0.05035 -0.01633 -0.12067)
(-0.03457 -0.03036 -0.11570)
(-0.02799 -0.02817 -0.11198)
(-0.02928 -0.03443 -0.11437)
(-0.01203 -0.03692 -0.10496)
(0.00229 -0.04820 -0.10211)
(0.01034 -0.05185 -0.09917)
(0.01450 -0.04982 -0.09259)
(0.02314 -0.04910 -0.08245)
(0.03097 -0.04823 -0.07399)
(0.04089 -0.05718 -0.06123)
(0.04161 -0.05446 -0.06069)
(0.04781 -0.05858 -0.05234)
(0.05271 -0.05769 -0.04245)
(0.05926 -0.06520 -0.02602)
(0.05633 -0.06508 -0.03018)
(0.05613 -0.06981 -0.01588)
(0.05552 -0.07009 -0.00835)
(0.05645 -0.07452 0.02434)
(0.05241 -0.07493 0.04521)
(0.05198 -0.07478 0.07114)
(0.04781 -0.07338 0.05762)
(0.04339 -0.06973 0.07782)
(0.02169 -0.05455 0.07707)
(0.03553 -0.05824 0.07762)
(0.02008 -0.05037 0.07481)
(0.03587 -0.04885 0.06554)
(0.03408 -0.04523 0.05887)
(0.01842 -0.04928 0.07400)
(0.02625 -0.03551 0.04575)
(0.00366 -0.00704 0.00917)
(0.00034 0.00013 -0.00058)
(0.00987 0.00423 -0.03765)
(0.00176 0.00580 -0.05312)
(0.00106 0.00635 -0.07137)
(-0.00102 0.00516 -0.07323)
(-0.00299 0.00629 -0.07430)
(-0.00451 0.00539 -0.07578)
(-0.01528 0.00484 -0.08347)
(-0.02806 0.00578 -0.08672)
(-0.04401 0.00619 -0.08649)
(-0.04443 0.00904 -0.08460)
(-0.06012 0.01281 -0.08649)
(-0.06505 0.00897 -0.08697)
(-0.07241 0.01018 -0.08647)
(-0.09324 0.01458 -0.08944)
(-0.09340 0.01436 -0.09084)
(-0.09688 0.01485 -0.09171)
(-0.08526 0.00790 -0.10299)
(-0.10011 0.01334 -0.10685)
(-0.09782 0.01142 -0.11021)
(-0.09680 0.00861 -0.11216)
(-0.09136 0.00275 -0.11463)
(-0.08307 -0.00346 -0.12016)
(-0.07011 -0.01627 -0.11913)
(-0.06300 -0.01487 -0.12283)
(-0.06067 -0.01554 -0.11827)
(-0.03462 -0.03254 -0.11602)
(-0.03039 -0.03605 -0.11503)
(-0.02451 -0.03782 -0.11348)
(-0.00247 -0.05021 -0.10520)
(0.00971 -0.05357 -0.09791)
(0.01877 -0.05248 -0.08979)
(0.02857 -0.05760 -0.07825)
(0.04128 -0.06025 -0.06428)
(0.04604 -0.06205 -0.05292)
(0.04747 -0.06307 -0.05028)
(0.05240 -0.06535 -0.03601)
(0.05451 -0.06921 -0.01830)
(0.05404 -0.07072 -0.01378)
(0.05457 -0.07162 0.01722)
(0.05451 -0.07391 0.00745)
(0.05133 -0.07493 0.03534)
(0.03740 -0.07470 0.04942)
(0.04156 -0.07098 0.06514)
(0.03411 -0.07375 0.05510)
(0.02336 -0.05644 0.07146)
(0.01467 -0.05172 0.07636)
(0.01515 -0.04968 0.07493)
(0.02464 -0.04602 0.06077)
(0.01919 -0.03128 0.04214)
(0.01083 -0.04480 0.06939)
(0.00403 -0.00949 0.01283)
(0.00076 -0.00190 0.00256)
(-0.00042 -0.00028 0.00074)
(0.00226 0.00299 -0.02514)
(-0.00105 0.00738 -0.03592)
(-0.00207 0.00775 -0.07294)
(-0.00712 0.00715 -0.07617)
(-0.02744 0.01082 -0.08624)
(-0.03548 0.00921 -0.08643)
(-0.04753 0.00934 -0.08837)
(-0.06758 0.01446 -0.09025)
(-0.07348 0.01476 -0.09029)
(-0.07479 0.01482 -0.08931)
(-0.08034 0.01199 -0.08791)
(-0.09844 0.01511 -0.08952)
(-0.09764 0.01541 -0.09026)
(-0.10134 0.01656 -0.09080)
(-0.10409 0.01704 -0.09891)
(-0.10168 0.01446 -0.10731)
(-0.10244 0.01045 -0.10246)
(-0.10251 0.00840 -0.10303)
(-0.08915 0.00184 -0.11416)
(-0.08213 -0.00735 -0.11091)
(-0.06807 -0.01770 -0.11626)
(-0.06490 -0.02031 -0.11581)
(-0.04645 -0.03205 -0.11390)
(-0.03151 -0.03793 -0.11460)
(-0.02604 -0.03915 -0.11415)
(-0.00756 -0.05519 -0.10125)
(0.00063 -0.05713 -0.09595)
(0.01441 -0.05840 -0.08220)
(0.01438 -0.06563 -0.08403)
(0.02447 -0.06496 -0.07365)
(0.03190 -0.06545 -0.06626)
(0.04436 -0.06646 -0.05386)
(0.04513 -0.06420 -0.05364)
(0.04625 -0.06526 -0.05054)
(0.04673 -0.06622 -0.04779)
(0.04677 -0.06907 -0.02877)
(0.05299 -0.06959 -0.01991)
(0.05180 -0.07060 -0.01575)
(0.04972 -0.07811 -0.00137)
(0.04583 -0.07541 0.01929)
(0.04227 -0.07538 0.01788)
(0.03518 -0.07510 0.04611)
(0.03196 -0.07428 0.05200)
(0.02910 -0.06707 0.06288)
(0.02855 -0.07336 0.05670)
(0.01195 -0.05254 0.07711)
(0.01192 -0.05026 0.07584)
(0.00915 -0.05154 0.07682)
(0.00565 -0.04114 0.06476)
(0.00391 -0.02364 0.03520)
(0.00003 -0.00394 0.00614)
(0.00037 0.00227 -0.00359)
(-0.00060 -0.00145 0.00421)
(-0.00043 0.00067 -0.00181)
(-0.00510 0.00701 -0.02643)
(-0.01309 0.01287 -0.07464)
(-0.03102 0.01306 -0.08263)
(-0.02744 0.01171 -0.08494)
(-0.05211 0.01173 -0.09092)
(-0.04672 0.01071 -0.09233)
(-0.06279 0.01259 -0.09148)
(-0.07143 0.01458 -0.09155)
(-0.07697 0.01526 -0.09114)
(-0.07921 0.01527 -0.09018)
(-0.09305 0.01775 -0.09038)
(-0.09342 0.01523 -0.08816)
(-0.10671 0.01831 -0.08822)
(-0.10240 0.01657 -0.08992)
(-0.10588 0.01820 -0.09017)
(-0.11119 0.01872 -0.09236)
(-0.11634 0.02387 -0.09029)
(-0.11330 0.02098 -0.09724)
(-0.12945 0.02867 -0.09259)
(-0.11057 0.01350 -0.09686)
(-0.10119 0.00412 -0.10039)
(-0.09448 0.00095 -0.10493)
(-0.09125 -0.00337 -0.10261)
(-0.06950 -0.01804 -0.11378)
(-0.06568 -0.02168 -0.11360)
(-0.05471 -0.03030 -0.11051)
(-0.03865 -0.04707 -0.10238)
(-0.02772 -0.04053 -0.11394)
(-0.03069 -0.05339 -0.10159)
(-0.01863 -0.05036 -0.10356)
(-0.00466 -0.06187 -0.09754)
(0.00351 -0.06406 -0.08630)
(0.02237 -0.06666 -0.07342)
(0.02509 -0.06785 -0.07009)
(0.03204 -0.07248 -0.05596)
(0.04096 -0.07284 -0.04686)
(0.04490 -0.06718 -0.05039)
(0.04522 -0.06810 -0.04712)
(0.04216 -0.07617 -0.03166)
(0.04369 -0.07718 -0.01926)
(0.04203 -0.08300 -0.00635)
(0.03951 -0.08212 0.00501)
(0.03177 -0.07724 0.03576)
(0.02661 -0.08131 0.02573)
(0.03075 -0.07572 0.04891)
(0.02756 -0.07487 0.05438)
(0.00233 -0.06899 0.07184)
(0.00763 -0.06080 0.06971)
(-0.00013 -0.06062 0.07718)
(0.00474 -0.04959 0.07628)
(-0.00329 -0.01530 0.02676)
(-0.00870 -0.01719 0.02957)
(-0.00013 -0.00031 0.00053)
(0.00196 -0.00304 0.00797)
(-0.01628 0.01363 -0.04316)
(-0.02571 0.01487 -0.07304)
(0.00296 -0.00354 0.00731)
(-0.00377 0.00444 -0.01029)
(-0.03730 0.01635 -0.07959)
(-0.04226 0.01254 -0.08468)
(-0.04698 0.01123 -0.08872)
(-0.06625 0.01514 -0.08693)
(-0.06623 0.01415 -0.09205)
(-0.07332 0.01416 -0.09361)
(-0.07695 0.01301 -0.09343)
(-0.08541 0.01677 -0.09141)
(-0.08830 0.01553 -0.09160)
(-0.08255 0.01625 -0.09068)
(-0.12054 0.02118 -0.09009)
(-0.12119 0.02433 -0.08766)
(-0.12072 0.02357 -0.08812)
(-0.13948 0.03093 -0.08456)
(-0.13832 0.03187 -0.08650)
(-0.13759 0.03099 -0.08489)
(-0.13138 0.03223 -0.08664)
(-0.13497 0.03270 -0.08847)
(-0.12317 0.02081 -0.09244)
(-0.11949 0.01549 -0.09148)
(-0.10049 0.00409 -0.09999)
(-0.09185 -0.00667 -0.09659)
(-0.07444 -0.01651 -0.10943)
(-0.06835 -0.02369 -0.10680)
(-0.05989 -0.03003 -0.10451)
(-0.04581 -0.04826 -0.09652)
(-0.04011 -0.05500 -0.09602)
(-0.02716 -0.05605 -0.09288)
(-0.01281 -0.06387 -0.09165)
(-0.00500 -0.07064 -0.07338)
(0.00307 -0.07161 -0.06635)
(0.01161 -0.06688 -0.07494)
(0.02005 -0.06768 -0.06930)
(0.02353 -0.07222 -0.05325)
(0.03015 -0.07544 -0.04386)
(0.03660 -0.08274 -0.03413)
(0.04246 -0.07632 -0.04145)
(0.04269 -0.08055 -0.03444)
(0.03691 -0.08258 -0.02141)
(0.03721 -0.08589 -0.01488)
(0.04146 -0.08481 -0.01020)
(0.03390 -0.08490 0.00261)
(0.03589 -0.08609 -0.00122)
(0.02803 -0.08773 0.02367)
(0.02776 -0.07863 0.04213)
(0.02440 -0.08837 0.03202)
(0.01659 -0.08545 0.04926)
(0.02773 -0.07742 0.05140)
(0.01316 -0.07554 0.06631)
(-0.00338 -0.07050 0.07563)
(-0.01204 -0.06701 0.08185)
(-0.00995 -0.06273 0.07889)
(-0.01009 -0.02171 0.03477)
(0.00090 0.00139 -0.00251)
(-0.00124 -0.00230 0.00380)
(-0.00275 0.00159 -0.00537)
(-0.02245 0.01107 -0.04490)
(-0.04575 0.01266 -0.05491)
(-0.06964 0.01754 -0.08257)
(-0.07606 0.01660 -0.08466)
(-0.08263 0.01757 -0.08991)
(-0.09917 0.01657 -0.08936)
(-0.11506 0.02271 -0.09164)
(-0.13278 0.02127 -0.09143)
(-0.13732 0.02823 -0.08723)
(-0.14544 0.03185 -0.08523)
(-0.14494 0.03551 -0.08420)
(-0.16065 0.04075 -0.07753)
(-0.14926 0.03730 -0.08305)
(-0.15336 0.03796 -0.07880)
(-0.13034 0.02210 -0.08517)
(-0.12692 0.01600 -0.08021)
(-0.12082 0.01190 -0.08160)
(-0.11720 0.00711 -0.08079)
(-0.08794 -0.01173 -0.09613)
(-0.09886 -0.00978 -0.08169)
(-0.07489 -0.02357 -0.09359)
(-0.06276 -0.03770 -0.09082)
(-0.05658 -0.04314 -0.08895)
(-0.04628 -0.05612 -0.08403)
(-0.04166 -0.06105 -0.07325)
(-0.03505 -0.05684 -0.08557)
(-0.02545 -0.06631 -0.07039)
(-0.01784 -0.06842 -0.06930)
(-0.01112 -0.07457 -0.05734)
(-0.00007 -0.07485 -0.04974)
(0.00596 -0.07476 -0.05502)
(0.01477 -0.07648 -0.04717)
(0.01834 -0.08019 -0.03909)
(0.02618 -0.08078 -0.03349)
(0.03501 -0.09019 -0.02691)
(0.03823 -0.08407 -0.03120)
(0.03550 -0.08582 -0.01939)
(0.03690 -0.08684 -0.01532)
(0.03210 -0.09136 -0.00006)
(0.02627 -0.10000 0.01532)
(0.02995 -0.09441 0.01429)
(0.02473 -0.09087 0.03087)
(0.01870 -0.09440 0.04207)
(0.00298 -0.08723 0.06032)
(-0.00794 -0.07158 0.07397)
(-0.00253 -0.08192 0.07137)
(-0.01136 -0.07190 0.08051)
(-0.01278 -0.07142 0.08112)
(-0.01314 -0.04928 0.06084)
(-0.00949 -0.01890 0.02763)
(0.00089 0.00126 -0.00189)
(0.00298 0.00523 -0.00875)
(-0.00520 0.00153 -0.00637)
(-0.02353 0.00677 -0.02853)
(-0.03381 0.00854 -0.03847)
(-0.07324 0.01750 -0.08201)
(-0.08049 0.01729 -0.08368)
(-0.09380 0.01879 -0.08692)
(-0.07933 0.01748 -0.08281)
(-0.11571 0.02333 -0.08717)
(-0.12068 0.02154 -0.08931)
(-0.13204 0.02151 -0.09135)
(-0.13551 0.02655 -0.08849)
(-0.13753 0.02400 -0.09040)
(-0.14652 0.02956 -0.08640)
(-0.16092 0.03748 -0.07992)
(-0.16081 0.04188 -0.07979)
(-0.16982 0.04455 -0.07198)
(-0.16610 0.04269 -0.07245)
(-0.16649 0.04191 -0.07112)
(-0.14712 0.03017 -0.07781)
(-0.12994 0.01569 -0.07804)
(-0.12422 0.01208 -0.07921)
(-0.12118 0.00808 -0.07831)
(-0.11570 0.00291 -0.07827)
(-0.07997 -0.02730 -0.08369)
(-0.07311 -0.03240 -0.08548)
(-0.06316 -0.05107 -0.07260)
(-0.05752 -0.05989 -0.06876)
(-0.04897 -0.06164 -0.06796)
(-0.03451 -0.07141 -0.05698)
(-0.03266 -0.07259 -0.05347)
(-0.03106 -0.07375 -0.04948)
(-0.00678 -0.07905 -0.04205)
(0.00114 -0.07607 -0.04577)
(0.01141 -0.08274 -0.03814)
(0.01900 -0.08596 -0.02418)
(0.02611 -0.08831 -0.02038)
(0.02748 -0.09687 -0.00703)
(0.03339 -0.09466 -0.01482)
(0.02814 -0.09808 -0.00566)
(0.02753 -0.09593 -0.00378)
(0.03015 -0.09505 0.00132)
(0.02710 -0.10111 0.01411)
(0.02578 -0.10273 0.01860)
(0.02520 -0.10185 0.01990)
(0.02470 -0.10470 0.02320)
(0.01927 -0.10361 0.03259)
(0.01009 -0.10211 0.05261)
(0.00583 -0.11340 0.06433)
(-0.00054 -0.09289 0.06618)
(-0.00830 -0.08274 0.07397)
(-0.01805 -0.07881 0.08008)
(-0.01581 -0.06267 0.06468)
(-0.01465 -0.03762 0.04606)
(-0.00332 -0.00640 0.00786)
(0.00267 0.00353 -0.00500)
(-0.00884 0.00229 -0.01019)
(-0.00835 0.00198 -0.00907)
(-0.05282 0.01217 -0.05604)
(-0.08492 0.01832 -0.08221)
(-0.11516 0.02327 -0.08657)
(-0.12663 0.03308 -0.08128)
(-0.12647 0.03314 -0.08179)
(-0.14920 0.03898 -0.08037)
(-0.16136 0.04290 -0.07585)
(-0.16912 0.05260 -0.07078)
(-0.17060 0.04888 -0.07656)
(-0.17365 0.04589 -0.07071)
(-0.17074 0.04440 -0.07038)
(-0.17063 0.04315 -0.06890)
(-0.16647 0.04022 -0.06960)
(-0.15355 0.02556 -0.06665)
(-0.12818 0.01240 -0.07669)
(-0.12588 0.00898 -0.07551)
(-0.11262 -0.00855 -0.06985)
(-0.08751 -0.03105 -0.07160)
(-0.07430 -0.04094 -0.07358)
(-0.06169 -0.06614 -0.05732)
(-0.05955 -0.06832 -0.05577)
(-0.05810 -0.07039 -0.05358)
(-0.03723 -0.07228 -0.05302)
(-0.04436 -0.07264 -0.04789)
(-0.03566 -0.07371 -0.04967)
(-0.03385 -0.07493 -0.04613)
(-0.01911 -0.08249 -0.03117)
(-0.01305 -0.08724 -0.02271)
(-0.00657 -0.08783 -0.02523)
(0.00283 -0.07708 -0.04299)
(0.01207 -0.08779 -0.02286)
(0.00450 -0.09447 -0.00887)
(0.01827 -0.08722 -0.02122)
(0.02663 -0.09720 -0.00603)
(0.02717 -0.09846 -0.00446)
(0.02777 -0.09982 -0.00297)
(0.02632 -0.10398 0.00496)
(0.02773 -0.10188 0.01362)
(0.02640 -0.10347 0.01744)
(0.02576 -0.10446 0.01807)
(0.02503 -0.10503 0.02196)
(0.01337 -0.11014 0.04810)
(0.01875 -0.11687 0.03965)
(0.00924 -0.11775 0.05727)
(-0.00044 -0.11130 0.06900)
(0.00628 -0.11828 0.06487)
(-0.00868 -0.11562 0.08228)
(-0.01124 -0.10631 0.08107)
(-0.00991 -0.02935 0.03149)
(-0.00503 -0.03698 0.02932)
(-0.00177 -0.00492 0.00536)
(-0.04627 0.01019 -0.04550)
(-0.01176 0.00263 -0.01184)
(-0.05698 0.01546 -0.03955)
(-0.12396 0.03040 -0.08142)
(-0.14166 0.03935 -0.07793)
(-0.14159 0.03878 -0.07884)
(-0.15832 0.04659 -0.07433)
(-0.16606 0.05150 -0.07096)
(-0.17047 0.05406 -0.06924)
(-0.17695 0.05506 -0.07133)
(-0.18276 0.05473 -0.06572)
(-0.17511 0.04562 -0.06711)
(-0.17168 0.03939 -0.06413)
(-0.13763 0.00922 -0.06434)
(-0.13756 0.00176 -0.05975)
(-0.11515 -0.01588 -0.06022)
(-0.09383 -0.02893 -0.06608)
(-0.08535 -0.03860 -0.06540)
(-0.06554 -0.06275 -0.05705)
(-0.06138 -0.06904 -0.05280)
(-0.05950 -0.07166 -0.05034)
(-0.05253 -0.07472 -0.04145)
(-0.03828 -0.07525 -0.04585)
(-0.04651 -0.08364 -0.02907)
(-0.04398 -0.08273 -0.02757)
(-0.03642 -0.07643 -0.04293)
(-0.03163 -0.08522 -0.02669)
(-0.02282 -0.09096 -0.01749)
(-0.01509 -0.09577 -0.00748)
(-0.00453 -0.09667 -0.00513)
(0.00628 -0.09971 0.00005)
(0.01099 -0.09337 -0.00940)
(0.01200 -0.09694 0.00001)
(0.02040 -0.09551 -0.00297)
(0.02616 -0.09861 -0.00342)
(0.02613 -0.09998 -0.00123)
(0.02612 -0.10151 0.00099)
(0.02719 -0.10168 0.00006)
(0.02522 -0.10820 0.01164)
(0.02367 -0.11489 0.02548)
(0.02556 -0.10561 0.02076)
(0.02215 -0.12007 0.03345)
(0.01661 -0.12298 0.04358)
(0.01117 -0.12317 0.05529)
(0.00888 -0.12823 0.06570)
(-0.00234 -0.11947 0.07582)
(-0.00883 -0.09514 0.06954)
(-0.00493 -0.08767 0.05908)
(-0.00749 -0.07362 0.05448)
(-0.00249 -0.02014 0.01532)
(-0.00099 -0.00663 0.00533)
(-0.00073 0.00023 -0.00052)
(-0.01987 0.00621 -0.01405)
(-0.00495 0.00154 -0.00284)
(-0.09627 0.02539 -0.05327)
(-0.15565 0.04721 -0.07380)
(-0.08160 0.02851 -0.03833)
(-0.14810 0.04477 -0.07285)
(-0.16133 0.05688 -0.06700)
(-0.16876 0.05387 -0.06880)
(-0.18446 0.05931 -0.06238)
(-0.18030 0.05703 -0.06710)
(-0.18539 0.05550 -0.05943)
(-0.18512 0.05510 -0.05992)
(-0.19082 0.05272 -0.05574)
(-0.17776 0.03794 -0.05749)
(-0.16705 0.02451 -0.05380)
(-0.15336 0.00662 -0.05238)
(-0.15326 0.00456 -0.05140)
(-0.12789 -0.01684 -0.04956)
(-0.09885 -0.03512 -0.05552)
(-0.10899 -0.03319 -0.04839)
(-0.08907 -0.04200 -0.05561)
(-0.08198 -0.05436 -0.04883)
(-0.06828 -0.06627 -0.04654)
(-0.06059 -0.07614 -0.04164)
(-0.06096 -0.07475 -0.03087)
(-0.05189 -0.09371 -0.01901)
(-0.04957 -0.09843 -0.01271)
(-0.04023 -0.10053 -0.00451)
(-0.03621 -0.09752 -0.00888)
(-0.02745 -0.09565 -0.00375)
(-0.03716 -0.10099 -0.00227)
(-0.02494 -0.09600 0.00094)
(-0.01449 -0.09891 0.00070)
(-0.00171 -0.09961 0.00821)
(0.00615 -0.09997 0.00364)
(0.01406 -0.10394 0.01251)
(0.01508 -0.10439 0.01401)
(0.02308 -0.10607 0.01218)
(0.02311 -0.11190 0.02371)
(0.02222 -0.11532 0.02387)
(0.02298 -0.11920 0.03077)
(0.02199 -0.12282 0.03460)
(0.02138 -0.12087 0.03737)
(0.01643 -0.12744 0.05242)
(0.01205 -0.13342 0.06216)
(0.00823 -0.13244 0.06617)
(0.00224 -0.12584 0.07394)
(-0.00017 -0.09847 0.05942)
(-0.00048 -0.09066 0.05552)
(-0.00154 -0.02697 0.01822)
(-0.00155 -0.01811 0.01328)
(0.02280 -0.00893 0.01226)
(-0.00258 0.00096 -0.00130)
(-0.12328 0.04460 -0.04922)
(0.00175 -0.00071 0.00074)
(-0.03967 0.01591 -0.01661)
(-0.15946 0.05933 -0.05298)
(-0.17879 0.06492 -0.05868)
(-0.18509 0.06424 -0.05565)
(-0.17855 0.06560 -0.05636)
(-0.18064 0.06540 -0.05645)
(-0.18982 0.05735 -0.05375)
(-0.18445 0.04943 -0.05144)
(-0.17894 0.03906 -0.05244)
(-0.16730 0.02331 -0.04924)
(-0.15147 0.00855 -0.04983)
(-0.14280 0.00113 -0.04630)
(-0.12442 -0.02398 -0.03923)
(-0.10513 -0.04291 -0.03435)
(-0.09715 -0.04625 -0.04231)
(-0.09921 -0.04793 -0.03315)
(-0.08141 -0.05953 -0.04075)
(-0.07197 -0.06908 -0.03791)
(-0.06849 -0.07748 -0.02722)
(-0.06415 -0.07803 -0.02056)
(-0.05778 -0.09006 -0.01193)
(-0.05407 -0.09780 -0.00650)
(-0.04508 -0.10797 0.00218)
(-0.04029 -0.11097 0.01051)
(-0.03226 -0.12299 0.02634)
(-0.02558 -0.10376 0.00326)
(-0.01925 -0.10343 0.00952)
(-0.02496 -0.12005 0.02366)
(-0.01497 -0.11499 0.02437)
(-0.00792 -0.10850 0.02001)
(-0.00253 -0.11092 0.02588)
(-0.00435 -0.11589 0.03229)
(-0.00127 -0.11539 0.03262)
(0.00536 -0.11424 0.02703)
(0.01361 -0.10543 0.01612)
(0.00926 -0.11075 0.02528)
(0.01685 -0.11051 0.02815)
(0.02124 -0.11006 0.02805)
(0.01822 -0.11260 0.03465)
(0.01944 -0.12179 0.03621)
(0.02046 -0.12444 0.04196)
(0.02114 -0.12395 0.03746)
(0.01384 -0.13318 0.06052)
(0.01441 -0.13357 0.05813)
(0.00273 -0.12582 0.07361)
(0.00029 -0.10902 0.06896)
(-0.00091 -0.06648 0.04348)
(-0.00077 -0.03718 0.02406)
(-0.00103 -0.01434 0.00969)
(0.00030 0.00339 -0.00244)
(0.00142 0.01352 -0.00965)
(0.00084 0.00944 -0.00680)
(0.02090 -0.00859 0.00882)
(-0.00959 0.00371 -0.00322)
(-0.08635 0.03275 -0.02887)
(0.02570 -0.01055 0.00903)
(-0.05643 0.02163 -0.01819)
(-0.14404 0.05389 -0.04594)
(-0.17933 0.05977 -0.05134)
(-0.13309 0.04915 -0.04102)
(-0.16918 0.06187 -0.05175)
(-0.17204 0.04712 -0.04593)
(-0.17385 0.04063 -0.04612)
(-0.15068 0.01274 -0.03958)
(-0.15008 0.00706 -0.04266)
(-0.13655 -0.00285 -0.03588)
(-0.13108 -0.01239 -0.03829)
(-0.10435 -0.04433 -0.03234)
(-0.09975 -0.04826 -0.03105)
(-0.09548 -0.05239 -0.02971)
(-0.09445 -0.05263 -0.03191)
(-0.08028 -0.06386 -0.03132)
(-0.06977 -0.07642 -0.02276)
(-0.07076 -0.07278 -0.02000)
(-0.06210 -0.08827 -0.01134)
(-0.05473 -0.10220 0.00205)
(-0.04891 -0.11131 0.00848)
(-0.03989 -0.12564 0.02458)
(-0.03414 -0.13021 0.03179)
(-0.03165 -0.13061 0.03331)
(-0.02487 -0.12776 0.03055)
(-0.00587 -0.11831 0.03517)
(-0.00339 -0.11811 0.03554)
(-0.00269 -0.12002 0.03863)
(-0.00056 -0.11784 0.03709)
(0.00561 -0.11759 0.03691)
(0.01083 -0.12130 0.04258)
(0.01132 -0.12782 0.05105)
(0.01451 -0.12282 0.04874)
(0.01734 -0.12198 0.04258)
(0.01533 -0.13222 0.05904)
(0.01448 -0.13153 0.05940)
(0.01382 -0.13257 0.06175)
(0.01550 -0.13170 0.06294)
(0.00845 -0.10479 0.05880)
(0.00009 -0.05869 0.03786)
(-0.00037 -0.02914 0.01921)
(0.00003 0.00096 -0.00065)
(0.00024 0.01142 -0.00768)
(0.00042 0.01460 -0.00985)
(0.00048 -0.00019 0.00015)
(0.00575 -0.00234 0.00185)
(-0.03661 0.01391 -0.01146)
(-0.12874 0.04225 -0.03449)
(-0.04925 0.01773 -0.01341)
(-0.15698 0.03986 -0.04140)
(-0.16668 0.03789 -0.04486)
(-0.14350 0.00798 -0.03600)
(-0.14633 0.02159 -0.03701)
(-0.13791 0.00265 -0.03520)
(-0.13628 -0.00028 -0.03509)
(-0.12987 -0.00772 -0.03365)
(-0.10875 -0.03452 -0.02853)
(-0.09902 -0.04857 -0.02894)
(-0.09558 -0.05200 -0.02769)
(-0.09196 -0.05614 -0.02596)
(-0.09156 -0.05671 -0.02816)
(-0.07183 -0.07753 -0.01583)
(-0.06488 -0.09044 -0.00487)
(-0.06194 -0.09464 -0.00097)
(-0.05534 -0.10654 0.00854)
(-0.04867 -0.11918 0.01768)
(-0.04742 -0.12075 0.01946)
(-0.03543 -0.13238 0.03368)
(-0.03292 -0.13322 0.03538)
(-0.03163 -0.13612 0.03883)
(-0.02984 -0.13522 0.03870)
(-0.02199 -0.13247 0.04139)
(-0.00489 -0.12087 0.03866)
(-0.01424 -0.13988 0.05027)
(-0.00410 -0.12347 0.04226)
(-0.00205 -0.12189 0.04180)
(0.00463 -0.12930 0.05340)
(0.00977 -0.13203 0.05779)
(0.01134 -0.13024 0.05510)
(0.01143 -0.13178 0.05780)
(0.01097 -0.14233 0.07587)
(0.01102 -0.14219 0.07450)
(0.01011 -0.13482 0.07243)
(0.00589 -0.08138 0.04471)
(0.00298 -0.04319 0.02400)
(0.00038 -0.02299 0.01468)
(-0.00002 -0.00161 0.00107)
(-0.00005 0.01024 -0.00687)
(0.00014 0.01195 -0.00801)
(-0.01131 0.00414 -0.00311)
(-0.02760 0.00845 -0.00757)
(-0.07574 0.02281 -0.02059)
(-0.02665 0.00555 -0.00747)
(-0.09425 0.01377 -0.02397)
(-0.12217 0.00335 -0.03108)
(-0.05158 0.00415 -0.01296)
(-0.07625 -0.00105 -0.01945)
(-0.13056 -0.00222 -0.03342)
(-0.12656 -0.00840 -0.03223)
(-0.11104 -0.02919 -0.02778)
(-0.10831 -0.03000 -0.02581)
(-0.09629 -0.04578 -0.02369)
(-0.09442 -0.05245 -0.02617)
(-0.08845 -0.05095 -0.01635)
(-0.07837 -0.06681 -0.00891)
(-0.07093 -0.07823 -0.00771)
(-0.06669 -0.08596 -0.00447)
(-0.06401 -0.09056 0.00544)
(-0.05978 -0.10394 0.01071)
(-0.05124 -0.12029 0.01871)
(-0.05116 -0.12054 0.02023)
(-0.05022 -0.12394 0.02305)
(-0.05103 -0.12382 0.02343)
(-0.04986 -0.12283 0.02485)
(-0.03876 -0.13072 0.03309)
(-0.04289 -0.13319 0.03852)
(-0.03397 -0.13676 0.03853)
(-0.03095 -0.13862 0.04153)
(-0.02480 -0.14395 0.04978)
(-0.01493 -0.15088 0.06052)
(-0.00891 -0.13909 0.05695)
(-0.01095 -0.15479 0.07018)
(-0.00582 -0.15032 0.06861)
(-0.00033 -0.14357 0.06726)
(0.00132 -0.14217 0.06639)
(0.00419 -0.11879 0.05722)
(0.00622 -0.10572 0.05398)
(0.00827 -0.11226 0.06061)
(0.00803 -0.10701 0.05859)
(0.00326 -0.04204 0.02374)
(0.00235 -0.03247 0.01825)
(0.00165 -0.02390 0.01348)
(-0.00031 0.00474 -0.00270)
(-0.00521 0.00110 -0.00147)
(-0.01457 0.00162 -0.00393)
(-0.01428 0.00013 -0.00357)
(-0.00657 -0.00088 -0.00151)
(-0.01418 -0.00544 -0.00234)
(-0.06856 -0.02080 -0.01443)
(-0.07333 -0.03318 -0.01318)
(-0.01980 -0.01200 -0.00262)
(-0.03621 -0.02027 -0.00532)
(-0.05135 -0.03469 -0.00778)
(-0.07206 -0.06086 -0.00301)
(-0.04555 -0.03829 -0.00143)
(-0.06301 -0.07086 0.00194)
(-0.06441 -0.08953 0.00714)
(-0.05542 -0.07126 0.01032)
(-0.05716 -0.10372 0.01886)
(-0.05413 -0.11195 0.02294)
(-0.05090 -0.12332 0.02870)
(-0.04918 -0.12693 0.04246)
(-0.04453 -0.13392 0.04747)
(-0.04265 -0.13511 0.04877)
(-0.03981 -0.13096 0.04862)
(-0.02907 -0.14130 0.06065)
(-0.03353 -0.14537 0.05115)
(-0.02524 -0.15379 0.06285)
(-0.01520 -0.09515 0.04201)
(-0.01434 -0.12560 0.05299)
(-0.00410 -0.10405 0.05098)
(-0.00437 -0.11170 0.05301)
(-0.00154 -0.03630 0.01775)
(-0.00147 -0.04537 0.02269)
(0.00042 -0.03157 0.01609)
(0.00215 -0.04920 0.02499)
(-0.00011 0.00232 -0.00123)
(0.00082 -0.01221 0.00671)
(0.00046 -0.00660 0.00389)
(0.01587 0.00528 0.00267)
(0.01226 0.00741 0.00157)
(-0.01201 -0.00840 -0.00037)
(0.01075 0.00749 0.00026)
(0.00346 0.00349 -0.00046)
(-0.02477 -0.02073 -0.00059)
(-0.02114 -0.02631 0.00506)
(0.00037 0.00043 -0.00012)
(0.00029 0.00038 -0.00011)
(-0.02068 -0.02966 0.00648)
(-0.03401 -0.05948 0.01505)
(-0.00755 -0.01271 0.00417)
(-0.01840 -0.03929 0.01706)
(-0.03061 -0.06973 0.03052)
(-0.01047 -0.02407 0.01081)
(-0.01568 -0.04956 0.02077)
(-0.01598 -0.06092 0.02646)
(-0.01873 -0.09214 0.03991)
(-0.00194 -0.00819 0.00371)
(-0.00345 -0.01570 0.00718)
(0.00036 0.00217 -0.00107)
(-0.00981 -0.06190 0.02757)
(-0.00463 -0.03607 0.01734)
(0.00199 0.01834 -0.00908)
(0.00034 0.00986 -0.00493)
(0.00014 0.01914 -0.00990)
(-0.00081 0.02257 -0.01172)
(-0.00229 -0.00492 0.00219)
(-0.00375 -0.00864 0.00392)
(-0.00319 -0.00877 0.00410)
(0.00110 0.00451 -0.00218)
)