/*--------------------------------*- C++ -*----------------------------------*\ 
| =========                 |                                                 | 
| \\      /  F ield         | OpenFOAM: The Open Source CFD Toolbox           | 
|  \\    /   O peration     | Version:  4.0                                   | 
|   \\  /    A nd           | Web:      www.OpenFOAM.org                      | 
|    \\/     M anipulation  |                                                 | 
\*---------------------------------------------------------------------------*/ 
FoamFile 
{ 
    version     2.0; 
    format      ascii; 
    class       vectorAverageField; 
    object      values; 
} 
// * * * * * * * * * * * * * * * * * * * * * * * * * * * * * * * * * * * * * // 
 
// Average 
(0 0 0) 
 
// Velocity data on points 
2447
(
(0.00339 -0.00057 -0.00144)
(-0.00195 0.00003 0.00071)
(-0.00515 -0.00131 0.00226)
(-0.00195 -0.00076 0.00041)
(0.00273 0.00113 -0.00080)
(-0.01095 -0.00398 0.00515)
(-0.00459 -0.00196 0.00140)
(-0.00884 -0.00779 -0.00011)
(-0.00101 -0.00084 -0.00001)
(0.00143 0.00118 0.00009)
(-0.00583 -0.00514 -0.00042)
(-0.00116 -0.00102 -0.00015)
(0.00108 0.00044 -0.00008)
(-0.00418 -0.00459 -0.00093)
(-0.00025 -0.00002 0.00001)
(0.00076 -0.00004 -0.00013)
(-0.00246 -0.00007 0.00031)
(-0.00012 0.00002 0.00004)
(0.00056 -0.00048 -0.00080)
(-0.00011 0.00009 0.00016)
(0.00793 -0.00347 -0.00229)
(-0.00161 0.00061 0.00063)
(0.00138 -0.00052 -0.00050)
(0.00056 -0.00017 -0.00026)
(-0.02105 0.00585 0.01239)
(-0.01805 0.00260 0.00939)
(-0.02082 -0.00014 0.00997)
(-0.02080 -0.00458 0.01046)
(-0.03724 -0.00265 0.02131)
(-0.03616 -0.00799 0.01841)
(-0.02601 -0.00969 0.01261)
(-0.01633 -0.01161 0.00301)
(-0.02366 -0.01585 0.00789)
(-0.01838 -0.01688 -0.00032)
(-0.01477 -0.01383 -0.00123)
(-0.01121 -0.01102 -0.00177)
(-0.01923 -0.01847 -0.00178)
(-0.01716 -0.01775 -0.00310)
(-0.01213 -0.01590 -0.00407)
(-0.00799 -0.00951 -0.00212)
(-0.00609 -0.00423 -0.00119)
(-0.01105 -0.01681 -0.00951)
(-0.01052 -0.01449 -0.00798)
(-0.00536 -0.00520 -0.00271)
(-0.00289 -0.00085 0.00032)
(-0.00347 -0.00541 -0.00141)
(-0.00160 0.00103 0.00340)
(-0.00051 0.00027 0.00158)
(-0.00274 -0.00084 0.00391)
(-0.00025 0.00001 0.00176)
(0.00004 0.00002 -0.00039)
(0.00353 -0.00130 -0.00069)
(-0.00163 0.00061 0.00043)
(-0.00620 0.00238 0.00196)
(-0.01674 0.00542 0.00669)
(-0.04242 0.01325 0.01752)
(-0.03424 0.01153 0.01652)
(-0.04014 0.01085 0.02539)
(-0.04371 0.01067 0.02747)
(-0.04400 0.00507 0.02419)
(-0.03973 -0.00353 0.02324)
(-0.03467 -0.01341 0.01673)
(-0.03107 -0.01834 0.01212)
(-0.02557 -0.02020 0.00721)
(-0.02193 -0.02246 -0.00142)
(-0.02686 -0.02050 0.00686)
(-0.02533 -0.02393 0.00343)
(-0.02114 -0.02269 -0.00286)
(-0.01582 -0.02314 -0.00798)
(-0.01679 -0.02820 -0.01131)
(-0.00862 -0.02448 -0.01246)
(-0.00763 -0.02466 -0.01485)
(-0.00507 -0.02573 -0.01691)
(-0.00719 -0.01906 -0.01030)
(-0.00631 -0.01453 -0.00697)
(-0.00553 -0.00585 -0.00044)
(-0.00613 -0.01394 -0.00622)
(-0.00405 -0.00372 0.00587)
(-0.00270 -0.00095 0.01030)
(-0.00173 -0.00114 0.00806)
(-0.00633 -0.00731 0.00795)
(-0.00473 -0.00259 0.01130)
(-0.00116 -0.00129 0.00840)
(-0.00006 -0.00006 0.00064)
(-0.00077 -0.00327 0.00657)
(0.00053 0.00160 -0.00287)
(0.00100 0.00311 -0.00566)
(0.00016 -0.00004 0.00003)
(-0.00551 0.00159 0.00030)
(-0.01606 0.00519 0.00246)
(-0.02787 0.01025 0.00827)
(-0.04193 0.01231 0.00873)
(-0.04282 0.01542 0.01282)
(-0.05264 0.01691 0.01692)
(-0.05069 0.01553 0.02073)
(-0.05161 0.01551 0.02178)
(-0.04550 0.01078 0.02476)
(-0.04080 0.00945 0.02569)
(-0.04469 0.00919 0.02742)
(-0.04242 0.00835 0.02952)
(-0.04241 0.00470 0.02640)
(-0.03780 -0.00142 0.02480)
(-0.03628 -0.00917 0.02061)
(-0.03578 -0.01197 0.01830)
(-0.03466 -0.01593 0.01385)
(-0.02759 -0.02115 0.00643)
(-0.02651 -0.02860 -0.00402)
(-0.02431 -0.03085 -0.01177)
(-0.01877 -0.03013 -0.01602)
(-0.01417 -0.02772 -0.01510)
(-0.00842 -0.02620 -0.01605)
(-0.01097 -0.02760 -0.01710)
(-0.01049 -0.02757 -0.01836)
(-0.01285 -0.02849 -0.01794)
(-0.00808 -0.01090 0.00086)
(-0.00950 -0.02198 -0.01094)
(-0.00666 -0.00873 0.00651)
(-0.00720 -0.00772 0.01368)
(-0.00844 -0.01838 0.01763)
(-0.00814 -0.01803 0.01901)
(-0.00447 -0.01216 0.01742)
(-0.00134 -0.00383 0.00704)
(-0.00730 -0.01801 0.02568)
(-0.00582 -0.01450 0.02165)
(-0.00067 -0.00208 0.00385)
(-0.00022 -0.00092 0.00133)
(0.00316 -0.00030 0.00014)
(-0.00653 0.00130 -0.00067)
(-0.01620 0.00386 -0.00183)
(-0.03301 0.00825 -0.00008)
(-0.03627 0.00785 -0.00175)
(-0.03792 0.00949 0.00677)
(-0.04318 0.01193 0.01163)
(-0.04533 0.01424 0.01628)
(-0.04376 0.01204 0.01819)
(-0.03958 0.00865 0.02462)
(-0.04016 0.00880 0.02580)
(-0.04050 0.00873 0.02704)
(-0.03968 0.00829 0.02616)
(-0.04046 0.00827 0.02727)
(-0.04091 0.00394 0.02616)
(-0.03859 -0.00834 0.02155)
(-0.03787 -0.01056 0.01968)
(-0.03715 -0.01313 0.01722)
(-0.03429 -0.01687 0.01105)
(-0.03277 -0.02628 -0.00165)
(-0.02726 -0.03031 -0.00636)
(-0.02333 -0.03349 -0.01722)
(-0.02458 -0.03922 -0.02620)
(-0.02107 -0.03655 -0.02465)
(-0.02025 -0.03690 -0.02365)
(-0.01460 -0.03413 -0.02343)
(-0.01476 -0.03273 -0.02199)
(-0.01462 -0.03085 -0.02000)
(-0.01427 -0.02885 -0.01787)
(-0.01084 -0.02560 -0.00416)
(-0.00869 -0.01885 0.01614)
(-0.00867 -0.02021 0.01876)
(-0.00921 -0.02085 0.01668)
(-0.00884 -0.02109 0.02266)
(-0.01209 -0.02246 0.03392)
(-0.01163 -0.02168 0.03180)
(-0.00975 -0.02433 0.03176)
(-0.00525 -0.01468 0.02030)
(-0.00061 -0.00166 0.00222)
(-0.01031 -0.03279 0.04234)
(-0.00276 -0.00848 0.01052)
(-0.00016 -0.00049 0.00060)
(-0.00367 0.00012 -0.00009)
(-0.01113 0.00110 0.00052)
(-0.02653 0.00243 -0.00017)
(-0.03185 0.00087 -0.00103)
(-0.02879 0.00121 0.00565)
(-0.03066 0.00312 0.01247)
(-0.03100 0.00434 0.01369)
(-0.02886 0.00268 0.01283)
(-0.02902 0.00367 0.01392)
(-0.03461 0.00388 0.01478)
(-0.03875 0.00834 0.02344)
(-0.03753 0.00787 0.02396)
(-0.03839 0.00806 0.02537)
(-0.03949 0.00814 0.02658)
(-0.04070 0.00823 0.02757)
(-0.04314 0.00074 0.02524)
(-0.03965 -0.00891 0.02085)
(-0.03846 -0.00102 0.01796)
(-0.03716 -0.00913 0.01459)
(-0.03982 -0.01195 0.01806)
(-0.03873 -0.01442 0.01594)
(-0.03283 -0.02841 -0.00397)
(-0.03065 -0.02801 -0.00675)
(-0.03837 -0.03594 -0.01122)
(-0.03127 -0.03297 -0.00946)
(-0.02425 -0.04164 -0.02095)
(-0.02767 -0.04730 -0.03396)
(-0.02592 -0.04842 -0.03593)
(-0.02492 -0.04934 -0.03750)
(-0.02185 -0.03737 -0.02406)
(-0.01722 -0.03708 -0.02621)
(-0.01721 -0.03534 -0.02441)
(-0.01711 -0.03331 -0.02218)
(-0.01640 -0.03395 -0.01588)
(-0.01248 -0.02728 -0.00306)
(-0.01590 -0.02000 0.00643)
(-0.01378 -0.01986 0.01547)
(-0.01655 -0.01958 0.02513)
(-0.01002 -0.03073 0.03334)
(-0.01329 -0.03597 0.04088)
(-0.01530 -0.04792 0.06104)
(-0.01006 -0.03126 0.03930)
(-0.01284 -0.03932 0.04937)
(-0.00434 -0.01360 0.01667)
(-0.00210 -0.00670 0.00820)
(0.00232 -0.00030 -0.00017)
(-0.00047 0.00005 -0.00002)
(-0.02321 -0.00065 0.00023)
(-0.03172 -0.00417 0.00076)
(-0.03171 -0.00252 0.00091)
(-0.02066 -0.00501 0.00301)
(-0.02627 0.00109 0.01230)
(-0.02727 0.00252 0.01346)
(-0.02590 0.00290 0.01468)
(-0.02791 0.00200 0.01549)
(-0.02860 0.00412 0.01936)
(-0.03663 0.00799 0.02478)
(-0.03539 0.00798 0.02535)
(-0.03791 0.00848 0.02642)
(-0.03970 0.00844 0.02707)
(-0.04158 0.00295 0.02518)
(-0.03903 0.00809 0.02853)
(-0.03509 0.00281 0.02113)
(-0.03679 0.00029 0.01805)
(-0.03030 -0.01702 0.00480)
(-0.03218 -0.02386 -0.00138)
(-0.03101 -0.03353 -0.01129)
(-0.03963 -0.04233 -0.02345)
(-0.03234 -0.05174 -0.03590)
(-0.02761 -0.05083 -0.03777)
(-0.02665 -0.05205 -0.03984)
(-0.02643 -0.05459 -0.04367)
(-0.02005 -0.04978 -0.03883)
(-0.02232 -0.04464 -0.03370)
(-0.02023 -0.03806 -0.02703)
(-0.02480 -0.03324 -0.02092)
(-0.02016 -0.02876 -0.00649)
(-0.02521 -0.02947 -0.00967)
(-0.02033 -0.02117 0.01130)
(-0.02056 -0.01991 0.01821)
(-0.01773 -0.02039 0.02328)
(-0.01514 -0.02853 0.03191)
(-0.01754 -0.03400 0.04213)
(-0.01642 -0.04650 0.06095)
(-0.01688 -0.04931 0.06354)
(-0.00673 -0.02121 0.02632)
(-0.01801 -0.04938 0.06552)
(-0.01350 -0.04107 0.05207)
(-0.00516 -0.01826 0.02077)
(-0.00039 -0.00149 0.00178)
(0.00819 -0.00133 -0.00025)
(-0.00027 0.00004 0.00001)
(-0.01359 0.00065 0.00036)
(-0.02525 -0.00012 0.00008)
(-0.03174 -0.00672 0.00038)
(-0.03325 -0.00468 0.00146)
(-0.02397 -0.00748 -0.00011)
(-0.02125 -0.00896 -0.00075)
(-0.01767 -0.00750 0.00406)
(-0.01210 -0.00621 0.00725)
(-0.01679 -0.00383 0.01059)
(-0.01380 0.00016 0.01460)
(-0.01874 0.00255 0.01842)
(-0.02281 0.00879 0.02538)
(-0.01934 0.00861 0.02367)
(-0.01522 0.00493 0.01759)
(-0.02974 0.00482 0.02056)
(-0.04500 0.00901 0.02444)
(-0.03428 -0.00406 0.01174)
(-0.02801 -0.02004 -0.00046)
(-0.02570 -0.02783 -0.00838)
(-0.01791 -0.04108 -0.02453)
(-0.01823 -0.04880 -0.03256)
(-0.01308 -0.05719 -0.04133)
(-0.02806 -0.05318 -0.03968)
(-0.02720 -0.05438 -0.04196)
(-0.02379 -0.05819 -0.04808)
(-0.02599 -0.05875 -0.04505)
(-0.02682 -0.06059 -0.04810)
(-0.02636 -0.04473 -0.03349)
(-0.02549 -0.04018 -0.02845)
(-0.02894 -0.03478 -0.01632)
(-0.02570 -0.02161 0.00503)
(-0.02083 -0.01956 0.02127)
(-0.01937 -0.02345 0.02579)
(-0.01593 -0.03223 0.03633)
(-0.01726 -0.03023 0.04966)
(-0.01794 -0.03000 0.03886)
(-0.01601 -0.03160 0.05482)
(-0.01541 -0.04045 0.05962)
(-0.01706 -0.05577 0.06936)
(-0.01497 -0.04461 0.06172)
(-0.00995 -0.04403 0.05314)
(-0.00337 -0.01294 0.01571)
(-0.00172 -0.00720 0.00934)
(0.00038 -0.00008 -0.00001)
(-0.01372 0.00221 0.00084)
(-0.03441 0.00022 0.00228)
(-0.04088 0.00446 -0.00037)
(-0.03261 -0.00321 0.00245)
(-0.01883 -0.00485 -0.00019)
(-0.02224 -0.00684 0.00161)
(-0.02000 -0.00778 0.00280)
(-0.01650 -0.00774 0.00241)
(-0.01442 -0.00481 0.00835)
(-0.01380 -0.00452 0.00904)
(-0.00139 -0.00691 0.00885)
(0.00147 -0.00713 0.00938)
(0.00036 -0.00586 0.01020)
(-0.00646 0.00018 0.01564)
(-0.00829 0.00546 0.01870)
(-0.00243 0.00397 0.01500)
(-0.00290 0.00837 0.01972)
(-0.00899 0.00640 0.02185)
(-0.00833 0.00571 0.01605)
(-0.01356 0.00503 0.01666)
(-0.02024 0.00314 0.01545)
(-0.02210 -0.00215 0.01207)
(-0.01223 -0.01782 -0.00257)
(0.00381 -0.03342 -0.01860)
(0.00591 -0.03915 -0.02327)
(0.00683 -0.04742 -0.03145)
(-0.00707 -0.05595 -0.03890)
(-0.01294 -0.06377 -0.04638)
(-0.01177 -0.06425 -0.05043)
(-0.01913 -0.06201 -0.04535)
(-0.02866 -0.06464 -0.05304)
(-0.02639 -0.05892 -0.04900)
(-0.02176 -0.04619 -0.03242)
(-0.02791 -0.03599 -0.02409)
(-0.02443 -0.03232 -0.01794)
(-0.02642 -0.02867 -0.00386)
(-0.02340 -0.02478 0.00463)
(-0.01878 -0.02206 0.01102)
(-0.02020 -0.02215 0.01477)
(-0.02071 -0.02096 0.02850)
(-0.02361 -0.02236 0.03587)
(-0.02020 -0.02767 0.04551)
(-0.02000 -0.02830 0.04803)
(-0.01757 -0.03581 0.06002)
(-0.01707 -0.04835 0.06877)
(-0.01446 -0.05806 0.07386)
(-0.00384 -0.02340 0.02726)
(0.00034 0.00293 -0.00320)
(-0.00839 -0.04201 0.05501)
(-0.00516 0.00168 -0.00014)
(-0.02464 0.00557 -0.00123)
(-0.03306 0.01055 -0.00047)
(-0.03809 0.00649 -0.00351)
(-0.03728 0.00258 0.00028)
(-0.02116 -0.00336 -0.00046)
(-0.01655 -0.00378 -0.00043)
(-0.01595 -0.00494 0.00023)
(-0.01261 -0.00542 0.00144)
(-0.00861 -0.00211 0.00820)
(0.00301 -0.00739 0.00928)
(0.00292 -0.00606 0.01021)
(0.00701 -0.00229 0.00981)
(0.01003 0.00438 0.01276)
(0.01060 0.00360 0.01264)
(0.01120 0.00424 0.00804)
(0.00557 0.00287 0.00872)
(0.01138 0.00164 0.00579)
(0.02746 -0.00163 -0.00004)
(0.00506 -0.00359 0.00235)
(0.00372 -0.01763 -0.00852)
(0.01087 -0.03279 -0.01944)
(0.01334 -0.03758 -0.02332)
(0.01487 -0.04233 -0.02685)
(0.01150 -0.05204 -0.03712)
(-0.00124 -0.06308 -0.04701)
(0.02448 -0.05734 -0.04199)
(-0.00051 -0.06429 -0.04420)
(-0.00593 -0.06324 -0.04300)
(-0.00364 -0.06107 -0.04223)
(-0.00692 -0.05701 -0.04145)
(-0.01436 -0.04186 -0.02404)
(-0.01686 -0.03853 -0.02093)
(-0.01530 -0.03546 -0.01715)
(-0.02497 -0.03130 -0.00704)
(-0.02504 -0.02547 0.00330)
(-0.02077 -0.02183 0.01080)
(-0.01934 -0.02067 0.01390)
(-0.02008 -0.02026 0.01812)
(-0.02065 -0.02083 0.03555)
(-0.02249 -0.02300 0.04552)
(-0.01405 -0.03432 0.05599)
(-0.01564 -0.02953 0.06729)
(-0.01530 -0.04218 0.06970)
(-0.01351 -0.03505 0.07028)
(-0.01395 -0.05165 0.07296)
(-0.00357 -0.04385 0.04972)
(0.00010 -0.00385 0.00392)
(-0.00008 0.00139 -0.00140)
(0.00171 -0.00061 0.00013)
(-0.00264 0.00101 -0.00028)
(-0.01856 0.00658 -0.00168)
(-0.04821 0.01636 -0.00495)
(-0.04578 0.01017 -0.00710)
(-0.05397 0.01887 -0.00719)
(-0.03472 0.00614 -0.00788)
(-0.01778 -0.00298 -0.00169)
(-0.01299 -0.00437 0.00061)
(-0.01319 -0.00342 -0.00075)
(-0.01011 -0.00402 0.00141)
(0.00049 -0.00115 0.00988)
(0.00818 -0.00319 0.00062)
(0.00456 -0.00626 0.00950)
(0.01174 -0.00484 0.00697)
(0.02510 0.00190 0.00609)
(0.02456 0.00209 0.01014)
(0.01938 0.00557 0.01257)
(0.03351 -0.00262 -0.00167)
(0.02864 -0.00357 -0.00259)
(0.03554 -0.00479 -0.00449)
(0.03089 -0.00570 -0.00542)
(0.01899 -0.03333 -0.02085)
(0.02163 -0.03685 -0.02383)
(0.02310 -0.04069 -0.02635)
(0.02945 -0.04431 -0.02876)
(0.04010 -0.05417 -0.03774)
(0.01616 -0.06126 -0.04112)
(0.02511 -0.05883 -0.03849)
(0.02245 -0.05744 -0.03690)
(0.02077 -0.05626 -0.03516)
(0.00417 -0.04611 -0.02602)
(-0.01051 -0.03704 -0.01749)
(-0.01373 -0.03269 -0.01348)
(-0.01104 -0.02236 0.00419)
(-0.01844 -0.02046 0.01114)
(-0.01614 -0.01972 0.01397)
(-0.01742 -0.01751 0.02568)
(-0.01446 -0.02130 0.04488)
(-0.01409 -0.01927 0.04668)
(-0.01331 -0.02638 0.05132)
(-0.01341 -0.02669 0.06473)
(-0.01334 -0.02945 0.06656)
(-0.01243 -0.03266 0.06839)
(-0.01173 -0.03542 0.07007)
(0.00325 -0.05301 0.06110)
(0.00115 -0.01998 0.02038)
(0.00068 -0.00779 0.00795)
(-0.00070 0.00807 -0.00811)
(-0.00558 0.00218 -0.00109)
(-0.02014 0.00780 -0.00272)
(-0.03556 0.01334 -0.00485)
(-0.03149 0.01252 -0.00525)
(-0.05321 0.01979 -0.00889)
(-0.05010 0.01771 -0.00818)
(-0.01510 0.00061 -0.00543)
(-0.01638 0.00336 -0.01667)
(-0.01290 -0.00254 -0.00281)
(-0.01021 -0.00273 -0.00120)
(0.00696 -0.00296 -0.00230)
(0.01669 0.00139 0.00149)
(0.01438 -0.00205 0.00429)
(0.02283 0.00200 0.00314)
(0.02704 -0.00206 0.00484)
(0.03380 -0.00026 0.00427)
(0.03572 0.00481 0.00569)
(0.03622 0.00289 0.00524)
(0.03647 -0.00131 0.00145)
(0.04185 -0.00582 -0.00643)
(0.03831 -0.00739 -0.00752)
(0.04478 -0.00854 -0.00944)
(0.05084 -0.01749 -0.01725)
(0.04694 -0.03517 -0.02746)
(0.04677 -0.03718 -0.03034)
(0.05786 -0.04484 -0.03649)
(0.06610 -0.04906 -0.03835)
(0.04159 -0.05964 -0.04108)
(0.03455 -0.05831 -0.03665)
(0.03053 -0.05606 -0.03466)
(0.02822 -0.05473 -0.03268)
(0.02204 -0.04548 -0.02397)
(-0.00465 -0.03840 -0.01734)
(-0.00199 -0.03598 -0.01334)
(-0.00740 -0.03279 -0.01129)
(0.00498 -0.02457 0.00676)
(-0.00152 -0.01662 0.01666)
(0.00151 -0.01593 0.01995)
(-0.00365 -0.01448 0.02737)
(0.01137 -0.01621 0.03120)
(-0.00333 -0.01254 0.03995)
(-0.00557 -0.01541 0.04167)
(0.00208 -0.01066 0.04422)
(-0.00892 -0.01931 0.05684)
(-0.01124 -0.02543 0.06424)
(-0.01138 -0.02795 0.06581)
(-0.01044 -0.02952 0.06697)
(-0.00949 -0.03075 0.06797)
(-0.00965 -0.03362 0.06924)
(0.00584 -0.04021 0.07091)
(0.00764 -0.05402 0.06759)
(0.00350 -0.02358 0.02662)
(-0.00036 0.00309 -0.00320)
(0.00031 -0.00014 0.00008)
(-0.00414 0.00185 -0.00135)
(-0.02302 0.01035 -0.00877)
(-0.04986 0.01968 -0.00930)
(-0.03687 0.01494 -0.01833)
(-0.03142 0.01193 -0.01794)
(-0.02036 0.01021 -0.02486)
(-0.01925 0.00786 -0.01885)
(-0.00731 0.00056 -0.01235)
(0.00145 0.00583 -0.02362)
(0.00515 0.00221 -0.02249)
(0.00596 0.00072 -0.01302)
(0.01710 0.00016 -0.01371)
(0.01993 0.00277 -0.00377)
(0.02193 0.00071 -0.00074)
(0.03490 0.00099 -0.00544)
(0.03792 0.00282 0.00127)
(0.04075 0.00221 0.00204)
(0.04432 0.00136 0.00064)
(0.05772 -0.00677 -0.00903)
(0.06570 -0.00998 -0.01312)
(0.07358 -0.01695 -0.02140)
(0.05971 -0.01608 -0.01737)
(0.07761 -0.01924 -0.02561)
(0.07733 -0.02979 -0.03037)
(0.08333 -0.03810 -0.03854)
(0.07036 -0.04035 -0.03275)
(0.07250 -0.04410 -0.03573)
(0.06366 -0.05221 -0.03592)
(0.08093 -0.04921 -0.03936)
(0.06432 -0.05257 -0.03336)
(0.04829 -0.05345 -0.03399)
(0.04686 -0.05487 -0.02936)
(0.04980 -0.05202 -0.02341)
(0.03342 -0.04601 -0.01923)
(0.04496 -0.03984 -0.00766)
(0.01839 -0.03233 0.00002)
(0.03729 -0.03257 0.00756)
(0.02395 -0.01925 0.02248)
(0.02560 -0.01897 0.02447)
(0.03130 -0.02325 0.02961)
(0.02115 -0.01685 0.03952)
(0.03423 -0.02129 0.04431)
(0.01453 -0.01825 0.04898)
(0.00634 -0.01758 0.05194)
(0.00757 -0.02163 0.05642)
(0.01715 -0.02853 0.05974)
(0.00295 -0.03253 0.06774)
(0.01459 -0.03868 0.06882)
(0.01458 -0.04805 0.07383)
(0.01858 -0.03405 0.06416)
(0.01594 -0.04093 0.07336)
(0.00974 -0.02837 0.03429)
(0.00058 -0.00177 0.00192)
(-0.00150 0.00376 -0.00419)
(-0.00197 0.00095 -0.00104)
(-0.01099 0.00496 -0.00425)
(-0.03821 0.01746 -0.02350)
(-0.01630 0.00858 -0.03397)
(-0.01834 0.00990 -0.03213)
(-0.00770 0.00444 -0.02827)
(-0.00474 0.00355 -0.03571)
(0.00055 0.00546 -0.02686)
(0.00366 0.00600 -0.02517)
(0.02116 0.00419 -0.02890)
(0.02111 0.00021 -0.02242)
(0.02902 -0.00040 -0.01824)
(0.03396 -0.00111 -0.01734)
(0.04287 0.00054 -0.01648)
(0.06184 -0.00745 -0.02135)
(0.06633 -0.00902 -0.02298)
(0.05795 -0.00634 -0.01560)
(0.06838 -0.00667 -0.01519)
(0.07251 -0.01212 -0.01819)
(0.08191 -0.01371 -0.02306)
(0.08631 -0.01873 -0.02758)
(0.08511 -0.02973 -0.03129)
(0.09443 -0.03598 -0.03731)
(0.08666 -0.03365 -0.03265)
(0.09204 -0.03911 -0.03387)
(0.09032 -0.03981 -0.03322)
(0.07136 -0.04808 -0.03436)
(0.06428 -0.05053 -0.03079)
(0.07802 -0.04949 -0.02511)
(0.07720 -0.04940 -0.02292)
(0.06088 -0.04432 -0.00875)
(0.06524 -0.04393 -0.00241)
(0.04396 -0.03715 0.00328)
(0.05875 -0.03804 0.00548)
(0.03381 -0.02217 0.02136)
(0.04014 -0.02617 0.02294)
(0.05311 -0.02946 0.03582)
(0.05109 -0.02860 0.04117)
(0.05190 -0.02937 0.04282)
(0.03943 -0.02357 0.04694)
(0.01616 -0.02040 0.05351)
(0.03763 -0.02509 0.05220)
(0.02232 -0.02391 0.05745)
(0.02089 -0.02470 0.05717)
(0.02962 -0.02832 0.05746)
(0.02093 -0.03331 0.06307)
(0.02371 -0.04051 0.06912)
(0.01457 -0.03888 0.07430)
(0.02845 -0.04166 0.06879)
(0.01567 -0.03287 0.04637)
(0.00301 -0.00752 0.00855)
(0.00248 -0.00316 0.00391)
(0.00327 -0.00156 0.00172)
(-0.01245 0.00608 -0.00725)
(-0.00123 0.00059 -0.00068)
(-0.01439 0.00701 -0.00911)
(-0.02636 0.01408 -0.02503)
(-0.00866 0.00568 -0.03728)
(-0.00857 0.00745 -0.03427)
(-0.00130 0.00458 -0.03802)
(0.00585 0.00493 -0.03925)
(0.00522 0.00312 -0.03651)
(0.02214 -0.00062 -0.04460)
(0.01791 0.00090 -0.03738)
(0.02072 0.00281 -0.03740)
(0.04233 0.00145 -0.04100)
(0.04515 0.00101 -0.03876)
(0.04445 0.00062 -0.02818)
(0.05887 -0.00487 -0.02634)
(0.06802 -0.00951 -0.02599)
(0.07078 -0.01087 -0.02551)
(0.08027 -0.01574 -0.02675)
(0.09051 -0.01694 -0.03121)
(0.08970 -0.02076 -0.03019)
(0.09624 -0.02502 -0.03885)
(0.08787 -0.02057 -0.02882)
(0.09109 -0.02832 -0.03420)
(0.09543 -0.03441 -0.03362)
(0.09190 -0.03737 -0.03339)
(0.09058 -0.03807 -0.03308)
(0.08928 -0.04044 -0.03281)
(0.08329 -0.04570 -0.03039)
(0.08117 -0.04946 -0.02572)
(0.08123 -0.05001 -0.02438)
(0.07785 -0.04926 -0.01845)
(0.07841 -0.04694 -0.00894)
(0.07205 -0.04301 0.00506)
(0.08092 -0.04369 0.01424)
(0.07914 -0.04217 0.01754)
(0.07047 -0.03775 0.02440)
(0.06417 -0.03389 0.03503)
(0.05700 -0.03152 0.04124)
(0.05764 -0.03231 0.04256)
(0.05237 -0.02989 0.04461)
(0.04697 -0.02728 0.04868)
(0.04394 -0.02838 0.05372)
(0.03431 -0.02882 0.05565)
(0.03383 -0.03064 0.05457)
(0.02924 -0.03139 0.05817)
(0.04266 -0.03411 0.05625)
(0.03874 -0.03902 0.06185)
(0.04607 -0.03987 0.06357)
(0.03141 -0.03656 0.04714)
(0.00619 -0.00733 0.00891)
(0.00299 -0.00142 0.00162)
(-0.00511 0.00245 -0.00307)
(-0.02645 0.01310 -0.02062)
(-0.02023 0.00990 -0.01578)
(-0.02463 0.01215 -0.02159)
(0.00041 0.00743 -0.03617)
(0.00414 0.00767 -0.04153)
(0.01163 0.00667 -0.04529)
(0.02950 0.00417 -0.04969)
(0.03162 0.00431 -0.05119)
(0.02860 0.00188 -0.04354)
(0.04425 0.00099 -0.04475)
(0.04750 0.00053 -0.04477)
(0.05096 -0.00036 -0.04486)
(0.04961 -0.00001 -0.04098)
(0.06084 -0.00468 -0.04115)
(0.06900 -0.00923 -0.03372)
(0.07227 -0.01166 -0.03046)
(0.07837 -0.01654 -0.03852)
(0.07441 -0.01278 -0.02760)
(0.08866 -0.01860 -0.03362)
(0.08932 -0.01949 -0.03380)
(0.09491 -0.02483 -0.03891)
(0.09544 -0.02555 -0.03845)
(0.09444 -0.02577 -0.03815)
(0.09079 -0.03630 -0.03275)
(0.08971 -0.03716 -0.03297)
(0.08967 -0.03911 -0.03290)
(0.08906 -0.04026 -0.03299)
(0.08543 -0.04467 -0.03085)
(0.08616 -0.04677 -0.02835)
(0.08211 -0.04959 -0.01903)
(0.08902 -0.04912 -0.01832)
(0.08519 -0.04718 -0.00373)
(0.08538 -0.04654 0.01157)
(0.08533 -0.04643 0.01387)
(0.08285 -0.04454 0.01838)
(0.08550 -0.04627 0.02468)
(0.06239 -0.03491 0.04087)
(0.06277 -0.03571 0.04189)
(0.05823 -0.03302 0.04388)
(0.06598 -0.03693 0.04663)
(0.05428 -0.03262 0.05199)
(0.05104 -0.03130 0.05314)
(0.06043 -0.03333 0.05318)
(0.05445 -0.03332 0.05529)
(0.05256 -0.03308 0.05563)
(0.05795 -0.03404 0.05344)
(0.05631 -0.03365 0.05363)
(0.05534 -0.03353 0.05344)
(0.05209 -0.03948 0.06032)
(0.04515 -0.04707 0.05952)
(0.04406 -0.04300 0.05215)
(0.01043 -0.01133 0.01346)
(-0.00308 0.00349 -0.00410)
(0.00106 -0.00051 0.00061)
(-0.00785 0.00379 -0.00514)
(-0.00062 0.00665 -0.02075)
(-0.00855 0.00846 -0.02976)
(0.00711 0.00455 -0.02808)
(0.00737 0.00400 -0.03878)
(0.02230 0.00106 -0.04524)
(0.03102 0.00338 -0.05034)
(0.03295 0.00401 -0.05192)
(0.04131 0.00157 -0.05380)
(0.04421 -0.00012 -0.05387)
(0.04876 0.00034 -0.04847)
(0.05186 -0.00040 -0.04852)
(0.06011 -0.00464 -0.05249)
(0.05509 -0.00184 -0.04578)
(0.06939 -0.00745 -0.04952)
(0.07368 -0.01332 -0.04812)
(0.07956 -0.01867 -0.04819)
(0.08880 -0.01823 -0.04417)
(0.09214 -0.02030 -0.03821)
(0.09300 -0.02586 -0.04099)
(0.09384 -0.02517 -0.03845)
(0.09233 -0.02558 -0.03912)
(0.09257 -0.02568 -0.03802)
(0.08947 -0.03326 -0.03463)
(0.08287 -0.03504 -0.03454)
(0.08910 -0.03846 -0.03317)
(0.08467 -0.03935 -0.03441)
(0.08580 -0.04744 -0.03628)
(0.08418 -0.04765 -0.03256)
(0.08763 -0.04511 -0.02259)
(0.08785 -0.04745 -0.02223)
(0.09237 -0.05160 -0.01409)
(0.08895 -0.05089 0.00065)
(0.08645 -0.04781 0.01118)
(0.08519 -0.04680 0.01658)
(0.08494 -0.05226 0.02372)
(0.07345 -0.04206 0.03573)
(0.07080 -0.04609 0.03986)
(0.07422 -0.04165 0.04522)
(0.07077 -0.04147 0.04965)
(0.06986 -0.03786 0.05007)
(0.06159 -0.03689 0.05308)
(0.07440 -0.04092 0.04887)
(0.06708 -0.03789 0.05299)
(0.06115 -0.03490 0.05260)
(0.06064 -0.03414 0.05160)
(0.07122 -0.03610 0.04723)
(0.06332 -0.03896 0.05180)
(0.05008 -0.04606 0.05642)
(0.05483 -0.04175 0.05084)
(0.01521 -0.01521 0.01765)
(-0.00065 0.00069 -0.00079)
(-0.00008 0.00011 -0.00015)
(-0.00097 0.00252 -0.00748)
(-0.00056 0.00200 -0.00255)
(0.00648 0.00444 -0.02142)
(0.00961 0.00382 -0.02468)
(0.01609 0.00112 -0.03247)
(0.02702 -0.00168 -0.04074)
(0.03125 -0.00047 -0.04596)
(0.03188 -0.00057 -0.04928)
(0.03377 0.00392 -0.05176)
(0.04079 0.00069 -0.05571)
(0.04646 -0.00093 -0.05732)
(0.05300 -0.00124 -0.05774)
(0.05677 -0.00302 -0.06187)
(0.07193 -0.01078 -0.05977)
(0.08267 -0.01668 -0.06483)
(0.07643 -0.01685 -0.05840)
(0.08389 -0.02185 -0.04602)
(0.08023 -0.02191 -0.05343)
(0.08735 -0.02246 -0.04673)
(0.08064 -0.02543 -0.04662)
(0.07951 -0.02786 -0.04195)
(0.09087 -0.02616 -0.03873)
(0.08146 -0.03412 -0.03743)
(0.07313 -0.03574 -0.03892)
(0.08156 -0.03607 -0.03570)
(0.07741 -0.03889 -0.03701)
(0.08314 -0.04570 -0.03870)
(0.08303 -0.04943 -0.03832)
(0.08269 -0.04935 -0.03070)
(0.08512 -0.05860 -0.02883)
(0.09392 -0.05859 -0.01679)
(0.08844 -0.06110 -0.01354)
(0.08858 -0.06295 -0.01095)
(0.08779 -0.06027 0.00885)
(0.08335 -0.05923 0.01610)
(0.08243 -0.05676 0.03312)
(0.08134 -0.05652 0.03374)
(0.07511 -0.04894 0.04337)
(0.07145 -0.04861 0.04869)
(0.07102 -0.04102 0.04950)
(0.07533 -0.04313 0.04949)
(0.06918 -0.03875 0.05363)
(0.07095 -0.03905 0.05002)
(0.06511 -0.03479 0.04984)
(0.08587 -0.03850 0.04226)
(0.07510 -0.03766 0.04465)
(0.07355 -0.03879 0.04700)
(0.07929 -0.03610 0.04287)
(0.06797 -0.03882 0.04511)
(0.02392 -0.01648 0.01983)
(0.00149 -0.00136 0.00153)
(-0.00011 0.00045 -0.00044)
(0.00511 0.00428 -0.00760)
(0.01238 0.00310 -0.01819)
(0.02957 -0.00052 -0.02566)
(0.02834 -0.00035 -0.03045)
(0.03207 0.00045 -0.04058)
(0.03923 -0.00165 -0.05081)
(0.03587 0.00081 -0.05037)
(0.04065 -0.00157 -0.05419)
(0.04269 0.00174 -0.05790)
(0.05085 0.00159 -0.06409)
(0.05193 -0.00221 -0.06622)
(0.06062 -0.00594 -0.06312)
(0.05375 -0.00686 -0.06780)
(0.07308 -0.01431 -0.06206)
(0.06940 -0.01759 -0.06113)
(0.06287 -0.02579 -0.06170)
(0.07392 -0.02671 -0.05451)
(0.07103 -0.03007 -0.05264)
(0.07167 -0.03058 -0.04852)
(0.07174 -0.02947 -0.04150)
(0.06958 -0.03181 -0.03824)
(0.06916 -0.03462 -0.03982)
(0.07442 -0.03773 -0.03733)
(0.07437 -0.03830 -0.03806)
(0.06654 -0.04588 -0.04419)
(0.07045 -0.04944 -0.04403)
(0.07768 -0.05173 -0.03841)
(0.07724 -0.06456 -0.03879)
(0.08143 -0.06107 -0.02788)
(0.08460 -0.06260 -0.02019)
(0.07953 -0.06400 -0.01059)
(0.08229 -0.05955 0.00225)
(0.07675 -0.06119 0.00940)
(0.08121 -0.05725 0.03208)
(0.07640 -0.05724 0.03402)
(0.08099 -0.05559 0.04136)
(0.07512 -0.05632 0.04313)
(0.07353 -0.05069 0.04882)
(0.08405 -0.04686 0.04695)
(0.07673 -0.04301 0.04887)
(0.07829 -0.04095 0.04999)
(0.09090 -0.04430 0.04669)
(0.08984 -0.04260 0.04584)
(0.08658 -0.03909 0.04259)
(0.08365 -0.03541 0.04038)
(0.08123 -0.03446 0.03938)
(0.07501 -0.03588 0.04376)
(0.04543 -0.02530 0.03222)
(0.02010 -0.01386 0.01675)
(0.00286 -0.00213 0.00255)
(-0.00052 -0.00044 0.00033)
(0.00173 0.00153 -0.00133)
(0.01241 0.00311 -0.00671)
(0.02494 0.00544 -0.01534)
(0.03004 0.00336 -0.02224)
(0.03251 0.00378 -0.02613)
(0.03583 0.00255 -0.03549)
(0.03276 0.00470 -0.02771)
(0.03737 0.00182 -0.04546)
(0.03875 -0.00051 -0.05139)
(0.03988 -0.00088 -0.05414)
(0.03338 0.00434 -0.06134)
(0.04626 0.00173 -0.06448)
(0.04393 -0.00123 -0.06674)
(0.04134 -0.00648 -0.07117)
(0.05226 -0.01050 -0.06865)
(0.04114 -0.00806 -0.07135)
(0.05614 -0.01364 -0.06868)
(0.05879 -0.02577 -0.06295)
(0.06107 -0.02705 -0.06032)
(0.05989 -0.02838 -0.05920)
(0.06032 -0.03104 -0.05607)
(0.06643 -0.03416 -0.04243)
(0.06281 -0.03258 -0.04240)
(0.05759 -0.03410 -0.04504)
(0.06025 -0.03779 -0.04459)
(0.06703 -0.04017 -0.04074)
(0.06526 -0.04076 -0.04203)
(0.06048 -0.04482 -0.04774)
(0.06038 -0.04571 -0.04862)
(0.07234 -0.05068 -0.04247)
(0.07366 -0.06425 -0.04093)
(0.07641 -0.06593 -0.03757)
(0.07609 -0.06728 -0.03597)
(0.06815 -0.06413 -0.01902)
(0.07638 -0.06609 -0.00487)
(0.05873 -0.05796 0.00811)
(0.06900 -0.06026 0.01708)
(0.06511 -0.05905 0.02458)
(0.07356 -0.05789 0.04131)
(0.07341 -0.05704 0.04233)
(0.07568 -0.05568 0.04397)
(0.07678 -0.05522 0.04459)
(0.08652 -0.04457 0.04692)
(0.09115 -0.04499 0.04660)
(0.09049 -0.04265 0.04529)
(0.08866 -0.03934 0.04584)
(0.09110 -0.03638 0.04287)
(0.08812 -0.03590 0.04061)
(0.08076 -0.03435 0.04282)
(0.08086 -0.03410 0.04203)
(0.07047 -0.03045 0.04031)
(0.04089 -0.01992 0.02771)
(0.00405 -0.00221 0.00305)
(0.00393 -0.00202 0.00301)
(0.00305 0.00148 -0.00088)
(0.02152 0.00563 -0.00979)
(0.03192 0.00488 -0.02118)
(0.03211 0.00487 -0.02286)
(0.03248 0.00501 -0.02514)
(0.03198 0.00581 -0.02692)
(0.03592 0.00591 -0.03997)
(0.03087 0.00320 -0.04847)
(0.03784 -0.00054 -0.05242)
(0.02637 0.00581 -0.05941)
(0.03563 0.00053 -0.06199)
(0.03694 -0.00581 -0.07084)
(0.03626 -0.00712 -0.07095)
(0.04051 -0.00959 -0.07146)
(0.03948 -0.01473 -0.06928)
(0.05686 -0.02682 -0.06214)
(0.05162 -0.02695 -0.06387)
(0.05543 -0.02813 -0.06119)
(0.04987 -0.03304 -0.06248)
(0.04876 -0.03466 -0.05942)
(0.05363 -0.03408 -0.05714)
(0.05539 -0.03674 -0.05383)
(0.05026 -0.03826 -0.05675)
(0.05000 -0.03813 -0.05606)
(0.05755 -0.04190 -0.04700)
(0.05784 -0.04415 -0.04860)
(0.05781 -0.04527 -0.04969)
(0.05935 -0.04640 -0.04983)
(0.05915 -0.05391 -0.04930)
(0.07283 -0.06623 -0.04032)
(0.06870 -0.06628 -0.03695)
(0.06313 -0.06705 -0.02678)
(0.06703 -0.06771 -0.01430)
(0.05611 -0.05927 0.00488)
(0.05790 -0.05851 0.01153)
(0.05673 -0.05857 0.01413)
(0.07130 -0.05870 0.04056)
(0.07144 -0.05773 0.04144)
(0.07428 -0.05636 0.04321)
(0.07583 -0.05583 0.04398)
(0.08327 -0.04787 0.04535)
(0.09213 -0.04825 0.04651)
(0.08873 -0.04085 0.04520)
(0.09009 -0.03774 0.04346)
(0.08963 -0.03322 0.04211)
(0.08016 -0.03436 0.04311)
(0.07895 -0.03417 0.04301)
(0.06403 -0.02803 0.04105)
(0.04591 -0.02163 0.03211)
(0.02453 -0.01206 0.01795)
(0.04543 -0.02081 0.03290)
(0.00620 -0.00303 0.00484)
(0.00085 0.00040 -0.00026)
(0.00668 0.00301 -0.00202)
(0.00469 0.00209 -0.00150)
(0.01718 0.00747 -0.00531)
(0.02838 0.00991 -0.01333)
(0.03493 0.00961 -0.01894)
(0.03323 0.00721 -0.02228)
(0.03228 0.01034 -0.02134)
(0.03252 0.00631 -0.02448)
(0.02517 0.00651 -0.03530)
(0.02713 0.00861 -0.03707)
(0.02647 0.00759 -0.04401)
(0.02069 0.00884 -0.05158)
(0.02204 0.00731 -0.05756)
(0.01757 0.00436 -0.05908)
(0.02846 -0.00353 -0.06646)
(0.03149 -0.00644 -0.07052)
(0.03558 -0.00882 -0.07129)
(0.03141 -0.01239 -0.07131)
(0.02068 -0.02230 -0.07306)
(0.05020 -0.02809 -0.06320)
(0.03646 -0.03349 -0.07215)
(0.02880 -0.03351 -0.06928)
(0.04356 -0.03771 -0.06000)
(0.04660 -0.03914 -0.05906)
(0.04837 -0.03884 -0.05857)
(0.05112 -0.04186 -0.05290)
(0.05178 -0.04389 -0.05423)
(0.05566 -0.04461 -0.05105)
(0.05689 -0.04670 -0.05127)
(0.05103 -0.05453 -0.05678)
(0.06227 -0.06154 -0.04569)
(0.05723 -0.06222 -0.04126)
(0.05237 -0.06469 -0.03620)
(0.05887 -0.06963 -0.01809)
(0.05419 -0.06209 -0.00194)
(0.05540 -0.05881 0.00910)
(0.05443 -0.05837 0.01284)
(0.06313 -0.06149 0.02757)
(0.06727 -0.05919 0.03908)
(0.07267 -0.05693 0.04238)
(0.07633 -0.05710 0.04383)
(0.08201 -0.05175 0.04611)
(0.08542 -0.05193 0.04715)
(0.09089 -0.04614 0.04561)
(0.09030 -0.03997 0.04417)
(0.09057 -0.03814 0.04351)
(0.08545 -0.03621 0.04301)
(0.07192 -0.03032 0.04304)
(0.06349 -0.02699 0.04163)
(0.06110 -0.02603 0.04212)
(0.05817 -0.02534 0.04234)
(0.03850 -0.01721 0.02906)
(0.00579 -0.00286 0.00532)
(-0.00459 0.00230 -0.00431)
(0.00054 0.00019 -0.00023)
(0.00666 0.00240 -0.00281)
(0.03256 0.01007 -0.01348)
(0.02085 0.00552 -0.00899)
(0.03807 0.01157 -0.01700)
(0.03484 0.01112 -0.01913)
(0.03502 0.01111 -0.02015)
(0.02999 0.01034 -0.02822)
(0.02422 0.00961 -0.03252)
(0.01868 0.00970 -0.04053)
(0.01674 0.00976 -0.03952)
(0.01384 0.00817 -0.04477)
(0.01073 0.00539 -0.05362)
(0.00217 0.00599 -0.05910)
(0.00748 0.00021 -0.06241)
(0.00447 -0.00125 -0.06524)
(0.00029 -0.00588 -0.06755)
(0.03075 -0.00810 -0.07111)
(0.01772 -0.01149 -0.07023)
(0.00800 -0.02245 -0.07528)
(0.01808 -0.02477 -0.07187)
(0.01878 -0.02833 -0.07333)
(0.01705 -0.03011 -0.07358)
(0.03086 -0.03516 -0.06457)
(0.02749 -0.03473 -0.07063)
(0.02525 -0.03231 -0.07103)
(0.03790 -0.03660 -0.06045)
(0.04076 -0.04034 -0.05989)
(0.04445 -0.04280 -0.06420)
(0.04415 -0.04727 -0.05999)
(0.04617 -0.05317 -0.05773)
(0.04776 -0.05666 -0.05585)
(0.04590 -0.06159 -0.04788)
(0.04386 -0.06315 -0.04534)
(0.04731 -0.06547 -0.02785)
(0.04598 -0.06257 -0.02162)
(0.05314 -0.05814 0.00698)
(0.05058 -0.06012 0.01357)
(0.05509 -0.06324 0.02108)
(0.05585 -0.05933 0.02813)
(0.06713 -0.06076 0.03745)
(0.07161 -0.06011 0.03959)
(0.08206 -0.05548 0.04469)
(0.08252 -0.05169 0.04843)
(0.08732 -0.04841 0.04802)
(0.08444 -0.04540 0.04937)
(0.08619 -0.03849 0.04660)
(0.07163 -0.03230 0.05067)
(0.07211 -0.03019 0.04803)
(0.06662 -0.02797 0.05166)
(0.05694 -0.02084 0.05372)
(0.04686 -0.01871 0.04758)
(0.02969 -0.01180 0.02881)
(0.00836 -0.00336 0.00840)
(-0.00325 0.00158 -0.00350)
(0.00467 0.00095 -0.00232)
(0.02550 0.00553 -0.01286)
(0.03751 0.01112 -0.02098)
(0.03616 0.01369 -0.02275)
(0.03747 0.01525 -0.02366)
(0.03208 0.01110 -0.02765)
(0.01651 0.00897 -0.03768)
(0.02389 0.01000 -0.03266)
(0.01391 0.00894 -0.04168)
(0.00672 0.00784 -0.04600)
(0.01317 0.00828 -0.04355)
(0.00493 0.00855 -0.04877)
(-0.00053 0.00503 -0.05260)
(-0.01257 0.00338 -0.05452)
(-0.01266 0.00269 -0.05569)
(0.00324 0.00115 -0.06179)
(-0.01623 0.00384 -0.05735)
(-0.00515 -0.00033 -0.06367)
(-0.01880 -0.00317 -0.06610)
(-0.00314 -0.01342 -0.07241)
(-0.00279 -0.01897 -0.07420)
(0.00639 -0.02488 -0.07678)
(0.00155 -0.02696 -0.08248)
(-0.00921 -0.02905 -0.08897)
(0.01725 -0.03465 -0.07802)
(0.01992 -0.03543 -0.07815)
(0.01648 -0.03294 -0.07649)
(0.02284 -0.03284 -0.07146)
(0.03103 -0.03720 -0.07012)
(0.03628 -0.04049 -0.06812)
(0.04206 -0.04413 -0.06273)
(0.04167 -0.04662 -0.06493)
(0.04466 -0.05722 -0.06053)
(0.03958 -0.05807 -0.05577)
(0.03710 -0.06315 -0.05275)
(0.04402 -0.06023 -0.03501)
(0.04246 -0.06177 -0.02367)
(0.04379 -0.06708 -0.00993)
(0.04556 -0.07071 0.00057)
(0.05147 -0.06514 0.01332)
(0.05263 -0.05891 0.02552)
(0.06481 -0.06475 0.02878)
(0.07175 -0.05987 0.03771)
(0.06952 -0.06235 0.04296)
(0.07816 -0.05402 0.04693)
(0.08231 -0.05075 0.05233)
(0.07197 -0.05008 0.06032)
(0.07195 -0.04778 0.05989)
(0.07185 -0.04187 0.05839)
(0.06959 -0.04544 0.06137)
(0.06811 -0.03391 0.05630)
(0.05997 -0.02681 0.05546)
(0.05834 -0.02640 0.05567)
(0.05167 -0.02252 0.05163)
(0.01607 -0.00739 0.01694)
(0.00220 -0.00131 0.00308)
(-0.00085 0.00050 -0.00119)
(0.00091 0.00018 -0.00046)
(0.01415 0.00283 -0.00724)
(0.03566 0.00766 -0.01867)
(0.03678 0.00957 -0.02356)
(0.03224 0.00865 -0.02873)
(0.02857 0.00767 -0.03067)
(0.02634 0.00936 -0.03354)
(0.00878 0.00823 -0.04424)
(0.00634 0.00785 -0.04555)
(0.00306 0.00675 -0.04778)
(0.00085 0.00747 -0.05130)
(-0.01520 0.00292 -0.05540)
(-0.01542 0.00279 -0.05586)
(-0.01845 0.00235 -0.05673)
(-0.02326 0.00200 -0.06557)
(-0.03199 0.00163 -0.06709)
(-0.01937 -0.00769 -0.07411)
(-0.02724 -0.01165 -0.08144)
(-0.01261 -0.02160 -0.07922)
(-0.03055 -0.01448 -0.08310)
(-0.01423 -0.02433 -0.08488)
(-0.01434 -0.02762 -0.09142)
(-0.00799 -0.02989 -0.09018)
(-0.00225 -0.03152 -0.08953)
(0.01307 -0.03411 -0.08623)
(0.01677 -0.03223 -0.07636)
(0.02555 -0.03451 -0.07634)
(0.02388 -0.03296 -0.07681)
(0.03247 -0.03838 -0.06838)
(0.02991 -0.03990 -0.07237)
(0.03697 -0.05059 -0.06745)
(0.03658 -0.05870 -0.05683)
(0.03610 -0.06127 -0.05445)
(0.03681 -0.06313 -0.05000)
(0.03875 -0.06072 -0.03793)
(0.04263 -0.07084 -0.01489)
(0.04802 -0.06616 -0.01153)
(0.05530 -0.05776 -0.00499)
(0.05633 -0.06271 0.01575)
(0.06446 -0.06342 0.03204)
(0.06691 -0.06294 0.03561)
(0.06827 -0.06340 0.03820)
(0.07265 -0.05792 0.04094)
(0.07017 -0.05131 0.05782)
(0.06840 -0.04730 0.06299)
(0.06834 -0.04042 0.06199)
(0.06441 -0.03500 0.05817)
(0.05647 -0.03290 0.06356)
(0.05722 -0.02859 0.06010)
(0.05262 -0.02471 0.06161)
(0.05266 -0.02429 0.05051)
(0.01770 -0.00880 0.01834)
(0.00132 -0.00060 0.00129)
(0.00058 0.00014 -0.00036)
(0.01711 0.00430 -0.01101)
(0.03157 0.00629 -0.02587)
(0.03555 0.00687 -0.03167)
(0.03192 0.00682 -0.03032)
(0.02657 0.00820 -0.03629)
(0.01880 0.00570 -0.04080)
(0.02520 0.00859 -0.03668)
(0.00724 0.00669 -0.04572)
(0.00511 0.00663 -0.04687)
(0.00390 0.00534 -0.04818)
(0.00163 0.00547 -0.04919)
(-0.00020 0.00590 -0.04992)
(-0.01997 0.00183 -0.05696)
(-0.01808 0.00230 -0.05641)
(-0.02140 0.00175 -0.05693)
(-0.03107 0.00194 -0.06738)
(-0.03729 0.00106 -0.06701)
(-0.03581 -0.00572 -0.07735)
(-0.04340 -0.00753 -0.08399)
(-0.04424 -0.00915 -0.08629)
(-0.02332 -0.02142 -0.08664)
(-0.01966 -0.02651 -0.09370)
(-0.01330 -0.02829 -0.09310)
(-0.01188 -0.02892 -0.09499)
(-0.00482 -0.02959 -0.09916)
(0.01297 -0.03124 -0.08052)
(0.00616 -0.02650 -0.08219)
(0.02383 -0.03877 -0.08239)
(0.02943 -0.04064 -0.07197)
(0.03016 -0.04836 -0.06903)
(0.03613 -0.06185 -0.05256)
(0.04400 -0.05751 -0.03043)
(0.04906 -0.06232 -0.02186)
(0.05537 -0.05984 0.00289)
(0.06630 -0.06370 0.03417)
(0.06847 -0.06394 0.04132)
(0.06694 -0.04923 0.06479)
(0.05953 -0.03854 0.06672)
(0.02057 -0.01038 0.02123)
(0.00315 0.00041 -0.00192)
(0.02283 0.00459 -0.01870)
(0.03582 0.00852 -0.03633)
(0.03308 0.00600 -0.02812)
(0.03348 0.00761 -0.03751)
(0.03204 0.00793 -0.03779)
(0.01434 0.00349 -0.04314)
(0.00584 0.00521 -0.04718)
(0.00274 0.00402 -0.04961)
(0.00026 0.00421 -0.05056)
(-0.00768 0.00134 -0.05564)
(-0.02485 0.00062 -0.06157)
(-0.03125 -0.00098 -0.06613)
(-0.02757 0.00280 -0.05944)
(-0.04514 0.00262 -0.06477)
(-0.03843 0.00397 -0.06652)
(-0.05018 0.00375 -0.06616)
(-0.04796 -0.00251 -0.07416)
(-0.05875 -0.00049 -0.07428)
(-0.04742 -0.00651 -0.08398)
(-0.04764 -0.00829 -0.08717)
(-0.04275 -0.01108 -0.09088)
(-0.03338 -0.02238 -0.09939)
(-0.02136 -0.02688 -0.09752)
(-0.01680 -0.02758 -0.09805)
(-0.00216 -0.03046 -0.09948)
(-0.00409 -0.00036 0.00305)
(0.01125 0.00092 -0.00912)
(0.03451 0.00478 -0.03347)
(0.03415 0.00647 -0.03512)
(0.02968 0.00535 -0.03891)
(0.01992 0.00392 -0.04113)
(0.01235 0.00169 -0.04524)
(0.01011 0.00129 -0.04737)
(0.00927 0.00025 -0.04823)
(0.00054 0.00088 -0.05355)
(-0.00888 -0.00175 -0.05878)
(-0.01527 -0.00113 -0.06215)
(-0.03184 -0.00298 -0.06717)
(-0.03458 -0.00412 -0.06884)
(-0.03830 0.00063 -0.06824)
(-0.04640 0.00200 -0.06847)
(-0.05353 0.00429 -0.06889)
(-0.05876 0.00062 -0.07710)
(-0.05314 -0.00554 -0.08443)
(-0.05111 -0.01408 -0.09660)
(-0.04920 -0.02166 -0.10652)
(-0.00368 -0.00030 0.00297)
(0.00258 0.00022 -0.00211)
(0.01600 0.00115 -0.01490)
(0.02482 0.00250 -0.03805)
(0.02264 0.00189 -0.03957)
(0.01638 0.00043 -0.04429)
(0.00863 -0.00109 -0.05010)
(-0.00109 -0.00293 -0.05761)
(-0.00723 -0.00430 -0.06207)
(-0.01560 -0.00191 -0.06479)
(-0.02896 -0.00304 -0.06668)
(-0.03295 -0.00094 -0.06794)
(-0.03938 -0.00015 -0.06847)
(-0.05247 0.00085 -0.07360)
(-0.05374 0.00056 -0.07223)
(-0.06124 0.00091 -0.07484)
(-0.06129 0.00080 -0.08076)
(0.00075 0.00007 -0.00067)
(0.01441 0.00187 -0.01846)
(0.01992 0.00235 -0.02957)
(0.02425 0.00266 -0.03867)
(0.02138 0.00165 -0.04081)
(0.02034 0.00140 -0.04184)
(0.01410 0.00035 -0.04895)
(0.00483 -0.00148 -0.05481)
(-0.00221 -0.00334 -0.05886)
(0.00040 -0.00169 -0.05934)
(-0.01099 -0.00283 -0.06774)
(-0.01600 -0.00131 -0.06926)
(-0.02312 -0.00269 -0.07026)
(-0.02090 -0.00090 -0.07318)
(-0.02970 -0.00106 -0.07104)
(-0.04390 -0.00034 -0.07121)
(0.00198 0.00007 -0.00189)
(0.02027 0.00292 -0.02648)
(0.02334 0.00264 -0.03949)
(0.02693 0.00455 -0.04198)
(0.02340 0.00325 -0.04357)
(0.02001 0.00247 -0.04824)
(0.01008 0.00046 -0.05464)
(0.00139 -0.00139 -0.05904)
(-0.01311 -0.00310 -0.07160)
(-0.01790 -0.00129 -0.07270)
(-0.00041 -0.00005 0.00042)
(0.01001 0.00204 -0.01232)
(0.02115 0.00409 -0.03135)
(0.00975 -0.02661 -0.08752)
(0.02693 -0.03757 -0.07410)
(0.03485 -0.05960 -0.05689)
(0.03935 -0.06071 -0.04954)
(0.05562 -0.05489 -0.01163)
(0.06317 -0.06460 0.02280)
(0.06702 -0.06398 0.03763)
(0.06700 -0.05559 0.05500)
(0.06142 -0.04593 0.06752)
(0.05103 -0.03464 0.07221)
(0.05361 -0.03179 0.06550)
(0.04777 -0.02418 0.05584)
(0.04775 -0.02418 0.05405)
(0.04772 -0.02415 0.05205)
(0.00471 -0.00237 0.00471)
(-0.01765 -0.02524 -0.10434)
(-0.00022 -0.02708 -0.09743)
(0.00829 -0.02897 -0.09563)
(0.01171 -0.03155 -0.08823)
(0.02134 -0.03614 -0.07857)
(0.02684 -0.03857 -0.07344)
(0.02689 -0.04147 -0.07234)
(0.02919 -0.04853 -0.06832)
(0.03524 -0.06039 -0.05553)
(0.03991 -0.05547 -0.05376)
(0.04467 -0.05823 -0.03545)
(0.05001 -0.05993 -0.02498)
(0.05671 -0.05481 -0.01558)
(0.05757 -0.05615 -0.00913)
(0.06016 -0.06297 0.00964)
(0.06618 -0.06422 0.03210)
(0.06632 -0.06433 0.03654)
(0.06829 -0.06504 0.04400)
(0.05966 -0.06086 0.06762)
(0.05999 -0.05191 0.07057)
(0.05359 -0.04673 0.07396)
(0.05258 -0.04017 0.07272)
(0.04777 -0.03478 0.07653)
(0.04566 -0.02931 0.06667)
(0.04685 -0.02509 0.05620)
(0.04761 -0.02531 0.05226)
(0.01907 -0.01011 0.01913)
(0.00195 -0.00104 0.00186)
(-0.05135 -0.02262 -0.11373)
(-0.03515 -0.02420 -0.11068)
(-0.03206 -0.02397 -0.11184)
(-0.01676 -0.02456 -0.11284)
(-0.01334 -0.02475 -0.10763)
(-0.00725 -0.02254 -0.09971)
(0.00360 -0.02208 -0.09070)
(0.00515 -0.02562 -0.08659)
(0.02373 -0.03571 -0.07485)
(0.01005 -0.02771 -0.08199)
(0.02324 -0.03708 -0.07511)
(0.02684 -0.04043 -0.07192)
(0.03601 -0.05065 -0.06027)
(0.03931 -0.05407 -0.05740)
(0.04535 -0.05603 -0.04591)
(0.05078 -0.05445 -0.03770)
(0.05759 -0.05344 -0.03114)
(0.05964 -0.05779 -0.00995)
(0.06327 -0.06342 0.00055)
(0.06655 -0.06311 0.01836)
(0.06715 -0.06581 0.03062)
(0.06173 -0.06541 0.05120)
(0.05399 -0.06376 0.07505)
(0.05396 -0.05844 0.07207)
(0.05091 -0.04626 0.07797)
(0.04962 -0.03914 0.07648)
(0.04401 -0.03926 0.08119)
(0.04313 -0.03263 0.07819)
(0.04559 -0.03279 0.07165)
(0.04513 -0.03339 0.07004)
(0.04531 -0.02582 0.05996)
(0.04722 -0.02624 0.05089)
(0.02594 -0.01481 0.02278)
(0.00611 -0.00371 0.00496)
(-0.00240 0.00146 -0.00185)
(-0.06598 -0.00789 -0.08803)
(-0.05965 -0.01352 -0.09528)
(-0.05673 -0.01802 -0.10469)
(-0.05154 -0.02254 -0.11287)
(-0.04495 -0.02202 -0.11402)
(-0.04263 -0.02392 -0.12227)
(-0.02582 -0.02255 -0.11233)
(-0.02450 -0.02179 -0.11094)
(-0.02000 -0.01528 -0.10286)
(-0.01595 -0.01521 -0.09873)
(-0.00663 -0.01681 -0.09127)
(0.00046 -0.02418 -0.08415)
(0.01870 -0.03197 -0.07657)
(0.01991 -0.03430 -0.07518)
(0.02834 -0.04138 -0.07094)
(0.04297 -0.04538 -0.06228)
(0.04854 -0.04816 -0.06022)
(0.04869 -0.05313 -0.04766)
(0.05344 -0.05334 -0.04215)
(0.06182 -0.05908 -0.02941)
(0.06382 -0.06079 -0.02112)
(0.06740 -0.06163 -0.00679)
(0.06804 -0.06381 0.00873)
(0.06469 -0.06441 0.02979)
(0.06401 -0.06500 0.04213)
(0.06150 -0.06307 0.04596)
(0.05893 -0.06114 0.05916)
(0.04881 -0.05185 0.07440)
(0.04913 -0.04932 0.07969)
(0.04316 -0.04297 0.08157)
(0.04104 -0.03619 0.08056)
(0.04525 -0.03084 0.06686)
(0.04249 -0.03470 0.07201)
(0.04505 -0.03190 0.06075)
(0.04184 -0.02921 0.05044)
(0.00614 -0.00392 0.00443)
(-0.00578 0.00398 -0.00352)
(0.03193 -0.02299 0.03895)
(-0.05170 0.00151 -0.07439)
(-0.05451 0.00144 -0.07449)
(-0.05633 0.00175 -0.07593)
(-0.06256 -0.00230 -0.08043)
(-0.06631 -0.00710 -0.08872)
(-0.06649 -0.01016 -0.09260)
(-0.06541 -0.00955 -0.08894)
(-0.06508 -0.01397 -0.09903)
(-0.06133 -0.01814 -0.10883)
(-0.05345 -0.02136 -0.11606)
(-0.04920 -0.02236 -0.12157)
(-0.04494 -0.02114 -0.12049)
(-0.03399 -0.01704 -0.11143)
(-0.01898 -0.01434 -0.09993)
(-0.01733 -0.01348 -0.09708)
(-0.00427 -0.02068 -0.08668)
(0.00783 -0.02883 -0.08155)
(0.01940 -0.03570 -0.07614)
(0.02575 -0.03965 -0.07237)
(0.02301 -0.03422 -0.07494)
(0.04519 -0.04592 -0.06288)
(0.04836 -0.04673 -0.06078)
(0.05153 -0.04792 -0.05849)
(0.06256 -0.05459 -0.03761)
(0.06335 -0.05976 -0.02515)
(0.06366 -0.05808 -0.02815)
(0.06811 -0.06056 -0.01676)
(0.06736 -0.06426 0.00915)
(0.06867 -0.06209 0.00409)
(0.06669 -0.06480 0.02412)
(0.06502 -0.06262 0.03624)
(0.06065 -0.06244 0.04920)
(0.05084 -0.05065 0.06696)
(0.04465 -0.04598 0.08078)
(0.04372 -0.04339 0.08022)
(0.04241 -0.04078 0.08042)
(0.04299 -0.03511 0.06300)
(0.04258 -0.03366 0.06035)
(0.04014 -0.03115 0.05536)
(0.02676 -0.01889 0.02693)
(0.00358 -0.00249 0.00301)
(0.01563 -0.01099 0.01285)
(0.00307 -0.00215 0.00233)
(-0.01972 -0.00047 -0.07349)
(-0.02249 -0.00001 -0.07379)
(-0.03106 0.00065 -0.07420)
(-0.05096 0.00224 -0.07498)
(-0.05343 0.00203 -0.07528)
(-0.05229 0.00280 -0.07584)
(-0.05530 0.00227 -0.07659)
(-0.06109 -0.00224 -0.08718)
(-0.06014 0.00109 -0.08221)
(-0.06285 -0.00568 -0.09330)
(-0.06654 -0.01031 -0.09851)
(-0.06681 -0.01651 -0.11010)
(-0.06620 -0.01948 -0.11670)
(-0.05520 -0.02197 -0.11981)
(-0.05148 -0.02248 -0.12183)
(-0.04828 -0.02108 -0.12062)
(-0.04795 -0.01961 -0.11949)
(-0.04426 -0.01580 -0.11415)
(-0.02192 -0.01353 -0.10096)
(-0.01995 -0.01297 -0.09836)
(-0.01103 -0.01729 -0.08923)
(0.00694 -0.02560 -0.08219)
(0.01805 -0.03116 -0.07639)
(0.02220 -0.03374 -0.07517)
(0.03692 -0.03932 -0.06578)
(0.04824 -0.04575 -0.06119)
(0.05136 -0.04682 -0.05895)
(0.05110 -0.04592 -0.05942)
(0.06284 -0.05043 -0.04503)
(0.06656 -0.05125 -0.04105)
(0.06957 -0.05840 -0.02148)
(0.07400 -0.05823 -0.01659)
(0.06755 -0.06273 0.02797)
(0.06575 -0.06238 0.03427)
(0.06333 -0.06211 0.04183)
(0.05522 -0.05359 0.05729)
(0.04510 -0.04604 0.07965)
(0.04420 -0.04371 0.07909)
(0.04287 -0.04119 0.07927)
(0.03986 -0.03704 0.07484)
(0.04089 -0.03391 0.06017)
(0.03820 -0.02918 0.04467)
(0.01317 -0.00965 0.01044)
(-0.00301 0.00218 -0.00196)
(0.00100 -0.00072 0.00072)
(0.02665 0.00543 -0.04596)
(0.02065 0.00411 -0.05139)
(0.01797 0.00272 -0.05239)
(0.01098 0.00108 -0.06000)
(0.00882 -0.00080 -0.06606)
(0.00449 -0.00039 -0.06534)
(-0.00875 -0.00169 -0.06884)
(-0.01686 -0.00098 -0.07303)
(-0.01579 -0.00062 -0.07355)
(-0.01857 -0.00005 -0.07392)
(-0.02155 0.00054 -0.07416)
(-0.02949 0.00283 -0.07734)
(-0.04374 0.00368 -0.07782)
(-0.05009 0.00372 -0.07958)
(-0.05715 0.00318 -0.08452)
(-0.06359 -0.00278 -0.09386)
(-0.07044 -0.00658 -0.09912)
(-0.06730 -0.01641 -0.11342)
(-0.06700 -0.01853 -0.11576)
(-0.06144 -0.02105 -0.11876)
(-0.05993 -0.02158 -0.12028)
(-0.05092 -0.02124 -0.12094)
(-0.05044 -0.01963 -0.11968)
(-0.04532 -0.01770 -0.11334)
(-0.03249 -0.01453 -0.10477)
(-0.02332 -0.01587 -0.09727)
(-0.01590 -0.01871 -0.09114)
(-0.00415 -0.02120 -0.08583)
(0.01643 -0.03033 -0.07692)
(0.02121 -0.03346 -0.07559)
(0.03080 -0.03805 -0.07059)
(0.04620 -0.04344 -0.06370)
(0.05175 -0.04666 -0.06147)
(0.05840 -0.04636 -0.05451)
(0.06812 -0.04821 -0.04461)
(0.06996 -0.05249 -0.03663)
(0.07182 -0.05317 -0.03161)
(0.07566 -0.05513 -0.02301)
(0.07188 -0.05987 -0.00487)
(0.07038 -0.06120 0.01389)
(0.06741 -0.06245 0.02930)
(0.06548 -0.06182 0.03561)
(0.06385 -0.06170 0.04037)
(0.05885 -0.05755 0.05186)
(0.04716 -0.04850 0.07591)
(0.04448 -0.04699 0.06840)
(0.04238 -0.04268 0.07199)
(0.03394 -0.03226 0.07089)
(0.03911 -0.03352 0.06168)
(0.04011 -0.03280 0.05529)
(0.03823 -0.03050 0.04885)
(0.03007 -0.02309 0.03058)
(0.00699 -0.00514 0.00581)
(0.00193 0.00044 -0.00255)
(0.00463 0.00119 -0.00668)
(0.02533 0.00618 -0.04428)
(0.02099 0.00365 -0.05492)
(0.01325 0.00418 -0.06363)
(0.01293 0.00051 -0.06541)
(0.00438 -0.00051 -0.07018)
(-0.00183 -0.00227 -0.07348)
(-0.00596 -0.00076 -0.07586)
(-0.00673 -0.00097 -0.07533)
(-0.01906 0.00069 -0.07770)
(-0.03104 0.00055 -0.07991)
(-0.03226 0.00220 -0.07751)
(-0.04187 0.00422 -0.07875)
(-0.04537 0.00780 -0.08020)
(-0.06380 0.00364 -0.08262)
(-0.06721 0.00283 -0.08415)
(-0.06796 0.00168 -0.09037)
(-0.07437 -0.00121 -0.09823)
(-0.07335 -0.01133 -0.10727)
(-0.08108 -0.00492 -0.10667)
(-0.07286 -0.01452 -0.11786)
(-0.06871 -0.01284 -0.11672)
(-0.05952 -0.01853 -0.11959)
(-0.05792 -0.01663 -0.11754)
(-0.05512 -0.01827 -0.11390)
(-0.04618 -0.01119 -0.10797)
(-0.03549 -0.01573 -0.10337)
(-0.02426 -0.02120 -0.09864)
(-0.00985 -0.02393 -0.09061)
(0.00317 -0.03379 -0.08729)
(0.01505 -0.03965 -0.08362)
(0.03164 -0.04224 -0.07320)
(0.04178 -0.04334 -0.06614)
(0.04921 -0.04832 -0.06223)
(0.05864 -0.04782 -0.05275)
(0.06676 -0.04842 -0.04527)
(0.06658 -0.05212 -0.03837)
(0.07161 -0.05551 -0.02582)
(0.06688 -0.05735 -0.01149)
(0.06484 -0.05886 0.00500)
(0.06255 -0.06036 0.02526)
(0.05185 -0.05337 0.05220)
(0.04904 -0.05348 0.04227)
(0.04982 -0.05142 0.06588)
(0.03701 -0.04185 0.06486)
(0.03220 -0.03630 0.07261)
(0.02824 -0.03080 0.07114)
(0.03258 -0.02937 0.06309)
(0.03053 -0.02726 0.05313)
(0.01472 -0.01643 0.03735)
(0.00730 -0.00827 0.01841)
(0.00275 -0.00312 0.00682)
(0.00138 0.00044 -0.00217)
(0.01655 0.00684 -0.04256)
(0.01577 0.00588 -0.06222)
(0.00780 0.00527 -0.07072)
(0.00685 0.00475 -0.07147)
(0.00500 0.00384 -0.07290)
(0.00155 -0.00110 -0.07507)
(0.00106 0.00298 -0.07640)
(-0.00476 0.00052 -0.07854)
(-0.01072 -0.00052 -0.08206)
(-0.02467 -0.00290 -0.08206)
(-0.03243 0.00178 -0.08314)
(-0.03971 0.00222 -0.08121)
(-0.04248 0.00545 -0.07939)
(-0.05253 0.00706 -0.08137)
(-0.06240 0.00473 -0.08355)
(-0.07845 0.00491 -0.08740)
(-0.07986 0.00427 -0.09006)
(-0.07718 -0.00417 -0.10099)
(-0.08758 0.00110 -0.10330)
(-0.08065 -0.00527 -0.11129)
(-0.07888 -0.00608 -0.11223)
(-0.06982 -0.01471 -0.11737)
(-0.07865 -0.00871 -0.11288)
(-0.06190 -0.01993 -0.11803)
(-0.05584 -0.02006 -0.11387)
(-0.04609 -0.01293 -0.10865)
(-0.03697 -0.02149 -0.10469)
(-0.01974 -0.03615 -0.09994)
(-0.01306 -0.03027 -0.09597)
(-0.01431 -0.03991 -0.09843)
(0.00306 -0.03635 -0.08863)
(0.01668 -0.04792 -0.08559)
(0.02574 -0.05230 -0.08511)
(0.03081 -0.04859 -0.07856)
(0.04046 -0.04869 -0.07099)
(0.04948 -0.04722 -0.06299)
(0.05425 -0.05607 -0.05246)
(0.05712 -0.05144 -0.05521)
(0.06016 -0.05483 -0.04772)
(0.06372 -0.05253 -0.03928)
(0.06693 -0.05619 -0.02675)
(0.06388 -0.05704 -0.02846)
(0.05964 -0.05869 -0.01607)
(0.05892 -0.05787 -0.01008)
(0.05584 -0.05709 0.01752)
(0.04700 -0.05266 0.03699)
(0.04297 -0.04926 0.05980)
(0.03996 -0.04945 0.04938)
(0.03377 -0.04434 0.06734)
(0.00960 -0.02986 0.07061)
(0.02244 -0.03336 0.07020)
(0.00732 -0.02634 0.06922)
(0.02275 -0.02672 0.05930)
(0.02102 -0.02437 0.05355)
(0.00556 -0.02533 0.06875)
(0.01574 -0.01892 0.04183)
(0.00155 -0.00356 0.00838)
(0.00036 0.00014 -0.00068)
(0.01124 0.00441 -0.04079)
(0.00447 0.00478 -0.05553)
(0.00452 0.00503 -0.07407)
(0.00244 0.00377 -0.07542)
(0.00081 0.00469 -0.07662)
(-0.00072 0.00372 -0.07769)
(-0.01179 0.00307 -0.08365)
(-0.02475 0.00299 -0.08534)
(-0.03950 0.00264 -0.08526)
(-0.04157 0.00518 -0.08339)
(-0.05520 0.00783 -0.08507)
(-0.05996 0.00368 -0.08525)
(-0.06722 0.00433 -0.08463)
(-0.08508 0.00689 -0.08698)
(-0.08553 0.00654 -0.08824)
(-0.08826 0.00655 -0.08902)
(-0.07891 -0.00032 -0.09835)
(-0.09022 0.00310 -0.10168)
(-0.08813 0.00105 -0.10433)
(-0.08651 -0.00210 -0.10530)
(-0.07888 -0.00842 -0.10584)
(-0.07114 -0.01487 -0.11022)
(-0.05703 -0.02714 -0.10648)
(-0.04959 -0.02411 -0.10915)
(-0.04644 -0.02411 -0.10465)
(-0.01960 -0.03940 -0.10053)
(-0.01522 -0.04285 -0.09939)
(-0.00950 -0.04306 -0.09720)
(0.01234 -0.05385 -0.08854)
(0.02438 -0.05588 -0.08322)
(0.03416 -0.05314 -0.07642)
(0.04330 -0.05843 -0.06667)
(0.05275 -0.05986 -0.05296)
(0.05582 -0.06040 -0.04402)
(0.05627 -0.06095 -0.04176)
(0.05986 -0.06007 -0.03114)
(0.05774 -0.05874 -0.01717)
(0.05624 -0.05925 -0.01314)
(0.05359 -0.05517 0.01244)
(0.05308 -0.05856 0.00545)
(0.04714 -0.05483 0.02861)
(0.02765 -0.05218 0.04622)
(0.03139 -0.04637 0.05770)
(0.02337 -0.05039 0.05182)
(0.01273 -0.03258 0.06525)
(0.00242 -0.02734 0.07111)
(0.00271 -0.02560 0.06978)
(0.01224 -0.02493 0.05616)
(0.01047 -0.01625 0.03852)
(-0.00082 -0.02238 0.06491)
(0.00134 -0.00457 0.01178)
(0.00023 -0.00091 0.00235)
(-0.00046 -0.00030 0.00090)
(0.00347 0.00260 -0.02671)
(0.00143 0.00684 -0.03837)
(0.00183 0.00617 -0.07574)
(-0.00293 0.00525 -0.07845)
(-0.02261 0.00839 -0.08665)
(-0.03071 0.00624 -0.08606)
(-0.04191 0.00565 -0.08765)
(-0.06076 0.00917 -0.08875)
(-0.06602 0.00907 -0.08867)
(-0.06739 0.00905 -0.08766)
(-0.07351 0.00574 -0.08558)
(-0.08916 0.00695 -0.08690)
(-0.08865 0.00722 -0.08767)
(-0.09147 0.00791 -0.08815)
(-0.09245 0.00650 -0.09542)
(-0.09094 0.00383 -0.10204)
(-0.09009 -0.00044 -0.09593)
(-0.08761 -0.00382 -0.09585)
(-0.07549 -0.00987 -0.10539)
(-0.06568 -0.02054 -0.10097)
(-0.05363 -0.02880 -0.10347)
(-0.05028 -0.03126 -0.10266)
(-0.03106 -0.04203 -0.09961)
(-0.01574 -0.04628 -0.09951)
(-0.01067 -0.04600 -0.09839)
(0.00606 -0.06150 -0.08518)
(0.01426 -0.06331 -0.08068)
(0.02717 -0.06154 -0.06834)
(0.02641 -0.07172 -0.06945)
(0.03568 -0.06933 -0.05921)
(0.04252 -0.06774 -0.05392)
(0.05254 -0.06567 -0.04333)
(0.05405 -0.06299 -0.04378)
(0.05412 -0.06344 -0.04099)
(0.05361 -0.06375 -0.03833)
(0.04942 -0.06257 -0.02169)
(0.05559 -0.05946 -0.01751)
(0.05341 -0.05954 -0.01371)
(0.04613 -0.06392 0.00118)
(0.04124 -0.05843 0.01823)
(0.03676 -0.05849 0.01823)
(0.02508 -0.05303 0.04418)
(0.02093 -0.05141 0.04996)
(0.01794 -0.04398 0.05928)
(0.01677 -0.04985 0.05471)
(-0.00041 -0.02806 0.07228)
(-0.00033 -0.02608 0.07092)
(-0.00325 -0.02720 0.07233)
(-0.00467 -0.02057 0.06073)
(-0.00220 -0.01145 0.03274)
(-0.00109 -0.00173 0.00576)
(0.00103 0.00094 -0.00336)
(-0.00090 -0.00143 0.00484)
(-0.00031 0.00067 -0.00200)
(-0.00339 0.00695 -0.02859)
(-0.00816 0.01144 -0.07816)
(-0.02428 0.01058 -0.08527)
(-0.02189 0.00861 -0.08621)
(-0.04613 0.00920 -0.09110)
(-0.04039 0.00672 -0.09169)
(-0.05502 0.00771 -0.09056)
(-0.06398 0.00897 -0.09004)
(-0.06880 0.00932 -0.08960)
(-0.07096 0.00916 -0.08848)
(-0.08301 0.01064 -0.08872)
(-0.08299 0.00796 -0.08611)
(-0.09441 0.01002 -0.08620)
(-0.09220 0.00798 -0.08730)
(-0.09475 0.00921 -0.08756)
(-0.09929 0.00892 -0.08934)
(-0.10140 0.01303 -0.08686)
(-0.09971 0.00963 -0.09270)
(-0.11088 0.01629 -0.08789)
(-0.09537 0.00117 -0.09068)
(-0.08566 -0.00817 -0.09251)
(-0.07874 -0.01194 -0.09680)
(-0.07388 -0.01656 -0.09324)
(-0.05449 -0.02968 -0.10148)
(-0.05048 -0.03332 -0.10089)
(-0.03799 -0.04282 -0.09759)
(-0.02263 -0.05879 -0.08747)
(-0.01176 -0.04901 -0.09878)
(-0.01472 -0.06561 -0.08661)
(-0.00328 -0.05960 -0.08885)
(0.00950 -0.07285 -0.08254)
(0.01754 -0.07398 -0.07222)
(0.03315 -0.07189 -0.05902)
(0.03518 -0.07258 -0.05586)
(0.03925 -0.07497 -0.04328)
(0.04557 -0.07315 -0.03482)
(0.05217 -0.06573 -0.04013)
(0.05138 -0.06572 -0.03698)
(0.04179 -0.07060 -0.02132)
(0.04287 -0.06804 -0.01226)
(0.03678 -0.07059 0.00026)
(0.03263 -0.06738 0.01012)
(0.02169 -0.05722 0.03674)
(0.01577 -0.06334 0.03031)
(0.01930 -0.05323 0.04803)
(0.01542 -0.05169 0.05336)
(-0.01109 -0.04527 0.07097)
(-0.00558 -0.03675 0.06814)
(-0.01314 -0.03690 0.07528)
(-0.00744 -0.02554 0.07199)
(-0.00761 -0.00665 0.02536)
(-0.01260 -0.00850 0.02819)
(-0.00021 -0.00012 0.00050)
(0.00141 -0.00305 0.00886)
(-0.01304 0.01323 -0.04665)
(-0.02050 0.01360 -0.07680)
(0.00232 -0.00349 0.00813)
(-0.00296 0.00439 -0.01140)
(-0.03249 0.01585 -0.08352)
(-0.03715 0.01215 -0.08718)
(-0.04065 0.00975 -0.09013)
(-0.06046 0.01466 -0.08886)
(-0.05975 0.01121 -0.09223)
(-0.06548 0.00983 -0.09287)
(-0.06931 0.00845 -0.09196)
(-0.07703 0.01319 -0.09065)
(-0.08005 0.01153 -0.09012)
(-0.07349 0.00995 -0.08915)
(-0.10663 0.01407 -0.08739)
(-0.10637 0.01559 -0.08529)
(-0.10641 0.01452 -0.08563)
(-0.12142 0.02090 -0.08206)
(-0.12109 0.02132 -0.08282)
(-0.12028 0.02032 -0.08048)
(-0.11308 0.02060 -0.08280)
(-0.11517 0.02041 -0.08409)
(-0.10509 0.00857 -0.08639)
(-0.10112 0.00349 -0.08303)
(-0.08459 -0.00786 -0.09143)
(-0.07436 -0.01915 -0.08604)
(-0.05785 -0.02982 -0.09849)
(-0.05259 -0.03533 -0.09366)
(-0.04275 -0.04274 -0.09120)
(-0.02739 -0.06384 -0.08372)
(-0.02148 -0.07115 -0.08276)
(-0.01217 -0.06834 -0.07773)
(0.00115 -0.07562 -0.07658)
(0.00728 -0.08256 -0.05945)
(0.01345 -0.08148 -0.05228)
(0.02347 -0.07448 -0.06046)
(0.02979 -0.07357 -0.05472)
(0.03040 -0.07745 -0.03990)
(0.03421 -0.07766 -0.03072)
(0.03565 -0.08206 -0.02165)
(0.04428 -0.07569 -0.02948)
(0.04150 -0.07638 -0.02225)
(0.03199 -0.07332 -0.00904)
(0.03077 -0.07636 -0.00348)
(0.03510 -0.07370 -0.00139)
(0.02650 -0.07153 0.00998)
(0.02810 -0.07423 0.00742)
(0.01709 -0.07047 0.02955)
(0.01620 -0.05802 0.04338)
(0.01218 -0.06991 0.03771)
(0.00387 -0.06554 0.05302)
(0.01516 -0.05458 0.05141)
(-0.00091 -0.05202 0.06643)
(-0.01751 -0.04642 0.07537)
(-0.02666 -0.04301 0.08245)
(-0.02385 -0.03915 0.07882)
(-0.01459 -0.01217 0.03345)
(0.00121 0.00066 -0.00238)
(-0.00171 -0.00127 0.00364)
(-0.00246 0.00166 -0.00583)
(-0.01959 0.01094 -0.04775)
(-0.04312 0.01372 -0.05755)
(-0.06524 0.01855 -0.08590)
(-0.07104 0.01731 -0.08740)
(-0.07468 0.01478 -0.08992)
(-0.08931 0.01381 -0.08964)
(-0.10367 0.01824 -0.08972)
(-0.11900 0.01643 -0.08852)
(-0.12099 0.02035 -0.08439)
(-0.12775 0.02356 -0.08233)
(-0.12600 0.02524 -0.08094)
(-0.13957 0.02956 -0.07178)
(-0.12938 0.02594 -0.07810)
(-0.13126 0.02617 -0.07227)
(-0.11031 0.01000 -0.07815)
(-0.10639 0.00459 -0.06995)
(-0.10063 0.00045 -0.07116)
(-0.09728 -0.00413 -0.06960)
(-0.07047 -0.02420 -0.08497)
(-0.07982 -0.02145 -0.06974)
(-0.05657 -0.03660 -0.08088)
(-0.04658 -0.05007 -0.07662)
(-0.03940 -0.05669 -0.07495)
(-0.02888 -0.07075 -0.06974)
(-0.02506 -0.07685 -0.05955)
(-0.01925 -0.07167 -0.07132)
(-0.01118 -0.08050 -0.05579)
(-0.00471 -0.08160 -0.05482)
(-0.00015 -0.08740 -0.04427)
(0.00780 -0.08614 -0.03648)
(0.01350 -0.08499 -0.04157)
(0.02076 -0.08489 -0.03407)
(0.02182 -0.08529 -0.02621)
(0.02689 -0.08296 -0.02032)
(0.03106 -0.08787 -0.01464)
(0.03611 -0.08170 -0.01920)
(0.03018 -0.07960 -0.00802)
(0.03106 -0.07833 -0.00369)
(0.02280 -0.08014 0.01085)
(0.01361 -0.08600 0.02634)
(0.01865 -0.07958 0.02300)
(0.01234 -0.07272 0.03716)
(0.00343 -0.07460 0.04899)
(-0.01198 -0.06672 0.06568)
(-0.02252 -0.04810 0.07531)
(-0.01663 -0.05994 0.07400)
(-0.02665 -0.04769 0.08163)
(-0.02769 -0.04743 0.08199)
(-0.02262 -0.03239 0.06037)
(-0.01302 -0.01155 0.02670)
(0.00111 0.00080 -0.00182)
(0.00403 0.00287 -0.00835)
(-0.00494 0.00169 -0.00671)
(-0.02226 0.00742 -0.03001)
(-0.03221 0.00955 -0.04025)
(-0.06916 0.01907 -0.08533)
(-0.07557 0.01854 -0.08643)
(-0.08579 0.01793 -0.08857)
(-0.07489 0.01909 -0.08572)
(-0.10567 0.02193 -0.08730)
(-0.10862 0.01818 -0.08817)
(-0.11868 0.01734 -0.08868)
(-0.12258 0.02312 -0.08625)
(-0.12357 0.01972 -0.08747)
(-0.12999 0.02264 -0.08304)
(-0.14244 0.02958 -0.07576)
(-0.13972 0.03124 -0.07538)
(-0.14733 0.03340 -0.06514)
(-0.14375 0.03138 -0.06543)
(-0.14415 0.03060 -0.06350)
(-0.12545 0.01851 -0.07002)
(-0.10924 0.00445 -0.06709)
(-0.10394 0.00087 -0.06819)
(-0.10112 -0.00293 -0.06660)
(-0.09598 -0.00793 -0.06598)
(-0.06191 -0.03992 -0.07043)
(-0.05477 -0.04573 -0.07193)
(-0.04646 -0.06501 -0.05845)
(-0.04121 -0.07409 -0.05377)
(-0.03193 -0.07685 -0.05264)
(-0.02030 -0.08703 -0.04310)
(-0.01920 -0.08795 -0.03970)
(-0.01844 -0.08876 -0.03590)
(0.00026 -0.09049 -0.02907)
(0.00802 -0.08687 -0.03254)
(0.01485 -0.09002 -0.02551)
(0.01797 -0.08871 -0.01163)
(0.02288 -0.08847 -0.00823)
(0.02000 -0.09310 0.00504)
(0.02652 -0.08970 -0.00260)
(0.01985 -0.09328 0.00650)
(0.01869 -0.08929 0.00797)
(0.02031 -0.08441 0.01296)
(0.01464 -0.08774 0.02540)
(0.01267 -0.08852 0.02970)
(0.01174 -0.08696 0.03076)
(0.01089 -0.08958 0.03423)
(0.00430 -0.08592 0.04263)
(-0.00518 -0.08280 0.05956)
(-0.00998 -0.09222 0.07078)
(-0.01436 -0.07283 0.07037)
(-0.02241 -0.06147 0.07701)
(-0.03122 -0.05756 0.08148)
(-0.02658 -0.04562 0.06588)
(-0.02121 -0.02609 0.04570)
(-0.00438 -0.00444 0.00772)
(0.00321 0.00235 -0.00481)
(-0.00847 0.00259 -0.01069)
(-0.00805 0.00228 -0.00948)
(-0.05040 0.01369 -0.05831)
(-0.08073 0.02042 -0.08485)
(-0.10581 0.02242 -0.08678)
(-0.11735 0.03215 -0.08101)
(-0.11653 0.03164 -0.08151)
(-0.13559 0.03537 -0.07763)
(-0.14523 0.03676 -0.07218)
(-0.15162 0.04582 -0.06737)
(-0.14951 0.03970 -0.07208)
(-0.15223 0.03608 -0.06381)
(-0.14824 0.03323 -0.06294)
(-0.14816 0.03196 -0.06087)
(-0.14416 0.02895 -0.06132)
(-0.13208 0.01470 -0.05562)
(-0.10768 0.00135 -0.06509)
(-0.10556 -0.00189 -0.06327)
(-0.09316 -0.01924 -0.05602)
(-0.06953 -0.04290 -0.05713)
(-0.05655 -0.05339 -0.05878)
(-0.04593 -0.07903 -0.04110)
(-0.04389 -0.08160 -0.03968)
(-0.04265 -0.08387 -0.03758)
(-0.02326 -0.08766 -0.03887)
(-0.02999 -0.08712 -0.03302)
(-0.02241 -0.08892 -0.03569)
(-0.02137 -0.08995 -0.03243)
(-0.01148 -0.09525 -0.01834)
(-0.00770 -0.09810 -0.01086)
(-0.00394 -0.09650 -0.01275)
(0.00882 -0.08756 -0.02984)
(0.01151 -0.09293 -0.01059)
(0.00164 -0.09905 0.00267)
(0.01588 -0.08999 -0.00888)
(0.01895 -0.09423 0.00588)
(0.01879 -0.09438 0.00753)
(0.01881 -0.09479 0.00915)
(0.01630 -0.09691 0.01713)
(0.01536 -0.08900 0.02512)
(0.01356 -0.08989 0.02878)
(0.01313 -0.09192 0.02948)
(0.01164 -0.09057 0.03316)
(-0.00186 -0.09183 0.05658)
(0.00365 -0.09946 0.04974)
(-0.00614 -0.09809 0.06504)
(-0.01579 -0.09004 0.07439)
(-0.00913 -0.09768 0.07207)
(-0.02438 -0.09325 0.08661)
(-0.02610 -0.08473 0.08446)
(-0.01429 -0.02183 0.03160)
(-0.01008 -0.02945 0.03028)
(-0.00249 -0.00366 0.00536)
(-0.04435 0.01159 -0.04712)
(-0.01136 0.00304 -0.01231)
(-0.05499 0.01685 -0.04022)
(-0.11662 0.03109 -0.08103)
(-0.13278 0.03924 -0.07679)
(-0.13141 0.03777 -0.07774)
(-0.14468 0.04321 -0.07158)
(-0.14981 0.04567 -0.06785)
(-0.15366 0.04778 -0.06566)
(-0.15748 0.04707 -0.06641)
(-0.16261 0.04598 -0.05886)
(-0.15256 0.03453 -0.05907)
(-0.14925 0.02829 -0.05424)
(-0.11737 -0.00165 -0.05168)
(-0.11763 -0.00899 -0.04513)
(-0.09617 -0.02647 -0.04560)
(-0.07618 -0.03983 -0.05079)
(-0.06767 -0.04993 -0.04924)
(-0.04849 -0.07542 -0.04051)
(-0.04582 -0.08192 -0.03646)
(-0.04412 -0.08487 -0.03421)
(-0.03770 -0.08908 -0.02601)
(-0.02500 -0.09034 -0.03172)
(-0.03286 -0.09761 -0.01464)
(-0.03125 -0.09673 -0.01346)
(-0.02389 -0.09145 -0.02912)
(-0.02333 -0.09781 -0.01365)
(-0.01794 -0.10299 -0.00565)
(-0.01336 -0.10452 0.00413)
(-0.00628 -0.10233 0.00630)
(0.00139 -0.10316 0.01064)
(0.00671 -0.09683 0.00225)
(0.00587 -0.10077 0.01055)
(0.01363 -0.09533 0.00844)
(0.01768 -0.09527 0.00841)
(0.01714 -0.09581 0.01063)
(0.01671 -0.09655 0.01294)
(0.01774 -0.09622 0.01219)
(0.01359 -0.09979 0.02384)
(0.01143 -0.10216 0.03631)
(0.01249 -0.09179 0.03219)
(0.00888 -0.10567 0.04385)
(0.00248 -0.10567 0.05271)
(-0.00381 -0.10421 0.06379)
(-0.00635 -0.10873 0.07381)
(-0.01783 -0.09788 0.08138)
(-0.02159 -0.07663 0.07275)
(-0.01622 -0.07166 0.06255)
(-0.01731 -0.05925 0.05683)
(-0.00514 -0.01618 0.01588)
(-0.00189 -0.00528 0.00549)
(-0.00072 0.00025 -0.00053)
(-0.01945 0.00676 -0.01432)
(-0.00476 0.00159 -0.00280)
(-0.09140 0.02635 -0.05232)
(-0.14332 0.04453 -0.07129)
(-0.07706 0.02756 -0.03717)
(-0.13886 0.04405 -0.07096)
(-0.14758 0.05169 -0.06405)
(-0.15289 0.04817 -0.06535)
(-0.16573 0.05094 -0.05607)
(-0.16132 0.04945 -0.06208)
(-0.16548 0.04617 -0.05194)
(-0.16365 0.04415 -0.05165)
(-0.16786 0.04087 -0.04580)
(-0.15560 0.02627 -0.04580)
(-0.14579 0.01277 -0.04137)
(-0.13234 -0.00429 -0.03731)
(-0.13218 -0.00626 -0.03600)
(-0.10879 -0.02747 -0.03299)
(-0.08217 -0.04511 -0.03899)
(-0.09156 -0.04346 -0.03109)
(-0.07227 -0.05232 -0.03817)
(-0.06522 -0.06527 -0.03088)
(-0.05137 -0.07809 -0.02969)
(-0.04492 -0.08874 -0.02564)
(-0.04501 -0.08739 -0.01456)
(-0.03861 -0.10601 -0.00476)
(-0.03707 -0.11119 0.00129)
(-0.03220 -0.11171 0.00835)
(-0.02986 -0.10900 0.00375)
(-0.02368 -0.10788 0.00779)
(-0.03052 -0.11200 0.01004)
(-0.02162 -0.10879 0.01142)
(-0.01416 -0.10701 0.01184)
(-0.00508 -0.10714 0.01824)
(0.00049 -0.10451 0.01380)
(0.00581 -0.10509 0.02223)
(0.00641 -0.10458 0.02377)
(0.01298 -0.10206 0.02268)
(0.01099 -0.10569 0.03375)
(0.01066 -0.10598 0.03436)
(0.01095 -0.10745 0.04162)
(0.00951 -0.11062 0.04661)
(0.00837 -0.10770 0.04758)
(0.00244 -0.11092 0.06079)
(-0.00228 -0.11520 0.06972)
(-0.00619 -0.11309 0.07340)
(-0.01285 -0.10538 0.08066)
(-0.01085 -0.08269 0.06285)
(-0.01127 -0.07587 0.05987)
(-0.00473 -0.02226 0.01901)
(-0.00388 -0.01470 0.01382)
(0.02192 -0.00871 0.01218)
(-0.00246 0.00094 -0.00127)
(-0.11385 0.04114 -0.04663)
(0.00166 -0.00068 0.00071)
(-0.03761 0.01516 -0.01592)
(-0.14539 0.05253 -0.04781)
(-0.16245 0.05723 -0.05269)
(-0.16660 0.05488 -0.04888)
(-0.16192 0.05711 -0.05010)
(-0.16356 0.05682 -0.05001)
(-0.16989 0.04761 -0.04527)
(-0.16364 0.03783 -0.04110)
(-0.15762 0.02691 -0.04094)
(-0.14675 0.01087 -0.03637)
(-0.13156 -0.00319 -0.03540)
(-0.12374 -0.01080 -0.03217)
(-0.10650 -0.03490 -0.02302)
(-0.08790 -0.05342 -0.01775)
(-0.07976 -0.05622 -0.02475)
(-0.08224 -0.05832 -0.01648)
(-0.06480 -0.07035 -0.02381)
(-0.05585 -0.08022 -0.02110)
(-0.05189 -0.08852 -0.01036)
(-0.04816 -0.08936 -0.00420)
(-0.04426 -0.10105 0.00305)
(-0.04139 -0.10972 0.00786)
(-0.03610 -0.11878 0.01499)
(-0.03324 -0.12107 0.02213)
(-0.02929 -0.13117 0.03553)
(-0.02277 -0.11488 0.01394)
(-0.01852 -0.11273 0.01927)
(-0.02399 -0.12804 0.03271)
(-0.01763 -0.12157 0.03291)
(-0.01196 -0.11593 0.02856)
(-0.00830 -0.11651 0.03377)
(-0.01065 -0.12125 0.03948)
(-0.00834 -0.12000 0.03979)
(-0.00353 -0.11622 0.03446)
(0.00486 -0.10578 0.02562)
(-0.00070 -0.11055 0.03402)
(0.00523 -0.10758 0.03704)
(0.00934 -0.10473 0.03737)
(0.00738 -0.10901 0.04211)
(0.00829 -0.11375 0.04369)
(0.00793 -0.11296 0.05150)
(0.00862 -0.11160 0.04853)
(0.00081 -0.11673 0.06712)
(0.00093 -0.11735 0.06592)
(-0.01087 -0.10656 0.07812)
(-0.01018 -0.09208 0.07066)
(-0.00747 -0.05574 0.04441)
(-0.00476 -0.03122 0.02504)
(-0.00260 -0.01186 0.01000)
(0.00070 0.00277 -0.00250)
(0.00282 0.01116 -0.00982)
(0.00196 0.00771 -0.00698)
(0.01985 -0.00818 0.00847)
(-0.00877 0.00329 -0.00292)
(-0.07888 0.02905 -0.02613)
(0.02374 -0.00951 0.00828)
(-0.05135 0.01888 -0.01630)
(-0.13084 0.04699 -0.04098)
(-0.16164 0.04952 -0.04374)
(-0.12041 0.04213 -0.03611)
(-0.15297 0.05301 -0.04546)
(-0.15316 0.03482 -0.03604)
(-0.15436 0.02843 -0.03507)
(-0.13242 -0.00034 -0.02754)
(-0.13103 -0.00580 -0.02934)
(-0.11939 -0.01604 -0.02284)
(-0.11394 -0.02415 -0.02292)
(-0.08738 -0.05505 -0.01603)
(-0.08293 -0.05884 -0.01477)
(-0.07868 -0.06281 -0.01342)
(-0.07757 -0.06295 -0.01524)
(-0.06321 -0.07460 -0.01467)
(-0.05289 -0.08715 -0.00650)
(-0.05350 -0.08339 -0.00294)
(-0.04658 -0.09844 0.00396)
(-0.04160 -0.11196 0.01499)
(-0.03724 -0.12176 0.02006)
(-0.03390 -0.13357 0.03437)
(-0.03068 -0.13685 0.04006)
(-0.02946 -0.13694 0.04121)
(-0.02453 -0.13388 0.03848)
(-0.01206 -0.12354 0.04204)
(-0.01025 -0.12269 0.04237)
(-0.00987 -0.12406 0.04504)
(-0.00812 -0.12160 0.04374)
(-0.00366 -0.11907 0.04339)
(0.00006 -0.11836 0.04861)
(0.00090 -0.12295 0.05528)
(0.00420 -0.11761 0.05340)
(0.00647 -0.11456 0.04875)
(0.00479 -0.12068 0.06189)
(0.00323 -0.11893 0.06339)
(0.00213 -0.11881 0.06623)
(0.00312 -0.11715 0.06847)
(-0.00127 -0.09218 0.06168)
(-0.00542 -0.04958 0.03839)
(-0.00316 -0.02447 0.01944)
(0.00012 0.00080 -0.00065)
(0.00133 0.00956 -0.00773)
(0.00185 0.01218 -0.00995)
(0.00043 -0.00016 0.00014)
(0.00520 -0.00200 0.00165)
(-0.03317 0.01192 -0.01014)
(-0.11502 0.03248 -0.02829)
(-0.04407 0.01350 -0.01101)
(-0.13961 0.02695 -0.03132)
(-0.14696 0.02433 -0.03383)
(-0.12610 -0.00572 -0.02372)
(-0.12898 0.00735 -0.02575)
(-0.12090 -0.01108 -0.02276)
(-0.11934 -0.01384 -0.02245)
(-0.11332 -0.02114 -0.02089)
(-0.09208 -0.04677 -0.01405)
(-0.08244 -0.05939 -0.01317)
(-0.07895 -0.06258 -0.01191)
(-0.07514 -0.06644 -0.01018)
(-0.07470 -0.06702 -0.01194)
(-0.05546 -0.08778 -0.00065)
(-0.04835 -0.09953 0.00888)
(-0.04745 -0.10277 0.01222)
(-0.04144 -0.11475 0.02003)
(-0.03756 -0.12836 0.02842)
(-0.03706 -0.12987 0.02988)
(-0.03139 -0.13851 0.04181)
(-0.03018 -0.13908 0.04309)
(-0.02954 -0.14123 0.04589)
(-0.02862 -0.14035 0.04576)
(-0.02348 -0.13587 0.04816)
(-0.01154 -0.12538 0.04507)
(-0.01947 -0.14116 0.05512)
(-0.01101 -0.12740 0.04808)
(-0.00944 -0.12548 0.04773)
(-0.00414 -0.12851 0.05721)
(-0.00039 -0.12766 0.06028)
(0.00095 -0.12497 0.05863)
(0.00104 -0.12621 0.06086)
(0.00038 -0.12841 0.07610)
(0.00038 -0.12773 0.07522)
(0.00016 -0.12079 0.07258)
(-0.00004 -0.07269 0.04451)
(-0.00017 -0.03833 0.02387)
(-0.00178 -0.01973 0.01487)
(-0.00017 -0.00135 0.00108)
(0.00089 0.00871 -0.00687)
(0.00126 0.01003 -0.00803)
(-0.01012 0.00315 -0.00256)
(-0.02458 0.00597 -0.00592)
(-0.06746 0.01610 -0.01606)
(-0.02348 0.00259 -0.00558)
(-0.08301 0.00430 -0.01669)
(-0.10706 -0.00925 -0.02020)
(-0.04525 -0.00117 -0.00858)
(-0.06663 -0.00924 -0.01240)
(-0.11415 -0.01592 -0.02122)
(-0.11032 -0.02202 -0.01990)
(-0.09456 -0.04150 -0.01375)
(-0.09187 -0.04308 -0.01326)
(-0.08042 -0.05752 -0.00986)
(-0.07792 -0.06313 -0.01079)
(-0.07207 -0.06204 -0.00386)
(-0.06221 -0.07652 0.00341)
(-0.05431 -0.08708 0.00554)
(-0.05042 -0.09522 0.00835)
(-0.04753 -0.09894 0.01724)
(-0.04432 -0.11153 0.02182)
(-0.03789 -0.12730 0.02815)
(-0.03783 -0.12720 0.02931)
(-0.03753 -0.13026 0.03188)
(-0.03849 -0.12987 0.03267)
(-0.03820 -0.13021 0.03421)
(-0.03295 -0.13647 0.04135)
(-0.03467 -0.13840 0.04532)
(-0.03077 -0.14180 0.04570)
(-0.02915 -0.14314 0.04803)
(-0.02576 -0.14685 0.05476)
(-0.02006 -0.15032 0.06324)
(-0.01525 -0.13955 0.06019)
(-0.01611 -0.15314 0.07087)
(-0.01256 -0.14841 0.06978)
(-0.00873 -0.14002 0.06885)
(-0.00714 -0.13771 0.06733)
(-0.00355 -0.11322 0.05710)
(-0.00118 -0.10040 0.05344)
(-0.00003 -0.10468 0.06074)
(0.00022 -0.09625 0.05828)
(0.00028 -0.03857 0.02318)
(0.00004 -0.02907 0.01799)
(-0.00007 -0.02125 0.01331)
(0.00004 0.00419 -0.00267)
(-0.00459 0.00052 -0.00110)
(-0.01269 -0.00010 -0.00279)
(-0.01240 -0.00160 -0.00235)
(-0.00560 -0.00180 -0.00090)
(-0.01175 -0.00748 -0.00084)
(-0.05767 -0.02961 -0.00693)
(-0.06066 -0.04277 -0.00411)
(-0.01616 -0.01519 -0.00036)
(-0.02962 -0.02555 -0.00079)
(-0.04140 -0.04187 -0.00048)
(-0.05710 -0.06984 0.00728)
(-0.03609 -0.04400 0.00491)
(-0.04810 -0.07862 0.01193)
(-0.04768 -0.09731 0.01854)
(-0.04089 -0.07723 0.01878)
(-0.04212 -0.11054 0.02747)
(-0.03970 -0.11856 0.03143)
(-0.03938 -0.12851 0.03792)
(-0.03858 -0.12910 0.04991)
(-0.03607 -0.13539 0.05383)
(-0.03535 -0.13767 0.05489)
(-0.03332 -0.13272 0.05375)
(-0.02674 -0.13996 0.06234)
(-0.03021 -0.14706 0.05619)
(-0.02450 -0.15330 0.06568)
(-0.01555 -0.09293 0.04285)
(-0.01632 -0.12404 0.05416)
(-0.00817 -0.10223 0.05012)
(-0.00917 -0.10895 0.05317)
(-0.00292 -0.03558 0.01747)
(-0.00320 -0.04380 0.02223)
(-0.00117 -0.03012 0.01575)
(-0.00094 -0.04612 0.02425)
(0.00002 0.00217 -0.00119)
(0.00003 -0.01138 0.00649)
(0.00001 -0.00605 0.00373)
(0.01307 0.00765 0.00110)
(0.00999 0.00940 0.00019)
(-0.00965 -0.01012 0.00095)
(0.00863 0.00904 -0.00090)
(0.00265 0.00399 -0.00082)
(-0.01962 -0.02385 0.00280)
(-0.01550 -0.02894 0.00742)
(0.00027 0.00047 -0.00015)
(0.00021 0.00041 -0.00014)
(-0.01493 -0.03198 0.00915)
(-0.02507 -0.06258 0.01923)
(-0.00556 -0.01333 0.00488)
(-0.01398 -0.03961 0.01899)
(-0.02356 -0.07001 0.03371)
(-0.00807 -0.02411 0.01184)
(-0.01275 -0.04924 0.02224)
(-0.01437 -0.05971 0.02757)
(-0.01728 -0.09105 0.04082)
(-0.00175 -0.00800 0.00382)
(-0.00322 -0.01544 0.00743)
(0.00035 0.00211 -0.00106)
(-0.01004 -0.06037 0.02804)
(-0.00506 -0.03510 0.01736)
(0.00236 0.01769 -0.00896)
(0.00068 0.00954 -0.00482)
(0.00087 0.01827 -0.00951)
(0.00042 0.02121 -0.01131)
(-0.00174 -0.00495 0.00241)
(-0.00289 -0.00865 0.00428)
(-0.00260 -0.00861 0.00433)
(0.00098 0.00440 -0.00222)
)