/*--------------------------------*- C++ -*----------------------------------*\ 
| =========                 |                                                 | 
| \\      /  F ield         | OpenFOAM: The Open Source CFD Toolbox           | 
|  \\    /   O peration     | Version:  4.0                                   | 
|   \\  /    A nd           | Web:      www.OpenFOAM.org                      | 
|    \\/     M anipulation  |                                                 | 
\*---------------------------------------------------------------------------*/ 
FoamFile 
{ 
    version     2.0; 
    format      ascii; 
    class       vectorAverageField; 
    object      values; 
} 
// * * * * * * * * * * * * * * * * * * * * * * * * * * * * * * * * * * * * * // 
 
// Average 
(0 0 0) 
 
// Velocity data on points 
2447
(
(0.00282 -0.00030 -0.00149)
(-0.00159 -0.00012 0.00068)
(-0.00397 -0.00159 0.00192)
(-0.00149 -0.00093 0.00025)
(0.00206 0.00127 -0.00051)
(-0.00784 -0.00444 0.00397)
(-0.00342 -0.00218 0.00089)
(-0.00671 -0.00735 -0.00174)
(-0.00077 -0.00080 -0.00018)
(0.00113 0.00110 0.00034)
(-0.00458 -0.00474 -0.00149)
(-0.00094 -0.00092 -0.00036)
(0.00100 0.00026 0.00004)
(-0.00371 -0.00360 -0.00169)
(-0.00028 0.00006 -0.00000)
(0.00088 -0.00032 -0.00010)
(-0.00285 0.00087 0.00022)
(-0.00014 0.00007 0.00005)
(0.00081 -0.00092 -0.00098)
(-0.00016 0.00018 0.00020)
(0.00705 -0.00276 -0.00277)
(-0.00139 0.00049 0.00071)
(0.00119 -0.00040 -0.00056)
(0.00047 -0.00012 -0.00028)
(-0.01682 0.00386 0.01248)
(-0.01442 0.00112 0.00929)
(-0.01629 -0.00152 0.00918)
(-0.01585 -0.00542 0.00897)
(-0.02839 -0.00461 0.01908)
(-0.02741 -0.00931 0.01564)
(-0.01837 -0.01061 0.00953)
(-0.01164 -0.01176 0.00031)
(-0.01613 -0.01558 0.00388)
(-0.01379 -0.01574 -0.00394)
(-0.01149 -0.01262 -0.00407)
(-0.00903 -0.00981 -0.00391)
(-0.01490 -0.01674 -0.00559)
(-0.01382 -0.01571 -0.00644)
(-0.01098 -0.01247 -0.00627)
(-0.00713 -0.00746 -0.00357)
(-0.00630 -0.00191 -0.00190)
(-0.01208 -0.01219 -0.01010)
(-0.01149 -0.01016 -0.00840)
(-0.00643 -0.00210 -0.00249)
(-0.00392 0.00131 0.00089)
(-0.00546 -0.00086 0.00006)
(-0.00281 0.00329 0.00449)
(-0.00091 0.00107 0.00199)
(-0.00476 0.00261 0.00639)
(-0.00055 0.00061 0.00213)
(0.00007 -0.00007 -0.00045)
(0.00309 -0.00094 -0.00091)
(-0.00142 0.00046 0.00052)
(-0.00541 0.00182 0.00228)
(-0.01420 0.00398 0.00723)
(-0.03577 0.00967 0.01872)
(-0.02862 0.00863 0.01748)
(-0.03077 0.00686 0.02505)
(-0.03394 0.00750 0.02665)
(-0.03435 0.00192 0.02295)
(-0.03000 -0.00581 0.02071)
(-0.02524 -0.01479 0.01281)
(-0.02163 -0.01877 0.00708)
(-0.01782 -0.01987 0.00252)
(-0.01627 -0.02080 -0.00621)
(-0.01898 -0.01995 0.00189)
(-0.01810 -0.02272 -0.00186)
(-0.01618 -0.02061 -0.00745)
(-0.01357 -0.02030 -0.01127)
(-0.01437 -0.02494 -0.01439)
(-0.00895 -0.02005 -0.01346)
(-0.00942 -0.01941 -0.01519)
(-0.00811 -0.01994 -0.01716)
(-0.00923 -0.01367 -0.00974)
(-0.00899 -0.00938 -0.00479)
(-0.00891 0.00008 0.00306)
(-0.01002 -0.00805 -0.00258)
(-0.00811 0.00275 0.01080)
(-0.00551 0.00365 0.01377)
(-0.00338 0.00192 0.01022)
(-0.00943 -0.00144 0.01279)
(-0.00675 0.00145 0.01487)
(-0.00201 0.00071 0.01004)
(-0.00011 0.00007 0.00074)
(-0.00089 -0.00229 0.00741)
(0.00055 0.00124 -0.00318)
(0.00101 0.00244 -0.00624)
(0.00013 -0.00001 0.00002)
(-0.00476 0.00089 0.00061)
(-0.01381 0.00334 0.00328)
(-0.02429 0.00790 0.00972)
(-0.03564 0.00777 0.01054)
(-0.03722 0.01176 0.01501)
(-0.04521 0.01215 0.01930)
(-0.04267 0.01159 0.02200)
(-0.04333 0.01121 0.02309)
(-0.03633 0.00707 0.02480)
(-0.03174 0.00783 0.02433)
(-0.03521 0.00668 0.02624)
(-0.03261 0.00602 0.02804)
(-0.03199 0.00268 0.02365)
(-0.02716 -0.00279 0.02114)
(-0.02567 -0.01000 0.01554)
(-0.02529 -0.01244 0.01273)
(-0.02482 -0.01537 0.00782)
(-0.01963 -0.02001 0.00084)
(-0.01985 -0.02613 -0.00913)
(-0.01930 -0.02776 -0.01640)
(-0.01585 -0.02632 -0.01899)
(-0.01430 -0.02322 -0.01662)
(-0.01015 -0.02103 -0.01631)
(-0.01297 -0.02264 -0.01603)
(-0.01396 -0.02219 -0.01537)
(-0.01612 -0.02338 -0.01398)
(-0.01135 -0.00487 0.00559)
(-0.01261 -0.01698 -0.00636)
(-0.00957 -0.00306 0.01134)
(-0.00965 -0.00250 0.01912)
(-0.00978 -0.01369 0.02269)
(-0.00933 -0.01346 0.02385)
(-0.00485 -0.00919 0.02039)
(-0.00134 -0.00309 0.00776)
(-0.00758 -0.01424 0.02952)
(-0.00578 -0.01202 0.02417)
(-0.00062 -0.00175 0.00418)
(-0.00019 -0.00082 0.00143)
(0.00265 0.00019 0.00003)
(-0.00547 0.00027 -0.00032)
(-0.01353 0.00116 -0.00092)
(-0.02786 0.00381 0.00153)
(-0.03016 0.00227 0.00011)
(-0.03093 0.00518 0.00810)
(-0.03564 0.00813 0.01285)
(-0.03769 0.01046 0.01785)
(-0.03567 0.00894 0.01892)
(-0.03080 0.00734 0.02315)
(-0.03109 0.00744 0.02420)
(-0.03107 0.00740 0.02518)
(-0.03053 0.00723 0.02427)
(-0.03097 0.00730 0.02509)
(-0.03078 0.00294 0.02314)
(-0.02781 -0.00892 0.01628)
(-0.02723 -0.01097 0.01412)
(-0.02668 -0.01335 0.01131)
(-0.02510 -0.01587 0.00489)
(-0.02497 -0.02378 -0.00740)
(-0.02072 -0.02779 -0.01152)
(-0.01915 -0.03008 -0.02084)
(-0.02266 -0.03482 -0.02855)
(-0.02056 -0.03172 -0.02574)
(-0.02153 -0.03234 -0.02328)
(-0.01773 -0.02922 -0.02005)
(-0.01784 -0.02784 -0.01826)
(-0.01764 -0.02599 -0.01598)
(-0.01718 -0.02406 -0.01363)
(-0.01296 -0.02082 0.00035)
(-0.01002 -0.01424 0.02122)
(-0.00974 -0.01566 0.02370)
(-0.01027 -0.01640 0.02163)
(-0.00947 -0.01712 0.02716)
(-0.01148 -0.01934 0.03710)
(-0.01108 -0.01845 0.03535)
(-0.00900 -0.02180 0.03425)
(-0.00478 -0.01360 0.02127)
(-0.00056 -0.00155 0.00232)
(-0.00926 -0.03132 0.04391)
(-0.00249 -0.00815 0.01087)
(-0.00014 -0.00047 0.00062)
(-0.00297 -0.00047 -0.00004)
(-0.00909 -0.00061 0.00082)
(-0.02103 -0.00191 0.00041)
(-0.02502 -0.00428 -0.00105)
(-0.02132 -0.00270 0.00525)
(-0.02337 0.00026 0.01226)
(-0.02382 0.00177 0.01350)
(-0.02159 0.00012 0.01231)
(-0.02186 0.00137 0.01344)
(-0.02685 0.00097 0.01440)
(-0.03018 0.00705 0.02202)
(-0.02892 0.00691 0.02224)
(-0.02950 0.00723 0.02345)
(-0.03026 0.00741 0.02437)
(-0.03110 0.00763 0.02503)
(-0.03297 0.00137 0.02061)
(-0.02888 -0.00919 0.01522)
(-0.02828 0.00124 0.01186)
(-0.02694 -0.00738 0.00813)
(-0.02923 -0.01202 0.01196)
(-0.02830 -0.01448 0.00968)
(-0.02535 -0.02488 -0.01022)
(-0.02284 -0.02344 -0.01381)
(-0.03155 -0.03209 -0.01777)
(-0.02507 -0.02939 -0.01511)
(-0.02035 -0.03752 -0.02510)
(-0.02628 -0.04170 -0.03692)
(-0.02536 -0.04271 -0.03816)
(-0.02495 -0.04358 -0.03915)
(-0.02307 -0.03308 -0.02280)
(-0.02027 -0.03230 -0.02271)
(-0.02014 -0.03060 -0.02065)
(-0.01986 -0.02865 -0.01818)
(-0.01852 -0.02962 -0.01148)
(-0.01419 -0.02277 0.00173)
(-0.01612 -0.01648 0.01047)
(-0.01387 -0.01601 0.01959)
(-0.01547 -0.01678 0.02812)
(-0.00910 -0.02821 0.03638)
(-0.01207 -0.03331 0.04360)
(-0.01373 -0.04603 0.06313)
(-0.00906 -0.03008 0.04060)
(-0.01157 -0.03807 0.05082)
(-0.00392 -0.01317 0.01716)
(-0.00190 -0.00652 0.00842)
(0.00195 -0.00002 -0.00019)
(-0.00039 -0.00002 -0.00001)
(-0.01828 -0.00440 -0.00042)
(-0.02395 -0.00955 -0.00004)
(-0.02378 -0.00756 -0.00001)
(-0.01293 -0.00909 0.00107)
(-0.01889 -0.00135 0.01134)
(-0.02002 0.00026 0.01270)
(-0.01867 0.00102 0.01375)
(-0.02034 0.00012 0.01430)
(-0.02070 0.00347 0.01710)
(-0.02798 0.00742 0.02282)
(-0.02693 0.00835 0.02300)
(-0.02889 0.00823 0.02405)
(-0.03034 0.00809 0.02449)
(-0.03172 0.00321 0.02096)
(-0.02924 0.00862 0.02489)
(-0.02592 0.00551 0.01558)
(-0.02703 0.00312 0.01142)
(-0.02233 -0.01316 -0.00237)
(-0.02438 -0.01980 -0.00882)
(-0.02418 -0.02838 -0.01848)
(-0.03434 -0.03745 -0.03038)
(-0.03049 -0.04597 -0.04063)
(-0.02690 -0.04494 -0.04048)
(-0.02665 -0.04611 -0.04186)
(-0.02775 -0.04862 -0.04399)
(-0.02347 -0.04425 -0.03669)
(-0.02510 -0.04013 -0.03057)
(-0.02300 -0.03339 -0.02336)
(-0.02657 -0.02904 -0.01710)
(-0.02114 -0.02458 -0.00233)
(-0.02486 -0.02595 -0.00633)
(-0.01959 -0.01844 0.01461)
(-0.01920 -0.01764 0.02073)
(-0.01639 -0.01816 0.02573)
(-0.01387 -0.02621 0.03418)
(-0.01582 -0.03235 0.04379)
(-0.01479 -0.04487 0.06283)
(-0.01522 -0.04773 0.06539)
(-0.00607 -0.02066 0.02700)
(-0.01630 -0.04805 0.06720)
(-0.01218 -0.04000 0.05342)
(-0.00459 -0.01810 0.02112)
(-0.00034 -0.00149 0.00179)
(0.00712 -0.00045 -0.00025)
(-0.00024 0.00001 0.00001)
(-0.01106 -0.00130 -0.00006)
(-0.02001 -0.00409 -0.00090)
(-0.02291 -0.01262 -0.00203)
(-0.02437 -0.01066 -0.00129)
(-0.01574 -0.01249 -0.00308)
(-0.01308 -0.01353 -0.00351)
(-0.00913 -0.01125 -0.00014)
(-0.00387 -0.00916 0.00294)
(-0.00938 -0.00676 0.00818)
(-0.00667 -0.00098 0.01114)
(-0.01111 0.00192 0.01485)
(-0.01520 0.00965 0.02228)
(-0.01117 0.01110 0.01983)
(-0.00754 0.00858 0.01276)
(-0.02106 0.00794 0.01533)
(-0.03419 0.01250 0.01697)
(-0.02582 0.00045 0.00463)
(-0.02109 -0.01540 -0.00777)
(-0.01988 -0.02214 -0.01623)
(-0.01399 -0.03385 -0.03197)
(-0.01632 -0.04166 -0.03857)
(-0.01298 -0.04932 -0.04666)
(-0.02745 -0.04690 -0.04292)
(-0.02731 -0.04801 -0.04443)
(-0.02536 -0.05158 -0.04952)
(-0.02869 -0.05257 -0.04548)
(-0.03041 -0.05430 -0.04696)
(-0.02831 -0.03952 -0.03150)
(-0.02689 -0.03521 -0.02620)
(-0.02914 -0.03054 -0.01314)
(-0.02423 -0.01861 0.00755)
(-0.01938 -0.01741 0.02357)
(-0.01763 -0.02027 0.02685)
(-0.01410 -0.02960 0.03734)
(-0.01531 -0.02813 0.05017)
(-0.01604 -0.02752 0.03962)
(-0.01409 -0.02971 0.05520)
(-0.01366 -0.03870 0.06034)
(-0.01509 -0.05447 0.07035)
(-0.01295 -0.04267 0.06171)
(-0.00845 -0.04394 0.05320)
(-0.00293 -0.01289 0.01574)
(-0.00148 -0.00726 0.00934)
(0.00033 -0.00005 0.00000)
(-0.01194 0.00087 0.00065)
(-0.02727 -0.00474 0.00013)
(-0.03318 0.00010 -0.00403)
(-0.02343 -0.00816 -0.00228)
(-0.01000 -0.00832 -0.00744)
(-0.01324 -0.01138 -0.00394)
(-0.01105 -0.01206 -0.00241)
(-0.00747 -0.01176 -0.00440)
(-0.00565 -0.00762 0.00223)
(-0.00509 -0.00708 0.00305)
(0.00652 -0.00933 0.00266)
(0.00961 -0.00912 0.00213)
(0.00835 -0.00757 0.00328)
(0.00086 -0.00014 0.01032)
(-0.00102 0.00731 0.01462)
(0.00542 0.00524 0.00894)
(0.00473 0.01076 0.01400)
(-0.00196 0.00859 0.01784)
(-0.00152 0.00975 0.01146)
(-0.00596 0.00906 0.01152)
(-0.01173 0.00771 0.00871)
(-0.01404 0.00257 0.00494)
(-0.00692 -0.01128 -0.00977)
(0.00611 -0.02561 -0.02635)
(0.00732 -0.03104 -0.03094)
(0.00720 -0.03844 -0.03911)
(-0.00807 -0.04765 -0.04479)
(-0.01444 -0.05633 -0.05045)
(-0.01485 -0.05705 -0.05329)
(-0.02169 -0.05568 -0.04639)
(-0.03245 -0.05789 -0.05264)
(-0.02935 -0.05221 -0.04849)
(-0.02363 -0.04008 -0.03201)
(-0.02874 -0.03092 -0.02202)
(-0.02473 -0.02642 -0.01741)
(-0.02616 -0.02388 -0.00251)
(-0.02181 -0.02031 0.00515)
(-0.01738 -0.01727 0.01138)
(-0.01844 -0.01726 0.01436)
(-0.01890 -0.01787 0.02928)
(-0.02160 -0.01985 0.03607)
(-0.01805 -0.02554 0.04550)
(-0.01826 -0.02535 0.04754)
(-0.01580 -0.03342 0.05907)
(-0.01535 -0.04612 0.06802)
(-0.01219 -0.05731 0.07319)
(-0.00281 -0.02334 0.02688)
(0.00021 0.00291 -0.00316)
(-0.00605 -0.04093 0.05364)
(-0.00465 0.00141 -0.00028)
(-0.02151 0.00375 -0.00230)
(-0.02943 0.00902 -0.00212)
(-0.03234 0.00309 -0.00616)
(-0.02886 -0.00135 -0.00507)
(-0.01237 -0.00685 -0.00772)
(-0.00785 -0.00685 -0.00827)
(-0.00718 -0.00815 -0.00737)
(-0.00382 -0.00837 -0.00640)
(-0.00020 -0.00384 0.00077)
(0.01128 -0.00945 0.00152)
(0.01103 -0.00784 0.00253)
(0.01477 -0.00234 0.00279)
(0.01740 0.00692 0.00581)
(0.01748 0.00651 0.00582)
(0.01738 0.00995 0.00186)
(0.01221 0.00781 0.00276)
(0.01682 0.00902 -0.00100)
(0.03217 0.00607 -0.00718)
(0.01075 0.00341 -0.00504)
(0.00771 -0.00961 -0.01530)
(0.01269 -0.02452 -0.02711)
(0.01437 -0.02903 -0.03090)
(0.01507 -0.03351 -0.03431)
(0.01027 -0.04265 -0.04382)
(-0.00375 -0.05446 -0.05223)
(0.01998 -0.04671 -0.04749)
(-0.00472 -0.05595 -0.04816)
(-0.00998 -0.05528 -0.04553)
(-0.00802 -0.05288 -0.04422)
(-0.01060 -0.04908 -0.04302)
(-0.01618 -0.03443 -0.02535)
(-0.01819 -0.03142 -0.02189)
(-0.01640 -0.02823 -0.01836)
(-0.02467 -0.02582 -0.00710)
(-0.02437 -0.01952 0.00266)
(-0.01904 -0.01662 0.01027)
(-0.01761 -0.01527 0.01300)
(-0.01829 -0.01534 0.01742)
(-0.01932 -0.01620 0.03437)
(-0.02082 -0.01919 0.04454)
(-0.01250 -0.03029 0.05420)
(-0.01369 -0.02514 0.06388)
(-0.01291 -0.03942 0.06754)
(-0.01139 -0.03101 0.06691)
(-0.01128 -0.04940 0.07087)
(-0.00116 -0.04329 0.04844)
(0.00029 -0.00382 0.00382)
(-0.00016 0.00138 -0.00135)
(0.00154 -0.00057 0.00020)
(-0.00239 0.00096 -0.00040)
(-0.01657 0.00607 -0.00266)
(-0.04252 0.01488 -0.00815)
(-0.03864 0.00752 -0.01164)
(-0.04746 0.01751 -0.01119)
(-0.02706 0.00374 -0.01424)
(-0.00916 -0.00597 -0.00961)
(-0.00425 -0.00722 -0.00756)
(-0.00455 -0.00606 -0.00924)
(-0.00133 -0.00658 -0.00730)
(0.00878 -0.00189 0.00089)
(0.01619 -0.00405 -0.00975)
(0.01285 -0.00815 0.00105)
(0.01932 -0.00572 -0.00152)
(0.03172 0.00460 -0.00186)
(0.03082 0.00538 0.00229)
(0.02598 0.01021 0.00477)
(0.03796 0.00501 -0.00909)
(0.03309 0.00448 -0.00987)
(0.03961 0.00330 -0.01191)
(0.03497 0.00276 -0.01283)
(0.02015 -0.02470 -0.02846)
(0.02218 -0.02795 -0.03139)
(0.02299 -0.03164 -0.03382)
(0.02771 -0.03472 -0.03582)
(0.03528 -0.04312 -0.04391)
(0.01093 -0.05153 -0.04575)
(0.01791 -0.04747 -0.04203)
(0.01563 -0.04644 -0.04022)
(0.01425 -0.04551 -0.03837)
(0.00128 -0.03759 -0.02854)
(-0.01205 -0.02935 -0.01920)
(-0.01468 -0.02528 -0.01504)
(-0.01103 -0.01489 0.00168)
(-0.01680 -0.01465 0.00999)
(-0.01453 -0.01359 0.01239)
(-0.01635 -0.01106 0.02353)
(-0.01322 -0.01545 0.04228)
(-0.01289 -0.01264 0.04323)
(-0.01213 -0.02074 0.04892)
(-0.01150 -0.02122 0.06063)
(-0.01135 -0.02446 0.06270)
(-0.01029 -0.02803 0.06463)
(-0.00943 -0.03115 0.06638)
(0.00635 -0.05067 0.05821)
(0.00226 -0.01972 0.01972)
(0.00113 -0.00768 0.00766)
(-0.00117 0.00796 -0.00782)
(-0.00508 0.00214 -0.00132)
(-0.01813 0.00750 -0.00375)
(-0.03177 0.01271 -0.00695)
(-0.02832 0.01226 -0.00700)
(-0.04698 0.01897 -0.01287)
(-0.04359 0.01664 -0.01270)
(-0.00705 -0.00081 -0.01390)
(-0.00938 0.00309 -0.02535)
(-0.00441 -0.00477 -0.01166)
(-0.00158 -0.00491 -0.01045)
(0.01508 -0.00375 -0.01303)
(0.02455 0.00179 -0.01139)
(0.02232 -0.00179 -0.00635)
(0.03011 0.00361 -0.00849)
(0.03408 -0.00039 -0.00440)
(0.04026 0.00251 -0.00426)
(0.04199 0.00948 -0.00334)
(0.04188 0.00773 -0.00341)
(0.04147 0.00464 -0.00703)
(0.04576 0.00224 -0.01413)
(0.04187 0.00117 -0.01499)
(0.04809 0.00005 -0.01709)
(0.05248 -0.00794 -0.02521)
(0.04636 -0.02517 -0.03502)
(0.04501 -0.02699 -0.03731)
(0.05355 -0.03374 -0.04294)
(0.06110 -0.03783 -0.04457)
(0.03478 -0.04873 -0.04580)
(0.02762 -0.04752 -0.04097)
(0.02333 -0.04474 -0.03837)
(0.02136 -0.04362 -0.03629)
(0.01761 -0.03561 -0.02770)
(-0.00663 -0.03030 -0.01955)
(-0.00399 -0.02762 -0.01585)
(-0.00874 -0.02474 -0.01354)
(0.00368 -0.01485 0.00299)
(-0.00200 -0.00787 0.01313)
(0.00095 -0.00672 0.01594)
(-0.00329 -0.00569 0.02342)
(0.01073 -0.00608 0.02539)
(-0.00355 -0.00335 0.03539)
(-0.00529 -0.00678 0.03745)
(0.00153 -0.00065 0.03787)
(-0.00744 -0.01179 0.05193)
(-0.00939 -0.01922 0.05960)
(-0.00940 -0.02227 0.06143)
(-0.00832 -0.02398 0.06257)
(-0.00719 -0.02535 0.06350)
(-0.00714 -0.02879 0.06504)
(0.00876 -0.03493 0.06579)
(0.01139 -0.05143 0.06401)
(0.00519 -0.02295 0.02541)
(-0.00056 0.00304 -0.00307)
(0.00029 -0.00015 0.00008)
(-0.00383 0.00200 -0.00150)
(-0.02117 0.01134 -0.00992)
(-0.04447 0.01935 -0.01257)
(-0.03138 0.01609 -0.02347)
(-0.02547 0.01250 -0.02426)
(-0.01535 0.01286 -0.03160)
(-0.01267 0.00883 -0.02739)
(0.00012 0.00059 -0.02198)
(0.00750 0.00851 -0.03489)
(0.01147 0.00402 -0.03403)
(0.01285 0.00125 -0.02414)
(0.02353 0.00126 -0.02546)
(0.02703 0.00374 -0.01659)
(0.02998 0.00135 -0.01495)
(0.04151 0.00381 -0.01849)
(0.04382 0.00663 -0.00907)
(0.04659 0.00703 -0.00782)
(0.04987 0.00656 -0.00900)
(0.06169 -0.00054 -0.01875)
(0.06880 -0.00273 -0.02208)
(0.07615 -0.00826 -0.03025)
(0.06184 -0.00676 -0.02544)
(0.07887 -0.00998 -0.03393)
(0.07595 -0.01923 -0.03820)
(0.08019 -0.02658 -0.04616)
(0.06702 -0.02987 -0.03923)
(0.06843 -0.03323 -0.04201)
(0.05722 -0.04138 -0.04130)
(0.07520 -0.03787 -0.04513)
(0.05695 -0.04080 -0.03874)
(0.04108 -0.04223 -0.03836)
(0.04033 -0.04380 -0.03356)
(0.04452 -0.04190 -0.02796)
(0.02904 -0.03578 -0.02363)
(0.04000 -0.02821 -0.01240)
(0.01622 -0.02272 -0.00480)
(0.03403 -0.02114 0.00215)
(0.02244 -0.00785 0.01590)
(0.02406 -0.00733 0.01766)
(0.02932 -0.01130 0.02155)
(0.02009 -0.00614 0.03207)
(0.03222 -0.00985 0.03527)
(0.01335 -0.00780 0.04150)
(0.00652 -0.00785 0.04537)
(0.00805 -0.01307 0.04893)
(0.01772 -0.02025 0.05177)
(0.00510 -0.02610 0.06223)
(0.01886 -0.03294 0.06225)
(0.01886 -0.04355 0.06840)
(0.02127 -0.02718 0.05654)
(0.02109 -0.03601 0.06672)
(0.01205 -0.02668 0.03177)
(0.00072 -0.00169 0.00177)
(-0.00176 0.00356 -0.00390)
(-0.00181 0.00117 -0.00111)
(-0.01009 0.00552 -0.00473)
(-0.03371 0.01996 -0.02760)
(-0.01195 0.01281 -0.03973)
(-0.01412 0.01359 -0.03823)
(-0.00261 0.00719 -0.03640)
(-0.00044 0.00730 -0.04329)
(0.00584 0.00841 -0.03683)
(0.00958 0.00913 -0.03685)
(0.02597 0.00748 -0.04105)
(0.02682 0.00199 -0.03487)
(0.03499 0.00187 -0.03132)
(0.03989 0.00099 -0.03064)
(0.04833 0.00390 -0.02948)
(0.06647 -0.00335 -0.03475)
(0.07064 -0.00454 -0.03605)
(0.06260 -0.00190 -0.02767)
(0.07312 -0.00057 -0.02646)
(0.07594 -0.00517 -0.02860)
(0.08461 -0.00626 -0.03243)
(0.08780 -0.01151 -0.03648)
(0.08405 -0.01998 -0.03976)
(0.09127 -0.02453 -0.04513)
(0.08427 -0.02312 -0.03929)
(0.08898 -0.02884 -0.03945)
(0.08713 -0.02960 -0.03858)
(0.06506 -0.03653 -0.03953)
(0.05780 -0.03893 -0.03558)
(0.07363 -0.03924 -0.03050)
(0.07296 -0.03914 -0.02844)
(0.05510 -0.03268 -0.01408)
(0.05948 -0.03202 -0.00834)
(0.03988 -0.02564 -0.00204)
(0.05427 -0.02544 -0.00097)
(0.03102 -0.00991 0.01499)
(0.03668 -0.01351 0.01601)
(0.04923 -0.01596 0.02617)
(0.04766 -0.01552 0.03076)
(0.04832 -0.01632 0.03211)
(0.03652 -0.01063 0.03657)
(0.01542 -0.01031 0.04573)
(0.03549 -0.01299 0.04181)
(0.02121 -0.01317 0.04870)
(0.02083 -0.01515 0.04857)
(0.03022 -0.01900 0.04829)
(0.02313 -0.02608 0.05518)
(0.02694 -0.03462 0.06165)
(0.02010 -0.03392 0.06752)
(0.03174 -0.03588 0.06252)
(0.01866 -0.03005 0.04253)
(0.00355 -0.00710 0.00795)
(0.00267 -0.00288 0.00353)
(0.00299 -0.00195 0.00183)
(-0.01135 0.00757 -0.00778)
(-0.00112 0.00074 -0.00072)
(-0.01301 0.00897 -0.00983)
(-0.02262 0.01892 -0.02841)
(-0.00449 0.01029 -0.04406)
(-0.00453 0.01311 -0.04014)
(0.00314 0.00831 -0.04566)
(0.01000 0.00875 -0.04784)
(0.00954 0.00694 -0.04579)
(0.02564 0.00413 -0.05481)
(0.02238 0.00493 -0.04847)
(0.02514 0.00668 -0.04954)
(0.04581 0.00615 -0.05418)
(0.04879 0.00547 -0.05212)
(0.04894 0.00432 -0.04195)
(0.06303 -0.00050 -0.03959)
(0.07214 -0.00499 -0.03912)
(0.07488 -0.00608 -0.03840)
(0.08361 -0.00968 -0.03869)
(0.09320 -0.01027 -0.04189)
(0.09234 -0.01430 -0.03974)
(0.09776 -0.01743 -0.04632)
(0.08863 -0.01295 -0.03740)
(0.09056 -0.01958 -0.04159)
(0.09308 -0.02431 -0.03981)
(0.08954 -0.02736 -0.03879)
(0.08819 -0.02808 -0.03825)
(0.08589 -0.03015 -0.03800)
(0.07872 -0.03500 -0.03592)
(0.07705 -0.03915 -0.03102)
(0.07734 -0.03975 -0.02983)
(0.07244 -0.03765 -0.02392)
(0.07366 -0.03446 -0.01542)
(0.06655 -0.02942 -0.00213)
(0.07488 -0.02902 0.00599)
(0.07322 -0.02739 0.00909)
(0.06524 -0.02369 0.01601)
(0.05884 -0.02000 0.02519)
(0.05295 -0.01825 0.03049)
(0.05347 -0.01913 0.03148)
(0.04868 -0.01696 0.03359)
(0.04325 -0.01445 0.03746)
(0.04119 -0.01651 0.04340)
(0.03346 -0.01864 0.04616)
(0.03369 -0.02110 0.04533)
(0.02985 -0.02241 0.04980)
(0.04244 -0.02548 0.04756)
(0.04056 -0.03207 0.05375)
(0.04732 -0.03276 0.05597)
(0.03357 -0.03272 0.04224)
(0.00657 -0.00663 0.00800)
(0.00270 -0.00181 0.00175)
(-0.00459 0.00317 -0.00333)
(-0.02351 0.01748 -0.02248)
(-0.01783 0.01346 -0.01729)
(-0.02149 0.01695 -0.02374)
(0.00486 0.01276 -0.04251)
(0.00832 0.01310 -0.04882)
(0.01542 0.01221 -0.05324)
(0.03308 0.01005 -0.05972)
(0.03496 0.01015 -0.06153)
(0.03207 0.00745 -0.05539)
(0.04732 0.00596 -0.05773)
(0.05047 0.00542 -0.05776)
(0.05388 0.00445 -0.05788)
(0.05293 0.00458 -0.05422)
(0.06420 0.00026 -0.05413)
(0.07249 -0.00453 -0.04659)
(0.07614 -0.00706 -0.04356)
(0.08202 -0.01215 -0.04970)
(0.07843 -0.00783 -0.04041)
(0.09158 -0.01270 -0.04390)
(0.09220 -0.01359 -0.04387)
(0.09699 -0.01783 -0.04649)
(0.09669 -0.01782 -0.04553)
(0.09557 -0.01796 -0.04486)
(0.08921 -0.02659 -0.03791)
(0.08814 -0.02743 -0.03791)
(0.08719 -0.02905 -0.03792)
(0.08657 -0.03009 -0.03790)
(0.08265 -0.03375 -0.03565)
(0.08203 -0.03514 -0.03318)
(0.07751 -0.03714 -0.02464)
(0.08454 -0.03575 -0.02404)
(0.08001 -0.03355 -0.01086)
(0.07940 -0.03173 0.00319)
(0.07922 -0.03134 0.00518)
(0.07662 -0.02945 0.00954)
(0.07913 -0.03133 0.01461)
(0.05780 -0.02151 0.02970)
(0.05807 -0.02245 0.03036)
(0.05397 -0.02008 0.03242)
(0.06057 -0.02408 0.03454)
(0.05020 -0.02057 0.04120)
(0.04744 -0.01940 0.04266)
(0.05679 -0.02277 0.04232)
(0.05178 -0.02335 0.04539)
(0.05045 -0.02337 0.04601)
(0.05512 -0.02415 0.04362)
(0.05396 -0.02398 0.04405)
(0.05347 -0.02413 0.04409)
(0.05250 -0.03203 0.05255)
(0.04740 -0.04171 0.05295)
(0.04563 -0.03805 0.04616)
(0.01090 -0.01017 0.01201)
(-0.00323 0.00315 -0.00367)
(0.00094 -0.00067 0.00067)
(-0.00689 0.00508 -0.00567)
(0.00355 0.01103 -0.02438)
(-0.00468 0.01421 -0.03368)
(0.01145 0.01056 -0.03278)
(0.01154 0.01001 -0.04498)
(0.02614 0.00748 -0.05332)
(0.03455 0.00947 -0.06006)
(0.03625 0.00996 -0.06197)
(0.04362 0.00789 -0.06482)
(0.04664 0.00581 -0.06543)
(0.05132 0.00550 -0.06119)
(0.05439 0.00464 -0.06127)
(0.06225 0.00054 -0.06468)
(0.05797 0.00287 -0.05886)
(0.07253 -0.00355 -0.06198)
(0.07685 -0.00871 -0.05997)
(0.08279 -0.01404 -0.05888)
(0.09244 -0.01354 -0.05445)
(0.09573 -0.01507 -0.04853)
(0.09609 -0.01997 -0.04951)
(0.09569 -0.01800 -0.04550)
(0.09458 -0.01891 -0.04611)
(0.09429 -0.01833 -0.04456)
(0.09104 -0.02548 -0.03993)
(0.08353 -0.02618 -0.03834)
(0.08752 -0.02864 -0.03798)
(0.08368 -0.02917 -0.03874)
(0.08592 -0.03693 -0.04092)
(0.08369 -0.03657 -0.03695)
(0.08311 -0.03184 -0.02756)
(0.08284 -0.03333 -0.02757)
(0.08770 -0.03767 -0.02087)
(0.08432 -0.03666 -0.00773)
(0.08045 -0.03239 0.00238)
(0.07887 -0.03152 0.00749)
(0.07855 -0.03763 0.01288)
(0.06774 -0.02770 0.02387)
(0.06439 -0.03211 0.02756)
(0.06709 -0.02749 0.03302)
(0.06306 -0.02830 0.03694)
(0.06359 -0.02538 0.03798)
(0.05710 -0.02565 0.04130)
(0.06797 -0.02994 0.03624)
(0.06224 -0.02700 0.04194)
(0.05774 -0.02481 0.04253)
(0.05785 -0.02437 0.04199)
(0.06875 -0.02737 0.03749)
(0.06164 -0.03090 0.04383)
(0.05162 -0.04043 0.04971)
(0.05539 -0.03561 0.04377)
(0.01568 -0.01358 0.01564)
(-0.00067 0.00062 -0.00071)
(0.00002 0.00018 -0.00022)
(0.00131 0.00458 -0.00932)
(0.00162 0.00338 -0.00413)
(0.01106 0.00961 -0.02586)
(0.01430 0.00949 -0.02955)
(0.02056 0.00774 -0.03807)
(0.03122 0.00516 -0.04802)
(0.03440 0.00671 -0.05301)
(0.03526 0.00623 -0.05807)
(0.03712 0.00997 -0.06148)
(0.04204 0.00803 -0.06453)
(0.04756 0.00579 -0.06708)
(0.05403 0.00503 -0.06852)
(0.05781 0.00322 -0.07158)
(0.07419 -0.00613 -0.07143)
(0.08515 -0.01278 -0.07740)
(0.07933 -0.01283 -0.06896)
(0.08789 -0.01733 -0.05635)
(0.08418 -0.01747 -0.06283)
(0.09181 -0.01832 -0.05608)
(0.08485 -0.02074 -0.05389)
(0.08357 -0.02242 -0.04796)
(0.09298 -0.01922 -0.04510)
(0.08381 -0.02625 -0.04199)
(0.07611 -0.02791 -0.04124)
(0.08208 -0.02704 -0.03914)
(0.07911 -0.02943 -0.04042)
(0.08449 -0.03580 -0.04267)
(0.08499 -0.03937 -0.04245)
(0.08083 -0.03648 -0.03593)
(0.08485 -0.04586 -0.03527)
(0.09130 -0.04483 -0.02403)
(0.08574 -0.04659 -0.02194)
(0.08558 -0.04739 -0.02018)
(0.08238 -0.04479 -0.00143)
(0.07697 -0.04341 0.00533)
(0.07465 -0.04151 0.02035)
(0.07354 -0.04139 0.02098)
(0.06758 -0.03560 0.03064)
(0.06316 -0.03540 0.03619)
(0.06361 -0.02838 0.03732)
(0.06760 -0.03097 0.03756)
(0.06374 -0.02858 0.04261)
(0.06540 -0.02883 0.03965)
(0.06176 -0.02488 0.04014)
(0.07952 -0.02857 0.03186)
(0.07089 -0.02922 0.03531)
(0.07024 -0.03052 0.03899)
(0.07509 -0.02771 0.03534)
(0.06567 -0.03189 0.03786)
(0.02289 -0.01365 0.01732)
(0.00147 -0.00118 0.00136)
(0.00034 0.00071 -0.00076)
(0.00873 0.00696 -0.01052)
(0.01776 0.00829 -0.02315)
(0.03458 0.00581 -0.03132)
(0.03295 0.00642 -0.03616)
(0.03573 0.00756 -0.04705)
(0.04037 0.00673 -0.05670)
(0.03807 0.00806 -0.05755)
(0.04135 0.00671 -0.06047)
(0.04307 0.00959 -0.06482)
(0.05128 0.00817 -0.07299)
(0.05258 0.00423 -0.07522)
(0.06236 -0.00064 -0.07282)
(0.05537 -0.00140 -0.07628)
(0.07528 -0.00965 -0.07269)
(0.07260 -0.01390 -0.07041)
(0.06718 -0.02238 -0.06830)
(0.07805 -0.02236 -0.06213)
(0.07545 -0.02616 -0.05895)
(0.07594 -0.02632 -0.05413)
(0.07588 -0.02370 -0.04598)
(0.07345 -0.02509 -0.04203)
(0.07286 -0.02750 -0.04285)
(0.07785 -0.02983 -0.04001)
(0.07756 -0.02937 -0.04109)
(0.06988 -0.03571 -0.04716)
(0.07473 -0.03933 -0.04765)
(0.07945 -0.03949 -0.04355)
(0.08060 -0.05175 -0.04568)
(0.08102 -0.04698 -0.03488)
(0.08295 -0.04732 -0.02837)
(0.07722 -0.04849 -0.02075)
(0.07752 -0.04359 -0.00832)
(0.07161 -0.04540 -0.00214)
(0.07350 -0.04196 0.01937)
(0.06876 -0.04237 0.02111)
(0.07229 -0.04194 0.02866)
(0.06645 -0.04259 0.02967)
(0.06509 -0.03803 0.03575)
(0.07530 -0.03455 0.03475)
(0.06877 -0.03066 0.03734)
(0.07110 -0.02978 0.03866)
(0.08222 -0.03344 0.03539)
(0.08143 -0.03224 0.03459)
(0.07982 -0.02894 0.03213)
(0.07821 -0.02671 0.03097)
(0.07549 -0.02584 0.03137)
(0.06993 -0.02728 0.03719)
(0.04260 -0.01986 0.02820)
(0.01909 -0.01145 0.01470)
(0.00272 -0.00178 0.00225)
(-0.00085 -0.00053 0.00058)
(0.00291 0.00199 -0.00226)
(0.01636 0.00514 -0.01029)
(0.03128 0.00991 -0.02130)
(0.03551 0.00908 -0.02762)
(0.03752 0.00993 -0.03132)
(0.03991 0.00909 -0.04161)
(0.03748 0.01103 -0.03257)
(0.04002 0.00924 -0.05099)
(0.03957 0.00783 -0.05685)
(0.04030 0.00749 -0.05979)
(0.03442 0.01104 -0.06622)
(0.04659 0.00894 -0.07127)
(0.04500 0.00504 -0.07350)
(0.04374 -0.00182 -0.07699)
(0.05467 -0.00599 -0.07588)
(0.04403 -0.00402 -0.07639)
(0.05910 -0.00940 -0.07548)
(0.06317 -0.02241 -0.06882)
(0.06553 -0.02364 -0.06623)
(0.06435 -0.02489 -0.06449)
(0.06487 -0.02737 -0.06037)
(0.07066 -0.02841 -0.04624)
(0.06779 -0.02724 -0.04608)
(0.06233 -0.02851 -0.04639)
(0.06422 -0.03074 -0.04541)
(0.07167 -0.03264 -0.04272)
(0.06978 -0.03211 -0.04410)
(0.06566 -0.03556 -0.04988)
(0.06570 -0.03617 -0.05104)
(0.07577 -0.03932 -0.04707)
(0.07759 -0.05143 -0.04769)
(0.07950 -0.05267 -0.04487)
(0.07797 -0.05311 -0.04385)
(0.06808 -0.04886 -0.02898)
(0.07436 -0.05078 -0.01628)
(0.05478 -0.04068 -0.00401)
(0.06331 -0.04375 0.00472)
(0.05875 -0.04366 0.01167)
(0.06504 -0.04377 0.02787)
(0.06478 -0.04299 0.02896)
(0.06685 -0.04199 0.03062)
(0.06777 -0.04146 0.03136)
(0.07724 -0.03259 0.03567)
(0.08220 -0.03394 0.03531)
(0.08192 -0.03225 0.03418)
(0.07970 -0.02825 0.03518)
(0.08314 -0.02597 0.03265)
(0.08136 -0.02652 0.03151)
(0.07319 -0.02466 0.03463)
(0.07375 -0.02451 0.03432)
(0.06480 -0.02245 0.03385)
(0.03713 -0.01505 0.02414)
(0.00367 -0.00170 0.00269)
(0.00353 -0.00151 0.00267)
(0.00416 0.00157 -0.00173)
(0.02722 0.00746 -0.01483)
(0.03758 0.01034 -0.02645)
(0.03753 0.01055 -0.02802)
(0.03753 0.01102 -0.03008)
(0.03662 0.01211 -0.03136)
(0.03887 0.01316 -0.04405)
(0.03162 0.01128 -0.05185)
(0.03822 0.00797 -0.05738)
(0.02769 0.01212 -0.06329)
(0.03672 0.00707 -0.06625)
(0.03932 -0.00121 -0.07524)
(0.03918 -0.00306 -0.07527)
(0.04380 -0.00595 -0.07629)
(0.04329 -0.01100 -0.07340)
(0.06137 -0.02348 -0.06740)
(0.05629 -0.02379 -0.06835)
(0.05994 -0.02468 -0.06585)
(0.05435 -0.02949 -0.06457)
(0.05329 -0.03078 -0.06029)
(0.05831 -0.03035 -0.05887)
(0.05967 -0.03194 -0.05511)
(0.05437 -0.03329 -0.05561)
(0.05426 -0.03291 -0.05492)
(0.06244 -0.03453 -0.04777)
(0.06323 -0.03509 -0.05042)
(0.06342 -0.03599 -0.05180)
(0.06485 -0.03651 -0.05249)
(0.06412 -0.04219 -0.05410)
(0.07665 -0.05313 -0.04749)
(0.07244 -0.05253 -0.04516)
(0.06470 -0.05212 -0.03656)
(0.06696 -0.05258 -0.02526)
(0.05297 -0.04206 -0.00732)
(0.05368 -0.04142 -0.00084)
(0.05230 -0.04143 0.00160)
(0.06298 -0.04438 0.02713)
(0.06304 -0.04334 0.02802)
(0.06552 -0.04234 0.02989)
(0.06694 -0.04181 0.03071)
(0.07377 -0.03470 0.03338)
(0.08205 -0.03525 0.03480)
(0.07902 -0.02857 0.03425)
(0.08066 -0.02531 0.03313)
(0.08150 -0.02282 0.03246)
(0.07171 -0.02426 0.03542)
(0.07078 -0.02428 0.03549)
(0.05770 -0.02034 0.03555)
(0.04130 -0.01590 0.02819)
(0.02204 -0.00894 0.01587)
(0.04058 -0.01493 0.02905)
(0.00553 -0.00220 0.00434)
(0.00113 0.00041 -0.00048)
(0.00887 0.00315 -0.00372)
(0.00613 0.00214 -0.00262)
(0.02247 0.00790 -0.00942)
(0.03522 0.01273 -0.01892)
(0.04141 0.01327 -0.02440)
(0.03874 0.01273 -0.02720)
(0.03766 0.01572 -0.02551)
(0.03761 0.01223 -0.02917)
(0.02823 0.01338 -0.03766)
(0.03027 0.01551 -0.03977)
(0.02801 0.01534 -0.04615)
(0.02205 0.01568 -0.05350)
(0.02344 0.01348 -0.06009)
(0.01925 0.01070 -0.06097)
(0.03048 0.00189 -0.06951)
(0.03464 -0.00265 -0.07425)
(0.03899 -0.00527 -0.07543)
(0.03580 -0.00975 -0.07456)
(0.02608 -0.02041 -0.07434)
(0.05485 -0.02482 -0.06714)
(0.04115 -0.03066 -0.07192)
(0.03333 -0.02939 -0.06756)
(0.04798 -0.03307 -0.05907)
(0.05078 -0.03413 -0.05735)
(0.05263 -0.03388 -0.05701)
(0.05611 -0.03535 -0.05223)
(0.05740 -0.03583 -0.05460)
(0.06147 -0.03569 -0.05272)
(0.06282 -0.03705 -0.05379)
(0.05802 -0.04401 -0.06127)
(0.06783 -0.04879 -0.05253)
(0.06263 -0.04859 -0.04949)
(0.05620 -0.05006 -0.04529)
(0.05995 -0.05431 -0.02936)
(0.05289 -0.04535 -0.01463)
(0.05185 -0.04165 -0.00335)
(0.05057 -0.04105 0.00012)
(0.05718 -0.04614 0.01427)
(0.05926 -0.04371 0.02566)
(0.06416 -0.04256 0.02897)
(0.06757 -0.04230 0.03031)
(0.07225 -0.03719 0.03345)
(0.07603 -0.03733 0.03507)
(0.08081 -0.03287 0.03430)
(0.08067 -0.02649 0.03363)
(0.08097 -0.02512 0.03336)
(0.07602 -0.02433 0.03418)
(0.06414 -0.02129 0.03650)
(0.05683 -0.01912 0.03612)
(0.05454 -0.01820 0.03672)
(0.05183 -0.01770 0.03727)
(0.03427 -0.01210 0.02580)
(0.00506 -0.00201 0.00487)
(-0.00401 0.00162 -0.00397)
(0.00066 0.00020 -0.00034)
(0.00806 0.00243 -0.00413)
(0.03970 0.01146 -0.01932)
(0.02466 0.00651 -0.01262)
(0.04459 0.01397 -0.02277)
(0.04064 0.01473 -0.02397)
(0.04033 0.01566 -0.02444)
(0.03380 0.01604 -0.03113)
(0.02740 0.01553 -0.03483)
(0.02023 0.01719 -0.04095)
(0.01789 0.01790 -0.03897)
(0.01574 0.01477 -0.04512)
(0.01209 0.01202 -0.05426)
(0.00385 0.01136 -0.05994)
(0.00964 0.00523 -0.06358)
(0.00740 0.00261 -0.06670)
(0.00454 -0.00357 -0.06845)
(0.03443 -0.00489 -0.07471)
(0.02223 -0.00887 -0.07219)
(0.01353 -0.02102 -0.07425)
(0.02361 -0.02295 -0.07191)
(0.02361 -0.02514 -0.07212)
(0.02176 -0.02676 -0.07140)
(0.03495 -0.03035 -0.06253)
(0.03202 -0.03032 -0.06736)
(0.03022 -0.02694 -0.06792)
(0.04274 -0.02982 -0.05833)
(0.04679 -0.03306 -0.05902)
(0.05131 -0.03609 -0.06338)
(0.05103 -0.03816 -0.06174)
(0.05358 -0.04280 -0.06180)
(0.05488 -0.04467 -0.06142)
(0.05210 -0.04853 -0.05533)
(0.04917 -0.04951 -0.05359)
(0.05035 -0.05074 -0.03831)
(0.04870 -0.04758 -0.03256)
(0.05030 -0.04086 -0.00560)
(0.04814 -0.04303 0.00036)
(0.05164 -0.04647 0.00737)
(0.05152 -0.04256 0.01416)
(0.06077 -0.04458 0.02422)
(0.06465 -0.04433 0.02652)
(0.07346 -0.04038 0.03194)
(0.07313 -0.03671 0.03606)
(0.07768 -0.03455 0.03652)
(0.07461 -0.03073 0.03864)
(0.07626 -0.02494 0.03639)
(0.06259 -0.02019 0.04230)
(0.06358 -0.01894 0.04020)
(0.05798 -0.01639 0.04383)
(0.04891 -0.01101 0.04808)
(0.04035 -0.01056 0.04323)
(0.02568 -0.00692 0.02641)
(0.00723 -0.00200 0.00781)
(-0.00280 0.00107 -0.00335)
(0.00528 0.00111 -0.00309)
(0.02875 0.00669 -0.01689)
(0.04276 0.01376 -0.02648)
(0.04082 0.01776 -0.02699)
(0.04264 0.01972 -0.02770)
(0.03607 0.01630 -0.03069)
(0.01857 0.01435 -0.03879)
(0.02704 0.01579 -0.03494)
(0.01545 0.01494 -0.04245)
(0.00766 0.01376 -0.04574)
(0.01454 0.01516 -0.04371)
(0.00716 0.01365 -0.04884)
(0.00121 0.01054 -0.05226)
(-0.01117 0.00813 -0.05361)
(-0.01103 0.00721 -0.05494)
(0.00579 0.00558 -0.06281)
(-0.01371 0.00698 -0.05719)
(-0.00140 0.00246 -0.06439)
(-0.01450 -0.00103 -0.06589)
(0.00157 -0.01192 -0.07211)
(0.00258 -0.01795 -0.07316)
(0.01253 -0.02411 -0.07538)
(0.00617 -0.02450 -0.07934)
(-0.00479 -0.02624 -0.08343)
(0.02168 -0.03056 -0.07379)
(0.02465 -0.03124 -0.07387)
(0.02146 -0.02678 -0.07205)
(0.02790 -0.02658 -0.06790)
(0.03677 -0.03077 -0.06762)
(0.04272 -0.03362 -0.06681)
(0.04957 -0.03626 -0.06383)
(0.04945 -0.03735 -0.06728)
(0.05296 -0.04599 -0.06573)
(0.04688 -0.04659 -0.06161)
(0.04503 -0.05146 -0.06014)
(0.04874 -0.04572 -0.04468)
(0.04627 -0.04735 -0.03462)
(0.04594 -0.05167 -0.02227)
(0.04758 -0.05588 -0.01229)
(0.05027 -0.04895 0.00042)
(0.04924 -0.04089 0.01141)
(0.06138 -0.04814 0.01535)
(0.06620 -0.04273 0.02454)
(0.06419 -0.04471 0.02954)
(0.07025 -0.03773 0.03454)
(0.07286 -0.03478 0.04065)
(0.06300 -0.03365 0.04856)
(0.06282 -0.03176 0.04844)
(0.06284 -0.02688 0.04746)
(0.06054 -0.02955 0.05008)
(0.05942 -0.02050 0.04643)
(0.05139 -0.01508 0.04776)
(0.04982 -0.01489 0.04843)
(0.04397 -0.01316 0.04680)
(0.01375 -0.00457 0.01565)
(0.00186 -0.00086 0.00294)
(-0.00071 0.00033 -0.00114)
(0.00102 0.00021 -0.00061)
(0.01583 0.00337 -0.00947)
(0.03980 0.00943 -0.02415)
(0.04079 0.01257 -0.02871)
(0.03522 0.01265 -0.03245)
(0.03113 0.01224 -0.03356)
(0.02923 0.01420 -0.03569)
(0.01016 0.01279 -0.04469)
(0.00761 0.01261 -0.04568)
(0.00419 0.01128 -0.04776)
(0.00282 0.01212 -0.05126)
(-0.01379 0.00725 -0.05451)
(-0.01377 0.00696 -0.05509)
(-0.01651 0.00595 -0.05608)
(-0.01915 0.00292 -0.06557)
(-0.02799 0.00282 -0.06637)
(-0.01447 -0.00672 -0.07332)
(-0.02211 -0.01156 -0.07948)
(-0.00778 -0.02043 -0.07672)
(-0.02555 -0.01431 -0.07991)
(-0.00932 -0.02257 -0.08043)
(-0.00993 -0.02505 -0.08566)
(-0.00372 -0.02687 -0.08432)
(0.00221 -0.02826 -0.08370)
(0.01826 -0.02953 -0.08086)
(0.02203 -0.02601 -0.07213)
(0.03122 -0.02853 -0.07261)
(0.03078 -0.02658 -0.07386)
(0.04021 -0.03077 -0.06816)
(0.03843 -0.03213 -0.07273)
(0.04526 -0.04131 -0.07047)
(0.04459 -0.04792 -0.06251)
(0.04429 -0.04998 -0.06130)
(0.04453 -0.05116 -0.05787)
(0.04533 -0.04754 -0.04726)
(0.04633 -0.05617 -0.02730)
(0.05128 -0.05202 -0.02353)
(0.05834 -0.04420 -0.01652)
(0.05559 -0.04682 0.00283)
(0.06147 -0.04618 0.01900)
(0.06308 -0.04564 0.02255)
(0.06411 -0.04602 0.02521)
(0.06703 -0.04152 0.02849)
(0.06191 -0.03443 0.04605)
(0.05948 -0.03089 0.05149)
(0.05908 -0.02491 0.05084)
(0.05566 -0.02133 0.04819)
(0.04772 -0.01897 0.05453)
(0.04843 -0.01587 0.05171)
(0.04397 -0.01295 0.05421)
(0.04528 -0.01470 0.04462)
(0.01516 -0.00564 0.01689)
(0.00116 -0.00039 0.00117)
(0.00063 0.00015 -0.00045)
(0.01863 0.00475 -0.01346)
(0.03457 0.00823 -0.03061)
(0.03810 0.01015 -0.03622)
(0.03417 0.01027 -0.03440)
(0.02814 0.01245 -0.03842)
(0.01997 0.00954 -0.04240)
(0.02686 0.01312 -0.03852)
(0.00828 0.01102 -0.04611)
(0.00623 0.01105 -0.04706)
(0.00483 0.00944 -0.04838)
(0.00265 0.00959 -0.04924)
(0.00091 0.00999 -0.04989)
(-0.01836 0.00471 -0.05618)
(-0.01650 0.00613 -0.05564)
(-0.01967 0.00515 -0.05622)
(-0.02762 0.00260 -0.06710)
(-0.03391 0.00199 -0.06627)
(-0.03188 -0.00500 -0.07516)
(-0.03874 -0.00841 -0.08128)
(-0.03978 -0.00981 -0.08309)
(-0.01888 -0.01967 -0.08190)
(-0.01544 -0.02409 -0.08768)
(-0.00899 -0.02555 -0.08703)
(-0.00756 -0.02610 -0.08862)
(0.00028 -0.02661 -0.09251)
(0.01826 -0.02528 -0.07585)
(0.01228 -0.02108 -0.07736)
(0.03132 -0.03265 -0.07984)
(0.03813 -0.03262 -0.07275)
(0.03902 -0.03990 -0.07106)
(0.04423 -0.05036 -0.05978)
(0.05068 -0.04524 -0.03997)
(0.05478 -0.04957 -0.03238)
(0.05773 -0.04496 -0.00857)
(0.06301 -0.04652 0.02131)
(0.06402 -0.04628 0.02830)
(0.05822 -0.03232 0.05310)
(0.05003 -0.02246 0.05592)
(0.01768 -0.00649 0.01902)
(0.00325 0.00052 -0.00233)
(0.02414 0.00563 -0.02171)
(0.03762 0.01127 -0.04053)
(0.03409 0.00793 -0.03214)
(0.03490 0.01041 -0.04144)
(0.03350 0.01092 -0.04141)
(0.01446 0.00697 -0.04464)
(0.00662 0.00927 -0.04751)
(0.00354 0.00773 -0.04983)
(0.00119 0.00789 -0.05067)
(-0.00718 0.00450 -0.05537)
(-0.02373 0.00203 -0.06103)
(-0.02940 -0.00150 -0.06609)
(-0.02567 0.00488 -0.05877)
(-0.04293 0.00261 -0.06441)
(-0.03565 0.00461 -0.06626)
(-0.04716 0.00397 -0.06542)
(-0.04425 -0.00226 -0.07216)
(-0.05584 -0.00141 -0.07270)
(-0.04318 -0.00742 -0.08125)
(-0.04355 -0.00908 -0.08392)
(-0.03836 -0.01068 -0.08667)
(-0.02968 -0.02110 -0.09320)
(-0.01734 -0.02457 -0.09106)
(-0.01255 -0.02499 -0.09145)
(0.00295 -0.02703 -0.09286)
(-0.00413 -0.00053 0.00364)
(0.01134 0.00144 -0.01058)
(0.03484 0.00681 -0.03789)
(0.03469 0.00910 -0.03916)
(0.03036 0.00802 -0.04239)
(0.01969 0.00694 -0.04328)
(0.01217 0.00480 -0.04654)
(0.01031 0.00417 -0.04859)
(0.00921 0.00293 -0.04933)
(0.00125 0.00336 -0.05400)
(-0.00849 0.00012 -0.05888)
(-0.01455 -0.00012 -0.06225)
(-0.03055 -0.00363 -0.06707)
(-0.03318 -0.00555 -0.06892)
(-0.03635 -0.00004 -0.06794)
(-0.04416 0.00059 -0.06842)
(-0.05063 0.00342 -0.06837)
(-0.05625 -0.00061 -0.07551)
(-0.04974 -0.00662 -0.08169)
(-0.04793 -0.01463 -0.09181)
(-0.04646 -0.02228 -0.10016)
(-0.00366 -0.00049 0.00350)
(0.00256 0.00035 -0.00248)
(0.01556 0.00221 -0.01721)
(0.02368 0.00496 -0.04120)
(0.02151 0.00434 -0.04238)
(0.01538 0.00273 -0.04626)
(0.00817 0.00080 -0.05156)
(-0.00119 -0.00115 -0.05780)
(-0.00693 -0.00300 -0.06188)
(-0.01492 -0.00139 -0.06449)
(-0.02776 -0.00353 -0.06659)
(-0.03159 -0.00158 -0.06782)
(-0.03805 -0.00073 -0.06810)
(-0.05103 -0.00088 -0.07302)
(-0.05180 -0.00121 -0.07165)
(-0.06003 -0.00065 -0.07374)
(-0.05879 -0.00040 -0.07868)
(0.00073 0.00012 -0.00078)
(0.01393 0.00307 -0.02068)
(0.01908 0.00425 -0.03218)
(0.02319 0.00507 -0.04182)
(0.02036 0.00398 -0.04353)
(0.01940 0.00363 -0.04448)
(0.01345 0.00228 -0.05051)
(0.00450 -0.00012 -0.05563)
(-0.00227 -0.00262 -0.05925)
(0.00045 -0.00089 -0.05982)
(-0.01028 -0.00312 -0.06751)
(-0.01509 -0.00188 -0.06904)
(-0.02205 -0.00317 -0.06980)
(-0.01951 -0.00212 -0.07292)
(-0.02827 -0.00243 -0.07096)
(-0.04245 -0.00194 -0.07100)
(0.00194 0.00018 -0.00221)
(0.01943 0.00496 -0.02969)
(0.02235 0.00500 -0.04258)
(0.02610 0.00680 -0.04584)
(0.02246 0.00547 -0.04637)
(0.01931 0.00441 -0.05039)
(0.00973 0.00218 -0.05547)
(0.00142 -0.00052 -0.05958)
(-0.01196 -0.00394 -0.07129)
(-0.01660 -0.00233 -0.07241)
(-0.00040 -0.00008 0.00048)
(0.00988 0.00266 -0.01395)
(0.02067 0.00565 -0.03458)
(0.01672 -0.02190 -0.08274)
(0.03551 -0.03010 -0.07388)
(0.04336 -0.04874 -0.06303)
(0.04767 -0.04974 -0.05698)
(0.06013 -0.04173 -0.02235)
(0.06181 -0.04824 0.01043)
(0.06333 -0.04661 0.02480)
(0.06086 -0.03815 0.04261)
(0.05251 -0.02888 0.05606)
(0.04217 -0.01885 0.06214)
(0.04489 -0.01790 0.05681)
(0.04051 -0.01361 0.04931)
(0.04063 -0.01402 0.04789)
(0.04076 -0.01446 0.04632)
(0.00406 -0.00151 0.00423)
(-0.01275 -0.02249 -0.09703)
(0.00623 -0.02334 -0.09113)
(0.01517 -0.02537 -0.08992)
(0.01912 -0.02676 -0.08406)
(0.03007 -0.02911 -0.07710)
(0.03562 -0.03087 -0.07363)
(0.03623 -0.03323 -0.07365)
(0.03956 -0.04025 -0.07015)
(0.04373 -0.04939 -0.06198)
(0.04941 -0.04605 -0.05915)
(0.05210 -0.04671 -0.04430)
(0.05652 -0.04807 -0.03475)
(0.06186 -0.04233 -0.02577)
(0.06174 -0.04292 -0.01989)
(0.06187 -0.04839 -0.00128)
(0.06344 -0.04729 0.01947)
(0.06306 -0.04710 0.02389)
(0.06412 -0.04747 0.03132)
(0.05343 -0.04176 0.05475)
(0.05199 -0.03372 0.05818)
(0.04517 -0.02852 0.06218)
(0.04354 -0.02282 0.06133)
(0.03925 -0.01823 0.06619)
(0.03791 -0.01623 0.05866)
(0.03945 -0.01434 0.04982)
(0.04049 -0.01535 0.04644)
(0.01638 -0.00647 0.01704)
(0.00168 -0.00068 0.00165)
(-0.04883 -0.02276 -0.10631)
(-0.03101 -0.02333 -0.10296)
(-0.02757 -0.02293 -0.10397)
(-0.01137 -0.02189 -0.10473)
(-0.00747 -0.02189 -0.10018)
(-0.00009 -0.01962 -0.09315)
(0.01148 -0.01762 -0.08582)
(0.01377 -0.02030 -0.08269)
(0.03265 -0.02831 -0.07437)
(0.01965 -0.02125 -0.07920)
(0.03286 -0.02933 -0.07516)
(0.03784 -0.03279 -0.07228)
(0.04607 -0.04194 -0.06377)
(0.04929 -0.04513 -0.06193)
(0.05472 -0.04639 -0.05273)
(0.05927 -0.04421 -0.04566)
(0.06578 -0.04362 -0.03948)
(0.06410 -0.04498 -0.02042)
(0.06612 -0.04966 -0.01009)
(0.06638 -0.04774 0.00699)
(0.06546 -0.04957 0.01910)
(0.05768 -0.04691 0.03846)
(0.04809 -0.04361 0.06189)
(0.04743 -0.03894 0.05947)
(0.04288 -0.02740 0.06581)
(0.04096 -0.02142 0.06501)
(0.03538 -0.02103 0.06993)
(0.03429 -0.01622 0.06829)
(0.03730 -0.01786 0.06245)
(0.03639 -0.01822 0.06082)
(0.03757 -0.01421 0.05322)
(0.04001 -0.01620 0.04500)
(0.02241 -0.01014 0.01994)
(0.00530 -0.00268 0.00438)
(-0.00209 0.00107 -0.00163)
(-0.06487 -0.00847 -0.08415)
(-0.05783 -0.01357 -0.09005)
(-0.05453 -0.01855 -0.09847)
(-0.04898 -0.02285 -0.10548)
(-0.04116 -0.02164 -0.10619)
(-0.03855 -0.02452 -0.11372)
(-0.02035 -0.02108 -0.10442)
(-0.01837 -0.02077 -0.10315)
(-0.01224 -0.01264 -0.09584)
(-0.00776 -0.01192 -0.09228)
(0.00223 -0.01264 -0.08595)
(0.00995 -0.01849 -0.07973)
(0.02846 -0.02539 -0.07399)
(0.03021 -0.02747 -0.07308)
(0.03937 -0.03375 -0.07151)
(0.05445 -0.03833 -0.06421)
(0.06031 -0.04165 -0.06246)
(0.05884 -0.04425 -0.05339)
(0.06292 -0.04439 -0.04831)
(0.06985 -0.04942 -0.03739)
(0.07006 -0.04979 -0.02995)
(0.07144 -0.04959 -0.01611)
(0.06974 -0.05022 -0.00147)
(0.06342 -0.04860 0.01863)
(0.06102 -0.04772 0.03015)
(0.05831 -0.04608 0.03442)
(0.05407 -0.04280 0.04698)
(0.04198 -0.03267 0.06228)
(0.04100 -0.02962 0.06735)
(0.03438 -0.02390 0.07008)
(0.03146 -0.01822 0.06989)
(0.03633 -0.01652 0.05820)
(0.03343 -0.01884 0.06299)
(0.03614 -0.01871 0.05310)
(0.03430 -0.01826 0.04400)
(0.00523 -0.00280 0.00381)
(-0.00506 0.00310 -0.00301)
(0.02554 -0.01388 0.03434)
(-0.05024 -0.00027 -0.07382)
(-0.05312 -0.00027 -0.07377)
(-0.05500 -0.00001 -0.07504)
(-0.06132 -0.00329 -0.07811)
(-0.06526 -0.00796 -0.08498)
(-0.06475 -0.01125 -0.08873)
(-0.06417 -0.00953 -0.08448)
(-0.06349 -0.01468 -0.09355)
(-0.05903 -0.01937 -0.10235)
(-0.05019 -0.02253 -0.10849)
(-0.04482 -0.02405 -0.11328)
(-0.04006 -0.02231 -0.11212)
(-0.02751 -0.01653 -0.10366)
(-0.01087 -0.01145 -0.09320)
(-0.00885 -0.01022 -0.09057)
(0.00479 -0.01593 -0.08061)
(0.01750 -0.02228 -0.07780)
(0.02975 -0.02963 -0.07176)
(0.03719 -0.03298 -0.07133)
(0.03380 -0.02852 -0.07014)
(0.05713 -0.03958 -0.06409)
(0.06030 -0.04054 -0.06240)
(0.06332 -0.04163 -0.06105)
(0.07172 -0.04643 -0.04369)
(0.07067 -0.04967 -0.03346)
(0.07151 -0.04854 -0.03603)
(0.07388 -0.05006 -0.02529)
(0.06946 -0.05080 -0.00106)
(0.07160 -0.04979 -0.00523)
(0.06623 -0.04995 0.01348)
(0.06267 -0.04669 0.02531)
(0.05695 -0.04491 0.03731)
(0.04425 -0.03248 0.05550)
(0.03621 -0.02667 0.06895)
(0.03489 -0.02435 0.06868)
(0.03322 -0.02200 0.06922)
(0.03335 -0.01935 0.05431)
(0.03285 -0.01861 0.05226)
(0.03005 -0.01671 0.04861)
(0.02121 -0.01170 0.02354)
(0.00292 -0.00167 0.00261)
(0.01195 -0.00670 0.01126)
(0.00237 -0.00134 0.00204)
(-0.01834 -0.00160 -0.07316)
(-0.02104 -0.00129 -0.07351)
(-0.02963 -0.00069 -0.07375)
(-0.04947 0.00044 -0.07442)
(-0.05201 0.00026 -0.07458)
(-0.05082 0.00100 -0.07517)
(-0.05394 0.00045 -0.07573)
(-0.05996 -0.00384 -0.08452)
(-0.05858 -0.00114 -0.08097)
(-0.06123 -0.00801 -0.09052)
(-0.06495 -0.01286 -0.09500)
(-0.06443 -0.01952 -0.10495)
(-0.06373 -0.02334 -0.11116)
(-0.05244 -0.02420 -0.11267)
(-0.04713 -0.02455 -0.11364)
(-0.04349 -0.02273 -0.11235)
(-0.04281 -0.02124 -0.11121)
(-0.03792 -0.01685 -0.10611)
(-0.01388 -0.01104 -0.09400)
(-0.01159 -0.01009 -0.09163)
(-0.00252 -0.01329 -0.08188)
(0.01627 -0.01944 -0.07664)
(0.02845 -0.02555 -0.07078)
(0.03281 -0.02818 -0.06986)
(0.04879 -0.03338 -0.06557)
(0.06034 -0.03986 -0.06225)
(0.06329 -0.04079 -0.06099)
(0.06318 -0.04016 -0.06091)
(0.07308 -0.04370 -0.04916)
(0.07574 -0.04524 -0.04509)
(0.07576 -0.04997 -0.02801)
(0.07909 -0.04921 -0.02351)
(0.06606 -0.04767 0.01748)
(0.06353 -0.04675 0.02351)
(0.06029 -0.04563 0.03060)
(0.04948 -0.03624 0.04613)
(0.03661 -0.02677 0.06778)
(0.03534 -0.02468 0.06752)
(0.03364 -0.02243 0.06803)
(0.02981 -0.01853 0.06477)
(0.03083 -0.01804 0.05222)
(0.02800 -0.01578 0.03905)
(0.00973 -0.00564 0.00898)
(-0.00231 0.00138 -0.00166)
(0.00074 -0.00043 0.00062)
(0.02651 0.00698 -0.05013)
(0.02045 0.00557 -0.05397)
(0.01758 0.00433 -0.05434)
(0.01094 0.00230 -0.06079)
(0.00971 -0.00017 -0.06666)
(0.00499 -0.00007 -0.06588)
(-0.00776 -0.00216 -0.06889)
(-0.01556 -0.00195 -0.07267)
(-0.01447 -0.00152 -0.07310)
(-0.01718 -0.00110 -0.07351)
(-0.02009 -0.00065 -0.07382)
(-0.02793 0.00134 -0.07676)
(-0.04218 0.00189 -0.07714)
(-0.04793 0.00161 -0.07858)
(-0.05520 0.00068 -0.08346)
(-0.06190 -0.00558 -0.09152)
(-0.06800 -0.00991 -0.09574)
(-0.06488 -0.02037 -0.10856)
(-0.06439 -0.02260 -0.11055)
(-0.05871 -0.02431 -0.11242)
(-0.05624 -0.02492 -0.11337)
(-0.04618 -0.02333 -0.11278)
(-0.04532 -0.02166 -0.11151)
(-0.03889 -0.01920 -0.10523)
(-0.02522 -0.01348 -0.09687)
(-0.01573 -0.01332 -0.08905)
(-0.00812 -0.01516 -0.08270)
(0.00494 -0.01642 -0.07929)
(0.02661 -0.02479 -0.07083)
(0.03156 -0.02798 -0.06974)
(0.04174 -0.03242 -0.06710)
(0.05803 -0.03822 -0.06233)
(0.06326 -0.04195 -0.06095)
(0.07009 -0.04149 -0.05634)
(0.07739 -0.04292 -0.04731)
(0.07733 -0.04649 -0.03977)
(0.07916 -0.04659 -0.03646)
(0.08137 -0.04794 -0.02820)
(0.07444 -0.04971 -0.01147)
(0.07106 -0.04799 0.00450)
(0.06571 -0.04742 0.01889)
(0.06298 -0.04615 0.02487)
(0.06084 -0.04542 0.02927)
(0.05380 -0.04029 0.04041)
(0.03871 -0.02917 0.06378)
(0.03685 -0.02862 0.05761)
(0.03303 -0.02351 0.06156)
(0.02409 -0.01455 0.06207)
(0.02837 -0.01670 0.05350)
(0.02959 -0.01739 0.04804)
(0.02792 -0.01607 0.04247)
(0.02171 -0.01268 0.02663)
(0.00503 -0.00286 0.00505)
(0.00191 0.00057 -0.00287)
(0.00459 0.00150 -0.00741)
(0.02528 0.00766 -0.04802)
(0.02132 0.00442 -0.05758)
(0.01463 0.00452 -0.06583)
(0.01411 0.00084 -0.06666)
(0.00564 -0.00019 -0.07062)
(-0.00037 -0.00246 -0.07347)
(-0.00429 -0.00115 -0.07564)
(-0.00509 -0.00139 -0.07512)
(-0.01736 -0.00036 -0.07708)
(-0.02871 -0.00105 -0.07882)
(-0.03008 0.00069 -0.07647)
(-0.03962 0.00224 -0.07800)
(-0.04296 0.00582 -0.07941)
(-0.06081 0.00083 -0.08125)
(-0.06411 -0.00019 -0.08259)
(-0.06560 -0.00119 -0.08818)
(-0.07046 -0.00536 -0.09543)
(-0.07041 -0.01529 -0.10303)
(-0.07622 -0.00948 -0.10272)
(-0.06914 -0.01890 -0.11242)
(-0.06346 -0.01715 -0.11096)
(-0.05407 -0.02211 -0.11214)
(-0.05114 -0.02068 -0.11049)
(-0.04843 -0.02155 -0.10614)
(-0.03874 -0.01248 -0.09969)
(-0.02796 -0.01559 -0.09500)
(-0.01640 -0.01990 -0.09033)
(-0.00175 -0.02012 -0.08258)
(0.01185 -0.03050 -0.07959)
(0.02441 -0.03609 -0.07648)
(0.04155 -0.03730 -0.06752)
(0.05247 -0.03956 -0.06191)
(0.05994 -0.04468 -0.05895)
(0.06847 -0.04365 -0.05252)
(0.07581 -0.04382 -0.04707)
(0.07376 -0.04623 -0.04037)
(0.07630 -0.04852 -0.02926)
(0.06943 -0.04827 -0.01617)
(0.06539 -0.04758 -0.00133)
(0.06036 -0.04598 0.01644)
(0.04667 -0.03641 0.04189)
(0.04464 -0.03767 0.03372)
(0.04240 -0.03245 0.05389)
(0.02948 -0.02428 0.05557)
(0.02334 -0.01837 0.06348)
(0.01871 -0.01345 0.06303)
(0.02230 -0.01300 0.05588)
(0.02035 -0.01208 0.04714)
(0.00744 -0.00600 0.03371)
(0.00360 -0.00302 0.01666)
(0.00135 -0.00115 0.00618)
(0.00139 0.00050 -0.00242)
(0.01699 0.00768 -0.04555)
(0.01716 0.00635 -0.06481)
(0.00989 0.00497 -0.07283)
(0.00896 0.00442 -0.07341)
(0.00718 0.00344 -0.07453)
(0.00313 -0.00107 -0.07501)
(0.00346 0.00240 -0.07751)
(-0.00280 0.00023 -0.07830)
(-0.00861 -0.00129 -0.08122)
(-0.02191 -0.00427 -0.08075)
(-0.02962 0.00005 -0.08186)
(-0.03690 0.00021 -0.08021)
(-0.04010 0.00353 -0.07852)
(-0.04904 0.00457 -0.08038)
(-0.05893 0.00170 -0.08223)
(-0.07313 0.00091 -0.08564)
(-0.07496 0.00003 -0.08792)
(-0.07268 -0.00872 -0.09778)
(-0.08060 -0.00439 -0.09991)
(-0.07426 -0.01093 -0.10712)
(-0.07211 -0.01174 -0.10756)
(-0.06354 -0.01969 -0.11128)
(-0.07113 -0.01460 -0.10762)
(-0.05513 -0.02486 -0.11118)
(-0.04898 -0.02371 -0.10636)
(-0.03872 -0.01441 -0.10044)
(-0.02935 -0.02269 -0.09624)
(-0.01149 -0.03726 -0.09167)
(-0.00481 -0.02905 -0.08785)
(-0.00602 -0.04072 -0.09011)
(0.01141 -0.03342 -0.08057)
(0.02437 -0.04489 -0.07742)
(0.03388 -0.04957 -0.07841)
(0.03974 -0.04500 -0.07202)
(0.05026 -0.04593 -0.06602)
(0.06025 -0.04428 -0.05842)
(0.06145 -0.05308 -0.04895)
(0.06607 -0.04764 -0.05367)
(0.06704 -0.05067 -0.04655)
(0.06991 -0.04783 -0.03895)
(0.07082 -0.04925 -0.02859)
(0.06754 -0.05042 -0.02887)
(0.06073 -0.05020 -0.01757)
(0.06011 -0.04897 -0.01254)
(0.05447 -0.04507 0.01157)
(0.04264 -0.03748 0.02984)
(0.03594 -0.03145 0.05001)
(0.03393 -0.03304 0.04198)
(0.02664 -0.02687 0.05812)
(0.00134 -0.01308 0.06417)
(0.01313 -0.01600 0.06287)
(-0.00134 -0.00988 0.06334)
(0.01336 -0.01090 0.05289)
(0.01171 -0.00942 0.04794)
(-0.00310 -0.00896 0.06314)
(0.00829 -0.00706 0.03761)
(0.00009 -0.00106 0.00754)
(0.00037 0.00015 -0.00076)
(0.01220 0.00472 -0.04293)
(0.00628 0.00435 -0.05720)
(0.00688 0.00449 -0.07590)
(0.00482 0.00321 -0.07685)
(0.00339 0.00398 -0.07820)
(0.00188 0.00298 -0.07894)
(-0.00919 0.00231 -0.08354)
(-0.02206 0.00161 -0.08403)
(-0.03587 0.00072 -0.08420)
(-0.03873 0.00300 -0.08215)
(-0.05089 0.00490 -0.08379)
(-0.05546 0.00058 -0.08387)
(-0.06243 0.00088 -0.08309)
(-0.07816 0.00229 -0.08512)
(-0.07877 0.00185 -0.08634)
(-0.08099 0.00157 -0.08707)
(-0.07336 -0.00502 -0.09540)
(-0.08252 -0.00267 -0.09852)
(-0.08070 -0.00469 -0.10083)
(-0.07882 -0.00798 -0.10122)
(-0.07024 -0.01428 -0.10066)
(-0.06327 -0.02055 -0.10449)
(-0.04886 -0.03219 -0.09919)
(-0.04153 -0.02805 -0.10158)
(-0.03790 -0.02755 -0.09717)
(-0.01121 -0.04114 -0.09232)
(-0.00680 -0.04447 -0.09114)
(-0.00126 -0.04364 -0.08872)
(0.02024 -0.05322 -0.08005)
(0.03206 -0.05437 -0.07617)
(0.04244 -0.05072 -0.07025)
(0.05122 -0.05627 -0.06155)
(0.05852 -0.05708 -0.04793)
(0.06059 -0.05701 -0.04033)
(0.06043 -0.05733 -0.03824)
(0.06341 -0.05491 -0.02981)
(0.05859 -0.05054 -0.01786)
(0.05639 -0.05041 -0.01413)
(0.05190 -0.04374 0.00784)
(0.05096 -0.04740 0.00259)
(0.04347 -0.04092 0.02260)
(0.02065 -0.03667 0.04225)
(0.02405 -0.02943 0.05063)
(0.01582 -0.03437 0.04772)
(0.00541 -0.01648 0.05911)
(-0.00572 -0.01093 0.06555)
(-0.00559 -0.00931 0.06429)
(0.00368 -0.01020 0.05118)
(0.00435 -0.00570 0.03476)
(-0.00848 -0.00726 0.06004)
(-0.00049 -0.00113 0.01066)
(-0.00014 -0.00022 0.00212)
(-0.00048 -0.00031 0.00102)
(0.00427 0.00246 -0.02779)
(0.00307 0.00657 -0.04016)
(0.00445 0.00545 -0.07771)
(-0.00009 0.00434 -0.08007)
(-0.01921 0.00723 -0.08696)
(-0.02717 0.00474 -0.08574)
(-0.03773 0.00366 -0.08717)
(-0.05543 0.00618 -0.08761)
(-0.06023 0.00583 -0.08750)
(-0.06156 0.00575 -0.08642)
(-0.06776 0.00210 -0.08379)
(-0.08152 0.00208 -0.08498)
(-0.08116 0.00231 -0.08576)
(-0.08338 0.00270 -0.08622)
(-0.08335 0.00028 -0.09310)
(-0.08273 -0.00214 -0.09882)
(-0.08101 -0.00646 -0.09184)
(-0.07708 -0.01052 -0.09133)
(-0.06628 -0.01588 -0.10021)
(-0.05505 -0.02721 -0.09499)
(-0.04474 -0.03388 -0.09609)
(-0.04135 -0.03616 -0.09509)
(-0.02208 -0.04589 -0.09162)
(-0.00692 -0.04884 -0.09145)
(-0.00219 -0.04759 -0.09011)
(0.01316 -0.06249 -0.07687)
(0.02135 -0.06426 -0.07301)
(0.03369 -0.06061 -0.06184)
(0.03223 -0.07241 -0.06237)
(0.04111 -0.06911 -0.05239)
(0.04752 -0.06627 -0.04822)
(0.05602 -0.06247 -0.03867)
(0.05814 -0.05968 -0.03952)
(0.05753 -0.05978 -0.03688)
(0.05640 -0.05970 -0.03422)
(0.04967 -0.05628 -0.01893)
(0.05595 -0.05130 -0.01742)
(0.05312 -0.05078 -0.01384)
(0.04256 -0.05305 0.00131)
(0.03729 -0.04620 0.01593)
(0.03224 -0.04619 0.01685)
(0.01790 -0.03775 0.04109)
(0.01327 -0.03568 0.04674)
(0.01019 -0.02816 0.05489)
(0.00874 -0.03378 0.05148)
(-0.00851 -0.01166 0.06703)
(-0.00839 -0.00984 0.06562)
(-0.01129 -0.01094 0.06734)
(-0.01133 -0.00682 0.05636)
(-0.00619 -0.00321 0.03011)
(-0.00180 -0.00024 0.00534)
(0.00144 0.00005 -0.00310)
(-0.00110 -0.00142 0.00529)
(-0.00023 0.00067 -0.00216)
(-0.00227 0.00696 -0.03024)
(-0.00494 0.01081 -0.08088)
(-0.01989 0.00936 -0.08749)
(-0.01809 0.00696 -0.08720)
(-0.04204 0.00813 -0.09160)
(-0.03597 0.00465 -0.09147)
(-0.04940 0.00497 -0.09012)
(-0.05828 0.00581 -0.08899)
(-0.06259 0.00596 -0.08857)
(-0.06460 0.00566 -0.08730)
(-0.07537 0.00649 -0.08772)
(-0.07498 0.00373 -0.08462)
(-0.08506 0.00511 -0.08485)
(-0.08392 0.00283 -0.08541)
(-0.08583 0.00377 -0.08568)
(-0.08979 0.00300 -0.08722)
(-0.08998 0.00643 -0.08448)
(-0.08942 0.00299 -0.08974)
(-0.09722 0.00875 -0.08478)
(-0.08434 -0.00575 -0.08660)
(-0.07471 -0.01497 -0.08747)
(-0.06800 -0.01881 -0.09168)
(-0.06238 -0.02337 -0.08729)
(-0.04516 -0.03509 -0.09427)
(-0.04115 -0.03862 -0.09346)
(-0.02795 -0.04842 -0.09010)
(-0.01340 -0.06346 -0.07902)
(-0.00288 -0.05160 -0.09074)
(-0.00562 -0.07044 -0.07824)
(0.00512 -0.06252 -0.08117)
(0.01694 -0.07679 -0.07474)
(0.02485 -0.07721 -0.06513)
(0.03826 -0.07218 -0.05218)
(0.03979 -0.07252 -0.04914)
(0.04184 -0.07330 -0.03731)
(0.04657 -0.07040 -0.02920)
(0.05510 -0.06215 -0.03560)
(0.05361 -0.06157 -0.03248)
(0.03991 -0.06428 -0.01655)
(0.04081 -0.05982 -0.00941)
(0.03205 -0.06034 0.00296)
(0.02716 -0.05597 0.01183)
(0.01448 -0.04291 0.03560)
(0.00815 -0.04998 0.03157)
(0.01139 -0.03765 0.04561)
(0.00720 -0.03578 0.05080)
(-0.01947 -0.02918 0.06840)
(-0.01405 -0.02057 0.06521)
(-0.02118 -0.02106 0.07209)
(-0.01519 -0.00955 0.06718)
(-0.01025 -0.00097 0.02375)
(-0.01478 -0.00290 0.02665)
(-0.00026 -0.00001 0.00046)
(0.00105 -0.00305 0.00955)
(-0.01094 0.01304 -0.04940)
(-0.01714 0.01305 -0.07983)
(0.00190 -0.00343 0.00880)
(-0.00242 0.00434 -0.01229)
(-0.02945 0.01594 -0.08679)
(-0.03386 0.01242 -0.08944)
(-0.03652 0.00937 -0.09163)
(-0.05672 0.01497 -0.09095)
(-0.05529 0.00990 -0.09287)
(-0.05996 0.00758 -0.09280)
(-0.06375 0.00607 -0.09120)
(-0.07118 0.01147 -0.09070)
(-0.07411 0.00955 -0.08951)
(-0.06665 0.00635 -0.08817)
(-0.09662 0.01010 -0.08605)
(-0.09545 0.01039 -0.08396)
(-0.09567 0.00913 -0.08410)
(-0.10826 0.01477 -0.08084)
(-0.10836 0.01490 -0.08063)
(-0.10746 0.01383 -0.07776)
(-0.09950 0.01343 -0.08026)
(-0.10059 0.01282 -0.08113)
(-0.09206 0.00140 -0.08244)
(-0.08827 -0.00325 -0.07763)
(-0.07356 -0.01431 -0.08588)
(-0.06278 -0.02547 -0.07929)
(-0.04741 -0.03627 -0.09185)
(-0.04282 -0.04063 -0.08579)
(-0.03224 -0.04854 -0.08325)
(-0.01638 -0.07102 -0.07610)
(-0.01048 -0.07857 -0.07492)
(-0.00367 -0.07328 -0.06940)
(0.00865 -0.08005 -0.06852)
(0.01363 -0.08710 -0.05225)
(0.01847 -0.08474 -0.04520)
(0.02935 -0.07628 -0.05330)
(0.03422 -0.07430 -0.04766)
(0.03297 -0.07774 -0.03340)
(0.03482 -0.07596 -0.02440)
(0.03304 -0.07842 -0.01572)
(0.04342 -0.07229 -0.02382)
(0.03887 -0.07063 -0.01641)
(0.02702 -0.06416 -0.00301)
(0.02511 -0.06729 0.00202)
(0.02963 -0.06405 0.00260)
(0.02081 -0.06068 0.01306)
(0.02205 -0.06415 0.01127)
(0.00930 -0.05723 0.03161)
(0.00824 -0.04333 0.04239)
(0.00381 -0.05608 0.03959)
(-0.00445 -0.05112 0.05360)
(0.00668 -0.03877 0.04953)
(-0.00993 -0.03584 0.06447)
(-0.02605 -0.03020 0.07321)
(-0.03516 -0.02714 0.08088)
(-0.03205 -0.02352 0.07688)
(-0.01709 -0.00597 0.03182)
(0.00137 0.00019 -0.00223)
(-0.00196 -0.00060 0.00345)
(-0.00227 0.00172 -0.00620)
(-0.01779 0.01106 -0.05013)
(-0.04152 0.01479 -0.06002)
(-0.06252 0.01980 -0.08914)
(-0.06792 0.01846 -0.09026)
(-0.06920 0.01358 -0.09058)
(-0.08267 0.01274 -0.09076)
(-0.09579 0.01605 -0.08922)
(-0.10949 0.01413 -0.08746)
(-0.10931 0.01580 -0.08316)
(-0.11508 0.01869 -0.08110)
(-0.11229 0.01898 -0.07923)
(-0.12451 0.02267 -0.06875)
(-0.11490 0.01893 -0.07516)
(-0.11554 0.01897 -0.06849)
(-0.09604 0.00289 -0.07371)
(-0.09219 -0.00172 -0.06337)
(-0.08681 -0.00573 -0.06441)
(-0.08376 -0.01005 -0.06236)
(-0.05906 -0.03039 -0.07784)
(-0.06720 -0.02727 -0.06199)
(-0.04497 -0.04272 -0.07276)
(-0.03654 -0.05559 -0.06793)
(-0.02890 -0.06277 -0.06643)
(-0.01845 -0.07729 -0.06125)
(-0.01513 -0.08409 -0.05157)
(-0.01000 -0.07835 -0.06321)
(-0.00300 -0.08670 -0.04773)
(0.00252 -0.08705 -0.04695)
(0.00553 -0.09255 -0.03739)
(0.01126 -0.09041 -0.02961)
(0.01662 -0.08854 -0.03473)
(0.02281 -0.08724 -0.02759)
(0.02232 -0.08551 -0.01994)
(0.02559 -0.08132 -0.01396)
(0.02662 -0.08311 -0.00869)
(0.03300 -0.07718 -0.01347)
(0.02515 -0.07265 -0.00256)
(0.02572 -0.06985 0.00194)
(0.01579 -0.07015 0.01607)
(0.00460 -0.07404 0.03156)
(0.01049 -0.06740 0.02683)
(0.00384 -0.05896 0.03941)
(-0.00660 -0.05980 0.05158)
(-0.02139 -0.05178 0.06719)
(-0.03120 -0.03227 0.07425)
(-0.02528 -0.04453 0.07377)
(-0.03555 -0.03154 0.08037)
(-0.03632 -0.03144 0.08056)
(-0.02796 -0.02120 0.05861)
(-0.01490 -0.00676 0.02549)
(0.00122 0.00050 -0.00174)
(0.00459 0.00134 -0.00790)
(-0.00478 0.00184 -0.00702)
(-0.02150 0.00804 -0.03136)
(-0.03127 0.01051 -0.04195)
(-0.06667 0.02076 -0.08859)
(-0.07254 0.02008 -0.08933)
(-0.08056 0.01808 -0.09073)
(-0.07218 0.02085 -0.08875)
(-0.09904 0.02185 -0.08853)
(-0.10048 0.01682 -0.08844)
(-0.10955 0.01550 -0.08784)
(-0.11375 0.02173 -0.08582)
(-0.11400 0.01779 -0.08648)
(-0.11844 0.01881 -0.08176)
(-0.12942 0.02503 -0.07408)
(-0.12479 0.02475 -0.07339)
(-0.13142 0.02656 -0.06168)
(-0.12790 0.02443 -0.06173)
(-0.12832 0.02370 -0.05942)
(-0.11022 0.01163 -0.06539)
(-0.09496 -0.00174 -0.06014)
(-0.09002 -0.00519 -0.06113)
(-0.08745 -0.00875 -0.05910)
(-0.08266 -0.01351 -0.05808)
(-0.05034 -0.04584 -0.06188)
(-0.04319 -0.05190 -0.06327)
(-0.03602 -0.07130 -0.04972)
(-0.03112 -0.08040 -0.04461)
(-0.02146 -0.08385 -0.04344)
(-0.01192 -0.09417 -0.03526)
(-0.01133 -0.09492 -0.03202)
(-0.01112 -0.09553 -0.02841)
(0.00343 -0.09485 -0.02233)
(0.01085 -0.09086 -0.02569)
(0.01535 -0.09164 -0.01923)
(0.01566 -0.08748 -0.00548)
(0.01914 -0.08555 -0.00241)
(0.01385 -0.08773 0.01088)
(0.02047 -0.08334 0.00336)
(0.01321 -0.08723 0.01241)
(0.01173 -0.08208 0.01366)
(0.01281 -0.07454 0.01857)
(0.00573 -0.07615 0.03080)
(0.00345 -0.07642 0.03497)
(0.00233 -0.07447 0.03590)
(0.00132 -0.07691 0.03943)
(-0.00571 -0.07188 0.04721)
(-0.01488 -0.06823 0.06210)
(-0.01977 -0.07624 0.07280)
(-0.02283 -0.05824 0.07116)
(-0.03088 -0.04651 0.07706)
(-0.03872 -0.04287 0.08047)
(-0.03265 -0.03386 0.06511)
(-0.02472 -0.01838 0.04443)
(-0.00491 -0.00313 0.00746)
(0.00345 0.00157 -0.00458)
(-0.00826 0.00287 -0.01116)
(-0.00789 0.00256 -0.00987)
(-0.04897 0.01517 -0.06056)
(-0.07818 0.02254 -0.08773)
(-0.09965 0.02270 -0.08809)
(-0.11112 0.03229 -0.08219)
(-0.10983 0.03140 -0.08266)
(-0.12625 0.03377 -0.07725)
(-0.13393 0.03339 -0.07111)
(-0.13941 0.04190 -0.06674)
(-0.13477 0.03419 -0.07033)
(-0.13718 0.03020 -0.06048)
(-0.13234 0.02641 -0.05911)
(-0.13230 0.02516 -0.05668)
(-0.12840 0.02212 -0.05685)
(-0.11717 0.00851 -0.04928)
(-0.09360 -0.00463 -0.05775)
(-0.09169 -0.00766 -0.05555)
(-0.08011 -0.02453 -0.04740)
(-0.05776 -0.04849 -0.04801)
(-0.04514 -0.05908 -0.04938)
(-0.03595 -0.08465 -0.03118)
(-0.03398 -0.08742 -0.02990)
(-0.03289 -0.08978 -0.02791)
(-0.01494 -0.09467 -0.03082)
(-0.02120 -0.09363 -0.02445)
(-0.01457 -0.09582 -0.02782)
(-0.01406 -0.09675 -0.02480)
(-0.00756 -0.10056 -0.01157)
(-0.00532 -0.10224 -0.00487)
(-0.00336 -0.09930 -0.00646)
(0.01107 -0.09136 -0.02304)
(0.00961 -0.09334 -0.00452)
(-0.00144 -0.09925 0.00825)
(0.01276 -0.08885 -0.00278)
(0.01268 -0.08943 0.01165)
(0.01212 -0.08885 0.01336)
(0.01181 -0.08860 0.01506)
(0.00874 -0.08935 0.02304)
(0.00648 -0.07770 0.03064)
(0.00447 -0.07815 0.03420)
(0.00417 -0.08090 0.03494)
(0.00229 -0.07828 0.03846)
(-0.01165 -0.07755 0.06008)
(-0.00638 -0.08526 0.05419)
(-0.01585 -0.08285 0.06794)
(-0.02507 -0.07415 0.07571)
(-0.01875 -0.08188 0.07453)
(-0.03347 -0.07688 0.08722)
(-0.03460 -0.06913 0.08457)
(-0.01663 -0.01662 0.03094)
(-0.01293 -0.02402 0.03017)
(-0.00286 -0.00279 0.00523)
(-0.04320 0.01292 -0.04883)
(-0.01113 0.00342 -0.01278)
(-0.05377 0.01824 -0.04137)
(-0.11182 0.03239 -0.08220)
(-0.12682 0.04003 -0.07749)
(-0.12450 0.03785 -0.07848)
(-0.13528 0.04169 -0.07142)
(-0.13849 0.04239 -0.06745)
(-0.14193 0.04419 -0.06500)
(-0.14395 0.04240 -0.06474)
(-0.14853 0.04083 -0.05602)
(-0.13668 0.02780 -0.05502)
(-0.13349 0.02166 -0.04893)
(-0.10340 -0.00756 -0.04425)
(-0.10410 -0.01454 -0.03672)
(-0.08337 -0.03173 -0.03684)
(-0.06447 -0.04492 -0.04120)
(-0.05613 -0.05510 -0.03916)
(-0.03760 -0.08099 -0.03033)
(-0.03592 -0.08752 -0.02655)
(-0.03433 -0.09062 -0.02448)
(-0.02837 -0.09556 -0.01696)
(-0.01705 -0.09716 -0.02371)
(-0.02438 -0.10374 -0.00661)
(-0.02348 -0.10286 -0.00567)
(-0.01647 -0.09823 -0.02138)
(-0.01863 -0.10306 -0.00663)
(-0.01568 -0.10788 0.00050)
(-0.01309 -0.10736 0.00995)
(-0.00835 -0.10330 0.01187)
(-0.00290 -0.10265 0.01559)
(0.00266 -0.09632 0.00789)
(0.00078 -0.10058 0.01547)
(0.00797 -0.09244 0.01398)
(0.01096 -0.09026 0.01415)
(0.01014 -0.09026 0.01639)
(0.00948 -0.09049 0.01875)
(0.01048 -0.08978 0.01812)
(0.00514 -0.09139 0.02981)
(0.00289 -0.09092 0.04125)
(0.00330 -0.07988 0.03764)
(-0.00011 -0.09331 0.04846)
(-0.00683 -0.09146 0.05643)
(-0.01338 -0.08914 0.06714)
(-0.01602 -0.09316 0.07675)
(-0.02708 -0.08159 0.08269)
(-0.02892 -0.06311 0.07300)
(-0.02283 -0.05973 0.06315)
(-0.02292 -0.04877 0.05693)
(-0.00665 -0.01330 0.01585)
(-0.00239 -0.00430 0.00546)
(-0.00071 0.00027 -0.00055)
(-0.01919 0.00728 -0.01475)
(-0.00464 0.00166 -0.00284)
(-0.08821 0.02764 -0.05273)
(-0.13488 0.04358 -0.07124)
(-0.07396 0.02746 -0.03733)
(-0.13263 0.04444 -0.07134)
(-0.13806 0.04911 -0.06381)
(-0.14181 0.04498 -0.06481)
(-0.15283 0.04645 -0.05390)
(-0.14824 0.04525 -0.06055)
(-0.15174 0.04105 -0.04900)
(-0.14867 0.03778 -0.04806)
(-0.15195 0.03404 -0.04125)
(-0.14030 0.01973 -0.03987)
(-0.13113 0.00631 -0.03503)
(-0.11787 -0.01014 -0.02901)
(-0.11768 -0.01203 -0.02750)
(-0.09585 -0.03272 -0.02362)
(-0.07106 -0.04965 -0.02901)
(-0.07993 -0.04819 -0.02112)
(-0.06124 -0.05686 -0.02759)
(-0.05427 -0.06995 -0.02001)
(-0.04047 -0.08316 -0.01972)
(-0.03490 -0.09409 -0.01626)
(-0.03473 -0.09281 -0.00520)
(-0.03023 -0.11094 0.00309)
(-0.02915 -0.11641 0.00884)
(-0.02735 -0.11596 0.01486)
(-0.02618 -0.11350 0.01028)
(-0.02196 -0.11292 0.01366)
(-0.02665 -0.11619 0.01618)
(-0.02029 -0.11424 0.01665)
(-0.01474 -0.10949 0.01723)
(-0.00823 -0.10930 0.02276)
(-0.00418 -0.10479 0.01846)
(-0.00050 -0.10319 0.02654)
(-0.00015 -0.10205 0.02809)
(0.00545 -0.09672 0.02747)
(0.00229 -0.09886 0.03818)
(0.00242 -0.09697 0.03906)
(0.00247 -0.09680 0.04652)
(0.00080 -0.09970 0.05235)
(-0.00054 -0.09617 0.05204)
(-0.00683 -0.09709 0.06386)
(-0.01158 -0.10022 0.07217)
(-0.01529 -0.09757 0.07570)
(-0.02218 -0.08935 0.08266)
(-0.01736 -0.07040 0.06322)
(-0.01785 -0.06440 0.06103)
(-0.00662 -0.01866 0.01899)
(-0.00524 -0.01216 0.01382)
(0.02130 -0.00873 0.01238)
(-0.00237 0.00095 -0.00129)
(-0.10736 0.03960 -0.04629)
(0.00160 -0.00067 0.00071)
(-0.03615 0.01492 -0.01592)
(-0.13583 0.04929 -0.04623)
(-0.15135 0.05351 -0.05077)
(-0.15389 0.04989 -0.04657)
(-0.15061 0.05292 -0.04805)
(-0.15193 0.05256 -0.04786)
(-0.15616 0.04232 -0.04192)
(-0.14937 0.03149 -0.03658)
(-0.14297 0.02021 -0.03553)
(-0.13273 0.00425 -0.03018)
(-0.11794 -0.00937 -0.02777)
(-0.11075 -0.01691 -0.02489)
(-0.09441 -0.04011 -0.01448)
(-0.07639 -0.05809 -0.00899)
(-0.06829 -0.06049 -0.01481)
(-0.07094 -0.06283 -0.00764)
(-0.05386 -0.07503 -0.01402)
(-0.04530 -0.08495 -0.01141)
(-0.04105 -0.09304 -0.00090)
(-0.03769 -0.09405 0.00487)
(-0.03551 -0.10533 0.01112)
(-0.03325 -0.11444 0.01558)
(-0.03050 -0.12272 0.02142)
(-0.02898 -0.12458 0.02762)
(-0.02785 -0.13335 0.03913)
(-0.02164 -0.11918 0.01908)
(-0.01883 -0.11592 0.02374)
(-0.02399 -0.13017 0.03632)
(-0.02011 -0.12292 0.03635)
(-0.01541 -0.11799 0.03202)
(-0.01286 -0.11741 0.03668)
(-0.01548 -0.12198 0.04188)
(-0.01368 -0.12030 0.04217)
(-0.01007 -0.11486 0.03714)
(-0.00171 -0.10337 0.02976)
(-0.00787 -0.10788 0.03765)
(-0.00307 -0.10307 0.04065)
(0.00078 -0.09859 0.04128)
(-0.00032 -0.10404 0.04473)
(0.00049 -0.10571 0.04626)
(-0.00073 -0.10254 0.05543)
(-0.00005 -0.10057 0.05358)
(-0.00782 -0.10294 0.06885)
(-0.00799 -0.10363 0.06852)
(-0.01938 -0.09129 0.07861)
(-0.01667 -0.07870 0.06951)
(-0.01149 -0.04732 0.04364)
(-0.00721 -0.02655 0.02493)
(-0.00353 -0.00996 0.00992)
(0.00093 0.00230 -0.00247)
(0.00364 0.00936 -0.00965)
(0.00261 0.00642 -0.00690)
(0.01911 -0.00805 0.00849)
(-0.00821 0.00309 -0.00284)
(-0.07380 0.02730 -0.02533)
(0.02240 -0.00903 0.00809)
(-0.04789 0.01755 -0.01572)
(-0.12186 0.04363 -0.03941)
(-0.14956 0.04421 -0.04108)
(-0.11179 0.03866 -0.03447)
(-0.14196 0.04861 -0.04334)
(-0.14032 0.02847 -0.03197)
(-0.14116 0.02219 -0.03031)
(-0.12004 -0.00693 -0.02224)
(-0.11807 -0.01240 -0.02302)
(-0.10778 -0.02253 -0.01693)
(-0.10242 -0.02978 -0.01524)
(-0.07606 -0.05980 -0.00761)
(-0.07173 -0.06345 -0.00635)
(-0.06752 -0.06728 -0.00498)
(-0.06635 -0.06737 -0.00637)
(-0.05191 -0.07924 -0.00543)
(-0.04183 -0.09158 0.00231)
(-0.04216 -0.08775 0.00644)
(-0.03639 -0.10232 0.01206)
(-0.03318 -0.11536 0.02138)
(-0.02989 -0.12543 0.02542)
(-0.03043 -0.13549 0.03832)
(-0.02895 -0.13791 0.04289)
(-0.02859 -0.13783 0.04379)
(-0.02499 -0.13471 0.04116)
(-0.01679 -0.12416 0.04415)
(-0.01542 -0.12292 0.04445)
(-0.01523 -0.12392 0.04678)
(-0.01374 -0.12134 0.04569)
(-0.01042 -0.11740 0.04532)
(-0.00752 -0.11381 0.05013)
(-0.00638 -0.11705 0.05543)
(-0.00298 -0.11154 0.05395)
(-0.00110 -0.10700 0.05035)
(-0.00239 -0.11030 0.06098)
(-0.00430 -0.10787 0.06327)
(-0.00565 -0.10694 0.06643)
(-0.00518 -0.10471 0.06938)
(-0.00767 -0.08162 0.06137)
(-0.00882 -0.04239 0.03750)
(-0.00487 -0.02081 0.01898)
(0.00018 0.00068 -0.00064)
(0.00200 0.00811 -0.00752)
(0.00272 0.01030 -0.00972)
(0.00040 -0.00015 0.00013)
(0.00483 -0.00183 0.00159)
(-0.03083 0.01094 -0.00972)
(-0.10571 0.02749 -0.02607)
(-0.04054 0.01138 -0.01020)
(-0.12789 0.02050 -0.02715)
(-0.13370 0.01750 -0.02903)
(-0.11433 -0.01251 -0.01837)
(-0.11727 0.00031 -0.02103)
(-0.10943 -0.01779 -0.01733)
(-0.10791 -0.02046 -0.01688)
(-0.10218 -0.02762 -0.01526)
(-0.08097 -0.05225 -0.00720)
(-0.07140 -0.06408 -0.00525)
(-0.06788 -0.06711 -0.00396)
(-0.06396 -0.07078 -0.00223)
(-0.06349 -0.07138 -0.00353)
(-0.04469 -0.09187 0.00705)
(-0.03756 -0.10278 0.01565)
(-0.03804 -0.10532 0.01866)
(-0.03243 -0.11721 0.02517)
(-0.03060 -0.13117 0.03290)
(-0.03061 -0.13262 0.03414)
(-0.02928 -0.13922 0.04446)
(-0.02894 -0.13961 0.04545)
(-0.02876 -0.14127 0.04775)
(-0.02841 -0.14043 0.04764)
(-0.02503 -0.13497 0.04990)
(-0.01656 -0.12551 0.04678)
(-0.02355 -0.13886 0.05548)
(-0.01621 -0.12712 0.04934)
(-0.01493 -0.12503 0.04909)
(-0.01045 -0.12520 0.05695)
(-0.00748 -0.12204 0.05913)
(-0.00630 -0.11876 0.05824)
(-0.00619 -0.11978 0.06013)
(-0.00658 -0.11645 0.07322)
(-0.00660 -0.11540 0.07269)
(-0.00634 -0.10888 0.06982)
(-0.00390 -0.06537 0.04264)
(-0.00220 -0.03429 0.02287)
(-0.00313 -0.01712 0.01449)
(-0.00026 -0.00115 0.00105)
(0.00148 0.00750 -0.00665)
(0.00194 0.00853 -0.00779)
(-0.00931 0.00266 -0.00238)
(-0.02254 0.00474 -0.00529)
(-0.06189 0.01279 -0.01429)
(-0.02135 0.00118 -0.00485)
(-0.07543 -0.00035 -0.01367)
(-0.09690 -0.01537 -0.01553)
(-0.04101 -0.00373 -0.00673)
(-0.06018 -0.01317 -0.00941)
(-0.10312 -0.02253 -0.01596)
(-0.09941 -0.02852 -0.01460)
(-0.08359 -0.04700 -0.00733)
(-0.08090 -0.04897 -0.00793)
(-0.06985 -0.06265 -0.00352)
(-0.06694 -0.06770 -0.00320)
(-0.06117 -0.06667 0.00164)
(-0.05156 -0.08027 0.00875)
(-0.04337 -0.09032 0.01164)
(-0.03973 -0.09864 0.01426)
(-0.03671 -0.10169 0.02216)
(-0.03434 -0.11364 0.02644)
(-0.02933 -0.12883 0.03161)
(-0.02930 -0.12851 0.03249)
(-0.02947 -0.13128 0.03489)
(-0.03058 -0.13062 0.03596)
(-0.03087 -0.13183 0.03756)
(-0.02964 -0.13696 0.04394)
(-0.02979 -0.13848 0.04680)
(-0.02926 -0.14175 0.04761)
(-0.02860 -0.14276 0.04946)
(-0.02709 -0.14542 0.05500)
(-0.02407 -0.14665 0.06198)
(-0.02001 -0.13677 0.05948)
(-0.02025 -0.14872 0.06819)
(-0.01763 -0.14398 0.06747)
(-0.01467 -0.13470 0.06683)
(-0.01298 -0.13189 0.06492)
(-0.00886 -0.10720 0.05453)
(-0.00625 -0.09478 0.05086)
(-0.00563 -0.09742 0.05837)
(-0.00488 -0.08708 0.05577)
(-0.00173 -0.03544 0.02190)
(-0.00146 -0.02619 0.01712)
(-0.00118 -0.01904 0.01269)
(0.00026 0.00374 -0.00254)
(-0.00417 0.00024 -0.00096)
(-0.01145 -0.00089 -0.00235)
(-0.01115 -0.00241 -0.00187)
(-0.00496 -0.00220 -0.00068)
(-0.01013 -0.00835 -0.00031)
(-0.05041 -0.03348 -0.00396)
(-0.05222 -0.04683 -0.00047)
(-0.01373 -0.01653 0.00032)
(-0.02525 -0.02773 0.00085)
(-0.03481 -0.04480 0.00251)
(-0.04724 -0.07310 0.01139)
(-0.02985 -0.04607 0.00740)
(-0.03825 -0.08125 0.01587)
(-0.03668 -0.09971 0.02304)
(-0.03136 -0.07873 0.02187)
(-0.03238 -0.11210 0.03013)
(-0.03047 -0.11985 0.03420)
(-0.03209 -0.12882 0.04107)
(-0.03205 -0.12735 0.05181)
(-0.03104 -0.13308 0.05497)
(-0.03112 -0.13604 0.05588)
(-0.02965 -0.13070 0.05423)
(-0.02575 -0.13594 0.06059)
(-0.02868 -0.14475 0.05654)
(-0.02472 -0.14960 0.06441)
(-0.01609 -0.08943 0.04148)
(-0.01817 -0.12032 0.05235)
(-0.01143 -0.09882 0.04739)
(-0.01284 -0.10481 0.05100)
(-0.00402 -0.03434 0.01653)
(-0.00452 -0.04182 0.02101)
(-0.00230 -0.02854 0.01487)
(-0.00306 -0.04314 0.02275)
(0.00012 0.00203 -0.00111)
(-0.00051 -0.01059 0.00608)
(-0.00028 -0.00556 0.00348)
(0.01121 0.00866 0.00058)
(0.00848 0.01024 -0.00022)
(-0.00809 -0.01078 0.00135)
(0.00722 0.00963 -0.00124)
(0.00212 0.00415 -0.00091)
(-0.01623 -0.02497 0.00411)
(-0.01180 -0.02964 0.00800)
(0.00021 0.00048 -0.00016)
(0.00016 0.00042 -0.00015)
(-0.01117 -0.03250 0.00990)
(-0.01931 -0.06282 0.02024)
(-0.00428 -0.01332 0.00496)
(-0.01120 -0.03872 0.01920)
(-0.01918 -0.06831 0.03399)
(-0.00658 -0.02347 0.01189)
(-0.01104 -0.04782 0.02208)
(-0.01356 -0.05752 0.02703)
(-0.01669 -0.08830 0.03957)
(-0.00165 -0.00768 0.00371)
(-0.00313 -0.01492 0.00727)
(0.00035 0.00202 -0.00101)
(-0.01039 -0.05803 0.02710)
(-0.00547 -0.03369 0.01664)
(0.00267 0.01689 -0.00851)
(0.00096 0.00913 -0.00454)
(0.00141 0.01730 -0.00887)
(0.00129 0.01988 -0.01059)
(-0.00140 -0.00483 0.00243)
(-0.00236 -0.00841 0.00429)
(-0.00223 -0.00829 0.00428)
(0.00091 0.00422 -0.00215)
)