/*--------------------------------*- C++ -*----------------------------------*\ 
| =========                 |                                                 | 
| \\      /  F ield         | OpenFOAM: The Open Source CFD Toolbox           | 
|  \\    /   O peration     | Version:  4.0                                   | 
|   \\  /    A nd           | Web:      www.OpenFOAM.org                      | 
|    \\/     M anipulation  |                                                 | 
\*---------------------------------------------------------------------------*/ 
FoamFile 
{ 
    version     2.0; 
    format      ascii; 
    class       vectorAverageField; 
    object      values; 
} 
// * * * * * * * * * * * * * * * * * * * * * * * * * * * * * * * * * * * * * // 
 
// Average 
(0 0 0) 
 
// Velocity data on points 
2447
(
(-0.00056 0.00003 -0.00094)
(0.00061 -0.00010 0.00024)
(0.00384 -0.00038 -0.00104)
(0.00169 -0.00014 -0.00069)
(-0.00305 -0.00013 0.00147)
(0.01399 -0.00081 -0.00538)
(0.00539 0.00023 -0.00264)
(0.01592 0.00266 -0.01288)
(0.00171 0.00030 -0.00137)
(-0.00242 -0.00057 0.00210)
(0.01039 0.00226 -0.00907)
(0.00207 0.00057 -0.00192)
(-0.00209 -0.00087 0.00181)
(0.01018 0.00369 -0.00994)
(0.00064 0.00039 -0.00059)
(-0.00199 -0.00124 0.00175)
(0.00671 0.00405 -0.00597)
(0.00032 0.00023 -0.00029)
(-0.00217 -0.00148 0.00150)
(0.00044 0.00030 -0.00030)
(0.00340 -0.00067 -0.00372)
(-0.00021 0.00007 0.00054)
(0.00029 -0.00007 -0.00059)
(0.00001 -0.00003 -0.00023)
(0.00564 0.00098 0.00669)
(0.00698 -0.00011 0.00306)
(0.01224 -0.00088 -0.00021)
(0.01754 -0.00112 -0.00478)
(0.02853 -0.00210 -0.00344)
(0.03171 -0.00194 -0.00935)
(0.03511 -0.00185 -0.01419)
(0.02742 0.00181 -0.01757)
(0.04312 -0.00099 -0.02547)
(0.03428 0.00536 -0.02821)
(0.02744 0.00552 -0.02425)
(0.02132 0.00537 -0.02010)
(0.03603 0.00692 -0.03236)
(0.03324 0.00812 -0.03189)
(0.03120 0.01099 -0.03196)
(0.02007 0.00710 -0.01992)
(0.01858 0.00756 -0.01789)
(0.02815 0.01078 -0.03526)
(0.02710 0.01028 -0.03244)
(0.01839 0.01007 -0.02009)
(0.01028 0.00751 -0.01086)
(0.02183 0.01287 -0.02377)
(0.01136 0.00609 -0.00770)
(0.00432 0.00176 -0.00225)
(0.01622 0.00686 -0.01154)
(0.00284 0.00126 -0.00093)
(-0.00050 -0.00016 0.00008)
(0.00115 0.00031 -0.00096)
(-0.00042 0.00001 0.00043)
(-0.00115 0.00011 0.00181)
(0.00087 -0.00032 0.00399)
(0.00454 -0.00125 0.00894)
(0.00319 0.00078 0.01043)
(0.01958 0.00118 0.00976)
(0.02707 -0.00073 0.00310)
(0.02382 -0.00102 0.00283)
(0.03367 -0.00348 -0.00422)
(0.04059 -0.00646 -0.01290)
(0.04531 -0.00650 -0.02152)
(0.04505 -0.00487 -0.02641)
(0.04016 0.00038 -0.03439)
(0.04485 -0.00511 -0.02770)
(0.04563 -0.00542 -0.03235)
(0.03869 0.00132 -0.03560)
(0.03403 0.00579 -0.03624)
(0.03060 0.00133 -0.03822)
(0.02746 0.00706 -0.03576)
(0.02291 0.00948 -0.03664)
(0.01836 0.01286 -0.03706)
(0.02181 0.01185 -0.03244)
(0.02666 0.00873 -0.03031)
(0.02449 0.01448 -0.02471)
(0.01911 0.01211 -0.02416)
(0.02374 0.01390 -0.01858)
(0.02084 0.01007 -0.01019)
(0.01525 0.00549 -0.00575)
(0.01847 0.01324 -0.01613)
(0.01601 0.00873 -0.00816)
(0.01162 0.00294 -0.00246)
(0.00075 0.00023 -0.00010)
(0.00647 -0.00016 -0.00003)
(-0.00229 0.00041 -0.00039)
(-0.00412 0.00062 -0.00094)
(0.00005 0.00006 -0.00000)
(-0.00132 -0.00134 0.00062)
(-0.00326 -0.00243 0.00242)
(-0.00682 0.00027 0.00678)
(-0.00234 -0.00568 0.00315)
(-0.00901 -0.00023 0.00976)
(-0.00478 -0.00231 0.01074)
(0.00779 -0.00274 0.00617)
(0.00801 -0.00214 0.00958)
(0.02199 -0.00294 0.00428)
(0.03806 -0.00582 -0.01401)
(0.03164 -0.00489 -0.00426)
(0.03310 -0.00222 -0.00133)
(0.03528 -0.00236 -0.00614)
(0.04523 -0.00587 -0.01250)
(0.05116 -0.00870 -0.01924)
(0.05210 -0.00936 -0.02249)
(0.04918 -0.00748 -0.02804)
(0.04566 -0.00533 -0.03085)
(0.04520 -0.00646 -0.03732)
(0.04046 -0.00407 -0.04161)
(0.03206 0.00060 -0.04033)
(0.02571 0.00364 -0.03835)
(0.02180 0.00822 -0.03675)
(0.01696 0.00701 -0.03394)
(0.00972 0.00864 -0.02955)
(0.00585 0.00681 -0.02751)
(0.01787 0.01121 -0.01951)
(0.00998 0.00654 -0.02468)
(0.01584 0.01301 -0.01668)
(0.01815 0.01027 -0.01247)
(0.01932 0.00102 -0.00875)
(0.02022 0.00034 -0.00740)
(0.01481 0.00118 -0.00243)
(0.00393 -0.00031 0.00106)
(0.01379 0.00319 -0.00213)
(0.01094 -0.00074 0.00223)
(0.00172 -0.00012 0.00083)
(0.00044 -0.00025 0.00040)
(0.00098 0.00128 -0.00021)
(-0.00164 -0.00254 -0.00005)
(-0.00296 -0.00632 -0.00062)
(-0.00190 -0.01080 -0.00163)
(-0.00051 -0.01447 -0.00462)
(0.01522 -0.01178 -0.01342)
(0.01222 -0.00804 -0.00803)
(0.01182 -0.00530 -0.00172)
(0.02082 -0.00689 -0.00652)
(0.04094 -0.00720 -0.01819)
(0.04114 -0.00663 -0.01655)
(0.04270 -0.00636 -0.01598)
(0.04454 -0.00733 -0.01923)
(0.04590 -0.00716 -0.01898)
(0.04231 -0.00413 -0.01352)
(0.05287 -0.00971 -0.02122)
(0.05296 -0.01003 -0.02290)
(0.05253 -0.01021 -0.02488)
(0.04882 -0.00768 -0.03059)
(0.04757 -0.00865 -0.03803)
(0.04643 -0.00845 -0.03818)
(0.03435 -0.00436 -0.04200)
(0.02285 -0.00162 -0.04365)
(0.02164 0.00079 -0.04069)
(0.01502 -0.00079 -0.03600)
(0.00322 0.00498 -0.03015)
(0.00247 0.00550 -0.02896)
(0.00204 0.00623 -0.02772)
(0.00142 0.00716 -0.02656)
(0.00046 0.00998 -0.01861)
(0.01753 0.00132 -0.00943)
(0.01848 0.00023 -0.00774)
(0.01657 0.00034 -0.00874)
(0.01521 0.00086 -0.00528)
(0.00891 -0.00273 0.00505)
(0.00811 0.00128 -0.00000)
(0.00719 -0.00722 0.00703)
(0.00228 -0.00630 0.00762)
(0.00020 -0.00079 0.00088)
(-0.00204 -0.01428 0.01758)
(-0.00079 -0.00430 0.00473)
(-0.00004 -0.00025 0.00027)
(-0.00041 -0.00174 -0.00049)
(-0.00127 -0.00447 -0.00101)
(0.00202 -0.01244 -0.00833)
(0.00482 -0.01503 -0.01307)
(0.02098 -0.01370 -0.02340)
(0.02658 -0.01141 -0.02300)
(0.02818 -0.01063 -0.02329)
(0.03100 -0.01177 -0.02630)
(0.03278 -0.01128 -0.02679)
(0.03097 -0.01146 -0.01773)
(0.04132 -0.00789 -0.01998)
(0.04551 -0.00855 -0.02311)
(0.04652 -0.00810 -0.02245)
(0.04767 -0.00785 -0.02206)
(0.04892 -0.00775 -0.02216)
(0.05371 -0.00832 -0.02862)
(0.05429 -0.01052 -0.02421)
(0.06079 -0.00658 -0.03918)
(0.05906 -0.00911 -0.03426)
(0.05408 -0.01140 -0.02686)
(0.05283 -0.01132 -0.02713)
(0.04896 -0.00648 -0.04142)
(0.05632 -0.00672 -0.04689)
(0.04826 -0.01234 -0.04584)
(0.04612 -0.00825 -0.04193)
(0.03485 -0.00588 -0.04177)
(0.02025 -0.00126 -0.04713)
(0.01714 -0.00048 -0.04630)
(0.01400 0.00025 -0.04554)
(0.00702 0.00085 -0.03364)
(-0.00051 0.00455 -0.03025)
(-0.00118 0.00534 -0.02919)
(-0.00172 0.00605 -0.02801)
(-0.00361 0.00421 -0.02329)
(-0.00245 0.00895 -0.01667)
(-0.00046 0.00701 -0.01190)
(0.01099 0.00090 -0.00851)
(0.00191 0.00220 -0.00314)
(0.00130 -0.00420 0.00332)
(-0.00188 -0.00849 0.01079)
(-0.00465 -0.02184 0.02528)
(-0.00316 -0.01519 0.01705)
(-0.00531 -0.02014 0.02176)
(-0.00176 -0.00726 0.00766)
(-0.00105 -0.00369 0.00384)
(0.00061 0.00049 0.00012)
(-0.00016 -0.00017 0.00001)
(0.00241 -0.00982 -0.00968)
(0.01203 -0.01791 -0.01789)
(0.01534 -0.01561 -0.02168)
(0.03428 -0.01816 -0.03466)
(0.03441 -0.01249 -0.03005)
(0.03478 -0.01188 -0.02915)
(0.03812 -0.01151 -0.03163)
(0.04079 -0.01234 -0.02969)
(0.05143 -0.01123 -0.03648)
(0.04904 -0.00874 -0.02607)
(0.05524 -0.00979 -0.03337)
(0.05127 -0.00837 -0.02696)
(0.05072 -0.00817 -0.02529)
(0.05746 -0.01093 -0.03168)
(0.06054 -0.00953 -0.03325)
(0.06514 -0.00617 -0.04332)
(0.06515 -0.00626 -0.04657)
(0.06278 -0.00728 -0.04795)
(0.05852 -0.00854 -0.04609)
(0.05471 -0.00776 -0.05077)
(0.04332 -0.01122 -0.05398)
(0.02794 -0.00452 -0.05106)
(0.01826 -0.00119 -0.04793)
(0.01431 -0.00015 -0.04698)
(0.00402 0.00205 -0.04417)
(-0.00483 0.00494 -0.03733)
(-0.00948 0.00470 -0.03238)
(-0.00516 0.00590 -0.02959)
(-0.00874 0.00560 -0.02534)
(-0.00784 0.00788 -0.01765)
(-0.01123 0.00633 -0.01864)
(-0.00604 0.00478 -0.00894)
(-0.01131 0.00753 -0.00524)
(-0.00881 0.00660 -0.00258)
(-0.00595 -0.00178 0.00355)
(-0.00730 -0.00911 0.01056)
(-0.00642 -0.02175 0.02461)
(-0.00711 -0.02450 0.02698)
(-0.00339 -0.01153 0.01213)
(-0.00883 -0.02558 0.02807)
(-0.00682 -0.02194 0.02340)
(-0.00391 -0.01150 0.01039)
(-0.00023 -0.00106 0.00083)
(0.00284 0.00076 -0.00010)
(-0.00009 -0.00003 0.00000)
(-0.00028 -0.00337 -0.00413)
(0.00250 -0.00838 -0.01109)
(0.02082 -0.01938 -0.02786)
(0.01735 -0.01428 -0.02713)
(0.02922 -0.01705 -0.03529)
(0.03493 -0.02074 -0.03792)
(0.04422 -0.01828 -0.04420)
(0.05196 -0.01749 -0.04832)
(0.05213 -0.01750 -0.04125)
(0.06304 -0.01406 -0.04975)
(0.06462 -0.01285 -0.04733)
(0.06217 -0.00755 -0.04481)
(0.07173 -0.00662 -0.04691)
(0.07405 -0.00383 -0.05144)
(0.07072 -0.00666 -0.04939)
(0.07262 -0.00789 -0.05487)
(0.06885 -0.00563 -0.05559)
(0.06137 -0.00527 -0.05348)
(0.05917 -0.00476 -0.05845)
(0.05116 -0.00081 -0.06029)
(0.04095 -0.00083 -0.05779)
(0.03524 0.00150 -0.05803)
(0.01962 -0.00104 -0.05000)
(0.01514 0.00043 -0.04892)
(0.00727 0.00414 -0.04688)
(-0.00744 0.00785 -0.04020)
(-0.01401 0.00916 -0.03773)
(-0.01292 0.00780 -0.02978)
(-0.01142 0.00708 -0.02775)
(-0.01555 0.00642 -0.02126)
(-0.01161 0.00639 -0.01174)
(-0.01078 0.00644 -0.00368)
(-0.00486 -0.00047 -0.00412)
(-0.00440 -0.00908 0.00427)
(-0.00398 -0.01081 0.01169)
(-0.00521 -0.00936 0.00505)
(-0.00398 -0.01309 0.01398)
(-0.00706 -0.01826 0.01944)
(-0.01146 -0.03102 0.03052)
(-0.00863 -0.02214 0.02020)
(-0.00742 -0.02966 0.02318)
(-0.00212 -0.00911 0.00730)
(-0.00174 -0.00488 0.00440)
(0.00011 -0.00002 0.00004)
(-0.00394 -0.00058 -0.00035)
(0.00719 -0.00869 -0.01804)
(0.00681 -0.00100 -0.02695)
(0.02338 -0.00773 -0.03598)
(0.03810 -0.00486 -0.05139)
(0.03435 -0.01129 -0.04323)
(0.03958 -0.01555 -0.04423)
(0.04387 -0.01036 -0.05157)
(0.05252 -0.01249 -0.05334)
(0.05412 -0.01265 -0.05396)
(0.07219 -0.01795 -0.06161)
(0.07821 -0.01797 -0.06693)
(0.07921 -0.01788 -0.06688)
(0.07359 -0.01338 -0.05976)
(0.07724 -0.00944 -0.05860)
(0.07947 -0.00913 -0.06387)
(0.08336 -0.00644 -0.06491)
(0.07830 -0.00696 -0.05606)
(0.07666 -0.00265 -0.05616)
(0.07551 -0.00289 -0.05369)
(0.07639 -0.00298 -0.05698)
(0.07317 -0.00385 -0.05951)
(0.06887 -0.00124 -0.06541)
(0.06326 0.00303 -0.06966)
(0.06012 0.00352 -0.06957)
(0.05455 0.00458 -0.06901)
(0.03895 0.00256 -0.06092)
(0.02454 0.00302 -0.05374)
(0.00903 0.00641 -0.05068)
(-0.00133 0.00686 -0.04125)
(-0.01909 0.01330 -0.03964)
(-0.01494 0.01145 -0.03827)
(-0.01117 0.00921 -0.03078)
(-0.01268 0.00971 -0.02524)
(-0.01099 0.01152 -0.02483)
(-0.01277 0.00713 -0.01749)
(-0.00506 -0.00114 -0.01556)
(-0.00250 0.00005 -0.01437)
(-0.00027 -0.00276 -0.01332)
(-0.00492 -0.00061 -0.00350)
(-0.00873 -0.00552 0.00057)
(-0.00652 -0.01260 0.00751)
(-0.00421 -0.01151 0.00691)
(-0.00002 -0.02026 0.01125)
(-0.00228 -0.03012 0.01954)
(-0.00724 -0.04052 0.02874)
(0.00084 -0.01767 0.00982)
(-0.00017 0.00218 -0.00124)
(0.00536 -0.03159 0.01548)
(-0.00183 0.00156 -0.00110)
(-0.00581 0.00349 -0.00706)
(-0.00799 0.01263 -0.01149)
(-0.00159 0.00338 -0.01935)
(0.01779 0.00220 -0.03814)
(0.03492 -0.00261 -0.04995)
(0.03944 -0.00224 -0.05400)
(0.04104 -0.00452 -0.05380)
(0.04500 -0.00528 -0.05602)
(0.05614 -0.00749 -0.05919)
(0.07831 -0.01741 -0.06775)
(0.07991 -0.01696 -0.06834)
(0.08279 -0.01257 -0.06760)
(0.08571 -0.00527 -0.07036)
(0.08611 -0.00425 -0.07120)
(0.08631 0.00057 -0.07259)
(0.08288 -0.00052 -0.06601)
(0.08530 0.00558 -0.07387)
(0.08846 0.00659 -0.08005)
(0.08139 0.00303 -0.07228)
(0.07287 0.00378 -0.06988)
(0.06552 0.00511 -0.07200)
(0.06281 0.00580 -0.07185)
(0.05949 0.00658 -0.07134)
(0.04590 0.00909 -0.06802)
(0.03119 0.00605 -0.05869)
(0.03797 0.01571 -0.06394)
(0.02142 0.00915 -0.05253)
(0.01191 0.00957 -0.04442)
(0.00255 0.01326 -0.04215)
(0.00115 0.01215 -0.04054)
(-0.00424 0.01219 -0.02969)
(-0.00506 0.01100 -0.02820)
(-0.00247 0.01015 -0.02737)
(-0.00789 0.00666 -0.01954)
(-0.00467 0.00433 -0.01746)
(-0.00007 -0.00179 -0.01555)
(0.00180 -0.00221 -0.01512)
(0.00067 -0.00287 -0.01257)
(0.00021 -0.00500 -0.00467)
(-0.00223 -0.00817 0.00252)
(0.00619 -0.01857 0.00645)
(0.01525 -0.01756 0.00554)
(0.01021 -0.02948 0.01262)
(0.01646 -0.02213 0.00761)
(0.00946 -0.03769 0.01689)
(0.01066 -0.03446 0.01415)
(0.00115 -0.00304 0.00121)
(-0.00053 0.00112 -0.00038)
(0.00047 -0.00082 0.00069)
(-0.00076 0.00141 -0.00118)
(-0.00460 0.00920 -0.00859)
(-0.00937 0.02419 -0.02625)
(0.00377 0.01661 -0.03751)
(-0.00945 0.02950 -0.03341)
(0.01561 0.01151 -0.04548)
(0.03699 -0.00020 -0.05372)
(0.04376 -0.00334 -0.05647)
(0.04220 -0.00110 -0.05720)
(0.04686 -0.00318 -0.05870)
(0.06411 -0.00457 -0.06729)
(0.06129 -0.00102 -0.07053)
(0.07982 -0.01640 -0.06941)
(0.08154 -0.01313 -0.07230)
(0.08659 -0.00242 -0.07511)
(0.09047 -0.00127 -0.07679)
(0.08590 0.00248 -0.07538)
(0.08984 0.00684 -0.08235)
(0.08801 0.00733 -0.08079)
(0.08921 0.00786 -0.08313)
(0.08776 0.00821 -0.08193)
(0.06711 0.00695 -0.07469)
(0.06509 0.00773 -0.07463)
(0.06206 0.00845 -0.07368)
(0.05821 0.01038 -0.07203)
(0.04656 0.01749 -0.06651)
(0.02672 0.01562 -0.05598)
(0.01794 0.02239 -0.04982)
(0.01573 0.02193 -0.04724)
(0.01444 0.02142 -0.04515)
(0.00617 0.01435 -0.03523)
(0.00048 0.01076 -0.02841)
(0.00016 0.00937 -0.02678)
(0.00722 0.00631 -0.02218)
(0.00312 -0.00150 -0.01709)
(0.00554 -0.00185 -0.01711)
(0.00718 0.00020 -0.01270)
(0.00693 -0.00477 -0.00201)
(0.00944 -0.00369 -0.00341)
(0.00611 -0.00727 0.00231)
(0.02007 -0.01440 0.00146)
(0.01941 -0.01693 0.00329)
(0.02005 -0.01988 0.00459)
(0.02090 -0.02287 0.00551)
(0.02612 -0.04000 0.01224)
(0.00789 -0.01599 0.00541)
(0.00365 -0.00630 0.00193)
(-0.00366 0.00653 -0.00204)
(-0.00178 0.00325 -0.00267)
(-0.00542 0.01150 -0.01025)
(-0.00845 0.02013 -0.01954)
(-0.00818 0.01936 -0.01791)
(-0.00993 0.03200 -0.03520)
(-0.00644 0.02947 -0.03662)
(0.03448 0.00942 -0.05852)
(0.02823 0.01601 -0.06269)
(0.04045 0.00161 -0.05853)
(0.04444 0.00006 -0.06010)
(0.05716 0.00093 -0.07002)
(0.06812 0.00132 -0.07628)
(0.07211 -0.00437 -0.07505)
(0.07371 0.00166 -0.07640)
(0.07808 -0.00206 -0.07568)
(0.08789 -0.00040 -0.07691)
(0.08612 0.00517 -0.08021)
(0.08744 0.00505 -0.08109)
(0.08867 0.00488 -0.08359)
(0.09058 0.00791 -0.08577)
(0.08852 0.00895 -0.08434)
(0.08954 0.00920 -0.08682)
(0.08390 0.01320 -0.08594)
(0.07230 0.01243 -0.08478)
(0.06839 0.01402 -0.08142)
(0.06318 0.01711 -0.07960)
(0.05751 0.01980 -0.07443)
(0.03311 0.02183 -0.06207)
(0.02812 0.02025 -0.05425)
(0.02063 0.02235 -0.04875)
(0.01939 0.02149 -0.04642)
(0.01833 0.01529 -0.04028)
(0.00396 0.01127 -0.02951)
(0.00669 0.01029 -0.02918)
(0.00490 0.00933 -0.02772)
(0.01566 0.00865 -0.02272)
(0.01380 0.00562 -0.01896)
(0.01650 0.00559 -0.01866)
(0.01497 0.00351 -0.01317)
(0.02662 0.00431 -0.01545)
(0.01695 0.00490 -0.00952)
(0.01505 0.00275 -0.00776)
(0.02395 0.00539 -0.01146)
(0.02163 -0.00433 -0.00365)
(0.02352 -0.01243 -0.00030)
(0.02322 -0.01499 0.00115)
(0.02497 -0.01647 0.00145)
(0.02724 -0.01792 0.00136)
(0.02696 -0.02137 0.00244)
(0.04510 -0.02668 0.00032)
(0.03956 -0.04124 0.00972)
(0.01644 -0.01915 0.00415)
(-0.00169 0.00251 -0.00071)
(0.00009 -0.00021 0.00018)
(-0.00094 0.00310 -0.00321)
(-0.00479 0.01849 -0.02049)
(-0.01131 0.03181 -0.03205)
(0.00226 0.03154 -0.05093)
(0.00803 0.02955 -0.05336)
(0.01502 0.03371 -0.06623)
(0.02051 0.02366 -0.06191)
(0.03812 0.01185 -0.06695)
(0.03402 0.02548 -0.07724)
(0.04190 0.01890 -0.07921)
(0.04964 0.01159 -0.07580)
(0.05792 0.00864 -0.07894)
(0.06578 0.00553 -0.07855)
(0.07289 -0.00040 -0.08019)
(0.07465 0.00497 -0.08446)
(0.07938 0.00557 -0.08033)
(0.08703 0.00421 -0.08263)
(0.08937 0.00420 -0.08445)
(0.09169 0.00563 -0.09274)
(0.09360 0.00688 -0.09568)
(0.09350 0.01141 -0.09852)
(0.08860 0.01259 -0.09157)
(0.09125 0.01331 -0.09855)
(0.08106 0.01685 -0.09653)
(0.07701 0.01932 -0.09788)
(0.06811 0.01764 -0.08262)
(0.06344 0.01913 -0.07867)
(0.04639 0.02274 -0.06601)
(0.06009 0.01892 -0.07565)
(0.04238 0.02404 -0.06235)
(0.03183 0.02254 -0.05470)
(0.03236 0.01603 -0.04895)
(0.03375 0.01176 -0.04516)
(0.02802 0.01032 -0.04137)
(0.03635 0.00847 -0.03750)
(0.02513 0.00533 -0.02922)
(0.03475 0.00577 -0.02696)
(0.03486 0.00298 -0.02473)
(0.03614 0.00303 -0.02432)
(0.03943 0.00133 -0.02204)
(0.03325 0.00276 -0.01496)
(0.04240 0.00020 -0.01579)
(0.03119 0.00168 -0.01063)
(0.03145 0.00052 -0.00929)
(0.03753 -0.00532 -0.00967)
(0.04887 -0.01363 -0.01124)
(0.04000 -0.01794 -0.00198)
(0.06401 -0.02703 -0.00963)
(0.05728 -0.03337 0.00047)
(0.05981 -0.02053 -0.01292)
(0.07312 -0.03135 -0.00953)
(0.03088 -0.02205 -0.00070)
(0.00170 -0.00138 -0.00009)
(-0.00362 0.00272 0.00007)
(0.00023 0.00182 -0.00281)
(-0.00192 0.00893 -0.01016)
(-0.00121 0.04041 -0.05501)
(0.01843 0.03621 -0.07390)
(0.01538 0.03737 -0.07142)
(0.02705 0.02832 -0.07437)
(0.02845 0.03124 -0.08016)
(0.03337 0.02699 -0.07819)
(0.03494 0.02599 -0.07937)
(0.04793 0.02042 -0.08341)
(0.05645 0.01151 -0.08352)
(0.06625 0.00741 -0.08656)
(0.07063 0.00585 -0.08827)
(0.07191 0.00970 -0.08921)
(0.08591 0.00308 -0.09834)
(0.08801 0.00314 -0.10065)
(0.08878 0.00193 -0.09729)
(0.09479 0.00533 -0.09743)
(0.09365 0.00690 -0.09937)
(0.09381 0.00937 -0.10066)
(0.09108 0.01039 -0.10382)
(0.08450 0.01564 -0.10103)
(0.08062 0.01999 -0.10231)
(0.07830 0.01692 -0.08998)
(0.07428 0.01485 -0.08235)
(0.07284 0.01426 -0.07914)
(0.05273 0.01959 -0.06661)
(0.04753 0.01823 -0.05887)
(0.05781 0.00854 -0.05658)
(0.05793 0.00685 -0.05485)
(0.04231 0.01021 -0.04103)
(0.04729 0.00556 -0.03911)
(0.03630 0.00609 -0.02924)
(0.04741 0.00408 -0.03199)
(0.03667 0.00502 -0.02428)
(0.03909 0.00391 -0.02432)
(0.04974 0.00134 -0.02299)
(0.05150 -0.00125 -0.02080)
(0.05215 -0.00148 -0.02001)
(0.04635 0.00142 -0.01689)
(0.03725 -0.00062 -0.00962)
(0.05137 -0.00156 -0.01538)
(0.04334 -0.00095 -0.00863)
(0.04810 -0.00558 -0.01130)
(0.05583 -0.00971 -0.01230)
(0.05904 -0.01864 -0.01318)
(0.06788 -0.02696 -0.01004)
(0.07596 -0.03057 -0.01041)
(0.06802 -0.02527 -0.00682)
(0.04489 -0.02319 -0.00645)
(0.00745 -0.00542 -0.00023)
(0.00430 -0.00179 -0.00067)
(-0.00067 -0.00297 0.00498)
(0.00206 0.01218 -0.01938)
(0.00028 0.00115 -0.00195)
(0.00408 0.01462 -0.02543)
(0.01108 0.03638 -0.06417)
(0.02327 0.03494 -0.08001)
(0.02598 0.03491 -0.08150)
(0.03076 0.03241 -0.08525)
(0.03502 0.03187 -0.08833)
(0.03411 0.02907 -0.08397)
(0.04448 0.02704 -0.09288)
(0.04424 0.02497 -0.08901)
(0.04632 0.02228 -0.08763)
(0.05867 0.01950 -0.09499)
(0.06178 0.01749 -0.09466)
(0.06883 0.01221 -0.09402)
(0.07839 0.00893 -0.09814)
(0.08672 0.00379 -0.10128)
(0.08926 0.00329 -0.10309)
(0.09181 0.00574 -0.10699)
(0.09298 0.00824 -0.10814)
(0.09325 0.00621 -0.10567)
(0.08975 0.00897 -0.10251)
(0.08915 0.01203 -0.10319)
(0.08390 0.01364 -0.09821)
(0.07822 0.01608 -0.08982)
(0.07713 0.01314 -0.08287)
(0.07644 0.01217 -0.08024)
(0.07210 0.01355 -0.07716)
(0.06473 0.01103 -0.06736)
(0.06177 0.00686 -0.05841)
(0.06257 0.00502 -0.05724)
(0.05704 0.00600 -0.05052)
(0.06233 0.00096 -0.04834)
(0.05439 0.00454 -0.03697)
(0.06076 0.00093 -0.03613)
(0.05986 0.00124 -0.03398)
(0.05523 0.00078 -0.02801)
(0.05314 0.00065 -0.02307)
(0.05355 -0.00190 -0.02083)
(0.05444 -0.00266 -0.02063)
(0.05306 -0.00190 -0.01938)
(0.05046 -0.00077 -0.01687)
(0.05505 -0.00235 -0.01294)
(0.05446 -0.00679 -0.01145)
(0.05738 -0.00877 -0.01508)
(0.05765 -0.00916 -0.01249)
(0.06374 -0.00979 -0.01237)
(0.06930 -0.01916 -0.01084)
(0.07214 -0.01817 -0.00900)
(0.05358 -0.01978 -0.00951)
(0.00990 -0.00387 -0.00175)
(-0.00101 -0.00274 0.00510)
(0.00202 0.00496 -0.00948)
(0.01159 0.03038 -0.05704)
(0.01151 0.02288 -0.04684)
(0.01631 0.02991 -0.06307)
(0.03381 0.03285 -0.08792)
(0.03239 0.03573 -0.09077)
(0.03625 0.03423 -0.09262)
(0.04742 0.03079 -0.10096)
(0.04850 0.03028 -0.10113)
(0.05032 0.02409 -0.09564)
(0.05880 0.02017 -0.09665)
(0.06059 0.01941 -0.09676)
(0.06241 0.01843 -0.09716)
(0.06340 0.01718 -0.09595)
(0.07024 0.01477 -0.10077)
(0.08220 0.00699 -0.10152)
(0.08661 0.00423 -0.10409)
(0.08636 0.00498 -0.10539)
(0.09020 0.00326 -0.10548)
(0.09079 0.00688 -0.10652)
(0.09050 0.00701 -0.10633)
(0.09004 0.00750 -0.10261)
(0.08890 0.00935 -0.10064)
(0.08862 0.00918 -0.09889)
(0.07949 0.01113 -0.08254)
(0.07936 0.00986 -0.08052)
(0.07605 0.01108 -0.07822)
(0.07641 0.00961 -0.07691)
(0.07674 0.00204 -0.06839)
(0.07366 0.00157 -0.06566)
(0.06529 0.00176 -0.05405)
(0.07300 -0.00150 -0.05746)
(0.06927 -0.00200 -0.04971)
(0.06437 -0.00054 -0.03877)
(0.06413 -0.00033 -0.03785)
(0.06162 0.00050 -0.03416)
(0.06486 -0.00310 -0.03213)
(0.05599 -0.00343 -0.02202)
(0.05695 -0.00458 -0.02235)
(0.05575 -0.00391 -0.02068)
(0.05997 -0.00756 -0.01851)
(0.05886 -0.00608 -0.01365)
(0.05856 -0.00541 -0.01278)
(0.06744 -0.01005 -0.01238)
(0.06705 -0.00834 -0.01244)
(0.06798 -0.00883 -0.01283)
(0.06830 -0.00894 -0.01321)
(0.06891 -0.00908 -0.01358)
(0.06991 -0.00954 -0.01431)
(0.07106 -0.01585 -0.00944)
(0.06957 -0.02351 -0.01328)
(0.06177 -0.01999 -0.01215)
(0.01521 -0.00548 -0.00295)
(-0.00456 0.00172 0.00088)
(-0.00058 -0.00100 0.00214)
(0.00493 0.00798 -0.01748)
(0.03589 0.02159 -0.07122)
(0.03089 0.03172 -0.08089)
(0.04762 0.02624 -0.09082)
(0.04046 0.03042 -0.09460)
(0.04807 0.02905 -0.10185)
(0.04894 0.03044 -0.10253)
(0.04953 0.03019 -0.10197)
(0.05610 0.02447 -0.10079)
(0.05700 0.02310 -0.10172)
(0.05985 0.02059 -0.09765)
(0.06116 0.01992 -0.09780)
(0.06413 0.01853 -0.09987)
(0.06412 0.01749 -0.09830)
(0.07007 0.01563 -0.10258)
(0.07531 0.01146 -0.10402)
(0.07964 0.00833 -0.10550)
(0.08699 0.00724 -0.10809)
(0.09031 0.00576 -0.10854)
(0.08847 0.00586 -0.10495)
(0.08932 0.00769 -0.10006)
(0.08922 0.00612 -0.09971)
(0.08907 0.00737 -0.09770)
(0.08779 0.00394 -0.08839)
(0.08483 0.00218 -0.08012)
(0.07940 0.00852 -0.07881)
(0.08106 0.00427 -0.07516)
(0.08749 -0.00572 -0.07222)
(0.08655 -0.00857 -0.06906)
(0.07462 0.00082 -0.06229)
(0.07599 -0.00146 -0.06229)
(0.07757 -0.00440 -0.05731)
(0.07420 -0.00618 -0.04987)
(0.06600 -0.00066 -0.04113)
(0.06375 -0.00058 -0.03689)
(0.06903 -0.00840 -0.03791)
(0.06189 -0.00480 -0.02894)
(0.06302 -0.00991 -0.02845)
(0.06148 -0.00732 -0.01963)
(0.06214 -0.01229 -0.01892)
(0.06228 -0.00809 -0.01456)
(0.06686 -0.01217 -0.01585)
(0.06916 -0.01579 -0.01822)
(0.06826 -0.01109 -0.01244)
(0.06837 -0.00934 -0.01315)
(0.06932 -0.00887 -0.01380)
(0.07631 -0.01329 -0.01785)
(0.06907 -0.01234 -0.01307)
(0.06861 -0.02096 -0.01359)
(0.06620 -0.01453 -0.01658)
(0.02039 -0.00679 -0.00410)
(-0.00089 0.00031 0.00018)
(0.00083 0.00023 -0.00133)
(0.01965 0.00916 -0.03607)
(0.01912 0.00389 -0.02898)
(0.04770 0.02234 -0.08471)
(0.05093 0.02408 -0.09099)
(0.05228 0.02665 -0.09779)
(0.05824 0.02551 -0.10838)
(0.05782 0.02571 -0.10417)
(0.05333 0.02861 -0.10565)
(0.05030 0.03023 -0.10240)
(0.05704 0.02760 -0.09963)
(0.05854 0.02486 -0.09912)
(0.05736 0.02473 -0.09712)
(0.05735 0.02606 -0.09791)
(0.06685 0.01794 -0.10585)
(0.06965 0.01460 -0.11094)
(0.07009 0.01359 -0.10433)
(0.08343 0.00654 -0.10780)
(0.07501 0.01100 -0.10556)
(0.08319 0.00746 -0.10722)
(0.08188 0.00416 -0.09982)
(0.08436 0.00062 -0.09511)
(0.08905 0.00567 -0.09685)
(0.08938 -0.00101 -0.08784)
(0.09100 -0.00888 -0.07728)
(0.08549 -0.00098 -0.07773)
(0.08794 -0.00652 -0.07447)
(0.09193 -0.01157 -0.07272)
(0.09384 -0.01476 -0.07171)
(0.08415 -0.00821 -0.06919)
(0.08866 -0.01476 -0.06771)
(0.08495 -0.01185 -0.05900)
(0.08141 -0.01209 -0.06002)
(0.08106 -0.01187 -0.06070)
(0.07322 -0.00911 -0.04842)
(0.06967 -0.00970 -0.04472)
(0.06735 -0.01227 -0.03737)
(0.06742 -0.01280 -0.03685)
(0.06696 -0.01559 -0.02651)
(0.06496 -0.01582 -0.02213)
(0.06352 -0.01238 -0.01721)
(0.06989 -0.01635 -0.01726)
(0.07054 -0.01521 -0.01211)
(0.07155 -0.01576 -0.01343)
(0.06959 -0.00874 -0.01350)
(0.07171 -0.01476 -0.01496)
(0.06778 -0.01325 -0.01362)
(0.06751 -0.01106 -0.00933)
(0.06363 -0.00863 -0.00842)
(0.06116 -0.01276 -0.01256)
(0.02234 -0.00665 -0.00453)
(0.00161 -0.00051 -0.00042)
(0.00390 0.00076 -0.00582)
(0.03629 0.00868 -0.05336)
(0.05838 0.01740 -0.09113)
(0.06936 0.01717 -0.10084)
(0.06404 0.02120 -0.10050)
(0.06196 0.02301 -0.10112)
(0.06474 0.02455 -0.10044)
(0.06031 0.02671 -0.10323)
(0.06341 0.02505 -0.09937)
(0.05897 0.02774 -0.09618)
(0.05656 0.02875 -0.09631)
(0.05294 0.02871 -0.09615)
(0.05887 0.02439 -0.09950)
(0.05457 0.02543 -0.09662)
(0.06610 0.01743 -0.10422)
(0.06590 0.01324 -0.10093)
(0.06440 0.00838 -0.09738)
(0.07392 0.00674 -0.10194)
(0.07604 0.00137 -0.09643)
(0.07715 0.00126 -0.09347)
(0.08222 -0.00184 -0.08776)
(0.08555 -0.00452 -0.08456)
(0.08801 -0.00909 -0.08039)
(0.09060 -0.00969 -0.07481)
(0.09084 -0.00993 -0.07455)
(0.08977 -0.01684 -0.07270)
(0.09441 -0.02115 -0.07262)
(0.09082 -0.01385 -0.07336)
(0.09351 -0.02235 -0.07400)
(0.08299 -0.01345 -0.06615)
(0.08314 -0.01228 -0.06568)
(0.08241 -0.01475 -0.06613)
(0.07575 -0.00991 -0.05794)
(0.07479 -0.01406 -0.05575)
(0.06789 -0.01280 -0.03880)
(0.07176 -0.01704 -0.04123)
(0.06960 -0.01930 -0.02932)
(0.07820 -0.02686 -0.03573)
(0.07310 -0.02351 -0.02543)
(0.07551 -0.02221 -0.02086)
(0.07055 -0.01629 -0.01642)
(0.07312 -0.01667 -0.01362)
(0.07750 -0.02330 -0.01298)
(0.07397 -0.02192 -0.01368)
(0.07165 -0.01556 -0.01430)
(0.06556 -0.01155 -0.01288)
(0.05895 -0.00857 -0.00888)
(0.05553 -0.00745 -0.00453)
(0.03697 -0.00848 -0.00429)
(0.01828 -0.00575 -0.00346)
(0.00266 -0.00089 -0.00053)
(-0.00288 -0.00035 0.00383)
(0.01081 0.00135 -0.01462)
(0.04123 0.00558 -0.05485)
(0.06968 0.01356 -0.09552)
(0.07053 0.01611 -0.09745)
(0.07061 0.01783 -0.09800)
(0.06771 0.01981 -0.09955)
(0.07023 0.01858 -0.09670)
(0.06478 0.02370 -0.09762)
(0.06397 0.02500 -0.09731)
(0.06259 0.02577 -0.09660)
(0.05239 0.02864 -0.08873)
(0.05581 0.02941 -0.09320)
(0.05143 0.02884 -0.09371)
(0.04651 0.02635 -0.09190)
(0.05299 0.02279 -0.09399)
(0.04509 0.02591 -0.09013)
(0.05441 0.02272 -0.09684)
(0.06177 0.00878 -0.09507)
(0.06486 0.00673 -0.09551)
(0.06549 0.00488 -0.09364)
(0.07029 -0.00023 -0.09004)
(0.08023 -0.00449 -0.08634)
(0.07995 -0.00758 -0.08294)
(0.08143 -0.01432 -0.07402)
(0.08507 -0.01485 -0.07306)
(0.09137 -0.01612 -0.07378)
(0.09197 -0.01732 -0.07324)
(0.09098 -0.02181 -0.07183)
(0.09089 -0.02208 -0.07228)
(0.09223 -0.01879 -0.07332)
(0.09245 -0.02271 -0.07462)
(0.09170 -0.02182 -0.07404)
(0.08797 -0.01919 -0.07486)
(0.08213 -0.01697 -0.07155)
(0.08285 -0.01755 -0.06590)
(0.07389 -0.01223 -0.06440)
(0.07385 -0.01459 -0.05589)
(0.07404 -0.01930 -0.05268)
(0.07803 -0.02637 -0.03874)
(0.07943 -0.02743 -0.03780)
(0.07935 -0.02770 -0.03451)
(0.08069 -0.02843 -0.03336)
(0.07471 -0.02222 -0.01439)
(0.07870 -0.02467 -0.01337)
(0.07394 -0.02207 -0.01315)
(0.06711 -0.01762 -0.01129)
(0.06993 -0.01743 -0.01023)
(0.06670 -0.01418 -0.00956)
(0.05670 -0.01445 -0.00614)
(0.05754 -0.01292 -0.00493)
(0.05059 -0.01434 -0.00487)
(0.02883 -0.01198 -0.00270)
(0.00295 -0.00135 -0.00033)
(0.00278 -0.00141 -0.00025)
(0.00920 0.00075 -0.01117)
(0.05545 0.00728 -0.07135)
(0.07163 0.01596 -0.09632)
(0.07147 0.01661 -0.09661)
(0.07110 0.01754 -0.09647)
(0.07049 0.01816 -0.09475)
(0.06591 0.02335 -0.09265)
(0.05897 0.02599 -0.09056)
(0.06287 0.02548 -0.09490)
(0.04850 0.02831 -0.08622)
(0.05031 0.02880 -0.08743)
(0.04335 0.02782 -0.08785)
(0.04315 0.02623 -0.08812)
(0.04508 0.02442 -0.08999)
(0.04745 0.01869 -0.08821)
(0.06196 0.00721 -0.09338)
(0.05892 0.00696 -0.09107)
(0.06251 0.00531 -0.09166)
(0.06273 -0.00157 -0.08619)
(0.06741 -0.00853 -0.08017)
(0.07031 -0.00807 -0.08197)
(0.07447 -0.01254 -0.07988)
(0.07629 -0.01996 -0.07079)
(0.07753 -0.02087 -0.07019)
(0.08739 -0.02082 -0.07022)
(0.08976 -0.02253 -0.07118)
(0.08968 -0.02297 -0.07167)
(0.09013 -0.02206 -0.07283)
(0.08607 -0.02140 -0.07552)
(0.09103 -0.02285 -0.07485)
(0.08951 -0.02188 -0.07667)
(0.08351 -0.01957 -0.07599)
(0.08182 -0.01943 -0.07079)
(0.07518 -0.01341 -0.06731)
(0.07488 -0.01401 -0.06353)
(0.07598 -0.01506 -0.06341)
(0.07998 -0.02741 -0.04130)
(0.08139 -0.02802 -0.04077)
(0.08100 -0.02840 -0.03678)
(0.08318 -0.02962 -0.03575)
(0.07865 -0.02491 -0.02180)
(0.07157 -0.01763 -0.01273)
(0.06331 -0.01663 -0.01180)
(0.05989 -0.01232 -0.00844)
(0.06579 -0.01789 -0.00861)
(0.05372 -0.01572 -0.00225)
(0.05273 -0.01492 -0.00252)
(0.04283 -0.01805 -0.00241)
(0.03143 -0.01450 -0.00228)
(0.01704 -0.00824 -0.00137)
(0.03056 -0.01557 -0.00199)
(0.00429 -0.00239 -0.00033)
(0.00236 0.00018 -0.00283)
(0.01820 0.00149 -0.02191)
(0.01198 0.00093 -0.01427)
(0.04454 0.00391 -0.05358)
(0.07323 0.00972 -0.08976)
(0.07410 0.01289 -0.09185)
(0.07203 0.01638 -0.09491)
(0.07235 0.01646 -0.09067)
(0.07140 0.01723 -0.09505)
(0.06188 0.02065 -0.08755)
(0.06270 0.02193 -0.08855)
(0.05756 0.02438 -0.08518)
(0.04634 0.02916 -0.08179)
(0.04622 0.02889 -0.08245)
(0.03924 0.03080 -0.07943)
(0.04293 0.02652 -0.08408)
(0.04145 0.02564 -0.08664)
(0.04304 0.02434 -0.08805)
(0.04251 0.02034 -0.08683)
(0.04178 0.00255 -0.08503)
(0.05937 0.00520 -0.08961)
(0.05435 -0.00625 -0.08360)
(0.05680 -0.00994 -0.07957)
(0.06815 -0.01483 -0.07356)
(0.07301 -0.01903 -0.07100)
(0.07595 -0.02174 -0.07021)
(0.08268 -0.02322 -0.06989)
(0.08563 -0.02528 -0.07065)
(0.08872 -0.02392 -0.07101)
(0.08886 -0.02319 -0.07245)
(0.08387 -0.02593 -0.07617)
(0.08976 -0.02363 -0.07778)
(0.08795 -0.02287 -0.07996)
(0.08041 -0.02004 -0.07773)
(0.08009 -0.02050 -0.07416)
(0.07974 -0.01588 -0.07477)
(0.07643 -0.01458 -0.06648)
(0.07804 -0.01542 -0.06645)
(0.08305 -0.02670 -0.05426)
(0.08479 -0.02820 -0.04755)
(0.08328 -0.02903 -0.03979)
(0.08495 -0.02770 -0.03683)
(0.08055 -0.02511 -0.02567)
(0.08040 -0.02076 -0.02244)
(0.06950 -0.01783 -0.01267)
(0.06315 -0.01276 -0.00923)
(0.06051 -0.01184 -0.00690)
(0.05541 -0.01393 -0.00364)
(0.04687 -0.01747 -0.00195)
(0.04151 -0.01909 -0.00180)
(0.04020 -0.02015 -0.00241)
(0.03876 -0.02094 -0.00281)
(0.02589 -0.01460 -0.00192)
(0.00392 -0.00291 -0.00024)
(-0.00314 0.00240 0.00020)
(0.00109 0.00009 -0.00134)
(0.01339 0.00110 -0.01651)
(0.06683 0.00761 -0.08340)
(0.03846 0.00617 -0.05005)
(0.06871 0.01319 -0.08794)
(0.07155 0.01159 -0.08969)
(0.07099 0.01381 -0.09021)
(0.06229 0.01881 -0.08600)
(0.05719 0.02045 -0.08436)
(0.05366 0.02363 -0.07870)
(0.05786 0.02104 -0.07645)
(0.05019 0.02253 -0.07920)
(0.04088 0.02646 -0.07632)
(0.03052 0.02718 -0.07679)
(0.03195 0.02531 -0.07822)
(0.02774 0.02404 -0.07907)
(0.02710 0.01669 -0.07928)
(0.04122 0.02354 -0.08658)
(0.03719 0.01666 -0.08284)
(0.03646 0.00155 -0.07877)
(0.04245 -0.00073 -0.08171)
(0.04666 -0.00549 -0.08165)
(0.04864 -0.00989 -0.08040)
(0.05996 -0.01181 -0.07396)
(0.06262 -0.01645 -0.07424)
(0.06472 -0.01544 -0.07591)
(0.07511 -0.01926 -0.07145)
(0.07859 -0.02223 -0.07152)
(0.08374 -0.02860 -0.07253)
(0.07971 -0.02419 -0.07194)
(0.08127 -0.02608 -0.07526)
(0.07989 -0.02345 -0.07736)
(0.07860 -0.02272 -0.07827)
(0.07640 -0.02143 -0.07987)
(0.07837 -0.02057 -0.07862)
(0.08111 -0.01954 -0.07874)
(0.07765 -0.01449 -0.06906)
(0.08264 -0.01618 -0.06977)
(0.08841 -0.02241 -0.06684)
(0.09044 -0.02069 -0.06503)
(0.08511 -0.01856 -0.04762)
(0.08558 -0.01994 -0.04255)
(0.08720 -0.02375 -0.03090)
(0.08018 -0.02294 -0.02434)
(0.07200 -0.01788 -0.01518)
(0.06169 -0.01045 -0.00859)
(0.05653 -0.01092 -0.00573)
(0.04630 -0.01313 -0.00282)
(0.04640 -0.01432 -0.00345)
(0.03912 -0.01230 -0.00141)
(0.03083 -0.01591 0.00144)
(0.02903 -0.01842 -0.00013)
(0.01760 -0.01156 -0.00114)
(0.00499 -0.00361 -0.00031)
(-0.00194 0.00178 -0.00009)
(0.00738 0.00123 -0.00973)
(0.04054 0.00736 -0.05398)
(0.06066 0.01465 -0.08443)
(0.06069 0.01714 -0.08331)
(0.06770 0.01640 -0.08778)
(0.06295 0.01741 -0.08596)
(0.04267 0.01817 -0.07824)
(0.05579 0.02042 -0.08389)
(0.04442 0.02041 -0.08026)
(0.03686 0.02005 -0.07579)
(0.04792 0.02170 -0.07852)
(0.03973 0.01919 -0.07729)
(0.03426 0.02210 -0.07574)
(0.02446 0.01832 -0.07475)
(0.02403 0.01865 -0.07491)
(0.02981 0.02390 -0.07779)
(0.01999 0.01738 -0.07577)
(0.02370 0.02130 -0.07769)
(0.02087 0.00926 -0.07970)
(0.02733 0.00488 -0.08078)
(0.02909 -0.00127 -0.07954)
(0.03618 -0.00198 -0.07820)
(0.03625 -0.00959 -0.08187)
(0.03675 -0.01857 -0.08246)
(0.05511 -0.01647 -0.07970)
(0.05887 -0.01921 -0.07913)
(0.06274 -0.01603 -0.07754)
(0.06740 -0.01769 -0.07530)
(0.07249 -0.02136 -0.07446)
(0.07581 -0.02448 -0.07345)
(0.08233 -0.02696 -0.07422)
(0.08116 -0.02487 -0.07755)
(0.07975 -0.02620 -0.07751)
(0.07712 -0.02427 -0.07792)
(0.07660 -0.02439 -0.07936)
(0.07763 -0.01739 -0.07917)
(0.08249 -0.02122 -0.07973)
(0.08380 -0.01952 -0.07825)
(0.09347 -0.02276 -0.07873)
(0.08965 -0.01840 -0.06910)
(0.09205 -0.01695 -0.07006)
(0.08869 -0.01321 -0.05858)
(0.08713 -0.01189 -0.04488)
(0.08483 -0.00909 -0.04392)
(0.07682 -0.01373 -0.02770)
(0.06811 -0.01206 -0.01560)
(0.06312 -0.01019 -0.01459)
(0.06053 -0.01049 -0.01237)
(0.05761 -0.01203 -0.01074)
(0.05695 -0.00970 -0.01104)
(0.04960 -0.01472 -0.00818)
(0.03242 -0.01085 -0.00237)
(0.03081 -0.01049 -0.00160)
(0.02357 -0.01143 -0.00057)
(0.00852 -0.00571 -0.00071)
(0.00125 -0.00108 -0.00002)
(-0.00048 0.00043 0.00001)
(0.00138 0.00023 -0.00185)
(0.02158 0.00377 -0.02902)
(0.05519 0.01044 -0.07506)
(0.05528 0.01554 -0.08219)
(0.04923 0.01646 -0.08085)
(0.04816 0.01682 -0.07985)
(0.05068 0.01562 -0.08105)
(0.03233 0.01609 -0.07713)
(0.03195 0.01656 -0.07657)
(0.02850 0.01633 -0.07664)
(0.03202 0.02035 -0.07681)
(0.02137 0.01719 -0.07530)
(0.02135 0.01751 -0.07515)
(0.01878 0.01619 -0.07538)
(0.01513 0.01045 -0.08097)
(0.01105 0.00583 -0.08026)
(0.02020 -0.00053 -0.08404)
(0.01557 -0.00962 -0.08634)
(0.02436 -0.00846 -0.08018)
(0.01635 -0.01490 -0.08485)
(0.02974 -0.01527 -0.08097)
(0.03365 -0.01965 -0.08391)
(0.03860 -0.01975 -0.08302)
(0.04422 -0.02183 -0.08225)
(0.05970 -0.02153 -0.08204)
(0.06394 -0.01603 -0.07773)
(0.07083 -0.01963 -0.07876)
(0.07147 -0.01813 -0.07859)
(0.07648 -0.02162 -0.07521)
(0.07452 -0.02068 -0.07697)
(0.07739 -0.02489 -0.07927)
(0.07593 -0.02593 -0.07696)
(0.07616 -0.02389 -0.07863)
(0.07712 -0.02345 -0.07981)
(0.08284 -0.02153 -0.08172)
(0.08662 -0.02240 -0.08123)
(0.08596 -0.01724 -0.07771)
(0.08903 -0.01271 -0.07589)
(0.09069 -0.01460 -0.06825)
(0.08407 -0.00636 -0.05439)
(0.08342 -0.00716 -0.05013)
(0.08124 -0.00589 -0.04675)
(0.07588 -0.00882 -0.03661)
(0.06085 -0.00454 -0.01757)
(0.05757 -0.00816 -0.01229)
(0.05133 -0.00977 -0.00871)
(0.04491 -0.01199 -0.00845)
(0.03252 -0.00230 -0.00635)
(0.02980 -0.00475 -0.00441)
(0.02622 -0.00637 -0.00229)
(0.02258 -0.00550 -0.00835)
(0.00664 -0.00323 -0.00234)
(0.00057 -0.00030 -0.00027)
(0.00073 0.00013 -0.00106)
(0.02175 0.00415 -0.03178)
(0.04159 0.01361 -0.07068)
(0.04226 0.01834 -0.08020)
(0.04103 0.01531 -0.07940)
(0.04281 0.01319 -0.07761)
(0.03540 0.01175 -0.07792)
(0.04338 0.01402 -0.07742)
(0.02874 0.01535 -0.07706)
(0.02855 0.01587 -0.07689)
(0.02538 0.01479 -0.07711)
(0.02514 0.01523 -0.07716)
(0.02481 0.01568 -0.07717)
(0.01358 0.01194 -0.07639)
(0.01846 0.01600 -0.07567)
(0.01582 0.01448 -0.07573)
(0.00774 0.00602 -0.08265)
(0.00530 0.00300 -0.08109)
(0.00984 -0.00570 -0.08469)
(0.00468 -0.01527 -0.08801)
(0.00453 -0.01733 -0.08848)
(0.02493 -0.01608 -0.08263)
(0.03011 -0.02095 -0.08516)
(0.03552 -0.02056 -0.08479)
(0.03793 -0.02110 -0.08564)
(0.04659 -0.02320 -0.08654)
(0.06227 -0.01556 -0.07980)
(0.05785 -0.01347 -0.07802)
(0.06902 -0.02119 -0.07821)
(0.07397 -0.02039 -0.07717)
(0.07329 -0.02171 -0.07598)
(0.07664 -0.02309 -0.07895)
(0.08673 -0.01915 -0.08051)
(0.08610 -0.01808 -0.07858)
(0.08706 -0.00803 -0.07041)
(0.08183 -0.00523 -0.05071)
(0.07891 -0.00437 -0.04423)
(0.05832 -0.00685 -0.01366)
(0.03619 0.00247 -0.00867)
(0.00727 -0.00083 -0.00510)
(0.00310 0.00051 -0.00500)
(0.02501 0.00613 -0.04472)
(0.03756 0.01461 -0.07788)
(0.03169 0.00799 -0.06399)
(0.03415 0.01423 -0.07706)
(0.03462 0.01487 -0.07762)
(0.02325 0.01026 -0.07538)
(0.02539 0.01419 -0.07704)
(0.02221 0.01326 -0.07730)
(0.02203 0.01374 -0.07763)
(0.01434 0.01261 -0.07794)
(0.00278 0.00571 -0.08010)
(-0.00482 0.00265 -0.08282)
(0.00694 0.01073 -0.07774)
(-0.00970 0.00248 -0.08023)
(0.00142 0.00443 -0.08358)
(-0.00483 -0.00106 -0.08205)
(0.00107 -0.00685 -0.08331)
(-0.01051 -0.01198 -0.08577)
(0.00104 -0.01621 -0.08864)
(0.00127 -0.01841 -0.08958)
(0.01028 -0.01735 -0.08983)
(0.01766 -0.02414 -0.08947)
(0.02964 -0.02261 -0.08723)
(0.03508 -0.02167 -0.08748)
(0.05057 -0.02204 -0.08606)
(-0.00345 -0.00068 0.00688)
(0.00896 0.00168 -0.01952)
(0.02756 0.00828 -0.06899)
(0.03187 0.00958 -0.07474)
(0.02906 0.01118 -0.07575)
(0.02091 0.00825 -0.07389)
(0.01917 0.00810 -0.07527)
(0.01798 0.00815 -0.07579)
(0.01566 0.00666 -0.07568)
(0.01332 0.00933 -0.07793)
(0.00582 0.00845 -0.07901)
(0.00033 0.00656 -0.08087)
(-0.00732 0.00034 -0.08422)
(-0.00966 -0.00203 -0.08613)
(-0.00814 0.00110 -0.08397)
(-0.01451 -0.00196 -0.08366)
(-0.01214 -0.00470 -0.08395)
(-0.01550 -0.01233 -0.08771)
(-0.00595 -0.01783 -0.08965)
(-0.00111 -0.02602 -0.09280)
(0.00223 -0.03200 -0.09386)
(-0.00284 -0.00039 0.00644)
(0.00199 0.00028 -0.00456)
(0.01115 0.00183 -0.03035)
(0.01764 0.00355 -0.07021)
(0.01646 0.00341 -0.07080)
(0.01196 0.00309 -0.07213)
(0.00879 0.00458 -0.07510)
(0.00379 0.00585 -0.07684)
(0.00098 0.00556 -0.07870)
(-0.00343 0.00434 -0.08056)
(-0.00725 0.00021 -0.08319)
(-0.01045 0.00107 -0.08382)
(-0.01319 -0.00100 -0.08372)
(-0.02357 -0.00737 -0.08682)
(-0.01961 -0.00784 -0.08576)
(-0.02612 -0.01185 -0.08714)
(-0.01651 -0.01472 -0.08922)
(0.00051 0.00013 -0.00137)
(0.00903 0.00271 -0.03458)
(0.01334 0.00297 -0.05451)
(0.01640 0.00371 -0.07003)
(0.01493 0.00324 -0.07090)
(0.01373 0.00305 -0.07102)
(0.00723 0.00446 -0.07227)
(0.00201 0.00326 -0.07488)
(-0.00045 0.00146 -0.07755)
(-0.00206 0.00406 -0.07615)
(-0.00962 0.00263 -0.07973)
(-0.01240 0.00279 -0.08110)
(-0.01117 0.00151 -0.08263)
(-0.01722 0.00258 -0.08218)
(-0.01727 -0.00041 -0.08311)
(-0.02004 -0.00493 -0.08526)
(0.00129 0.00025 -0.00359)
(0.01341 0.00547 -0.04994)
(0.01517 0.00377 -0.07002)
(0.01394 0.00802 -0.06970)
(0.01332 0.00606 -0.07111)
(0.00938 0.00690 -0.07188)
(0.00116 0.00676 -0.07261)
(-0.00203 0.00444 -0.07573)
(-0.01390 0.00258 -0.07987)
(-0.01642 0.00286 -0.08118)
(-0.00023 -0.00011 0.00075)
(0.00550 0.00314 -0.02081)
(0.00935 0.00640 -0.05134)
(0.06195 -0.01609 -0.08075)
(0.07301 -0.01870 -0.07716)
(0.07538 -0.02298 -0.07783)
(0.07862 -0.02211 -0.07860)
(0.08738 -0.00922 -0.07573)
(0.08275 -0.00587 -0.05675)
(0.07971 -0.00435 -0.04748)
(0.06590 -0.00315 -0.02942)
(0.04767 0.00085 -0.01372)
(0.03018 0.00472 -0.00894)
(0.02998 -0.00076 -0.00573)
(0.02015 -0.00135 -0.01114)
(0.01913 -0.00138 -0.01135)
(0.01808 -0.00153 -0.01154)
(0.00161 -0.00021 -0.00119)
(0.04027 -0.02079 -0.08941)
(0.05498 -0.01813 -0.08362)
(0.06052 -0.02029 -0.08325)
(0.06118 -0.01823 -0.07862)
(0.06800 -0.01542 -0.07592)
(0.07262 -0.01864 -0.07694)
(0.07266 -0.01699 -0.07801)
(0.07379 -0.01869 -0.07328)
(0.07603 -0.02234 -0.07816)
(0.08057 -0.02155 -0.07577)
(0.08610 -0.01909 -0.07981)
(0.08612 -0.01714 -0.07719)
(0.08681 -0.00986 -0.07532)
(0.08698 -0.00826 -0.07452)
(0.08267 -0.00644 -0.06305)
(0.08065 -0.00436 -0.05163)
(0.07859 -0.00375 -0.04842)
(0.07541 -0.00174 -0.04105)
(0.06303 0.00108 -0.02918)
(0.05533 -0.00098 -0.01862)
(0.04170 0.00763 -0.01597)
(0.03238 0.00918 -0.01274)
(0.02858 0.00997 -0.01072)
(0.02380 0.00266 -0.01113)
(0.01762 0.00199 -0.01157)
(0.01624 0.00157 -0.01240)
(0.00601 0.00041 -0.00522)
(0.00059 0.00003 -0.00055)
(0.00376 -0.03464 -0.09745)
(0.02337 -0.03003 -0.09279)
(0.02826 -0.02840 -0.09317)
(0.04714 -0.01942 -0.09356)
(0.04635 -0.01863 -0.08943)
(0.05028 -0.01615 -0.08179)
(0.06021 -0.01253 -0.08087)
(0.05879 -0.01082 -0.07683)
(0.07113 -0.01634 -0.07662)
(0.06227 -0.00702 -0.07504)
(0.07114 -0.01500 -0.07695)
(0.07470 -0.01425 -0.07394)
(0.07882 -0.02020 -0.07458)
(0.08036 -0.02041 -0.07542)
(0.08605 -0.01850 -0.07785)
(0.08585 -0.01441 -0.07814)
(0.08804 -0.01543 -0.07658)
(0.08637 -0.00867 -0.07391)
(0.08188 -0.00686 -0.06762)
(0.07781 -0.00370 -0.05707)
(0.07085 -0.00071 -0.04790)
(0.06568 0.00559 -0.03956)
(0.06129 0.00353 -0.02991)
(0.05271 0.00848 -0.02761)
(0.04022 0.01067 -0.01824)
(0.03217 0.01169 -0.01424)
(0.02984 0.01532 -0.01631)
(0.02177 0.01479 -0.01164)
(0.02192 0.01108 -0.01237)
(0.01702 0.01693 -0.01486)
(0.01667 0.00537 -0.01136)
(0.01424 0.00453 -0.01373)
(0.00694 0.00210 -0.00867)
(0.00125 0.00077 -0.00220)
(-0.00049 -0.00029 0.00089)
(-0.01937 -0.02252 -0.08897)
(-0.01026 -0.02662 -0.09018)
(-0.00415 -0.03208 -0.09382)
(0.00401 -0.03488 -0.09635)
(0.01532 -0.03138 -0.09500)
(0.01929 -0.03442 -0.09744)
(0.03725 -0.02386 -0.09131)
(0.03653 -0.02358 -0.08803)
(0.04284 -0.01094 -0.08175)
(0.04579 -0.00809 -0.08008)
(0.05234 -0.00739 -0.07740)
(0.05461 -0.00516 -0.07227)
(0.07003 -0.01191 -0.07446)
(0.07046 -0.01184 -0.07303)
(0.07593 -0.01482 -0.07409)
(0.08711 -0.01910 -0.07492)
(0.08723 -0.02010 -0.07310)
(0.08777 -0.01741 -0.07678)
(0.08752 -0.01721 -0.07543)
(0.08754 -0.01565 -0.07394)
(0.08436 -0.01019 -0.07150)
(0.07929 -0.00852 -0.06487)
(0.07696 -0.00607 -0.05967)
(0.06746 0.00008 -0.04894)
(0.06500 0.00299 -0.04220)
(0.05834 0.00309 -0.03973)
(0.05607 0.00526 -0.03245)
(0.04052 0.01458 -0.02471)
(0.03586 0.01797 -0.01903)
(0.02517 0.02336 -0.01791)
(0.01775 0.02416 -0.01492)
(0.01202 0.01851 -0.01434)
(0.01249 0.02410 -0.01616)
(0.00682 0.02134 -0.01704)
(0.00668 0.01676 -0.01577)
(0.00037 0.00221 -0.00270)
(-0.00070 -0.00145 0.00252)
(0.00297 0.01622 -0.01258)
(-0.02424 -0.00688 -0.08719)
(-0.02489 -0.00824 -0.08711)
(-0.02605 -0.00952 -0.08794)
(-0.02286 -0.01564 -0.08759)
(-0.02092 -0.02281 -0.09016)
(-0.01608 -0.02696 -0.09320)
(-0.01614 -0.02285 -0.08752)
(-0.01316 -0.03081 -0.09133)
(-0.00529 -0.03687 -0.09523)
(0.00591 -0.03730 -0.09604)
(0.01295 -0.03879 -0.09558)
(0.01871 -0.03485 -0.09429)
(0.02942 -0.02281 -0.08667)
(0.04311 -0.00906 -0.07967)
(0.04442 -0.00670 -0.07795)
(0.05239 -0.00610 -0.07259)
(0.06023 -0.00549 -0.07267)
(0.06978 -0.01216 -0.06967)
(0.07391 -0.01358 -0.07095)
(0.07526 -0.01264 -0.07021)
(0.08658 -0.01954 -0.07250)
(0.08789 -0.02047 -0.07237)
(0.08810 -0.02085 -0.07285)
(0.08784 -0.01842 -0.07241)
(0.08670 -0.01469 -0.07325)
(0.08721 -0.01577 -0.07316)
(0.08260 -0.01342 -0.06877)
(0.07680 -0.00846 -0.06070)
(0.07632 -0.01048 -0.05881)
(0.06494 -0.00294 -0.04985)
(0.05459 0.00310 -0.04110)
(0.05283 0.00709 -0.03803)
(0.03569 0.01653 -0.02559)
(0.02814 0.02244 -0.01935)
(0.02365 0.02498 -0.01869)
(0.02053 0.02625 -0.01798)
(0.00540 0.03055 -0.01874)
(0.00394 0.02964 -0.01908)
(0.00047 0.02976 -0.01776)
(-0.00167 0.01695 -0.01167)
(-0.00012 0.00191 -0.00157)
(-0.00421 0.01300 -0.00716)
(-0.00081 0.00246 -0.00141)
(-0.01771 0.00342 -0.08164)
(-0.01846 0.00304 -0.08254)
(-0.02062 0.00026 -0.08353)
(-0.02493 -0.00624 -0.08738)
(-0.02542 -0.00767 -0.08753)
(-0.02603 -0.00681 -0.08771)
(-0.02649 -0.00896 -0.08830)
(-0.02608 -0.01739 -0.09120)
(-0.02700 -0.01476 -0.09233)
(-0.02304 -0.02391 -0.09669)
(-0.02027 -0.03076 -0.09974)
(-0.01323 -0.04148 -0.10169)
(-0.01275 -0.04659 -0.10540)
(0.00112 -0.04175 -0.10187)
(0.01064 -0.04092 -0.09581)
(0.01485 -0.03736 -0.09413)
(0.01558 -0.03579 -0.09223)
(0.02029 -0.02954 -0.08678)
(0.04031 -0.01013 -0.07914)
(0.04196 -0.00793 -0.07780)
(0.04696 -0.00580 -0.07204)
(0.06227 -0.00410 -0.07315)
(0.07156 -0.01016 -0.06987)
(0.07475 -0.01246 -0.06994)
(0.08187 -0.01573 -0.07127)
(0.08867 -0.02087 -0.07173)
(0.08867 -0.02116 -0.07226)
(0.08938 -0.02151 -0.07166)
(0.08862 -0.02103 -0.07081)
(0.08634 -0.02765 -0.06842)
(0.08163 -0.02187 -0.06469)
(0.07718 -0.01866 -0.06175)
(0.05665 0.00072 -0.04441)
(0.05359 0.00323 -0.04093)
(0.05140 0.00597 -0.03822)
(0.03582 0.01624 -0.02894)
(0.02631 0.02414 -0.01968)
(0.02229 0.02639 -0.01925)
(0.01936 0.02754 -0.01873)
(0.01020 0.03318 -0.01657)
(0.00201 0.03295 -0.01781)
(-0.00684 0.03471 -0.01840)
(-0.00460 0.01298 -0.00678)
(0.00089 -0.00260 0.00157)
(-0.00035 0.00096 -0.00051)
(0.01239 0.00836 -0.06957)
(0.00395 0.00847 -0.07064)
(0.00475 0.00797 -0.07200)
(-0.00205 0.00880 -0.07343)
(-0.00316 0.00760 -0.07495)
(-0.00695 0.00731 -0.07528)
(-0.01239 0.00384 -0.07817)
(-0.01682 0.00364 -0.08073)
(-0.01738 0.00466 -0.08025)
(-0.01826 0.00438 -0.08113)
(-0.01910 0.00391 -0.08207)
(-0.02347 0.00267 -0.08446)
(-0.02632 -0.00243 -0.08717)
(-0.03052 -0.00106 -0.08636)
(-0.02755 -0.01111 -0.09343)
(-0.02617 -0.02360 -0.09889)
(-0.02533 -0.02969 -0.09858)
(-0.01546 -0.04419 -0.10564)
(-0.01328 -0.04666 -0.10587)
(-0.00576 -0.04560 -0.10377)
(-0.00039 -0.04637 -0.10064)
(0.01214 -0.03984 -0.09442)
(0.01302 -0.03798 -0.09231)
(0.01594 -0.03131 -0.08366)
(0.03155 -0.02090 -0.08023)
(0.03802 -0.01493 -0.07507)
(0.04339 -0.01247 -0.07214)
(0.05248 -0.00614 -0.07133)
(0.07036 -0.00950 -0.06971)
(0.07400 -0.01223 -0.06979)
(0.07928 -0.01542 -0.07049)
(0.08876 -0.02168 -0.07027)
(0.08726 -0.02511 -0.06846)
(0.09058 -0.02687 -0.06986)
(0.08377 -0.02680 -0.06624)
(0.07894 -0.02762 -0.06275)
(0.08120 -0.02717 -0.06429)
(0.07645 -0.02550 -0.05948)
(0.06508 -0.01607 -0.05185)
(0.06380 -0.00575 -0.04959)
(0.05433 0.00171 -0.04221)
(0.05055 0.00514 -0.03896)
(0.04974 0.00679 -0.03786)
(0.03726 0.01668 -0.03159)
(0.02397 0.02770 -0.02233)
(0.01925 0.02750 -0.01892)
(0.01472 0.03232 -0.01829)
(-0.00052 0.03932 -0.01083)
(-0.00210 0.03894 -0.01821)
(-0.00315 0.03628 -0.01948)
(-0.00598 0.03680 -0.01819)
(-0.00934 0.03070 -0.01563)
(-0.00285 0.00751 -0.00351)
(0.00099 0.00070 -0.00418)
(0.00206 0.00158 -0.01063)
(0.00994 0.00996 -0.06456)
(0.00655 0.00779 -0.07186)
(0.00662 0.00871 -0.07672)
(0.00163 0.00784 -0.07479)
(-0.00509 0.00899 -0.07694)
(-0.00743 0.00738 -0.07902)
(-0.01087 0.00855 -0.07992)
(-0.01098 0.00778 -0.07997)
(-0.02028 0.00709 -0.08141)
(-0.02735 0.00737 -0.08127)
(-0.02897 0.00656 -0.08048)
(-0.02940 0.00251 -0.08498)
(-0.03344 0.00400 -0.08554)
(-0.03401 -0.00674 -0.08827)
(-0.03448 -0.00904 -0.08926)
(-0.03135 -0.01692 -0.09431)
(-0.02906 -0.02541 -0.09771)
(-0.02243 -0.03732 -0.10225)
(-0.02525 -0.03269 -0.09838)
(-0.01435 -0.04445 -0.10219)
(-0.00790 -0.04031 -0.09647)
(0.00242 -0.04248 -0.09208)
(0.00149 -0.03700 -0.08594)
(0.00599 -0.04102 -0.08310)
(0.01395 -0.02404 -0.07435)
(0.02358 -0.02118 -0.07442)
(0.02581 -0.01358 -0.06813)
(0.04323 -0.00995 -0.06966)
(0.05272 -0.01700 -0.06832)
(0.06068 -0.01595 -0.06689)
(0.07717 -0.01985 -0.06810)
(0.08457 -0.02803 -0.06740)
(0.08888 -0.03206 -0.06758)
(0.08539 -0.03259 -0.06650)
(0.08444 -0.03186 -0.06642)
(0.07489 -0.02687 -0.06067)
(0.06801 -0.02552 -0.05632)
(0.05801 -0.01693 -0.04941)
(0.05288 -0.00935 -0.04395)
(0.04463 0.00351 -0.03824)
(0.03040 0.01835 -0.02596)
(0.02841 0.01417 -0.02517)
(0.01682 0.03349 -0.02093)
(0.00950 0.03207 -0.01224)
(0.00515 0.03460 -0.00965)
(-0.00310 0.03855 -0.00704)
(-0.00507 0.03886 -0.01151)
(-0.01074 0.04162 -0.01114)
(-0.01241 0.03123 -0.00600)
(-0.00663 0.01597 -0.00287)
(-0.00260 0.00609 -0.00106)
(0.00089 0.00062 -0.00340)
(0.00777 0.01026 -0.05703)
(0.00831 0.01008 -0.07622)
(0.00609 0.01090 -0.08060)
(0.00521 0.01075 -0.08075)
(0.00362 0.01045 -0.08105)
(-0.00705 0.01015 -0.07856)
(0.00028 0.01098 -0.08188)
(-0.01077 0.01114 -0.08041)
(-0.01481 0.01080 -0.08180)
(-0.02174 0.00748 -0.08088)
(-0.02536 0.01008 -0.08128)
(-0.02980 0.00706 -0.08309)
(-0.03156 0.00389 -0.08424)
(-0.03690 0.00420 -0.08465)
(-0.03595 -0.00350 -0.08762)
(-0.04276 -0.00610 -0.08789)
(-0.03877 -0.01361 -0.09088)
(-0.02727 -0.03075 -0.09841)
(-0.02935 -0.02774 -0.09227)
(-0.02053 -0.03739 -0.09613)
(-0.01716 -0.03854 -0.09361)
(-0.00328 -0.04839 -0.09466)
(-0.01277 -0.04510 -0.09124)
(-0.00009 -0.04791 -0.08853)
(0.00422 -0.04322 -0.08345)
(0.01348 -0.02580 -0.07521)
(0.01873 -0.02844 -0.07188)
(0.02311 -0.02873 -0.06342)
(0.03374 -0.01758 -0.06667)
(0.02702 -0.02914 -0.06296)
(0.05136 -0.01980 -0.06823)
(0.05710 -0.02604 -0.06679)
(0.05545 -0.02320 -0.06336)
(0.06823 -0.02382 -0.06535)
(0.07656 -0.03098 -0.06518)
(0.08974 -0.03379 -0.06598)
(0.07390 -0.04288 -0.05867)
(0.08172 -0.03528 -0.06473)
(0.07373 -0.03726 -0.06116)
(0.07349 -0.03568 -0.05982)
(0.06060 -0.02522 -0.05244)
(0.05922 -0.02681 -0.05080)
(0.04731 -0.02022 -0.04502)
(0.04752 -0.01800 -0.04291)
(0.03953 -0.00389 -0.03288)
(0.02588 0.01203 -0.02276)
(0.01529 0.02764 -0.01870)
(0.01579 0.01975 -0.01490)
(0.00987 0.02952 -0.00932)
(-0.00967 0.03670 0.00368)
(-0.00648 0.03880 -0.00266)
(-0.01262 0.03825 0.00377)
(-0.00985 0.04011 -0.00807)
(-0.01259 0.04079 -0.00708)
(-0.01353 0.03838 0.00462)
(-0.01091 0.03280 -0.00498)
(-0.00364 0.00814 -0.00104)
(0.00027 0.00020 -0.00100)
(0.00797 0.00810 -0.05024)
(0.00535 0.00879 -0.06265)
(0.00484 0.01131 -0.08224)
(0.00235 0.01100 -0.08212)
(0.00300 0.01150 -0.08342)
(0.00083 0.01140 -0.08319)
(-0.01042 0.01267 -0.08492)
(-0.02330 0.01437 -0.08081)
(-0.02915 0.01196 -0.08257)
(-0.03183 0.01205 -0.08172)
(-0.03907 0.01213 -0.08229)
(-0.03917 0.00475 -0.08473)
(-0.03979 -0.00125 -0.08538)
(-0.04538 -0.00494 -0.08529)
(-0.04364 -0.00804 -0.08711)
(-0.04349 -0.00958 -0.08744)
(-0.02930 -0.02422 -0.09469)
(-0.03104 -0.02593 -0.09087)
(-0.02855 -0.02853 -0.09129)
(-0.02421 -0.03591 -0.08997)
(-0.01759 -0.04062 -0.08231)
(-0.01330 -0.04313 -0.08153)
(-0.00480 -0.04902 -0.07138)
(0.00670 -0.04288 -0.07448)
(0.00778 -0.03989 -0.06992)
(0.02112 -0.03184 -0.06213)
(0.02428 -0.03309 -0.06160)
(0.03085 -0.02969 -0.06281)
(0.04838 -0.03536 -0.06208)
(0.05685 -0.03416 -0.06375)
(0.06719 -0.03379 -0.06451)
(0.06950 -0.04102 -0.06074)
(0.06954 -0.04585 -0.05714)
(0.06439 -0.04530 -0.05366)
(0.06166 -0.04524 -0.05250)
(0.06129 -0.03916 -0.05137)
(0.04538 -0.02183 -0.04400)
(0.04177 -0.01891 -0.04165)
(0.03252 -0.00269 -0.02981)
(0.03168 -0.00731 -0.03238)
(0.02551 0.00707 -0.02439)
(0.00526 0.01569 -0.00363)
(0.00773 0.02465 -0.00923)
(0.00181 0.01860 -0.00036)
(-0.00522 0.03181 0.00217)
(-0.01280 0.03599 0.00789)
(-0.01357 0.03717 0.00681)
(-0.01356 0.03779 -0.00020)
(-0.01012 0.02891 -0.00210)
(-0.01412 0.03503 0.00744)
(-0.00440 0.01037 -0.00063)
(-0.00090 0.00210 -0.00013)
(-0.00047 -0.00033 0.00140)
(0.00397 0.00473 -0.03095)
(0.00666 0.00777 -0.04583)
(0.00530 0.01183 -0.08397)
(0.00241 0.01172 -0.08503)
(-0.01497 0.01807 -0.08669)
(-0.02190 0.01586 -0.08463)
(-0.02705 0.01437 -0.08531)
(-0.04369 0.01637 -0.08290)
(-0.04600 0.01571 -0.08278)
(-0.04671 0.01474 -0.08225)
(-0.04648 0.00489 -0.08203)
(-0.04794 -0.00392 -0.08403)
(-0.04584 -0.00622 -0.08545)
(-0.04591 -0.00743 -0.08547)
(-0.03695 -0.01908 -0.08840)
(-0.03096 -0.02562 -0.08939)
(-0.03321 -0.02906 -0.07855)
(-0.02729 -0.03828 -0.07389)
(-0.01868 -0.03694 -0.07734)
(-0.01524 -0.04286 -0.06457)
(-0.00334 -0.04822 -0.06592)
(-0.00184 -0.04799 -0.06390)
(0.00854 -0.04372 -0.05856)
(0.02158 -0.03708 -0.05915)
(0.02782 -0.03422 -0.06125)
(0.03726 -0.04754 -0.05387)
(0.04483 -0.05120 -0.05492)
(0.05524 -0.04801 -0.05557)
(0.04711 -0.05649 -0.04924)
(0.05983 -0.06180 -0.05201)
(0.05784 -0.05429 -0.05013)
(0.05787 -0.04946 -0.05035)
(0.06117 -0.04735 -0.05210)
(0.05810 -0.04679 -0.05071)
(0.05507 -0.04569 -0.04922)
(0.04254 -0.03673 -0.04174)
(0.04251 -0.02272 -0.04279)
(0.03898 -0.01991 -0.04065)
(0.02497 -0.01274 -0.02709)
(0.02131 -0.00258 -0.02106)
(0.01783 -0.00300 -0.01952)
(0.00386 0.01375 -0.00260)
(0.00068 0.01640 0.00110)
(-0.00253 0.02283 0.00383)
(-0.00200 0.01837 0.00450)
(-0.01354 0.03489 0.01008)
(-0.01395 0.03597 0.00897)
(-0.01461 0.03471 0.01133)
(-0.01351 0.03105 0.00872)
(-0.00958 0.02163 0.00305)
(-0.00212 0.00418 0.00069)
(0.00139 -0.00246 -0.00036)
(-0.00169 -0.00140 0.00678)
(0.00033 0.00062 -0.00260)
(0.00328 0.00764 -0.03486)
(0.00318 0.01727 -0.08775)
(-0.00693 0.01872 -0.09091)
(-0.01065 0.01636 -0.08751)
(-0.02479 0.02099 -0.09039)
(-0.02440 0.01797 -0.08804)
(-0.03359 0.01511 -0.08672)
(-0.04449 0.01651 -0.08390)
(-0.04697 0.01612 -0.08356)
(-0.04832 0.01509 -0.08252)
(-0.05295 0.01374 -0.08329)
(-0.05103 0.00829 -0.08051)
(-0.05491 0.00671 -0.08086)
(-0.04845 -0.00470 -0.08412)
(-0.04854 -0.00560 -0.08400)
(-0.04707 -0.00970 -0.08492)
(-0.04509 -0.01361 -0.07868)
(-0.03868 -0.02260 -0.08066)
(-0.04646 -0.01607 -0.07435)
(-0.03777 -0.02951 -0.07112)
(-0.02748 -0.04177 -0.07056)
(-0.02477 -0.04018 -0.06905)
(-0.02432 -0.03937 -0.05740)
(-0.00591 -0.04855 -0.06324)
(-0.00400 -0.04943 -0.06119)
(0.00300 -0.05233 -0.05461)
(0.00808 -0.05389 -0.04187)
(0.02492 -0.03858 -0.05898)
(0.01423 -0.05784 -0.04145)
(0.02901 -0.04889 -0.05172)
(0.03662 -0.06649 -0.04778)
(0.04029 -0.06489 -0.04343)
(0.05581 -0.06517 -0.04974)
(0.05512 -0.06547 -0.04859)
(0.04471 -0.06004 -0.04098)
(0.04340 -0.05732 -0.04034)
(0.05525 -0.04866 -0.04892)
(0.05186 -0.04654 -0.04741)
(0.03304 -0.04192 -0.03694)
(0.02845 -0.02970 -0.03286)
(0.01882 -0.02205 -0.02309)
(0.01444 -0.01468 -0.01706)
(0.00281 0.00689 -0.00439)
(0.00080 -0.00279 -0.00283)
(-0.00014 0.01428 0.00191)
(-0.00251 0.01636 0.00559)
(-0.01525 0.02125 0.01677)
(-0.01391 0.02633 0.01498)
(-0.01690 0.02645 0.02052)
(-0.01591 0.03460 0.01230)
(-0.00806 0.01316 0.00451)
(-0.00868 0.01129 0.00790)
(-0.00017 0.00029 0.00007)
(-0.00150 -0.00274 0.01159)
(0.00077 0.01418 -0.05628)
(-0.00307 0.01938 -0.08530)
(-0.00179 -0.00241 0.01104)
(0.00203 0.00348 -0.01502)
(-0.01119 0.02390 -0.09201)
(-0.01541 0.02291 -0.09278)
(-0.01770 0.02098 -0.09382)
(-0.03044 0.02447 -0.09337)
(-0.03323 0.02268 -0.09125)
(-0.03838 0.01872 -0.08916)
(-0.04541 0.01749 -0.08612)
(-0.04535 0.02005 -0.08819)
(-0.05103 0.01834 -0.08563)
(-0.04939 0.01563 -0.08326)
(-0.05927 0.01158 -0.08302)
(-0.06020 0.00782 -0.07962)
(-0.05717 0.00225 -0.08100)
(-0.06775 0.00550 -0.07680)
(-0.06105 -0.00090 -0.07600)
(-0.05888 -0.00583 -0.07259)
(-0.05143 -0.00971 -0.07278)
(-0.05095 -0.01131 -0.07096)
(-0.04473 -0.02129 -0.06864)
(-0.04094 -0.02490 -0.05937)
(-0.02781 -0.03854 -0.06499)
(-0.02799 -0.03796 -0.04935)
(-0.01337 -0.04718 -0.05736)
(-0.00967 -0.04820 -0.05285)
(-0.00328 -0.05251 -0.04604)
(0.00177 -0.06454 -0.03433)
(0.00580 -0.07031 -0.03202)
(0.01691 -0.06470 -0.03521)
(0.02791 -0.07116 -0.03897)
(0.02884 -0.08156 -0.02967)
(0.03159 -0.07947 -0.02816)
(0.04580 -0.06833 -0.04105)
(0.04809 -0.06819 -0.04299)
(0.03675 -0.06972 -0.03236)
(0.03211 -0.06431 -0.02972)
(0.02451 -0.06245 -0.03046)
(0.03495 -0.05748 -0.03706)
(0.03071 -0.04870 -0.03512)
(0.01458 -0.03069 -0.02875)
(0.01506 -0.03363 -0.02249)
(0.01802 -0.02812 -0.02295)
(0.01541 -0.02162 -0.01599)
(0.01521 -0.02702 -0.01652)
(0.00183 -0.00796 -0.00296)
(-0.00038 0.00849 0.00251)
(-0.00091 -0.00514 0.00371)
(-0.00625 0.00331 0.01303)
(-0.00248 0.01391 0.00619)
(-0.01244 0.01826 0.01607)
(-0.01632 0.01982 0.02312)
(-0.02005 0.02027 0.03247)
(-0.01972 0.02253 0.02888)
(-0.01002 0.01136 0.01016)
(0.00077 -0.00097 -0.00064)
(-0.00112 0.00125 0.00107)
(-0.00043 0.00197 -0.00709)
(-0.00428 0.01419 -0.05470)
(-0.02068 0.02004 -0.06469)
(-0.03189 0.02817 -0.09487)
(-0.03701 0.02783 -0.09460)
(-0.04253 0.02281 -0.08967)
(-0.04766 0.02094 -0.09188)
(-0.05965 0.01993 -0.08533)
(-0.06375 0.01546 -0.08480)
(-0.06527 0.00919 -0.08048)
(-0.06888 0.00850 -0.07870)
(-0.06764 0.00572 -0.07392)
(-0.06974 -0.00279 -0.06402)
(-0.06126 -0.00868 -0.06927)
(-0.06281 -0.00799 -0.05903)
(-0.04981 -0.01842 -0.06044)
(-0.04988 -0.01823 -0.04219)
(-0.04727 -0.01982 -0.04063)
(-0.04657 -0.02191 -0.03715)
(-0.02698 -0.04043 -0.04620)
(-0.03824 -0.03250 -0.03229)
(-0.02076 -0.04386 -0.03364)
(-0.01220 -0.05715 -0.03249)
(-0.01002 -0.05739 -0.02726)
(-0.00115 -0.06950 -0.02265)
(0.00088 -0.07933 -0.01367)
(0.01057 -0.07637 -0.02638)
(0.01521 -0.08401 -0.01604)
(0.01817 -0.08293 -0.01784)
(0.01573 -0.09003 -0.01291)
(0.01443 -0.08735 -0.00971)
(0.02042 -0.08457 -0.01821)
(0.02411 -0.08346 -0.01971)
(0.02204 -0.07845 -0.02096)
(0.02241 -0.07225 -0.02316)
(0.01440 -0.06042 -0.02321)
(0.02532 -0.05937 -0.03059)
(0.01407 -0.04680 -0.02458)
(0.01516 -0.03891 -0.02321)
(0.01055 -0.03381 -0.01224)
(0.00094 -0.02801 -0.00126)
(0.00493 -0.02013 -0.00550)
(-0.00047 -0.00752 0.00396)
(-0.00703 -0.00456 0.01447)
(-0.01451 0.00394 0.02228)
(-0.01851 0.01685 0.02686)
(-0.01661 0.00964 0.02784)
(-0.02001 0.01829 0.03196)
(-0.02012 0.01815 0.03199)
(-0.01528 0.01404 0.02192)
(-0.00790 0.00733 0.00853)
(0.00058 -0.00041 -0.00060)
(0.00260 -0.00288 -0.00243)
(-0.00237 0.00245 -0.00763)
(-0.01064 0.01074 -0.03397)
(-0.01682 0.01473 -0.04494)
(-0.03584 0.02957 -0.09419)
(-0.04070 0.02900 -0.09397)
(-0.04643 0.02569 -0.09434)
(-0.04035 0.02962 -0.09380)
(-0.05937 0.02565 -0.08987)
(-0.05992 0.02093 -0.08745)
(-0.06334 0.01690 -0.08575)
(-0.06518 0.01909 -0.08528)
(-0.06541 0.01671 -0.08450)
(-0.07030 0.01137 -0.07983)
(-0.07289 0.00806 -0.07392)
(-0.07191 0.00479 -0.06978)
(-0.07135 -0.00381 -0.05844)
(-0.06908 -0.00578 -0.05756)
(-0.06874 -0.00710 -0.05507)
(-0.06072 -0.01316 -0.05324)
(-0.05178 -0.01811 -0.03968)
(-0.04945 -0.01972 -0.03869)
(-0.04887 -0.02086 -0.03546)
(-0.04726 -0.02265 -0.03244)
(-0.02961 -0.04477 -0.02578)
(-0.02463 -0.04659 -0.02415)
(-0.01978 -0.06500 -0.01423)
(-0.01641 -0.07266 -0.00889)
(-0.00426 -0.07892 -0.00634)
(0.00397 -0.09314 -0.00225)
(0.00440 -0.09495 -0.00053)
(0.00396 -0.09650 0.00169)
(0.00871 -0.09429 -0.00354)
(0.01206 -0.08763 -0.00745)
(0.01288 -0.08484 -0.01232)
(0.00780 -0.07633 -0.00991)
(0.00992 -0.07194 -0.01479)
(0.00437 -0.06727 -0.01041)
(0.00854 -0.05770 -0.01755)
(0.00380 -0.06459 -0.01032)
(0.00295 -0.05616 -0.01129)
(0.00676 -0.03723 -0.00922)
(0.00171 -0.03125 -0.00175)
(0.00053 -0.02918 0.00150)
(-0.00024 -0.02591 0.00241)
(-0.00054 -0.02686 0.00501)
(-0.00397 -0.01824 0.01116)
(-0.00857 -0.01024 0.02152)
(-0.01010 -0.00948 0.02816)
(-0.01280 -0.00141 0.02895)
(-0.01850 0.00778 0.03117)
(-0.02021 0.00934 0.03293)
(-0.01589 0.00722 0.02572)
(-0.01207 0.00767 0.01729)
(-0.00226 0.00123 0.00279)
(0.00152 -0.00093 -0.00143)
(-0.00447 0.00402 -0.01199)
(-0.00449 0.00362 -0.01056)
(-0.02745 0.02128 -0.06449)
(-0.04464 0.03018 -0.09302)
(-0.05952 0.02644 -0.08995)
(-0.06417 0.02728 -0.08645)
(-0.06360 0.02663 -0.08638)
(-0.06739 0.01968 -0.08099)
(-0.07449 0.01429 -0.07440)
(-0.07698 0.01436 -0.07163)
(-0.07447 0.00779 -0.06924)
(-0.07360 -0.00075 -0.05899)
(-0.07084 -0.00511 -0.05593)
(-0.07029 -0.00644 -0.05346)
(-0.06861 -0.00845 -0.05241)
(-0.06370 -0.01571 -0.03972)
(-0.05168 -0.01904 -0.03671)
(-0.05135 -0.01961 -0.03375)
(-0.04561 -0.02932 -0.02570)
(-0.03273 -0.04820 -0.02076)
(-0.02500 -0.05375 -0.01810)
(-0.01972 -0.07721 -0.00395)
(-0.01718 -0.08057 -0.00271)
(-0.01562 -0.08344 -0.00098)
(0.00109 -0.09380 0.00164)
(-0.00473 -0.08962 0.00379)
(0.00106 -0.09577 0.00337)
(0.00061 -0.09744 0.00538)
(0.00026 -0.10181 0.00820)
(-0.00173 -0.10002 0.01104)
(-0.00027 -0.09838 0.00580)
(0.01020 -0.08770 -0.00626)
(0.00226 -0.08634 -0.00321)
(-0.00844 -0.09300 0.00848)
(0.00320 -0.07780 -0.00726)
(0.00229 -0.07057 -0.00846)
(0.00219 -0.06793 -0.00846)
(0.00236 -0.06566 -0.00823)
(0.00137 -0.06052 -0.00438)
(0.00207 -0.03394 -0.00182)
(0.00110 -0.03242 0.00082)
(-0.00080 -0.03884 0.00233)
(-0.00001 -0.02985 0.00385)
(-0.00620 -0.01931 0.02035)
(-0.00357 -0.02690 0.01450)
(-0.00767 -0.01915 0.02437)
(-0.01181 -0.00829 0.02883)
(-0.00957 -0.01531 0.02791)
(-0.01355 -0.00921 0.03810)
(-0.01434 -0.00601 0.03710)
(-0.00769 0.00287 0.01197)
(-0.00534 -0.00191 0.01306)
(-0.00131 0.00048 0.00201)
(-0.02485 0.01738 -0.05200)
(-0.00650 0.00469 -0.01366)
(-0.03137 0.01788 -0.04430)
(-0.06366 0.02941 -0.08744)
(-0.07303 0.02837 -0.08189)
(-0.07174 0.02625 -0.08328)
(-0.07280 0.02095 -0.07720)
(-0.07661 0.01629 -0.07305)
(-0.07709 0.01526 -0.07101)
(-0.07717 0.01209 -0.06739)
(-0.07708 0.00697 -0.05924)
(-0.07165 -0.00530 -0.05338)
(-0.06947 -0.00999 -0.04577)
(-0.05599 -0.02200 -0.03284)
(-0.05777 -0.02365 -0.02596)
(-0.04773 -0.03432 -0.02295)
(-0.03787 -0.04414 -0.01751)
(-0.03320 -0.05070 -0.01354)
(-0.02170 -0.07049 -0.00394)
(-0.01890 -0.07974 -0.00161)
(-0.01675 -0.08360 0.00031)
(-0.01155 -0.08958 0.01005)
(-0.00120 -0.09657 0.00677)
(-0.00636 -0.09942 0.01512)
(-0.00704 -0.10043 0.01894)
(-0.00181 -0.09827 0.00845)
(-0.00755 -0.10234 0.01713)
(-0.01186 -0.10668 0.02040)
(-0.01063 -0.10659 0.02070)
(-0.00989 -0.10108 0.01552)
(-0.01180 -0.09553 0.01132)
(-0.00677 -0.08824 0.00437)
(-0.00874 -0.09358 0.00681)
(-0.00495 -0.07806 -0.00040)
(0.00007 -0.07090 -0.00652)
(-0.00036 -0.06954 -0.00564)
(-0.00052 -0.06835 -0.00464)
(0.00119 -0.06622 -0.00604)
(-0.00218 -0.05989 -0.00012)
(-0.00030 -0.04541 0.00495)
(0.00043 -0.03336 0.00312)
(0.00022 -0.04097 0.00865)
(-0.00305 -0.03127 0.01299)
(-0.00613 -0.02424 0.02295)
(-0.00925 -0.02301 0.02703)
(-0.01176 -0.01151 0.03292)
(-0.01172 -0.00717 0.03168)
(-0.00995 -0.00831 0.02591)
(-0.00928 -0.00540 0.02464)
(-0.00267 -0.00138 0.00681)
(-0.00098 -0.00033 0.00235)
(-0.00042 0.00027 -0.00059)
(-0.01144 0.00706 -0.01585)
(-0.00270 0.00129 -0.00303)
(-0.05034 0.02055 -0.05624)
(-0.07302 0.02377 -0.07613)
(-0.04129 0.01696 -0.04100)
(-0.07282 0.02748 -0.07758)
(-0.07353 0.02298 -0.06947)
(-0.07677 0.01636 -0.07162)
(-0.07632 0.01123 -0.06062)
(-0.07710 0.01303 -0.06604)
(-0.07530 0.00645 -0.05533)
(-0.07407 0.00242 -0.05209)
(-0.07345 -0.00280 -0.04518)
(-0.07176 -0.00936 -0.03968)
(-0.06813 -0.01603 -0.03624)
(-0.06496 -0.02077 -0.02515)
(-0.06539 -0.02086 -0.02372)
(-0.05516 -0.03301 -0.01771)
(-0.04313 -0.04595 -0.01415)
(-0.04833 -0.04250 -0.01251)
(-0.03734 -0.04805 -0.00848)
(-0.03281 -0.06020 -0.00036)
(-0.02114 -0.07118 -0.00133)
(-0.01590 -0.08469 0.00339)
(-0.01145 -0.08518 0.01370)
(-0.01133 -0.09950 0.01787)
(-0.00894 -0.10786 0.02247)
(-0.01067 -0.10904 0.02701)
(-0.01271 -0.10970 0.02588)
(-0.01804 -0.11128 0.03089)
(-0.01270 -0.10984 0.02861)
(-0.02141 -0.11200 0.03591)
(-0.01295 -0.10626 0.02391)
(-0.01343 -0.10410 0.02151)
(-0.01199 -0.09893 0.01174)
(-0.01105 -0.08966 0.01036)
(-0.01050 -0.08743 0.00980)
(-0.00512 -0.07571 0.00307)
(-0.00865 -0.07111 0.00672)
(-0.00462 -0.06026 0.00278)
(-0.00306 -0.05411 0.00601)
(-0.00356 -0.05921 0.01174)
(-0.00377 -0.04846 0.01066)
(-0.00661 -0.03524 0.01517)
(-0.00898 -0.03231 0.01929)
(-0.00838 -0.02659 0.02407)
(-0.01207 -0.01783 0.02997)
(-0.00936 -0.01522 0.01951)
(-0.00970 -0.01294 0.02285)
(-0.00339 -0.00304 0.00645)
(-0.00249 -0.00132 0.00565)
(0.01249 -0.00613 0.01324)
(-0.00136 0.00064 -0.00139)
(-0.05557 0.01890 -0.05139)
(0.00085 -0.00037 0.00080)
(-0.01930 0.00818 -0.01799)
(-0.06540 0.01848 -0.05214)
(-0.07287 0.01907 -0.05696)
(-0.07295 0.01052 -0.05523)
(-0.07131 0.01768 -0.05482)
(-0.07187 0.01683 -0.05466)
(-0.07403 0.00429 -0.05065)
(-0.07110 -0.00142 -0.04290)
(-0.07098 -0.00686 -0.03896)
(-0.06640 -0.01373 -0.03396)
(-0.06292 -0.02054 -0.02657)
(-0.05896 -0.02407 -0.02581)
(-0.05174 -0.03632 -0.01661)
(-0.04243 -0.04528 -0.01195)
(-0.04043 -0.04714 -0.00843)
(-0.03917 -0.04834 -0.01057)
(-0.03015 -0.06361 -0.00418)
(-0.02403 -0.07201 -0.00215)
(-0.01786 -0.07874 0.00671)
(-0.01215 -0.08404 0.01413)
(-0.01211 -0.09481 0.01925)
(-0.01027 -0.10587 0.02564)
(-0.01219 -0.11065 0.02746)
(-0.01353 -0.11123 0.03355)
(-0.01823 -0.11518 0.03866)
(-0.01748 -0.11362 0.03150)
(-0.02002 -0.10748 0.03315)
(-0.01973 -0.11340 0.03646)
(-0.02438 -0.10730 0.03675)
(-0.02035 -0.10828 0.03083)
(-0.01914 -0.10473 0.02877)
(-0.02209 -0.10594 0.03260)
(-0.02134 -0.10397 0.03045)
(-0.02031 -0.09896 0.02157)
(-0.01200 -0.08882 0.01179)
(-0.01785 -0.09246 0.01809)
(-0.01471 -0.08225 0.01268)
(-0.01267 -0.07343 0.00990)
(-0.01054 -0.07842 0.00949)
(-0.00722 -0.06910 0.00625)
(-0.00624 -0.05915 0.01206)
(-0.00436 -0.05740 0.01106)
(-0.01018 -0.04229 0.01336)
(-0.00852 -0.04147 0.01480)
(-0.01309 -0.02341 0.02057)
(-0.01216 -0.01915 0.01384)
(-0.00778 -0.00976 0.00945)
(-0.00464 -0.00551 0.00677)
(-0.00187 -0.00163 0.00282)
(0.00047 0.00026 -0.00085)
(0.00192 0.00144 -0.00260)
(0.00130 0.00072 -0.00236)
(0.01023 -0.00449 0.00958)
(-0.00395 0.00122 -0.00321)
(-0.03552 0.01053 -0.02862)
(0.01105 -0.00401 0.00913)
(-0.02269 0.00636 -0.01789)
(-0.05774 0.01519 -0.04491)
(-0.06899 0.00909 -0.05025)
(-0.05227 0.01238 -0.03956)
(-0.06632 0.01513 -0.04990)
(-0.06538 0.00039 -0.03904)
(-0.06690 -0.00299 -0.03673)
(-0.05892 -0.01867 -0.03034)
(-0.05930 -0.02168 -0.02926)
(-0.05451 -0.02589 -0.02556)
(-0.05475 -0.02865 -0.01918)
(-0.04162 -0.04632 -0.01284)
(-0.03884 -0.04886 -0.01186)
(-0.03589 -0.05167 -0.01084)
(-0.03603 -0.05173 -0.00969)
(-0.02583 -0.06504 -0.00239)
(-0.01750 -0.07468 0.00401)
(-0.01489 -0.07505 0.01264)
(-0.00920 -0.08822 0.01470)
(-0.01116 -0.09863 0.02139)
(-0.01110 -0.10581 0.02411)
(-0.01691 -0.11350 0.03406)
(-0.01958 -0.11280 0.03630)
(-0.02112 -0.11282 0.03734)
(-0.02180 -0.11127 0.03523)
(-0.02229 -0.10669 0.03428)
(-0.02180 -0.10518 0.03260)
(-0.02155 -0.10456 0.03287)
(-0.02106 -0.10299 0.03098)
(-0.02176 -0.09808 0.02730)
(-0.01715 -0.08755 0.01819)
(-0.01601 -0.08322 0.01755)
(-0.01280 -0.07857 0.01253)
(-0.01024 -0.07112 0.00847)
(-0.01064 -0.06055 0.00760)
(-0.00932 -0.05812 0.00761)
(-0.00916 -0.05352 0.00913)
(-0.01030 -0.04919 0.01292)
(-0.01178 -0.03276 0.01230)
(-0.00671 -0.01020 0.00679)
(-0.00345 -0.00446 0.00369)
(0.00012 0.00013 -0.00014)
(0.00139 0.00162 -0.00144)
(0.00179 0.00192 -0.00207)
(0.00019 -0.00006 0.00015)
(0.00227 -0.00070 0.00176)
(-0.01443 0.00371 -0.01109)
(-0.04765 0.00370 -0.03210)
(-0.01802 0.00243 -0.01247)
(-0.05920 -0.00173 -0.03372)
(-0.06336 -0.00427 -0.03353)
(-0.05535 -0.02139 -0.02758)
(-0.05535 -0.01251 -0.02854)
(-0.05380 -0.02323 -0.02631)
(-0.05364 -0.02456 -0.02589)
(-0.05156 -0.02801 -0.02500)
(-0.04091 -0.04226 -0.01682)
(-0.03801 -0.04888 -0.01299)
(-0.03549 -0.05116 -0.01200)
(-0.03240 -0.05390 -0.01098)
(-0.03280 -0.05487 -0.01015)
(-0.01877 -0.07247 -0.00007)
(-0.01397 -0.08108 0.00471)
(-0.01466 -0.08468 0.01072)
(-0.00915 -0.09554 0.01300)
(-0.01150 -0.10734 0.02366)
(-0.01245 -0.10873 0.02531)
(-0.01890 -0.11182 0.03546)
(-0.02032 -0.11217 0.03639)
(-0.02134 -0.11137 0.03660)
(-0.02185 -0.11174 0.03755)
(-0.02224 -0.10724 0.03671)
(-0.02204 -0.10599 0.03442)
(-0.02591 -0.10670 0.03732)
(-0.02192 -0.10535 0.03491)
(-0.02133 -0.10398 0.03332)
(-0.01842 -0.09409 0.02824)
(-0.01690 -0.08581 0.01952)
(-0.01548 -0.08256 0.01798)
(-0.01519 -0.08201 0.01831)
(-0.01230 -0.05915 0.01121)
(-0.01181 -0.05718 0.01002)
(-0.01108 -0.05219 0.00913)
(-0.00666 -0.03027 0.00529)
(-0.00346 -0.01500 0.00252)
(-0.00287 -0.00537 0.00287)
(-0.00019 -0.00025 0.00018)
(0.00123 0.00197 -0.00122)
(0.00144 0.00181 -0.00136)
(-0.00414 0.00060 -0.00289)
(-0.01028 0.00068 -0.00631)
(-0.02823 0.00161 -0.01720)
(-0.00984 -0.00129 -0.00610)
(-0.03556 -0.00812 -0.01841)
(-0.04725 -0.02006 -0.02341)
(-0.01973 -0.00621 -0.00936)
(-0.02967 -0.01444 -0.01481)
(-0.05108 -0.02486 -0.02516)
(-0.04967 -0.02808 -0.02486)
(-0.04257 -0.03718 -0.01730)
(-0.03980 -0.03850 -0.02108)
(-0.03496 -0.04808 -0.01593)
(-0.03448 -0.05126 -0.01262)
(-0.02771 -0.05094 -0.01313)
(-0.02327 -0.05982 -0.00975)
(-0.01828 -0.06718 -0.00431)
(-0.01494 -0.07647 -0.00162)
(-0.01016 -0.07724 0.00017)
(-0.01304 -0.08622 0.00622)
(-0.00911 -0.09934 0.00860)
(-0.00971 -0.09800 0.00821)
(-0.01074 -0.09979 0.01142)
(-0.01248 -0.09838 0.01606)
(-0.01201 -0.10232 0.02021)
(-0.01751 -0.10725 0.03133)
(-0.01705 -0.10266 0.02663)
(-0.02096 -0.11049 0.03540)
(-0.02230 -0.11047 0.03658)
(-0.02442 -0.10962 0.03887)
(-0.02613 -0.10569 0.03796)
(-0.02506 -0.10211 0.03601)
(-0.02434 -0.10279 0.04080)
(-0.02136 -0.10162 0.03594)
(-0.01995 -0.09335 0.03168)
(-0.01669 -0.09108 0.02465)
(-0.01389 -0.07052 0.01813)
(-0.01109 -0.05924 0.01420)
(-0.01110 -0.05728 0.01390)
(-0.00898 -0.04262 0.00809)
(-0.00377 -0.01825 0.00437)
(-0.00266 -0.01218 0.00228)
(-0.00196 -0.00842 0.00147)
(0.00039 0.00156 -0.00026)
(-0.00192 -0.00024 -0.00120)
(-0.00526 -0.00172 -0.00316)
(-0.00525 -0.00274 -0.00298)
(-0.00232 -0.00183 -0.00139)
(-0.00442 -0.00627 -0.00289)
(-0.02379 -0.02571 -0.01370)
(-0.02450 -0.03468 -0.01244)
(-0.00581 -0.01184 -0.00495)
(-0.01114 -0.02007 -0.00689)
(-0.01482 -0.03340 -0.00844)
(-0.02005 -0.05307 -0.00763)
(-0.01263 -0.03331 -0.00484)
(-0.01408 -0.05927 -0.00584)
(-0.00982 -0.07368 -0.00250)
(-0.01027 -0.05610 0.00064)
(-0.01134 -0.08044 0.00067)
(-0.01207 -0.08784 0.00861)
(-0.01268 -0.09606 0.01539)
(-0.01597 -0.09035 0.02280)
(-0.01867 -0.09298 0.02648)
(-0.01948 -0.09707 0.02953)
(-0.02086 -0.09122 0.02775)
(-0.01806 -0.09291 0.02866)
(-0.02203 -0.10555 0.03375)
(-0.01883 -0.10653 0.03524)
(-0.01186 -0.06052 0.01943)
(-0.01620 -0.08240 0.02867)
(-0.01662 -0.06475 0.02867)
(-0.01656 -0.07035 0.02764)
(-0.00556 -0.02248 0.00962)
(-0.00596 -0.02628 0.01029)
(-0.00309 -0.01756 0.00587)
(-0.00518 -0.02534 0.00646)
(0.00021 0.00117 -0.00037)
(-0.00115 -0.00588 0.00145)
(-0.00061 -0.00275 0.00065)
(0.00471 0.00668 0.00331)
(0.00356 0.00733 0.00306)
(-0.00342 -0.00760 -0.00210)
(0.00304 0.00678 0.00185)
(0.00073 0.00293 0.00050)
(-0.00686 -0.01801 -0.00262)
(-0.00371 -0.02061 -0.00177)
(0.00007 0.00032 0.00002)
(0.00005 0.00028 -0.00001)
(-0.00343 -0.02287 0.00015)
(-0.00908 -0.04257 0.00246)
(-0.00210 -0.00878 0.00084)
(-0.00619 -0.02510 0.00663)
(-0.01144 -0.04414 0.01290)
(-0.00403 -0.01508 0.00443)
(-0.00810 -0.03144 0.00908)
(-0.01125 -0.03697 0.01163)
(-0.01223 -0.05979 0.01842)
(-0.00127 -0.00495 0.00155)
(-0.00214 -0.01002 0.00344)
(0.00026 0.00131 -0.00046)
(-0.00768 -0.03909 0.01253)
(-0.00468 -0.02223 0.00831)
(0.00243 0.01095 -0.00398)
(0.00136 0.00576 -0.00232)
(0.00212 0.01015 -0.00358)
(0.00212 0.01156 -0.00367)
(-0.00079 -0.00312 0.00083)
(-0.00145 -0.00540 0.00159)
(-0.00154 -0.00523 0.00158)
(0.00074 0.00265 -0.00092)
)