/*--------------------------------*- C++ -*----------------------------------*\ 
| =========                 |                                                 | 
| \\      /  F ield         | OpenFOAM: The Open Source CFD Toolbox           | 
|  \\    /   O peration     | Version:  4.0                                   | 
|   \\  /    A nd           | Web:      www.OpenFOAM.org                      | 
|    \\/     M anipulation  |                                                 | 
\*---------------------------------------------------------------------------*/ 
FoamFile 
{ 
    version     2.0; 
    format      ascii; 
    class       vectorAverageField; 
    object      values; 
} 
// * * * * * * * * * * * * * * * * * * * * * * * * * * * * * * * * * * * * * // 
 
// Average 
(0 0 0) 
 
// Velocity data on points 
2447
(
(-0.00148 0.00003 -0.00028)
(0.00124 -0.00007 -0.00018)
(0.00599 0.00000 -0.00265)
(0.00268 0.00004 -0.00132)
(-0.00463 -0.00041 0.00250)
(0.02025 0.00003 -0.00991)
(0.00812 0.00072 -0.00444)
(0.02354 0.00455 -0.01779)
(0.00254 0.00051 -0.00190)
(-0.00364 -0.00086 0.00288)
(0.01557 0.00353 -0.01239)
(0.00314 0.00084 -0.00260)
(-0.00319 -0.00103 0.00256)
(0.01533 0.00506 -0.01352)
(0.00099 0.00043 -0.00084)
(-0.00307 -0.00133 0.00252)
(0.01033 0.00440 -0.00856)
(0.00050 0.00025 -0.00043)
(-0.00322 -0.00163 0.00251)
(0.00065 0.00033 -0.00051)
(0.00232 -0.00048 -0.00310)
(0.00010 0.00003 0.00031)
(0.00004 -0.00003 -0.00042)
(-0.00012 -0.00003 -0.00013)
(0.01118 0.00123 0.00139)
(0.01241 0.00029 -0.00148)
(0.01980 -0.00034 -0.00593)
(0.02654 0.00029 -0.01171)
(0.04332 -0.00091 -0.01548)
(0.04751 0.00042 -0.02172)
(0.05035 0.00011 -0.02544)
(0.03974 0.00450 -0.02613)
(0.06063 0.00184 -0.03848)
(0.05044 0.00936 -0.03881)
(0.04092 0.00887 -0.03301)
(0.03218 0.00814 -0.02712)
(0.05366 0.01130 -0.04391)
(0.05017 0.01252 -0.04294)
(0.04728 0.01547 -0.04326)
(0.03028 0.00985 -0.02704)
(0.02794 0.00892 -0.02449)
(0.04438 0.01544 -0.04635)
(0.04232 0.01446 -0.04291)
(0.02813 0.01254 -0.02743)
(0.01574 0.00890 -0.01575)
(0.03242 0.01647 -0.03368)
(0.01626 0.00704 -0.01269)
(0.00602 0.00206 -0.00399)
(0.02351 0.00854 -0.01940)
(0.00388 0.00158 -0.00226)
(-0.00066 -0.00022 0.00031)
(0.00075 0.00039 -0.00070)
(-0.00019 -0.00002 0.00025)
(-0.00007 -0.00006 0.00100)
(0.00450 -0.00092 0.00105)
(0.01408 -0.00283 0.00100)
(0.01086 0.00001 0.00368)
(0.03117 0.00191 -0.00233)
(0.04136 -0.00193 -0.01029)
(0.03781 -0.00038 -0.01002)
(0.04958 -0.00250 -0.01762)
(0.05778 -0.00418 -0.02553)
(0.06315 -0.00354 -0.03413)
(0.06334 -0.00177 -0.03896)
(0.05825 0.00476 -0.04574)
(0.06333 -0.00218 -0.04031)
(0.06475 -0.00233 -0.04469)
(0.05677 0.00578 -0.04687)
(0.05183 0.01088 -0.04739)
(0.04691 0.00759 -0.04815)
(0.04288 0.01326 -0.04632)
(0.03798 0.01600 -0.04706)
(0.03334 0.01969 -0.04768)
(0.03526 0.01811 -0.04304)
(0.04094 0.01353 -0.04218)
(0.03708 0.01884 -0.03751)
(0.03097 0.01823 -0.03546)
(0.03532 0.01810 -0.03215)
(0.02983 0.01264 -0.02129)
(0.02124 0.00713 -0.01306)
(0.02862 0.01837 -0.03013)
(0.02349 0.01167 -0.01912)
(0.01561 0.00432 -0.00797)
(0.00099 0.00033 -0.00045)
(0.00837 0.00103 -0.00345)
(-0.00305 -0.00010 0.00092)
(-0.00548 -0.00040 0.00157)
(0.00003 0.00007 -0.00001)
(-0.00063 -0.00151 0.00038)
(-0.00106 -0.00281 0.00106)
(-0.00305 0.00007 0.00324)
(0.00493 -0.00664 -0.00218)
(-0.00292 -0.00069 0.00415)
(0.00379 -0.00313 0.00288)
(0.01891 -0.00501 -0.00404)
(0.02003 -0.00422 -0.00055)
(0.03504 -0.00430 -0.00829)
(0.05356 -0.01050 -0.02862)
(0.04660 -0.00790 -0.01820)
(0.04837 -0.00417 -0.01561)
(0.05136 -0.00380 -0.02042)
(0.06238 -0.00732 -0.02735)
(0.06994 -0.00945 -0.03363)
(0.07138 -0.00990 -0.03658)
(0.06854 -0.00658 -0.04155)
(0.06445 -0.00260 -0.04384)
(0.06420 -0.00263 -0.04835)
(0.05904 0.00078 -0.05144)
(0.04822 0.00687 -0.04893)
(0.04168 0.00984 -0.04805)
(0.03666 0.01497 -0.04684)
(0.03074 0.01429 -0.04389)
(0.02143 0.01718 -0.03884)
(0.01674 0.01489 -0.03749)
(0.02859 0.01658 -0.03241)
(0.02018 0.01339 -0.03614)
(0.02539 0.01848 -0.03047)
(0.02772 0.01519 -0.02821)
(0.02867 0.00662 -0.02537)
(0.02947 0.00581 -0.02372)
(0.02041 0.00546 -0.01354)
(0.00553 0.00110 -0.00219)
(0.02104 0.00988 -0.01856)
(0.01638 0.00418 -0.00893)
(0.00242 0.00066 -0.00082)
(0.00069 0.00002 -0.00014)
(0.00065 0.00122 -0.00027)
(-0.00101 -0.00255 -0.00001)
(-0.00109 -0.00669 -0.00084)
(0.00294 -0.01205 -0.00372)
(0.00521 -0.01584 -0.00666)
(0.02514 -0.01461 -0.02032)
(0.02252 -0.01040 -0.01627)
(0.02218 -0.00782 -0.01133)
(0.03274 -0.01040 -0.01737)
(0.05699 -0.01272 -0.03286)
(0.05725 -0.01189 -0.03143)
(0.05913 -0.01158 -0.03122)
(0.06139 -0.01324 -0.03446)
(0.06313 -0.01315 -0.03450)
(0.05916 -0.00723 -0.02852)
(0.07238 -0.01152 -0.03583)
(0.07265 -0.01140 -0.03721)
(0.07234 -0.01099 -0.03880)
(0.06880 -0.00730 -0.04383)
(0.06753 -0.00655 -0.04896)
(0.06599 -0.00492 -0.04860)
(0.05120 0.00149 -0.05022)
(0.03886 0.00595 -0.05041)
(0.03713 0.00844 -0.04798)
(0.03021 0.00703 -0.04416)
(0.01442 0.01394 -0.03887)
(0.01321 0.01431 -0.03805)
(0.01233 0.01478 -0.03732)
(0.01115 0.01546 -0.03667)
(0.00787 0.01824 -0.03138)
(0.02662 0.00696 -0.02589)
(0.02761 0.00605 -0.02459)
(0.02555 0.00613 -0.02536)
(0.02426 0.00738 -0.02297)
(0.01656 0.00431 -0.01201)
(0.01591 0.00837 -0.01903)
(0.01424 -0.00107 -0.00780)
(0.00628 -0.00289 0.00000)
(0.00065 -0.00042 0.00008)
(0.00546 -0.00706 0.00172)
(0.00112 -0.00254 0.00100)
(0.00007 -0.00015 0.00006)
(0.00018 -0.00172 -0.00050)
(0.00043 -0.00437 -0.00134)
(0.00664 -0.01250 -0.01002)
(0.01191 -0.01495 -0.01513)
(0.03085 -0.01524 -0.02977)
(0.03790 -0.01357 -0.03183)
(0.04000 -0.01344 -0.03296)
(0.04309 -0.01458 -0.03583)
(0.04535 -0.01475 -0.03706)
(0.04349 -0.01433 -0.02870)
(0.05733 -0.01364 -0.03451)
(0.06233 -0.01500 -0.03813)
(0.06373 -0.01463 -0.03775)
(0.06532 -0.01448 -0.03761)
(0.06704 -0.01455 -0.03795)
(0.07430 -0.01436 -0.04435)
(0.07456 -0.01288 -0.03873)
(0.08223 -0.01360 -0.05366)
(0.07995 -0.01323 -0.04751)
(0.07475 -0.01327 -0.04080)
(0.07320 -0.01226 -0.04071)
(0.06896 -0.00406 -0.05135)
(0.07669 -0.00586 -0.05570)
(0.06953 -0.00952 -0.05384)
(0.06605 -0.00477 -0.05095)
(0.05155 0.00176 -0.04823)
(0.03583 0.00813 -0.05153)
(0.03211 0.00952 -0.05040)
(0.02839 0.01080 -0.04938)
(0.02003 0.00935 -0.04177)
(0.01040 0.01410 -0.03843)
(0.00931 0.01461 -0.03788)
(0.00830 0.01493 -0.03732)
(0.00500 0.01269 -0.03404)
(0.00421 0.01738 -0.02973)
(0.00664 0.01324 -0.02630)
(0.01949 0.00668 -0.02401)
(0.00940 0.00878 -0.02023)
(0.00879 0.00313 -0.01609)
(0.00637 -0.00006 -0.00906)
(0.00638 -0.01175 0.00222)
(0.00397 -0.00866 0.00270)
(0.00370 -0.01216 0.00390)
(0.00127 -0.00452 0.00181)
(0.00043 -0.00235 0.00100)
(0.00012 0.00050 0.00018)
(-0.00009 -0.00017 0.00002)
(0.00893 -0.00979 -0.01084)
(0.02109 -0.01718 -0.02070)
(0.02518 -0.01529 -0.02599)
(0.04564 -0.01975 -0.04144)
(0.04699 -0.01537 -0.03959)
(0.04756 -0.01532 -0.03931)
(0.05161 -0.01565 -0.04246)
(0.05496 -0.01700 -0.04143)
(0.06880 -0.01840 -0.05054)
(0.06667 -0.01595 -0.04156)
(0.07449 -0.01890 -0.04950)
(0.06976 -0.01610 -0.04286)
(0.06930 -0.01565 -0.04116)
(0.07829 -0.01853 -0.04746)
(0.08152 -0.01893 -0.05017)
(0.08761 -0.01504 -0.05822)
(0.08815 -0.01456 -0.06115)
(0.08481 -0.01081 -0.05951)
(0.07982 -0.01003 -0.05617)
(0.07490 -0.00554 -0.05795)
(0.06457 -0.00691 -0.05943)
(0.04643 0.00422 -0.05487)
(0.03369 0.00901 -0.05143)
(0.02914 0.01070 -0.05023)
(0.01720 0.01408 -0.04701)
(0.00654 0.01672 -0.04274)
(0.00100 0.01572 -0.03915)
(0.00529 0.01557 -0.03794)
(0.00092 0.01401 -0.03450)
(-0.00032 0.01578 -0.02979)
(-0.00315 0.01288 -0.03064)
(0.00111 0.01074 -0.02429)
(-0.00509 0.01436 -0.02144)
(-0.00263 0.01357 -0.01976)
(0.00166 0.00492 -0.01520)
(0.00213 -0.00201 -0.01031)
(0.00486 -0.01225 0.00120)
(0.00456 -0.01446 0.00340)
(0.00133 -0.00729 0.00289)
(0.00319 -0.01558 0.00395)
(0.00257 -0.01368 0.00479)
(-0.00043 -0.00811 0.00347)
(0.00005 -0.00079 0.00024)
(0.00103 0.00083 0.00002)
(-0.00003 -0.00003 -0.00000)
(0.00362 -0.00343 -0.00474)
(0.01018 -0.00843 -0.01241)
(0.03312 -0.01915 -0.03186)
(0.03067 -0.01389 -0.03080)
(0.04211 -0.01719 -0.04050)
(0.04745 -0.02161 -0.04348)
(0.05859 -0.02034 -0.05149)
(0.06632 -0.02093 -0.05724)
(0.06696 -0.02144 -0.05226)
(0.08131 -0.02159 -0.06371)
(0.08404 -0.02143 -0.06234)
(0.08218 -0.01792 -0.06123)
(0.09251 -0.01887 -0.06367)
(0.09480 -0.01496 -0.06657)
(0.09330 -0.01733 -0.06488)
(0.09947 -0.02101 -0.07089)
(0.09308 -0.01432 -0.06889)
(0.08269 -0.00764 -0.06353)
(0.08035 -0.00502 -0.06670)
(0.06900 0.00408 -0.06477)
(0.05826 0.00652 -0.06126)
(0.05100 0.01188 -0.05987)
(0.03544 0.00942 -0.05294)
(0.03030 0.01160 -0.05164)
(0.02124 0.01680 -0.04866)
(0.00521 0.02121 -0.04299)
(-0.00184 0.02309 -0.04077)
(-0.00214 0.01785 -0.03576)
(-0.00115 0.01585 -0.03485)
(-0.00650 0.01304 -0.03201)
(-0.00420 0.01145 -0.02583)
(-0.00412 0.01296 -0.02043)
(0.00409 0.00288 -0.02269)
(0.00500 -0.00422 -0.01586)
(0.00632 -0.00541 -0.01046)
(0.00483 -0.00500 -0.01563)
(0.00676 -0.00759 -0.00978)
(0.00413 -0.01087 -0.00467)
(0.00090 -0.02073 0.00499)
(0.00292 -0.01503 -0.00500)
(0.00052 -0.02171 0.00449)
(0.00027 -0.00672 0.00208)
(-0.00046 -0.00343 0.00123)
(0.00000 -0.00001 0.00006)
(-0.00045 -0.00073 -0.00078)
(0.01968 -0.00907 -0.02089)
(0.02421 -0.00301 -0.03089)
(0.04044 -0.00818 -0.04095)
(0.05661 -0.00686 -0.05737)
(0.05032 -0.01196 -0.04868)
(0.05479 -0.01695 -0.05079)
(0.06167 -0.01215 -0.05831)
(0.07058 -0.01682 -0.06294)
(0.07218 -0.01735 -0.06399)
(0.09033 -0.02413 -0.07347)
(0.09770 -0.02546 -0.07953)
(0.09912 -0.02604 -0.08011)
(0.09388 -0.02285 -0.07430)
(0.09823 -0.02142 -0.07472)
(0.10039 -0.02086 -0.07864)
(0.10556 -0.02026 -0.08150)
(0.09982 -0.01902 -0.07308)
(0.09732 -0.01446 -0.07126)
(0.09650 -0.01426 -0.06861)
(0.09938 -0.01432 -0.07131)
(0.09571 -0.01308 -0.07318)
(0.08946 -0.00532 -0.07555)
(0.08046 0.00465 -0.07601)
(0.07652 0.00715 -0.07487)
(0.06965 0.01085 -0.07250)
(0.05527 0.01177 -0.06324)
(0.03946 0.01611 -0.05486)
(0.02207 0.02029 -0.05201)
(0.01071 0.02096 -0.04329)
(-0.00734 0.02873 -0.04127)
(-0.00328 0.02447 -0.04099)
(-0.00091 0.01872 -0.03607)
(-0.00210 0.01691 -0.03369)
(-0.00204 0.01741 -0.03319)
(-0.00422 0.01203 -0.02917)
(0.00467 -0.00042 -0.02952)
(0.00613 0.00074 -0.02967)
(0.00967 -0.00334 -0.02939)
(0.00460 0.00209 -0.02265)
(0.00202 -0.00302 -0.02030)
(0.00483 -0.00953 -0.01450)
(0.00777 -0.00863 -0.01598)
(0.01239 -0.01532 -0.01451)
(0.01069 -0.02312 -0.00736)
(0.00414 -0.03065 0.00245)
(0.00478 -0.01381 0.00031)
(-0.00060 0.00170 -0.00014)
(0.01390 -0.02564 -0.00514)
(-0.00020 0.00127 -0.00139)
(0.00221 0.00247 -0.00824)
(0.00401 0.01087 -0.01418)
(0.01298 0.00157 -0.02188)
(0.03787 0.00014 -0.04372)
(0.05383 -0.00461 -0.05570)
(0.05833 -0.00472 -0.06008)
(0.05958 -0.00688 -0.06007)
(0.06336 -0.00805 -0.06277)
(0.07523 -0.01327 -0.06907)
(0.09774 -0.02476 -0.07999)
(0.09988 -0.02506 -0.08117)
(0.10241 -0.02251 -0.08087)
(0.10611 -0.01830 -0.08550)
(0.10683 -0.01687 -0.08636)
(0.10637 -0.01269 -0.08701)
(0.10255 -0.01256 -0.08018)
(0.10538 -0.00616 -0.08715)
(0.10634 -0.00486 -0.09277)
(0.10171 -0.00695 -0.08436)
(0.09137 -0.00078 -0.07900)
(0.08182 0.00661 -0.07838)
(0.07826 0.00905 -0.07735)
(0.07426 0.01160 -0.07606)
(0.05921 0.01763 -0.07086)
(0.04572 0.01809 -0.05983)
(0.04884 0.02702 -0.06646)
(0.03508 0.02301 -0.05449)
(0.02488 0.02348 -0.04642)
(0.01335 0.02647 -0.04533)
(0.01236 0.02349 -0.04441)
(0.00568 0.01939 -0.03618)
(0.00472 0.01719 -0.03541)
(0.00715 0.01521 -0.03508)
(0.00227 0.01100 -0.03010)
(0.00531 0.00632 -0.02972)
(0.00979 -0.00253 -0.03052)
(0.01172 -0.00348 -0.03064)
(0.01090 -0.00393 -0.02933)
(0.01117 -0.00487 -0.02455)
(0.00988 -0.00717 -0.02036)
(0.01835 -0.01609 -0.01817)
(0.02839 -0.01542 -0.02210)
(0.02345 -0.02459 -0.01541)
(0.02940 -0.01874 -0.02084)
(0.02211 -0.03102 -0.01111)
(0.01716 -0.02783 -0.00416)
(0.00158 -0.00246 -0.00016)
(-0.00068 0.00092 0.00011)
(-0.00015 -0.00072 0.00085)
(0.00023 0.00125 -0.00143)
(0.00245 0.00818 -0.01031)
(0.00994 0.02168 -0.03086)
(0.02511 0.01445 -0.04280)
(0.01307 0.02653 -0.03878)
(0.03622 0.00875 -0.05042)
(0.05612 -0.00258 -0.05943)
(0.06250 -0.00626 -0.06298)
(0.06125 -0.00413 -0.06337)
(0.06568 -0.00671 -0.06546)
(0.08391 -0.01163 -0.07766)
(0.07996 -0.00734 -0.07844)
(0.09973 -0.02439 -0.08163)
(0.10107 -0.02229 -0.08467)
(0.10508 -0.01502 -0.08872)
(0.11048 -0.01382 -0.09128)
(0.10595 -0.01083 -0.08981)
(0.10707 -0.00454 -0.09489)
(0.10543 -0.00337 -0.09288)
(0.10573 -0.00266 -0.09505)
(0.10457 -0.00169 -0.09338)
(0.08225 0.00874 -0.08103)
(0.07939 0.01083 -0.08031)
(0.07567 0.01310 -0.07876)
(0.07059 0.01654 -0.07695)
(0.05566 0.02815 -0.06978)
(0.03806 0.02923 -0.05867)
(0.02658 0.03557 -0.05329)
(0.02444 0.03471 -0.05102)
(0.02314 0.03382 -0.04919)
(0.01472 0.02247 -0.04143)
(0.00993 0.01612 -0.03583)
(0.00961 0.01338 -0.03490)
(0.01658 0.00682 -0.03378)
(0.01286 -0.00303 -0.03171)
(0.01512 -0.00388 -0.03223)
(0.01812 -0.00196 -0.03017)
(0.01786 -0.00532 -0.02341)
(0.02075 -0.00509 -0.02500)
(0.01768 -0.00682 -0.02156)
(0.03293 -0.01374 -0.02543)
(0.03233 -0.01538 -0.02419)
(0.03292 -0.01751 -0.02347)
(0.03375 -0.01983 -0.02310)
(0.03328 -0.03362 -0.00998)
(0.01007 -0.01316 -0.00184)
(0.00448 -0.00524 -0.00090)
(-0.00449 0.00542 0.00083)
(0.00027 0.00290 -0.00314)
(0.00233 0.01028 -0.01220)
(0.00564 0.01804 -0.02303)
(0.00428 0.01742 -0.02109)
(0.01259 0.02887 -0.04069)
(0.01586 0.02655 -0.04186)
(0.05396 0.00675 -0.06434)
(0.04760 0.01323 -0.06672)
(0.05972 -0.00151 -0.06424)
(0.06366 -0.00362 -0.06621)
(0.07552 -0.00499 -0.07686)
(0.08707 -0.00758 -0.08398)
(0.09107 -0.01320 -0.08461)
(0.09172 -0.00856 -0.08542)
(0.09492 -0.01200 -0.08675)
(0.10519 -0.01233 -0.08957)
(0.10375 -0.00861 -0.09305)
(0.10537 -0.00798 -0.09416)
(0.10599 -0.00686 -0.09646)
(0.10631 -0.00265 -0.09757)
(0.10423 -0.00054 -0.09562)
(0.10431 -0.00022 -0.09799)
(0.09637 0.00795 -0.09496)
(0.08325 0.01437 -0.09102)
(0.07826 0.01793 -0.08670)
(0.07080 0.02411 -0.08382)
(0.06188 0.03000 -0.07793)
(0.04072 0.03557 -0.06534)
(0.03645 0.03343 -0.05811)
(0.02864 0.03470 -0.05298)
(0.02752 0.03328 -0.05096)
(0.02629 0.02269 -0.04669)
(0.01310 0.01689 -0.03681)
(0.01544 0.01488 -0.03702)
(0.01388 0.01294 -0.03594)
(0.02267 0.00873 -0.03305)
(0.02157 0.00340 -0.03195)
(0.02385 0.00289 -0.03200)
(0.02377 -0.00034 -0.02849)
(0.03265 0.00092 -0.02989)
(0.02606 0.00120 -0.02697)
(0.02468 -0.00025 -0.02680)
(0.03239 0.00098 -0.02935)
(0.03307 -0.00642 -0.02769)
(0.03611 -0.01255 -0.02676)
(0.03594 -0.01429 -0.02595)
(0.03768 -0.01547 -0.02604)
(0.03995 -0.01674 -0.02651)
(0.03972 -0.01937 -0.02606)
(0.05575 -0.02466 -0.02809)
(0.04740 -0.03521 -0.01537)
(0.01935 -0.01633 -0.00583)
(-0.00201 0.00211 0.00043)
(-0.00002 -0.00019 0.00021)
(0.00062 0.00285 -0.00369)
(0.00459 0.01692 -0.02321)
(0.00928 0.02880 -0.03728)
(0.02211 0.02914 -0.05595)
(0.02821 0.02746 -0.05754)
(0.03355 0.03200 -0.07101)
(0.03991 0.02067 -0.06547)
(0.05682 0.00870 -0.07165)
(0.05193 0.02158 -0.08005)
(0.05967 0.01491 -0.08247)
(0.06736 0.00693 -0.08065)
(0.07436 0.00260 -0.08384)
(0.08365 -0.00306 -0.08546)
(0.09162 -0.01021 -0.08716)
(0.09143 -0.00558 -0.09204)
(0.09532 -0.00622 -0.09079)
(0.10365 -0.00847 -0.09411)
(0.10567 -0.00863 -0.09617)
(0.10529 -0.00431 -0.10345)
(0.10554 -0.00229 -0.10644)
(0.10238 0.00571 -0.10766)
(0.09941 0.00707 -0.10100)
(0.09839 0.00932 -0.10683)
(0.08678 0.01748 -0.10370)
(0.08113 0.02288 -0.10340)
(0.07274 0.02469 -0.08781)
(0.06663 0.02814 -0.08302)
(0.05059 0.03529 -0.07017)
(0.06161 0.02924 -0.08002)
(0.04666 0.03606 -0.06734)
(0.03781 0.03482 -0.05960)
(0.03733 0.02744 -0.05394)
(0.03742 0.02179 -0.05107)
(0.03391 0.01708 -0.04820)
(0.04068 0.01226 -0.04560)
(0.03105 0.00728 -0.03809)
(0.03739 0.00727 -0.03576)
(0.03890 -0.00076 -0.03665)
(0.03982 -0.00089 -0.03642)
(0.04211 -0.00177 -0.03469)
(0.03757 -0.00074 -0.03040)
(0.04503 -0.00299 -0.03172)
(0.03797 -0.00156 -0.02959)
(0.04035 -0.00309 -0.03060)
(0.04664 -0.00789 -0.03248)
(0.05718 -0.01505 -0.03511)
(0.05126 -0.01742 -0.02955)
(0.07397 -0.02670 -0.03815)
(0.06680 -0.02996 -0.02871)
(0.06866 -0.02072 -0.03930)
(0.08354 -0.03084 -0.03960)
(0.03480 -0.01961 -0.01426)
(0.00191 -0.00120 -0.00083)
(-0.00402 0.00234 0.00165)
(0.00098 0.00178 -0.00321)
(0.00239 0.00834 -0.01159)
(0.01814 0.03839 -0.06045)
(0.03363 0.03624 -0.07849)
(0.03232 0.03647 -0.07562)
(0.04344 0.02717 -0.07781)
(0.04309 0.03100 -0.08296)
(0.04979 0.02412 -0.08124)
(0.05273 0.02175 -0.08186)
(0.06234 0.01522 -0.08550)
(0.07221 0.00572 -0.08672)
(0.08139 0.00007 -0.09086)
(0.08540 -0.00186 -0.09317)
(0.08577 0.00065 -0.09504)
(0.09738 -0.00519 -0.10427)
(0.09876 -0.00487 -0.10686)
(0.10153 -0.00727 -0.10543)
(0.10672 -0.00545 -0.10666)
(0.10440 -0.00176 -0.10864)
(0.10113 0.00301 -0.10940)
(0.09621 0.00748 -0.11214)
(0.08936 0.01629 -0.10819)
(0.08291 0.02284 -0.10853)
(0.08056 0.02079 -0.09642)
(0.07322 0.02227 -0.08822)
(0.07194 0.02208 -0.08502)
(0.05574 0.02949 -0.07174)
(0.05151 0.02897 -0.06440)
(0.05822 0.01805 -0.06293)
(0.05820 0.01593 -0.06137)
(0.04434 0.01679 -0.04855)
(0.04798 0.01086 -0.04726)
(0.03857 0.00911 -0.03750)
(0.04783 0.00570 -0.04066)
(0.03956 0.00219 -0.03559)
(0.04069 0.00214 -0.03526)
(0.04927 -0.00039 -0.03558)
(0.05092 -0.00335 -0.03422)
(0.05155 -0.00331 -0.03365)
(0.04828 -0.00169 -0.03198)
(0.04432 -0.00348 -0.02976)
(0.05429 -0.00429 -0.03231)
(0.04986 -0.00336 -0.02907)
(0.05548 -0.00813 -0.03356)
(0.06155 -0.01199 -0.03475)
(0.06735 -0.01884 -0.03875)
(0.07618 -0.02579 -0.03730)
(0.08690 -0.03084 -0.04108)
(0.07526 -0.02296 -0.03385)
(0.05042 -0.02109 -0.02515)
(0.00829 -0.00468 -0.00348)
(0.00454 -0.00145 -0.00212)
(-0.00189 -0.00294 0.00570)
(0.00693 0.01201 -0.02205)
(0.00074 0.00114 -0.00222)
(0.00985 0.01459 -0.02885)
(0.02529 0.03608 -0.07109)
(0.03831 0.03470 -0.08383)
(0.03857 0.03574 -0.08720)
(0.04333 0.03327 -0.08840)
(0.04691 0.03195 -0.09088)
(0.04837 0.02765 -0.08619)
(0.05502 0.02664 -0.09411)
(0.05699 0.02304 -0.09063)
(0.05945 0.01886 -0.08850)
(0.06882 0.01426 -0.09575)
(0.07182 0.01169 -0.09585)
(0.08146 0.00440 -0.09715)
(0.08929 0.00146 -0.10287)
(0.09659 -0.00365 -0.10677)
(0.09896 -0.00413 -0.10924)
(0.10025 -0.00100 -0.11444)
(0.09785 0.00362 -0.11532)
(0.09652 0.00431 -0.11326)
(0.08880 0.00988 -0.10884)
(0.09330 0.01050 -0.11110)
(0.08523 0.01570 -0.10479)
(0.07764 0.02113 -0.09637)
(0.07580 0.02004 -0.08886)
(0.07518 0.01931 -0.08619)
(0.07145 0.02145 -0.08312)
(0.06517 0.01908 -0.07338)
(0.06165 0.01619 -0.06472)
(0.06212 0.01419 -0.06357)
(0.05737 0.01337 -0.05719)
(0.06130 0.00604 -0.05588)
(0.05326 0.00811 -0.04520)
(0.05700 0.00394 -0.04457)
(0.05596 0.00371 -0.04262)
(0.05201 0.00188 -0.03798)
(0.05097 0.00042 -0.03467)
(0.05187 -0.00314 -0.03363)
(0.05272 -0.00364 -0.03360)
(0.05250 -0.00347 -0.03323)
(0.05103 -0.00266 -0.03133)
(0.05790 -0.00388 -0.03059)
(0.05962 -0.00851 -0.03234)
(0.06321 -0.00988 -0.03669)
(0.06463 -0.00969 -0.03559)
(0.06806 -0.00813 -0.03388)
(0.07401 -0.01714 -0.03452)
(0.07562 -0.01556 -0.03200)
(0.05659 -0.01596 -0.02729)
(0.01038 -0.00300 -0.00504)
(-0.00212 -0.00275 0.00583)
(0.00400 0.00500 -0.01081)
(0.02321 0.03067 -0.06426)
(0.02032 0.02332 -0.05287)
(0.02766 0.03061 -0.07093)
(0.04284 0.03496 -0.09396)
(0.04252 0.03686 -0.09534)
(0.04491 0.03532 -0.09627)
(0.05377 0.03156 -0.10362)
(0.05461 0.03070 -0.10316)
(0.06102 0.02139 -0.09693)
(0.06798 0.01550 -0.09695)
(0.06916 0.01466 -0.09720)
(0.07043 0.01363 -0.09771)
(0.07242 0.01160 -0.09700)
(0.07781 0.00940 -0.10291)
(0.09000 0.00112 -0.10567)
(0.09490 -0.00197 -0.10897)
(0.09099 0.00229 -0.11047)
(0.09886 -0.00338 -0.11155)
(0.09427 0.00419 -0.11313)
(0.09335 0.00511 -0.11292)
(0.08888 0.00872 -0.10888)
(0.08759 0.01099 -0.10687)
(0.08711 0.01120 -0.10505)
(0.07792 0.01775 -0.08860)
(0.07783 0.01658 -0.08649)
(0.07493 0.01837 -0.08417)
(0.07545 0.01689 -0.08285)
(0.07562 0.00895 -0.07412)
(0.07288 0.00869 -0.07185)
(0.06469 0.00811 -0.06062)
(0.07076 0.00430 -0.06386)
(0.06679 0.00201 -0.05756)
(0.05991 0.00317 -0.04678)
(0.05939 0.00322 -0.04588)
(0.05686 0.00353 -0.04250)
(0.05876 0.00025 -0.04055)
(0.05324 -0.00375 -0.03423)
(0.05416 -0.00466 -0.03467)
(0.05396 -0.00464 -0.03381)
(0.05689 -0.00689 -0.03161)
(0.05951 -0.00632 -0.03002)
(0.06009 -0.00603 -0.02995)
(0.06747 -0.00901 -0.02968)
(0.06888 -0.00644 -0.03111)
(0.07040 -0.00710 -0.03220)
(0.06943 -0.00665 -0.03150)
(0.07055 -0.00694 -0.03245)
(0.07189 -0.00743 -0.03365)
(0.07309 -0.01264 -0.03095)
(0.07265 -0.01815 -0.03570)
(0.06356 -0.01432 -0.03144)
(0.01576 -0.00397 -0.00787)
(-0.00473 0.00125 0.00237)
(-0.00098 -0.00103 0.00245)
(0.00809 0.00821 -0.01990)
(0.04045 0.02493 -0.07915)
(0.03982 0.03418 -0.08919)
(0.05254 0.03028 -0.10021)
(0.04732 0.03357 -0.10131)
(0.05350 0.03195 -0.10680)
(0.05437 0.03176 -0.10566)
(0.05472 0.03111 -0.10434)
(0.06112 0.02372 -0.10160)
(0.06231 0.02208 -0.10205)
(0.06741 0.01654 -0.09770)
(0.06818 0.01587 -0.09796)
(0.06750 0.01674 -0.09972)
(0.07144 0.01282 -0.09884)
(0.07366 0.01332 -0.10397)
(0.07773 0.01057 -0.10606)
(0.08045 0.00902 -0.10848)
(0.08817 0.00616 -0.11299)
(0.09114 0.00521 -0.11422)
(0.08701 0.00790 -0.11058)
(0.08783 0.00949 -0.10627)
(0.08753 0.00824 -0.10584)
(0.08738 0.00957 -0.10386)
(0.08491 0.00964 -0.09443)
(0.08270 0.00786 -0.08632)
(0.07793 0.01537 -0.08468)
(0.07988 0.01094 -0.08073)
(0.08508 0.00125 -0.07670)
(0.08458 -0.00248 -0.07422)
(0.07322 0.00625 -0.06871)
(0.07469 0.00317 -0.06863)
(0.07420 0.00093 -0.06387)
(0.06964 -0.00167 -0.05721)
(0.06130 0.00319 -0.04891)
(0.05871 0.00299 -0.04495)
(0.06335 -0.00357 -0.04649)
(0.05753 -0.00313 -0.03941)
(0.05953 -0.00731 -0.03987)
(0.05738 -0.00557 -0.03165)
(0.05906 -0.00992 -0.03146)
(0.05956 -0.00644 -0.02823)
(0.06651 -0.01128 -0.03239)
(0.06556 -0.01237 -0.03171)
(0.06642 -0.00815 -0.02826)
(0.06863 -0.00669 -0.03068)
(0.06990 -0.00617 -0.03182)
(0.07405 -0.00916 -0.03487)
(0.06803 -0.00722 -0.03143)
(0.07032 -0.01493 -0.03457)
(0.06641 -0.00783 -0.03547)
(0.02081 -0.00450 -0.01046)
(-0.00091 0.00021 0.00047)
(0.00089 0.00031 -0.00151)
(0.02172 0.01122 -0.04049)
(0.02003 0.00578 -0.03313)
(0.05129 0.02687 -0.09427)
(0.05456 0.02880 -0.10080)
(0.05622 0.03121 -0.10688)
(0.06129 0.02983 -0.11583)
(0.06073 0.02941 -0.11068)
(0.05771 0.03131 -0.11025)
(0.05466 0.03166 -0.10532)
(0.06042 0.02894 -0.10184)
(0.06160 0.02568 -0.10008)
(0.06151 0.02339 -0.09696)
(0.05829 0.02719 -0.09756)
(0.06711 0.01878 -0.10564)
(0.06821 0.01632 -0.10982)
(0.06849 0.01652 -0.10528)
(0.08352 0.00826 -0.11202)
(0.07212 0.01555 -0.10850)
(0.08048 0.01155 -0.11164)
(0.07881 0.00948 -0.10458)
(0.08099 0.00628 -0.10071)
(0.08718 0.00808 -0.10293)
(0.08722 0.00380 -0.09389)
(0.08836 -0.00404 -0.08264)
(0.08334 0.00472 -0.08344)
(0.08558 -0.00054 -0.07936)
(0.08887 -0.00535 -0.07681)
(0.09062 -0.00800 -0.07570)
(0.08297 -0.00312 -0.07451)
(0.08534 -0.00720 -0.07172)
(0.07974 -0.00480 -0.06395)
(0.07657 -0.00466 -0.06510)
(0.07573 -0.00425 -0.06567)
(0.06784 -0.00224 -0.05559)
(0.06499 -0.00337 -0.05281)
(0.06141 -0.00666 -0.04641)
(0.06187 -0.00726 -0.04619)
(0.06322 -0.01169 -0.03834)
(0.06214 -0.01106 -0.03441)
(0.06108 -0.00994 -0.03068)
(0.06692 -0.01184 -0.03072)
(0.06873 -0.01147 -0.02796)
(0.06954 -0.01036 -0.02859)
(0.06891 -0.00531 -0.03047)
(0.06531 -0.00701 -0.02724)
(0.06296 -0.00576 -0.02774)
(0.06294 -0.00331 -0.02433)
(0.05724 0.00074 -0.02128)
(0.05725 -0.00347 -0.02706)
(0.02168 -0.00275 -0.01091)
(0.00163 -0.00023 -0.00094)
(0.00406 0.00115 -0.00666)
(0.03717 0.01187 -0.06040)
(0.05989 0.02280 -0.10235)
(0.06921 0.02282 -0.11176)
(0.06545 0.02632 -0.11068)
(0.06406 0.02673 -0.10888)
(0.06652 0.02802 -0.10633)
(0.06298 0.02988 -0.10849)
(0.06514 0.02830 -0.10401)
(0.06058 0.03013 -0.09929)
(0.05712 0.03048 -0.09648)
(0.05262 0.03183 -0.09525)
(0.05893 0.02656 -0.09930)
(0.05308 0.03054 -0.09590)
(0.06462 0.02049 -0.10431)
(0.06324 0.01839 -0.10169)
(0.05845 0.01949 -0.09907)
(0.06962 0.01452 -0.10534)
(0.07183 0.00994 -0.10030)
(0.07279 0.01017 -0.09810)
(0.07828 0.00541 -0.09320)
(0.08301 0.00225 -0.09068)
(0.08533 -0.00274 -0.08584)
(0.08716 -0.00372 -0.07972)
(0.08767 -0.00394 -0.07902)
(0.08745 -0.01065 -0.07601)
(0.09048 -0.01425 -0.07533)
(0.08818 -0.00757 -0.07691)
(0.08876 -0.01290 -0.07580)
(0.07905 -0.00510 -0.06965)
(0.07905 -0.00437 -0.06987)
(0.07896 -0.00671 -0.07178)
(0.07211 -0.00317 -0.06522)
(0.07186 -0.00733 -0.06417)
(0.06249 -0.00712 -0.04803)
(0.06885 -0.01138 -0.05182)
(0.06476 -0.01338 -0.04014)
(0.07652 -0.02065 -0.04829)
(0.07061 -0.01803 -0.03837)
(0.07077 -0.01659 -0.03337)
(0.06755 -0.01149 -0.02991)
(0.06975 -0.01150 -0.02748)
(0.07052 -0.01543 -0.02469)
(0.06696 -0.01386 -0.02538)
(0.06506 -0.00758 -0.02634)
(0.05818 -0.00248 -0.02430)
(0.05121 0.00193 -0.01970)
(0.04924 0.00276 -0.01699)
(0.03455 -0.00144 -0.01403)
(0.01766 -0.00229 -0.00873)
(0.00260 -0.00037 -0.00134)
(-0.00286 -0.00061 0.00431)
(0.01085 0.00230 -0.01647)
(0.04063 0.00922 -0.06124)
(0.06825 0.01946 -0.10667)
(0.06975 0.02169 -0.10851)
(0.07007 0.02297 -0.10873)
(0.06776 0.02404 -0.10801)
(0.06992 0.02343 -0.10732)
(0.06531 0.02771 -0.10475)
(0.06567 0.02851 -0.10298)
(0.06414 0.02930 -0.10144)
(0.05338 0.03309 -0.09154)
(0.05599 0.03256 -0.09476)
(0.04981 0.03441 -0.09430)
(0.04380 0.03476 -0.09189)
(0.04965 0.03054 -0.09367)
(0.04099 0.03601 -0.09046)
(0.04991 0.03184 -0.09740)
(0.05525 0.02102 -0.09666)
(0.05876 0.01845 -0.09775)
(0.05935 0.01690 -0.09633)
(0.06526 0.01067 -0.09370)
(0.07610 0.00458 -0.09211)
(0.07579 0.00162 -0.08809)
(0.07685 -0.00545 -0.07866)
(0.08087 -0.00686 -0.07798)
(0.08732 -0.00945 -0.07817)
(0.08822 -0.01078 -0.07706)
(0.08668 -0.01456 -0.07413)
(0.08649 -0.01462 -0.07422)
(0.08838 -0.01202 -0.07576)
(0.08777 -0.01304 -0.07601)
(0.08700 -0.01209 -0.07589)
(0.08390 -0.00937 -0.07723)
(0.07971 -0.00770 -0.07590)
(0.07945 -0.00869 -0.07183)
(0.07568 -0.00596 -0.07362)
(0.07318 -0.00851 -0.06581)
(0.07453 -0.01299 -0.06358)
(0.07685 -0.02001 -0.05124)
(0.07870 -0.02114 -0.05069)
(0.07784 -0.02147 -0.04732)
(0.07918 -0.02209 -0.04630)
(0.06927 -0.01531 -0.02656)
(0.07190 -0.01636 -0.02494)
(0.06671 -0.01348 -0.02453)
(0.05989 -0.00869 -0.02253)
(0.06183 -0.00866 -0.02102)
(0.05843 -0.00410 -0.02019)
(0.04954 -0.00423 -0.01694)
(0.05006 -0.00247 -0.01557)
(0.04485 -0.00415 -0.01561)
(0.02606 -0.00512 -0.00987)
(0.00273 -0.00062 -0.00114)
(0.00259 -0.00074 -0.00104)
(0.00873 0.00165 -0.01246)
(0.05333 0.01237 -0.07908)
(0.07035 0.02161 -0.10734)
(0.07048 0.02201 -0.10756)
(0.07050 0.02262 -0.10728)
(0.07051 0.02283 -0.10548)
(0.06598 0.02761 -0.10135)
(0.06158 0.02965 -0.09759)
(0.06474 0.02919 -0.10038)
(0.05047 0.03293 -0.08965)
(0.04929 0.03546 -0.09015)
(0.03999 0.03762 -0.08859)
(0.03932 0.03680 -0.08875)
(0.04048 0.03537 -0.09031)
(0.04197 0.03137 -0.08894)
(0.05539 0.01995 -0.09538)
(0.05189 0.02092 -0.09286)
(0.05599 0.01832 -0.09408)
(0.05539 0.01287 -0.08932)
(0.06146 0.00391 -0.08410)
(0.06454 0.00336 -0.08595)
(0.06898 -0.00221 -0.08424)
(0.07026 -0.01002 -0.07457)
(0.07152 -0.01122 -0.07385)
(0.08256 -0.01262 -0.07390)
(0.08508 -0.01487 -0.07334)
(0.08478 -0.01502 -0.07339)
(0.08565 -0.01434 -0.07438)
(0.08178 -0.01250 -0.07647)
(0.08631 -0.01272 -0.07620)
(0.08570 -0.01165 -0.07843)
(0.08157 -0.00917 -0.07956)
(0.07925 -0.00926 -0.07544)
(0.07745 -0.00666 -0.07630)
(0.07706 -0.00768 -0.07336)
(0.07886 -0.00891 -0.07391)
(0.07999 -0.02097 -0.05430)
(0.08173 -0.02171 -0.05404)
(0.08037 -0.02205 -0.04986)
(0.08246 -0.02310 -0.04890)
(0.07487 -0.01739 -0.03374)
(0.06420 -0.00707 -0.02354)
(0.05624 -0.00609 -0.02247)
(0.05179 -0.00162 -0.01860)
(0.05788 -0.00864 -0.01909)
(0.04602 -0.00426 -0.01197)
(0.04513 -0.00344 -0.01234)
(0.03808 -0.00797 -0.01257)
(0.02857 -0.00699 -0.01050)
(0.01567 -0.00414 -0.00604)
(0.02804 -0.00841 -0.01040)
(0.00403 -0.00139 -0.00160)
(0.00222 0.00041 -0.00314)
(0.01717 0.00326 -0.02435)
(0.01126 0.00208 -0.01579)
(0.04196 0.00820 -0.05950)
(0.07108 0.01588 -0.10009)
(0.07130 0.01890 -0.10209)
(0.07090 0.02155 -0.10576)
(0.07136 0.02125 -0.10171)
(0.07086 0.02218 -0.10588)
(0.06459 0.02495 -0.09678)
(0.06483 0.02572 -0.09794)
(0.06105 0.02757 -0.09326)
(0.04898 0.03335 -0.08787)
(0.04821 0.03417 -0.08691)
(0.04040 0.03800 -0.08333)
(0.04124 0.03592 -0.08595)
(0.03797 0.03665 -0.08751)
(0.03862 0.03583 -0.08858)
(0.03735 0.03394 -0.08753)
(0.03618 0.01841 -0.08578)
(0.05247 0.01935 -0.09176)
(0.04679 0.00962 -0.08593)
(0.05155 0.00460 -0.08329)
(0.06130 -0.00177 -0.07710)
(0.06662 -0.00796 -0.07496)
(0.06941 -0.01135 -0.07364)
(0.07659 -0.01359 -0.07323)
(0.07947 -0.01622 -0.07236)
(0.08311 -0.01540 -0.07249)
(0.08376 -0.01481 -0.07358)
(0.07781 -0.01505 -0.07495)
(0.08493 -0.01290 -0.07765)
(0.08404 -0.01178 -0.08021)
(0.07864 -0.00908 -0.07937)
(0.07847 -0.00961 -0.07832)
(0.08195 -0.00789 -0.08272)
(0.07929 -0.00807 -0.07624)
(0.08177 -0.00932 -0.07712)
(0.08512 -0.01942 -0.06627)
(0.08741 -0.02195 -0.06151)
(0.08360 -0.02267 -0.05317)
(0.08506 -0.02020 -0.05063)
(0.07828 -0.01707 -0.03841)
(0.07716 -0.01044 -0.03497)
(0.06268 -0.00688 -0.02349)
(0.05570 -0.00202 -0.01973)
(0.05239 -0.00084 -0.01693)
(0.04755 -0.00243 -0.01333)
(0.04074 -0.00673 -0.01193)
(0.03700 -0.00935 -0.01200)
(0.03642 -0.01102 -0.01293)
(0.03574 -0.01234 -0.01363)
(0.02414 -0.00887 -0.00945)
(0.00385 -0.00201 -0.00167)
(-0.00312 0.00170 0.00137)
(0.00103 0.00020 -0.00147)
(0.01260 0.00252 -0.01811)
(0.06262 0.01459 -0.09199)
(0.03605 0.01077 -0.05520)
(0.06467 0.02099 -0.09699)
(0.06939 0.01763 -0.09942)
(0.06938 0.01945 -0.10047)
(0.06267 0.02386 -0.09515)
(0.05930 0.02500 -0.09314)
(0.05884 0.02681 -0.08704)
(0.06461 0.02356 -0.08579)
(0.05531 0.02685 -0.08675)
(0.04544 0.03195 -0.08172)
(0.03538 0.03325 -0.08062)
(0.03356 0.03420 -0.08101)
(0.02836 0.03425 -0.08086)
(0.02612 0.02953 -0.08055)
(0.03713 0.03544 -0.08728)
(0.03334 0.03058 -0.08365)
(0.03098 0.01944 -0.08006)
(0.03664 0.01593 -0.08325)
(0.04107 0.01033 -0.08368)
(0.04408 0.00516 -0.08315)
(0.05406 0.00275 -0.07790)
(0.05667 -0.00310 -0.07715)
(0.05918 -0.00392 -0.07835)
(0.06908 -0.00923 -0.07430)
(0.07166 -0.01175 -0.07302)
(0.07503 -0.01742 -0.07239)
(0.07308 -0.01407 -0.07131)
(0.07489 -0.01478 -0.07393)
(0.07402 -0.01207 -0.07582)
(0.07543 -0.01168 -0.07815)
(0.07445 -0.01031 -0.08049)
(0.07826 -0.00968 -0.08210)
(0.08261 -0.00978 -0.08385)
(0.08096 -0.00796 -0.07861)
(0.08757 -0.00923 -0.08101)
(0.09352 -0.01527 -0.07947)
(0.09679 -0.01403 -0.07905)
(0.08836 -0.01010 -0.06195)
(0.08752 -0.01091 -0.05656)
(0.08608 -0.01373 -0.04392)
(0.07820 -0.01313 -0.03748)
(0.06704 -0.00688 -0.02704)
(0.05655 0.00068 -0.02065)
(0.04965 -0.00023 -0.01663)
(0.04209 -0.00360 -0.01532)
(0.04163 -0.00484 -0.01529)
(0.03553 -0.00377 -0.01431)
(0.02851 -0.00940 -0.01233)
(0.02852 -0.01318 -0.01293)
(0.01724 -0.00831 -0.00921)
(0.00498 -0.00273 -0.00270)
(-0.00200 0.00140 0.00087)
(0.00697 0.00218 -0.01061)
(0.03847 0.01254 -0.05900)
(0.05718 0.02209 -0.09260)
(0.05868 0.02325 -0.09220)
(0.06586 0.02143 -0.09706)
(0.06304 0.02273 -0.09474)
(0.04647 0.02307 -0.08480)
(0.05789 0.02506 -0.09242)
(0.04976 0.02422 -0.08726)
(0.04360 0.02435 -0.08172)
(0.05401 0.02507 -0.08608)
(0.04580 0.02373 -0.08329)
(0.04083 0.02768 -0.08114)
(0.03329 0.02377 -0.07913)
(0.03206 0.02487 -0.07904)
(0.03210 0.03264 -0.08062)
(0.02708 0.02422 -0.07938)
(0.02549 0.03192 -0.07978)
(0.02352 0.02042 -0.08150)
(0.02568 0.01906 -0.08190)
(0.02621 0.01448 -0.08061)
(0.03009 0.01691 -0.07928)
(0.03244 0.00629 -0.08315)
(0.03473 -0.00393 -0.08360)
(0.05069 -0.00244 -0.08285)
(0.05362 -0.00561 -0.08167)
(0.05745 -0.00385 -0.07952)
(0.06180 -0.00637 -0.07718)
(0.06537 -0.01005 -0.07525)
(0.06763 -0.01326 -0.07333)
(0.07435 -0.01587 -0.07292)
(0.07362 -0.01366 -0.07525)
(0.07294 -0.01385 -0.07494)
(0.07307 -0.01232 -0.07694)
(0.07384 -0.01183 -0.07894)
(0.07724 -0.00698 -0.08153)
(0.08402 -0.01103 -0.08438)
(0.08815 -0.00976 -0.08623)
(0.09984 -0.01246 -0.08936)
(0.09588 -0.00990 -0.08144)
(0.09975 -0.01098 -0.08449)
(0.09253 -0.00308 -0.07248)
(0.08948 -0.00234 -0.05908)
(0.08819 0.00158 -0.05976)
(0.07626 -0.00344 -0.04197)
(0.06530 -0.00111 -0.02961)
(0.06328 0.00035 -0.03142)
(0.06012 -0.00005 -0.02876)
(0.05645 -0.00221 -0.02636)
(0.05679 0.00024 -0.02784)
(0.04806 -0.00660 -0.02323)
(0.03045 -0.00358 -0.01702)
(0.02906 -0.00335 -0.01637)
(0.02198 -0.00522 -0.01489)
(0.00853 -0.00390 -0.00563)
(0.00139 -0.00083 -0.00093)
(-0.00054 0.00033 0.00036)
(0.00131 0.00041 -0.00201)
(0.02041 0.00662 -0.03166)
(0.05251 0.01770 -0.08205)
(0.05257 0.02313 -0.08964)
(0.04821 0.02339 -0.08814)
(0.04852 0.02349 -0.08695)
(0.05181 0.02140 -0.08796)
(0.03749 0.02098 -0.08214)
(0.03804 0.02109 -0.08166)
(0.03521 0.02091 -0.08125)
(0.03878 0.02515 -0.08167)
(0.03060 0.02259 -0.07925)
(0.02999 0.02344 -0.07903)
(0.02729 0.02252 -0.07889)
(0.02102 0.01884 -0.08311)
(0.01720 0.01432 -0.08207)
(0.02161 0.01136 -0.08501)
(0.01745 0.00256 -0.08644)
(0.02260 0.00716 -0.08079)
(0.01926 -0.00298 -0.08554)
(0.02845 -0.00034 -0.08215)
(0.03247 -0.00554 -0.08463)
(0.03651 -0.00551 -0.08414)
(0.04098 -0.00789 -0.08301)
(0.05448 -0.00903 -0.08302)
(0.05847 -0.00419 -0.07934)
(0.06418 -0.00835 -0.07966)
(0.06537 -0.00753 -0.07845)
(0.06934 -0.01058 -0.07386)
(0.06787 -0.00931 -0.07466)
(0.07037 -0.01247 -0.07678)
(0.07131 -0.01326 -0.07551)
(0.07325 -0.01146 -0.07803)
(0.07519 -0.01120 -0.08004)
(0.08340 -0.01070 -0.08452)
(0.09075 -0.01162 -0.08860)
(0.08868 -0.00671 -0.08505)
(0.09037 -0.00321 -0.08418)
(0.09531 -0.00514 -0.08047)
(0.08787 0.00420 -0.06919)
(0.08671 0.00354 -0.06518)
(0.08410 0.00530 -0.06215)
(0.07656 0.00253 -0.05101)
(0.06132 0.00622 -0.03445)
(0.05815 0.00182 -0.02990)
(0.05058 -0.00078 -0.02568)
(0.04415 -0.00402 -0.02441)
(0.03272 0.00536 -0.02485)
(0.02890 0.00239 -0.02145)
(0.02586 -0.00013 -0.01972)
(0.02113 0.00091 -0.02416)
(0.00639 -0.00117 -0.00811)
(0.00056 -0.00018 -0.00069)
(0.00068 0.00024 -0.00114)
(0.02025 0.00752 -0.03423)
(0.03924 0.02137 -0.07608)
(0.03969 0.02721 -0.08635)
(0.03945 0.02300 -0.08569)
(0.04390 0.01937 -0.08346)
(0.03789 0.01807 -0.08285)
(0.04497 0.01989 -0.08340)
(0.03395 0.02067 -0.08157)
(0.03450 0.02083 -0.08141)
(0.03122 0.02013 -0.08111)
(0.03173 0.02022 -0.08118)
(0.03197 0.02033 -0.08123)
(0.02330 0.01724 -0.07920)
(0.02762 0.02175 -0.07921)
(0.02500 0.02050 -0.07896)
(0.01508 0.01332 -0.08428)
(0.01295 0.01054 -0.08249)
(0.01564 0.00355 -0.08573)
(0.01031 -0.00566 -0.08795)
(0.01014 -0.00761 -0.08827)
(0.02582 -0.00298 -0.08318)
(0.02995 -0.00743 -0.08550)
(0.03427 -0.00679 -0.08542)
(0.03639 -0.00754 -0.08604)
(0.04398 -0.01129 -0.08596)
(0.05715 -0.00372 -0.08097)
(0.05439 -0.00274 -0.07874)
(0.06193 -0.00962 -0.07618)
(0.06772 -0.00904 -0.07475)
(0.06845 -0.00986 -0.07427)
(0.07446 -0.01086 -0.07896)
(0.08711 -0.00909 -0.08452)
(0.08695 -0.00796 -0.08436)
(0.08982 0.00188 -0.08053)
(0.08495 0.00589 -0.06567)
(0.08177 0.00710 -0.06032)
(0.05973 0.00319 -0.03216)
(0.03669 0.01165 -0.02820)
(0.00700 0.00164 -0.01232)
(0.00289 0.00102 -0.00540)
(0.02339 0.01098 -0.04787)
(0.03507 0.02296 -0.08287)
(0.02929 0.01497 -0.06839)
(0.03208 0.02265 -0.08175)
(0.03286 0.02325 -0.08238)
(0.02600 0.01706 -0.07913)
(0.03058 0.01990 -0.08104)
(0.02789 0.01894 -0.08077)
(0.02848 0.01907 -0.08111)
(0.02237 0.01808 -0.08045)
(0.01265 0.01053 -0.08101)
(0.00468 0.00859 -0.08233)
(0.01684 0.01596 -0.07967)
(0.00031 0.00791 -0.08048)
(0.01096 0.00993 -0.08505)
(0.00572 0.00439 -0.08302)
(0.00903 0.00131 -0.08396)
(0.00004 -0.00591 -0.08553)
(0.00773 -0.00747 -0.08845)
(0.00777 -0.00946 -0.08918)
(0.01532 -0.00729 -0.08949)
(0.01997 -0.01229 -0.08861)
(0.02992 -0.00959 -0.08716)
(0.03445 -0.00858 -0.08740)
(0.04803 -0.01063 -0.08550)
(-0.00324 -0.00138 0.00737)
(0.00824 0.00380 -0.02081)
(0.02517 0.01633 -0.07321)
(0.02999 0.01791 -0.07960)
(0.02776 0.01953 -0.07995)
(0.02165 0.01561 -0.07750)
(0.02189 0.01532 -0.07838)
(0.02106 0.01510 -0.07852)
(0.01864 0.01395 -0.07809)
(0.01808 0.01595 -0.07973)
(0.01259 0.01508 -0.07990)
(0.00754 0.01282 -0.08088)
(0.00280 0.00602 -0.08335)
(0.00083 0.00381 -0.08490)
(0.00186 0.00665 -0.08341)
(-0.00464 0.00342 -0.08280)
(-0.00187 0.00039 -0.08368)
(-0.00528 -0.00679 -0.08671)
(0.00208 -0.01021 -0.08910)
(0.00586 -0.01703 -0.09170)
(0.00801 -0.02192 -0.09166)
(-0.00270 -0.00096 0.00687)
(0.00188 0.00069 -0.00486)
(0.01085 0.00456 -0.03233)
(0.01765 0.01096 -0.07389)
(0.01676 0.01098 -0.07421)
(0.01299 0.01099 -0.07465)
(0.01104 0.01239 -0.07672)
(0.00800 0.01346 -0.07722)
(0.00633 0.01293 -0.07832)
(0.00321 0.01085 -0.07968)
(0.00198 0.00608 -0.08221)
(-0.00111 0.00649 -0.08243)
(-0.00337 0.00414 -0.08248)
(-0.01351 -0.00254 -0.08459)
(-0.00945 -0.00236 -0.08439)
(-0.01516 -0.00731 -0.08543)
(-0.00652 -0.00922 -0.08805)
(0.00050 0.00025 -0.00146)
(0.00887 0.00600 -0.03643)
(0.01321 0.00865 -0.05739)
(0.01640 0.01106 -0.07356)
(0.01530 0.01080 -0.07404)
(0.01417 0.01062 -0.07393)
(0.00810 0.01227 -0.07371)
(0.00431 0.01117 -0.07528)
(0.00312 0.00935 -0.07729)
(0.00077 0.01174 -0.07565)
(-0.00561 0.00994 -0.07743)
(-0.00781 0.00962 -0.07847)
(-0.00428 0.00777 -0.08023)
(-0.01228 0.00896 -0.07864)
(-0.01050 0.00560 -0.08023)
(-0.01093 0.00039 -0.08299)
(0.00127 0.00053 -0.00379)
(0.01356 0.01016 -0.05267)
(0.01522 0.01112 -0.07337)
(0.01387 0.01460 -0.07254)
(0.01351 0.01337 -0.07385)
(0.00969 0.01432 -0.07360)
(0.00212 0.01460 -0.07281)
(0.00058 0.01210 -0.07525)
(-0.01008 0.00965 -0.07661)
(-0.01209 0.00945 -0.07765)
(-0.00023 -0.00017 0.00079)
(0.00529 0.00473 -0.02171)
(0.00904 0.01105 -0.05337)
(0.05746 -0.00596 -0.07990)
(0.06685 -0.00766 -0.07497)
(0.07247 -0.01073 -0.07718)
(0.07660 -0.01058 -0.07947)
(0.08760 0.00032 -0.08282)
(0.08564 0.00543 -0.07025)
(0.08268 0.00706 -0.06308)
(0.06811 0.00722 -0.04776)
(0.04865 0.01093 -0.03387)
(0.03248 0.01180 -0.03095)
(0.03068 0.00651 -0.02503)
(0.02037 0.00424 -0.02937)
(0.01911 0.00428 -0.02919)
(0.01780 0.00417 -0.02894)
(0.00153 0.00036 -0.00281)
(0.03984 -0.00950 -0.08815)
(0.05229 -0.00761 -0.08283)
(0.05699 -0.01034 -0.08220)
(0.05608 -0.00767 -0.07674)
(0.06279 -0.00482 -0.07411)
(0.06690 -0.00761 -0.07474)
(0.06834 -0.00606 -0.07623)
(0.07081 -0.00755 -0.07283)
(0.07370 -0.01020 -0.07804)
(0.07769 -0.01072 -0.07689)
(0.08578 -0.00866 -0.08337)
(0.08622 -0.00711 -0.08261)
(0.08605 -0.00008 -0.08172)
(0.08702 0.00167 -0.08202)
(0.08438 0.00468 -0.07474)
(0.08339 0.00710 -0.06636)
(0.08146 0.00780 -0.06407)
(0.07798 0.01059 -0.05789)
(0.06743 0.01194 -0.05208)
(0.05837 0.00868 -0.04025)
(0.04481 0.01712 -0.03916)
(0.03428 0.01784 -0.03537)
(0.03099 0.01706 -0.03484)
(0.02606 0.00879 -0.03263)
(0.01784 0.00799 -0.03031)
(0.01584 0.00778 -0.03022)
(0.00563 0.00293 -0.01191)
(0.00054 0.00029 -0.00121)
(0.00996 -0.02484 -0.09501)
(0.02610 -0.01944 -0.09089)
(0.03031 -0.01785 -0.09105)
(0.04604 -0.00859 -0.09086)
(0.04605 -0.00852 -0.08789)
(0.04813 -0.00645 -0.07964)
(0.05680 -0.00316 -0.07896)
(0.05634 -0.00140 -0.07526)
(0.06612 -0.00568 -0.07468)
(0.06030 0.00228 -0.07394)
(0.06729 -0.00455 -0.07521)
(0.07211 -0.00410 -0.07380)
(0.07569 -0.00957 -0.07507)
(0.07738 -0.00964 -0.07652)
(0.08404 -0.00779 -0.08050)
(0.08364 -0.00405 -0.08171)
(0.08451 -0.00537 -0.08048)
(0.08567 0.00193 -0.08132)
(0.08158 0.00480 -0.07771)
(0.07827 0.00799 -0.06963)
(0.07092 0.01186 -0.06285)
(0.06881 0.01810 -0.05922)
(0.06829 0.01435 -0.05573)
(0.05767 0.01941 -0.05242)
(0.04396 0.01970 -0.04369)
(0.03484 0.01988 -0.03865)
(0.03385 0.02377 -0.04313)
(0.02453 0.02221 -0.03699)
(0.02366 0.01841 -0.03581)
(0.01842 0.02545 -0.03861)
(0.01747 0.01156 -0.03142)
(0.01365 0.01132 -0.03154)
(0.00605 0.00604 -0.01713)
(0.00099 0.00177 -0.00416)
(-0.00037 -0.00068 0.00163)
(-0.00901 -0.01595 -0.08736)
(-0.00176 -0.01848 -0.08860)
(0.00328 -0.02338 -0.09150)
(0.01005 -0.02528 -0.09355)
(0.02008 -0.02139 -0.09265)
(0.02346 -0.02495 -0.09382)
(0.03791 -0.01372 -0.08872)
(0.03754 -0.01419 -0.08538)
(0.04392 -0.00256 -0.07959)
(0.04629 0.00028 -0.07811)
(0.05270 0.00085 -0.07627)
(0.05471 0.00346 -0.07212)
(0.06777 -0.00256 -0.07474)
(0.06821 -0.00236 -0.07341)
(0.07320 -0.00464 -0.07418)
(0.08276 -0.00923 -0.07657)
(0.08211 -0.01063 -0.07525)
(0.08490 -0.00746 -0.08000)
(0.08388 -0.00717 -0.07904)
(0.08365 -0.00451 -0.07889)
(0.08103 0.00164 -0.07750)
(0.07537 0.00343 -0.07308)
(0.07469 0.00631 -0.07039)
(0.06654 0.01257 -0.06415)
(0.06559 0.01547 -0.05992)
(0.05735 0.01536 -0.05867)
(0.05749 0.01674 -0.05414)
(0.04342 0.02493 -0.05058)
(0.03869 0.02814 -0.04561)
(0.02803 0.03330 -0.04558)
(0.02099 0.03326 -0.04198)
(0.01240 0.02711 -0.03728)
(0.01413 0.03351 -0.04150)
(0.00715 0.03076 -0.03922)
(0.00634 0.02517 -0.03448)
(0.00004 0.00343 -0.00470)
(-0.00029 -0.00263 0.00415)
(0.00318 0.02296 -0.02766)
(-0.01452 -0.00213 -0.08473)
(-0.01483 -0.00357 -0.08485)
(-0.01595 -0.00496 -0.08565)
(-0.01251 -0.01009 -0.08581)
(-0.01047 -0.01653 -0.08844)
(-0.00683 -0.01987 -0.09058)
(-0.00630 -0.01552 -0.08594)
(-0.00423 -0.02281 -0.08902)
(0.00206 -0.02822 -0.09215)
(0.01186 -0.02824 -0.09266)
(0.01813 -0.02987 -0.09199)
(0.02316 -0.02597 -0.09081)
(0.03256 -0.01441 -0.08396)
(0.04435 -0.00088 -0.07777)
(0.04584 0.00136 -0.07637)
(0.05388 0.00185 -0.07356)
(0.05932 0.00360 -0.07271)
(0.06875 -0.00338 -0.07236)
(0.07176 -0.00409 -0.07216)
(0.07415 -0.00421 -0.07374)
(0.08179 -0.01018 -0.07463)
(0.08257 -0.01120 -0.07463)
(0.08231 -0.01155 -0.07487)
(0.08212 -0.00813 -0.07634)
(0.08289 -0.00332 -0.07877)
(0.08275 -0.00475 -0.07807)
(0.07713 -0.00176 -0.07508)
(0.07439 0.00368 -0.07216)
(0.07162 0.00115 -0.06901)
(0.06111 0.00949 -0.06419)
(0.04978 0.01555 -0.05799)
(0.05104 0.01950 -0.05812)
(0.03582 0.02745 -0.04975)
(0.03073 0.03280 -0.04682)
(0.02587 0.03538 -0.04612)
(0.02311 0.03644 -0.04558)
(0.00550 0.04122 -0.04225)
(0.00465 0.04007 -0.04204)
(0.00243 0.03944 -0.03956)
(-0.00191 0.02314 -0.02323)
(-0.00022 0.00270 -0.00293)
(-0.00430 0.01694 -0.01356)
(-0.00085 0.00323 -0.00261)
(-0.01320 0.00981 -0.07795)
(-0.01344 0.00922 -0.07884)
(-0.01440 0.00601 -0.08015)
(-0.01556 -0.00157 -0.08469)
(-0.01572 -0.00305 -0.08503)
(-0.01675 -0.00226 -0.08495)
(-0.01671 -0.00445 -0.08579)
(-0.01648 -0.01226 -0.08856)
(-0.01759 -0.01021 -0.08925)
(-0.01409 -0.01831 -0.09317)
(-0.01075 -0.02457 -0.09640)
(-0.00533 -0.03383 -0.09758)
(-0.00504 -0.03890 -0.10077)
(0.00729 -0.03316 -0.09794)
(0.01612 -0.03209 -0.09216)
(0.01987 -0.02863 -0.09063)
(0.02064 -0.02730 -0.08889)
(0.02533 -0.02160 -0.08405)
(0.04219 -0.00213 -0.07731)
(0.04386 -0.00001 -0.07621)
(0.04940 0.00169 -0.07336)
(0.06241 0.00438 -0.07479)
(0.07139 -0.00198 -0.07358)
(0.07383 -0.00416 -0.07383)
(0.07832 -0.00684 -0.07336)
(0.08322 -0.01177 -0.07418)
(0.08273 -0.01202 -0.07439)
(0.08335 -0.01252 -0.07399)
(0.08137 -0.01153 -0.07404)
(0.07777 -0.01858 -0.07117)
(0.07355 -0.01130 -0.06991)
(0.06750 -0.00773 -0.06723)
(0.05063 0.01323 -0.05935)
(0.04780 0.01575 -0.05728)
(0.04675 0.01850 -0.05637)
(0.03288 0.02821 -0.05086)
(0.02811 0.03488 -0.04692)
(0.02390 0.03718 -0.04648)
(0.02149 0.03812 -0.04614)
(0.01201 0.04358 -0.04304)
(0.00274 0.04340 -0.04076)
(-0.00540 0.04481 -0.03784)
(-0.00447 0.01662 -0.01233)
(0.00092 -0.00340 0.00269)
(-0.00034 0.00123 -0.00091)
(0.01193 0.01414 -0.07153)
(0.00370 0.01533 -0.07156)
(0.00505 0.01525 -0.07283)
(-0.00130 0.01637 -0.07264)
(-0.00247 0.01463 -0.07296)
(-0.00539 0.01463 -0.07338)
(-0.00928 0.01084 -0.07539)
(-0.01283 0.01024 -0.07707)
(-0.01374 0.01127 -0.07641)
(-0.01415 0.01077 -0.07725)
(-0.01450 0.01007 -0.07818)
(-0.01816 0.00816 -0.08026)
(-0.01872 0.00232 -0.08354)
(-0.02279 0.00389 -0.08208)
(-0.01917 -0.00660 -0.08939)
(-0.01746 -0.01856 -0.09495)
(-0.01603 -0.02409 -0.09442)
(-0.00750 -0.03707 -0.10103)
(-0.00560 -0.03917 -0.10112)
(0.00114 -0.03744 -0.09942)
(0.00608 -0.03805 -0.09638)
(0.01749 -0.03120 -0.09085)
(0.01844 -0.02959 -0.08892)
(0.02138 -0.02386 -0.08105)
(0.03564 -0.01366 -0.07867)
(0.04207 -0.00802 -0.07533)
(0.04739 -0.00567 -0.07406)
(0.05492 0.00164 -0.07313)
(0.07053 -0.00143 -0.07366)
(0.07334 -0.00404 -0.07405)
(0.07694 -0.00690 -0.07420)
(0.08341 -0.01309 -0.07376)
(0.08073 -0.01593 -0.07129)
(0.08270 -0.01844 -0.07193)
(0.07364 -0.01794 -0.06812)
(0.06833 -0.01818 -0.06573)
(0.07092 -0.01772 -0.06748)
(0.06459 -0.01559 -0.06362)
(0.05539 -0.00545 -0.05930)
(0.05667 0.00612 -0.06145)
(0.04743 0.01425 -0.05733)
(0.04381 0.01779 -0.05552)
(0.04407 0.01945 -0.05560)
(0.03190 0.02971 -0.05217)
(0.02410 0.03977 -0.04891)
(0.01747 0.03827 -0.04273)
(0.01574 0.04300 -0.04393)
(0.00038 0.04884 -0.03551)
(-0.00121 0.05006 -0.04197)
(-0.00212 0.04726 -0.04169)
(-0.00495 0.04727 -0.03868)
(-0.00845 0.03923 -0.03016)
(-0.00268 0.00947 -0.00660)
(0.00096 0.00102 -0.00435)
(0.00193 0.00245 -0.01104)
(0.00925 0.01526 -0.06609)
(0.00608 0.01406 -0.07209)
(0.00703 0.01365 -0.07602)
(0.00179 0.01412 -0.07298)
(-0.00382 0.01565 -0.07477)
(-0.00513 0.01411 -0.07625)
(-0.00840 0.01491 -0.07659)
(-0.00838 0.01418 -0.07667)
(-0.01674 0.01326 -0.07727)
(-0.02259 0.01343 -0.07655)
(-0.02433 0.01251 -0.07543)
(-0.02319 0.00772 -0.08017)
(-0.02767 0.00854 -0.08012)
(-0.02518 -0.00206 -0.08356)
(-0.02522 -0.00432 -0.08457)
(-0.02199 -0.01238 -0.09012)
(-0.01957 -0.02101 -0.09258)
(-0.01344 -0.03100 -0.09746)
(-0.01501 -0.02784 -0.09316)
(-0.00585 -0.03746 -0.09734)
(-0.00002 -0.03400 -0.09155)
(0.00916 -0.03518 -0.08792)
(0.00786 -0.03012 -0.08163)
(0.01242 -0.03492 -0.07945)
(0.02065 -0.01773 -0.07272)
(0.02923 -0.01454 -0.07386)
(0.03090 -0.00635 -0.06884)
(0.04716 -0.00230 -0.07203)
(0.05485 -0.00879 -0.07138)
(0.06118 -0.00694 -0.07075)
(0.07469 -0.01085 -0.07290)
(0.07979 -0.01951 -0.07219)
(0.08303 -0.02336 -0.07291)
(0.07677 -0.02411 -0.06965)
(0.07441 -0.02332 -0.06892)
(0.06421 -0.01726 -0.06349)
(0.05666 -0.01585 -0.06004)
(0.04732 -0.00701 -0.05493)
(0.04346 0.00129 -0.05313)
(0.03615 0.01570 -0.05185)
(0.02596 0.02951 -0.04575)
(0.02272 0.02445 -0.04186)
(0.01022 0.04657 -0.04409)
(0.00769 0.04161 -0.03425)
(0.00654 0.04335 -0.03385)
(-0.00119 0.04675 -0.03092)
(-0.00285 0.04801 -0.03462)
(-0.00881 0.05072 -0.03182)
(-0.00897 0.03686 -0.02046)
(-0.00484 0.01877 -0.01007)
(-0.00192 0.00715 -0.00376)
(0.00086 0.00080 -0.00349)
(0.00776 0.01368 -0.05775)
(0.00845 0.01466 -0.07591)
(0.00724 0.01485 -0.07950)
(0.00645 0.01482 -0.07948)
(0.00500 0.01470 -0.07945)
(-0.00551 0.01670 -0.07563)
(0.00191 0.01533 -0.07966)
(-0.00874 0.01710 -0.07691)
(-0.01199 0.01687 -0.07742)
(-0.01766 0.01373 -0.07610)
(-0.02015 0.01564 -0.07638)
(-0.02418 0.01275 -0.07806)
(-0.02590 0.00899 -0.07903)
(-0.03021 0.00888 -0.07921)
(-0.02796 0.00125 -0.08205)
(-0.03332 -0.00154 -0.08201)
(-0.02837 -0.00996 -0.08529)
(-0.01770 -0.02618 -0.09306)
(-0.01811 -0.02475 -0.08634)
(-0.01067 -0.03333 -0.09039)
(-0.00760 -0.03429 -0.08814)
(0.00402 -0.04243 -0.08933)
(-0.00364 -0.04114 -0.08545)
(0.00611 -0.04143 -0.08341)
(0.01052 -0.03751 -0.07922)
(0.01996 -0.01940 -0.07339)
(0.02394 -0.02166 -0.07047)
(0.02686 -0.02080 -0.06291)
(0.03767 -0.00960 -0.06784)
(0.03023 -0.02085 -0.06292)
(0.05354 -0.01150 -0.07145)
(0.05742 -0.01664 -0.07104)
(0.05431 -0.01245 -0.06687)
(0.06632 -0.01412 -0.06989)
(0.07239 -0.02179 -0.06974)
(0.08355 -0.02534 -0.07183)
(0.06589 -0.03314 -0.06352)
(0.07354 -0.02611 -0.06849)
(0.06447 -0.02761 -0.06479)
(0.06335 -0.02645 -0.06367)
(0.04912 -0.01523 -0.05610)
(0.04816 -0.01676 -0.05506)
(0.03718 -0.01003 -0.05023)
(0.03718 -0.00818 -0.04868)
(0.03102 0.00586 -0.04386)
(0.02084 0.02116 -0.03772)
(0.01100 0.03860 -0.03979)
(0.01203 0.02834 -0.03240)
(0.00812 0.03875 -0.03094)
(-0.00518 0.04181 -0.01739)
(-0.00431 0.04657 -0.02515)
(-0.00682 0.04306 -0.01735)
(-0.00645 0.04775 -0.02934)
(-0.00906 0.04802 -0.02690)
(-0.00723 0.04284 -0.01631)
(-0.00780 0.03832 -0.02053)
(-0.00243 0.00916 -0.00434)
(0.00027 0.00024 -0.00101)
(0.00829 0.01046 -0.05006)
(0.00642 0.01130 -0.06176)
(0.00635 0.01504 -0.08075)
(0.00396 0.01508 -0.08023)
(0.00487 0.01509 -0.08167)
(0.00276 0.01530 -0.08111)
(-0.00754 0.01719 -0.08143)
(-0.01914 0.01997 -0.07588)
(-0.02343 0.01734 -0.07790)
(-0.02578 0.01759 -0.07654)
(-0.03165 0.01700 -0.07677)
(-0.03121 0.00982 -0.07951)
(-0.03134 0.00369 -0.07966)
(-0.03478 -0.00136 -0.07916)
(-0.03289 -0.00463 -0.08107)
(-0.03237 -0.00643 -0.08128)
(-0.01953 -0.02021 -0.08881)
(-0.01938 -0.02357 -0.08470)
(-0.01731 -0.02571 -0.08522)
(-0.01351 -0.03324 -0.08378)
(-0.00850 -0.03781 -0.07604)
(-0.00587 -0.03842 -0.07555)
(0.00092 -0.04390 -0.06602)
(0.01206 -0.03726 -0.07015)
(0.01339 -0.03447 -0.06619)
(0.02453 -0.02380 -0.06112)
(0.02725 -0.02473 -0.06092)
(0.03364 -0.02111 -0.06338)
(0.04863 -0.02572 -0.06481)
(0.05560 -0.02387 -0.06771)
(0.06458 -0.02383 -0.06906)
(0.06487 -0.03079 -0.06572)
(0.06209 -0.03578 -0.06313)
(0.05555 -0.03494 -0.05891)
(0.05247 -0.03478 -0.05753)
(0.05110 -0.02877 -0.05675)
(0.03542 -0.01171 -0.04913)
(0.03192 -0.00871 -0.04726)
(0.02325 0.00643 -0.03918)
(0.02233 0.00284 -0.04101)
(0.01955 0.01627 -0.03706)
(0.00348 0.02324 -0.01864)
(0.00672 0.03280 -0.02824)
(0.00147 0.02560 -0.01638)
(-0.00218 0.03689 -0.01737)
(-0.00649 0.03970 -0.01256)
(-0.00699 0.04100 -0.01375)
(-0.00884 0.04342 -0.01898)
(-0.00696 0.03302 -0.01571)
(-0.00712 0.03806 -0.01156)
(-0.00274 0.01138 -0.00499)
(-0.00056 0.00230 -0.00100)
(-0.00047 -0.00034 0.00143)
(0.00451 0.00596 -0.03046)
(0.00753 0.00819 -0.04572)
(0.00714 0.01493 -0.08259)
(0.00474 0.01487 -0.08338)
(-0.01073 0.02170 -0.08366)
(-0.01706 0.02017 -0.08087)
(-0.02125 0.01848 -0.08139)
(-0.03635 0.02107 -0.07752)
(-0.03806 0.02041 -0.07740)
(-0.03868 0.01948 -0.07667)
(-0.03730 0.00958 -0.07639)
(-0.03684 -0.00038 -0.07784)
(-0.03471 -0.00296 -0.07927)
(-0.03431 -0.00464 -0.07923)
(-0.02521 -0.01742 -0.08191)
(-0.01913 -0.02364 -0.08311)
(-0.02191 -0.02770 -0.07247)
(-0.01697 -0.03805 -0.06719)
(-0.01012 -0.03403 -0.07093)
(-0.00859 -0.03973 -0.05775)
(0.00183 -0.04330 -0.06062)
(0.00293 -0.04278 -0.05876)
(0.01193 -0.03699 -0.05527)
(0.02410 -0.02859 -0.05758)
(0.03042 -0.02552 -0.06100)
(0.03848 -0.03772 -0.05555)
(0.04471 -0.04150 -0.05757)
(0.05330 -0.03794 -0.06057)
(0.04545 -0.04561 -0.05390)
(0.05650 -0.05173 -0.05845)
(0.05284 -0.04354 -0.05582)
(0.04984 -0.03820 -0.05633)
(0.05275 -0.03654 -0.05779)
(0.04939 -0.03588 -0.05628)
(0.04619 -0.03465 -0.05476)
(0.03354 -0.02603 -0.04792)
(0.03282 -0.01242 -0.04802)
(0.02969 -0.00964 -0.04632)
(0.01792 -0.00242 -0.03466)
(0.01563 0.00664 -0.03134)
(0.01332 0.00602 -0.02971)
(0.00275 0.02108 -0.01692)
(0.00101 0.02315 -0.01419)
(-0.00102 0.02908 -0.01369)
(-0.00033 0.02449 -0.01150)
(-0.00669 0.03816 -0.01011)
(-0.00695 0.03925 -0.01126)
(-0.00706 0.03760 -0.00865)
(-0.00651 0.03322 -0.00841)
(-0.00527 0.02319 -0.00710)
(-0.00113 0.00437 -0.00112)
(0.00074 -0.00254 0.00069)
(-0.00177 -0.00136 0.00689)
(0.00042 0.00053 -0.00266)
(0.00447 0.00713 -0.03504)
(0.00592 0.01846 -0.08679)
(-0.00280 0.02001 -0.08921)
(-0.00652 0.01925 -0.08485)
(-0.01770 0.02330 -0.08756)
(-0.01819 0.02157 -0.08470)
(-0.02632 0.01857 -0.08278)
(-0.03668 0.02109 -0.07877)
(-0.03870 0.02067 -0.07840)
(-0.03985 0.01975 -0.07711)
(-0.04302 0.01794 -0.07802)
(-0.04081 0.01211 -0.07487)
(-0.04316 0.00979 -0.07531)
(-0.03687 -0.00162 -0.07793)
(-0.03646 -0.00315 -0.07779)
(-0.03413 -0.00786 -0.07852)
(-0.03109 -0.01487 -0.07248)
(-0.02523 -0.02314 -0.07451)
(-0.03132 -0.01868 -0.06773)
(-0.02640 -0.02923 -0.06453)
(-0.01746 -0.04185 -0.06389)
(-0.01609 -0.03907 -0.06214)
(-0.01628 -0.03823 -0.05017)
(-0.00089 -0.04400 -0.05744)
(0.00041 -0.04433 -0.05551)
(0.00624 -0.04642 -0.04917)
(0.01034 -0.04571 -0.03868)
(0.02718 -0.02979 -0.05777)
(0.01618 -0.04900 -0.03893)
(0.03084 -0.03966 -0.05156)
(0.03727 -0.05655 -0.04899)
(0.03955 -0.05445 -0.04591)
(0.05298 -0.05496 -0.05584)
(0.05182 -0.05497 -0.05503)
(0.03980 -0.04806 -0.04729)
(0.03622 -0.04513 -0.04723)
(0.04701 -0.03737 -0.05491)
(0.04346 -0.03510 -0.05341)
(0.02671 -0.02978 -0.04406)
(0.02116 -0.01841 -0.03963)
(0.01368 -0.01128 -0.03097)
(0.01070 -0.00506 -0.02590)
(0.00203 0.01521 -0.01717)
(0.00186 0.00608 -0.01427)
(0.00069 0.02112 -0.01280)
(-0.00041 0.02259 -0.00992)
(-0.00659 0.02533 -0.00088)
(-0.00605 0.02955 -0.00309)
(-0.00732 0.02936 0.00190)
(-0.00748 0.03692 -0.00736)
(-0.00383 0.01330 -0.00241)
(-0.00370 0.01127 0.00130)
(-0.00007 0.00029 -0.00007)
(-0.00194 -0.00233 0.01183)
(0.00332 0.01282 -0.05670)
(0.00097 0.01900 -0.08457)
(-0.00230 -0.00176 0.01141)
(0.00271 0.00272 -0.01542)
(-0.00537 0.02312 -0.09130)
(-0.00893 0.02309 -0.09143)
(-0.01118 0.02229 -0.09197)
(-0.02152 0.02390 -0.09242)
(-0.02494 0.02459 -0.08858)
(-0.02941 0.02134 -0.08593)
(-0.03638 0.02118 -0.08177)
(-0.03510 0.02183 -0.08543)
(-0.04070 0.02109 -0.08187)
(-0.04066 0.02008 -0.07807)
(-0.04663 0.01450 -0.07835)
(-0.04720 0.01002 -0.07472)
(-0.04442 0.00451 -0.07546)
(-0.05273 0.00623 -0.07242)
(-0.04602 -0.00063 -0.07058)
(-0.04355 -0.00665 -0.06730)
(-0.03597 -0.01255 -0.06673)
(-0.03490 -0.01496 -0.06436)
(-0.03149 -0.02264 -0.06202)
(-0.02829 -0.02606 -0.05318)
(-0.01785 -0.03884 -0.05797)
(-0.01948 -0.03679 -0.04276)
(-0.00874 -0.04285 -0.05032)
(-0.00481 -0.04338 -0.04722)
(0.00051 -0.04743 -0.04031)
(0.00324 -0.05714 -0.02821)
(0.00625 -0.06187 -0.02591)
(0.01970 -0.05608 -0.03427)
(0.02944 -0.06120 -0.03925)
(0.02902 -0.07112 -0.03153)
(0.03140 -0.06891 -0.03214)
(0.04465 -0.05817 -0.04567)
(0.04537 -0.05747 -0.04885)
(0.03306 -0.05774 -0.03839)
(0.02716 -0.05174 -0.03676)
(0.01935 -0.04912 -0.03874)
(0.02755 -0.04475 -0.04398)
(0.02439 -0.03547 -0.04286)
(0.00892 -0.01658 -0.03713)
(0.01133 -0.02065 -0.03115)
(0.01328 -0.01596 -0.03121)
(0.01331 -0.01050 -0.02515)
(0.01271 -0.01486 -0.02568)
(0.00245 0.00264 -0.01462)
(0.00099 0.01676 -0.01078)
(0.00151 0.00476 -0.00886)
(-0.00173 0.01219 -0.00095)
(-0.00016 0.02051 -0.00882)
(-0.00593 0.02384 -0.00081)
(-0.00632 0.02401 0.00587)
(-0.00758 0.02288 0.01499)
(-0.00779 0.02514 0.01137)
(-0.00442 0.01182 0.00270)
(0.00032 -0.00095 -0.00008)
(-0.00049 0.00129 0.00026)
(0.00002 0.00173 -0.00715)
(-0.00066 0.01299 -0.05480)
(-0.01414 0.01800 -0.06472)
(-0.02213 0.02574 -0.09469)
(-0.02674 0.02598 -0.09412)
(-0.03262 0.02394 -0.08728)
(-0.03617 0.02144 -0.09027)
(-0.04648 0.02116 -0.08261)
(-0.04881 0.01649 -0.08173)
(-0.05007 0.00956 -0.07678)
(-0.05294 0.00828 -0.07498)
(-0.05214 0.00562 -0.06925)
(-0.05191 -0.00528 -0.06104)
(-0.04449 -0.01158 -0.06449)
(-0.04518 -0.01196 -0.05519)
(-0.03559 -0.02051 -0.05481)
(-0.03558 -0.02051 -0.03704)
(-0.03402 -0.02162 -0.03515)
(-0.03409 -0.02304 -0.03176)
(-0.01951 -0.03846 -0.03954)
(-0.02865 -0.03172 -0.02674)
(-0.01509 -0.04049 -0.02694)
(-0.00751 -0.05214 -0.02738)
(-0.00618 -0.05143 -0.02206)
(0.00112 -0.06120 -0.01823)
(0.00337 -0.07064 -0.01057)
(0.01355 -0.06850 -0.02368)
(0.01776 -0.07511 -0.01586)
(0.02015 -0.07338 -0.01857)
(0.01644 -0.07935 -0.01442)
(0.01398 -0.07574 -0.01322)
(0.01914 -0.07295 -0.02221)
(0.02146 -0.07121 -0.02502)
(0.01925 -0.06607 -0.02771)
(0.01898 -0.05958 -0.03120)
(0.01046 -0.04643 -0.03165)
(0.02024 -0.04648 -0.03869)
(0.00975 -0.03381 -0.03301)
(0.01081 -0.02555 -0.03213)
(0.00952 -0.02092 -0.02228)
(0.00257 -0.01420 -0.01331)
(0.00514 -0.00711 -0.01666)
(0.00201 0.00295 -0.00864)
(-0.00113 0.00530 0.00049)
(-0.00556 0.01249 0.00661)
(-0.00715 0.02069 0.01033)
(-0.00725 0.01675 0.01179)
(-0.00739 0.02169 0.01473)
(-0.00747 0.02163 0.01482)
(-0.00581 0.01619 0.00927)
(-0.00336 0.00788 0.00299)
(0.00024 -0.00046 -0.00024)
(0.00114 -0.00297 -0.00057)
(-0.00161 0.00218 -0.00764)
(-0.00723 0.00958 -0.03401)
(-0.01200 0.01329 -0.04485)
(-0.02565 0.02699 -0.09392)
(-0.02996 0.02685 -0.09356)
(-0.03514 0.02460 -0.09336)
(-0.02959 0.02718 -0.09346)
(-0.04598 0.02447 -0.08862)
(-0.04643 0.02131 -0.08557)
(-0.04843 0.01763 -0.08303)
(-0.04959 0.01849 -0.08325)
(-0.04988 0.01701 -0.08185)
(-0.05419 0.01142 -0.07722)
(-0.05493 0.00652 -0.07211)
(-0.05474 0.00353 -0.06699)
(-0.05243 -0.00709 -0.05701)
(-0.05033 -0.00930 -0.05570)
(-0.04992 -0.01064 -0.05342)
(-0.04459 -0.01622 -0.04936)
(-0.03719 -0.02007 -0.03506)
(-0.03567 -0.02141 -0.03377)
(-0.03557 -0.02198 -0.03071)
(-0.03484 -0.02313 -0.02759)
(-0.02312 -0.04139 -0.02005)
(-0.01894 -0.04212 -0.01822)
(-0.01541 -0.05787 -0.00993)
(-0.01279 -0.06429 -0.00515)
(-0.00040 -0.07068 -0.00358)
(0.00668 -0.08351 -0.00140)
(0.00720 -0.08520 -0.00037)
(0.00676 -0.08669 0.00127)
(0.00915 -0.08314 -0.00686)
(0.01121 -0.07574 -0.01132)
(0.01114 -0.07228 -0.01803)
(0.00520 -0.06343 -0.01734)
(0.00721 -0.05929 -0.02325)
(0.00250 -0.05418 -0.02051)
(0.00528 -0.04369 -0.02704)
(0.00211 -0.05134 -0.02061)
(0.00166 -0.04330 -0.02165)
(0.00635 -0.02351 -0.01998)
(0.00299 -0.01712 -0.01385)
(0.00255 -0.01509 -0.01099)
(0.00222 -0.01219 -0.01002)
(0.00219 -0.01271 -0.00792)
(0.00104 -0.00573 -0.00246)
(-0.00058 0.00083 0.00659)
(-0.00147 0.00357 0.01212)
(-0.00397 0.00864 0.01410)
(-0.00810 0.01518 0.01536)
(-0.00803 0.01580 0.01671)
(-0.00572 0.01219 0.01251)
(-0.00441 0.00982 0.00833)
(-0.00083 0.00163 0.00130)
(0.00054 -0.00111 -0.00048)
(-0.00319 0.00361 -0.01197)
(-0.00330 0.00326 -0.01053)
(-0.02007 0.01928 -0.06431)
(-0.03309 0.02732 -0.09287)
(-0.04596 0.02491 -0.08883)
(-0.04892 0.02409 -0.08639)
(-0.04861 0.02381 -0.08609)
(-0.04993 0.01692 -0.08094)
(-0.05631 0.01187 -0.07405)
(-0.05798 0.01034 -0.07286)
(-0.05592 0.00460 -0.06806)
(-0.05403 -0.00446 -0.05857)
(-0.05172 -0.00855 -0.05476)
(-0.05110 -0.00980 -0.05255)
(-0.04977 -0.01182 -0.05106)
(-0.04645 -0.01781 -0.03859)
(-0.03730 -0.02048 -0.03244)
(-0.03717 -0.02054 -0.02979)
(-0.03307 -0.02781 -0.02280)
(-0.02390 -0.04451 -0.01732)
(-0.01799 -0.04874 -0.01397)
(-0.01469 -0.06860 -0.00192)
(-0.01228 -0.07167 -0.00088)
(-0.01083 -0.07423 0.00062)
(0.00411 -0.08414 0.00227)
(-0.00035 -0.07984 0.00364)
(0.00400 -0.08588 0.00346)
(0.00338 -0.08737 0.00497)
(0.00119 -0.09016 0.00519)
(-0.00147 -0.08797 0.00696)
(0.00042 -0.08712 0.00100)
(0.00888 -0.07550 -0.01039)
(0.00055 -0.07401 -0.01007)
(-0.00918 -0.08095 0.00146)
(0.00075 -0.06495 -0.01462)
(0.00047 -0.05764 -0.01843)
(0.00060 -0.05489 -0.01870)
(0.00097 -0.05246 -0.01876)
(0.00077 -0.04668 -0.01603)
(0.00306 -0.01959 -0.01397)
(0.00271 -0.01809 -0.01171)
(0.00042 -0.02486 -0.01014)
(0.00224 -0.01544 -0.00912)
(0.00053 -0.00629 0.00552)
(0.00103 -0.01173 -0.00034)
(-0.00027 -0.00522 0.00840)
(-0.00223 0.00438 0.01251)
(-0.00188 -0.00105 0.01126)
(-0.00222 0.00346 0.02096)
(-0.00284 0.00518 0.02070)
(-0.00274 0.00539 0.00579)
(-0.00119 0.00200 0.00726)
(-0.00047 0.00090 0.00097)
(-0.01843 0.01563 -0.05191)
(-0.00484 0.00421 -0.01362)
(-0.02377 0.01573 -0.04470)
(-0.04828 0.02587 -0.08787)
(-0.05551 0.02401 -0.08281)
(-0.05467 0.02212 -0.08372)
(-0.05421 0.01674 -0.07863)
(-0.05774 0.01206 -0.07456)
(-0.05770 0.01079 -0.07278)
(-0.05784 0.00830 -0.06800)
(-0.05648 0.00296 -0.06077)
(-0.05199 -0.00869 -0.05319)
(-0.04979 -0.01316 -0.04584)
(-0.03966 -0.02214 -0.03224)
(-0.04143 -0.02143 -0.02704)
(-0.03382 -0.03148 -0.02281)
(-0.02701 -0.04084 -0.01538)
(-0.02377 -0.04597 -0.01147)
(-0.01576 -0.06209 -0.00241)
(-0.01343 -0.07068 -0.00037)
(-0.01162 -0.07410 0.00136)
(-0.00674 -0.07922 0.00975)
(0.00183 -0.08635 0.00670)
(-0.00273 -0.08755 0.01306)
(-0.00403 -0.08873 0.01699)
(0.00092 -0.08782 0.00802)
(-0.00484 -0.09130 0.01479)
(-0.01116 -0.09420 0.01725)
(-0.00997 -0.09454 0.01558)
(-0.00920 -0.09009 0.00916)
(-0.01251 -0.08367 0.00367)
(-0.00814 -0.07584 -0.00304)
(-0.00972 -0.08116 -0.00120)
(-0.00731 -0.06513 -0.00941)
(-0.00150 -0.05807 -0.01662)
(-0.00167 -0.05672 -0.01604)
(-0.00162 -0.05545 -0.01536)
(0.00005 -0.05303 -0.01688)
(-0.00219 -0.04589 -0.01244)
(0.00165 -0.03063 -0.00898)
(0.00221 -0.01880 -0.00986)
(0.00365 -0.02541 -0.00651)
(0.00182 -0.01572 -0.00286)
(0.00029 -0.00880 0.00685)
(-0.00314 -0.00565 0.00935)
(-0.00194 0.00274 0.01547)
(-0.00215 0.00323 0.01742)
(-0.00210 0.00155 0.01296)
(-0.00177 0.00264 0.01355)
(-0.00055 0.00081 0.00375)
(-0.00022 0.00037 0.00131)
(-0.00033 0.00024 -0.00059)
(-0.00876 0.00620 -0.01592)
(-0.00207 0.00111 -0.00306)
(-0.03812 0.01731 -0.05727)
(-0.05443 0.01963 -0.07773)
(-0.03154 0.01448 -0.04210)
(-0.05450 0.02270 -0.07950)
(-0.05523 0.01931 -0.07165)
(-0.05735 0.01165 -0.07368)
(-0.05574 0.00851 -0.06411)
(-0.05723 0.00951 -0.06832)
(-0.05455 0.00439 -0.05914)
(-0.05360 0.00036 -0.05466)
(-0.05238 -0.00410 -0.04867)
(-0.05194 -0.00900 -0.04249)
(-0.04865 -0.01428 -0.04006)
(-0.04608 -0.01835 -0.02850)
(-0.04632 -0.01817 -0.02735)
(-0.03884 -0.02762 -0.02118)
(-0.03089 -0.04090 -0.01484)
(-0.03432 -0.03581 -0.01600)
(-0.02583 -0.04217 -0.00908)
(-0.02345 -0.05226 -0.00107)
(-0.01395 -0.06139 -0.00219)
(-0.01054 -0.07414 0.00275)
(-0.00514 -0.07442 0.01135)
(-0.00748 -0.08583 0.01504)
(-0.00554 -0.09339 0.01876)
(-0.00734 -0.09533 0.02198)
(-0.00954 -0.09699 0.02173)
(-0.01727 -0.09779 0.02664)
(-0.00970 -0.09623 0.02336)
(-0.02182 -0.09796 0.03156)
(-0.01213 -0.09382 0.01770)
(-0.01376 -0.09089 0.01403)
(-0.01227 -0.08682 0.00388)
(-0.01168 -0.07675 0.00096)
(-0.01095 -0.07468 0.00002)
(-0.00527 -0.06328 -0.00807)
(-0.00867 -0.05718 -0.00578)
(-0.00413 -0.04545 -0.01101)
(-0.00237 -0.03858 -0.00882)
(-0.00277 -0.04388 -0.00367)
(-0.00166 -0.03277 -0.00463)
(-0.00313 -0.01755 -0.00188)
(-0.00446 -0.01412 0.00106)
(-0.00212 -0.00921 0.00593)
(-0.00489 -0.00081 0.01190)
(-0.00360 -0.00305 0.00508)
(-0.00416 -0.00111 0.00982)
(-0.00143 0.00026 0.00239)
(-0.00091 0.00088 0.00291)
(0.00970 -0.00540 0.01337)
(-0.00105 0.00056 -0.00141)
(-0.04145 0.01605 -0.05369)
(0.00064 -0.00031 0.00083)
(-0.01454 0.00689 -0.01864)
(-0.04785 0.01684 -0.05591)
(-0.05327 0.01724 -0.06106)
(-0.05262 0.00832 -0.05987)
(-0.05189 0.01646 -0.05927)
(-0.05222 0.01551 -0.05914)
(-0.05260 0.00236 -0.05591)
(-0.05034 -0.00099 -0.04835)
(-0.05054 -0.00533 -0.04392)
(-0.04670 -0.00978 -0.03991)
(-0.04428 -0.01678 -0.03135)
(-0.04077 -0.01880 -0.03145)
(-0.03467 -0.02849 -0.02333)
(-0.02705 -0.03516 -0.01914)
(-0.02739 -0.03832 -0.01291)
(-0.02443 -0.03782 -0.01774)
(-0.01978 -0.05456 -0.00731)
(-0.01501 -0.06176 -0.00539)
(-0.00960 -0.06680 0.00224)
(-0.00421 -0.07255 0.00930)
(-0.00604 -0.08167 0.01429)
(-0.00636 -0.09119 0.02120)
(-0.00890 -0.09518 0.02184)
(-0.01080 -0.09552 0.02689)
(-0.01652 -0.09788 0.03050)
(-0.01680 -0.09916 0.02621)
(-0.01955 -0.09347 0.02703)
(-0.01879 -0.09658 0.02852)
(-0.02422 -0.09191 0.02905)
(-0.01987 -0.09412 0.02302)
(-0.01834 -0.09080 0.02000)
(-0.02133 -0.09112 0.02345)
(-0.02057 -0.08949 0.02103)
(-0.01955 -0.08581 0.01206)
(-0.01226 -0.07616 0.00207)
(-0.01702 -0.08035 0.00795)
(-0.01456 -0.06906 0.00124)
(-0.01311 -0.05990 -0.00240)
(-0.01015 -0.06434 -0.00337)
(-0.00580 -0.05459 -0.00818)
(-0.00481 -0.04358 -0.00353)
(-0.00322 -0.04175 -0.00466)
(-0.00708 -0.02508 -0.00521)
(-0.00560 -0.02303 -0.00342)
(-0.00738 -0.00716 0.00187)
(-0.00734 -0.00541 -0.00327)
(-0.00454 -0.00137 -0.00106)
(-0.00259 -0.00078 0.00101)
(-0.00084 0.00009 0.00057)
(0.00019 -0.00015 -0.00033)
(0.00092 -0.00018 -0.00042)
(0.00054 -0.00042 -0.00091)
(0.00772 -0.00381 0.00992)
(-0.00289 0.00113 -0.00344)
(-0.02601 0.00965 -0.03069)
(0.00820 -0.00367 0.00968)
(-0.01658 0.00605 -0.01930)
(-0.04210 0.01429 -0.04852)
(-0.04920 0.00880 -0.05622)
(-0.03801 0.01223 -0.04310)
(-0.04814 0.01481 -0.05442)
(-0.04646 0.00360 -0.04567)
(-0.04731 0.00071 -0.04373)
(-0.04036 -0.01155 -0.03867)
(-0.04048 -0.01502 -0.03657)
(-0.03665 -0.01682 -0.03462)
(-0.03691 -0.02018 -0.02735)
(-0.02617 -0.03538 -0.02072)
(-0.02387 -0.03769 -0.01974)
(-0.02145 -0.04025 -0.01868)
(-0.02190 -0.04083 -0.01680)
(-0.01425 -0.05487 -0.00782)
(-0.00773 -0.06270 -0.00235)
(-0.00568 -0.06344 0.00670)
(-0.00149 -0.07525 0.00831)
(-0.00606 -0.08302 0.01424)
(-0.00730 -0.08859 0.01647)
(-0.01510 -0.09478 0.02548)
(-0.01776 -0.09400 0.02702)
(-0.01938 -0.09425 0.02801)
(-0.02066 -0.09327 0.02615)
(-0.02126 -0.09155 0.02485)
(-0.02075 -0.09031 0.02299)
(-0.02028 -0.08958 0.02287)
(-0.01991 -0.08848 0.02101)
(-0.02085 -0.08453 0.01738)
(-0.01570 -0.07378 0.00570)
(-0.01404 -0.06886 0.00366)
(-0.01107 -0.06457 -0.00196)
(-0.00888 -0.05675 -0.00613)
(-0.00787 -0.04561 -0.00983)
(-0.00628 -0.04293 -0.01023)
(-0.00585 -0.03776 -0.00927)
(-0.00757 -0.03289 -0.00549)
(-0.00931 -0.01932 -0.00316)
(-0.00412 -0.00285 -0.00253)
(-0.00205 -0.00082 -0.00096)
(0.00007 0.00001 0.00002)
(0.00082 0.00021 0.00039)
(0.00103 0.00010 0.00025)
(0.00014 -0.00005 0.00016)
(0.00167 -0.00071 0.00191)
(-0.01053 0.00372 -0.01205)
(-0.03393 0.00613 -0.03712)
(-0.01289 0.00378 -0.01457)
(-0.04204 0.00395 -0.04089)
(-0.04531 0.00180 -0.04045)
(-0.03739 -0.01274 -0.03678)
(-0.03839 -0.00362 -0.03699)
(-0.03626 -0.01371 -0.03562)
(-0.03607 -0.01497 -0.03520)
(-0.03422 -0.01770 -0.03454)
(-0.02574 -0.02936 -0.02593)
(-0.02288 -0.03697 -0.02151)
(-0.02077 -0.03917 -0.02049)
(-0.01816 -0.04173 -0.01949)
(-0.01888 -0.04313 -0.01800)
(-0.00819 -0.05898 -0.00826)
(-0.00554 -0.06684 -0.00386)
(-0.00682 -0.07053 0.00232)
(-0.00278 -0.07986 0.00368)
(-0.00776 -0.08855 0.01425)
(-0.00903 -0.08975 0.01587)
(-0.01687 -0.09256 0.02562)
(-0.01835 -0.09308 0.02651)
(-0.01932 -0.09194 0.02624)
(-0.01987 -0.09273 0.02740)
(-0.02023 -0.08973 0.02633)
(-0.02075 -0.09068 0.02452)
(-0.02389 -0.08901 0.02609)
(-0.02044 -0.08977 0.02458)
(-0.01987 -0.08883 0.02295)
(-0.01612 -0.07911 0.01544)
(-0.01444 -0.07099 0.00534)
(-0.01328 -0.06784 0.00359)
(-0.01284 -0.06709 0.00361)
(-0.00780 -0.04429 -0.00817)
(-0.00745 -0.04203 -0.00958)
(-0.00684 -0.03773 -0.00968)
(-0.00404 -0.02150 -0.00620)
(-0.00205 -0.01027 -0.00370)
(-0.00193 -0.00259 -0.00067)
(-0.00012 -0.00005 -0.00008)
(0.00078 0.00072 0.00041)
(0.00087 0.00033 0.00057)
(-0.00297 0.00093 -0.00337)
(-0.00741 0.00187 -0.00757)
(-0.02029 0.00475 -0.02068)
(-0.00694 0.00077 -0.00767)
(-0.02472 -0.00192 -0.02395)
(-0.03191 -0.01101 -0.03180)
(-0.01355 -0.00228 -0.01270)
(-0.01984 -0.00816 -0.02038)
(-0.03417 -0.01450 -0.03458)
(-0.03269 -0.01718 -0.03457)
(-0.02689 -0.02408 -0.02686)
(-0.02421 -0.02475 -0.03117)
(-0.02023 -0.03461 -0.02557)
(-0.01972 -0.03887 -0.02145)
(-0.01436 -0.03722 -0.02246)
(-0.01103 -0.04563 -0.02028)
(-0.00697 -0.05333 -0.01446)
(-0.00493 -0.06225 -0.01146)
(-0.00052 -0.06138 -0.01103)
(-0.00577 -0.06943 -0.00454)
(-0.00350 -0.08122 -0.00245)
(-0.00403 -0.07979 -0.00314)
(-0.00570 -0.08107 0.00000)
(-0.00806 -0.07902 0.00506)
(-0.00779 -0.08295 0.00921)
(-0.01459 -0.08783 0.02071)
(-0.01371 -0.08207 0.01462)
(-0.01894 -0.09062 0.02483)
(-0.02031 -0.09065 0.02586)
(-0.02223 -0.08979 0.02719)
(-0.02362 -0.08656 0.02500)
(-0.02282 -0.08465 0.02339)
(-0.02128 -0.08325 0.02672)
(-0.01796 -0.08322 0.02159)
(-0.01655 -0.07702 0.01676)
(-0.01263 -0.07574 0.00914)
(-0.01052 -0.05822 0.00513)
(-0.00843 -0.04745 0.00229)
(-0.00796 -0.04487 -0.00041)
(-0.00550 -0.03138 -0.00666)
(-0.00258 -0.01360 -0.00098)
(-0.00157 -0.00876 -0.00227)
(-0.00116 -0.00584 -0.00196)
(0.00022 0.00105 0.00043)
(-0.00136 0.00016 -0.00151)
(-0.00361 -0.00029 -0.00412)
(-0.00348 -0.00131 -0.00405)
(-0.00148 -0.00089 -0.00195)
(-0.00237 -0.00387 -0.00447)
(-0.01410 -0.01585 -0.02021)
(-0.01330 -0.02321 -0.02035)
(-0.00236 -0.00785 -0.00774)
(-0.00527 -0.01336 -0.01148)
(-0.00668 -0.02394 -0.01476)
(-0.00920 -0.03870 -0.01747)
(-0.00579 -0.02413 -0.01110)
(-0.00368 -0.04568 -0.01635)
(0.00056 -0.05789 -0.01456)
(-0.00221 -0.04245 -0.00944)
(-0.00311 -0.06280 -0.01207)
(-0.00599 -0.06954 -0.00332)
(-0.00641 -0.07761 0.00241)
(-0.01027 -0.07089 0.00855)
(-0.01377 -0.07274 0.01229)
(-0.01507 -0.07647 0.01552)
(-0.01698 -0.07114 0.01427)
(-0.01432 -0.07287 0.01434)
(-0.01968 -0.08437 0.02125)
(-0.01528 -0.08555 0.02113)
(-0.00912 -0.04809 0.00970)
(-0.01328 -0.06621 0.01707)
(-0.01471 -0.05161 0.01938)
(-0.01410 -0.05689 0.01700)
(-0.00484 -0.01792 0.00631)
(-0.00488 -0.02083 0.00576)
(-0.00220 -0.01401 0.00252)
(-0.00379 -0.02022 0.00105)
(0.00015 0.00092 -0.00011)
(-0.00083 -0.00454 -0.00000)
(-0.00041 -0.00203 -0.00020)
(0.00253 0.00394 0.00495)
(0.00143 0.00484 0.00479)
(-0.00155 -0.00510 -0.00382)
(0.00138 0.00453 0.00338)
(0.00018 0.00210 0.00109)
(-0.00315 -0.01299 -0.00603)
(-0.00072 -0.01489 -0.00560)
(0.00002 0.00022 0.00009)
(0.00001 0.00020 0.00005)
(-0.00053 -0.01719 -0.00405)
(-0.00488 -0.03165 -0.00504)
(-0.00121 -0.00637 -0.00089)
(-0.00391 -0.01842 0.00123)
(-0.00785 -0.03240 0.00361)
(-0.00281 -0.01102 0.00121)
(-0.00641 -0.02380 0.00349)
(-0.00950 -0.02803 0.00495)
(-0.00986 -0.04669 0.00909)
(-0.00100 -0.00379 0.00064)
(-0.00158 -0.00781 0.00169)
(0.00020 0.00102 -0.00022)
(-0.00588 -0.03101 0.00617)
(-0.00363 -0.01760 0.00452)
(0.00189 0.00864 -0.00205)
(0.00115 0.00453 -0.00136)
(0.00166 0.00782 -0.00161)
(0.00149 0.00911 -0.00127)
(-0.00051 -0.00228 0.00016)
(-0.00101 -0.00394 0.00043)
(-0.00117 -0.00386 0.00044)
(0.00059 0.00200 -0.00039)
)