/*--------------------------------*- C++ -*----------------------------------*\ 
| =========                 |                                                 | 
| \\      /  F ield         | OpenFOAM: The Open Source CFD Toolbox           | 
|  \\    /   O peration     | Version:  4.0                                   | 
|   \\  /    A nd           | Web:      www.OpenFOAM.org                      | 
|    \\/     M anipulation  |                                                 | 
\*---------------------------------------------------------------------------*/ 
FoamFile 
{ 
    version     2.0; 
    format      ascii; 
    class       vectorAverageField; 
    object      values; 
} 
// * * * * * * * * * * * * * * * * * * * * * * * * * * * * * * * * * * * * * // 
 
// Average 
(0 0 0) 
 
// Velocity data on points 
2447
(
(0.00306 0.00284 0.00030)
(-0.00247 -0.00100 -0.00163)
(-0.00991 -0.00118 -0.00854)
(-0.00236 -0.00088 -0.00422)
(0.00421 0.00013 0.00764)
(-0.02572 0.00055 -0.03382)
(-0.00787 0.00009 -0.01395)
(-0.03539 0.02181 -0.06754)
(-0.00355 0.00216 -0.00694)
(0.00540 -0.00366 0.01050)
(-0.02453 0.01676 -0.04695)
(-0.00509 0.00377 -0.00988)
(0.00453 -0.00443 0.00881)
(-0.03100 0.02862 -0.06072)
(-0.00134 0.00178 -0.00293)
(0.00403 -0.00566 0.00887)
(-0.01443 0.01998 -0.03181)
(-0.00082 0.00128 -0.00190)
(0.00506 -0.01095 0.01499)
(-0.00103 0.00223 -0.00306)
(0.00399 0.00655 -0.00298)
(-0.00149 -0.00132 0.00063)
(0.00103 0.00108 -0.00030)
(0.00043 0.00055 -0.00002)
(-0.01673 -0.02848 0.00475)
(-0.01874 -0.01814 -0.00163)
(-0.03476 -0.00790 -0.02430)
(-0.04777 0.00073 -0.04096)
(-0.07782 -0.00799 -0.05440)
(-0.08943 0.00468 -0.07630)
(-0.06953 0.00556 -0.08900)
(-0.05418 0.02063 -0.09785)
(-0.10427 0.03981 -0.15152)
(-0.08387 0.05279 -0.15458)
(-0.07064 0.04887 -0.13195)
(-0.05833 0.04392 -0.11126)
(-0.10045 0.07026 -0.18332)
(-0.09842 0.07504 -0.18525)
(-0.11192 0.10408 -0.21696)
(-0.06534 0.06045 -0.12736)
(-0.05174 0.06138 -0.10801)
(-0.14578 0.16756 -0.29593)
(-0.13078 0.15429 -0.26773)
(-0.06648 0.08951 -0.14502)
(-0.04271 0.06209 -0.09332)
(-0.09783 0.14387 -0.22274)
(-0.02745 0.06034 -0.08565)
(-0.00770 0.02001 -0.02716)
(-0.06049 0.11870 -0.16824)
(-0.00478 0.01654 -0.02234)
(0.00024 -0.00261 0.00338)
(0.00299 0.00355 -0.00340)
(-0.00106 -0.00184 0.00155)
(-0.00395 -0.00682 0.00557)
(-0.01520 -0.01761 0.01287)
(-0.04096 -0.04584 0.03459)
(-0.03254 -0.03644 0.01644)
(-0.03617 -0.06239 0.01027)
(-0.05670 -0.05479 0.00154)
(-0.07243 -0.03195 -0.02294)
(-0.08247 -0.01371 -0.04945)
(-0.09437 0.01447 -0.12489)
(-0.11585 0.04017 -0.17204)
(-0.11624 0.05587 -0.19313)
(-0.12463 0.08583 -0.23208)
(-0.12823 0.06632 -0.20695)
(-0.14103 0.08665 -0.23568)
(-0.13159 0.09707 -0.24606)
(-0.13697 0.11738 -0.25897)
(-0.17675 0.16235 -0.33879)
(-0.17420 0.18094 -0.35096)
(-0.18791 0.20259 -0.37622)
(-0.20071 0.20881 -0.40026)
(-0.17419 0.20819 -0.36052)
(-0.15041 0.20922 -0.33986)
(-0.13711 0.21086 -0.31270)
(-0.16957 0.24317 -0.38095)
(-0.12580 0.23504 -0.33947)
(-0.06514 0.15763 -0.22591)
(-0.03549 0.09776 -0.13677)
(-0.12806 0.25363 -0.37164)
(-0.06688 0.17198 -0.24560)
(-0.01287 0.06897 -0.09353)
(-0.00022 0.00405 -0.00529)
(-0.00545 0.04176 -0.05739)
(0.00036 -0.01515 0.02054)
(0.00011 -0.02877 0.03938)
(0.00018 0.00017 -0.00021)
(-0.00572 -0.00565 0.00672)
(-0.01475 -0.01807 0.01879)
(-0.01890 -0.03332 0.02986)
(-0.03714 -0.05393 0.05756)
(-0.03061 -0.05173 0.04779)
(-0.03782 -0.06924 0.06543)
(-0.05776 -0.05694 0.05554)
(-0.05283 -0.05628 0.04410)
(-0.05421 -0.06131 0.04117)
(-0.07606 -0.05405 0.05051)
(-0.07011 -0.05087 0.02717)
(-0.06946 -0.04679 -0.00356)
(-0.08733 -0.02160 -0.04900)
(-0.09675 -0.01074 -0.07468)
(-0.11487 0.01868 -0.13933)
(-0.12486 0.03312 -0.16504)
(-0.14665 0.06138 -0.20496)
(-0.15389 0.08723 -0.23806)
(-0.19120 0.13902 -0.31107)
(-0.19931 0.16274 -0.34901)
(-0.20485 0.19157 -0.38354)
(-0.19732 0.20795 -0.39584)
(-0.19686 0.21209 -0.39119)
(-0.20716 0.24752 -0.43241)
(-0.21623 0.28143 -0.46976)
(-0.23172 0.31448 -0.51185)
(-0.15933 0.26289 -0.38646)
(-0.21519 0.30522 -0.48431)
(-0.13814 0.26326 -0.38923)
(-0.11688 0.27196 -0.40070)
(-0.12595 0.28254 -0.41643)
(-0.11283 0.26845 -0.39396)
(-0.04651 0.16427 -0.23727)
(-0.00202 0.03950 -0.05725)
(-0.07835 0.24751 -0.37224)
(-0.02392 0.15009 -0.22185)
(0.00005 0.01958 -0.02867)
(0.00007 0.00634 -0.00916)
(0.00332 0.00302 -0.00325)
(-0.00749 -0.00821 0.00913)
(-0.01806 -0.02078 0.02396)
(-0.03871 -0.03922 0.05047)
(-0.04810 -0.04933 0.06180)
(-0.05035 -0.06546 0.08869)
(-0.05141 -0.06713 0.08641)
(-0.04494 -0.07192 0.08284)
(-0.06264 -0.06110 0.07596)
(-0.07780 -0.05405 0.06002)
(-0.07976 -0.05190 0.05073)
(-0.08352 -0.04862 0.04099)
(-0.08417 -0.04901 0.04854)
(-0.08930 -0.04429 0.03720)
(-0.10537 -0.01516 -0.04472)
(-0.12122 0.02218 -0.14018)
(-0.12665 0.03176 -0.15933)
(-0.13363 0.04383 -0.18275)
(-0.16170 0.08528 -0.24884)
(-0.20732 0.14744 -0.33549)
(-0.20052 0.15448 -0.34463)
(-0.22474 0.20570 -0.41281)
(-0.25529 0.25695 -0.48114)
(-0.24286 0.25803 -0.47135)
(-0.24737 0.28260 -0.50602)
(-0.24820 0.32231 -0.53720)
(-0.24670 0.32736 -0.53870)
(-0.24343 0.33022 -0.53760)
(-0.23996 0.33244 -0.53641)
(-0.20953 0.32624 -0.50831)
(-0.13435 0.28849 -0.42747)
(-0.12539 0.28490 -0.42158)
(-0.13615 0.29184 -0.43443)
(-0.11047 0.28313 -0.43090)
(-0.06096 0.24738 -0.36315)
(-0.10661 0.29994 -0.44735)
(-0.04926 0.21012 -0.30597)
(-0.00248 0.08903 -0.12691)
(0.00006 0.00926 -0.01313)
(-0.02019 0.18636 -0.26587)
(-0.00221 0.04219 -0.05937)
(-0.00007 0.00235 -0.00330)
(-0.00478 -0.00431 0.00583)
(-0.01330 -0.01519 0.01806)
(-0.03825 -0.05054 0.06726)
(-0.04677 -0.05665 0.07531)
(-0.04967 -0.07632 0.11327)
(-0.05410 -0.07903 0.11699)
(-0.05467 -0.07931 0.12078)
(-0.05575 -0.07997 0.12467)
(-0.05659 -0.08011 0.12835)
(-0.04997 -0.07624 0.10722)
(-0.07570 -0.05640 0.06948)
(-0.07925 -0.05501 0.07065)
(-0.08352 -0.05091 0.05847)
(-0.08838 -0.04591 0.04464)
(-0.09420 -0.04011 0.03081)
(-0.13967 0.01721 -0.08685)
(-0.12651 0.02939 -0.15479)
(-0.14702 0.03606 -0.14158)
(-0.14554 0.05157 -0.19608)
(-0.13398 0.04372 -0.18575)
(-0.13921 0.05289 -0.20217)
(-0.20878 0.14843 -0.34308)
(-0.20616 0.14223 -0.34772)
(-0.23530 0.18715 -0.41302)
(-0.21822 0.17044 -0.37973)
(-0.23611 0.21782 -0.45042)
(-0.28844 0.29096 -0.54193)
(-0.29035 0.29980 -0.55216)
(-0.29274 0.30810 -0.56179)
(-0.25700 0.31345 -0.54402)
(-0.25927 0.33914 -0.56375)
(-0.25715 0.34191 -0.56303)
(-0.25429 0.34416 -0.56180)
(-0.25190 0.35704 -0.56940)
(-0.21376 0.34138 -0.52719)
(-0.19873 0.35030 -0.54254)
(-0.15222 0.31688 -0.48051)
(-0.14217 0.33196 -0.50368)
(-0.12759 0.31350 -0.47205)
(-0.09861 0.30354 -0.44727)
(-0.04009 0.27577 -0.39174)
(-0.01672 0.16665 -0.23546)
(-0.02385 0.20680 -0.28901)
(-0.00423 0.06556 -0.09131)
(-0.00204 0.03123 -0.04299)
(0.00229 0.00218 -0.00218)
(-0.00057 -0.00040 0.00048)
(-0.03092 -0.03101 0.04299)
(-0.04703 -0.05855 0.07911)
(-0.04799 -0.07050 0.09573)
(-0.05229 -0.07368 0.12651)
(-0.05781 -0.08074 0.12991)
(-0.05753 -0.08089 0.13154)
(-0.05984 -0.08173 0.13780)
(-0.05796 -0.08112 0.14016)
(-0.06925 -0.07162 0.11898)
(-0.08281 -0.05359 0.07106)
(-0.09223 -0.04886 0.07609)
(-0.08919 -0.04724 0.05353)
(-0.09256 -0.04224 0.03741)
(-0.11470 -0.01117 -0.03383)
(-0.10340 -0.03359 0.01988)
(-0.12515 0.02008 -0.11307)
(-0.13906 0.04211 -0.15968)
(-0.16156 0.09278 -0.26285)
(-0.18276 0.11308 -0.30698)
(-0.22229 0.17998 -0.40922)
(-0.26081 0.23085 -0.49313)
(-0.28330 0.28007 -0.55336)
(-0.29375 0.30310 -0.56383)
(-0.29755 0.31363 -0.57566)
(-0.30461 0.34465 -0.61743)
(-0.29148 0.36403 -0.62394)
(-0.28689 0.36853 -0.62077)
(-0.26710 0.35483 -0.58631)
(-0.27213 0.38101 -0.61351)
(-0.23986 0.36849 -0.57480)
(-0.25288 0.39351 -0.63472)
(-0.21241 0.37575 -0.57392)
(-0.19244 0.37336 -0.57533)
(-0.17603 0.36217 -0.55533)
(-0.16071 0.34530 -0.51606)
(-0.14733 0.34155 -0.49704)
(-0.05722 0.28862 -0.40568)
(-0.04434 0.28105 -0.39290)
(-0.00942 0.10307 -0.14188)
(-0.04991 0.28660 -0.39444)
(-0.02636 0.21227 -0.29225)
(-0.00690 0.07385 -0.09518)
(-0.00091 0.00600 -0.00699)
(0.00589 0.00483 -0.00214)
(-0.00020 -0.00016 0.00008)
(-0.01445 -0.01383 0.01549)
(-0.03108 -0.03114 0.03991)
(-0.05027 -0.06161 0.09595)
(-0.04834 -0.05711 0.07991)
(-0.04826 -0.06875 0.10689)
(-0.05549 -0.06737 0.11644)
(-0.05130 -0.07729 0.14593)
(-0.05087 -0.08515 0.16997)
(-0.05155 -0.08063 0.15438)
(-0.05451 -0.08082 0.18396)
(-0.05934 -0.07415 0.15188)
(-0.07081 -0.07110 0.13963)
(-0.09074 -0.04413 0.08257)
(-0.09737 -0.01300 -0.00005)
(-0.11478 0.00291 -0.05832)
(-0.13454 0.03003 -0.15773)
(-0.14979 0.06357 -0.20383)
(-0.17660 0.12719 -0.31330)
(-0.20276 0.16912 -0.38675)
(-0.24618 0.23769 -0.49787)
(-0.26304 0.27093 -0.54423)
(-0.28135 0.30504 -0.59078)
(-0.29549 0.30456 -0.57272)
(-0.30059 0.31632 -0.58475)
(-0.31050 0.35369 -0.64680)
(-0.31038 0.38099 -0.68812)
(-0.32340 0.40975 -0.71732)
(-0.30779 0.41622 -0.70954)
(-0.30258 0.41635 -0.70296)
(-0.28888 0.41392 -0.67601)
(-0.23770 0.40052 -0.62361)
(-0.19026 0.37441 -0.57291)
(-0.21526 0.39429 -0.58587)
(-0.18224 0.36710 -0.53233)
(-0.14951 0.35421 -0.49764)
(-0.18551 0.37453 -0.53446)
(-0.14136 0.34969 -0.47817)
(-0.10273 0.32422 -0.44922)
(-0.06827 0.29913 -0.39746)
(-0.12591 0.34149 -0.46004)
(-0.05184 0.19980 -0.23875)
(-0.00873 0.05296 -0.06164)
(-0.00718 0.03103 -0.03565)
(0.00021 0.00023 -0.00008)
(-0.00884 -0.00724 0.00179)
(-0.03871 -0.04048 0.05103)
(-0.03619 -0.04955 0.05944)
(-0.03841 -0.06049 0.08206)
(-0.03436 -0.07033 0.12276)
(-0.04337 -0.06915 0.11879)
(-0.04493 -0.07675 0.14363)
(-0.04414 -0.07217 0.13825)
(-0.04975 -0.08186 0.17280)
(-0.05115 -0.08321 0.17744)
(-0.04186 -0.08801 0.20802)
(-0.04287 -0.08758 0.22833)
(-0.04388 -0.08640 0.22657)
(-0.05488 -0.08426 0.21330)
(-0.07116 -0.06688 0.15198)
(-0.05649 -0.07408 0.17632)
(-0.06168 -0.07218 0.17483)
(-0.06640 -0.05753 0.12156)
(-0.08137 -0.02629 0.03126)
(-0.09756 -0.00785 -0.01336)
(-0.11589 0.02534 -0.10967)
(-0.13800 0.06172 -0.19002)
(-0.17311 0.13347 -0.30652)
(-0.19224 0.20508 -0.44159)
(-0.20350 0.22564 -0.47411)
(-0.23286 0.25846 -0.53062)
(-0.25923 0.29130 -0.58326)
(-0.29829 0.35338 -0.66314)
(-0.30889 0.37585 -0.69107)
(-0.31622 0.40003 -0.71655)
(-0.33280 0.41886 -0.74008)
(-0.33062 0.42254 -0.74692)
(-0.32143 0.43643 -0.75731)
(-0.30082 0.42768 -0.72027)
(-0.30724 0.44370 -0.74861)
(-0.28720 0.43048 -0.69250)
(-0.29171 0.44146 -0.69371)
(-0.27835 0.43363 -0.66213)
(-0.28408 0.44413 -0.67273)
(-0.21795 0.40128 -0.58750)
(-0.22554 0.41267 -0.58481)
(-0.19573 0.39070 -0.54053)
(-0.20294 0.40239 -0.54524)
(-0.16656 0.38042 -0.49816)
(-0.13605 0.35756 -0.45294)
(-0.08611 0.29708 -0.35380)
(-0.02592 0.10189 -0.11704)
(0.00304 -0.01172 0.01348)
(-0.09367 0.24917 -0.29697)
(-0.00186 -0.00334 0.00114)
(-0.01345 -0.01799 0.00901)
(-0.00878 -0.02544 0.00944)
(-0.02398 -0.03395 0.02874)
(-0.03092 -0.05906 0.07245)
(-0.03145 -0.06845 0.11334)
(-0.02970 -0.07242 0.12784)
(-0.03349 -0.07310 0.13286)
(-0.03514 -0.07707 0.14840)
(-0.03913 -0.08384 0.18655)
(-0.04145 -0.08887 0.23390)
(-0.04090 -0.08790 0.23502)
(-0.04399 -0.07993 0.20890)
(-0.05690 -0.05862 0.15563)
(-0.05682 -0.04233 0.11712)
(-0.08191 -0.00545 0.01380)
(-0.07861 -0.00708 -0.00407)
(-0.10553 0.04275 -0.10620)
(-0.10008 0.04875 -0.09522)
(-0.11983 0.06683 -0.17268)
(-0.15638 0.13142 -0.30669)
(-0.18773 0.20591 -0.43598)
(-0.19801 0.22479 -0.46489)
(-0.20934 0.24383 -0.49281)
(-0.24819 0.29102 -0.56701)
(-0.28071 0.33908 -0.65526)
(-0.27455 0.35339 -0.64938)
(-0.29172 0.36989 -0.68834)
(-0.30803 0.39539 -0.72217)
(-0.31749 0.42011 -0.75417)
(-0.32059 0.42727 -0.76775)
(-0.32245 0.45464 -0.79734)
(-0.32021 0.45472 -0.78915)
(-0.31862 0.45736 -0.79148)
(-0.30040 0.44624 -0.73666)
(-0.29665 0.45155 -0.72188)
(-0.29113 0.44896 -0.69153)
(-0.28989 0.45098 -0.68887)
(-0.28243 0.44707 -0.66901)
(-0.25720 0.44176 -0.62486)
(-0.23924 0.43370 -0.57763)
(-0.20957 0.40932 -0.53116)
(-0.21003 0.42628 -0.53913)
(-0.16977 0.38504 -0.47870)
(-0.19805 0.41412 -0.52007)
(-0.14646 0.36408 -0.44011)
(-0.07604 0.20974 -0.23995)
(-0.00486 0.01464 -0.01615)
(0.00186 -0.00533 0.00591)
(0.00035 0.00129 -0.00042)
(-0.00045 -0.00203 0.00065)
(-0.00371 -0.01490 0.00536)
(-0.00992 -0.04271 0.01781)
(-0.01794 -0.05015 0.04063)
(-0.00951 -0.05090 0.02308)
(-0.01784 -0.05685 0.07070)
(-0.02664 -0.07068 0.11852)
(-0.03103 -0.07627 0.14469)
(-0.02667 -0.07560 0.13972)
(-0.03036 -0.07988 0.16056)
(-0.03628 -0.08924 0.21397)
(-0.02260 -0.08346 0.19928)
(-0.03818 -0.08931 0.24256)
(-0.03382 -0.08454 0.23478)
(-0.04077 -0.06364 0.18409)
(-0.04599 -0.04294 0.14248)
(-0.06286 -0.02453 0.08381)
(-0.09484 0.04800 -0.08091)
(-0.10553 0.06264 -0.13040)
(-0.10159 0.06394 -0.11982)
(-0.11129 0.07580 -0.16050)
(-0.18430 0.21139 -0.43641)
(-0.19326 0.22699 -0.45982)
(-0.20342 0.24452 -0.48553)
(-0.22118 0.27899 -0.52815)
(-0.26405 0.35354 -0.64029)
(-0.29146 0.38550 -0.69532)
(-0.31293 0.42669 -0.74997)
(-0.31424 0.43123 -0.76061)
(-0.31503 0.43465 -0.76937)
(-0.31974 0.45201 -0.80406)
(-0.31947 0.45816 -0.80072)
(-0.31755 0.46016 -0.79408)
(-0.30578 0.46722 -0.77112)
(-0.29546 0.45462 -0.70679)
(-0.29488 0.45631 -0.70529)
(-0.28701 0.46300 -0.68188)
(-0.25689 0.44774 -0.61669)
(-0.26353 0.45960 -0.62830)
(-0.24360 0.43758 -0.57608)
(-0.22527 0.43894 -0.56160)
(-0.21690 0.43121 -0.54833)
(-0.20916 0.42349 -0.53576)
(-0.20179 0.41652 -0.52453)
(-0.11885 0.27797 -0.32885)
(-0.02841 0.07907 -0.08846)
(-0.01160 0.03107 -0.03494)
(0.01145 -0.03128 0.03492)
(-0.00084 -0.00387 0.00088)
(-0.00306 -0.01636 0.00564)
(-0.00560 -0.03046 0.01175)
(-0.00406 -0.02669 0.00950)
(-0.00729 -0.05102 0.02331)
(-0.00720 -0.05289 0.02781)
(-0.01464 -0.07022 0.11136)
(-0.00048 -0.06835 0.08620)
(-0.02153 -0.07529 0.13396)
(-0.02333 -0.07886 0.15315)
(-0.02000 -0.08501 0.19296)
(-0.01312 -0.09548 0.24980)
(-0.03063 -0.08688 0.23595)
(-0.01909 -0.09258 0.24909)
(-0.03975 -0.06962 0.20359)
(-0.03556 -0.06239 0.18411)
(-0.04672 -0.05035 0.16537)
(-0.04642 -0.03063 0.11964)
(-0.07535 0.02643 -0.00534)
(-0.09858 0.06449 -0.10938)
(-0.10905 0.08106 -0.15732)
(-0.10744 0.08364 -0.15091)
(-0.13385 0.14458 -0.27293)
(-0.18146 0.22677 -0.42679)
(-0.20262 0.26388 -0.47880)
(-0.22690 0.31722 -0.54953)
(-0.26695 0.37673 -0.61738)
(-0.28579 0.40066 -0.69168)
(-0.29820 0.41740 -0.72960)
(-0.31042 0.43205 -0.75695)
(-0.31194 0.43553 -0.76778)
(-0.31646 0.45519 -0.80685)
(-0.31941 0.45854 -0.80841)
(-0.31826 0.46013 -0.80895)
(-0.31786 0.46169 -0.80294)
(-0.31393 0.47204 -0.79660)
(-0.30543 0.47386 -0.76233)
(-0.30510 0.47549 -0.76215)
(-0.30489 0.47978 -0.72641)
(-0.30549 0.48271 -0.75831)
(-0.29514 0.48512 -0.70170)
(-0.28809 0.47874 -0.67464)
(-0.29333 0.48961 -0.71623)
(-0.25569 0.45895 -0.61618)
(-0.23372 0.44555 -0.57409)
(-0.22592 0.43832 -0.56145)
(-0.22304 0.43487 -0.55613)
(-0.22086 0.43194 -0.55202)
(-0.21187 0.42371 -0.53810)
(-0.21256 0.40794 -0.53188)
(-0.14088 0.30505 -0.36908)
(-0.04909 0.11229 -0.13261)
(0.00487 -0.01252 0.01418)
(0.00003 0.00021 -0.00007)
(-0.00036 -0.00325 0.00101)
(-0.00145 -0.02061 0.00661)
(-0.00575 -0.04547 0.01839)
(0.00162 -0.05753 0.02921)
(0.00408 -0.06238 0.04061)
(0.01074 -0.06415 0.04099)
(0.00567 -0.07120 0.07596)
(-0.00253 -0.07835 0.11885)
(0.02378 -0.08621 0.10727)
(0.01928 -0.08512 0.12204)
(0.00479 -0.09224 0.15224)
(0.00194 -0.09250 0.17561)
(-0.00422 -0.09611 0.23141)
(-0.01221 -0.09695 0.27394)
(-0.01836 -0.07441 0.21617)
(-0.03084 -0.06800 0.19979)
(-0.04362 -0.04045 0.15981)
(-0.04625 -0.03058 0.14064)
(-0.07698 0.04664 0.00150)
(-0.09033 0.07642 -0.06202)
(-0.14349 0.16248 -0.21746)
(-0.14283 0.16148 -0.25846)
(-0.16407 0.20231 -0.28078)
(-0.19306 0.26298 -0.42235)
(-0.21188 0.29580 -0.47126)
(-0.24502 0.35018 -0.54447)
(-0.27284 0.38739 -0.59578)
(-0.28284 0.41334 -0.67151)
(-0.29137 0.42187 -0.64855)
(-0.29847 0.43035 -0.70839)
(-0.31464 0.44453 -0.74041)
(-0.31581 0.44654 -0.77408)
(-0.31789 0.46055 -0.80269)
(-0.31702 0.45748 -0.81144)
(-0.31413 0.45963 -0.82518)
(-0.31617 0.46787 -0.83263)
(-0.31526 0.46864 -0.82517)
(-0.31485 0.48018 -0.81202)
(-0.31466 0.48079 -0.81090)
(-0.31538 0.48245 -0.79493)
(-0.30252 0.48332 -0.75127)
(-0.30446 0.48008 -0.75101)
(-0.29132 0.48016 -0.70243)
(-0.28177 0.47592 -0.67368)
(-0.27562 0.46709 -0.65611)
(-0.26330 0.45179 -0.64587)
(-0.22966 0.43000 -0.57125)
(-0.21901 0.40644 -0.54462)
(-0.19392 0.37697 -0.49779)
(-0.23691 0.42446 -0.59385)
(-0.21081 0.39578 -0.52922)
(-0.08212 0.16880 -0.21745)
(-0.00414 0.00912 -0.01134)
(0.00913 -0.01915 0.02417)
(-0.00048 -0.00173 0.00064)
(-0.00073 -0.00936 0.00324)
(0.00069 -0.04749 0.01840)
(0.00795 -0.05235 0.02825)
(0.01047 -0.05749 0.03201)
(0.01549 -0.06867 0.04944)
(0.01541 -0.06261 0.04066)
(0.02204 -0.08017 0.08536)
(0.02743 -0.08893 0.11209)
(0.02388 -0.09068 0.13420)
(0.01473 -0.08975 0.15556)
(0.00736 -0.09845 0.20386)
(-0.00362 -0.08784 0.21181)
(-0.01543 -0.06889 0.18778)
(-0.05094 -0.00304 0.12145)
(-0.05899 0.01314 0.09338)
(-0.06131 0.00528 0.10478)
(-0.07123 0.03732 0.03804)
(-0.08770 0.07934 -0.05708)
(-0.12739 0.14904 -0.15851)
(-0.17431 0.22873 -0.27624)
(-0.19180 0.26209 -0.37978)
(-0.20507 0.29753 -0.46250)
(-0.24149 0.34512 -0.50006)
(-0.29556 0.43123 -0.59806)
(-0.30225 0.44093 -0.61367)
(-0.29877 0.43138 -0.68766)
(-0.31463 0.45098 -0.72854)
(-0.32350 0.47445 -0.76756)
(-0.32457 0.47494 -0.77844)
(-0.31264 0.46196 -0.81434)
(-0.31542 0.46340 -0.82887)
(-0.31501 0.46508 -0.82783)
(-0.31855 0.46649 -0.83658)
(-0.31333 0.47521 -0.81332)
(-0.31362 0.47429 -0.81026)
(-0.31482 0.47949 -0.80068)
(-0.31386 0.47948 -0.78632)
(-0.31353 0.47923 -0.78145)
(-0.31117 0.48365 -0.75916)
(-0.28643 0.47403 -0.68994)
(-0.30303 0.47628 -0.73741)
(-0.28876 0.47390 -0.68732)
(-0.28185 0.46315 -0.67341)
(-0.28128 0.45112 -0.66971)
(-0.24067 0.42697 -0.60378)
(-0.22210 0.40347 -0.56130)
(-0.21536 0.40007 -0.53646)
(-0.21228 0.38540 -0.52708)
(-0.12064 0.23502 -0.31136)
(-0.01903 0.03960 -0.05034)
(-0.01082 0.02003 -0.02657)
(0.00095 0.00290 -0.00124)
(-0.00294 -0.01168 0.00427)
(-0.00036 -0.00112 0.00048)
(-0.00396 -0.01444 0.00581)
(-0.00026 -0.04068 0.02024)
(0.01159 -0.05833 0.03276)
(0.00913 -0.05268 0.03071)
(0.01618 -0.06276 0.03772)
(0.02383 -0.07139 0.04869)
(0.02612 -0.07418 0.05707)
(0.03330 -0.07831 0.06476)
(0.02926 -0.08184 0.09325)
(0.02895 -0.08924 0.12036)
(0.02069 -0.08579 0.14552)
(0.01424 -0.08309 0.15770)
(0.00538 -0.08112 0.18554)
(-0.03586 -0.01644 0.11319)
(-0.06018 0.01328 0.09137)
(-0.07020 0.03123 0.06249)
(-0.09774 0.08370 -0.03174)
(-0.14196 0.16098 -0.14586)
(-0.18832 0.23002 -0.23752)
(-0.25091 0.32516 -0.39190)
(-0.18725 0.25322 -0.31516)
(-0.22897 0.32080 -0.43107)
(-0.27259 0.39383 -0.52884)
(-0.30144 0.43650 -0.59059)
(-0.30683 0.44378 -0.60380)
(-0.30627 0.44663 -0.62544)
(-0.30455 0.44833 -0.70239)
(-0.32540 0.47589 -0.75904)
(-0.32646 0.47633 -0.76826)
(-0.31692 0.46237 -0.79726)
(-0.32010 0.46484 -0.81621)
(-0.31492 0.46210 -0.83282)
(-0.31469 0.46259 -0.82593)
(-0.31501 0.46428 -0.82553)
(-0.31404 0.46978 -0.81264)
(-0.31264 0.47053 -0.80310)
(-0.31464 0.47763 -0.79167)
(-0.31422 0.47681 -0.78805)
(-0.31308 0.47856 -0.77798)
(-0.31146 0.47915 -0.76561)
(-0.29542 0.46805 -0.72252)
(-0.28318 0.45682 -0.68365)
(-0.26608 0.44402 -0.66294)
(-0.25654 0.43763 -0.63389)
(-0.24860 0.42455 -0.62471)
(-0.23346 0.40314 -0.57849)
(-0.22737 0.38553 -0.56428)
(-0.14011 0.25546 -0.34665)
(-0.02566 0.04714 -0.06301)
(0.00108 0.00275 -0.00131)
(-0.00186 -0.00505 0.00235)
(-0.00752 -0.03107 0.01230)
(-0.00745 -0.02427 0.01052)
(-0.00912 -0.03237 0.01362)
(0.00749 -0.05066 0.03107)
(0.01541 -0.05982 0.03711)
(0.01917 -0.06290 0.04500)
(0.03270 -0.07549 0.06309)
(0.03565 -0.07918 0.06787)
(0.03394 -0.09125 0.11290)
(0.02332 -0.08605 0.13668)
(0.01824 -0.08186 0.13962)
(0.01142 -0.07613 0.14127)
(0.01010 -0.07790 0.15280)
(-0.02566 -0.02945 0.09230)
(-0.05517 0.00872 0.08649)
(-0.07333 0.03053 0.06411)
(-0.12556 0.10518 -0.04385)
(-0.08500 0.05244 0.02943)
(-0.16493 0.18489 -0.16614)
(-0.17805 0.20454 -0.19272)
(-0.25842 0.32858 -0.38644)
(-0.26034 0.34240 -0.41282)
(-0.26804 0.35548 -0.42775)
(-0.30933 0.44368 -0.58593)
(-0.31256 0.44718 -0.59625)
(-0.31068 0.44893 -0.61665)
(-0.31362 0.45240 -0.62803)
(-0.32023 0.45783 -0.69581)
(-0.31847 0.45816 -0.72969)
(-0.32216 0.46500 -0.79769)
(-0.32105 0.46015 -0.78915)
(-0.31530 0.45767 -0.80815)
(-0.31542 0.46157 -0.82490)
(-0.31562 0.46190 -0.82472)
(-0.31566 0.46385 -0.82482)
(-0.31580 0.46250 -0.81888)
(-0.31515 0.47533 -0.79629)
(-0.31464 0.47405 -0.79357)
(-0.31365 0.47524 -0.78545)
(-0.31122 0.47270 -0.77020)
(-0.29605 0.46523 -0.72791)
(-0.29382 0.46510 -0.71960)
(-0.28212 0.44897 -0.69659)
(-0.26112 0.43770 -0.65609)
(-0.25702 0.43450 -0.64773)
(-0.25895 0.43393 -0.65394)
(-0.25545 0.43109 -0.64715)
(-0.25109 0.42716 -0.63939)
(-0.22994 0.38509 -0.57283)
(-0.18756 0.33777 -0.46474)
(-0.16962 0.30328 -0.41609)
(-0.04090 0.07406 -0.09938)
(0.01213 -0.02209 0.02935)
(0.00051 0.00105 -0.00055)
(-0.00380 -0.00851 0.00426)
(-0.01395 -0.02387 0.01835)
(-0.00770 -0.03462 0.01622)
(-0.01287 -0.03463 0.01961)
(0.00485 -0.04803 0.02339)
(0.01417 -0.05706 0.03985)
(0.02991 -0.07191 0.05774)
(0.03322 -0.07569 0.06353)
(0.03505 -0.08290 0.08614)
(0.02504 -0.07681 0.08945)
(0.02071 -0.08121 0.13064)
(0.01367 -0.07498 0.13161)
(-0.02042 -0.05019 0.11424)
(0.00222 -0.06791 0.13942)
(-0.06203 0.00686 0.06905)
(-0.09479 0.04524 0.02790)
(-0.14265 0.11117 -0.05921)
(-0.17288 0.17660 -0.15284)
(-0.20195 0.22710 -0.21084)
(-0.25171 0.30064 -0.33323)
(-0.26708 0.34514 -0.40629)
(-0.27211 0.34513 -0.40041)
(-0.27528 0.35969 -0.42421)
(-0.31866 0.42847 -0.51808)
(-0.33230 0.45032 -0.55834)
(-0.31531 0.45062 -0.60881)
(-0.32709 0.46258 -0.64200)
(-0.33377 0.46393 -0.67862)
(-0.33641 0.46531 -0.70518)
(-0.31866 0.45584 -0.75204)
(-0.31279 0.44554 -0.76742)
(-0.31688 0.45213 -0.79537)
(-0.31790 0.45839 -0.81637)
(-0.31601 0.46093 -0.82343)
(-0.31582 0.46239 -0.82412)
(-0.32145 0.46288 -0.82022)
(-0.31653 0.46893 -0.81089)
(-0.32330 0.47165 -0.80276)
(-0.31540 0.47150 -0.78006)
(-0.31919 0.46982 -0.77601)
(-0.30226 0.46258 -0.75556)
(-0.29222 0.45579 -0.72873)
(-0.30121 0.45328 -0.74733)
(-0.28300 0.44689 -0.69686)
(-0.26165 0.43535 -0.65958)
(-0.25531 0.42940 -0.64731)
(-0.24678 0.41193 -0.63191)
(-0.23316 0.37951 -0.56779)
(-0.19051 0.33816 -0.46935)
(-0.19601 0.34188 -0.47880)
(-0.05680 0.10103 -0.13543)
(0.00247 -0.00441 0.00584)
(-0.00052 -0.00035 0.00035)
(-0.01078 -0.01123 0.00869)
(-0.01210 -0.00697 0.00739)
(-0.01949 -0.02945 0.01907)
(-0.01851 -0.03256 0.01976)
(-0.00838 -0.03746 0.01768)
(0.00188 -0.05097 0.02502)
(0.00726 -0.05265 0.03091)
(0.02012 -0.06496 0.04437)
(0.02982 -0.07099 0.05883)
(0.02577 -0.07838 0.06327)
(0.01625 -0.07192 0.07615)
(0.00994 -0.06519 0.09545)
(-0.02864 -0.03489 0.06821)
(-0.07264 0.01446 0.03870)
(-0.09939 0.03449 0.04464)
(-0.13522 0.08846 -0.03332)
(-0.19016 0.18743 -0.14181)
(-0.20390 0.18019 -0.13888)
(-0.25098 0.27388 -0.26104)
(-0.28037 0.31407 -0.30607)
(-0.31098 0.36443 -0.36778)
(-0.27939 0.35891 -0.41909)
(-0.32828 0.42491 -0.50177)
(-0.34545 0.44697 -0.53799)
(-0.33170 0.45393 -0.58042)
(-0.34673 0.46851 -0.61501)
(-0.33742 0.46053 -0.66180)
(-0.34313 0.46615 -0.68155)
(-0.32819 0.45536 -0.73737)
(-0.34032 0.46622 -0.75498)
(-0.32763 0.45716 -0.79717)
(-0.33074 0.46016 -0.79935)
(-0.33148 0.46005 -0.80616)
(-0.32958 0.46480 -0.81861)
(-0.33015 0.46726 -0.80956)
(-0.32330 0.46522 -0.80989)
(-0.32446 0.46542 -0.80754)
(-0.32624 0.47091 -0.79355)
(-0.32659 0.47154 -0.77340)
(-0.31106 0.46362 -0.76297)
(-0.31171 0.46104 -0.73275)
(-0.28815 0.44657 -0.70007)
(-0.29021 0.44280 -0.67375)
(-0.25560 0.42907 -0.64538)
(-0.28977 0.42729 -0.66189)
(-0.26087 0.39988 -0.60636)
(-0.24562 0.38265 -0.56199)
(-0.24398 0.36899 -0.52896)
(-0.22099 0.34339 -0.47960)
(-0.09137 0.13206 -0.17578)
(-0.00594 0.00913 -0.01173)
(-0.00255 -0.00138 0.00154)
(-0.02029 -0.01486 0.01381)
(-0.02758 -0.02793 0.02089)
(-0.02614 -0.03100 0.01871)
(-0.01873 -0.03377 0.01778)
(-0.00340 -0.04454 0.02930)
(0.00283 -0.05867 0.03526)
(0.01627 -0.06567 0.03886)
(0.00710 -0.06339 0.04147)
(0.01450 -0.06630 0.05180)
(0.00588 -0.05797 0.06560)
(-0.02872 -0.03365 0.05474)
(-0.05825 -0.00568 0.04796)
(-0.07299 0.00655 0.02579)
(-0.10440 0.04118 0.02015)
(-0.15427 0.10368 -0.04832)
(-0.26591 0.23690 -0.18453)
(-0.26146 0.25302 -0.21893)
(-0.30134 0.32043 -0.29432)
(-0.31767 0.35457 -0.33189)
(-0.34545 0.41079 -0.41392)
(-0.36673 0.45527 -0.46425)
(-0.36115 0.45486 -0.50181)
(-0.35373 0.46136 -0.55961)
(-0.35377 0.46879 -0.59680)
(-0.35500 0.46249 -0.63474)
(-0.35686 0.46446 -0.65413)
(-0.34320 0.46269 -0.70718)
(-0.35631 0.47226 -0.73911)
(-0.33790 0.46195 -0.77287)
(-0.33500 0.46123 -0.78514)
(-0.34040 0.46183 -0.79945)
(-0.33158 0.45805 -0.81170)
(-0.33743 0.46478 -0.80201)
(-0.32505 0.46562 -0.80916)
(-0.33971 0.47161 -0.80680)
(-0.33056 0.46880 -0.79659)
(-0.34984 0.47901 -0.77557)
(-0.33553 0.47439 -0.76657)
(-0.32189 0.46064 -0.73884)
(-0.31179 0.46250 -0.72397)
(-0.30539 0.45740 -0.71115)
(-0.32383 0.45289 -0.70489)
(-0.32260 0.44598 -0.70885)
(-0.29507 0.43096 -0.66432)
(-0.26449 0.39296 -0.59121)
(-0.26185 0.37499 -0.54205)
(-0.25174 0.35641 -0.49905)
(-0.17096 0.23044 -0.31387)
(-0.07894 0.11066 -0.14532)
(-0.01161 0.01622 -0.02098)
(0.00195 0.00095 -0.00126)
(-0.00725 -0.00364 0.00445)
(-0.02265 -0.01590 0.01355)
(-0.03532 -0.02699 0.02284)
(-0.03322 -0.02761 0.02069)
(-0.03005 -0.02923 0.02083)
(-0.01513 -0.03945 0.03009)
(-0.02929 -0.02867 0.02104)
(-0.01229 -0.04168 0.03258)
(0.00025 -0.05726 0.03648)
(0.00200 -0.05946 0.03963)
(-0.02432 -0.03375 0.02621)
(-0.00730 -0.04432 0.04531)
(-0.04509 -0.01959 0.02515)
(-0.11287 0.04625 -0.02276)
(-0.12546 0.05630 -0.01101)
(-0.14694 0.07707 -0.04553)
(-0.16471 0.10563 -0.06956)
(-0.27314 0.23987 -0.18678)
(-0.28518 0.26459 -0.21555)
(-0.29998 0.28705 -0.23965)
(-0.32198 0.33570 -0.30113)
(-0.36410 0.42546 -0.41499)
(-0.37819 0.45174 -0.42722)
(-0.38084 0.46891 -0.47800)
(-0.37082 0.45982 -0.51687)
(-0.36344 0.46124 -0.54896)
(-0.36433 0.46819 -0.58567)
(-0.36485 0.46519 -0.61020)
(-0.36432 0.46560 -0.62018)
(-0.34632 0.45800 -0.68648)
(-0.35927 0.47320 -0.73281)
(-0.35649 0.47297 -0.74630)
(-0.34920 0.46802 -0.76235)
(-0.35286 0.46659 -0.77185)
(-0.34958 0.46765 -0.79794)
(-0.35689 0.47364 -0.77550)
(-0.34731 0.47170 -0.79375)
(-0.35246 0.47212 -0.79051)
(-0.35271 0.48069 -0.77919)
(-0.35620 0.48317 -0.77402)
(-0.35198 0.48127 -0.77040)
(-0.35427 0.48412 -0.76501)
(-0.32932 0.45969 -0.71226)
(-0.33164 0.45729 -0.70495)
(-0.32591 0.44667 -0.70392)
(-0.33673 0.44257 -0.68211)
(-0.31646 0.42971 -0.65497)
(-0.29181 0.40327 -0.59306)
(-0.31405 0.39101 -0.55352)
(-0.30362 0.38261 -0.52386)
(-0.27659 0.33315 -0.44267)
(-0.18401 0.19842 -0.23988)
(-0.01928 0.02046 -0.02409)
(-0.01975 0.01992 -0.02320)
(-0.00654 -0.00228 0.00425)
(-0.03299 -0.01942 0.02201)
(-0.03732 -0.02638 0.02161)
(-0.03512 -0.02725 0.02145)
(-0.03272 -0.02800 0.02123)
(-0.03205 -0.02731 0.02099)
(-0.02664 -0.02967 0.02545)
(-0.01945 -0.03879 0.02703)
(-0.00380 -0.05576 0.03614)
(-0.03869 -0.02334 0.02109)
(-0.06673 -0.00365 0.00891)
(-0.13158 0.06194 -0.03745)
(-0.14941 0.07778 -0.05013)
(-0.16389 0.09265 -0.05855)
(-0.21673 0.16088 -0.11390)
(-0.28898 0.26268 -0.21062)
(-0.29624 0.26394 -0.20968)
(-0.30380 0.28509 -0.23294)
(-0.34834 0.34781 -0.29583)
(-0.37207 0.40421 -0.36358)
(-0.36213 0.39752 -0.36765)
(-0.37872 0.43106 -0.40717)
(-0.38086 0.44923 -0.46093)
(-0.38151 0.45355 -0.47190)
(-0.37718 0.46328 -0.53819)
(-0.36873 0.46763 -0.60150)
(-0.36765 0.46749 -0.61092)
(-0.36402 0.46574 -0.62843)
(-0.35715 0.46474 -0.68040)
(-0.36016 0.47445 -0.73842)
(-0.36432 0.47628 -0.74190)
(-0.36184 0.46991 -0.76123)
(-0.35906 0.47202 -0.77581)
(-0.36245 0.47585 -0.77091)
(-0.36041 0.47612 -0.77386)
(-0.36449 0.47930 -0.77142)
(-0.36006 0.48494 -0.77707)
(-0.36346 0.48759 -0.77250)
(-0.35906 0.48568 -0.76949)
(-0.36300 0.48886 -0.76512)
(-0.35060 0.47504 -0.71565)
(-0.37175 0.47893 -0.69443)
(-0.37737 0.45750 -0.65117)
(-0.37034 0.44956 -0.62315)
(-0.33520 0.42428 -0.61812)
(-0.32815 0.38848 -0.51483)
(-0.32108 0.38173 -0.50404)
(-0.29154 0.30663 -0.37566)
(-0.21943 0.22596 -0.27036)
(-0.12026 0.12252 -0.14468)
(-0.23036 0.22665 -0.26681)
(-0.03289 0.03148 -0.03606)
(-0.00168 -0.00058 0.00112)
(-0.01301 -0.00449 0.00859)
(-0.00858 -0.00291 0.00586)
(-0.03203 -0.01087 0.02095)
(-0.04764 -0.02253 0.02829)
(-0.04554 -0.02217 0.02805)
(-0.03856 -0.02582 0.02248)
(-0.04194 -0.02299 0.02341)
(-0.03521 -0.02682 0.02162)
(-0.04188 -0.02343 0.02194)
(-0.04010 -0.02072 0.02152)
(-0.03420 -0.02230 0.02283)
(-0.05134 -0.00856 0.01622)
(-0.05426 -0.00969 0.01101)
(-0.09124 0.01308 -0.00103)
(-0.12288 0.04738 -0.02768)
(-0.15479 0.08106 -0.05531)
(-0.16823 0.09564 -0.06454)
(-0.21097 0.13418 -0.09664)
(-0.32314 0.26261 -0.19451)
(-0.30926 0.28389 -0.22847)
(-0.36914 0.35794 -0.28878)
(-0.41085 0.42784 -0.34962)
(-0.39423 0.43927 -0.40441)
(-0.39533 0.45793 -0.44413)
(-0.38560 0.45498 -0.46430)
(-0.39014 0.46798 -0.50601)
(-0.37998 0.47148 -0.56888)
(-0.36989 0.46871 -0.60151)
(-0.36720 0.46800 -0.62158)
(-0.37128 0.47143 -0.66016)
(-0.36741 0.47452 -0.71651)
(-0.37318 0.47651 -0.72397)
(-0.37455 0.47214 -0.73705)
(-0.36742 0.47532 -0.76591)
(-0.36992 0.47685 -0.77067)
(-0.36582 0.47827 -0.76936)
(-0.37050 0.48244 -0.76689)
(-0.37649 0.49302 -0.76763)
(-0.37808 0.49812 -0.76817)
(-0.36687 0.49026 -0.76848)
(-0.39148 0.50497 -0.75031)
(-0.38963 0.49938 -0.72683)
(-0.41000 0.50537 -0.71099)
(-0.39335 0.47905 -0.66386)
(-0.38972 0.46397 -0.61662)
(-0.38343 0.45480 -0.60495)
(-0.37175 0.42501 -0.55506)
(-0.33534 0.35181 -0.44628)
(-0.30487 0.30906 -0.37519)
(-0.30935 0.30331 -0.36095)
(-0.30722 0.29233 -0.34031)
(-0.20757 0.19413 -0.22276)
(-0.03678 0.03107 -0.03323)
(0.02965 -0.02459 0.02587)
(-0.00083 -0.00034 0.00064)
(-0.01020 -0.00423 0.00776)
(-0.04955 -0.01858 0.03177)
(-0.03092 -0.01239 0.02047)
(-0.05495 -0.02252 0.03324)
(-0.04902 -0.02378 0.02882)
(-0.04862 -0.02399 0.02709)
(-0.04584 -0.02604 0.03073)
(-0.04602 -0.02235 0.02927)
(-0.04715 -0.01856 0.02615)
(-0.04433 -0.01693 0.01895)
(-0.06067 -0.00789 0.01191)
(-0.07179 -0.00373 0.01521)
(-0.10494 0.01826 -0.00639)
(-0.13771 0.04802 -0.03168)
(-0.16084 0.06674 -0.04714)
(-0.23325 0.13888 -0.11282)
(-0.17366 0.10001 -0.07030)
(-0.24229 0.16026 -0.12087)
(-0.33363 0.26411 -0.20409)
(-0.35191 0.30375 -0.23998)
(-0.39107 0.36611 -0.28885)
(-0.41418 0.40829 -0.32384)
(-0.41958 0.45172 -0.37723)
(-0.42444 0.46378 -0.40906)
(-0.43961 0.49742 -0.44544)
(-0.41390 0.49341 -0.49932)
(-0.40801 0.49354 -0.53091)
(-0.39284 0.48163 -0.55413)
(-0.38818 0.48169 -0.60594)
(-0.37952 0.47684 -0.64444)
(-0.37513 0.47746 -0.68136)
(-0.38580 0.48131 -0.70685)
(-0.38501 0.47815 -0.71848)
(-0.38032 0.47556 -0.74629)
(-0.39221 0.48319 -0.74039)
(-0.37007 0.47983 -0.76389)
(-0.39497 0.49719 -0.75912)
(-0.40425 0.50973 -0.76103)
(-0.42476 0.52279 -0.75707)
(-0.43502 0.53200 -0.75276)
(-0.43599 0.53240 -0.75058)
(-0.43476 0.52668 -0.73072)
(-0.43210 0.51140 -0.70724)
(-0.41598 0.49324 -0.67851)
(-0.43127 0.49077 -0.65185)
(-0.40400 0.46103 -0.61272)
(-0.40981 0.41477 -0.51278)
(-0.39122 0.39415 -0.47721)
(-0.41123 0.39438 -0.46855)
(-0.40073 0.34113 -0.36609)
(-0.33956 0.28109 -0.28959)
(-0.21256 0.16492 -0.16209)
(-0.06167 0.04552 -0.04279)
(0.02417 -0.01569 0.01317)
(-0.00602 -0.00291 0.00444)
(-0.03342 -0.01636 0.02382)
(-0.05668 -0.02085 0.03935)
(-0.05658 -0.01941 0.03620)
(-0.05352 -0.02167 0.03358)
(-0.05062 -0.02566 0.03353)
(-0.05468 -0.01872 0.03508)
(-0.04743 -0.02238 0.03049)
(-0.04791 -0.02147 0.03029)
(-0.05958 -0.01571 0.03080)
(-0.05054 -0.01702 0.02605)
(-0.06929 -0.00199 0.01523)
(-0.08396 0.00124 0.01189)
(-0.10541 0.00917 0.00424)
(-0.11497 0.01504 -0.00211)
(-0.14361 0.05200 -0.03449)
(-0.13493 0.03098 -0.01381)
(-0.18094 0.07879 -0.05811)
(-0.24737 0.13270 -0.10418)
(-0.28860 0.19526 -0.15083)
(-0.33913 0.26030 -0.20204)
(-0.35888 0.29387 -0.22690)
(-0.40892 0.36502 -0.28351)
(-0.46100 0.43620 -0.34162)
(-0.44409 0.46255 -0.38001)
(-0.44089 0.46903 -0.40165)
(-0.46417 0.51918 -0.45458)
(-0.44322 0.50812 -0.47623)
(-0.42290 0.49845 -0.50774)
(-0.40643 0.49433 -0.54367)
(-0.39383 0.48376 -0.58935)
(-0.39116 0.48278 -0.62476)
(-0.37996 0.47984 -0.66789)
(-0.39089 0.47873 -0.67926)
(-0.40960 0.48979 -0.69268)
(-0.39027 0.47857 -0.72534)
(-0.40145 0.48598 -0.72816)
(-0.41819 0.50059 -0.74753)
(-0.43739 0.51640 -0.76207)
(-0.43652 0.52553 -0.75243)
(-0.43182 0.53039 -0.74539)
(-0.47615 0.56043 -0.74490)
(-0.46540 0.55394 -0.73242)
(-0.49630 0.57499 -0.73001)
(-0.46162 0.53835 -0.68717)
(-0.45556 0.52383 -0.66987)
(-0.49556 0.53612 -0.65899)
(-0.49162 0.52636 -0.64684)
(-0.47102 0.50086 -0.62140)
(-0.49434 0.52121 -0.63121)
(-0.45192 0.45254 -0.53744)
(-0.43739 0.39272 -0.43247)
(-0.43297 0.38348 -0.41741)
(-0.40386 0.31408 -0.29786)
(-0.12858 0.09413 -0.08296)
(-0.02076 0.01348 -0.00980)
(0.00800 -0.00513 0.00368)
(-0.00115 -0.00055 0.00088)
(-0.01811 -0.00884 0.01353)
(-0.04669 -0.02342 0.03372)
(-0.05504 -0.02262 0.03989)
(-0.05527 -0.02056 0.03863)
(-0.05364 -0.02345 0.03790)
(-0.05357 -0.02237 0.03817)
(-0.05755 -0.01833 0.03797)
(-0.05771 -0.01701 0.03659)
(-0.05889 -0.01641 0.03669)
(-0.07623 -0.00178 0.02133)
(-0.10593 0.00836 0.00572)
(-0.11532 0.01456 -0.00058)
(-0.12652 0.02125 -0.00721)
(-0.19025 0.08352 -0.05746)
(-0.24331 0.13002 -0.10065)
(-0.29525 0.19180 -0.14793)
(-0.35219 0.25171 -0.19554)
(-0.37332 0.29238 -0.22729)
(-0.38511 0.30059 -0.23507)
(-0.42818 0.38234 -0.29669)
(-0.46602 0.43464 -0.33982)
(-0.46694 0.44920 -0.35323)
(-0.46240 0.45870 -0.37698)
(-0.46456 0.50246 -0.43565)
(-0.46209 0.52049 -0.46425)
(-0.44280 0.51102 -0.48933)
(-0.43375 0.51000 -0.52503)
(-0.40408 0.48974 -0.58026)
(-0.40467 0.48751 -0.60062)
(-0.39619 0.48486 -0.63459)
(-0.40105 0.48462 -0.67093)
(-0.41232 0.49007 -0.68688)
(-0.41275 0.49085 -0.69589)
(-0.41381 0.49281 -0.70626)
(-0.43086 0.50959 -0.74447)
(-0.44269 0.51872 -0.73790)
(-0.45733 0.53752 -0.72326)
(-0.46413 0.54827 -0.74491)
(-0.49950 0.58267 -0.72969)
(-0.49915 0.58189 -0.72773)
(-0.50566 0.58707 -0.72412)
(-0.49232 0.55991 -0.69210)
(-0.50582 0.54898 -0.66089)
(-0.50104 0.53203 -0.63900)
(-0.48991 0.50742 -0.59534)
(-0.46990 0.45836 -0.52067)
(-0.48199 0.46273 -0.46905)
(-0.46887 0.43165 -0.43662)
(-0.45948 0.40979 -0.40255)
(-0.41881 0.34818 -0.28565)
(-0.14923 0.10687 -0.07883)
(-0.01091 0.00760 -0.00526)
(-0.00080 -0.00023 0.00067)
(-0.02422 -0.00695 0.01993)
(-0.05339 -0.01628 0.04168)
(-0.06301 -0.01649 0.04719)
(-0.05959 -0.01862 0.04401)
(-0.05339 -0.02282 0.04316)
(-0.05518 -0.02263 0.04233)
(-0.05337 -0.02268 0.04253)
(-0.05752 -0.01914 0.03896)
(-0.05834 -0.01789 0.03815)
(-0.05874 -0.01838 0.03929)
(-0.05975 -0.01721 0.03810)
(-0.06072 -0.01556 0.03685)
(-0.10342 0.00698 0.01137)
(-0.11480 0.01290 0.00158)
(-0.12608 0.01887 -0.00446)
(-0.20151 0.08894 -0.06371)
(-0.23425 0.11661 -0.08862)
(-0.30634 0.19585 -0.15444)
(-0.35860 0.25388 -0.20159)
(-0.37550 0.27255 -0.21629)
(-0.42739 0.37079 -0.29043)
(-0.47165 0.43369 -0.33964)
(-0.47200 0.44735 -0.35104)
(-0.47657 0.45794 -0.36126)
(-0.48095 0.49863 -0.42275)
(-0.46987 0.52316 -0.45950)
(-0.46705 0.52269 -0.47611)
(-0.42487 0.49770 -0.54675)
(-0.40561 0.48747 -0.60872)
(-0.41559 0.49152 -0.63024)
(-0.41586 0.49163 -0.69003)
(-0.43320 0.50542 -0.70843)
(-0.45037 0.52634 -0.71622)
(-0.48252 0.56032 -0.72633)
(-0.50584 0.58816 -0.72623)
(-0.51193 0.59303 -0.71919)
(-0.50740 0.54356 -0.64636)
(-0.50567 0.52258 -0.54956)
(-0.17757 0.14083 -0.09581)
(-0.00416 -0.00098 0.00362)
(-0.03597 -0.00903 0.02956)
(-0.06562 -0.01309 0.05385)
(-0.05469 -0.01094 0.04390)
(-0.06591 -0.01283 0.05401)
(-0.06425 -0.01449 0.05255)
(-0.06001 -0.02046 0.04634)
(-0.05758 -0.01948 0.03985)
(-0.05919 -0.01825 0.04040)
(-0.06050 -0.01747 0.03913)
(-0.06302 -0.01637 0.03851)
(-0.09214 0.00187 0.01991)
(-0.10674 0.01061 0.01215)
(-0.12158 0.01817 0.00050)
(-0.18619 0.06148 -0.03892)
(-0.19099 0.07057 -0.04905)
(-0.23636 0.10704 -0.08160)
(-0.31005 0.18631 -0.15157)
(-0.29067 0.15974 -0.13104)
(-0.35521 0.24570 -0.19647)
(-0.37321 0.26702 -0.21351)
(-0.41220 0.32816 -0.25775)
(-0.46607 0.40766 -0.32252)
(-0.47931 0.44353 -0.34905)
(-0.48184 0.45684 -0.36084)
(-0.47820 0.50617 -0.43920)
(0.00660 0.00079 -0.00562)
(-0.01862 -0.00217 0.01573)
(-0.06598 -0.00791 0.05274)
(-0.06640 -0.01217 0.05165)
(-0.06371 -0.01417 0.05254)
(-0.06041 -0.01627 0.04932)
(-0.05939 -0.01994 0.04658)
(-0.06130 -0.01849 0.04801)
(-0.06033 -0.01857 0.04763)
(-0.06128 -0.01712 0.04529)
(-0.06489 -0.01665 0.04365)
(-0.07287 -0.01030 0.03827)
(-0.09263 -0.00179 0.02459)
(-0.09181 -0.00370 0.02562)
(-0.13914 0.03521 -0.01493)
(-0.17492 0.05939 -0.03565)
(-0.23402 0.10901 -0.08171)
(-0.28018 0.15367 -0.12559)
(-0.34829 0.23172 -0.18890)
(-0.41834 0.31626 -0.25307)
(-0.45793 0.37329 -0.29918)
(0.00667 0.00033 -0.00550)
(-0.00472 -0.00023 0.00388)
(-0.03278 -0.00136 0.02645)
(-0.06664 -0.01045 0.05206)
(-0.06544 -0.01145 0.05133)
(-0.06490 -0.01163 0.05103)
(-0.06306 -0.01432 0.05051)
(-0.06433 -0.01569 0.05046)
(-0.06492 -0.01657 0.04979)
(-0.07309 -0.00858 0.03937)
(-0.09160 -0.00075 0.02624)
(-0.10092 0.00664 0.01918)
(-0.13419 0.02977 -0.00573)
(-0.18523 0.06765 -0.04478)
(-0.20938 0.08434 -0.06535)
(-0.23894 0.10608 -0.08776)
(-0.31046 0.18400 -0.15396)
(-0.00160 0.00004 0.00126)
(-0.03838 -0.00069 0.02935)
(-0.05444 -0.00613 0.04204)
(-0.06893 -0.00840 0.05335)
(-0.06677 -0.01006 0.05228)
(-0.06763 -0.00911 0.05297)
(-0.06771 -0.00836 0.05549)
(-0.06836 -0.00896 0.05335)
(-0.06626 -0.01212 0.04960)
(-0.07088 -0.00761 0.05473)
(-0.07417 -0.00465 0.04841)
(-0.08106 0.00044 0.04187)
(-0.08332 -0.00153 0.03549)
(-0.08796 0.00635 0.04109)
(-0.10490 0.01331 0.02470)
(-0.14795 0.04030 -0.01352)
(-0.00435 0.00032 0.00355)
(-0.05590 -0.00081 0.04199)
(-0.07045 -0.00699 0.05423)
(-0.07964 0.00173 0.06309)
(-0.07145 -0.00585 0.05800)
(-0.07064 -0.00586 0.05987)
(-0.07118 -0.00487 0.05991)
(-0.07153 -0.00677 0.05572)
(-0.07833 -0.00001 0.05202)
(-0.08538 0.00536 0.04449)
(0.00096 -0.00010 -0.00077)
(-0.02644 0.00256 0.02031)
(-0.06436 0.00575 0.05025)
(-0.45316 0.51723 -0.50384)
(-0.41019 0.49067 -0.59431)
(-0.41501 0.49064 -0.68068)
(-0.42696 0.49853 -0.68981)
(-0.46710 0.54417 -0.70914)
(-0.50271 0.58322 -0.72516)
(-0.51119 0.59360 -0.72192)
(-0.52058 0.58152 -0.66305)
(-0.51208 0.55819 -0.60957)
(-0.51254 0.50759 -0.49486)
(-0.48271 0.45988 -0.45303)
(-0.43707 0.37150 -0.28765)
(-0.43052 0.35996 -0.27010)
(-0.42287 0.34621 -0.24986)
(-0.04002 0.03123 -0.02059)
(-0.49764 0.49362 -0.40612)
(-0.47053 0.51515 -0.46981)
(-0.45029 0.50591 -0.49402)
(-0.44311 0.50628 -0.52461)
(-0.41945 0.49824 -0.58111)
(-0.40990 0.48961 -0.60290)
(-0.41751 0.49266 -0.62237)
(-0.42334 0.49129 -0.64742)
(-0.41828 0.49223 -0.68375)
(-0.43503 0.50002 -0.67262)
(-0.43825 0.50772 -0.70332)
(-0.45880 0.53015 -0.70694)
(-0.46809 0.54472 -0.70455)
(-0.47396 0.55270 -0.71091)
(-0.50398 0.58712 -0.71813)
(-0.50995 0.59387 -0.72359)
(-0.51429 0.59945 -0.71868)
(-0.52566 0.60763 -0.71346)
(-0.53710 0.62539 -0.66949)
(-0.52658 0.57864 -0.64434)
(-0.53416 0.58308 -0.59831)
(-0.52432 0.55548 -0.54608)
(-0.52079 0.53360 -0.48424)
(-0.47575 0.44817 -0.36976)
(-0.43841 0.37837 -0.28012)
(-0.42622 0.35794 -0.24997)
(-0.16330 0.13334 -0.08740)
(-0.01628 0.01312 -0.00829)
(-0.49398 0.42439 -0.33750)
(-0.50343 0.47239 -0.37869)
(-0.50597 0.48326 -0.38985)
(-0.51113 0.51852 -0.43334)
(-0.49347 0.51506 -0.44752)
(-0.47462 0.51668 -0.48483)
(-0.45058 0.51097 -0.52133)
(-0.44280 0.50740 -0.54818)
(-0.41338 0.49154 -0.59696)
(-0.43292 0.50370 -0.57849)
(-0.41595 0.49073 -0.61288)
(-0.42198 0.48835 -0.63335)
(-0.42852 0.49436 -0.65933)
(-0.43559 0.49999 -0.66677)
(-0.44740 0.50842 -0.68681)
(-0.45779 0.52642 -0.68833)
(-0.46452 0.53754 -0.68951)
(-0.48089 0.56215 -0.70944)
(-0.50131 0.59341 -0.70570)
(-0.51213 0.60182 -0.70824)
(-0.52492 0.62145 -0.69479)
(-0.54076 0.63329 -0.69053)
(-0.55021 0.64861 -0.66642)
(-0.54581 0.63735 -0.63681)
(-0.53804 0.60165 -0.56915)
(-0.52933 0.56812 -0.52823)
(-0.53495 0.60036 -0.52728)
(-0.52033 0.54670 -0.46219)
(-0.49994 0.50649 -0.41831)
(-0.50102 0.52658 -0.41021)
(-0.44979 0.40305 -0.29859)
(-0.42235 0.36580 -0.24624)
(-0.21051 0.17922 -0.10825)
(-0.04836 0.04043 -0.02091)
(0.01859 -0.01547 0.00775)
(-0.36885 0.24047 -0.20505)
(-0.42189 0.31016 -0.25438)
(-0.45249 0.35941 -0.29191)
(-0.48852 0.41286 -0.33361)
(-0.50913 0.46510 -0.37204)
(-0.51430 0.48443 -0.39883)
(-0.50836 0.51405 -0.43007)
(-0.49633 0.50997 -0.44739)
(-0.48520 0.52269 -0.49065)
(-0.47655 0.52141 -0.50383)
(-0.45353 0.51113 -0.53368)
(-0.44578 0.50764 -0.56899)
(-0.42812 0.49372 -0.59957)
(-0.42974 0.49305 -0.60987)
(-0.42339 0.48906 -0.63556)
(-0.43360 0.49594 -0.64965)
(-0.44438 0.50724 -0.65036)
(-0.45230 0.51629 -0.67477)
(-0.45854 0.52880 -0.67563)
(-0.48183 0.55991 -0.69051)
(-0.49141 0.57272 -0.69715)
(-0.49786 0.59441 -0.68724)
(-0.51078 0.61069 -0.69942)
(-0.52212 0.62985 -0.68422)
(-0.53040 0.63232 -0.67977)
(-0.52701 0.64607 -0.65866)
(-0.53631 0.63933 -0.64942)
(-0.54286 0.64076 -0.59305)
(-0.54534 0.63060 -0.57611)
(-0.54158 0.63132 -0.53352)
(-0.53346 0.59852 -0.49000)
(-0.49163 0.50896 -0.37483)
(-0.50646 0.55472 -0.40273)
(-0.47266 0.48577 -0.31391)
(-0.41058 0.41109 -0.25650)
(-0.04815 0.04523 -0.02045)
(0.03981 -0.03635 0.01501)
(-0.31657 0.32922 -0.18534)
(-0.18251 0.06768 -0.04370)
(-0.19923 0.07911 -0.05664)
(-0.21221 0.09048 -0.06884)
(-0.29525 0.16734 -0.14026)
(-0.36304 0.23460 -0.20152)
(-0.38695 0.26886 -0.22049)
(-0.39319 0.26865 -0.22677)
(-0.43200 0.32452 -0.26844)
(-0.46883 0.38476 -0.31386)
(-0.49472 0.43886 -0.35890)
(-0.51194 0.48480 -0.39865)
(-0.51249 0.49493 -0.40996)
(-0.49882 0.51123 -0.45235)
(-0.47868 0.52132 -0.50004)
(-0.47188 0.51910 -0.50980)
(-0.45290 0.50744 -0.55669)
(-0.44045 0.50417 -0.58374)
(-0.43878 0.49484 -0.60621)
(-0.43164 0.49475 -0.62468)
(-0.43761 0.49137 -0.60795)
(-0.43960 0.50189 -0.64487)
(-0.44291 0.50545 -0.64694)
(-0.44625 0.51041 -0.65085)
(-0.47095 0.54840 -0.67313)
(-0.48591 0.56833 -0.69241)
(-0.48204 0.56330 -0.68790)
(-0.48844 0.58493 -0.68382)
(-0.50830 0.61630 -0.68604)
(-0.49837 0.60740 -0.67231)
(-0.51095 0.63332 -0.65882)
(-0.51455 0.64584 -0.63368)
(-0.52754 0.65525 -0.63738)
(-0.53322 0.63928 -0.57180)
(-0.54275 0.63846 -0.54889)
(-0.54064 0.63551 -0.53057)
(-0.53904 0.63037 -0.51419)
(-0.47683 0.54900 -0.36522)
(-0.46501 0.52841 -0.33429)
(-0.43251 0.48932 -0.27948)
(-0.24955 0.26473 -0.12966)
(-0.03055 0.03141 -0.01421)
(-0.13861 0.15242 -0.05918)
(-0.02636 0.02872 -0.01066)
(-0.08829 0.00751 0.04227)
(-0.09096 0.00889 0.03852)
(-0.12285 0.03016 0.01146)
(-0.17978 0.06746 -0.04223)
(-0.19458 0.07777 -0.05414)
(-0.18948 0.07593 -0.05078)
(-0.20754 0.08885 -0.06614)
(-0.29812 0.17722 -0.14618)
(-0.24945 0.13086 -0.10242)
(-0.32334 0.21019 -0.16803)
(-0.36703 0.25168 -0.20653)
(-0.43739 0.34807 -0.27834)
(-0.44641 0.36512 -0.28928)
(-0.47993 0.41691 -0.33837)
(-0.51165 0.48287 -0.39565)
(-0.51155 0.49146 -0.40610)
(-0.51050 0.49660 -0.41312)
(-0.50172 0.50705 -0.43956)
(-0.48067 0.52159 -0.49655)
(-0.47455 0.51968 -0.50545)
(-0.46109 0.51184 -0.54125)
(-0.44413 0.50192 -0.57769)
(-0.44009 0.49317 -0.60010)
(-0.43987 0.49217 -0.60515)
(-0.43837 0.50114 -0.63114)
(-0.44204 0.50386 -0.64427)
(-0.44512 0.50891 -0.64814)
(-0.44421 0.50726 -0.64559)
(-0.46122 0.53719 -0.65710)
(-0.45689 0.54491 -0.64443)
(-0.47295 0.57498 -0.65652)
(-0.47505 0.58899 -0.65053)
(-0.50866 0.64076 -0.63630)
(-0.51179 0.64472 -0.62954)
(-0.51795 0.65006 -0.62749)
(-0.52417 0.64570 -0.57249)
(-0.54189 0.64162 -0.54532)
(-0.53988 0.63898 -0.52809)
(-0.53824 0.63398 -0.51173)
(-0.51144 0.61234 -0.45913)
(-0.45681 0.53518 -0.33850)
(-0.39130 0.45480 -0.22675)
(-0.11788 0.13803 -0.05360)
(0.02485 -0.02842 0.01026)
(-0.00862 0.01002 -0.00371)
(-0.08529 0.00747 0.06646)
(-0.08367 0.00627 0.06958)
(-0.07620 -0.00041 0.06498)
(-0.07486 -0.00061 0.06694)
(-0.07563 0.00120 0.06947)
(-0.07751 0.00120 0.06753)
(-0.08089 0.00257 0.05476)
(-0.08547 0.00607 0.04585)
(-0.08561 0.00678 0.04766)
(-0.08855 0.00849 0.04378)
(-0.09171 0.01041 0.03927)
(-0.11821 0.03186 0.01458)
(-0.16119 0.06011 -0.02571)
(-0.16274 0.06691 -0.02275)
(-0.23591 0.12961 -0.08722)
(-0.31068 0.19974 -0.16098)
(-0.34166 0.23827 -0.19021)
(-0.42629 0.33972 -0.27073)
(-0.43991 0.35847 -0.28308)
(-0.46580 0.39540 -0.31600)
(-0.48520 0.43479 -0.34888)
(-0.51122 0.48906 -0.40246)
(-0.51007 0.49473 -0.41031)
(-0.50491 0.50514 -0.44359)
(-0.48759 0.51592 -0.48121)
(-0.47609 0.51386 -0.51205)
(-0.46611 0.50839 -0.53597)
(-0.45111 0.50367 -0.56282)
(-0.44196 0.49397 -0.59684)
(-0.44229 0.49291 -0.60233)
(-0.44245 0.49659 -0.61718)
(-0.44328 0.50029 -0.63298)
(-0.44845 0.50284 -0.63672)
(-0.44569 0.51570 -0.63981)
(-0.45402 0.53168 -0.64246)
(-0.45592 0.54751 -0.63519)
(-0.45934 0.56370 -0.63681)
(-0.46155 0.57968 -0.62818)
(-0.47582 0.59418 -0.63737)
(-0.49749 0.62435 -0.64216)
(-0.50698 0.64117 -0.62847)
(-0.51094 0.64614 -0.62126)
(-0.51584 0.64979 -0.62242)
(-0.52163 0.65719 -0.58698)
(-0.54009 0.65537 -0.54499)
(-0.49772 0.62334 -0.50614)
(-0.50065 0.61836 -0.47344)
(-0.45580 0.57552 -0.38235)
(-0.46298 0.56420 -0.35259)
(-0.43995 0.52494 -0.30024)
(-0.40927 0.48659 -0.26518)
(-0.29421 0.35216 -0.15336)
(-0.06438 0.07614 -0.02916)
(-0.00555 0.00070 0.00419)
(-0.01439 0.00192 0.01075)
(-0.08207 0.00897 0.06481)
(-0.07843 0.00266 0.06722)
(-0.07430 0.00132 0.06759)
(-0.07472 0.00047 0.06809)
(-0.07479 0.00111 0.07080)
(-0.07224 -0.00209 0.06728)
(-0.07741 0.00248 0.06290)
(-0.07770 0.00249 0.06123)
(-0.08641 0.00983 0.04943)
(-0.08718 0.01129 0.04682)
(-0.09535 0.01747 0.03735)
(-0.12878 0.04508 0.00537)
(-0.13993 0.05623 -0.00475)
(-0.19474 0.09741 -0.05159)
(-0.20880 0.10967 -0.06362)
(-0.27987 0.17149 -0.12901)
(-0.30398 0.21055 -0.15600)
(-0.38054 0.28753 -0.22720)
(-0.36503 0.27484 -0.22021)
(-0.45953 0.38051 -0.30794)
(-0.46083 0.40142 -0.32759)
(-0.49289 0.46251 -0.37769)
(-0.49519 0.47329 -0.39288)
(-0.49169 0.47768 -0.40820)
(-0.49729 0.51759 -0.46915)
(-0.49021 0.51142 -0.48865)
(-0.48953 0.51295 -0.52373)
(-0.46830 0.50708 -0.55569)
(-0.47254 0.50256 -0.56801)
(-0.47096 0.50056 -0.58588)
(-0.44971 0.49153 -0.61139)
(-0.45112 0.49683 -0.61446)
(-0.45664 0.50042 -0.62315)
(-0.44913 0.51219 -0.62888)
(-0.45570 0.52920 -0.63499)
(-0.44740 0.52882 -0.62629)
(-0.45927 0.55845 -0.63221)
(-0.44947 0.56532 -0.60675)
(-0.46495 0.58657 -0.60481)
(-0.48144 0.61691 -0.59316)
(-0.48473 0.62162 -0.53880)
(-0.45243 0.58944 -0.52265)
(-0.51142 0.65482 -0.53302)
(-0.43948 0.57714 -0.43216)
(-0.44694 0.56918 -0.40912)
(-0.42691 0.54843 -0.35928)
(-0.42118 0.52695 -0.30735)
(-0.37748 0.48298 -0.25156)
(-0.23834 0.31000 -0.13300)
(-0.11791 0.15352 -0.06278)
(-0.04404 0.05731 -0.02272)
(-0.00368 0.00019 0.00327)
(-0.06514 0.00671 0.05532)
(-0.07679 0.00319 0.06879)
(-0.07008 -0.00065 0.06889)
(-0.06966 -0.00098 0.06892)
(-0.06876 -0.00161 0.06889)
(-0.07218 -0.00050 0.07209)
(-0.06757 -0.00212 0.06991)
(-0.07797 0.00467 0.06588)
(-0.07747 0.00299 0.06343)
(-0.07548 0.00218 0.05855)
(-0.07788 0.00649 0.05722)
(-0.10190 0.02685 0.03620)
(-0.13048 0.04864 0.00542)
(-0.12850 0.04775 0.00432)
(-0.17015 0.08444 -0.03055)
(-0.17879 0.09541 -0.03969)
(-0.22172 0.12978 -0.08025)
(-0.31513 0.22656 -0.17118)
(-0.33258 0.24625 -0.19594)
(-0.39553 0.31895 -0.25625)
(-0.41208 0.34908 -0.28253)
(-0.47159 0.42859 -0.34640)
(-0.42308 0.37230 -0.30022)
(-0.48958 0.46022 -0.37432)
(-0.48518 0.46120 -0.39270)
(-0.49956 0.51535 -0.46630)
(-0.49482 0.50608 -0.47114)
(-0.50222 0.50301 -0.50363)
(-0.49236 0.50790 -0.53673)
(-0.50205 0.50120 -0.51167)
(-0.47872 0.50328 -0.56515)
(-0.48523 0.49965 -0.58084)
(-0.48859 0.50235 -0.60056)
(-0.47047 0.49536 -0.60653)
(-0.46774 0.49935 -0.61080)
(-0.45721 0.49779 -0.61700)
(-0.45521 0.49299 -0.60513)
(-0.45519 0.50805 -0.62543)
(-0.45197 0.50713 -0.61587)
(-0.44735 0.51803 -0.61280)
(-0.44739 0.53445 -0.61824)
(-0.44316 0.52431 -0.61168)
(-0.43325 0.52634 -0.59031)
(-0.42819 0.53414 -0.57678)
(-0.44214 0.56908 -0.55850)
(-0.42600 0.56102 -0.49489)
(-0.46973 0.60775 -0.49580)
(-0.41942 0.55567 -0.46171)
(-0.42341 0.56081 -0.42998)
(-0.31216 0.44284 -0.26778)
(-0.38095 0.51342 -0.32511)
(-0.30099 0.42895 -0.23853)
(-0.35445 0.46893 -0.24556)
(-0.32916 0.43579 -0.21589)
(-0.29045 0.41775 -0.22592)
(-0.25394 0.33794 -0.16081)
(-0.04715 0.06534 -0.02248)
(-0.00096 0.00001 0.00093)
(-0.04837 0.00158 0.04476)
(-0.05109 -0.00146 0.05229)
(-0.06760 -0.00197 0.06922)
(-0.06746 -0.00217 0.06946)
(-0.06630 -0.00247 0.06950)
(-0.06653 -0.00242 0.06990)
(-0.07285 0.00307 0.06620)
(-0.07413 0.00545 0.06771)
(-0.07198 0.00324 0.06280)
(-0.09529 0.02445 0.05005)
(-0.09176 0.02203 0.04731)
(-0.11354 0.03724 0.01972)
(-0.14708 0.06645 -0.00970)
(-0.15300 0.07520 -0.02125)
(-0.17200 0.09101 -0.03833)
(-0.17371 0.09376 -0.04090)
(-0.28414 0.20258 -0.13687)
(-0.31264 0.22770 -0.17875)
(-0.33817 0.25547 -0.20289)
(-0.35379 0.28021 -0.22332)
(-0.38064 0.33092 -0.26581)
(-0.44140 0.39731 -0.32509)
(-0.45010 0.42297 -0.35500)
(-0.48290 0.46797 -0.40636)
(-0.47672 0.46882 -0.42481)
(-0.50533 0.49992 -0.49654)
(-0.50553 0.49851 -0.50213)
(-0.50261 0.50040 -0.51912)
(-0.49631 0.49582 -0.55263)
(-0.49820 0.50163 -0.58061)
(-0.47927 0.49830 -0.60182)
(-0.47493 0.49051 -0.60058)
(-0.46374 0.49072 -0.59722)
(-0.44992 0.48736 -0.59112)
(-0.44606 0.48694 -0.58803)
(-0.44093 0.50657 -0.58883)
(-0.42800 0.51679 -0.58393)
(-0.42485 0.51771 -0.57632)
(-0.42015 0.54643 -0.52672)
(-0.42127 0.53464 -0.53706)
(-0.42578 0.55064 -0.51992)
(-0.33621 0.46934 -0.37185)
(-0.39462 0.52747 -0.41026)
(-0.32644 0.45908 -0.35217)
(-0.30989 0.44209 -0.28347)
(-0.27379 0.40220 -0.22615)
(-0.27476 0.40234 -0.21832)
(-0.27812 0.38404 -0.18271)
(-0.20844 0.28522 -0.13140)
(-0.24003 0.35864 -0.18516)
(-0.05853 0.08436 -0.03066)
(-0.01156 0.01675 -0.00595)
(0.00118 -0.00001 -0.00135)
(-0.02526 -0.00080 0.02638)
(-0.03344 -0.00062 0.03930)
(-0.06575 -0.00246 0.06920)
(-0.06493 -0.00275 0.06940)
(-0.06448 -0.00017 0.07733)
(-0.06773 0.00222 0.07116)
(-0.06618 0.00220 0.06843)
(-0.07986 0.01561 0.06129)
(-0.07741 0.01406 0.06100)
(-0.08090 0.01701 0.05687)
(-0.11229 0.03675 0.02118)
(-0.13789 0.06312 -0.00989)
(-0.15399 0.07672 -0.02343)
(-0.15289 0.07646 -0.02462)
(-0.22851 0.15433 -0.09701)
(-0.31273 0.23021 -0.18124)
(-0.28743 0.22021 -0.17176)
(-0.29967 0.24934 -0.19597)
(-0.39034 0.34223 -0.27928)
(-0.38686 0.35682 -0.28945)
(-0.44887 0.42916 -0.36639)
(-0.45407 0.43541 -0.37587)
(-0.47226 0.45300 -0.42465)
(-0.50572 0.49343 -0.48943)
(-0.50684 0.49812 -0.50896)
(-0.50059 0.48262 -0.51857)
(-0.50220 0.48471 -0.52929)
(-0.48689 0.48327 -0.55774)
(-0.50278 0.47543 -0.54040)
(-0.48667 0.47274 -0.55004)
(-0.47536 0.47329 -0.56825)
(-0.45326 0.47623 -0.58107)
(-0.45159 0.48205 -0.58623)
(-0.44657 0.48040 -0.58252)
(-0.44015 0.47781 -0.57767)
(-0.41388 0.47557 -0.54588)
(-0.42312 0.50714 -0.57792)
(-0.41899 0.50597 -0.56964)
(-0.38523 0.48404 -0.50773)
(-0.38119 0.49742 -0.47731)
(-0.36913 0.48105 -0.46458)
(-0.32262 0.45333 -0.36170)
(-0.31091 0.44151 -0.33986)
(-0.31551 0.44705 -0.31688)
(-0.29640 0.42650 -0.31705)
(-0.25995 0.38765 -0.21736)
(-0.25916 0.38646 -0.20950)
(-0.24456 0.37101 -0.20069)
(-0.20196 0.31034 -0.15835)
(-0.12243 0.18788 -0.08887)
(-0.01846 0.03032 -0.01106)
(0.01008 -0.01664 0.00575)
(0.00475 0.00022 -0.00609)
(-0.00156 0.00008 0.00216)
(-0.02213 0.00051 0.02931)
(-0.06248 0.00056 0.07292)
(-0.05595 -0.00298 0.07538)
(-0.06120 -0.00247 0.07382)
(-0.05900 0.00073 0.08030)
(-0.05986 -0.00232 0.07848)
(-0.05838 -0.00366 0.07047)
(-0.07493 0.01184 0.06422)
(-0.07232 0.01001 0.06420)
(-0.07389 0.01138 0.06135)
(-0.06749 0.00672 0.05954)
(-0.07364 0.00770 0.05127)
(-0.06773 0.00298 0.04925)
(-0.13567 0.06148 -0.01026)
(-0.13276 0.05928 -0.01051)
(-0.14858 0.07440 -0.02475)
(-0.14411 0.07737 -0.03784)
(-0.23277 0.15999 -0.12278)
(-0.12416 0.06765 -0.03513)
(-0.23975 0.18678 -0.13322)
(-0.26273 0.22383 -0.16528)
(-0.31678 0.27644 -0.21402)
(-0.30997 0.27997 -0.21213)
(-0.43330 0.41082 -0.34735)
(-0.44185 0.42085 -0.35930)
(-0.45221 0.42809 -0.38043)
(-0.45329 0.44211 -0.39868)
(-0.50761 0.49370 -0.49602)
(-0.46899 0.45125 -0.41713)
(-0.50620 0.47974 -0.49240)
(-0.50557 0.46728 -0.49855)
(-0.49278 0.45807 -0.50646)
(-0.48959 0.46873 -0.53980)
(-0.48574 0.46561 -0.54163)
(-0.46333 0.45058 -0.54365)
(-0.42431 0.43473 -0.53673)
(-0.44713 0.47340 -0.57662)
(-0.43929 0.47026 -0.57172)
(-0.38997 0.43516 -0.51898)
(-0.38823 0.45182 -0.52404)
(-0.35502 0.44048 -0.47988)
(-0.33701 0.43758 -0.43875)
(-0.31372 0.43181 -0.37342)
(-0.27694 0.38530 -0.35008)
(-0.30044 0.42898 -0.33344)
(-0.28588 0.41439 -0.30994)
(-0.18971 0.30217 -0.19874)
(-0.22047 0.34456 -0.20684)
(-0.17390 0.28957 -0.15624)
(-0.22351 0.34832 -0.17918)
(-0.06472 0.10696 -0.04383)
(-0.04224 0.07930 -0.02634)
(-0.00109 0.00199 -0.00068)
(0.00690 -0.00038 -0.00959)
(-0.03155 0.00052 0.04784)
(-0.04930 -0.00179 0.06948)
(0.00592 -0.00041 -0.00818)
(-0.00806 0.00045 0.01163)
(-0.05328 0.00095 0.07774)
(-0.05443 0.00045 0.07875)
(-0.05774 -0.00012 0.07976)
(-0.04943 0.00179 0.08084)
(-0.05748 0.00214 0.08219)
(-0.05237 -0.00614 0.08037)
(-0.05764 -0.00334 0.07412)
(-0.04661 -0.00681 0.08207)
(-0.05101 -0.00493 0.07580)
(-0.06852 0.00689 0.06441)
(-0.04704 -0.01083 0.06366)
(-0.05042 -0.01203 0.05549)
(-0.08363 0.01912 0.02867)
(-0.02555 -0.03172 0.05953)
(-0.06397 0.00461 0.02841)
(-0.06601 0.01091 0.02005)
(-0.08881 0.03240 -0.00325)
(-0.08385 0.02722 -0.00329)
(-0.15086 0.10183 -0.06244)
(-0.16961 0.13414 -0.08060)
(-0.25800 0.22636 -0.15784)
(-0.27559 0.25533 -0.17569)
(-0.40624 0.38223 -0.31044)
(-0.40094 0.38534 -0.30957)
(-0.41243 0.39922 -0.33180)
(-0.42437 0.40289 -0.33848)
(-0.43685 0.41711 -0.35196)
(-0.45908 0.43527 -0.41844)
(-0.48088 0.44745 -0.46310)
(-0.44965 0.41407 -0.43544)
(-0.44364 0.40546 -0.44985)
(-0.47705 0.44465 -0.51220)
(-0.47885 0.45092 -0.53791)
(-0.43362 0.41058 -0.50814)
(-0.41955 0.40278 -0.51478)
(-0.38297 0.37973 -0.48185)
(-0.41432 0.42733 -0.52469)
(-0.39086 0.42412 -0.51582)
(-0.36158 0.40589 -0.49497)
(-0.33509 0.39303 -0.45953)
(-0.33474 0.41610 -0.46105)
(-0.30708 0.40432 -0.41490)
(-0.30051 0.39075 -0.41889)
(-0.26958 0.37301 -0.35213)
(-0.28217 0.40407 -0.33707)
(-0.24333 0.34949 -0.31417)
(-0.20030 0.30743 -0.25731)
(-0.27913 0.40640 -0.30768)
(-0.21671 0.33044 -0.23064)
(-0.15720 0.25890 -0.15697)
(-0.10608 0.20653 -0.09353)
(-0.11943 0.22006 -0.09671)
(-0.04140 0.07881 -0.02818)
(0.00309 -0.00622 0.00182)
(-0.00419 0.00818 -0.00275)
(-0.00332 0.00025 0.00593)
(-0.02953 0.00058 0.04454)
(-0.02570 0.00381 0.05439)
(-0.03885 0.00447 0.07970)
(-0.03816 0.00323 0.08076)
(-0.04780 -0.00293 0.08325)
(-0.03797 -0.00913 0.08288)
(-0.03533 -0.01550 0.08199)
(-0.02299 -0.02635 0.08110)
(-0.02452 -0.02590 0.06629)
(-0.01803 -0.03159 0.06567)
(-0.02500 -0.03143 0.05738)
(0.00663 -0.04766 0.04927)
(-0.04691 -0.00466 0.01970)
(-0.03137 -0.01340 0.02237)
(-0.10110 0.05760 -0.02762)
(-0.09937 0.07630 -0.02060)
(-0.12392 0.10275 -0.03984)
(-0.13149 0.11541 -0.04511)
(-0.28473 0.26841 -0.18479)
(-0.18599 0.17623 -0.09355)
(-0.31386 0.30857 -0.20710)
(-0.35464 0.34991 -0.25972)
(-0.36544 0.35883 -0.27001)
(-0.37336 0.36991 -0.28669)
(-0.36961 0.35964 -0.29680)
(-0.43288 0.40876 -0.36704)
(-0.39503 0.37578 -0.35081)
(-0.40497 0.38217 -0.37484)
(-0.40692 0.37134 -0.38304)
(-0.38286 0.34328 -0.40684)
(-0.40752 0.36766 -0.43558)
(-0.40274 0.36963 -0.44665)
(-0.38614 0.35855 -0.44217)
(-0.37940 0.35998 -0.46131)
(-0.34378 0.34883 -0.44685)
(-0.36354 0.38427 -0.47210)
(-0.33306 0.37036 -0.45059)
(-0.32532 0.37871 -0.45375)
(-0.26558 0.34708 -0.38478)
(-0.21899 0.30233 -0.32828)
(-0.25585 0.34793 -0.36384)
(-0.23895 0.34302 -0.31264)
(-0.19641 0.30431 -0.25468)
(-0.14358 0.24047 -0.19505)
(-0.12688 0.22311 -0.12815)
(-0.13246 0.21678 -0.15004)
(-0.10182 0.19736 -0.09438)
(-0.09706 0.18958 -0.08954)
(-0.06397 0.12989 -0.05860)
(-0.02294 0.04747 -0.01781)
(0.00070 -0.00182 0.00044)
(0.00932 -0.01842 0.00601)
(-0.00292 0.00052 0.00641)
(-0.01324 0.00217 0.02856)
(-0.01636 0.00303 0.03844)
(-0.03605 0.00514 0.08062)
(-0.03547 0.00369 0.08177)
(-0.03352 -0.00336 0.08272)
(-0.03452 0.00460 0.08153)
(-0.02588 -0.00966 0.08288)
(-0.03039 -0.01589 0.08299)
(-0.02499 -0.02329 0.08205)
(-0.02007 -0.02093 0.07988)
(-0.02203 -0.02554 0.08151)
(-0.00719 -0.03919 0.07565)
(0.00398 -0.04497 0.06732)
(0.00765 -0.05372 0.06126)
(0.01326 -0.05088 0.04786)
(0.00884 -0.04618 0.04481)
(0.00893 -0.04442 0.04311)
(-0.04973 0.01188 0.00382)
(-0.08842 0.06714 -0.01175)
(-0.10649 0.08774 -0.02534)
(-0.11295 0.09841 -0.02782)
(-0.12640 0.11667 -0.03572)
(-0.24717 0.25538 -0.15344)
(-0.27643 0.28598 -0.17394)
(-0.28219 0.29789 -0.18791)
(-0.28533 0.30854 -0.19343)
(-0.30238 0.31367 -0.22480)
(-0.33484 0.32775 -0.27417)
(-0.33234 0.32236 -0.27602)
(-0.32939 0.31653 -0.27526)
(-0.35674 0.32768 -0.34920)
(-0.36769 0.33094 -0.39790)
(-0.36319 0.32704 -0.40485)
(-0.31478 0.30047 -0.38815)
(-0.31189 0.30484 -0.38801)
(-0.24326 0.26708 -0.34006)
(-0.29486 0.31960 -0.40540)
(-0.23586 0.26771 -0.33790)
(-0.24428 0.28547 -0.34797)
(-0.26119 0.32745 -0.37574)
(-0.21537 0.29691 -0.32786)
(-0.20390 0.28878 -0.31191)
(-0.20700 0.29437 -0.31135)
(-0.19270 0.28039 -0.29625)
(-0.18049 0.27421 -0.26262)
(-0.14598 0.23592 -0.20013)
(-0.10883 0.18516 -0.16021)
(-0.11988 0.19369 -0.15304)
(-0.10726 0.18369 -0.12990)
(-0.06997 0.13457 -0.08119)
(-0.04727 0.09671 -0.05459)
(-0.02848 0.06348 -0.02803)
(-0.00243 0.00673 -0.00196)
(0.00056 -0.00223 -0.00050)
(-0.00421 0.00088 0.01025)
(-0.00336 0.00083 0.00911)
(-0.02228 0.00425 0.05587)
(-0.03135 0.00532 0.08189)
(-0.02535 -0.00762 0.08291)
(-0.00537 -0.00825 0.07622)
(-0.00591 -0.01046 0.07604)
(0.00522 -0.02520 0.07127)
(0.01851 -0.03848 0.06686)
(0.02929 -0.04372 0.06094)
(0.01148 -0.05112 0.06109)
(0.01445 -0.04800 0.05077)
(0.01380 -0.04930 0.04569)
(0.01406 -0.04779 0.04431)
(0.00911 -0.04294 0.04219)
(-0.02340 0.00293 0.02279)
(-0.09215 0.07391 -0.01279)
(-0.09650 0.08148 -0.01259)
(-0.10408 0.10517 -0.01725)
(-0.17246 0.18894 -0.08387)
(-0.20620 0.23118 -0.10756)
(-0.20297 0.24277 -0.11690)
(-0.20785 0.24808 -0.12396)
(-0.20876 0.24985 -0.12658)
(-0.31159 0.31239 -0.24957)
(-0.25284 0.26808 -0.18509)
(-0.30791 0.30609 -0.25034)
(-0.30465 0.29962 -0.25044)
(-0.29036 0.27650 -0.26853)
(-0.24799 0.23673 -0.24913)
(-0.26518 0.24401 -0.29118)
(-0.35383 0.31989 -0.39081)
(-0.29096 0.26892 -0.34458)
(-0.21478 0.20455 -0.26608)
(-0.28752 0.27943 -0.36249)
(-0.23044 0.25230 -0.32399)
(-0.22398 0.25318 -0.32229)
(-0.21836 0.25449 -0.32098)
(-0.19784 0.24241 -0.30141)
(-0.21006 0.29075 -0.32521)
(-0.20007 0.28318 -0.31124)
(-0.17770 0.25717 -0.28927)
(-0.19004 0.27532 -0.29715)
(-0.13169 0.21681 -0.19768)
(-0.14582 0.22897 -0.23953)
(-0.11069 0.18664 -0.17285)
(-0.09174 0.15439 -0.13573)
(-0.09429 0.16689 -0.15338)
(-0.05041 0.09462 -0.07027)
(-0.04686 0.08803 -0.06022)
(-0.01095 0.02914 -0.01510)
(-0.01416 0.02623 -0.01832)
(-0.00162 0.00444 -0.00229)
(-0.01647 0.00362 0.04555)
(-0.00402 0.00109 0.01189)
(0.00035 0.00584 0.04076)
(-0.00879 -0.00055 0.07874)
(0.00809 -0.00324 0.07544)
(0.00610 -0.01292 0.07364)
(0.01771 -0.02594 0.06701)
(0.02820 -0.03806 0.06221)
(0.03282 -0.04112 0.05970)
(0.03084 -0.04944 0.05984)
(0.03770 -0.05253 0.05436)
(0.01952 -0.05160 0.04494)
(0.01304 -0.04310 0.04158)
(-0.03376 0.02608 0.02131)
(-0.03115 0.03178 0.02633)
(-0.05285 0.06328 0.01708)
(-0.13184 0.15446 -0.03950)
(-0.14787 0.17712 -0.05406)
(-0.16994 0.21453 -0.08053)
(-0.18568 0.22981 -0.10179)
(-0.18720 0.23232 -0.10667)
(-0.18784 0.22312 -0.11911)
(-0.28273 0.28937 -0.22420)
(-0.18510 0.21286 -0.13503)
(-0.20286 0.22408 -0.15334)
(-0.28064 0.28372 -0.22581)
(-0.22384 0.23198 -0.19120)
(-0.20387 0.20703 -0.18840)
(-0.18213 0.18243 -0.18402)
(-0.18099 0.17872 -0.20597)
(-0.17528 0.17483 -0.21573)
(-0.21474 0.21191 -0.28346)
(-0.16213 0.17581 -0.22776)
(-0.19752 0.21546 -0.27723)
(-0.21162 0.23846 -0.30648)
(-0.20154 0.23380 -0.29898)
(-0.19229 0.22970 -0.29187)
(-0.20175 0.24193 -0.30449)
(-0.16089 0.21709 -0.26662)
(-0.13781 0.21466 -0.24551)
(-0.18553 0.26929 -0.29556)
(-0.12445 0.20795 -0.22783)
(-0.12477 0.20306 -0.21698)
(-0.10850 0.18089 -0.18015)
(-0.07433 0.13951 -0.14552)
(-0.06453 0.11939 -0.10880)
(-0.03826 0.07158 -0.05343)
(-0.03174 0.06442 -0.05500)
(-0.02845 0.05302 -0.03969)
(-0.00707 0.01295 -0.00977)
(-0.00240 0.00437 -0.00309)
(0.00012 0.00011 0.00053)
(0.00296 0.00292 0.01432)
(0.00098 0.00038 0.00278)
(0.00383 0.00296 0.05326)
(0.02055 -0.01559 0.06874)
(0.02992 0.00344 0.03751)
(0.02109 -0.00568 0.06947)
(0.05232 -0.01239 0.06208)
(0.03451 -0.03760 0.05963)
(0.05457 -0.03451 0.05385)
(0.03615 -0.04274 0.05868)
(0.05293 -0.03945 0.05185)
(0.05566 -0.05099 0.04818)
(0.05405 -0.05337 0.04587)
(0.03486 -0.03629 0.04534)
(0.03588 -0.03313 0.04849)
(0.00331 -0.01656 0.05151)
(0.00133 -0.01742 0.05367)
(-0.00887 0.01952 0.05065)
(-0.07237 0.10353 0.00528)
(-0.03823 0.06401 0.02782)
(-0.09610 0.13581 -0.00397)
(-0.10440 0.14960 -0.01546)
(-0.12702 0.17516 -0.04898)
(-0.15033 0.19732 -0.08051)
(-0.12572 0.17700 -0.06544)
(-0.10460 0.15553 -0.05688)
(-0.09020 0.14146 -0.06379)
(-0.09694 0.13628 -0.09422)
(-0.12762 0.15957 -0.12108)
(-0.13691 0.15534 -0.13307)
(-0.09670 0.13154 -0.09891)
(-0.11764 0.13451 -0.11401)
(-0.13387 0.14608 -0.15478)
(-0.10870 0.12921 -0.16261)
(-0.13864 0.15109 -0.19196)
(-0.10202 0.13720 -0.18481)
(-0.09890 0.13708 -0.18492)
(-0.13810 0.17870 -0.23005)
(-0.09925 0.15753 -0.19606)
(-0.12128 0.18028 -0.22046)
(-0.10347 0.17738 -0.21134)
(-0.07355 0.15428 -0.17889)
(-0.09253 0.17384 -0.19463)
(-0.08559 0.15917 -0.17825)
(-0.06417 0.13555 -0.14637)
(-0.06634 0.12960 -0.13685)
(-0.05498 0.10813 -0.11631)
(-0.02319 0.05958 -0.06487)
(-0.02713 0.05929 -0.06374)
(-0.00603 0.01354 -0.01555)
(-0.00544 0.01073 -0.00915)
(-0.01280 -0.00356 -0.01211)
(0.00111 0.00030 0.00128)
(0.04750 -0.00186 0.04712)
(-0.00101 -0.00013 -0.00069)
(0.02179 0.00247 0.01564)
(0.07509 0.00023 0.04995)
(0.07726 -0.00500 0.05513)
(0.07921 -0.02438 0.04833)
(0.08609 -0.00383 0.05256)
(0.08306 -0.00763 0.05241)
(0.06391 -0.03915 0.04660)
(0.07038 -0.03828 0.04761)
(0.05947 -0.03984 0.05093)
(0.06074 -0.03087 0.05538)
(0.02980 -0.01108 0.05101)
(0.04004 -0.00321 0.05319)
(0.01938 0.01634 0.05627)
(0.01380 0.03385 0.05826)
(-0.03962 0.07504 0.03223)
(0.01065 0.04161 0.05690)
(-0.06565 0.11245 0.00253)
(-0.06900 0.12494 -0.00531)
(-0.05678 0.11506 0.00147)
(-0.06829 0.12666 -0.01911)
(-0.05564 0.11505 -0.02283)
(-0.05593 0.11845 -0.03080)
(-0.03555 0.09384 -0.03331)
(-0.00779 0.06517 -0.02744)
(0.02844 0.02705 -0.01476)
(-0.08938 0.11573 -0.10791)
(-0.08040 0.10619 -0.10593)
(0.00903 0.03952 -0.03924)
(-0.00364 0.04827 -0.05635)
(-0.04444 0.07872 -0.09865)
(-0.02944 0.07048 -0.09501)
(0.01772 0.03533 -0.06084)
(0.01677 0.03710 -0.06623)
(-0.02051 0.06464 -0.09548)
(-0.08550 0.12539 -0.17035)
(-0.03190 0.08013 -0.11128)
(-0.04323 0.09915 -0.14104)
(-0.07518 0.12872 -0.16922)
(-0.02856 0.09637 -0.13135)
(-0.05239 0.12048 -0.15019)
(-0.05724 0.13545 -0.15871)
(-0.07097 0.14981 -0.17447)
(-0.04706 0.11350 -0.13358)
(-0.05761 0.12394 -0.14875)
(-0.02229 0.07587 -0.08565)
(-0.00456 0.04593 -0.05475)
(-0.00217 0.02539 -0.03131)
(-0.00462 0.01875 -0.02251)
(-0.00195 0.00610 -0.00791)
(0.00060 -0.00135 0.00159)
(0.00042 -0.00336 0.00579)
(0.00163 -0.00369 0.00439)
(-0.01229 -0.00173 -0.00831)
(0.00510 0.00040 0.00305)
(0.04321 0.00186 0.02728)
(-0.01571 -0.00202 -0.00853)
(0.03090 0.00173 0.01715)
(0.07341 0.00029 0.04305)
(0.09879 -0.01498 0.04921)
(0.07129 0.00065 0.03846)
(0.08793 -0.00183 0.04831)
(0.10643 -0.00662 0.05065)
(0.09294 -0.01327 0.05246)
(0.09916 -0.00626 0.05807)
(0.07251 -0.01811 0.05765)
(0.09797 0.00164 0.06100)
(0.05242 0.01375 0.05878)
(0.02460 0.03028 0.06003)
(0.02285 0.03475 0.05899)
(0.02010 0.03854 0.05770)
(0.00830 0.04630 0.05541)
(-0.03096 0.07835 0.02900)
(-0.02651 0.08136 0.02292)
(-0.03387 0.09267 0.01171)
(-0.01942 0.08344 0.00264)
(-0.00557 0.07257 -0.00496)
(0.00233 0.06230 -0.00568)
(0.03714 0.02877 -0.00569)
(0.05073 0.01447 -0.00332)
(0.05272 0.01102 -0.00547)
(0.03560 0.02191 -0.02755)
(0.02957 0.02589 -0.05139)
(0.02911 0.02719 -0.05499)
(0.03768 0.02127 -0.04942)
(0.03002 0.02814 -0.05688)
(0.01975 0.03757 -0.06475)
(0.02321 0.04187 -0.07220)
(0.03347 0.03790 -0.05631)
(0.01201 0.06013 -0.07411)
(-0.02471 0.09061 -0.11988)
(-0.00818 0.07859 -0.09003)
(-0.00886 0.08260 -0.09795)
(-0.01291 0.08708 -0.10112)
(-0.02400 0.09899 -0.11277)
(0.00231 0.05259 -0.05702)
(-0.00062 0.02293 -0.02672)
(-0.00023 0.01049 -0.01274)
(0.00001 -0.00032 0.00041)
(-0.00008 -0.00378 0.00465)
(0.00006 -0.00472 0.00603)
(-0.00028 -0.00003 -0.00015)
(-0.00428 -0.00078 -0.00193)
(0.02126 0.00156 0.01086)
(0.10259 0.00433 0.03776)
(0.05382 0.00971 0.01680)
(0.12105 0.01139 0.05004)
(0.10750 0.00377 0.05536)
(0.11338 0.00257 0.05733)
(0.13297 0.01897 0.05597)
(0.11457 0.00805 0.05988)
(0.10992 0.00695 0.06071)
(0.10771 0.00915 0.06298)
(0.07796 0.02716 0.06361)
(0.03526 0.03216 0.06106)
(0.03192 0.03431 0.05993)
(0.02812 0.03548 0.05873)
(0.01809 0.04059 0.05640)
(0.01591 0.05079 0.04496)
(0.02218 0.05489 0.03571)
(0.02088 0.06145 0.01654)
(0.03714 0.05132 0.00913)
(0.03621 0.02896 0.01076)
(0.03788 0.02794 0.00813)
(0.05938 0.00834 0.00156)
(0.06252 0.00465 -0.00001)
(0.07207 -0.00295 0.00341)
(0.07019 -0.00296 0.00093)
(0.06557 0.00125 -0.00632)
(0.04043 0.01796 -0.04550)
(0.08604 -0.01524 -0.00413)
(0.04917 0.01157 -0.03926)
(0.04481 0.01649 -0.04385)
(0.06013 0.01186 -0.03321)
(0.05441 0.01981 -0.03353)
(0.04020 0.03446 -0.04851)
(0.04442 0.03232 -0.04339)
(0.03900 0.03969 -0.03162)
(0.03127 0.04636 -0.04009)
(0.03143 0.04202 -0.03395)
(0.01977 0.02436 -0.01833)
(0.00900 0.01395 -0.01079)
(0.00170 0.00785 -0.00900)
(0.00002 0.00056 -0.00065)
(-0.00088 -0.00326 0.00352)
(-0.00022 -0.00407 0.00476)
(0.01272 0.00248 0.00393)
(0.02880 0.00632 0.01002)
(0.07637 0.01548 0.02696)
(0.03548 0.01128 0.01221)
(0.09106 0.01610 0.03723)
(0.11129 0.01295 0.05410)
(0.05009 0.00921 0.02242)
(0.07434 0.01091 0.03681)
(0.11920 0.01448 0.06179)
(0.11726 0.01482 0.06381)
(0.09037 0.02791 0.06674)
(0.10752 0.02607 0.06772)
(0.08134 0.02942 0.06600)
(0.03935 0.03354 0.06103)
(0.09364 0.04280 0.06213)
(0.08796 0.03686 0.05789)
(0.04906 0.03810 0.05206)
(0.04454 0.04121 0.04399)
(0.06077 0.03857 0.04639)
(0.05630 0.03128 0.03760)
(0.07076 0.02203 0.02832)
(0.07561 0.02030 0.02960)
(0.07745 0.01819 0.02727)
(0.07085 0.02077 0.02653)
(0.07178 0.01663 0.02141)
(0.06466 0.00339 0.01017)
(0.09250 0.00000 0.02323)
(0.07288 -0.00195 0.00592)
(0.07866 -0.00762 0.00668)
(0.09712 -0.02690 0.01035)
(0.11224 -0.02272 0.01198)
(0.09528 -0.00803 -0.00388)
(0.11012 -0.02415 0.02349)
(0.11277 -0.02197 0.01387)
(0.10703 -0.01046 0.00243)
(0.10047 -0.00516 0.00044)
(0.08277 -0.00233 0.00372)
(0.06399 0.00414 0.00278)
(0.04752 0.02064 -0.01540)
(0.03089 0.02839 -0.02005)
(0.01666 0.00624 -0.00110)
(0.00962 0.00827 -0.00500)
(0.00600 0.00684 -0.00468)
(-0.00103 -0.00146 0.00105)
(0.00707 0.00230 0.00242)
(0.02054 0.00788 0.00750)
(0.01971 0.00595 0.00787)
(0.01119 0.00473 0.00450)
(0.02398 0.00904 0.01046)
(0.08396 0.02936 0.04556)
(0.10076 0.03974 0.05498)
(0.03815 0.01283 0.01774)
(0.06100 0.02430 0.03026)
(0.07057 0.03242 0.04021)
(0.10010 0.05371 0.05565)
(0.06644 0.03545 0.03544)
(0.08766 0.04075 0.05230)
(0.07108 0.03186 0.05106)
(0.08921 0.05353 0.04388)
(0.09219 0.02807 0.04575)
(0.07959 0.03494 0.03605)
(0.07861 0.01775 0.03010)
(0.09124 0.03350 0.03285)
(0.09602 0.02204 0.03294)
(0.09872 0.01435 0.02880)
(0.09805 0.01338 0.02876)
(0.12131 0.01234 0.02630)
(0.10409 -0.00016 0.02024)
(0.11346 -0.01361 0.02768)
(0.08454 0.00452 0.01653)
(0.09737 -0.02714 0.02387)
(0.08628 -0.03451 0.02591)
(0.08551 -0.02143 0.01756)
(0.02968 -0.01068 0.00875)
(0.03488 -0.00815 0.01005)
(0.02029 -0.00190 0.00506)
(0.03194 -0.00168 0.00625)
(-0.00139 0.00001 -0.00039)
(0.00718 0.00064 0.00123)
(0.00302 0.00049 0.00052)
(-0.03052 -0.01347 -0.01225)
(-0.02420 -0.00832 -0.01104)
(0.02372 0.00995 0.01023)
(-0.02169 -0.00928 -0.00917)
(-0.00807 -0.00359 -0.00315)
(0.03743 0.01998 0.01936)
(0.05006 0.03064 0.01847)
(-0.00099 -0.00060 -0.00033)
(-0.00076 -0.00045 -0.00024)
(0.04433 0.02498 0.01682)
(0.06906 0.03636 0.02731)
(0.01989 0.00988 0.00619)
(0.04457 0.02699 0.01504)
(0.07419 0.04168 0.02498)
(0.02645 0.01555 0.00863)
(0.04766 0.01504 0.01360)
(0.05783 0.01069 0.01324)
(0.07935 0.00910 0.01753)
(0.00731 0.00164 0.00192)
(0.01327 0.00215 0.00331)
(-0.00198 -0.00033 -0.00047)
(0.05514 0.00374 0.01094)
(0.03239 0.00050 0.00737)
(-0.01690 -0.00102 -0.00374)
(-0.00829 0.00110 -0.00201)
(-0.01454 0.00043 -0.00399)
(-0.01399 0.00082 -0.00415)
(0.00575 0.00359 0.00188)
(0.00961 0.00575 0.00310)
(0.01011 0.00510 0.00242)
(-0.00409 -0.00113 -0.00116)
)