/*--------------------------------*- C++ -*----------------------------------*\ 
| =========                 |                                                 | 
| \\      /  F ield         | OpenFOAM: The Open Source CFD Toolbox           | 
|  \\    /   O peration     | Version:  4.0                                   | 
|   \\  /    A nd           | Web:      www.OpenFOAM.org                      | 
|    \\/     M anipulation  |                                                 | 
\*---------------------------------------------------------------------------*/ 
FoamFile 
{ 
    version     2.0; 
    format      ascii; 
    class       vectorAverageField; 
    object      values; 
} 
// * * * * * * * * * * * * * * * * * * * * * * * * * * * * * * * * * * * * * // 
 
// Average 
(0 0 0) 
 
// Velocity data on points 
2447
(
(-0.00384 0.00206 0.00270)
(0.00259 -0.00133 -0.00163)
(0.01165 -0.00480 -0.00682)
(0.00483 -0.00203 -0.00226)
(-0.00818 0.00301 0.00383)
(0.03360 -0.01261 -0.01885)
(0.01420 -0.00523 -0.00687)
(0.04254 -0.01260 -0.02140)
(0.00463 -0.00137 -0.00224)
(-0.00675 0.00190 0.00332)
(0.02871 -0.00810 -0.01457)
(0.00592 -0.00160 -0.00301)
(-0.00557 0.00136 0.00325)
(0.02872 -0.00682 -0.01691)
(0.00169 -0.00033 -0.00107)
(-0.00511 0.00099 0.00334)
(0.01725 -0.00334 -0.01137)
(0.00087 -0.00016 -0.00059)
(-0.00542 0.00082 0.00408)
(0.00109 -0.00016 -0.00083)
(-0.00244 0.00227 0.00399)
(0.00113 -0.00061 -0.00131)
(-0.00074 0.00053 0.00086)
(-0.00052 0.00029 0.00045)
(0.02918 -0.01427 -0.02594)
(0.02738 -0.01357 -0.01966)
(0.03680 -0.01734 -0.02428)
(0.05009 -0.02018 -0.03085)
(0.07981 -0.03435 -0.05362)
(0.08839 -0.03540 -0.05595)
(0.08240 -0.03081 -0.04821)
(0.06760 -0.02349 -0.03622)
(0.09754 -0.03351 -0.05969)
(0.09088 -0.02700 -0.04787)
(0.07533 -0.02135 -0.03984)
(0.06073 -0.01645 -0.03241)
(0.09903 -0.02818 -0.05413)
(0.09524 -0.02590 -0.05238)
(0.09046 -0.02175 -0.05611)
(0.05704 -0.01363 -0.03437)
(0.04756 -0.00996 -0.03144)
(0.08495 -0.01663 -0.06380)
(0.07882 -0.01496 -0.05909)
(0.05344 -0.00845 -0.03640)
(0.03138 -0.00465 -0.02319)
(0.06565 -0.00917 -0.04839)
(0.02682 -0.00377 -0.02022)
(0.00854 -0.00107 -0.00679)
(0.03564 -0.00235 -0.03218)
(0.00538 -0.00057 -0.00453)
(-0.00076 0.00005 0.00068)
(-0.00179 0.00085 0.00290)
(0.00106 -0.00044 -0.00149)
(0.00419 -0.00196 -0.00540)
(0.01500 -0.00639 -0.01753)
(0.04124 -0.01666 -0.04744)
(0.03463 -0.01664 -0.03659)
(0.06730 -0.03260 -0.05820)
(0.07398 -0.02943 -0.06771)
(0.07444 -0.03325 -0.06412)
(0.08620 -0.03481 -0.06372)
(0.08827 -0.03333 -0.06807)
(0.09339 -0.03531 -0.06835)
(0.09343 -0.03300 -0.06614)
(0.09903 -0.03062 -0.06250)
(0.09370 -0.03286 -0.06892)
(0.09459 -0.03133 -0.06934)
(0.09877 -0.02944 -0.06387)
(0.09325 -0.02545 -0.06197)
(0.08917 -0.02278 -0.06908)
(0.08731 -0.01908 -0.06663)
(0.08697 -0.01720 -0.06856)
(0.09075 -0.02024 -0.07122)
(0.08162 -0.01449 -0.06441)
(0.07204 -0.00891 -0.06271)
(0.07147 -0.00600 -0.06106)
(0.06626 -0.00495 -0.06095)
(0.06186 -0.00233 -0.05602)
(0.04396 -0.00347 -0.03925)
(0.02753 -0.00199 -0.02553)
(0.05809 -0.00116 -0.05639)
(0.03795 -0.00067 -0.03776)
(0.01712 -0.00042 -0.01694)
(0.00113 -0.00007 -0.00102)
(0.00906 0.00089 -0.00922)
(-0.00333 -0.00040 0.00352)
(-0.00632 -0.00057 0.00665)
(-0.00002 0.00004 0.00010)
(0.00200 -0.00121 -0.00423)
(0.00893 -0.00420 -0.01447)
(0.02242 -0.00737 -0.02968)
(0.03277 -0.01243 -0.04586)
(0.03540 -0.01167 -0.04635)
(0.04821 -0.01509 -0.06264)
(0.05591 -0.01690 -0.06823)
(0.05296 -0.02045 -0.06048)
(0.06946 -0.02590 -0.06846)
(0.07923 -0.01632 -0.08630)
(0.07803 -0.02220 -0.07973)
(0.08113 -0.02718 -0.07525)
(0.08339 -0.02895 -0.07598)
(0.08463 -0.02693 -0.08240)
(0.08675 -0.02930 -0.08347)
(0.08747 -0.02917 -0.08395)
(0.09202 -0.03131 -0.08095)
(0.09428 -0.03262 -0.07652)
(0.08777 -0.02692 -0.07821)
(0.08621 -0.02521 -0.07548)
(0.08307 -0.01906 -0.07239)
(0.08290 -0.01777 -0.07123)
(0.08478 -0.01671 -0.06921)
(0.07291 -0.00998 -0.06784)
(0.06428 -0.00416 -0.06627)
(0.05465 0.00035 -0.06717)
(0.05824 0.00197 -0.05949)
(0.05437 0.00036 -0.06402)
(0.05731 -0.00070 -0.05674)
(0.05133 0.00018 -0.05483)
(0.04794 0.00744 -0.05475)
(0.04622 0.00730 -0.05256)
(0.03150 0.00382 -0.03284)
(0.00907 0.00010 -0.00797)
(0.05150 0.00054 -0.04514)
(0.03200 0.00105 -0.02970)
(0.00441 -0.00010 -0.00388)
(0.00171 -0.00011 -0.00131)
(-0.00096 0.00146 0.00167)
(0.00264 -0.00228 -0.00490)
(0.00506 -0.00491 -0.01201)
(0.01720 -0.00832 -0.03088)
(0.02053 -0.01175 -0.03433)
(0.04379 -0.01151 -0.05649)
(0.05344 -0.01472 -0.06487)
(0.05607 -0.01386 -0.06932)
(0.06154 -0.01431 -0.07311)
(0.07920 -0.01335 -0.08807)
(0.08005 -0.01513 -0.08784)
(0.08134 -0.01673 -0.08812)
(0.08095 -0.01398 -0.08954)
(0.08187 -0.01499 -0.09001)
(0.08626 -0.02397 -0.08395)
(0.08570 -0.02664 -0.08666)
(0.08619 -0.02729 -0.08621)
(0.08695 -0.02820 -0.08584)
(0.08963 -0.02990 -0.08355)
(0.08362 -0.02455 -0.08507)
(0.08282 -0.02555 -0.07997)
(0.07789 -0.01943 -0.07571)
(0.07128 -0.01327 -0.07828)
(0.06987 -0.01143 -0.07573)
(0.06313 -0.00837 -0.07541)
(0.05423 -0.00017 -0.06923)
(0.05259 0.00127 -0.06856)
(0.05160 0.00211 -0.06777)
(0.05114 0.00241 -0.06684)
(0.05512 0.00292 -0.06355)
(0.04786 0.00755 -0.05531)
(0.04777 0.00778 -0.05502)
(0.04762 0.00820 -0.05592)
(0.05313 0.00327 -0.05190)
(0.05201 0.00118 -0.04167)
(0.06153 0.00056 -0.04633)
(0.04942 -0.00009 -0.03607)
(0.02661 -0.00299 -0.01565)
(0.00283 -0.00031 -0.00165)
(0.05831 -0.00841 -0.02893)
(0.01385 -0.00203 -0.00660)
(0.00077 -0.00011 -0.00037)
(0.00176 -0.00220 -0.00237)
(0.00722 -0.00613 -0.00882)
(0.02694 -0.01305 -0.03302)
(0.03212 -0.01918 -0.03737)
(0.05396 -0.01681 -0.05894)
(0.06763 -0.01561 -0.06989)
(0.06941 -0.01427 -0.07261)
(0.06991 -0.01500 -0.07217)
(0.07148 -0.01365 -0.07459)
(0.07000 -0.01375 -0.07800)
(0.07870 -0.01204 -0.08830)
(0.08012 -0.01112 -0.09004)
(0.08089 -0.01188 -0.09060)
(0.08156 -0.01264 -0.09120)
(0.08214 -0.01323 -0.09182)
(0.08687 -0.01802 -0.09485)
(0.08495 -0.02492 -0.08836)
(0.08316 -0.01486 -0.09487)
(0.08105 -0.01958 -0.09187)
(0.08453 -0.02535 -0.08854)
(0.08561 -0.02724 -0.08740)
(0.08312 -0.02172 -0.08638)
(0.07860 -0.01862 -0.08685)
(0.07260 -0.01830 -0.09102)
(0.07831 -0.02128 -0.08521)
(0.07343 -0.01871 -0.07996)
(0.06720 -0.01131 -0.08280)
(0.06500 -0.00965 -0.08149)
(0.06325 -0.00817 -0.08055)
(0.05667 -0.00425 -0.07406)
(0.05042 0.00210 -0.07021)
(0.04978 0.00309 -0.06974)
(0.04926 0.00382 -0.06920)
(0.04784 0.00690 -0.06811)
(0.05147 0.00565 -0.06376)
(0.05740 0.00335 -0.05640)
(0.05355 0.00685 -0.05197)
(0.06581 0.00084 -0.04413)
(0.07144 -0.00257 -0.04715)
(0.07633 -0.00516 -0.04861)
(0.08696 -0.01227 -0.04072)
(0.05396 -0.00793 -0.02509)
(0.06845 -0.01041 -0.02947)
(0.02221 -0.00346 -0.00974)
(0.01085 -0.00179 -0.00445)
(-0.00092 0.00167 0.00091)
(0.00011 -0.00029 -0.00015)
(0.01647 -0.01888 -0.01727)
(0.03807 -0.02645 -0.03823)
(0.04779 -0.02375 -0.05006)
(0.05534 -0.01627 -0.06008)
(0.07094 -0.01600 -0.07205)
(0.07187 -0.01442 -0.07410)
(0.07374 -0.01372 -0.07599)
(0.07379 -0.01144 -0.08141)
(0.07889 -0.00832 -0.08944)
(0.08117 -0.00999 -0.09166)
(0.08191 -0.00514 -0.09553)
(0.08185 -0.00989 -0.09301)
(0.08185 -0.01107 -0.09290)
(0.08314 -0.01258 -0.09604)
(0.08441 -0.00874 -0.09725)
(0.08187 -0.01119 -0.09623)
(0.08219 -0.01278 -0.09692)
(0.07935 -0.01577 -0.09360)
(0.07772 -0.01672 -0.09167)
(0.07358 -0.01762 -0.09003)
(0.06831 -0.01587 -0.09123)
(0.06619 -0.01447 -0.08649)
(0.06369 -0.00940 -0.08263)
(0.06164 -0.00767 -0.08172)
(0.05403 -0.00133 -0.08029)
(0.04889 0.00278 -0.07420)
(0.04668 0.00444 -0.07338)
(0.04803 0.00465 -0.07161)
(0.04767 0.00758 -0.06860)
(0.05245 0.00790 -0.06541)
(0.05040 0.00893 -0.06577)
(0.06192 0.00368 -0.05289)
(0.07314 -0.00284 -0.04697)
(0.07553 -0.00451 -0.04509)
(0.08094 -0.00549 -0.04734)
(0.08848 -0.00723 -0.04326)
(0.09019 -0.01220 -0.03908)
(0.09090 -0.01329 -0.03847)
(0.03546 -0.00574 -0.01434)
(0.09363 -0.01392 -0.03651)
(0.07180 -0.01132 -0.02859)
(0.02768 -0.00543 -0.01001)
(0.00235 -0.00041 -0.00072)
(-0.00153 0.00540 0.00158)
(0.00005 -0.00018 -0.00005)
(0.00693 -0.01062 -0.00716)
(0.01651 -0.02069 -0.01727)
(0.04098 -0.02922 -0.04290)
(0.03632 -0.03178 -0.03724)
(0.04933 -0.02605 -0.04945)
(0.05167 -0.02150 -0.05408)
(0.06353 -0.02125 -0.06429)
(0.07042 -0.01634 -0.07220)
(0.07004 -0.01051 -0.07429)
(0.07960 -0.00846 -0.08617)
(0.08021 -0.00603 -0.09089)
(0.08463 -0.00521 -0.09616)
(0.08469 -0.00547 -0.09782)
(0.08318 -0.00825 -0.09550)
(0.08258 -0.00595 -0.09806)
(0.07848 -0.00224 -0.10330)
(0.07818 -0.00678 -0.09839)
(0.07785 -0.01625 -0.09328)
(0.07707 -0.01889 -0.09093)
(0.07064 -0.01395 -0.08709)
(0.06501 -0.01218 -0.08554)
(0.06293 -0.01213 -0.08302)
(0.06348 -0.00932 -0.08341)
(0.06155 -0.00741 -0.08262)
(0.05285 -0.00208 -0.08227)
(0.05067 0.00101 -0.08006)
(0.04330 0.00771 -0.07987)
(0.04345 0.00880 -0.07397)
(0.04351 0.00966 -0.07244)
(0.04703 0.01291 -0.07194)
(0.06260 0.00534 -0.05623)
(0.07602 -0.00341 -0.04516)
(0.08283 0.00118 -0.04808)
(0.08908 -0.00266 -0.04527)
(0.09719 -0.00820 -0.03681)
(0.09192 -0.00315 -0.04241)
(0.10037 -0.00928 -0.03415)
(0.09962 -0.01389 -0.03399)
(0.10268 -0.01380 -0.03363)
(0.10778 -0.01272 -0.03157)
(0.07581 -0.01269 -0.02178)
(0.02071 -0.00353 -0.00610)
(0.01228 -0.00217 -0.00288)
(-0.00010 0.00027 0.00010)
(0.00318 -0.00946 -0.00268)
(0.02536 -0.03029 -0.02385)
(0.03028 -0.03559 -0.03030)
(0.04338 -0.03629 -0.04263)
(0.05477 -0.03149 -0.05506)
(0.05323 -0.02954 -0.05251)
(0.05971 -0.02642 -0.05993)
(0.05805 -0.02963 -0.05661)
(0.06810 -0.02317 -0.06902)
(0.06976 -0.02190 -0.07110)
(0.07729 -0.01240 -0.08069)
(0.07854 -0.01085 -0.08465)
(0.07899 -0.00895 -0.08636)
(0.08463 -0.00832 -0.09061)
(0.08268 -0.00404 -0.09291)
(0.08204 -0.00710 -0.09227)
(0.08461 -0.00321 -0.09705)
(0.08460 -0.00433 -0.09695)
(0.08280 -0.00642 -0.09562)
(0.08279 -0.00844 -0.09535)
(0.07993 -0.00908 -0.09712)
(0.08031 -0.00897 -0.09588)
(0.07782 -0.01309 -0.09077)
(0.07357 -0.01557 -0.08443)
(0.07272 -0.01639 -0.08309)
(0.07015 -0.01441 -0.08085)
(0.06208 -0.01080 -0.08224)
(0.05436 -0.00785 -0.08396)
(0.05212 -0.00291 -0.08074)
(0.04752 0.00073 -0.07979)
(0.04605 0.00627 -0.08166)
(0.04340 0.00823 -0.08105)
(0.04498 0.01107 -0.07536)
(0.04419 0.01146 -0.07280)
(0.05083 0.01140 -0.07066)
(0.05954 0.01046 -0.06410)
(0.06732 0.01291 -0.06217)
(0.07293 0.01027 -0.05690)
(0.07718 0.01146 -0.05534)
(0.08593 0.00071 -0.04514)
(0.09420 -0.00047 -0.03954)
(0.10167 -0.00442 -0.03582)
(0.10715 -0.00530 -0.03431)
(0.11596 -0.01049 -0.03272)
(0.11604 -0.01239 -0.03318)
(0.10940 -0.01688 -0.02956)
(0.04128 -0.00795 -0.01271)
(-0.00490 0.00099 0.00159)
(0.08935 -0.01147 -0.02696)
(0.00142 -0.00341 -0.00136)
(0.00897 -0.01797 -0.00867)
(0.01364 -0.02332 -0.01320)
(0.01846 -0.02955 -0.01923)
(0.04007 -0.03684 -0.04061)
(0.05252 -0.03256 -0.05309)
(0.05589 -0.03088 -0.05693)
(0.05705 -0.03043 -0.05754)
(0.06059 -0.02917 -0.06085)
(0.07176 -0.02300 -0.07397)
(0.07887 -0.01201 -0.08428)
(0.07974 -0.01054 -0.08612)
(0.07889 -0.00934 -0.08701)
(0.08573 -0.01014 -0.09516)
(0.08596 -0.01185 -0.09558)
(0.08416 -0.01114 -0.09499)
(0.08261 -0.01115 -0.09524)
(0.08216 -0.00993 -0.09102)
(0.08478 -0.01598 -0.09010)
(0.08012 -0.01198 -0.09052)
(0.07563 -0.01360 -0.08735)
(0.07459 -0.01595 -0.08296)
(0.07383 -0.01640 -0.08163)
(0.07308 -0.01628 -0.08074)
(0.06857 -0.01199 -0.07932)
(0.05716 -0.00963 -0.08078)
(0.06098 -0.00934 -0.07447)
(0.05319 -0.00861 -0.07947)
(0.04795 -0.00360 -0.07738)
(0.04765 0.00525 -0.07814)
(0.04440 0.00786 -0.07928)
(0.04775 0.01369 -0.07491)
(0.04881 0.01426 -0.07364)
(0.05007 0.01476 -0.07210)
(0.05858 0.01151 -0.06629)
(0.06745 0.01198 -0.05989)
(0.07415 0.01251 -0.05761)
(0.07695 0.01221 -0.05558)
(0.08021 0.01081 -0.05262)
(0.09474 0.00430 -0.04293)
(0.10589 -0.00010 -0.03495)
(0.11303 -0.00378 -0.03644)
(0.12250 -0.00792 -0.03192)
(0.12450 -0.01113 -0.03375)
(0.12471 -0.00945 -0.03299)
(0.12468 -0.01544 -0.03666)
(0.08381 -0.01465 -0.02809)
(0.00655 -0.00132 -0.00236)
(-0.00241 0.00048 0.00090)
(-0.00067 0.00120 0.00069)
(0.00105 -0.00185 -0.00110)
(0.00801 -0.01343 -0.00833)
(0.02424 -0.03682 -0.02527)
(0.03173 -0.03842 -0.03404)
(0.02936 -0.04233 -0.03111)
(0.03849 -0.03585 -0.04210)
(0.05405 -0.03157 -0.05556)
(0.05942 -0.02948 -0.06041)
(0.05838 -0.02988 -0.06016)
(0.06251 -0.02856 -0.06372)
(0.07796 -0.02148 -0.08001)
(0.07273 -0.02666 -0.07719)
(0.08008 -0.01186 -0.08599)
(0.08021 -0.01353 -0.08912)
(0.08601 -0.01669 -0.09454)
(0.08843 -0.01678 -0.09403)
(0.08957 -0.01910 -0.09602)
(0.08592 -0.01820 -0.08972)
(0.08414 -0.01663 -0.08876)
(0.08533 -0.01891 -0.08814)
(0.08373 -0.01706 -0.08715)
(0.07595 -0.01716 -0.08120)
(0.07533 -0.01722 -0.07994)
(0.07452 -0.01693 -0.07910)
(0.07168 -0.01452 -0.07679)
(0.06338 -0.01095 -0.07114)
(0.05633 -0.00716 -0.07661)
(0.05214 0.00364 -0.07167)
(0.05024 0.00481 -0.07232)
(0.04890 0.00588 -0.07270)
(0.04590 0.01328 -0.07651)
(0.04919 0.01495 -0.07260)
(0.05188 0.01513 -0.07055)
(0.06335 0.01449 -0.06086)
(0.07416 0.01333 -0.05771)
(0.07653 0.01338 -0.05628)
(0.08670 0.00865 -0.04884)
(0.10291 0.00293 -0.03775)
(0.10600 0.00274 -0.03555)
(0.10884 0.00022 -0.03452)
(0.12187 -0.00607 -0.03314)
(0.12322 -0.00734 -0.03326)
(0.12480 -0.00848 -0.03391)
(0.12628 -0.00951 -0.03464)
(0.10728 -0.01654 -0.03855)
(0.03526 -0.00689 -0.01304)
(0.01396 -0.00275 -0.00530)
(-0.01422 0.00286 0.00542)
(0.00192 -0.00380 -0.00216)
(0.00873 -0.01451 -0.00924)
(0.01674 -0.02640 -0.01779)
(0.01455 -0.02321 -0.01562)
(0.02934 -0.04193 -0.03167)
(0.03145 -0.04155 -0.03381)
(0.05238 -0.03140 -0.05661)
(0.04381 -0.03049 -0.05210)
(0.05753 -0.03031 -0.06035)
(0.06098 -0.02919 -0.06360)
(0.07023 -0.02763 -0.07585)
(0.08029 -0.02376 -0.08754)
(0.08070 -0.02149 -0.08774)
(0.08078 -0.02051 -0.09167)
(0.08236 -0.02362 -0.08972)
(0.08123 -0.01910 -0.09131)
(0.08992 -0.02407 -0.09591)
(0.09008 -0.02543 -0.09578)
(0.08945 -0.02221 -0.09248)
(0.08658 -0.02135 -0.08808)
(0.08498 -0.01936 -0.08621)
(0.08619 -0.02160 -0.08592)
(0.08326 -0.02095 -0.08014)
(0.08047 -0.02101 -0.07745)
(0.07679 -0.01822 -0.07402)
(0.07272 -0.01679 -0.06972)
(0.06733 -0.01011 -0.06442)
(0.06026 -0.00731 -0.07118)
(0.05393 -0.00122 -0.07290)
(0.05113 0.00445 -0.07076)
(0.04932 0.00600 -0.07143)
(0.04702 0.01255 -0.07360)
(0.04813 0.01532 -0.07317)
(0.04959 0.01636 -0.07182)
(0.05200 0.01598 -0.07045)
(0.06185 0.01766 -0.06013)
(0.07103 0.01659 -0.05323)
(0.07333 0.01676 -0.05171)
(0.08440 0.01310 -0.04471)
(0.08217 0.01431 -0.04543)
(0.09717 0.00866 -0.03714)
(0.10183 0.00709 -0.03574)
(0.10002 0.00642 -0.03545)
(0.11225 0.00037 -0.03428)
(0.12115 -0.00510 -0.03382)
(0.12281 -0.00647 -0.03413)
(0.12396 -0.00723 -0.03487)
(0.12505 -0.00792 -0.03579)
(0.12679 -0.00908 -0.03636)
(0.12950 -0.01165 -0.04275)
(0.11974 -0.01777 -0.04310)
(0.04847 -0.00815 -0.01810)
(-0.00565 0.00112 0.00219)
(-0.00011 0.00020 0.00012)
(0.00172 -0.00294 -0.00195)
(0.01078 -0.01786 -0.01243)
(0.02558 -0.03830 -0.02786)
(0.03050 -0.03670 -0.03686)
(0.03633 -0.03548 -0.04263)
(0.03759 -0.03217 -0.04600)
(0.04389 -0.03305 -0.05219)
(0.05256 -0.02849 -0.06073)
(0.05005 -0.02858 -0.06571)
(0.05017 -0.02558 -0.06644)
(0.05637 -0.02408 -0.06871)
(0.06064 -0.02258 -0.07516)
(0.07396 -0.02343 -0.08563)
(0.08316 -0.02240 -0.09231)
(0.08570 -0.02757 -0.09413)
(0.08599 -0.02487 -0.09576)
(0.09061 -0.02764 -0.09482)
(0.09079 -0.02824 -0.09452)
(0.09348 -0.03480 -0.09195)
(0.09378 -0.03723 -0.09015)
(0.09177 -0.03715 -0.07993)
(0.08572 -0.02537 -0.07727)
(0.08930 -0.03521 -0.07538)
(0.08531 -0.02525 -0.06886)
(0.08437 -0.02506 -0.06574)
(0.07330 -0.01690 -0.06404)
(0.06900 -0.01299 -0.06152)
(0.06221 -0.00792 -0.06508)
(0.06431 -0.00434 -0.05899)
(0.05795 0.00038 -0.06447)
(0.05110 0.00528 -0.06776)
(0.04676 0.01112 -0.06908)
(0.04430 0.01616 -0.07030)
(0.04643 0.01690 -0.07210)
(0.04724 0.02196 -0.06662)
(0.05500 0.01813 -0.06795)
(0.05964 0.02074 -0.05878)
(0.07174 0.02039 -0.05662)
(0.07314 0.02043 -0.05568)
(0.07955 0.01679 -0.04862)
(0.09114 0.01114 -0.04104)
(0.09127 0.01259 -0.03947)
(0.10182 0.00741 -0.03451)
(0.10834 0.00305 -0.03590)
(0.11177 0.00038 -0.03665)
(0.11530 -0.00211 -0.04070)
(0.12350 -0.00771 -0.03896)
(0.12992 -0.01116 -0.04954)
(0.13105 -0.01502 -0.04881)
(0.12040 -0.00457 -0.04528)
(0.13366 -0.01487 -0.05289)
(0.06627 -0.00984 -0.02688)
(0.00379 -0.00060 -0.00154)
(-0.00786 0.00119 0.00313)
(0.00135 -0.00159 -0.00141)
(0.00520 -0.00826 -0.00602)
(0.02885 -0.03770 -0.03463)
(0.03262 -0.02966 -0.04267)
(0.03395 -0.03142 -0.04356)
(0.03810 -0.02848 -0.04972)
(0.03434 -0.02725 -0.04733)
(0.04363 -0.02746 -0.05890)
(0.05065 -0.02812 -0.06764)
(0.05090 -0.02281 -0.07229)
(0.05408 -0.02161 -0.07364)
(0.06314 -0.01944 -0.08254)
(0.07134 -0.02323 -0.08781)
(0.07990 -0.03019 -0.09331)
(0.09184 -0.03955 -0.09685)
(0.09324 -0.04201 -0.09653)
(0.09373 -0.03684 -0.09704)
(0.09465 -0.04277 -0.09348)
(0.09511 -0.04278 -0.09009)
(0.09230 -0.04341 -0.08337)
(0.09275 -0.04279 -0.07729)
(0.08979 -0.03243 -0.07020)
(0.08718 -0.02755 -0.06334)
(0.07740 -0.02123 -0.06015)
(0.06855 -0.01264 -0.05204)
(0.06572 -0.00991 -0.05183)
(0.05701 0.00009 -0.06128)
(0.05055 0.00698 -0.06176)
(0.04427 0.01642 -0.06252)
(0.04307 0.01864 -0.06349)
(0.04831 0.02065 -0.06453)
(0.04859 0.02405 -0.06481)
(0.05548 0.02175 -0.06042)
(0.05577 0.02420 -0.06056)
(0.07094 0.02098 -0.05398)
(0.07160 0.02169 -0.05063)
(0.08030 0.01863 -0.04631)
(0.08518 0.01719 -0.04215)
(0.08607 0.01654 -0.04071)
(0.09015 0.01475 -0.03688)
(0.10449 0.00488 -0.03587)
(0.09445 0.01119 -0.03804)
(0.10663 0.00357 -0.03521)
(0.10925 0.00081 -0.03875)
(0.10730 0.00204 -0.04141)
(0.11787 -0.00332 -0.04431)
(0.12537 -0.00960 -0.04891)
(0.13350 -0.01489 -0.05340)
(0.12404 -0.01107 -0.04779)
(0.08560 -0.00990 -0.03336)
(0.01600 -0.00237 -0.00637)
(0.00717 -0.00076 -0.00284)
(-0.00240 0.00265 0.00248)
(0.00919 -0.01054 -0.00977)
(0.00094 -0.00102 -0.00097)
(0.01200 -0.01280 -0.01270)
(0.03054 -0.03030 -0.03586)
(0.03440 -0.02952 -0.04605)
(0.03573 -0.02669 -0.04589)
(0.03183 -0.02573 -0.04635)
(0.03101 -0.02388 -0.04990)
(0.03412 -0.02454 -0.05338)
(0.03222 -0.01860 -0.05726)
(0.04030 -0.02100 -0.06251)
(0.04305 -0.01799 -0.06755)
(0.05374 -0.02175 -0.08066)
(0.05793 -0.02300 -0.08378)
(0.06890 -0.02609 -0.09029)
(0.08275 -0.03812 -0.09333)
(0.09268 -0.04302 -0.09701)
(0.09495 -0.04517 -0.09623)
(0.09979 -0.04975 -0.09326)
(0.09657 -0.05025 -0.08564)
(0.09572 -0.04961 -0.07556)
(0.08873 -0.04718 -0.06439)
(0.09139 -0.04067 -0.07371)
(0.08675 -0.03697 -0.06530)
(0.07600 -0.02235 -0.05568)
(0.06837 -0.01379 -0.05062)
(0.06571 -0.01110 -0.05026)
(0.06335 -0.00744 -0.05170)
(0.05288 0.00634 -0.05966)
(0.04409 0.01688 -0.06047)
(0.04303 0.01878 -0.06132)
(0.04493 0.02114 -0.06240)
(0.05058 0.02409 -0.06207)
(0.05815 0.02452 -0.05940)
(0.06443 0.02653 -0.05212)
(0.06676 0.02586 -0.05051)
(0.07009 0.02513 -0.04723)
(0.07843 0.02008 -0.04303)
(0.08377 0.01785 -0.04143)
(0.08431 0.01751 -0.04042)
(0.08651 0.01601 -0.03983)
(0.08802 0.01544 -0.03618)
(0.09493 0.01091 -0.03625)
(0.10267 0.00628 -0.03962)
(0.10586 0.00398 -0.04217)
(0.10891 0.00296 -0.04144)
(0.10576 0.00268 -0.04160)
(0.11593 -0.00551 -0.04646)
(0.11111 -0.00572 -0.04506)
(0.08695 -0.00820 -0.03468)
(0.01640 -0.00155 -0.00644)
(-0.00250 0.00249 0.00253)
(0.00460 -0.00448 -0.00471)
(0.02631 -0.02646 -0.02836)
(0.02196 -0.02046 -0.02311)
(0.02911 -0.02670 -0.03097)
(0.03358 -0.02201 -0.04498)
(0.03231 -0.02358 -0.04673)
(0.03149 -0.02041 -0.04902)
(0.02958 -0.01438 -0.05611)
(0.02871 -0.01303 -0.05690)
(0.04064 -0.01568 -0.06734)
(0.05032 -0.02011 -0.07876)
(0.05256 -0.02121 -0.08067)
(0.05606 -0.02339 -0.08322)
(0.05895 -0.02417 -0.08504)
(0.06976 -0.03377 -0.08810)
(0.08685 -0.04113 -0.09455)
(0.09500 -0.04723 -0.09744)
(0.09310 -0.05276 -0.08825)
(0.09738 -0.04889 -0.09587)
(0.09660 -0.05412 -0.08314)
(0.09651 -0.05427 -0.08092)
(0.09031 -0.05079 -0.06522)
(0.08676 -0.04469 -0.06132)
(0.08504 -0.04287 -0.05897)
(0.06822 -0.01506 -0.04893)
(0.06605 -0.01276 -0.04853)
(0.06318 -0.00817 -0.05003)
(0.06081 -0.00529 -0.04981)
(0.05361 0.00869 -0.05323)
(0.05112 0.01711 -0.05407)
(0.04637 0.02338 -0.05988)
(0.05167 0.02514 -0.05690)
(0.05692 0.02478 -0.05855)
(0.06410 0.02700 -0.05193)
(0.06630 0.02645 -0.05030)
(0.06781 0.02593 -0.04855)
(0.07118 0.02590 -0.04363)
(0.08226 0.01892 -0.04101)
(0.08245 0.01896 -0.04026)
(0.08449 0.01737 -0.03989)
(0.08399 0.01972 -0.03738)
(0.09090 0.01538 -0.03628)
(0.09277 0.01382 -0.03666)
(0.09266 0.01206 -0.03954)
(0.09674 0.00972 -0.03944)
(0.09881 0.00796 -0.04044)
(0.09594 0.01010 -0.03977)
(0.09763 0.00846 -0.04056)
(0.09926 0.00687 -0.04149)
(0.10690 -0.00372 -0.04343)
(0.11107 -0.00912 -0.04420)
(0.09803 -0.00703 -0.03850)
(0.02488 -0.00200 -0.00962)
(-0.00754 0.00063 0.00290)
(-0.00108 0.00093 0.00108)
(0.00867 -0.00735 -0.00875)
(0.03419 -0.01614 -0.03517)
(0.03491 -0.02400 -0.03924)
(0.04040 -0.01735 -0.04236)
(0.03289 -0.01988 -0.04407)
(0.03447 -0.01696 -0.05096)
(0.02909 -0.01379 -0.05478)
(0.02795 -0.01221 -0.05558)
(0.03061 -0.00748 -0.06064)
(0.03829 -0.01362 -0.06646)
(0.04907 -0.01958 -0.07846)
(0.05262 -0.02198 -0.08096)
(0.05972 -0.02720 -0.08484)
(0.06083 -0.02710 -0.08643)
(0.07566 -0.04150 -0.09044)
(0.08601 -0.04736 -0.09121)
(0.09077 -0.05474 -0.08717)
(0.09617 -0.06269 -0.08481)
(0.09969 -0.06385 -0.08240)
(0.09551 -0.05794 -0.07052)
(0.08742 -0.04746 -0.06158)
(0.08835 -0.05035 -0.06187)
(0.08505 -0.04469 -0.05843)
(0.07634 -0.03076 -0.04892)
(0.06719 -0.01965 -0.04176)
(0.06355 -0.00958 -0.04832)
(0.05987 -0.00246 -0.04795)
(0.05196 0.00998 -0.04742)
(0.04922 0.01684 -0.04697)
(0.05447 0.02101 -0.05202)
(0.05644 0.02213 -0.05412)
(0.05729 0.02404 -0.05771)
(0.06123 0.02698 -0.05512)
(0.06713 0.02639 -0.05063)
(0.06781 0.02634 -0.04848)
(0.07174 0.02273 -0.04876)
(0.07886 0.02107 -0.04233)
(0.07888 0.01927 -0.04521)
(0.08062 0.02268 -0.03748)
(0.07940 0.02141 -0.03743)
(0.08284 0.02074 -0.03465)
(0.08915 0.01607 -0.03899)
(0.08067 0.01891 -0.03964)
(0.08755 0.01761 -0.03656)
(0.09391 0.01203 -0.03916)
(0.09578 0.00958 -0.04014)
(0.09524 0.00773 -0.04233)
(0.09375 0.00495 -0.03805)
(0.10704 -0.00718 -0.04238)
(0.09828 -0.00273 -0.03807)
(0.03286 -0.00217 -0.01252)
(-0.00146 0.00010 0.00055)
(0.00081 -0.00021 -0.00072)
(0.02026 -0.00760 -0.01884)
(0.01797 -0.00379 -0.01585)
(0.04246 -0.01385 -0.04096)
(0.04396 -0.01450 -0.04317)
(0.04067 -0.01601 -0.04496)
(0.03807 -0.01435 -0.04776)
(0.03333 -0.00607 -0.04751)
(0.03180 -0.01188 -0.05114)
(0.02774 -0.01179 -0.05426)
(0.02549 -0.00227 -0.05434)
(0.03324 -0.00683 -0.06184)
(0.04456 -0.01743 -0.07538)
(0.05011 -0.02233 -0.07576)
(0.07220 -0.04194 -0.08777)
(0.09357 -0.05864 -0.10144)
(0.08386 -0.05208 -0.08686)
(0.09661 -0.06284 -0.08191)
(0.09136 -0.06023 -0.08034)
(0.09553 -0.06297 -0.07322)
(0.09080 -0.05930 -0.06379)
(0.08880 -0.05685 -0.05625)
(0.08532 -0.04675 -0.05824)
(0.07812 -0.03547 -0.04516)
(0.06871 -0.02615 -0.03552)
(0.06344 -0.01250 -0.04041)
(0.05843 -0.00227 -0.03946)
(0.05166 0.00929 -0.04395)
(0.04945 0.01442 -0.04338)
(0.05298 0.02104 -0.05151)
(0.05422 0.02301 -0.05573)
(0.05921 0.02509 -0.05819)
(0.06586 0.02161 -0.06017)
(0.07251 0.02013 -0.06054)
(0.07359 0.01789 -0.05713)
(0.07452 0.02005 -0.05343)
(0.07377 0.02576 -0.04289)
(0.07435 0.02493 -0.04376)
(0.07795 0.01876 -0.04584)
(0.07715 0.02018 -0.04256)
(0.08021 0.02132 -0.03774)
(0.08000 0.02040 -0.04103)
(0.08568 0.01545 -0.03998)
(0.08799 0.01006 -0.04360)
(0.09383 0.01121 -0.03948)
(0.08266 0.00840 -0.04100)
(0.08656 0.00578 -0.03763)
(0.08905 0.00554 -0.03630)
(0.08294 0.00610 -0.03336)
(0.08694 0.00035 -0.03411)
(0.03408 0.00019 -0.01171)
(0.00262 -0.00000 -0.00082)
(0.00369 -0.00071 -0.00320)
(0.03119 -0.00399 -0.02695)
(0.04787 -0.00959 -0.04375)
(0.05021 -0.00166 -0.04669)
(0.04629 -0.00444 -0.04624)
(0.03876 -0.00399 -0.04730)
(0.02965 0.00637 -0.04528)
(0.02602 0.00147 -0.04437)
(0.02783 0.00672 -0.04702)
(0.02445 0.00495 -0.05094)
(0.03054 -0.00530 -0.06016)
(0.04358 -0.01706 -0.06966)
(0.05879 -0.03027 -0.07853)
(0.05443 -0.02443 -0.07130)
(0.08116 -0.04694 -0.09063)
(0.08192 -0.05090 -0.08328)
(0.08852 -0.06015 -0.06925)
(0.09211 -0.06272 -0.06956)
(0.09008 -0.06241 -0.05949)
(0.08736 -0.05865 -0.05422)
(0.08307 -0.05024 -0.04554)
(0.07772 -0.04100 -0.03850)
(0.07180 -0.03104 -0.03598)
(0.06385 -0.01717 -0.03458)
(0.06099 -0.00577 -0.03595)
(0.05749 0.00381 -0.03773)
(0.05595 0.00952 -0.03948)
(0.05686 0.01565 -0.04845)
(0.06226 0.01836 -0.05797)
(0.06482 0.01918 -0.06099)
(0.07019 0.01900 -0.05951)
(0.07664 0.01426 -0.06826)
(0.07615 0.01546 -0.06374)
(0.07724 0.01615 -0.06403)
(0.07444 0.02457 -0.04491)
(0.07746 0.01583 -0.05361)
(0.07384 0.02189 -0.04745)
(0.07925 0.01348 -0.05763)
(0.07806 0.01811 -0.04924)
(0.07734 0.02085 -0.04462)
(0.08026 0.02008 -0.04189)
(0.08140 0.01686 -0.04250)
(0.07749 0.01464 -0.04518)
(0.07579 0.01143 -0.04328)
(0.08197 0.00893 -0.04118)
(0.07988 0.00790 -0.03496)
(0.07735 0.00493 -0.03139)
(0.07854 0.00459 -0.02928)
(0.05385 0.00198 -0.01812)
(0.02812 0.00029 -0.00936)
(0.00420 0.00004 -0.00136)
(-0.00267 0.00021 0.00213)
(0.00992 -0.00069 -0.00787)
(0.03472 -0.00044 -0.02816)
(0.05536 -0.00050 -0.04629)
(0.05404 0.00174 -0.04589)
(0.05143 0.00351 -0.04461)
(0.04461 0.00250 -0.04635)
(0.04992 0.00560 -0.04357)
(0.03829 0.00380 -0.04753)
(0.02939 0.00869 -0.04539)
(0.02845 0.00815 -0.04711)
(0.03205 0.00591 -0.04913)
(0.03151 -0.00072 -0.05494)
(0.04087 -0.00981 -0.05975)
(0.05708 -0.02580 -0.06628)
(0.06484 -0.03392 -0.07362)
(0.06419 -0.03175 -0.06785)
(0.07302 -0.04447 -0.07418)
(0.08622 -0.05828 -0.06700)
(0.08786 -0.06038 -0.06491)
(0.08738 -0.06078 -0.06137)
(0.08643 -0.05993 -0.05435)
(0.08458 -0.05290 -0.04231)
(0.07674 -0.04302 -0.03456)
(0.06524 -0.02926 -0.02522)
(0.06518 -0.02555 -0.02828)
(0.06256 -0.01775 -0.02988)
(0.06011 -0.00707 -0.03026)
(0.05729 0.00116 -0.03215)
(0.05698 0.00401 -0.03365)
(0.05934 0.01381 -0.04533)
(0.06357 0.01736 -0.05784)
(0.06503 0.01748 -0.06036)
(0.07112 0.01432 -0.06653)
(0.08065 0.00625 -0.07200)
(0.07987 0.00802 -0.07267)
(0.09086 -0.00085 -0.07365)
(0.08362 0.00924 -0.06674)
(0.08289 0.00689 -0.06615)
(0.07972 0.01198 -0.05957)
(0.08070 0.01046 -0.06122)
(0.07978 0.01281 -0.05860)
(0.08023 0.01245 -0.05938)
(0.07802 0.01672 -0.04542)
(0.07776 0.01313 -0.04722)
(0.07582 0.01026 -0.04385)
(0.07602 0.00868 -0.04562)
(0.07581 0.00912 -0.03941)
(0.07657 0.00660 -0.03647)
(0.07031 0.00514 -0.03142)
(0.07186 0.00618 -0.03071)
(0.06581 0.00506 -0.02291)
(0.03917 0.00472 -0.01047)
(0.00416 0.00051 -0.00100)
(0.00385 0.00055 -0.00086)
(0.00855 0.00008 -0.00654)
(0.04838 -0.00049 -0.03837)
(0.05660 0.00429 -0.04555)
(0.05488 0.00445 -0.04506)
(0.05278 0.00544 -0.04425)
(0.05139 0.00795 -0.04327)
(0.04373 0.00792 -0.04518)
(0.03558 0.01099 -0.04224)
(0.03013 0.00973 -0.04654)
(0.03740 0.00524 -0.04774)
(0.04524 -0.00467 -0.05683)
(0.05942 -0.02557 -0.06545)
(0.06308 -0.02892 -0.06591)
(0.06678 -0.03442 -0.06789)
(0.07061 -0.03931 -0.06190)
(0.08580 -0.05858 -0.06349)
(0.08486 -0.05759 -0.06266)
(0.08575 -0.05926 -0.06021)
(0.08125 -0.05868 -0.04998)
(0.07708 -0.05318 -0.03874)
(0.07736 -0.05235 -0.04031)
(0.07650 -0.05029 -0.03535)
(0.06394 -0.03543 -0.02559)
(0.06224 -0.03181 -0.02414)
(0.05894 -0.01589 -0.02578)
(0.05690 0.00023 -0.03024)
(0.05664 0.00279 -0.03198)
(0.05774 0.00591 -0.03546)
(0.06430 0.01009 -0.04935)
(0.06587 0.01617 -0.06052)
(0.07307 0.00871 -0.06678)
(0.08338 0.00023 -0.07858)
(0.08189 0.00338 -0.07543)
(0.09314 -0.00527 -0.07812)
(0.09109 -0.00242 -0.07482)
(0.09202 -0.00439 -0.07635)
(0.08181 0.00772 -0.06435)
(0.08280 0.00649 -0.06538)
(0.08129 0.00967 -0.06214)
(0.08189 0.00895 -0.06313)
(0.08106 0.01082 -0.05355)
(0.08172 0.00773 -0.05473)
(0.07519 0.00435 -0.04840)
(0.07569 0.00498 -0.04429)
(0.07213 0.00707 -0.03727)
(0.06825 0.00585 -0.03016)
(0.06809 0.00584 -0.02912)
(0.05699 0.00688 -0.01625)
(0.04274 0.00562 -0.01091)
(0.02343 0.00321 -0.00560)
(0.04121 0.00620 -0.00981)
(0.00583 0.00099 -0.00117)
(0.00219 0.00004 -0.00166)
(0.01696 0.00036 -0.01282)
(0.01117 0.00030 -0.00839)
(0.04154 0.00114 -0.03109)
(0.06417 0.00619 -0.04771)
(0.06167 0.00756 -0.04634)
(0.05690 0.00699 -0.04440)
(0.05704 0.01173 -0.04265)
(0.05418 0.00724 -0.04393)
(0.05236 0.01245 -0.04286)
(0.04953 0.01073 -0.04243)
(0.04554 0.01277 -0.04322)
(0.04676 0.00424 -0.04719)
(0.04131 0.00615 -0.04648)
(0.04942 -0.00164 -0.05421)
(0.06010 -0.01719 -0.06375)
(0.06404 -0.02733 -0.06492)
(0.06606 -0.03220 -0.06603)
(0.07331 -0.03850 -0.06635)
(0.08124 -0.04745 -0.05962)
(0.08502 -0.05837 -0.05987)
(0.07635 -0.05343 -0.04561)
(0.07639 -0.05199 -0.03722)
(0.07062 -0.04627 -0.03041)
(0.06501 -0.04091 -0.02520)
(0.06175 -0.03346 -0.02420)
(0.05933 -0.02291 -0.02364)
(0.05656 -0.00666 -0.02749)
(0.05524 0.00151 -0.02994)
(0.05745 0.00514 -0.03462)
(0.06287 0.00754 -0.04966)
(0.07110 0.00952 -0.06108)
(0.08106 0.00026 -0.07000)
(0.08932 -0.00675 -0.07975)
(0.08795 -0.00400 -0.08071)
(0.09638 -0.01357 -0.08588)
(0.09362 -0.00693 -0.07888)
(0.09479 -0.00904 -0.08012)
(0.08957 -0.00542 -0.07725)
(0.08711 -0.00128 -0.07346)
(0.08340 0.00578 -0.06605)
(0.08698 0.00019 -0.07031)
(0.08483 0.00380 -0.06163)
(0.08703 -0.00406 -0.06820)
(0.08002 0.00443 -0.05487)
(0.07895 0.00440 -0.04917)
(0.07728 0.00481 -0.04609)
(0.07049 0.00290 -0.03634)
(0.06119 0.00416 -0.02370)
(0.05502 0.00711 -0.01553)
(0.05282 0.00796 -0.01391)
(0.05080 0.00875 -0.01190)
(0.03408 0.00626 -0.00719)
(0.00537 0.00123 -0.00065)
(-0.00428 -0.00105 0.00042)
(0.00105 0.00007 -0.00082)
(0.01284 0.00090 -0.01002)
(0.06334 0.00362 -0.04673)
(0.03842 0.00259 -0.02929)
(0.06761 0.00895 -0.04696)
(0.06395 0.00987 -0.04570)
(0.06305 0.01072 -0.04468)
(0.05658 0.01371 -0.04040)
(0.05461 0.01314 -0.03957)
(0.05131 0.01746 -0.03968)
(0.04994 0.02423 -0.03999)
(0.05354 0.01416 -0.04309)
(0.04890 0.00889 -0.04992)
(0.05166 0.00212 -0.05197)
(0.05631 -0.00764 -0.05594)
(0.05982 -0.01371 -0.05742)
(0.06766 -0.02404 -0.05782)
(0.06693 -0.03082 -0.06492)
(0.07341 -0.03677 -0.06421)
(0.07948 -0.04532 -0.05837)
(0.07967 -0.04818 -0.05329)
(0.07620 -0.04941 -0.04791)
(0.07589 -0.05072 -0.04265)
(0.07498 -0.05221 -0.03247)
(0.06726 -0.04238 -0.03244)
(0.05875 -0.02861 -0.02901)
(0.05482 -0.01870 -0.02250)
(0.05180 -0.00932 -0.02438)
(0.04571 -0.00327 -0.02663)
(0.05129 0.00908 -0.03163)
(0.06383 0.00496 -0.04674)
(0.06870 0.00806 -0.05503)
(0.08007 -0.00175 -0.06872)
(0.08782 -0.00969 -0.07773)
(0.09462 -0.01536 -0.08780)
(0.10003 -0.02396 -0.08983)
(0.09622 -0.01095 -0.08156)
(0.10175 -0.02266 -0.09002)
(0.10138 -0.02272 -0.09105)
(0.10560 -0.03051 -0.09312)
(0.09859 -0.02138 -0.08509)
(0.09651 -0.01813 -0.08249)
(0.09179 -0.01202 -0.07415)
(0.08562 -0.00551 -0.06918)
(0.08139 -0.00113 -0.06031)
(0.07866 -0.00248 -0.05352)
(0.07432 0.00275 -0.04459)
(0.06150 0.00091 -0.02988)
(0.06092 0.00273 -0.02764)
(0.05521 0.00354 -0.02224)
(0.04596 0.00786 -0.01178)
(0.03971 0.00920 -0.00748)
(0.02267 0.00998 -0.00308)
(0.00632 0.00317 -0.00042)
(-0.00252 -0.00150 -0.00011)
(0.00753 0.00082 -0.00588)
(0.04158 0.00520 -0.03198)
(0.06521 0.00669 -0.04696)
(0.06405 0.01092 -0.04408)
(0.06450 0.01184 -0.04254)
(0.06133 0.01277 -0.04228)
(0.05526 0.01411 -0.03768)
(0.05534 0.01270 -0.03943)
(0.04771 0.01770 -0.03412)
(0.04959 0.01767 -0.03605)
(0.04823 0.01927 -0.03722)
(0.05082 0.01627 -0.03901)
(0.04872 0.01338 -0.04349)
(0.05022 0.01382 -0.04225)
(0.05231 0.01104 -0.04535)
(0.05809 -0.00706 -0.05504)
(0.05513 0.00720 -0.04706)
(0.06533 -0.01339 -0.05668)
(0.06954 -0.01618 -0.05808)
(0.07289 -0.02940 -0.05840)
(0.07714 -0.03934 -0.05509)
(0.08220 -0.05012 -0.05749)
(0.07563 -0.04597 -0.05050)
(0.07443 -0.04318 -0.04690)
(0.07432 -0.04825 -0.03855)
(0.06906 -0.04237 -0.03640)
(0.05762 -0.02592 -0.03085)
(0.05487 -0.01940 -0.02773)
(0.05085 -0.01187 -0.02708)
(0.04540 -0.00386 -0.02793)
(0.04975 0.00225 -0.03413)
(0.05396 0.00645 -0.04360)
(0.06661 0.00794 -0.05389)
(0.07873 -0.00805 -0.06501)
(0.09004 -0.02064 -0.07655)
(0.09925 -0.02176 -0.08531)
(0.10277 -0.03024 -0.09205)
(0.10868 -0.03858 -0.10158)
(0.11102 -0.04807 -0.10984)
(0.10995 -0.03869 -0.09982)
(0.11142 -0.03585 -0.09677)
(0.11205 -0.04470 -0.09870)
(0.10549 -0.02936 -0.08788)
(0.10607 -0.03581 -0.09012)
(0.09195 -0.01598 -0.06964)
(0.08493 -0.00709 -0.06356)
(0.07900 -0.01451 -0.05895)
(0.07643 -0.01268 -0.05520)
(0.07214 -0.00893 -0.04936)
(0.07347 -0.01130 -0.05136)
(0.06251 -0.00080 -0.03507)
(0.05113 0.00602 -0.01944)
(0.05015 0.00628 -0.01795)
(0.03887 0.01733 -0.00687)
(0.01225 0.00694 -0.00082)
(0.00188 0.00134 0.00011)
(-0.00072 -0.00052 -0.00006)
(0.00143 0.00015 -0.00114)
(0.02234 0.00251 -0.01769)
(0.05735 0.00753 -0.04474)
(0.06314 0.00714 -0.04663)
(0.05866 0.01024 -0.04318)
(0.05741 0.01219 -0.04218)
(0.05771 0.01395 -0.04040)
(0.04800 0.01651 -0.03247)
(0.04766 0.01744 -0.03232)
(0.04615 0.01735 -0.03127)
(0.05324 0.01312 -0.03775)
(0.04841 0.01458 -0.04005)
(0.05081 0.01214 -0.04298)
(0.05187 0.01089 -0.04384)
(0.06203 -0.00497 -0.04882)
(0.06476 -0.01015 -0.04997)
(0.07312 -0.02417 -0.05584)
(0.07534 -0.02864 -0.05432)
(0.07844 -0.03899 -0.05476)
(0.07589 -0.03179 -0.04990)
(0.07771 -0.04165 -0.04948)
(0.07371 -0.04049 -0.04825)
(0.07294 -0.04238 -0.04581)
(0.06840 -0.03838 -0.04312)
(0.05886 -0.02868 -0.03407)
(0.05482 -0.02139 -0.03004)
(0.04960 -0.01619 -0.03101)
(0.04456 -0.00554 -0.03137)
(0.04628 0.00003 -0.03315)
(0.05062 -0.00004 -0.03945)
(0.06202 -0.00132 -0.05164)
(0.07773 -0.01073 -0.06382)
(0.08914 -0.02105 -0.07380)
(0.09416 -0.02555 -0.07976)
(0.10416 -0.03513 -0.08745)
(0.11266 -0.04657 -0.10607)
(0.11591 -0.04936 -0.10095)
(0.12304 -0.06068 -0.09835)
(0.11627 -0.05153 -0.10188)
(0.11545 -0.05004 -0.09680)
(0.11230 -0.04547 -0.09358)
(0.11094 -0.04466 -0.09183)
(0.10092 -0.03397 -0.08006)
(0.08412 -0.01967 -0.06096)
(0.07537 -0.01330 -0.05387)
(0.06865 -0.00601 -0.04262)
(0.06035 0.00169 -0.03257)
(0.05907 0.00040 -0.03012)
(0.05398 0.00515 -0.02415)
(0.04877 0.00829 -0.01843)
(0.04129 0.02003 -0.01455)
(0.01243 0.00936 -0.00141)
(0.00085 0.00080 -0.00011)
(0.00084 0.00006 -0.00071)
(0.02519 0.00196 -0.02099)
(0.05346 0.00434 -0.04260)
(0.05978 0.00496 -0.04673)
(0.05712 0.00686 -0.04438)
(0.05344 0.01221 -0.04126)
(0.04782 0.01485 -0.03696)
(0.05359 0.01316 -0.04052)
(0.04600 0.01606 -0.03172)
(0.04607 0.01668 -0.03146)
(0.04411 0.01642 -0.03055)
(0.04412 0.01715 -0.03007)
(0.04435 0.01739 -0.02975)
(0.04295 0.01749 -0.03332)
(0.04822 0.01383 -0.04021)
(0.04863 0.01313 -0.04086)
(0.05642 -0.00137 -0.04332)
(0.05710 -0.00361 -0.04381)
(0.06575 -0.01429 -0.05017)
(0.06973 -0.02054 -0.04719)
(0.06970 -0.02185 -0.04730)
(0.07324 -0.03327 -0.04989)
(0.07311 -0.03794 -0.04921)
(0.07241 -0.03950 -0.04763)
(0.07094 -0.03832 -0.04772)
(0.05609 -0.02560 -0.04057)
(0.05497 -0.02103 -0.03286)
(0.04665 -0.01469 -0.03014)
(0.04010 -0.00054 -0.03434)
(0.05379 -0.00095 -0.04165)
(0.06482 -0.00951 -0.05163)
(0.09316 -0.02587 -0.07690)
(0.11363 -0.04918 -0.09159)
(0.12077 -0.05817 -0.09840)
(0.12475 -0.06487 -0.10200)
(0.11427 -0.04944 -0.09474)
(0.10965 -0.04394 -0.09017)
(0.07730 -0.01552 -0.05639)
(0.06694 -0.00472 -0.03993)
(0.01602 0.01051 -0.00539)
(0.00399 0.00024 -0.00380)
(0.03319 0.00300 -0.02897)
(0.05725 0.00416 -0.04702)
(0.04709 0.00426 -0.04267)
(0.05544 0.00445 -0.04607)
(0.05494 0.00536 -0.04445)
(0.04367 0.01320 -0.03563)
(0.04389 0.01584 -0.03094)
(0.04194 0.01632 -0.02961)
(0.04177 0.01742 -0.02877)
(0.03675 0.01913 -0.02548)
(0.02906 0.02488 -0.02076)
(0.02717 0.02402 -0.01841)
(0.03911 0.01938 -0.03106)
(0.04003 0.01353 -0.03107)
(0.05024 0.00585 -0.03872)
(0.05181 0.00358 -0.03793)
(0.06302 -0.00997 -0.04699)
(0.05439 0.00040 -0.03777)
(0.06712 -0.01721 -0.04532)
(0.06768 -0.01901 -0.04568)
(0.06987 -0.02292 -0.04852)
(0.06885 -0.02919 -0.04875)
(0.07219 -0.03581 -0.04966)
(0.07080 -0.03565 -0.04953)
(0.05120 -0.02304 -0.04298)
(-0.00541 -0.00026 0.00541)
(0.01502 0.00070 -0.01503)
(0.05087 0.00309 -0.04865)
(0.05344 0.00617 -0.04836)
(0.05094 0.00583 -0.04438)
(0.04417 0.00903 -0.03842)
(0.04070 0.01321 -0.03450)
(0.04014 0.01346 -0.03333)
(0.03825 0.01353 -0.03272)
(0.03741 0.01403 -0.02772)
(0.03180 0.01727 -0.02320)
(0.02571 0.02143 -0.01884)
(0.01848 0.02987 -0.01202)
(0.01383 0.03373 -0.00784)
(0.03077 0.02139 -0.02003)
(0.03388 0.01735 -0.02268)
(0.04607 0.00650 -0.03158)
(0.04676 0.00450 -0.03181)
(0.06162 -0.01172 -0.04090)
(0.06748 -0.02110 -0.04614)
(0.06488 -0.02060 -0.04910)
(-0.00505 -0.00028 0.00514)
(0.00356 0.00020 -0.00362)
(0.02319 0.00191 -0.02414)
(0.04484 0.00743 -0.04538)
(0.04338 0.00815 -0.04361)
(0.03989 0.00954 -0.03911)
(0.03524 0.01141 -0.03220)
(0.02918 0.01720 -0.02669)
(0.02486 0.02044 -0.02233)
(0.02078 0.02430 -0.01850)
(0.01940 0.02761 -0.01393)
(0.01687 0.02926 -0.01245)
(0.02238 0.02501 -0.01609)
(0.02039 0.02476 -0.01425)
(0.03337 0.01725 -0.02242)
(0.03176 0.01631 -0.02081)
(0.05057 0.00004 -0.03385)
(0.00110 0.00007 -0.00112)
(0.02457 0.00246 -0.02473)
(0.03596 0.00519 -0.03632)
(0.04515 0.00704 -0.04544)
(0.04292 0.00804 -0.04299)
(0.04245 0.00799 -0.04242)
(0.03637 0.01083 -0.03761)
(0.03057 0.01472 -0.03079)
(0.02482 0.01896 -0.02488)
(0.02562 0.01834 -0.02741)
(0.01498 0.02422 -0.01876)
(0.01183 0.02694 -0.01583)
(0.01151 0.03023 -0.01300)
(0.00798 0.02903 -0.01302)
(0.01065 0.02930 -0.01242)
(0.01610 0.02754 -0.01279)
(0.00288 0.00014 -0.00299)
(0.03572 0.00406 -0.03505)
(0.04507 0.00689 -0.04511)
(0.04606 0.00525 -0.04688)
(0.04238 0.00734 -0.04353)
(0.03783 0.00947 -0.04066)
(0.03232 0.01278 -0.03502)
(0.02628 0.01776 -0.02828)
(0.01240 0.02455 -0.01772)
(0.00945 0.02711 -0.01498)
(-0.00059 -0.00003 0.00061)
(0.01435 0.00088 -0.01530)
(0.03597 0.00264 -0.03657)
(0.03680 -0.00563 -0.03295)
(0.04805 0.00041 -0.03769)
(0.08808 -0.02135 -0.07013)
(0.10265 -0.03875 -0.08165)
(0.12768 -0.06649 -0.09668)
(0.11818 -0.05572 -0.09801)
(0.11247 -0.04802 -0.09248)
(0.09451 -0.02990 -0.07059)
(0.07657 -0.01671 -0.05563)
(0.06236 -0.00200 -0.03518)
(0.05798 0.00110 -0.02883)
(0.04174 0.02019 -0.01646)
(0.04064 0.02122 -0.01547)
(0.03927 0.02247 -0.01425)
(0.00355 0.00251 -0.00115)
(0.05841 -0.02413 -0.04779)
(0.04128 -0.01444 -0.03878)
(0.03563 -0.01039 -0.03783)
(0.03309 -0.00123 -0.03187)
(0.04074 0.00407 -0.03198)
(0.05184 -0.00127 -0.03962)
(0.06390 -0.00952 -0.04751)
(0.07672 -0.01758 -0.05097)
(0.09196 -0.02593 -0.07317)
(0.09940 -0.03947 -0.07385)
(0.11431 -0.05174 -0.09035)
(0.12339 -0.06366 -0.09651)
(0.12809 -0.06796 -0.09538)
(0.12892 -0.06850 -0.09814)
(0.12420 -0.06735 -0.09909)
(0.11637 -0.05335 -0.09556)
(0.11406 -0.05114 -0.09277)
(0.10993 -0.04698 -0.08900)
(0.09617 -0.03642 -0.07586)
(0.08087 -0.02201 -0.06197)
(0.07717 -0.02044 -0.05706)
(0.07004 -0.01002 -0.04537)
(0.06650 -0.00595 -0.04015)
(0.05318 0.00746 -0.02653)
(0.04265 0.01978 -0.01805)
(0.04064 0.02191 -0.01654)
(0.01516 0.00955 -0.00594)
(0.00149 0.00102 -0.00058)
(0.06643 -0.02129 -0.04973)
(0.05993 -0.02408 -0.04976)
(0.05798 -0.02290 -0.05059)
(0.05392 -0.01740 -0.05236)
(0.04716 -0.01639 -0.04676)
(0.03207 -0.00519 -0.03409)
(0.02853 0.00328 -0.03045)
(0.03370 0.00214 -0.02937)
(0.04936 -0.00108 -0.03730)
(0.04014 0.00159 -0.02845)
(0.05890 -0.00579 -0.04023)
(0.07651 -0.02003 -0.04202)
(0.09081 -0.03072 -0.06123)
(0.09812 -0.03914 -0.06961)
(0.11340 -0.05561 -0.08504)
(0.12328 -0.06707 -0.08882)
(0.12816 -0.07279 -0.09228)
(0.13074 -0.07283 -0.09982)
(0.13082 -0.07511 -0.10079)
(0.12353 -0.06548 -0.09537)
(0.11746 -0.06167 -0.09270)
(0.10939 -0.05163 -0.08751)
(0.09685 -0.03884 -0.07531)
(0.09420 -0.03625 -0.07312)
(0.08018 -0.02053 -0.05692)
(0.07201 -0.01033 -0.04727)
(0.07528 -0.01649 -0.05269)
(0.06638 -0.00642 -0.04116)
(0.06054 0.00008 -0.03625)
(0.06397 -0.00216 -0.04077)
(0.04517 0.01748 -0.02107)
(0.04171 0.02092 -0.01901)
(0.02029 0.01283 -0.00965)
(0.00456 0.00338 -0.00222)
(-0.00174 -0.00136 0.00085)
(0.05351 -0.00386 -0.03647)
(0.06119 -0.01411 -0.04241)
(0.06070 -0.01568 -0.04549)
(0.06402 -0.01984 -0.05038)
(0.06095 -0.02136 -0.05117)
(0.05297 -0.01669 -0.05190)
(0.04674 -0.01585 -0.04753)
(0.03883 -0.01199 -0.04238)
(0.02876 -0.00189 -0.03474)
(0.02652 0.00188 -0.03043)
(0.03020 -0.00040 -0.02920)
(0.03401 0.00193 -0.02553)
(0.05141 -0.00695 -0.03657)
(0.05755 -0.00894 -0.03557)
(0.07813 -0.02175 -0.04414)
(0.09472 -0.03920 -0.06004)
(0.10153 -0.04756 -0.06427)
(0.11444 -0.05959 -0.08184)
(0.11843 -0.06416 -0.08417)
(0.13078 -0.07899 -0.09729)
(0.13286 -0.07925 -0.09912)
(0.12992 -0.07729 -0.09750)
(0.12774 -0.07575 -0.09907)
(0.11824 -0.06591 -0.09330)
(0.11163 -0.05639 -0.08891)
(0.10840 -0.05839 -0.08683)
(0.10062 -0.04682 -0.07932)
(0.09115 -0.03653 -0.06831)
(0.08533 -0.02809 -0.06364)
(0.08143 -0.02449 -0.06050)
(0.07336 -0.01179 -0.05035)
(0.06079 0.00165 -0.03778)
(0.06844 -0.00756 -0.04698)
(0.05701 0.00871 -0.03589)
(0.04803 0.01072 -0.02971)
(0.00536 0.00295 -0.00380)
(-0.00437 -0.00310 0.00324)
(0.04065 0.00613 -0.02791)
(0.01866 0.02537 -0.01320)
(0.02245 0.02268 -0.01550)
(0.02422 0.02087 -0.01605)
(0.03971 0.00759 -0.02661)
(0.05203 -0.00264 -0.03453)
(0.05251 -0.00532 -0.03783)
(0.05677 -0.00800 -0.03990)
(0.05616 -0.01142 -0.04143)
(0.05430 -0.01381 -0.04370)
(0.05243 -0.01536 -0.04743)
(0.04478 -0.01480 -0.04714)
(0.04305 -0.01440 -0.04768)
(0.03338 -0.00828 -0.04039)
(0.02640 -0.00005 -0.03134)
(0.02567 0.00110 -0.02860)
(0.03051 -0.00137 -0.02712)
(0.04050 0.00084 -0.02706)
(0.05213 -0.00943 -0.03492)
(0.06921 -0.01786 -0.03968)
(0.05638 -0.01355 -0.03614)
(0.09489 -0.04054 -0.05754)
(0.09829 -0.04448 -0.06121)
(0.10483 -0.05104 -0.06650)
(0.12385 -0.07168 -0.08665)
(0.13205 -0.08053 -0.09855)
(0.13128 -0.07945 -0.09613)
(0.13112 -0.08135 -0.09955)
(0.12724 -0.07650 -0.09840)
(0.12356 -0.07383 -0.09588)
(0.11747 -0.06849 -0.09408)
(0.10995 -0.06142 -0.08739)
(0.10749 -0.05702 -0.08446)
(0.09127 -0.03772 -0.07047)
(0.08399 -0.02808 -0.06352)
(0.08256 -0.02589 -0.06208)
(0.08060 -0.02244 -0.05974)
(0.06959 -0.00779 -0.05286)
(0.06609 -0.00195 -0.04957)
(0.06303 0.00312 -0.04778)
(0.03474 0.00576 -0.02632)
(0.00409 0.00107 -0.00311)
(0.02227 0.00332 -0.01873)
(0.00421 0.00076 -0.00358)
(0.00795 0.02845 -0.01389)
(0.00669 0.02998 -0.01215)
(0.01135 0.02742 -0.01373)
(0.01697 0.02595 -0.01236)
(0.02034 0.02361 -0.01416)
(0.01810 0.02457 -0.01301)
(0.02226 0.02178 -0.01482)
(0.03785 0.00815 -0.02572)
(0.02720 0.01638 -0.01837)
(0.03938 0.00573 -0.02792)
(0.04847 -0.00062 -0.03314)
(0.04771 -0.00786 -0.03727)
(0.04688 -0.00765 -0.03760)
(0.05177 -0.01217 -0.04421)
(0.04348 -0.01440 -0.04613)
(0.04135 -0.01403 -0.04613)
(0.03799 -0.01344 -0.04485)
(0.03036 -0.01081 -0.03971)
(0.02561 -0.00146 -0.03186)
(0.02513 -0.00020 -0.02944)
(0.02083 0.00145 -0.02621)
(0.03777 -0.00150 -0.02804)
(0.05003 -0.01110 -0.03438)
(0.05359 -0.01265 -0.03616)
(0.08304 -0.03291 -0.05015)
(0.09522 -0.04170 -0.05881)
(0.10212 -0.04848 -0.06405)
(0.09903 -0.04566 -0.06167)
(0.11586 -0.06362 -0.07630)
(0.11721 -0.06774 -0.08333)
(0.12179 -0.07529 -0.09773)
(0.12355 -0.07685 -0.09520)
(0.11341 -0.06539 -0.08925)
(0.10970 -0.06200 -0.08795)
(0.10715 -0.05893 -0.08632)
(0.09517 -0.04387 -0.07670)
(0.08476 -0.02943 -0.06475)
(0.08347 -0.02716 -0.06341)
(0.08158 -0.02352 -0.06108)
(0.08106 -0.02273 -0.06216)
(0.07080 -0.00867 -0.05516)
(0.06273 0.00321 -0.05149)
(0.02050 0.00250 -0.01841)
(-0.00417 -0.00082 0.00378)
(0.00150 0.00023 -0.00136)
(0.04251 0.00386 -0.04592)
(0.03957 0.00681 -0.04288)
(0.03637 0.00914 -0.03965)
(0.02928 0.01246 -0.03422)
(0.02350 0.01216 -0.03165)
(0.02398 0.01554 -0.02962)
(0.01637 0.02208 -0.02158)
(0.00939 0.02671 -0.01571)
(0.00916 0.02650 -0.01644)
(0.00781 0.02802 -0.01472)
(0.00651 0.02949 -0.01291)
(0.00601 0.02986 -0.01101)
(0.01109 0.02801 -0.01063)
(0.01382 0.02307 -0.01482)
(0.02361 0.01689 -0.01766)
(0.03420 0.00849 -0.02262)
(0.03727 0.00292 -0.02806)
(0.04424 -0.00485 -0.03414)
(0.04472 -0.00627 -0.03618)
(0.04807 -0.00975 -0.04070)
(0.04248 -0.01075 -0.04153)
(0.03993 -0.01360 -0.04499)
(0.03636 -0.01299 -0.04364)
(0.03180 -0.01329 -0.03759)
(0.02560 -0.00708 -0.03467)
(0.02406 -0.00573 -0.03222)
(0.02305 -0.00421 -0.03010)
(0.03284 -0.00473 -0.02866)
(0.04708 -0.01009 -0.03408)
(0.05076 -0.01178 -0.03631)
(0.06619 -0.02217 -0.04433)
(0.08339 -0.03338 -0.05287)
(0.08739 -0.03577 -0.05125)
(0.10436 -0.05320 -0.06961)
(0.11330 -0.06027 -0.07463)
(0.11147 -0.06165 -0.08095)
(0.11981 -0.07228 -0.08848)
(0.11782 -0.07251 -0.09073)
(0.11334 -0.06335 -0.09135)
(0.11693 -0.06827 -0.08895)
(0.11078 -0.06376 -0.08908)
(0.10769 -0.06107 -0.08790)
(0.10689 -0.05958 -0.08685)
(0.09998 -0.05178 -0.08304)
(0.08875 -0.03447 -0.07007)
(0.08740 -0.03749 -0.07067)
(0.08730 -0.03155 -0.06895)
(0.08363 -0.02698 -0.06271)
(0.07713 -0.01521 -0.06143)
(0.07105 -0.00633 -0.05641)
(0.06772 -0.00380 -0.05576)
(0.05122 0.00199 -0.04395)
(0.01159 0.00115 -0.01052)
(0.00291 0.00016 -0.00305)
(0.00740 0.00035 -0.00777)
(0.03871 0.00439 -0.04327)
(0.03216 0.00769 -0.03982)
(0.02291 0.00818 -0.03492)
(0.02127 0.01113 -0.03243)
(0.02241 0.01111 -0.03220)
(0.01734 0.01500 -0.02708)
(0.01376 0.01738 -0.02496)
(0.01370 0.01786 -0.02426)
(0.00891 0.02370 -0.01898)
(0.00696 0.02377 -0.01836)
(0.00401 0.02757 -0.01462)
(0.00753 0.02599 -0.01283)
(0.00409 0.02717 -0.01125)
(0.01799 0.01727 -0.01873)
(0.02110 0.01466 -0.02043)
(0.03101 0.00862 -0.02310)
(0.02829 0.00609 -0.02630)
(0.04063 -0.00212 -0.03222)
(0.03223 0.00071 -0.03256)
(0.04065 -0.00674 -0.03746)
(0.03372 -0.00604 -0.03628)
(0.03317 -0.01058 -0.03943)
(0.02930 -0.01088 -0.03456)
(0.03091 -0.01317 -0.03403)
(0.01978 -0.01187 -0.03182)
(0.02540 -0.01140 -0.03225)
(0.03211 -0.01456 -0.02789)
(0.03430 -0.01108 -0.02987)
(0.04085 -0.01284 -0.03011)
(0.04622 -0.01340 -0.03028)
(0.05459 -0.01286 -0.03662)
(0.06392 -0.02101 -0.04133)
(0.07137 -0.02768 -0.04855)
(0.09295 -0.04391 -0.06385)
(0.10785 -0.05802 -0.07286)
(0.10390 -0.05387 -0.07455)
(0.10973 -0.05788 -0.08577)
(0.10347 -0.05459 -0.08805)
(0.10113 -0.05277 -0.08715)
(0.10028 -0.05536 -0.08604)
(0.09534 -0.04855 -0.07871)
(0.08936 -0.04533 -0.07746)
(0.09385 -0.05006 -0.07956)
(0.08770 -0.03995 -0.07034)
(0.08276 -0.03011 -0.06297)
(0.08021 -0.02559 -0.05996)
(0.07749 -0.01637 -0.05836)
(0.07549 -0.01473 -0.05989)
(0.05219 -0.00724 -0.04084)
(0.02641 -0.00339 -0.02088)
(0.00998 -0.00120 -0.00795)
(0.00169 0.00012 -0.00210)
(0.02610 0.00437 -0.03308)
(0.02441 0.00720 -0.03696)
(0.01776 0.00727 -0.03415)
(0.01723 0.00765 -0.03360)
(0.01609 0.00840 -0.03255)
(0.01780 0.01247 -0.03004)
(0.01351 0.00974 -0.03117)
(0.01353 0.01460 -0.02748)
(0.00751 0.02019 -0.02211)
(0.00710 0.02006 -0.02126)
(0.00948 0.01674 -0.02288)
(0.00955 0.02056 -0.01988)
(0.00694 0.02490 -0.01397)
(0.00635 0.02358 -0.01621)
(0.01200 0.01928 -0.01724)
(0.01737 0.01103 -0.02622)
(0.01999 0.01048 -0.02403)
(0.02639 0.00601 -0.02763)
(0.02162 0.00477 -0.02919)
(0.02476 0.00139 -0.03090)
(0.02125 0.00037 -0.03064)
(0.02906 -0.00641 -0.03462)
(0.02166 -0.00185 -0.03058)
(0.03284 -0.01112 -0.03286)
(0.03558 -0.01396 -0.03348)
(0.02221 -0.01264 -0.03202)
(0.02713 -0.01293 -0.03024)
(0.03811 -0.01757 -0.02275)
(0.03703 -0.01466 -0.02490)
(0.04025 -0.01759 -0.02235)
(0.04078 -0.01388 -0.03068)
(0.04557 -0.01452 -0.03094)
(0.05164 -0.01571 -0.02554)
(0.05068 -0.01303 -0.03097)
(0.06015 -0.02043 -0.03599)
(0.06438 -0.02201 -0.04350)
(0.06922 -0.02737 -0.04742)
(0.08338 -0.03602 -0.05666)
(0.08538 -0.03958 -0.06182)
(0.09161 -0.04551 -0.06890)
(0.09828 -0.04648 -0.07871)
(0.08868 -0.03786 -0.07483)
(0.08586 -0.03529 -0.07750)
(0.08565 -0.03847 -0.08108)
(0.08798 -0.04208 -0.08229)
(0.08456 -0.03942 -0.07470)
(0.08506 -0.03978 -0.07368)
(0.07765 -0.03305 -0.07029)
(0.08512 -0.04065 -0.06911)
(0.07482 -0.03052 -0.05702)
(0.07979 -0.02958 -0.06229)
(0.07427 -0.02737 -0.05554)
(0.07692 -0.02082 -0.05784)
(0.07365 -0.01799 -0.05724)
(0.07381 -0.02710 -0.05507)
(0.05849 -0.01392 -0.04575)
(0.01313 -0.00212 -0.00946)
(0.00036 0.00004 -0.00053)
(0.01436 0.00476 -0.02367)
(0.01125 0.00542 -0.02534)
(0.01480 0.00784 -0.03271)
(0.01412 0.00880 -0.03180)
(0.01337 0.00804 -0.03208)
(0.01302 0.00877 -0.03157)
(0.00885 0.01402 -0.02645)
(0.01124 0.01258 -0.02743)
(0.01205 0.01339 -0.02703)
(0.01480 0.01450 -0.02604)
(0.01211 0.01465 -0.02720)
(0.01222 0.01584 -0.02410)
(0.01291 0.01614 -0.02356)
(0.01231 0.01203 -0.02807)
(0.01400 0.01143 -0.02785)
(0.01341 0.01115 -0.02892)
(0.02241 0.00671 -0.02976)
(0.01792 0.00658 -0.02875)
(0.01985 0.00472 -0.02935)
(0.02159 0.00247 -0.02850)
(0.01910 0.00194 -0.02468)
(0.02787 -0.00506 -0.02440)
(0.03269 -0.00978 -0.02131)
(0.03333 -0.01403 -0.02718)
(0.03221 -0.01349 -0.02286)
(0.04062 -0.01879 -0.02145)
(0.04195 -0.01870 -0.02080)
(0.04080 -0.01726 -0.02264)
(0.04367 -0.01460 -0.02369)
(0.04894 -0.01779 -0.02691)
(0.05156 -0.01615 -0.02976)
(0.05898 -0.02309 -0.03383)
(0.06100 -0.02436 -0.04589)
(0.06657 -0.02728 -0.05098)
(0.06759 -0.02810 -0.05358)
(0.07785 -0.03793 -0.06646)
(0.08127 -0.03098 -0.07543)
(0.07900 -0.02913 -0.07557)
(0.08264 -0.03664 -0.08049)
(0.07519 -0.02888 -0.07850)
(0.07994 -0.03143 -0.07532)
(0.06404 -0.02343 -0.06503)
(0.07501 -0.02982 -0.06688)
(0.06335 -0.02294 -0.06304)
(0.07509 -0.03260 -0.05895)
(0.07159 -0.02857 -0.05376)
(0.07253 -0.02804 -0.05391)
(0.07035 -0.02044 -0.05475)
(0.05266 -0.01473 -0.04011)
(0.06718 -0.02619 -0.04953)
(0.01758 -0.00424 -0.01241)
(0.00353 -0.00085 -0.00249)
(-0.00041 -0.00007 0.00075)
(0.00596 0.00222 -0.01263)
(0.00664 0.00359 -0.01920)
(0.01340 0.00727 -0.03269)
(0.01290 0.00718 -0.03237)
(0.01519 0.00661 -0.03399)
(0.01368 0.00878 -0.03161)
(0.01433 0.00734 -0.03235)
(0.01625 0.00824 -0.03517)
(0.01675 0.00721 -0.03612)
(0.01599 0.00812 -0.03505)
(0.01316 0.01119 -0.02868)
(0.01155 0.01118 -0.03009)
(0.01213 0.01136 -0.02944)
(0.01062 0.01169 -0.03008)
(0.01116 0.00949 -0.03016)
(0.01584 0.00696 -0.02847)
(0.01191 0.01053 -0.02250)
(0.00929 0.01084 -0.01794)
(0.02215 -0.00057 -0.02200)
(0.02143 -0.00159 -0.01336)
(0.03124 -0.01020 -0.01767)
(0.03340 -0.01164 -0.01718)
(0.04012 -0.01581 -0.01585)
(0.04345 -0.01898 -0.01785)
(0.04235 -0.01832 -0.02020)
(0.04275 -0.01560 -0.01735)
(0.04547 -0.01813 -0.02078)
(0.04875 -0.02068 -0.02772)
(0.04637 -0.02013 -0.02149)
(0.04543 -0.02007 -0.02885)
(0.05272 -0.01946 -0.03201)
(0.05746 -0.02202 -0.04378)
(0.06147 -0.02405 -0.04744)
(0.06205 -0.02437 -0.04998)
(0.06126 -0.02345 -0.05202)
(0.05960 -0.02200 -0.06066)
(0.07628 -0.02647 -0.07288)
(0.07377 -0.02412 -0.07257)
(0.06251 -0.01469 -0.07050)
(0.06575 -0.02132 -0.07091)
(0.05940 -0.01477 -0.06774)
(0.05945 -0.01872 -0.06319)
(0.05924 -0.01898 -0.06139)
(0.06538 -0.02280 -0.05880)
(0.05911 -0.01944 -0.06000)
(0.06939 -0.02782 -0.05271)
(0.07074 -0.02823 -0.05270)
(0.06848 -0.02761 -0.05180)
(0.05982 -0.02447 -0.04382)
(0.03800 -0.01365 -0.02757)
(0.00706 -0.00252 -0.00494)
(-0.00415 0.00151 0.00286)
(-0.00136 -0.00023 0.00320)
(0.00041 0.00003 -0.00118)
(0.00463 0.00143 -0.01491)
(0.01260 0.00630 -0.03508)
(0.01100 0.00580 -0.03549)
(0.01337 0.00499 -0.03439)
(0.01656 0.00184 -0.03744)
(0.01640 0.00305 -0.03645)
(0.01355 0.00566 -0.03528)
(0.01750 0.00626 -0.03698)
(0.01765 0.00580 -0.03790)
(0.01681 0.00656 -0.03718)
(0.01714 0.00452 -0.03939)
(0.00946 0.01061 -0.03402)
(0.00851 0.00940 -0.03573)
(0.01042 0.01125 -0.03105)
(0.00825 0.01208 -0.03132)
(0.00856 0.01109 -0.03247)
(-0.00109 0.01751 -0.02730)
(0.00206 0.01555 -0.02361)
(-0.01199 0.02117 -0.02624)
(0.00497 0.01395 -0.01854)
(0.00687 0.01300 -0.01668)
(0.01516 0.00647 -0.01551)
(0.01711 0.00550 -0.01022)
(0.03074 -0.00832 -0.01490)
(0.03342 -0.01003 -0.01414)
(0.03770 -0.01204 -0.00933)
(0.04456 -0.01346 -0.00928)
(0.04354 -0.01861 -0.01709)
(0.05044 -0.01635 -0.01028)
(0.04591 -0.01887 -0.01457)
(0.04597 -0.01933 -0.01423)
(0.04639 -0.01908 -0.01519)
(0.04427 -0.02013 -0.02634)
(0.04417 -0.02025 -0.02650)
(0.04380 -0.01368 -0.02679)
(0.04584 -0.01639 -0.03740)
(0.05777 -0.02224 -0.04631)
(0.05685 -0.02083 -0.04854)
(0.04365 -0.00918 -0.04455)
(0.05142 -0.01043 -0.05782)
(0.04532 -0.00212 -0.06114)
(0.04326 -0.00146 -0.06202)
(0.04782 -0.00826 -0.05867)
(0.03451 0.00287 -0.05011)
(0.05521 -0.01496 -0.06024)
(0.05600 -0.01660 -0.05924)
(0.04764 -0.01394 -0.04981)
(0.05737 -0.01949 -0.05059)
(0.05702 -0.02225 -0.04988)
(0.06728 -0.02781 -0.05025)
(0.02411 -0.00981 -0.01673)
(0.02325 -0.01039 -0.01644)
(0.00053 -0.00024 -0.00034)
(-0.00180 -0.00013 0.00525)
(0.00749 0.00143 -0.02475)
(0.00917 0.00251 -0.03447)
(-0.00142 0.00005 0.00459)
(0.00188 0.00001 -0.00636)
(0.01236 0.00006 -0.03919)
(0.01291 0.00055 -0.03775)
(0.01463 0.00290 -0.03705)
(0.01729 -0.00464 -0.04235)
(0.01994 -0.00026 -0.04084)
(0.01805 -0.00011 -0.04087)
(0.01581 0.00375 -0.03770)
(0.01887 -0.00302 -0.04299)
(0.01656 0.00055 -0.03990)
(0.01724 0.00569 -0.03885)
(0.01468 0.00340 -0.03997)
(0.00771 0.00785 -0.03887)
(0.00811 0.00914 -0.03756)
(0.00536 0.00871 -0.04340)
(0.00381 0.01059 -0.03875)
(-0.00018 0.01465 -0.03457)
(-0.00807 0.02042 -0.02943)
(-0.01579 0.02391 -0.02560)
(-0.00655 0.01940 -0.02174)
(-0.00261 0.01995 -0.01817)
(0.00891 0.01233 -0.01492)
(0.01675 0.00774 -0.00817)
(0.02755 -0.00365 -0.00787)
(0.03197 -0.00627 -0.01031)
(0.03893 -0.01015 -0.00768)
(0.04317 -0.00859 0.00067)
(0.04610 -0.00991 0.00262)
(0.04949 -0.01643 -0.01207)
(0.04536 -0.01387 -0.01044)
(0.04238 -0.01484 -0.01261)
(0.04154 -0.01845 -0.01811)
(0.04371 -0.01758 -0.02016)
(0.04344 -0.02066 -0.02418)
(0.03948 -0.01641 -0.02123)
(0.04036 -0.01547 -0.02654)
(0.03685 -0.01268 -0.02652)
(0.04366 -0.01491 -0.03959)
(0.03723 -0.00690 -0.03953)
(0.02603 0.00655 -0.04237)
(0.02884 0.00462 -0.04230)
(0.03720 -0.00011 -0.05066)
(0.03318 0.00123 -0.05315)
(0.03042 0.00284 -0.04623)
(0.02892 0.00697 -0.04829)
(0.04461 -0.00541 -0.05516)
(0.03056 0.00423 -0.04881)
(0.03309 0.00187 -0.05024)
(0.05285 -0.01360 -0.05886)
(0.04736 -0.01062 -0.05383)
(0.04793 -0.01539 -0.05080)
(0.04866 -0.01802 -0.04791)
(0.05185 -0.01896 -0.04834)
(0.02399 -0.01005 -0.01879)
(-0.00196 0.00093 0.00134)
(0.00263 -0.00113 -0.00201)
(0.00097 -0.00029 -0.00311)
(0.00733 -0.00132 -0.02350)
(0.01150 -0.00758 -0.02952)
(0.01755 -0.01072 -0.04327)
(0.01869 -0.01123 -0.04398)
(0.01935 -0.00230 -0.04319)
(0.01950 -0.00486 -0.04529)
(0.01945 -0.00632 -0.04606)
(0.01596 -0.00474 -0.04396)
(0.01105 0.00290 -0.04382)
(0.00870 0.00433 -0.04439)
(0.00290 0.01010 -0.04147)
(-0.00633 0.01689 -0.03814)
(-0.00750 0.01905 -0.03269)
(-0.01150 0.02271 -0.02990)
(-0.00973 0.02394 -0.02115)
(-0.00565 0.02380 -0.01415)
(-0.00225 0.02192 -0.01174)
(0.00041 0.02117 -0.00970)
(0.01934 0.00679 -0.00577)
(0.00884 0.01738 -0.00338)
(0.03299 -0.00039 -0.00115)
(0.03959 -0.00416 -0.00448)
(0.04098 -0.00477 -0.00207)
(0.04577 -0.00719 -0.00157)
(0.04747 -0.00801 -0.00274)
(0.04901 -0.01319 -0.00663)
(0.04488 -0.01102 -0.00968)
(0.04384 -0.01072 -0.01028)
(0.04202 -0.01246 -0.00950)
(0.03944 -0.01623 -0.01323)
(0.04086 -0.01887 -0.01576)
(0.03844 -0.01920 -0.01765)
(0.03705 -0.01958 -0.02116)
(0.03486 -0.01715 -0.02149)
(0.03192 -0.00726 -0.02315)
(0.03728 -0.01146 -0.03371)
(0.03167 -0.00229 -0.03645)
(0.02762 0.00347 -0.03874)
(0.02184 0.00804 -0.03875)
(0.01370 0.01544 -0.03459)
(0.02208 0.01087 -0.04199)
(0.02884 0.00503 -0.04802)
(0.02417 0.00908 -0.04514)
(0.02332 0.00865 -0.04353)
(0.04247 -0.01058 -0.04841)
(0.03343 -0.00181 -0.04796)
(0.04533 -0.01550 -0.04939)
(0.04525 -0.01569 -0.04921)
(0.03434 -0.01298 -0.03430)
(0.01622 -0.00680 -0.01433)
(-0.00097 0.00031 0.00090)
(-0.00606 0.00264 0.00459)
(0.00130 -0.00094 -0.00348)
(0.00591 -0.00408 -0.01550)
(0.00814 -0.00618 -0.02079)
(0.01773 -0.01214 -0.04370)
(0.01903 -0.01269 -0.04468)
(0.01956 -0.00875 -0.04530)
(0.01862 -0.01325 -0.04443)
(0.01919 -0.01035 -0.04673)
(0.01887 -0.00592 -0.04671)
(0.01738 -0.00620 -0.04461)
(0.02016 -0.00753 -0.04729)
(0.01640 -0.00634 -0.04475)
(0.01402 -0.00082 -0.04580)
(0.00715 0.00395 -0.04616)
(-0.00012 0.01135 -0.04439)
(-0.00706 0.01864 -0.03945)
(-0.00953 0.02111 -0.03678)
(-0.01009 0.02229 -0.03567)
(-0.00881 0.02290 -0.02498)
(-0.00520 0.02426 -0.01495)
(-0.00276 0.02295 -0.01275)
(-0.00007 0.02201 -0.01147)
(0.00306 0.02062 -0.00907)
(0.02679 0.00864 0.00045)
(0.03387 0.00375 0.00015)
(0.04106 0.00205 -0.00181)
(0.04629 0.00010 -0.00185)
(0.04602 -0.00283 -0.00268)
(0.04777 -0.00961 -0.00864)
(0.04713 -0.01042 -0.01023)
(0.04643 -0.01141 -0.01163)
(0.04000 -0.01310 -0.01409)
(0.03879 -0.01653 -0.01437)
(0.03726 -0.01916 -0.01544)
(0.03501 -0.01609 -0.01965)
(0.03384 -0.01407 -0.01968)
(0.02752 -0.00981 -0.02378)
(0.02784 -0.00383 -0.02669)
(0.02600 -0.00724 -0.02433)
(0.02391 -0.00211 -0.02677)
(0.01743 0.00933 -0.03063)
(0.01348 0.01444 -0.03307)
(0.01299 0.01512 -0.03430)
(0.01336 0.01606 -0.03594)
(0.01256 0.01577 -0.03594)
(0.01589 0.01282 -0.04207)
(0.01985 0.00956 -0.04399)
(0.02018 0.01151 -0.04796)
(0.02526 0.00460 -0.04552)
(0.02923 0.00046 -0.04636)
(0.03243 -0.00304 -0.04533)
(0.02648 -0.00246 -0.03658)
(0.02174 -0.00531 -0.02423)
(0.00386 -0.00102 -0.00420)
(-0.00258 0.00071 0.00255)
(0.00213 -0.00172 -0.00554)
(0.00195 -0.00175 -0.00492)
(0.01231 -0.00988 -0.03030)
(0.01909 -0.01566 -0.04497)
(0.01927 -0.01154 -0.04651)
(0.01987 -0.01279 -0.04908)
(0.01953 -0.01117 -0.04909)
(0.01605 -0.00698 -0.04962)
(0.01414 -0.00155 -0.05020)
(0.01211 -0.00092 -0.05374)
(0.00189 0.00701 -0.04707)
(-0.00336 0.01340 -0.04193)
(-0.00790 0.01996 -0.03850)
(-0.00858 0.02132 -0.03759)
(-0.01022 0.02337 -0.03481)
(-0.00512 0.02361 -0.02628)
(-0.00295 0.02370 -0.01440)
(-0.00054 0.02287 -0.01384)
(0.01068 0.01955 -0.01227)
(0.02443 0.01396 -0.00542)
(0.03352 0.00855 -0.00297)
(0.04325 0.00683 -0.00426)
(0.04555 0.00535 -0.00557)
(0.04711 0.00440 -0.00676)
(0.04866 -0.00898 -0.01002)
(0.04880 -0.00565 -0.01242)
(0.04790 -0.00966 -0.01150)
(0.04696 -0.01078 -0.01292)
(0.04160 -0.01302 -0.01743)
(0.04204 -0.01722 -0.02038)
(0.04429 -0.02105 -0.02249)
(0.03803 -0.01667 -0.01502)
(0.03782 -0.02084 -0.01929)
(0.04019 -0.02248 -0.02278)
(0.03490 -0.01541 -0.01961)
(0.02849 -0.01139 -0.02293)
(0.02725 -0.00930 -0.02343)
(0.02561 -0.00712 -0.02378)
(0.02170 -0.00303 -0.02573)
(0.01328 0.01376 -0.03159)
(0.01273 0.01421 -0.03273)
(0.01568 0.00956 -0.03156)
(0.01215 0.01504 -0.03428)
(0.01614 0.01057 -0.04342)
(0.01205 0.01713 -0.03738)
(0.01661 0.01162 -0.04473)
(0.02129 0.01256 -0.04817)
(0.01690 0.01245 -0.04604)
(0.02564 0.00716 -0.05197)
(0.02748 0.00443 -0.05045)
(0.01263 -0.00158 -0.01699)
(0.00980 0.00175 -0.01773)
(0.00213 -0.00024 -0.00285)
(0.01039 -0.00927 -0.02490)
(0.00266 -0.00255 -0.00646)
(0.00919 -0.01178 -0.02403)
(0.01988 -0.01754 -0.04751)
(0.01968 -0.02079 -0.05002)
(0.01909 -0.01580 -0.05065)
(0.01494 -0.00887 -0.05291)
(0.01401 -0.00345 -0.05416)
(0.01243 -0.00229 -0.05413)
(0.00548 0.00178 -0.05000)
(0.00097 0.00646 -0.04828)
(-0.00738 0.01984 -0.04013)
(-0.00965 0.02467 -0.03548)
(-0.00304 0.02556 -0.02417)
(0.00090 0.02576 -0.02591)
(0.01041 0.02208 -0.01938)
(0.02365 0.01593 -0.00910)
(0.02957 0.01302 -0.00680)
(0.04295 0.00645 -0.00555)
(0.04541 0.00634 -0.00717)
(0.04714 0.00515 -0.00841)
(0.05043 -0.00302 -0.01529)
(0.04875 -0.00896 -0.01277)
(0.04951 -0.00722 -0.01922)
(0.04795 -0.00996 -0.01892)
(0.04763 -0.01004 -0.01402)
(0.04745 -0.01247 -0.01985)
(0.04280 -0.01388 -0.02178)
(0.04515 -0.02020 -0.02771)
(0.04540 -0.02279 -0.02759)
(0.04036 -0.02262 -0.02414)
(0.03809 -0.01922 -0.02040)
(0.03817 -0.01859 -0.02088)
(0.03175 -0.01444 -0.02289)
(0.02856 -0.01115 -0.02303)
(0.02798 -0.01029 -0.02349)
(0.02691 -0.00923 -0.02392)
(0.02504 -0.00701 -0.02388)
(0.01952 -0.00086 -0.02651)
(0.01585 0.00532 -0.03195)
(0.01197 0.01398 -0.03275)
(0.01158 0.00946 -0.03242)
(0.01261 0.01422 -0.03733)
(0.01254 0.01482 -0.04328)
(0.00966 0.01451 -0.04339)
(0.01943 0.01302 -0.04815)
(0.02166 0.00596 -0.04306)
(0.01473 0.00878 -0.03604)
(0.01700 0.00466 -0.03345)
(0.00481 0.00134 -0.00924)
(0.00178 0.00034 -0.00320)
(0.00012 -0.00017 -0.00032)
(0.00322 -0.00442 -0.00850)
(0.00067 -0.00098 -0.00174)
(0.01356 -0.01791 -0.03333)
(0.01541 -0.01313 -0.05180)
(0.00685 -0.01282 -0.02702)
(0.01748 -0.01881 -0.05076)
(0.00976 -0.01254 -0.05154)
(0.01314 -0.00383 -0.05432)
(0.00351 -0.00030 -0.05019)
(0.00793 -0.00093 -0.05111)
(0.00092 0.00538 -0.04947)
(-0.00484 0.01307 -0.04781)
(-0.00718 0.01783 -0.04775)
(-0.00726 0.02308 -0.04065)
(-0.00569 0.02495 -0.04078)
(-0.00388 0.02963 -0.03332)
(-0.00358 0.03020 -0.03357)
(0.00844 0.02495 -0.03032)
(0.02123 0.01943 -0.01736)
(0.01604 0.02231 -0.02453)
(0.03039 0.01362 -0.01607)
(0.03715 0.01091 -0.01412)
(0.04335 0.00618 -0.01518)
(0.04595 0.00359 -0.01223)
(0.04872 -0.00243 -0.01866)
(0.04914 -0.00356 -0.02204)
(0.05036 -0.00526 -0.02624)
(0.04731 -0.01189 -0.02648)
(0.04740 -0.01195 -0.02511)
(0.04199 -0.01512 -0.02534)
(0.04586 -0.01384 -0.02731)
(0.04005 -0.01909 -0.02805)
(0.04469 -0.02196 -0.02863)
(0.03943 -0.02100 -0.02468)
(0.04085 -0.02197 -0.02381)
(0.03867 -0.01796 -0.02403)
(0.03854 -0.01783 -0.02429)
(0.03317 -0.01487 -0.02408)
(0.03027 -0.01060 -0.02624)
(0.02179 -0.00369 -0.02940)
(0.01676 0.00141 -0.03127)
(0.01262 0.00138 -0.03039)
(0.01594 0.00344 -0.03267)
(0.01281 0.00995 -0.03669)
(0.01221 0.00987 -0.04091)
(0.01096 0.01201 -0.04326)
(0.01174 0.01636 -0.04517)
(0.00995 0.00919 -0.03317)
(0.00868 0.01103 -0.03293)
(0.00348 0.00336 -0.00990)
(0.00340 0.00151 -0.00776)
(-0.00199 0.00542 0.00811)
(0.00024 -0.00049 -0.00086)
(0.00548 -0.01318 -0.03784)
(-0.00007 0.00027 0.00055)
(0.00164 -0.00597 -0.01235)
(0.00011 -0.01073 -0.04287)
(0.00042 -0.01030 -0.04766)
(-0.00151 -0.00124 -0.04957)
(-0.00198 -0.00845 -0.04744)
(-0.00179 -0.00740 -0.04791)
(-0.00125 0.00767 -0.05046)
(-0.00772 0.01611 -0.04782)
(-0.00957 0.02132 -0.04627)
(-0.00926 0.02310 -0.04534)
(-0.00672 0.02764 -0.03625)
(-0.00483 0.02786 -0.03861)
(0.01088 0.02500 -0.04053)
(0.01873 0.02184 -0.03969)
(0.02434 0.01731 -0.02723)
(0.02221 0.02003 -0.03895)
(0.03519 0.01219 -0.02297)
(0.04086 0.00967 -0.02289)
(0.04612 0.00335 -0.02602)
(0.04727 -0.00068 -0.02601)
(0.04724 -0.00299 -0.02811)
(0.04944 -0.00464 -0.02784)
(0.04839 -0.00838 -0.02872)
(0.04652 -0.01508 -0.03119)
(0.04148 -0.01690 -0.03166)
(0.04221 -0.01692 -0.02878)
(0.04083 -0.01951 -0.02639)
(0.03983 -0.01724 -0.02987)
(0.04049 -0.01995 -0.02731)
(0.03894 -0.02056 -0.02494)
(0.04106 -0.02074 -0.02532)
(0.04137 -0.02113 -0.02679)
(0.04188 -0.02128 -0.02651)
(0.04363 -0.02247 -0.02622)
(0.03999 -0.01874 -0.02514)
(0.04344 -0.02197 -0.02865)
(0.04031 -0.01733 -0.02706)
(0.03606 -0.01506 -0.02686)
(0.03605 -0.01397 -0.02916)
(0.02966 -0.01022 -0.03150)
(0.02100 -0.00260 -0.03202)
(0.01456 0.00077 -0.03130)
(0.02058 0.00081 -0.03810)
(0.01283 0.00727 -0.03640)
(0.01356 0.01015 -0.04012)
(0.01649 0.00440 -0.03473)
(0.00946 0.00394 -0.02143)
(0.00444 0.00319 -0.01238)
(0.00179 0.00164 -0.00501)
(-0.00048 -0.00045 0.00128)
(-0.00173 -0.00156 0.00465)
(-0.00134 -0.00125 0.00357)
(-0.00079 0.00327 0.00652)
(-0.00006 -0.00076 -0.00259)
(-0.00015 -0.00636 -0.02330)
(0.00001 0.00243 0.00713)
(-0.00098 -0.00359 -0.01505)
(-0.00190 -0.00786 -0.03834)
(-0.00785 0.00033 -0.04859)
(-0.00335 -0.00553 -0.03519)
(-0.00398 -0.00627 -0.04476)
(-0.01336 0.01234 -0.04727)
(-0.01175 0.01760 -0.04789)
(-0.01105 0.02477 -0.04984)
(-0.00859 0.02748 -0.04636)
(-0.00997 0.02914 -0.04889)
(0.00093 0.02545 -0.04429)
(0.01784 0.02279 -0.04243)
(0.02051 0.02127 -0.04208)
(0.02346 0.01964 -0.04156)
(0.02543 0.01855 -0.03833)
(0.03769 0.00992 -0.03163)
(0.04254 0.00384 -0.03215)
(0.04485 -0.00076 -0.03058)
(0.04691 -0.00310 -0.03111)
(0.04443 -0.00739 -0.03349)
(0.04324 -0.00980 -0.03291)
(0.04094 -0.01511 -0.03397)
(0.03857 -0.01644 -0.03204)
(0.03829 -0.01733 -0.03178)
(0.03748 -0.01732 -0.02988)
(0.04118 -0.02125 -0.02679)
(0.04181 -0.02127 -0.02668)
(0.04193 -0.02136 -0.02649)
(0.04270 -0.02167 -0.02679)
(0.04502 -0.02162 -0.02723)
(0.04196 -0.02004 -0.03102)
(0.04214 -0.01919 -0.03545)
(0.04079 -0.01862 -0.03750)
(0.03542 -0.01424 -0.03293)
(0.03879 -0.01456 -0.04069)
(0.03623 -0.01268 -0.03876)
(0.03223 -0.00902 -0.03950)
(0.02999 -0.00623 -0.03818)
(0.02236 -0.00548 -0.03291)
(0.00996 0.00147 -0.01888)
(0.00468 0.00120 -0.00942)
(-0.00015 -0.00006 0.00031)
(-0.00189 -0.00048 0.00371)
(-0.00223 -0.00087 0.00474)
(0.00001 0.00003 0.00013)
(0.00030 0.00032 0.00156)
(-0.00114 -0.00194 -0.00967)
(-0.01281 0.00522 -0.03590)
(-0.00696 0.00209 -0.01449)
(-0.01692 0.01408 -0.04441)
(-0.01631 0.01655 -0.04593)
(-0.01366 0.02723 -0.04994)
(-0.01932 0.02199 -0.04815)
(-0.01307 0.02808 -0.04981)
(-0.01186 0.02859 -0.04972)
(-0.00945 0.02955 -0.05035)
(0.00715 0.02546 -0.04886)
(0.01893 0.02262 -0.04496)
(0.02146 0.02092 -0.04447)
(0.02437 0.01890 -0.04409)
(0.02634 0.01815 -0.04123)
(0.03626 0.00846 -0.03966)
(0.04214 0.00131 -0.04200)
(0.04181 -0.00304 -0.03930)
(0.04306 -0.00610 -0.04135)
(0.03962 -0.01003 -0.03652)
(0.03894 -0.01107 -0.03622)
(0.03758 -0.01646 -0.03240)
(0.03735 -0.01705 -0.03191)
(0.03605 -0.01741 -0.03139)
(0.03684 -0.01772 -0.03095)
(0.04060 -0.01959 -0.03162)
(0.04110 -0.02125 -0.02633)
(0.03901 -0.02055 -0.03040)
(0.04057 -0.02117 -0.02566)
(0.04188 -0.02138 -0.02625)
(0.04397 -0.02101 -0.03192)
(0.04553 -0.02052 -0.03641)
(0.04250 -0.01880 -0.03651)
(0.04288 -0.01863 -0.03728)
(0.04439 -0.01895 -0.04815)
(0.04186 -0.01756 -0.04777)
(0.03964 -0.01630 -0.04571)
(0.02395 -0.00969 -0.02786)
(0.01225 -0.00479 -0.01476)
(0.00518 -0.00048 -0.00743)
(0.00029 0.00004 -0.00052)
(-0.00220 0.00004 0.00334)
(-0.00215 -0.00029 0.00391)
(-0.00165 0.00043 -0.00333)
(-0.00387 0.00198 -0.00819)
(-0.01022 0.00562 -0.02239)
(-0.00471 0.00361 -0.00967)
(-0.01323 0.01434 -0.03145)
(-0.01319 0.02499 -0.04477)
(-0.00700 0.01035 -0.01832)
(-0.00810 0.01697 -0.02965)
(-0.01261 0.02867 -0.04998)
(-0.01023 0.02968 -0.05121)
(0.00255 0.02682 -0.05127)
(-0.00001 0.02889 -0.05314)
(0.01128 0.02603 -0.05130)
(0.02074 0.02155 -0.04613)
(0.01886 0.02316 -0.05440)
(0.02644 0.01625 -0.05629)
(0.03322 0.00781 -0.04860)
(0.03660 0.00558 -0.04758)
(0.03613 0.00392 -0.05323)
(0.03890 -0.00227 -0.04818)
(0.04055 -0.00477 -0.04695)
(0.03976 -0.00511 -0.04806)
(0.03885 -0.00693 -0.04664)
(0.03832 -0.00846 -0.04354)
(0.03780 -0.01057 -0.04142)
(0.03626 -0.01519 -0.03475)
(0.03272 -0.01415 -0.03880)
(0.03525 -0.01717 -0.03219)
(0.03472 -0.01751 -0.03093)
(0.03246 -0.01912 -0.02911)
(0.03084 -0.01604 -0.03236)
(0.03286 -0.01833 -0.03060)
(0.02581 -0.01702 -0.02813)
(0.02866 -0.01738 -0.02840)
(0.03648 -0.01761 -0.03646)
(0.03978 -0.01926 -0.03998)
(0.03272 -0.01457 -0.03380)
(0.03101 -0.01236 -0.03064)
(0.03678 -0.01551 -0.03476)
(0.03314 -0.01378 -0.03659)
(0.01320 -0.00519 -0.01304)
(0.00996 -0.00404 -0.01128)
(0.00706 -0.00280 -0.00829)
(-0.00137 0.00053 0.00164)
(-0.00094 0.00071 -0.00190)
(-0.00221 0.00289 -0.00607)
(-0.00176 0.00322 -0.00636)
(-0.00058 0.00180 -0.00352)
(0.00051 0.00437 -0.00921)
(0.00082 0.01937 -0.03690)
(0.00693 0.02222 -0.04666)
(0.00198 0.00768 -0.01578)
(0.00442 0.01209 -0.02661)
(0.01235 0.01492 -0.03650)
(0.02236 0.01562 -0.05516)
(0.01386 0.01009 -0.03543)
(0.02727 0.01029 -0.05462)
(0.03451 0.00421 -0.05620)
(0.02696 0.00528 -0.05092)
(0.03240 0.00035 -0.05562)
(0.03523 -0.00473 -0.05096)
(0.03551 -0.00827 -0.04728)
(0.02772 -0.01155 -0.04782)
(0.02618 -0.01283 -0.04312)
(0.02564 -0.01455 -0.04038)
(0.02267 -0.01394 -0.03832)
(0.01697 -0.01512 -0.03274)
(0.02817 -0.01638 -0.03367)
(0.02460 -0.01765 -0.03160)
(0.01130 -0.00856 -0.02258)
(0.01786 -0.01189 -0.02370)
(0.01451 -0.01069 -0.01214)
(0.01897 -0.01236 -0.02007)
(0.00496 -0.00362 -0.00482)
(0.00690 -0.00427 -0.00897)
(0.00652 -0.00310 -0.00762)
(0.01280 -0.00528 -0.01400)
(-0.00053 0.00021 0.00061)
(0.00325 -0.00130 -0.00371)
(0.00216 -0.00086 -0.00210)
(-0.00048 -0.00476 0.01065)
(-0.00121 -0.00479 0.00985)
(0.00183 0.00367 -0.00988)
(-0.00163 -0.00329 0.00890)
(-0.00109 -0.00087 0.00347)
(0.00744 0.00557 -0.01948)
(0.00937 0.00430 -0.02203)
(-0.00014 -0.00008 0.00040)
(-0.00012 -0.00004 0.00032)
(0.01036 0.00218 -0.02145)
(0.01724 0.00079 -0.03418)
(0.00343 0.00024 -0.00839)
(0.00748 -0.00249 -0.02002)
(0.01184 -0.00530 -0.03243)
(0.00395 -0.00174 -0.01132)
(0.00766 -0.00414 -0.01736)
(0.00716 -0.00625 -0.01762)
(0.01052 -0.00973 -0.02128)
(0.00087 -0.00082 -0.00227)
(0.00163 -0.00171 -0.00382)
(-0.00015 0.00020 0.00051)
(0.00708 -0.00548 -0.01473)
(0.00374 -0.00339 -0.00767)
(-0.00157 0.00153 0.00390)
(-0.00119 0.00081 0.00178)
(-0.00275 0.00139 0.00429)
(-0.00443 0.00190 0.00551)
(0.00092 -0.00030 -0.00253)
(0.00140 -0.00061 -0.00408)
(0.00116 -0.00076 -0.00354)
(-0.00041 0.00049 0.00126)
)