/*--------------------------------*- C++ -*----------------------------------*\ 
| =========                 |                                                 | 
| \\      /  F ield         | OpenFOAM: The Open Source CFD Toolbox           | 
|  \\    /   O peration     | Version:  4.0                                   | 
|   \\  /    A nd           | Web:      www.OpenFOAM.org                      | 
|    \\/     M anipulation  |                                                 | 
\*---------------------------------------------------------------------------*/ 
FoamFile 
{ 
    version     2.0; 
    format      ascii; 
    class       vectorAverageField; 
    object      values; 
} 
// * * * * * * * * * * * * * * * * * * * * * * * * * * * * * * * * * * * * * // 
 
// Average 
(0 0 0) 
 
// Velocity data on points 
2447
(
(-0.00333 0.00228 0.00284)
(0.00229 -0.00144 -0.00173)
(0.01038 -0.00561 -0.00684)
(0.00457 -0.00199 -0.00222)
(-0.00773 0.00315 0.00361)
(0.03033 -0.01414 -0.01846)
(0.01340 -0.00552 -0.00652)
(0.04103 -0.01216 -0.02058)
(0.00448 -0.00130 -0.00213)
(-0.00660 0.00175 0.00315)
(0.02793 -0.00754 -0.01395)
(0.00581 -0.00142 -0.00287)
(-0.00556 0.00089 0.00285)
(0.02809 -0.00521 -0.01603)
(0.00173 -0.00008 -0.00089)
(-0.00524 0.00015 0.00273)
(0.01761 -0.00054 -0.00941)
(0.00087 0.00001 -0.00047)
(-0.00520 -0.00061 0.00307)
(0.00105 0.00012 -0.00062)
(-0.00210 0.00224 0.00501)
(0.00096 -0.00068 -0.00146)
(-0.00062 0.00056 0.00099)
(-0.00044 0.00032 0.00048)
(0.02483 -0.01687 -0.02619)
(0.02377 -0.01601 -0.01992)
(0.03193 -0.02037 -0.02464)
(0.04392 -0.02437 -0.03051)
(0.06860 -0.04194 -0.05290)
(0.07734 -0.04311 -0.05542)
(0.07415 -0.03496 -0.04742)
(0.06387 -0.02477 -0.03515)
(0.08879 -0.03754 -0.05930)
(0.08709 -0.02651 -0.04653)
(0.07278 -0.02018 -0.03858)
(0.05903 -0.01488 -0.03136)
(0.09508 -0.02702 -0.05284)
(0.09199 -0.02366 -0.05112)
(0.08727 -0.01690 -0.05427)
(0.05545 -0.01050 -0.03288)
(0.04688 -0.00428 -0.02830)
(0.08241 -0.00908 -0.06077)
(0.07680 -0.00734 -0.05541)
(0.05238 -0.00051 -0.03164)
(0.03045 0.00120 -0.01904)
(0.06214 0.00290 -0.04107)
(0.02506 0.00347 -0.01563)
(0.00787 0.00160 -0.00491)
(0.03308 0.00832 -0.02502)
(0.00480 0.00156 -0.00293)
(-0.00069 -0.00031 0.00038)
(-0.00176 0.00092 0.00356)
(0.00100 -0.00048 -0.00169)
(0.00379 -0.00215 -0.00603)
(0.01292 -0.00739 -0.01870)
(0.03547 -0.01954 -0.05005)
(0.02905 -0.01938 -0.03842)
(0.05726 -0.03912 -0.05773)
(0.06226 -0.03553 -0.06671)
(0.06372 -0.04129 -0.06445)
(0.07390 -0.04319 -0.06245)
(0.07814 -0.04088 -0.06706)
(0.08384 -0.04346 -0.06795)
(0.08585 -0.03837 -0.06602)
(0.09328 -0.03275 -0.06315)
(0.08568 -0.03881 -0.06904)
(0.08720 -0.03657 -0.06986)
(0.09325 -0.03090 -0.06470)
(0.09089 -0.02508 -0.06291)
(0.08479 -0.02460 -0.07127)
(0.08217 -0.01517 -0.06765)
(0.08137 -0.01178 -0.06987)
(0.08286 -0.01400 -0.07484)
(0.07575 -0.00646 -0.06180)
(0.07013 0.00242 -0.05695)
(0.06717 0.00981 -0.05115)
(0.06186 0.00741 -0.05410)
(0.05566 0.01647 -0.04373)
(0.04075 0.01223 -0.02884)
(0.02519 0.00876 -0.01774)
(0.05286 0.01789 -0.04331)
(0.03532 0.01498 -0.02660)
(0.01598 0.00764 -0.01036)
(0.00104 0.00049 -0.00055)
(0.00903 0.00588 -0.00497)
(-0.00348 -0.00223 0.00190)
(-0.00671 -0.00404 0.00355)
(-0.00004 0.00003 0.00016)
(0.00227 -0.00109 -0.00565)
(0.00905 -0.00449 -0.01762)
(0.02105 -0.00888 -0.03243)
(0.03172 -0.01328 -0.05191)
(0.03304 -0.01385 -0.05063)
(0.04430 -0.01782 -0.06729)
(0.04881 -0.02161 -0.07079)
(0.04543 -0.02421 -0.06335)
(0.05886 -0.03171 -0.06832)
(0.06709 -0.02274 -0.08317)
(0.06525 -0.02908 -0.07728)
(0.06769 -0.03416 -0.07287)
(0.07003 -0.03697 -0.07403)
(0.07216 -0.03531 -0.07970)
(0.07522 -0.03841 -0.08134)
(0.07633 -0.03829 -0.08224)
(0.08134 -0.04083 -0.08033)
(0.08564 -0.03993 -0.07728)
(0.08160 -0.03530 -0.07958)
(0.08206 -0.03249 -0.07789)
(0.07908 -0.02262 -0.07398)
(0.07862 -0.01602 -0.07297)
(0.07916 -0.01231 -0.07090)
(0.06913 -0.00567 -0.06756)
(0.06085 0.00174 -0.06437)
(0.05121 0.00725 -0.06361)
(0.05271 0.01889 -0.04785)
(0.05044 0.01079 -0.05844)
(0.05196 0.01762 -0.04422)
(0.04788 0.02126 -0.04041)
(0.04749 0.02935 -0.03915)
(0.04624 0.02903 -0.03689)
(0.03146 0.01917 -0.02064)
(0.00974 0.00455 -0.00446)
(0.05205 0.02412 -0.02889)
(0.03389 0.01608 -0.01813)
(0.00484 0.00213 -0.00208)
(0.00184 0.00061 -0.00071)
(-0.00130 0.00114 0.00272)
(0.00345 -0.00185 -0.00728)
(0.00727 -0.00397 -0.01792)
(0.01879 -0.00773 -0.03963)
(0.02362 -0.00982 -0.04630)
(0.04215 -0.01004 -0.06248)
(0.04949 -0.01603 -0.06891)
(0.05064 -0.01642 -0.07216)
(0.05409 -0.01776 -0.07497)
(0.06727 -0.01919 -0.08468)
(0.06757 -0.02141 -0.08436)
(0.06815 -0.02350 -0.08441)
(0.06803 -0.02018 -0.08563)
(0.06830 -0.02165 -0.08593)
(0.07197 -0.03175 -0.08148)
(0.07380 -0.03592 -0.08408)
(0.07476 -0.03660 -0.08406)
(0.07604 -0.03757 -0.08426)
(0.07912 -0.03837 -0.08353)
(0.07580 -0.03453 -0.08604)
(0.07775 -0.03423 -0.08167)
(0.07398 -0.02642 -0.07784)
(0.06841 -0.02043 -0.08092)
(0.06696 -0.01537 -0.07705)
(0.06052 -0.01044 -0.07783)
(0.05136 0.00348 -0.06808)
(0.04965 0.00591 -0.06632)
(0.04848 0.00801 -0.06445)
(0.04768 0.00961 -0.06251)
(0.05069 0.01649 -0.05396)
(0.04716 0.02900 -0.04018)
(0.04774 0.02987 -0.03921)
(0.04730 0.02971 -0.04073)
(0.05431 0.02704 -0.03633)
(0.05397 0.02462 -0.02497)
(0.06126 0.02759 -0.02861)
(0.05150 0.02029 -0.02132)
(0.02859 0.00665 -0.00802)
(0.00307 0.00069 -0.00085)
(0.06155 0.00954 -0.01452)
(0.01480 0.00194 -0.00323)
(0.00083 0.00011 -0.00018)
(0.00226 -0.00179 -0.00362)
(0.00836 -0.00504 -0.01228)
(0.03041 -0.01228 -0.04202)
(0.03609 -0.01727 -0.04719)
(0.05535 -0.01615 -0.06466)
(0.06430 -0.01542 -0.07197)
(0.06533 -0.01477 -0.07389)
(0.06623 -0.01516 -0.07343)
(0.06704 -0.01428 -0.07516)
(0.06300 -0.01611 -0.07776)
(0.06725 -0.01756 -0.08493)
(0.06812 -0.01651 -0.08610)
(0.06822 -0.01756 -0.08644)
(0.06826 -0.01872 -0.08684)
(0.06827 -0.01972 -0.08730)
(0.07214 -0.02647 -0.09118)
(0.07328 -0.03411 -0.08565)
(0.06976 -0.02363 -0.09057)
(0.06963 -0.02896 -0.08862)
(0.07385 -0.03471 -0.08642)
(0.07534 -0.03682 -0.08598)
(0.07493 -0.03251 -0.08575)
(0.07107 -0.03062 -0.08530)
(0.06793 -0.03247 -0.09168)
(0.07232 -0.03253 -0.08618)
(0.06944 -0.02914 -0.08172)
(0.06376 -0.02299 -0.08569)
(0.06193 -0.02079 -0.08453)
(0.06034 -0.01894 -0.08365)
(0.05411 -0.00505 -0.07455)
(0.04819 0.00449 -0.06907)
(0.04728 0.00673 -0.06762)
(0.04644 0.00894 -0.06609)
(0.04505 0.01538 -0.06206)
(0.04763 0.01985 -0.05300)
(0.05233 0.02548 -0.04516)
(0.05118 0.03092 -0.03832)
(0.06249 0.02893 -0.02917)
(0.07098 0.02423 -0.03016)
(0.07673 0.02181 -0.03016)
(0.09086 0.01372 -0.02021)
(0.05697 0.00773 -0.01226)
(0.07176 0.00850 -0.01376)
(0.02358 0.00251 -0.00455)
(0.01148 0.00097 -0.00196)
(-0.00118 0.00138 0.00153)
(0.00016 -0.00023 -0.00032)
(0.01974 -0.01611 -0.02385)
(0.04137 -0.02176 -0.04657)
(0.05103 -0.02157 -0.05742)
(0.05667 -0.01607 -0.06373)
(0.06775 -0.01607 -0.07308)
(0.06787 -0.01484 -0.07466)
(0.06936 -0.01434 -0.07586)
(0.06841 -0.01368 -0.08023)
(0.07094 -0.01167 -0.08537)
(0.06869 -0.01522 -0.08715)
(0.06896 -0.00969 -0.09016)
(0.06858 -0.01534 -0.08805)
(0.06823 -0.01697 -0.08803)
(0.06966 -0.01969 -0.09118)
(0.06943 -0.01439 -0.09091)
(0.06791 -0.01679 -0.08931)
(0.06874 -0.01951 -0.09053)
(0.06879 -0.02430 -0.08886)
(0.06903 -0.02774 -0.08968)
(0.06867 -0.03016 -0.08856)
(0.06621 -0.03141 -0.09327)
(0.06515 -0.02907 -0.09019)
(0.06123 -0.02196 -0.08558)
(0.05939 -0.01990 -0.08481)
(0.05290 -0.01135 -0.08254)
(0.04741 -0.00120 -0.07530)
(0.04509 0.00328 -0.07380)
(0.04580 0.00746 -0.06964)
(0.04448 0.01478 -0.06459)
(0.04808 0.02198 -0.05622)
(0.04492 0.02478 -0.05875)
(0.05600 0.02741 -0.04119)
(0.06647 0.02457 -0.03417)
(0.06948 0.02423 -0.03112)
(0.07694 0.02271 -0.03096)
(0.08531 0.02113 -0.02567)
(0.09268 0.01427 -0.01873)
(0.09426 0.01233 -0.01791)
(0.03725 0.00336 -0.00628)
(0.09624 0.01146 -0.01577)
(0.07479 0.00745 -0.01244)
(0.02852 0.00077 -0.00398)
(0.00232 0.00000 -0.00023)
(-0.00216 0.00432 0.00333)
(0.00007 -0.00015 -0.00011)
(0.00840 -0.00897 -0.01029)
(0.01986 -0.01781 -0.02373)
(0.04587 -0.02604 -0.05003)
(0.04190 -0.02836 -0.04435)
(0.05368 -0.02444 -0.05430)
(0.05377 -0.01944 -0.05836)
(0.06575 -0.02160 -0.06478)
(0.07222 -0.01864 -0.07104)
(0.06522 -0.01108 -0.07208)
(0.07282 -0.01087 -0.07952)
(0.07140 -0.00873 -0.08339)
(0.07484 -0.00870 -0.08810)
(0.07233 -0.00920 -0.08933)
(0.07077 -0.01153 -0.08639)
(0.06803 -0.00982 -0.08970)
(0.06397 -0.00718 -0.09434)
(0.06567 -0.01342 -0.09104)
(0.06892 -0.02474 -0.08876)
(0.06999 -0.02869 -0.08787)
(0.06858 -0.02693 -0.08670)
(0.06471 -0.02612 -0.08694)
(0.06407 -0.02721 -0.08549)
(0.06131 -0.02292 -0.08614)
(0.05946 -0.02070 -0.08546)
(0.05253 -0.01503 -0.08659)
(0.04949 -0.00832 -0.08420)
(0.04320 -0.00119 -0.08339)
(0.04033 0.00856 -0.07553)
(0.03961 0.01239 -0.07293)
(0.04162 0.02407 -0.06686)
(0.05366 0.02835 -0.04609)
(0.06923 0.02510 -0.03195)
(0.07309 0.02828 -0.03377)
(0.08142 0.02423 -0.02871)
(0.09104 0.02135 -0.01835)
(0.08334 0.02420 -0.02558)
(0.09401 0.01992 -0.01447)
(0.09664 0.01259 -0.01423)
(0.10266 0.00955 -0.01303)
(0.10175 0.01231 -0.01221)
(0.07300 0.00088 -0.00672)
(0.02034 0.00006 -0.00181)
(0.01188 -0.00024 -0.00036)
(-0.00013 0.00023 0.00016)
(0.00381 -0.00761 -0.00481)
(0.02846 -0.02645 -0.02969)
(0.03661 -0.03379 -0.03625)
(0.04982 -0.03439 -0.04626)
(0.06453 -0.03516 -0.05519)
(0.06000 -0.03076 -0.05408)
(0.06579 -0.02852 -0.06096)
(0.06569 -0.03281 -0.05599)
(0.07329 -0.02752 -0.06658)
(0.07438 -0.02641 -0.06837)
(0.07681 -0.01603 -0.07370)
(0.07884 -0.01634 -0.07608)
(0.07776 -0.01394 -0.07731)
(0.08002 -0.01235 -0.08194)
(0.07333 -0.00599 -0.08390)
(0.07802 -0.01138 -0.08260)
(0.07820 -0.00747 -0.08586)
(0.07353 -0.00605 -0.08620)
(0.07158 -0.00825 -0.08542)
(0.07056 -0.01149 -0.08578)
(0.06835 -0.01346 -0.08775)
(0.06868 -0.01347 -0.08815)
(0.06993 -0.01919 -0.08475)
(0.07082 -0.02255 -0.08084)
(0.07122 -0.02442 -0.08052)
(0.07065 -0.02530 -0.08093)
(0.06339 -0.02445 -0.08439)
(0.05803 -0.02343 -0.08848)
(0.05363 -0.01720 -0.08684)
(0.04912 -0.01016 -0.08473)
(0.04504 -0.00465 -0.08570)
(0.04079 0.00002 -0.08522)
(0.04315 0.00878 -0.07835)
(0.03915 0.01778 -0.07215)
(0.04453 0.01880 -0.06941)
(0.05202 0.02486 -0.05751)
(0.05722 0.03197 -0.05416)
(0.06057 0.03095 -0.04668)
(0.06426 0.03297 -0.04499)
(0.07516 0.02856 -0.03048)
(0.08191 0.02713 -0.02422)
(0.09072 0.02460 -0.01846)
(0.09364 0.02402 -0.01609)
(0.10404 0.01803 -0.01309)
(0.10632 0.01205 -0.01208)
(0.10273 0.00195 -0.00902)
(0.03868 -0.00146 -0.00536)
(-0.00457 0.00019 0.00071)
(0.08054 0.00398 -0.01125)
(0.00204 -0.00317 -0.00209)
(0.01185 -0.01625 -0.01248)
(0.01836 -0.02227 -0.01651)
(0.02368 -0.02742 -0.02488)
(0.04817 -0.03681 -0.04380)
(0.06258 -0.03602 -0.05348)
(0.06707 -0.03596 -0.05658)
(0.06746 -0.03516 -0.05714)
(0.07135 -0.03491 -0.05984)
(0.07890 -0.02919 -0.06949)
(0.08072 -0.01836 -0.07568)
(0.08036 -0.01655 -0.07667)
(0.07800 -0.01437 -0.07723)
(0.08309 -0.01399 -0.08410)
(0.08172 -0.01416 -0.08346)
(0.07651 -0.01151 -0.08341)
(0.07444 -0.01207 -0.08435)
(0.07309 -0.01077 -0.07959)
(0.07882 -0.01534 -0.07892)
(0.07222 -0.01419 -0.08098)
(0.06999 -0.01772 -0.08098)
(0.07176 -0.02190 -0.07880)
(0.07216 -0.02325 -0.07845)
(0.07234 -0.02416 -0.07844)
(0.06968 -0.02304 -0.08003)
(0.06015 -0.02395 -0.08563)
(0.06457 -0.02261 -0.07709)
(0.05649 -0.02328 -0.08468)
(0.05098 -0.01690 -0.08344)
(0.05121 -0.00596 -0.08373)
(0.04631 -0.00161 -0.08506)
(0.04707 0.01220 -0.07786)
(0.04698 0.01544 -0.07535)
(0.04807 0.01724 -0.07346)
(0.05212 0.02301 -0.06309)
(0.05804 0.02717 -0.05379)
(0.06163 0.03260 -0.04864)
(0.06383 0.03272 -0.04609)
(0.06655 0.03302 -0.04167)
(0.08032 0.02997 -0.02754)
(0.08817 0.02881 -0.01677)
(0.09708 0.02221 -0.01711)
(0.10394 0.01659 -0.01227)
(0.10932 0.01359 -0.01261)
(0.10683 0.01371 -0.01310)
(0.11044 0.00830 -0.01489)
(0.07465 -0.00095 -0.01454)
(0.00584 -0.00037 -0.00133)
(-0.00213 0.00014 0.00054)
(-0.00094 0.00116 0.00088)
(0.00151 -0.00181 -0.00140)
(0.01127 -0.01309 -0.01035)
(0.03364 -0.03635 -0.03044)
(0.04127 -0.03802 -0.03860)
(0.04105 -0.04247 -0.03699)
(0.05033 -0.03818 -0.04534)
(0.06566 -0.03659 -0.05552)
(0.07107 -0.03568 -0.05937)
(0.07104 -0.03655 -0.05925)
(0.07526 -0.03617 -0.06202)
(0.08780 -0.03070 -0.07350)
(0.08761 -0.03638 -0.07193)
(0.08291 -0.01913 -0.07652)
(0.08362 -0.01958 -0.07933)
(0.08892 -0.02092 -0.08383)
(0.08712 -0.01909 -0.08038)
(0.08805 -0.02116 -0.08302)
(0.08116 -0.01719 -0.07811)
(0.07827 -0.01592 -0.07803)
(0.08072 -0.01770 -0.07726)
(0.07805 -0.01635 -0.07691)
(0.07348 -0.02209 -0.07672)
(0.07389 -0.02285 -0.07638)
(0.07405 -0.02350 -0.07650)
(0.07388 -0.02360 -0.07539)
(0.06838 -0.02318 -0.07399)
(0.06081 -0.02235 -0.08052)
(0.05694 -0.01094 -0.07587)
(0.05529 -0.00938 -0.07693)
(0.05425 -0.00796 -0.07759)
(0.04874 0.00711 -0.08160)
(0.04866 0.01527 -0.07492)
(0.04985 0.01862 -0.07155)
(0.05802 0.02427 -0.05829)
(0.06194 0.03228 -0.04949)
(0.06396 0.03234 -0.04760)
(0.07133 0.03085 -0.03693)
(0.08629 0.02784 -0.02150)
(0.08747 0.02655 -0.01955)
(0.08984 0.02579 -0.01583)
(0.10173 0.01798 -0.01414)
(0.10372 0.01650 -0.01397)
(0.10576 0.01478 -0.01443)
(0.10763 0.01320 -0.01504)
(0.09301 -0.00115 -0.02272)
(0.03109 -0.00187 -0.00776)
(0.01223 -0.00080 -0.00325)
(-0.01248 0.00087 0.00334)
(0.00287 -0.00368 -0.00284)
(0.01252 -0.01431 -0.01153)
(0.02382 -0.02621 -0.02177)
(0.02096 -0.02311 -0.01926)
(0.04165 -0.04248 -0.03767)
(0.04411 -0.04262 -0.03934)
(0.06707 -0.03819 -0.05665)
(0.05977 -0.03682 -0.05420)
(0.07150 -0.03756 -0.05976)
(0.07548 -0.03755 -0.06221)
(0.08820 -0.03873 -0.07250)
(0.10035 -0.03816 -0.07996)
(0.09392 -0.03194 -0.08025)
(0.09727 -0.03308 -0.08261)
(0.09257 -0.03050 -0.08063)
(0.08715 -0.02406 -0.08029)
(0.09661 -0.02835 -0.08463)
(0.09391 -0.02740 -0.08312)
(0.08927 -0.02245 -0.08010)
(0.08341 -0.01965 -0.07717)
(0.08060 -0.01807 -0.07601)
(0.08322 -0.01979 -0.07588)
(0.08157 -0.02061 -0.07248)
(0.08068 -0.02303 -0.07300)
(0.07838 -0.02255 -0.07064)
(0.07843 -0.02432 -0.06821)
(0.07632 -0.01988 -0.06646)
(0.06620 -0.02033 -0.07491)
(0.06188 -0.01654 -0.07717)
(0.05749 -0.01007 -0.07535)
(0.05615 -0.00833 -0.07629)
(0.05436 0.00210 -0.07938)
(0.04967 0.01344 -0.07637)
(0.05174 0.01500 -0.07435)
(0.05171 0.01769 -0.07191)
(0.06042 0.02296 -0.05936)
(0.06689 0.02800 -0.04861)
(0.06918 0.02811 -0.04670)
(0.07153 0.02979 -0.03656)
(0.07573 0.02703 -0.03947)
(0.08230 0.02937 -0.02515)
(0.08444 0.02908 -0.02240)
(0.08584 0.02619 -0.02452)
(0.09308 0.02268 -0.01700)
(0.10045 0.01810 -0.01524)
(0.10257 0.01676 -0.01521)
(0.10385 0.01557 -0.01587)
(0.10494 0.01447 -0.01672)
(0.10704 0.01321 -0.01705)
(0.10890 0.00692 -0.02457)
(0.10336 -0.00215 -0.02642)
(0.04185 -0.00182 -0.01143)
(-0.00493 0.00034 0.00137)
(-0.00017 0.00020 0.00016)
(0.00263 -0.00292 -0.00259)
(0.01654 -0.01791 -0.01617)
(0.03683 -0.03862 -0.03367)
(0.04385 -0.03805 -0.04269)
(0.05112 -0.03903 -0.04720)
(0.05340 -0.03651 -0.05026)
(0.06193 -0.03986 -0.05561)
(0.06995 -0.03716 -0.06140)
(0.07466 -0.04027 -0.06762)
(0.07325 -0.03715 -0.06713)
(0.07631 -0.03551 -0.06758)
(0.08099 -0.03372 -0.07247)
(0.09528 -0.03701 -0.07899)
(0.10538 -0.03866 -0.08396)
(0.10580 -0.03877 -0.08596)
(0.09907 -0.03210 -0.08555)
(0.09829 -0.03053 -0.08242)
(0.09696 -0.02947 -0.08159)
(0.09712 -0.03117 -0.07981)
(0.09544 -0.03042 -0.07867)
(0.09272 -0.03055 -0.07198)
(0.08451 -0.02228 -0.06927)
(0.09171 -0.02988 -0.06876)
(0.08821 -0.02350 -0.06529)
(0.08857 -0.02482 -0.06341)
(0.07955 -0.02107 -0.06289)
(0.07771 -0.01994 -0.06285)
(0.07122 -0.01904 -0.06892)
(0.07746 -0.01564 -0.06104)
(0.06764 -0.01298 -0.06904)
(0.06084 -0.01018 -0.07267)
(0.05739 -0.00317 -0.07300)
(0.05890 0.00240 -0.07529)
(0.05775 0.00565 -0.07651)
(0.06179 0.01153 -0.06905)
(0.05980 0.01734 -0.07068)
(0.06788 0.02000 -0.05930)
(0.07370 0.02563 -0.05428)
(0.07504 0.02580 -0.05305)
(0.07829 0.02367 -0.04731)
(0.08424 0.02428 -0.03428)
(0.08599 0.02214 -0.03417)
(0.08897 0.02361 -0.02454)
(0.09143 0.02194 -0.02259)
(0.09417 0.01871 -0.02348)
(0.09831 0.01303 -0.02850)
(0.10338 0.01102 -0.02121)
(0.10943 0.00317 -0.03352)
(0.11283 0.00007 -0.03136)
(0.10374 0.00754 -0.03243)
(0.11315 -0.00099 -0.03585)
(0.05704 -0.00253 -0.01893)
(0.00329 -0.00022 -0.00111)
(-0.00676 0.00042 0.00229)
(0.00192 -0.00154 -0.00182)
(0.00796 -0.00827 -0.00784)
(0.04249 -0.03908 -0.04133)
(0.04744 -0.03263 -0.04867)
(0.04923 -0.03499 -0.04907)
(0.05484 -0.03443 -0.05430)
(0.05033 -0.03235 -0.05307)
(0.06474 -0.03658 -0.06199)
(0.07643 -0.04052 -0.06972)
(0.07523 -0.03357 -0.07336)
(0.07618 -0.03233 -0.07187)
(0.08606 -0.03210 -0.07914)
(0.09200 -0.03407 -0.08298)
(0.10089 -0.03880 -0.08780)
(0.10584 -0.03958 -0.08788)
(0.10550 -0.03965 -0.08739)
(0.10270 -0.03486 -0.08658)
(0.10306 -0.03855 -0.08205)
(0.10146 -0.03694 -0.07952)
(0.09757 -0.03443 -0.07420)
(0.09866 -0.03463 -0.07024)
(0.09351 -0.02851 -0.06571)
(0.09262 -0.02520 -0.06115)
(0.08549 -0.02207 -0.05873)
(0.08218 -0.01759 -0.05273)
(0.08032 -0.01640 -0.05271)
(0.06979 -0.01287 -0.06398)
(0.06408 -0.00875 -0.06495)
(0.06354 0.00183 -0.06629)
(0.06329 0.00389 -0.06718)
(0.06593 0.00838 -0.06732)
(0.06836 0.01159 -0.06698)
(0.06714 0.01753 -0.06185)
(0.07012 0.01797 -0.06224)
(0.07533 0.02452 -0.05170)
(0.07761 0.02440 -0.05019)
(0.08586 0.02004 -0.04625)
(0.08694 0.02092 -0.04185)
(0.08748 0.02017 -0.04060)
(0.08655 0.02103 -0.03461)
(0.09152 0.02017 -0.02527)
(0.08949 0.01778 -0.03420)
(0.09314 0.01701 -0.02505)
(0.09300 0.01490 -0.02735)
(0.09250 0.01232 -0.03164)
(0.10225 0.00803 -0.03236)
(0.10908 0.00176 -0.03553)
(0.11244 -0.00084 -0.03569)
(0.10637 0.00135 -0.03435)
(0.07296 -0.00225 -0.02433)
(0.01376 -0.00079 -0.00465)
(0.00619 -0.00017 -0.00221)
(-0.00338 0.00256 0.00318)
(0.01310 -0.01027 -0.01245)
(0.00131 -0.00098 -0.00124)
(0.01685 -0.01243 -0.01596)
(0.04425 -0.03153 -0.04256)
(0.05026 -0.03318 -0.05178)
(0.05075 -0.02944 -0.05148)
(0.04772 -0.03021 -0.05187)
(0.04883 -0.02926 -0.05487)
(0.05319 -0.03106 -0.05795)
(0.05248 -0.02551 -0.06262)
(0.06267 -0.03054 -0.06637)
(0.06695 -0.02861 -0.06998)
(0.07871 -0.03081 -0.08264)
(0.08269 -0.03186 -0.08479)
(0.09115 -0.03462 -0.08675)
(0.09964 -0.03921 -0.08679)
(0.10554 -0.04031 -0.08906)
(0.10614 -0.04068 -0.08762)
(0.10918 -0.04280 -0.08509)
(0.10446 -0.03968 -0.07866)
(0.10150 -0.03738 -0.06826)
(0.09924 -0.03773 -0.06262)
(0.09724 -0.03310 -0.06740)
(0.09482 -0.03151 -0.06253)
(0.08762 -0.02304 -0.05602)
(0.08218 -0.01792 -0.05088)
(0.08058 -0.01662 -0.05056)
(0.07887 -0.01539 -0.05253)
(0.07200 -0.00690 -0.06176)
(0.06420 0.00212 -0.06325)
(0.06389 0.00405 -0.06402)
(0.06690 0.00609 -0.06451)
(0.07226 0.01161 -0.06250)
(0.07827 0.01475 -0.06021)
(0.08567 0.01848 -0.05280)
(0.08654 0.01925 -0.05141)
(0.08471 0.02199 -0.04775)
(0.08760 0.01932 -0.04459)
(0.08798 0.02016 -0.04265)
(0.08846 0.01958 -0.04206)
(0.08793 0.01936 -0.03995)
(0.08801 0.01931 -0.03625)
(0.08989 0.01677 -0.03279)
(0.09112 0.01515 -0.03195)
(0.09463 0.01227 -0.03453)
(0.09629 0.01217 -0.03178)
(0.09711 0.01004 -0.03397)
(0.10320 0.00362 -0.03599)
(0.09900 0.00236 -0.03657)
(0.07530 -0.00107 -0.02714)
(0.01421 -0.00022 -0.00510)
(-0.00344 0.00239 0.00319)
(0.00630 -0.00430 -0.00587)
(0.03658 -0.02572 -0.03489)
(0.02987 -0.01969 -0.02818)
(0.03951 -0.02567 -0.03748)
(0.04779 -0.02453 -0.05001)
(0.04861 -0.02748 -0.05232)
(0.04876 -0.02493 -0.05540)
(0.05012 -0.02041 -0.06143)
(0.04972 -0.01947 -0.06260)
(0.06399 -0.02495 -0.07052)
(0.07471 -0.02847 -0.08166)
(0.07661 -0.02886 -0.08329)
(0.07964 -0.03011 -0.08564)
(0.08300 -0.03168 -0.08633)
(0.09068 -0.03647 -0.08886)
(0.10069 -0.03843 -0.08983)
(0.10680 -0.04222 -0.09088)
(0.10138 -0.04151 -0.08291)
(0.10748 -0.04237 -0.08791)
(0.10451 -0.04210 -0.07746)
(0.10406 -0.04184 -0.07559)
(0.10044 -0.04000 -0.06359)
(0.09734 -0.03607 -0.05972)
(0.09592 -0.03503 -0.05749)
(0.08217 -0.01845 -0.04894)
(0.08109 -0.01737 -0.04847)
(0.07909 -0.01514 -0.05021)
(0.07780 -0.01366 -0.04964)
(0.07475 -0.00372 -0.04987)
(0.07174 0.00388 -0.04751)
(0.06930 0.00909 -0.05966)
(0.07480 0.01252 -0.05157)
(0.08084 0.01243 -0.05645)
(0.08633 0.01852 -0.05248)
(0.08784 0.01874 -0.05152)
(0.08817 0.01925 -0.05052)
(0.09070 0.02027 -0.04783)
(0.08907 0.01973 -0.04410)
(0.08948 0.01939 -0.04402)
(0.08880 0.01902 -0.04203)
(0.09026 0.02004 -0.04201)
(0.09055 0.01887 -0.03651)
(0.09055 0.01828 -0.03542)
(0.09119 0.01587 -0.03863)
(0.09433 0.01400 -0.03663)
(0.09511 0.01288 -0.03662)
(0.09412 0.01408 -0.03760)
(0.09464 0.01298 -0.03747)
(0.09533 0.01182 -0.03768)
(0.09658 0.00344 -0.03658)
(0.09688 -0.00024 -0.03532)
(0.08600 0.00095 -0.03127)
(0.02166 0.00008 -0.00773)
(-0.00654 -0.00000 0.00232)
(-0.00144 0.00089 0.00131)
(0.01152 -0.00700 -0.01059)
(0.04192 -0.01614 -0.03816)
(0.04588 -0.02375 -0.04478)
(0.04759 -0.01653 -0.04503)
(0.04501 -0.02068 -0.04872)
(0.05002 -0.02015 -0.05606)
(0.04850 -0.01898 -0.06006)
(0.04806 -0.01802 -0.06139)
(0.05081 -0.01409 -0.06622)
(0.05858 -0.01924 -0.07187)
(0.07274 -0.02673 -0.08227)
(0.07592 -0.02824 -0.08462)
(0.07916 -0.03005 -0.08861)
(0.08373 -0.03244 -0.08893)
(0.09331 -0.03894 -0.09243)
(0.09804 -0.04078 -0.09087)
(0.09943 -0.04301 -0.08558)
(0.10513 -0.04736 -0.08139)
(0.10757 -0.04803 -0.07916)
(0.10458 -0.04445 -0.07004)
(0.09798 -0.03781 -0.06008)
(0.09887 -0.03970 -0.06057)
(0.09611 -0.03618 -0.05704)
(0.08877 -0.02653 -0.04832)
(0.08144 -0.02051 -0.04101)
(0.07971 -0.01560 -0.04803)
(0.07672 -0.00999 -0.04401)
(0.07188 0.00020 -0.04129)
(0.06981 0.00637 -0.03797)
(0.07579 0.00936 -0.04363)
(0.07851 0.01014 -0.04451)
(0.08130 0.01162 -0.05225)
(0.08548 0.01679 -0.05458)
(0.08902 0.01841 -0.05158)
(0.08920 0.01899 -0.05100)
(0.09170 0.01744 -0.05383)
(0.09276 0.01778 -0.04858)
(0.09107 0.01760 -0.05256)
(0.09138 0.02073 -0.04524)
(0.09046 0.02024 -0.04526)
(0.09028 0.01965 -0.04045)
(0.09189 0.01706 -0.04156)
(0.08954 0.01834 -0.04563)
(0.09157 0.01892 -0.03900)
(0.09367 0.01531 -0.03827)
(0.09394 0.01369 -0.03804)
(0.09475 0.01109 -0.04172)
(0.08819 0.01107 -0.03560)
(0.09430 0.00142 -0.03464)
(0.08800 0.00542 -0.03215)
(0.02872 0.00076 -0.01013)
(-0.00127 -0.00003 0.00044)
(0.00090 -0.00019 -0.00074)
(0.02324 -0.00703 -0.01953)
(0.01953 -0.00306 -0.01585)
(0.04758 -0.01253 -0.04222)
(0.04928 -0.01312 -0.04448)
(0.04764 -0.01530 -0.04682)
(0.04675 -0.01435 -0.04983)
(0.04228 -0.00664 -0.05089)
(0.04576 -0.01484 -0.05566)
(0.04697 -0.01700 -0.06000)
(0.03948 -0.00677 -0.06101)
(0.04832 -0.01060 -0.06842)
(0.06445 -0.02092 -0.08146)
(0.06352 -0.02113 -0.08134)
(0.08684 -0.03696 -0.09248)
(0.10688 -0.04975 -0.10840)
(0.09512 -0.04254 -0.09086)
(0.10168 -0.04667 -0.08006)
(0.09691 -0.04590 -0.08236)
(0.10009 -0.04562 -0.07343)
(0.09619 -0.04459 -0.06479)
(0.09456 -0.04330 -0.05689)
(0.09664 -0.03758 -0.05700)
(0.08935 -0.03026 -0.04408)
(0.08331 -0.02470 -0.03236)
(0.07811 -0.01529 -0.03701)
(0.07220 -0.00524 -0.03171)
(0.07086 0.00170 -0.03464)
(0.06930 0.00595 -0.03301)
(0.07258 0.01043 -0.04000)
(0.07303 0.01419 -0.04496)
(0.08091 0.01615 -0.05008)
(0.08504 0.01421 -0.05445)
(0.08934 0.01495 -0.05511)
(0.09236 0.01294 -0.05845)
(0.09239 0.01570 -0.05795)
(0.09529 0.01941 -0.05589)
(0.09471 0.01917 -0.05611)
(0.09100 0.01752 -0.05364)
(0.09034 0.01952 -0.05020)
(0.08943 0.02058 -0.04434)
(0.08903 0.02125 -0.04711)
(0.09019 0.01805 -0.04136)
(0.09046 0.01534 -0.04390)
(0.09351 0.01505 -0.03851)
(0.08579 0.01347 -0.04391)
(0.08546 0.01258 -0.03718)
(0.08546 0.01339 -0.03468)
(0.08011 0.01675 -0.03238)
(0.08023 0.01142 -0.03070)
(0.03018 0.00644 -0.00981)
(0.00225 0.00042 -0.00064)
(0.00396 -0.00056 -0.00318)
(0.03206 -0.00248 -0.02624)
(0.05047 -0.00711 -0.04326)
(0.04955 0.00088 -0.04428)
(0.04789 -0.00255 -0.04506)
(0.04447 -0.00409 -0.04927)
(0.03215 0.00614 -0.04929)
(0.03323 -0.00018 -0.04887)
(0.03190 0.00580 -0.05227)
(0.03386 0.00246 -0.05773)
(0.04288 -0.00652 -0.06818)
(0.05544 -0.01599 -0.07680)
(0.07052 -0.02612 -0.08350)
(0.06186 -0.01945 -0.07738)
(0.09194 -0.03909 -0.09585)
(0.09173 -0.04162 -0.08800)
(0.08973 -0.04612 -0.07421)
(0.09422 -0.04722 -0.07246)
(0.09343 -0.04715 -0.06255)
(0.09106 -0.04418 -0.05708)
(0.08808 -0.03838 -0.04644)
(0.08334 -0.03226 -0.03977)
(0.08062 -0.02589 -0.03411)
(0.07773 -0.01583 -0.03060)
(0.07294 -0.00549 -0.02737)
(0.06904 0.00099 -0.02511)
(0.06829 0.00734 -0.02539)
(0.07312 0.00856 -0.03640)
(0.07320 0.01579 -0.04290)
(0.08020 0.01337 -0.04966)
(0.08638 0.01378 -0.05094)
(0.08791 0.01228 -0.06078)
(0.09072 0.01210 -0.06180)
(0.08975 0.01398 -0.06521)
(0.09513 0.01877 -0.05710)
(0.09378 0.01343 -0.06209)
(0.09132 0.01931 -0.05768)
(0.09158 0.01448 -0.06611)
(0.09005 0.01868 -0.05679)
(0.08898 0.02129 -0.05300)
(0.08891 0.02184 -0.04761)
(0.08832 0.01972 -0.04606)
(0.08606 0.01892 -0.05040)
(0.08282 0.01621 -0.04790)
(0.08552 0.01422 -0.04447)
(0.08122 0.01636 -0.03618)
(0.07625 0.01680 -0.03094)
(0.07425 0.01774 -0.02767)
(0.04808 0.01417 -0.01540)
(0.02473 0.00609 -0.00769)
(0.00365 0.00093 -0.00108)
(-0.00265 0.00012 0.00199)
(0.00994 -0.00028 -0.00743)
(0.03318 0.00130 -0.02557)
(0.05283 0.00236 -0.04223)
(0.05077 0.00483 -0.04174)
(0.04776 0.00638 -0.04092)
(0.04550 0.00363 -0.04579)
(0.04590 0.00823 -0.04022)
(0.04030 0.00391 -0.04962)
(0.03120 0.00836 -0.04967)
(0.03141 0.00757 -0.05231)
(0.03291 0.00776 -0.05557)
(0.03842 -0.00032 -0.06356)
(0.04525 -0.00686 -0.06781)
(0.05986 -0.01848 -0.07326)
(0.06961 -0.02630 -0.07952)
(0.06446 -0.02207 -0.07420)
(0.07556 -0.03327 -0.08025)
(0.08667 -0.04477 -0.07212)
(0.08824 -0.04594 -0.06959)
(0.08768 -0.04630 -0.06609)
(0.08912 -0.04648 -0.05878)
(0.08739 -0.04043 -0.04456)
(0.07890 -0.03220 -0.03596)
(0.07133 -0.02290 -0.02242)
(0.07461 -0.02216 -0.02397)
(0.07444 -0.01498 -0.02377)
(0.06984 -0.00540 -0.01916)
(0.06603 0.00184 -0.01795)
(0.06501 0.00475 -0.01813)
(0.07179 0.01128 -0.02950)
(0.07219 0.01610 -0.04167)
(0.07514 0.01538 -0.04576)
(0.08150 0.01133 -0.05309)
(0.08549 0.00816 -0.06106)
(0.08888 0.00837 -0.06738)
(0.09287 0.00369 -0.07045)
(0.09209 0.00983 -0.06906)
(0.09083 0.00877 -0.06853)
(0.09194 0.01323 -0.06796)
(0.09152 0.01277 -0.06861)
(0.09135 0.01457 -0.06650)
(0.09132 0.01491 -0.06696)
(0.08604 0.02098 -0.05111)
(0.08586 0.01848 -0.05205)
(0.08238 0.01598 -0.04808)
(0.08087 0.01799 -0.04922)
(0.07902 0.01835 -0.04250)
(0.07663 0.01828 -0.03711)
(0.06681 0.02086 -0.02994)
(0.06786 0.02258 -0.02851)
(0.05865 0.02526 -0.01829)
(0.03380 0.02058 -0.00717)
(0.00350 0.00227 -0.00061)
(0.00321 0.00235 -0.00048)
(0.00802 0.00027 -0.00570)
(0.04493 0.00134 -0.03358)
(0.05130 0.00782 -0.04018)
(0.04985 0.00775 -0.04018)
(0.04784 0.00850 -0.03995)
(0.04595 0.01082 -0.03937)
(0.04099 0.00968 -0.04482)
(0.03072 0.01321 -0.04411)
(0.03113 0.00970 -0.05093)
(0.03358 0.00893 -0.05201)
(0.04314 0.00035 -0.06253)
(0.05904 -0.01660 -0.07179)
(0.06177 -0.01911 -0.07189)
(0.06638 -0.02414 -0.07395)
(0.06792 -0.02850 -0.06809)
(0.08566 -0.04487 -0.06857)
(0.08413 -0.04461 -0.06827)
(0.08539 -0.04564 -0.06547)
(0.08121 -0.04724 -0.05432)
(0.08010 -0.04437 -0.04190)
(0.08137 -0.04249 -0.04243)
(0.08163 -0.04239 -0.03675)
(0.07329 -0.03208 -0.02214)
(0.07139 -0.02886 -0.01952)
(0.06831 -0.01313 -0.01888)
(0.06442 0.00166 -0.01602)
(0.06361 0.00423 -0.01659)
(0.06453 0.00702 -0.01869)
(0.06918 0.01096 -0.03107)
(0.07375 0.01525 -0.04497)
(0.07813 0.00995 -0.05189)
(0.08346 0.00458 -0.06420)
(0.08604 0.00618 -0.06705)
(0.09253 0.00075 -0.07316)
(0.09252 0.00290 -0.07217)
(0.09253 0.00172 -0.07383)
(0.09183 0.01057 -0.07113)
(0.09181 0.01007 -0.07157)
(0.09142 0.01270 -0.06905)
(0.09137 0.01274 -0.06967)
(0.08819 0.01697 -0.05883)
(0.08614 0.01749 -0.05808)
(0.07520 0.01935 -0.04875)
(0.07366 0.02106 -0.04426)
(0.07155 0.02104 -0.03727)
(0.06391 0.02511 -0.02775)
(0.06352 0.02513 -0.02658)
(0.04945 0.03089 -0.01141)
(0.03636 0.02463 -0.00698)
(0.01973 0.01390 -0.00337)
(0.03446 0.02618 -0.00563)
(0.00481 0.00397 -0.00056)
(0.00204 0.00009 -0.00144)
(0.01573 0.00073 -0.01103)
(0.01030 0.00051 -0.00718)
(0.03822 0.00216 -0.02650)
(0.05678 0.00907 -0.04086)
(0.05427 0.01038 -0.03941)
(0.05009 0.01072 -0.03848)
(0.04822 0.01536 -0.03632)
(0.04806 0.01054 -0.03902)
(0.04251 0.01657 -0.03816)
(0.04053 0.01435 -0.03936)
(0.03829 0.01613 -0.04252)
(0.03814 0.00966 -0.04787)
(0.03367 0.01156 -0.04952)
(0.04212 0.00479 -0.05602)
(0.05640 -0.00912 -0.06922)
(0.06113 -0.01710 -0.07046)
(0.06428 -0.02187 -0.07192)
(0.06897 -0.02653 -0.07150)
(0.07782 -0.03938 -0.06545)
(0.08409 -0.04553 -0.06573)
(0.07600 -0.04555 -0.05041)
(0.07692 -0.04677 -0.04205)
(0.07518 -0.04119 -0.03261)
(0.07375 -0.03825 -0.02492)
(0.07080 -0.03096 -0.01986)
(0.06684 -0.01949 -0.01697)
(0.06269 -0.00463 -0.01355)
(0.06199 0.00300 -0.01485)
(0.06330 0.00674 -0.01821)
(0.06329 0.01148 -0.03100)
(0.07254 0.01324 -0.04278)
(0.07785 0.00765 -0.05160)
(0.08167 0.00145 -0.06198)
(0.08668 0.00174 -0.07072)
(0.09357 -0.00608 -0.07829)
(0.09258 -0.00014 -0.07446)
(0.09310 -0.00165 -0.07619)
(0.09333 0.00134 -0.07881)
(0.09300 0.00472 -0.07769)
(0.09179 0.00999 -0.07191)
(0.08976 0.00835 -0.07289)
(0.08723 0.01294 -0.06462)
(0.08517 0.00930 -0.06747)
(0.07990 0.01872 -0.05496)
(0.07517 0.02207 -0.04804)
(0.07355 0.02296 -0.04469)
(0.06462 0.02323 -0.03312)
(0.05363 0.02726 -0.01904)
(0.04688 0.03206 -0.01025)
(0.04408 0.03360 -0.00824)
(0.04182 0.03482 -0.00616)
(0.02796 0.02426 -0.00335)
(0.00415 0.00467 0.00007)
(-0.00330 -0.00385 -0.00015)
(0.00096 0.00009 -0.00068)
(0.01173 0.00115 -0.00827)
(0.05732 0.00587 -0.03786)
(0.03466 0.00369 -0.02360)
(0.05838 0.01214 -0.03614)
(0.05467 0.01368 -0.03659)
(0.05260 0.01514 -0.03517)
(0.04563 0.01773 -0.03158)
(0.04288 0.01736 -0.03205)
(0.03808 0.02173 -0.03474)
(0.03707 0.02808 -0.03660)
(0.04046 0.02007 -0.03959)
(0.04096 0.01356 -0.04924)
(0.04122 0.00978 -0.05182)
(0.04751 0.00028 -0.05760)
(0.05097 -0.00475 -0.05940)
(0.05961 -0.01473 -0.06058)
(0.06384 -0.02019 -0.07057)
(0.06888 -0.02735 -0.06925)
(0.07576 -0.03830 -0.06504)
(0.07627 -0.03999 -0.05898)
(0.07626 -0.04541 -0.05241)
(0.07699 -0.04797 -0.04701)
(0.07725 -0.04834 -0.03733)
(0.07407 -0.04369 -0.03272)
(0.06694 -0.03240 -0.02588)
(0.06249 -0.01950 -0.01592)
(0.05864 -0.00944 -0.01502)
(0.05326 -0.00429 -0.01249)
(0.05423 0.01056 -0.01575)
(0.06188 0.01035 -0.02902)
(0.06657 0.01266 -0.03743)
(0.07360 0.00580 -0.05134)
(0.07967 -0.00136 -0.06080)
(0.08563 -0.00559 -0.07302)
(0.08990 -0.01253 -0.07619)
(0.09311 -0.00291 -0.07579)
(0.09394 -0.01183 -0.08337)
(0.09642 -0.01272 -0.08803)
(0.09827 -0.01836 -0.09028)
(0.09156 -0.00897 -0.08239)
(0.09006 -0.00544 -0.08007)
(0.08699 0.00178 -0.07313)
(0.08091 0.00989 -0.06673)
(0.07732 0.01478 -0.05747)
(0.06952 0.01576 -0.04816)
(0.06813 0.02169 -0.04149)
(0.04991 0.02382 -0.02250)
(0.05037 0.02636 -0.02096)
(0.04187 0.02822 -0.01328)
(0.03334 0.03354 -0.00288)
(0.02929 0.03339 -0.00021)
(0.01665 0.02609 0.00070)
(0.00464 0.00798 0.00060)
(-0.00192 -0.00370 -0.00049)
(0.00677 0.00105 -0.00470)
(0.03698 0.00677 -0.02529)
(0.05604 0.00932 -0.03598)
(0.05253 0.01467 -0.03281)
(0.05140 0.01663 -0.03154)
(0.04885 0.01715 -0.03170)
(0.04230 0.02002 -0.02782)
(0.04329 0.01716 -0.03131)
(0.03562 0.02253 -0.02712)
(0.03649 0.02331 -0.02892)
(0.03561 0.02385 -0.03250)
(0.03861 0.02256 -0.03503)
(0.03742 0.01954 -0.04014)
(0.03714 0.02092 -0.03745)
(0.03950 0.01853 -0.04119)
(0.04820 0.00126 -0.05600)
(0.04215 0.01562 -0.04391)
(0.05281 -0.00282 -0.05682)
(0.05917 -0.00834 -0.05831)
(0.06726 -0.02302 -0.06133)
(0.07293 -0.03368 -0.05978)
(0.07902 -0.04324 -0.06501)
(0.07616 -0.04648 -0.05446)
(0.07719 -0.05056 -0.04890)
(0.07856 -0.05033 -0.04143)
(0.07499 -0.04580 -0.03644)
(0.06534 -0.03372 -0.02720)
(0.06235 -0.02486 -0.02108)
(0.05831 -0.01610 -0.01770)
(0.05262 -0.00588 -0.01530)
(0.05282 0.00449 -0.01855)
(0.05490 0.00902 -0.02560)
(0.06307 0.01314 -0.03592)
(0.07120 0.00036 -0.04723)
(0.07856 -0.00892 -0.06074)
(0.08721 -0.01016 -0.06900)
(0.08952 -0.01638 -0.07722)
(0.09397 -0.02459 -0.08845)
(0.09778 -0.03417 -0.09678)
(0.09819 -0.02593 -0.09255)
(0.10059 -0.02299 -0.09315)
(0.09628 -0.02878 -0.09199)
(0.09173 -0.01408 -0.08282)
(0.08664 -0.01805 -0.08089)
(0.07884 0.00131 -0.06393)
(0.07331 0.01141 -0.05711)
(0.05985 0.00615 -0.04650)
(0.05768 0.00834 -0.04287)
(0.05548 0.01308 -0.03821)
(0.05389 0.01019 -0.03822)
(0.04741 0.02246 -0.02513)
(0.03433 0.03216 -0.00890)
(0.03363 0.03236 -0.00774)
(0.02402 0.04437 0.00146)
(0.00783 0.01655 0.00157)
(0.00114 0.00306 0.00053)
(-0.00044 -0.00119 -0.00021)
(0.00129 0.00019 -0.00091)
(0.02006 0.00319 -0.01406)
(0.05105 0.00969 -0.03516)
(0.05435 0.00979 -0.03560)
(0.04877 0.01412 -0.03213)
(0.04723 0.01629 -0.03108)
(0.04652 0.01867 -0.02948)
(0.03618 0.02255 -0.02277)
(0.03536 0.02347 -0.02329)
(0.03390 0.02363 -0.02244)
(0.03884 0.02038 -0.03179)
(0.03560 0.02176 -0.03483)
(0.03800 0.01959 -0.03829)
(0.03933 0.01857 -0.03935)
(0.04886 0.00558 -0.04657)
(0.05256 -0.00202 -0.04816)
(0.06449 -0.01784 -0.05726)
(0.06807 -0.02569 -0.05534)
(0.07435 -0.03710 -0.05921)
(0.06971 -0.03058 -0.05153)
(0.07728 -0.04455 -0.05260)
(0.07652 -0.04934 -0.04930)
(0.07670 -0.05112 -0.04690)
(0.07389 -0.04788 -0.04193)
(0.06752 -0.03933 -0.03041)
(0.06296 -0.02960 -0.02528)
(0.05808 -0.02336 -0.02278)
(0.05274 -0.01348 -0.02002)
(0.05017 -0.00116 -0.01939)
(0.05255 0.00020 -0.02428)
(0.06062 0.00262 -0.03578)
(0.06950 -0.00120 -0.04770)
(0.07772 -0.00896 -0.05797)
(0.08177 -0.01294 -0.06410)
(0.09063 -0.02107 -0.07222)
(0.09776 -0.03196 -0.09317)
(0.09985 -0.03411 -0.09202)
(0.10690 -0.04353 -0.09160)
(0.10073 -0.03572 -0.09387)
(0.09465 -0.03285 -0.08770)
(0.09202 -0.02808 -0.08463)
(0.08961 -0.02669 -0.08194)
(0.08141 -0.01452 -0.07026)
(0.06309 0.00074 -0.04911)
(0.05480 0.00788 -0.04019)
(0.04974 0.01550 -0.03023)
(0.04162 0.02614 -0.02113)
(0.03824 0.02350 -0.01664)
(0.03472 0.02928 -0.01156)
(0.03053 0.03221 -0.00616)
(0.02648 0.04476 -0.00470)
(0.00720 0.01944 0.00169)
(0.00051 0.00152 0.00010)
(0.00080 0.00005 -0.00058)
(0.02398 0.00189 -0.01728)
(0.04896 0.00575 -0.03404)
(0.05371 0.00698 -0.03626)
(0.04963 0.01039 -0.03306)
(0.04438 0.01584 -0.03006)
(0.03965 0.01900 -0.02639)
(0.04388 0.01701 -0.02947)
(0.03500 0.02218 -0.02189)
(0.03444 0.02286 -0.02210)
(0.03329 0.02274 -0.02103)
(0.03269 0.02358 -0.02098)
(0.03228 0.02401 -0.02105)
(0.03140 0.02500 -0.02677)
(0.03585 0.02115 -0.03512)
(0.03667 0.02042 -0.03594)
(0.04384 0.00842 -0.04016)
(0.04601 0.00380 -0.04109)
(0.05680 -0.01025 -0.04868)
(0.06167 -0.01796 -0.04628)
(0.06251 -0.02101 -0.04640)
(0.07303 -0.03938 -0.05044)
(0.07575 -0.04827 -0.04942)
(0.07613 -0.04980 -0.04775)
(0.07571 -0.05022 -0.04680)
(0.06525 -0.04246 -0.03637)
(0.06364 -0.03145 -0.02784)
(0.05591 -0.02756 -0.02474)
(0.04873 -0.00984 -0.02239)
(0.05409 0.00085 -0.02620)
(0.06111 -0.00499 -0.03625)
(0.08102 -0.01316 -0.06131)
(0.09758 -0.03243 -0.07898)
(0.10340 -0.04178 -0.08853)
(0.10486 -0.04700 -0.09202)
(0.09261 -0.03173 -0.08501)
(0.08713 -0.02553 -0.07920)
(0.05569 0.00533 -0.04206)
(0.04330 0.01813 -0.02510)
(0.00976 0.02088 -0.00116)
(0.00387 0.00015 -0.00318)
(0.03156 0.00350 -0.02325)
(0.05279 0.00540 -0.03671)
(0.04521 0.00469 -0.03423)
(0.05146 0.00596 -0.03589)
(0.05031 0.00733 -0.03402)
(0.03794 0.01787 -0.02496)
(0.03373 0.02210 -0.02105)
(0.03197 0.02285 -0.02004)
(0.03127 0.02399 -0.01961)
(0.02705 0.02589 -0.01720)
(0.02036 0.03277 -0.01415)
(0.01982 0.03295 -0.01252)
(0.02825 0.02722 -0.02515)
(0.02976 0.02156 -0.02576)
(0.03753 0.01503 -0.03397)
(0.04029 0.01035 -0.03317)
(0.05324 -0.00581 -0.04436)
(0.04495 0.00457 -0.03378)
(0.05880 -0.01479 -0.04364)
(0.06013 -0.01825 -0.04404)
(0.06550 -0.02713 -0.04681)
(0.07015 -0.04019 -0.04670)
(0.07521 -0.04804 -0.04865)
(0.07521 -0.04913 -0.04783)
(0.06245 -0.04286 -0.03702)
(-0.00547 -0.00011 0.00462)
(0.01505 0.00040 -0.01266)
(0.05092 0.00320 -0.03991)
(0.05202 0.00741 -0.03849)
(0.04767 0.00808 -0.03412)
(0.03995 0.01370 -0.02752)
(0.03588 0.01841 -0.02388)
(0.03472 0.01896 -0.02292)
(0.03355 0.01935 -0.02229)
(0.02918 0.02155 -0.01751)
(0.02440 0.02478 -0.01407)
(0.01906 0.02955 -0.01056)
(0.01311 0.03814 -0.00577)
(0.00995 0.04181 -0.00222)
(0.02231 0.03036 -0.01458)
(0.02502 0.02616 -0.01786)
(0.03543 0.01411 -0.02705)
(0.03774 0.00994 -0.02745)
(0.05314 -0.00901 -0.03823)
(0.06170 -0.02524 -0.04377)
(0.06384 -0.03277 -0.04645)
(-0.00512 -0.00018 0.00437)
(0.00361 0.00014 -0.00307)
(0.02388 0.00165 -0.02050)
(0.04476 0.01036 -0.03548)
(0.04306 0.01161 -0.03360)
(0.03918 0.01444 -0.02906)
(0.03223 0.01728 -0.02216)
(0.02566 0.02348 -0.01736)
(0.02060 0.02707 -0.01346)
(0.01579 0.03233 -0.01060)
(0.01403 0.03614 -0.00724)
(0.01129 0.03813 -0.00615)
(0.01568 0.03351 -0.00994)
(0.01447 0.03322 -0.00911)
(0.02563 0.02560 -0.01785)
(0.02385 0.02399 -0.01568)
(0.04102 0.00480 -0.02955)
(0.00115 0.00004 -0.00097)
(0.02530 0.00310 -0.02039)
(0.03618 0.00731 -0.02876)
(0.04530 0.01004 -0.03572)
(0.04264 0.01177 -0.03309)
(0.04217 0.01197 -0.03260)
(0.03577 0.01552 -0.02810)
(0.02956 0.02072 -0.02169)
(0.02313 0.02577 -0.01604)
(0.02468 0.02396 -0.01910)
(0.01279 0.03144 -0.01103)
(0.00949 0.03467 -0.00860)
(0.00830 0.03866 -0.00608)
(0.00561 0.03709 -0.00656)
(0.00750 0.03784 -0.00625)
(0.01138 0.03628 -0.00723)
(0.00304 0.00004 -0.00264)
(0.03719 0.00468 -0.02905)
(0.04534 0.01005 -0.03552)
(0.04896 0.00609 -0.03933)
(0.04385 0.00975 -0.03486)
(0.03892 0.01212 -0.03216)
(0.03197 0.01744 -0.02612)
(0.02547 0.02321 -0.01998)
(0.01024 0.03186 -0.01051)
(0.00707 0.03502 -0.00819)
(-0.00064 -0.00000 0.00054)
(0.01576 0.00047 -0.01365)
(0.03876 0.00285 -0.03141)
(0.04813 -0.02036 -0.02299)
(0.05082 -0.00074 -0.02315)
(0.07716 -0.00926 -0.05463)
(0.08951 -0.02388 -0.06781)
(0.10913 -0.04835 -0.08939)
(0.09675 -0.03823 -0.08798)
(0.08997 -0.02994 -0.08190)
(0.07083 -0.01032 -0.05793)
(0.05443 0.00334 -0.04049)
(0.03797 0.01940 -0.01937)
(0.03701 0.02372 -0.01525)
(0.02458 0.04411 -0.00491)
(0.02414 0.04522 -0.00438)
(0.02356 0.04651 -0.00368)
(0.00218 0.00488 -0.00022)
(0.06698 -0.04540 -0.04326)
(0.05455 -0.03571 -0.03080)
(0.04888 -0.02966 -0.02754)
(0.04414 -0.01573 -0.02224)
(0.04620 -0.00156 -0.01962)
(0.05285 -0.00054 -0.02472)
(0.06122 -0.00517 -0.03260)
(0.06925 -0.00746 -0.03640)
(0.08043 -0.01336 -0.05787)
(0.08688 -0.02328 -0.06028)
(0.09864 -0.03505 -0.07811)
(0.10561 -0.04628 -0.08695)
(0.10989 -0.04970 -0.08832)
(0.10972 -0.05045 -0.09104)
(0.10261 -0.04975 -0.08916)
(0.09396 -0.03557 -0.08550)
(0.09099 -0.03318 -0.08196)
(0.08498 -0.02801 -0.07630)
(0.06984 -0.01835 -0.05962)
(0.05662 -0.00225 -0.04594)
(0.05120 -0.00065 -0.03912)
(0.04434 0.01138 -0.02924)
(0.04143 0.01406 -0.02380)
(0.03213 0.02897 -0.01172)
(0.02543 0.04293 -0.00626)
(0.02467 0.04523 -0.00546)
(0.00938 0.01876 -0.00184)
(0.00093 0.00196 -0.00018)
(0.06662 -0.03748 -0.04614)
(0.06641 -0.04525 -0.04585)
(0.06581 -0.04603 -0.04591)
(0.06528 -0.04513 -0.04434)
(0.05885 -0.04172 -0.03901)
(0.04603 -0.02945 -0.02721)
(0.04099 -0.01536 -0.02083)
(0.04202 -0.01112 -0.01925)
(0.05118 -0.00192 -0.02287)
(0.04465 -0.00540 -0.01700)
(0.05774 -0.00296 -0.02553)
(0.07103 -0.00946 -0.02799)
(0.08072 -0.01596 -0.04739)
(0.08678 -0.02350 -0.05644)
(0.09806 -0.03762 -0.07248)
(0.10744 -0.04894 -0.07901)
(0.11153 -0.05353 -0.08404)
(0.11101 -0.05473 -0.09218)
(0.11011 -0.05818 -0.09259)
(0.10106 -0.04756 -0.08610)
(0.09288 -0.04363 -0.08064)
(0.08150 -0.03286 -0.07233)
(0.06714 -0.02103 -0.05658)
(0.06585 -0.01828 -0.05491)
(0.05347 -0.00210 -0.03907)
(0.04550 0.01020 -0.03047)
(0.04930 0.00091 -0.03413)
(0.04137 0.01261 -0.02399)
(0.03772 0.01963 -0.02004)
(0.04094 0.01691 -0.02385)
(0.02705 0.03944 -0.00832)
(0.02581 0.04340 -0.00752)
(0.01308 0.02446 -0.00390)
(0.00301 0.00607 -0.00092)
(-0.00116 -0.00240 0.00036)
(0.04676 -0.00577 -0.03220)
(0.05683 -0.02098 -0.03916)
(0.05916 -0.02767 -0.04207)
(0.06476 -0.03695 -0.04645)
(0.06559 -0.04318 -0.04757)
(0.06048 -0.04372 -0.04669)
(0.05866 -0.04345 -0.04207)
(0.05124 -0.03945 -0.03680)
(0.04177 -0.02939 -0.02845)
(0.03907 -0.02324 -0.02376)
(0.03987 -0.01847 -0.02011)
(0.03961 -0.00868 -0.01655)
(0.05136 -0.00600 -0.02306)
(0.05590 -0.00497 -0.02272)
(0.07220 -0.01047 -0.03010)
(0.08576 -0.02201 -0.04679)
(0.09262 -0.03006 -0.05426)
(0.10149 -0.04126 -0.07045)
(0.10488 -0.04567 -0.07406)
(0.11406 -0.06042 -0.08847)
(0.11436 -0.06117 -0.09135)
(0.11080 -0.05986 -0.08968)
(0.10620 -0.05840 -0.08991)
(0.09488 -0.04892 -0.08194)
(0.08628 -0.03844 -0.07530)
(0.08487 -0.04158 -0.07305)
(0.07493 -0.02934 -0.06361)
(0.06478 -0.02024 -0.05155)
(0.05840 -0.01099 -0.04589)
(0.05520 -0.00827 -0.04202)
(0.04643 0.00660 -0.03216)
(0.03891 0.02093 -0.02121)
(0.04605 0.00862 -0.02891)
(0.03675 0.02736 -0.01920)
(0.03121 0.02759 -0.01542)
(0.00372 0.00541 -0.00210)
(-0.00317 -0.00532 0.00184)
(0.02679 0.01937 -0.01560)
(0.01281 0.03421 -0.00803)
(0.01598 0.03121 -0.01034)
(0.01730 0.02947 -0.01087)
(0.03281 0.01096 -0.02210)
(0.04489 -0.00342 -0.03010)
(0.04775 -0.00743 -0.03323)
(0.05119 -0.01275 -0.03618)
(0.05339 -0.02073 -0.03870)
(0.05536 -0.02876 -0.04129)
(0.05720 -0.03690 -0.04423)
(0.05384 -0.04218 -0.04432)
(0.05343 -0.04347 -0.04418)
(0.04574 -0.03743 -0.03606)
(0.03903 -0.02613 -0.02504)
(0.03742 -0.02321 -0.02174)
(0.03776 -0.01493 -0.01894)
(0.04409 -0.00541 -0.01688)
(0.05064 -0.00603 -0.02330)
(0.06476 -0.00907 -0.02728)
(0.05443 -0.00796 -0.02377)
(0.08691 -0.02368 -0.04665)
(0.08981 -0.02685 -0.05104)
(0.09575 -0.03298 -0.05736)
(0.11005 -0.05286 -0.07928)
(0.11467 -0.06219 -0.08995)
(0.11482 -0.06089 -0.08805)
(0.11390 -0.06359 -0.09149)
(0.10613 -0.05956 -0.08840)
(0.10469 -0.05657 -0.08610)
(0.09670 -0.05232 -0.08274)
(0.08942 -0.04551 -0.07562)
(0.08415 -0.04081 -0.07108)
(0.06688 -0.02154 -0.05416)
(0.05760 -0.01175 -0.04525)
(0.05651 -0.00962 -0.04369)
(0.05459 -0.00623 -0.04098)
(0.04693 0.01028 -0.03498)
(0.04381 0.01643 -0.03142)
(0.03962 0.02318 -0.02929)
(0.02278 0.01800 -0.01554)
(0.00273 0.00263 -0.00180)
(0.01401 0.01201 -0.01172)
(0.00265 0.00246 -0.00223)
(0.00557 0.03637 -0.00737)
(0.00425 0.03819 -0.00587)
(0.00772 0.03563 -0.00773)
(0.01117 0.03515 -0.00715)
(0.01402 0.03252 -0.00897)
(0.01192 0.03388 -0.00777)
(0.01549 0.03072 -0.00962)
(0.03013 0.01249 -0.02043)
(0.02030 0.02513 -0.01283)
(0.03315 0.00973 -0.02213)
(0.04240 0.00084 -0.02729)
(0.04740 -0.01563 -0.03407)
(0.04732 -0.01666 -0.03426)
(0.05476 -0.02999 -0.04043)
(0.05266 -0.04150 -0.04394)
(0.05168 -0.04261 -0.04353)
(0.04932 -0.04302 -0.04258)
(0.04311 -0.04085 -0.03729)
(0.03852 -0.02852 -0.02611)
(0.03725 -0.02558 -0.02312)
(0.03031 -0.01696 -0.01939)
(0.04223 -0.00913 -0.01753)
(0.04928 -0.00893 -0.02233)
(0.05202 -0.00794 -0.02399)
(0.07701 -0.02047 -0.03903)
(0.08701 -0.02386 -0.04842)
(0.09336 -0.03030 -0.05475)
(0.09054 -0.02732 -0.05213)
(0.10468 -0.04444 -0.06994)
(0.10747 -0.05072 -0.07627)
(0.10838 -0.05882 -0.08843)
(0.11044 -0.06058 -0.08807)
(0.09415 -0.04970 -0.07885)
(0.08989 -0.04614 -0.07642)
(0.08608 -0.04289 -0.07371)
(0.07266 -0.02769 -0.06125)
(0.05867 -0.01309 -0.04668)
(0.05762 -0.01086 -0.04513)
(0.05568 -0.00726 -0.04235)
(0.05409 -0.00498 -0.04328)
(0.04648 0.01076 -0.03694)
(0.03899 0.02468 -0.03275)
(0.01259 0.01058 -0.01196)
(-0.00260 -0.00255 0.00243)
(0.00092 0.00084 -0.00088)
(0.04637 0.00449 -0.04016)
(0.04244 0.00862 -0.03586)
(0.03823 0.01175 -0.03196)
(0.03038 0.01604 -0.02664)
(0.02599 0.01514 -0.02531)
(0.02477 0.01965 -0.02272)
(0.01485 0.02866 -0.01440)
(0.00704 0.03443 -0.00890)
(0.00687 0.03390 -0.00966)
(0.00546 0.03573 -0.00818)
(0.00403 0.03762 -0.00658)
(0.00272 0.03845 -0.00522)
(0.00615 0.03724 -0.00534)
(0.01112 0.03207 -0.00938)
(0.01756 0.02734 -0.01108)
(0.02772 0.01521 -0.01677)
(0.03479 0.00311 -0.02335)
(0.04361 -0.01059 -0.03040)
(0.04535 -0.01427 -0.03285)
(0.05044 -0.02372 -0.03755)
(0.04879 -0.03028 -0.03960)
(0.05037 -0.04181 -0.04312)
(0.04786 -0.04231 -0.04210)
(0.04419 -0.04186 -0.03770)
(0.03936 -0.03621 -0.03179)
(0.03609 -0.03096 -0.02823)
(0.03300 -0.02446 -0.02509)
(0.03856 -0.01675 -0.01984)
(0.04684 -0.00922 -0.02222)
(0.04962 -0.00811 -0.02436)
(0.06256 -0.01347 -0.03290)
(0.07687 -0.01698 -0.04242)
(0.08187 -0.01896 -0.04255)
(0.09622 -0.03471 -0.06101)
(0.10608 -0.04281 -0.06834)
(0.10410 -0.04601 -0.07333)
(0.11015 -0.05640 -0.08186)
(0.10822 -0.05730 -0.08397)
(0.10234 -0.04943 -0.08251)
(0.09967 -0.05222 -0.08018)
(0.09200 -0.04803 -0.07819)
(0.08831 -0.04518 -0.07608)
(0.08648 -0.04358 -0.07448)
(0.07847 -0.03553 -0.06864)
(0.06302 -0.01797 -0.05229)
(0.06553 -0.02153 -0.05496)
(0.05935 -0.01277 -0.05062)
(0.05795 -0.00881 -0.04464)
(0.05074 0.00454 -0.04238)
(0.04615 0.01396 -0.03752)
(0.04309 0.01726 -0.03700)
(0.03172 0.02013 -0.02876)
(0.00697 0.00577 -0.00687)
(0.00322 0.00008 -0.00275)
(0.00817 0.00030 -0.00693)
(0.04281 0.00417 -0.03836)
(0.03476 0.00942 -0.03395)
(0.02725 0.00890 -0.03028)
(0.02440 0.01316 -0.02734)
(0.02632 0.01281 -0.02641)
(0.02030 0.01759 -0.02128)
(0.01643 0.02023 -0.01948)
(0.01591 0.02123 -0.01861)
(0.00796 0.02984 -0.01252)
(0.00883 0.02867 -0.01336)
(0.00445 0.03435 -0.00968)
(0.00595 0.03561 -0.00703)
(0.00178 0.03796 -0.00560)
(0.01724 0.02461 -0.01331)
(0.02064 0.02134 -0.01501)
(0.02659 0.01472 -0.01706)
(0.02874 0.00715 -0.02135)
(0.04074 -0.00591 -0.02786)
(0.03596 -0.00743 -0.02847)
(0.04418 -0.02104 -0.03466)
(0.04027 -0.02485 -0.03460)
(0.04319 -0.03679 -0.03974)
(0.04025 -0.03687 -0.03655)
(0.04334 -0.04038 -0.03751)
(0.03456 -0.04338 -0.03335)
(0.03733 -0.03749 -0.03160)
(0.04121 -0.03401 -0.02704)
(0.04101 -0.02530 -0.02407)
(0.04542 -0.02054 -0.02450)
(0.04789 -0.01424 -0.02295)
(0.05374 -0.00565 -0.02587)
(0.06112 -0.00961 -0.03093)
(0.06703 -0.01319 -0.03870)
(0.08751 -0.02828 -0.05409)
(0.10131 -0.04186 -0.06599)
(0.09889 -0.03886 -0.06840)
(0.10405 -0.04494 -0.07723)
(0.09869 -0.04368 -0.08115)
(0.09284 -0.04099 -0.07848)
(0.08755 -0.04255 -0.07717)
(0.07612 -0.03290 -0.06528)
(0.07662 -0.03265 -0.06731)
(0.07284 -0.03395 -0.06551)
(0.06718 -0.02362 -0.05562)
(0.06008 -0.01359 -0.04659)
(0.05752 -0.00871 -0.04314)
(0.05157 0.00338 -0.03967)
(0.04964 0.00638 -0.04126)
(0.03450 0.00803 -0.02709)
(0.01737 0.00461 -0.01386)
(0.00654 0.00190 -0.00528)
(0.00199 0.00004 -0.00195)
(0.03008 0.00347 -0.02978)
(0.02962 0.00692 -0.03285)
(0.02403 0.00594 -0.03074)
(0.02338 0.00648 -0.03008)
(0.02196 0.00751 -0.02883)
(0.02221 0.01353 -0.02473)
(0.01921 0.00879 -0.02732)
(0.01809 0.01579 -0.02272)
(0.01067 0.02217 -0.01737)
(0.01121 0.02249 -0.01679)
(0.01448 0.01980 -0.01815)
(0.01172 0.02711 -0.01419)
(0.00559 0.03464 -0.00816)
(0.00722 0.03195 -0.01097)
(0.01337 0.02683 -0.01179)
(0.02317 0.01487 -0.02110)
(0.02370 0.01343 -0.01929)
(0.02940 0.00331 -0.02383)
(0.02819 -0.00540 -0.02644)
(0.03105 -0.01207 -0.02942)
(0.02981 -0.01684 -0.03042)
(0.03998 -0.02950 -0.03549)
(0.03300 -0.02275 -0.03227)
(0.04393 -0.03548 -0.03653)
(0.04652 -0.03869 -0.03754)
(0.03650 -0.04307 -0.03397)
(0.03855 -0.03783 -0.03136)
(0.04592 -0.03299 -0.02528)
(0.04432 -0.02914 -0.02394)
(0.04708 -0.03057 -0.02433)
(0.04589 -0.02205 -0.02618)
(0.05015 -0.01787 -0.02693)
(0.05422 -0.01407 -0.02021)
(0.05140 -0.00855 -0.02273)
(0.05879 -0.01153 -0.02749)
(0.06106 -0.00762 -0.03361)
(0.06896 -0.01667 -0.03893)
(0.08030 -0.02255 -0.04724)
(0.08435 -0.02829 -0.05506)
(0.08906 -0.03352 -0.06209)
(0.09621 -0.03517 -0.07154)
(0.08797 -0.02733 -0.06647)
(0.08729 -0.02802 -0.07087)
(0.08636 -0.03091 -0.07537)
(0.08291 -0.03256 -0.07278)
(0.07457 -0.02809 -0.06458)
(0.06897 -0.02622 -0.06119)
(0.06713 -0.02175 -0.05889)
(0.06928 -0.02742 -0.05597)
(0.05996 -0.01790 -0.04391)
(0.06104 -0.01474 -0.04730)
(0.05741 -0.01367 -0.04129)
(0.05278 -0.00163 -0.04044)
(0.04952 0.00195 -0.03979)
(0.05671 -0.01320 -0.04079)
(0.03901 0.00243 -0.03176)
(0.00918 0.00158 -0.00617)
(0.00046 0.00001 -0.00051)
(0.01835 0.00350 -0.02172)
(0.01630 0.00391 -0.02305)
(0.02128 0.00620 -0.02942)
(0.02022 0.00756 -0.02821)
(0.01999 0.00621 -0.02872)
(0.01940 0.00719 -0.02800)
(0.01412 0.01393 -0.02198)
(0.01830 0.01327 -0.02324)
(0.01877 0.01543 -0.02204)
(0.01900 0.01946 -0.02002)
(0.01885 0.01846 -0.02198)
(0.01787 0.02017 -0.01943)
(0.01822 0.02019 -0.01863)
(0.02192 0.01265 -0.02395)
(0.02263 0.01198 -0.02357)
(0.02312 0.01048 -0.02482)
(0.02773 0.00360 -0.02545)
(0.02581 -0.00383 -0.02617)
(0.02744 -0.00725 -0.02722)
(0.03072 -0.01215 -0.02831)
(0.02944 -0.01534 -0.02544)
(0.03670 -0.02283 -0.02653)
(0.04145 -0.02778 -0.02605)
(0.04417 -0.03722 -0.03201)
(0.04198 -0.03446 -0.02760)
(0.04779 -0.03298 -0.02493)
(0.04854 -0.03115 -0.02398)
(0.04706 -0.02849 -0.02413)
(0.04906 -0.01925 -0.02291)
(0.05208 -0.01863 -0.02375)
(0.05307 -0.01274 -0.02253)
(0.05924 -0.01537 -0.02830)
(0.06269 -0.01665 -0.03863)
(0.06883 -0.01911 -0.04500)
(0.07037 -0.02057 -0.04771)
(0.07745 -0.02876 -0.05976)
(0.08424 -0.02466 -0.06884)
(0.08250 -0.02345 -0.06937)
(0.08098 -0.02872 -0.07115)
(0.07602 -0.02297 -0.07101)
(0.07609 -0.02348 -0.06579)
(0.06367 -0.01834 -0.05733)
(0.06466 -0.01949 -0.05504)
(0.06237 -0.01777 -0.05508)
(0.06251 -0.02071 -0.04673)
(0.05846 -0.01701 -0.04120)
(0.05741 -0.01531 -0.04053)
(0.05112 -0.00360 -0.03943)
(0.03639 -0.00059 -0.02817)
(0.05298 -0.01426 -0.03701)
(0.01227 0.00051 -0.00830)
(0.00248 0.00010 -0.00166)
(-0.00057 0.00002 0.00074)
(0.00910 0.00144 -0.01159)
(0.01104 0.00137 -0.01817)
(0.02023 0.00506 -0.02955)
(0.01994 0.00490 -0.02902)
(0.02308 0.00519 -0.02876)
(0.02196 0.00816 -0.02697)
(0.02286 0.00728 -0.02727)
(0.02565 0.00974 -0.02955)
(0.02732 0.00840 -0.03070)
(0.02639 0.00992 -0.02972)
(0.02255 0.01227 -0.02455)
(0.02336 0.01039 -0.02642)
(0.02287 0.01065 -0.02550)
(0.02242 0.00963 -0.02642)
(0.02211 0.00280 -0.02765)
(0.02447 -0.00488 -0.02647)
(0.02222 -0.00107 -0.02081)
(0.02167 -0.00304 -0.01859)
(0.03130 -0.01668 -0.02392)
(0.03082 -0.01659 -0.01812)
(0.04058 -0.02768 -0.02333)
(0.04222 -0.02844 -0.02292)
(0.04713 -0.02788 -0.02117)
(0.04916 -0.03005 -0.02173)
(0.04858 -0.02928 -0.02312)
(0.04997 -0.02240 -0.01933)
(0.05074 -0.02223 -0.02148)
(0.05178 -0.01990 -0.02463)
(0.05130 -0.01995 -0.02260)
(0.04902 -0.01818 -0.02649)
(0.05707 -0.01519 -0.02877)
(0.06172 -0.01618 -0.03938)
(0.06478 -0.01715 -0.04202)
(0.06584 -0.01802 -0.04470)
(0.06573 -0.01771 -0.04706)
(0.06596 -0.01853 -0.05706)
(0.08073 -0.02120 -0.06675)
(0.07894 -0.01964 -0.06701)
(0.07018 -0.01350 -0.06474)
(0.07012 -0.01830 -0.06484)
(0.06649 -0.01380 -0.06296)
(0.06192 -0.01552 -0.05660)
(0.06100 -0.01558 -0.05439)
(0.06228 -0.01682 -0.04952)
(0.06046 -0.01598 -0.05273)
(0.05855 -0.01768 -0.04095)
(0.05783 -0.01687 -0.04018)
(0.05811 -0.01790 -0.04016)
(0.04911 -0.01508 -0.03318)
(0.02974 -0.00640 -0.02008)
(0.00537 -0.00110 -0.00347)
(-0.00317 0.00068 0.00195)
(-0.00212 0.00014 0.00315)
(0.00064 -0.00015 -0.00109)
(0.00787 -0.00069 -0.01377)
(0.02120 0.00281 -0.03160)
(0.02075 0.00234 -0.03141)
(0.02131 0.00328 -0.02989)
(0.02800 -0.00213 -0.03288)
(0.02814 -0.00039 -0.03231)
(0.02503 0.00370 -0.03082)
(0.02798 0.00696 -0.03137)
(0.02907 0.00629 -0.03241)
(0.02854 0.00729 -0.03196)
(0.03111 0.00468 -0.03435)
(0.02393 0.00795 -0.03039)
(0.02523 0.00554 -0.03241)
(0.02316 0.00927 -0.02754)
(0.02189 0.00879 -0.02811)
(0.02336 0.00571 -0.02958)
(0.01440 0.00899 -0.02541)
(0.01553 0.00335 -0.02237)
(0.00877 0.00579 -0.02732)
(0.01889 0.00234 -0.01766)
(0.02089 0.00022 -0.01828)
(0.02615 -0.00578 -0.01844)
(0.02827 -0.00628 -0.01357)
(0.03921 -0.02377 -0.02024)
(0.04133 -0.02465 -0.01956)
(0.04401 -0.02354 -0.01527)
(0.04996 -0.01924 -0.01205)
(0.04924 -0.02875 -0.02092)
(0.05507 -0.02019 -0.01368)
(0.05137 -0.02519 -0.01846)
(0.05323 -0.02473 -0.01920)
(0.05173 -0.01962 -0.01825)
(0.04866 -0.01949 -0.02523)
(0.04867 -0.01909 -0.02528)
(0.05078 -0.01133 -0.02609)
(0.05244 -0.01176 -0.03529)
(0.06219 -0.01662 -0.04200)
(0.06199 -0.01580 -0.04468)
(0.05452 -0.00889 -0.04488)
(0.06184 -0.00964 -0.05627)
(0.05985 -0.00570 -0.05883)
(0.05723 -0.00526 -0.05987)
(0.05769 -0.00997 -0.05573)
(0.04945 -0.00219 -0.04942)
(0.05954 -0.01337 -0.05430)
(0.05953 -0.01468 -0.05277)
(0.05368 -0.01545 -0.04443)
(0.05629 -0.01566 -0.04321)
(0.05568 -0.01890 -0.04137)
(0.05746 -0.01864 -0.03878)
(0.02002 -0.00612 -0.01205)
(0.02143 -0.00805 -0.01251)
(0.00044 -0.00016 -0.00024)
(-0.00283 0.00068 0.00484)
(0.01265 -0.00220 -0.02244)
(0.01749 -0.00230 -0.03100)
(-0.00222 0.00086 0.00404)
(0.00309 -0.00110 -0.00572)
(0.02071 -0.00600 -0.03520)
(0.02267 -0.00545 -0.03349)
(0.02513 -0.00172 -0.03225)
(0.02629 -0.01066 -0.03688)
(0.03112 -0.00401 -0.03526)
(0.03032 -0.00465 -0.03626)
(0.02754 0.00107 -0.03329)
(0.03104 -0.00788 -0.03816)
(0.02848 -0.00278 -0.03539)
(0.02959 0.00583 -0.03348)
(0.03030 0.00000 -0.03663)
(0.02502 0.00239 -0.03615)
(0.02423 0.00442 -0.03453)
(0.02559 0.00086 -0.04103)
(0.02268 0.00229 -0.03685)
(0.01946 0.00531 -0.03289)
(0.01138 0.00898 -0.02836)
(0.00608 0.00892 -0.02650)
(0.01214 0.00611 -0.02221)
(0.01476 0.00738 -0.01833)
(0.02317 -0.00019 -0.01622)
(0.02823 -0.00199 -0.00982)
(0.03455 -0.01545 -0.01214)
(0.03923 -0.01770 -0.01390)
(0.04349 -0.01824 -0.01095)
(0.04535 -0.01029 -0.00200)
(0.04784 -0.01043 -0.00004)
(0.05616 -0.02017 -0.01551)
(0.05512 -0.01906 -0.01528)
(0.05058 -0.01645 -0.01585)
(0.04923 -0.01897 -0.02060)
(0.04972 -0.01755 -0.02161)
(0.04982 -0.02025 -0.02487)
(0.04829 -0.01359 -0.02458)
(0.04859 -0.01135 -0.02806)
(0.04544 -0.01008 -0.02819)
(0.05223 -0.01250 -0.03868)
(0.04836 -0.00708 -0.04025)
(0.04119 0.00370 -0.04873)
(0.04483 0.00099 -0.04604)
(0.05244 -0.00333 -0.05167)
(0.04896 -0.00388 -0.05414)
(0.04574 -0.00069 -0.04805)
(0.04449 0.00169 -0.04753)
(0.05460 -0.00748 -0.05086)
(0.04583 -0.00129 -0.04717)
(0.04684 -0.00320 -0.04575)
(0.05846 -0.01321 -0.05330)
(0.05406 -0.01225 -0.04774)
(0.05437 -0.01730 -0.04470)
(0.05615 -0.02091 -0.04135)
(0.05425 -0.01817 -0.04025)
(0.02345 -0.00860 -0.01463)
(-0.00182 0.00074 0.00101)
(0.00256 -0.00097 -0.00155)
(0.00167 -0.00085 -0.00280)
(0.01241 -0.00525 -0.02120)
(0.01808 -0.01286 -0.02532)
(0.02744 -0.01811 -0.03714)
(0.02888 -0.01828 -0.03769)
(0.03125 -0.00670 -0.03766)
(0.03328 -0.01063 -0.04008)
(0.03322 -0.01214 -0.04193)
(0.03238 -0.01286 -0.04159)
(0.02899 -0.00397 -0.04093)
(0.02726 -0.00316 -0.04182)
(0.02299 0.00119 -0.03959)
(0.01548 0.00475 -0.03836)
(0.01370 0.00648 -0.03208)
(0.00948 0.00879 -0.03032)
(0.00962 0.01194 -0.02108)
(0.01308 0.01225 -0.01354)
(0.01451 0.01155 -0.01093)
(0.01633 0.01207 -0.00836)
(0.02998 -0.00152 -0.00711)
(0.02101 0.01178 -0.00152)
(0.03851 -0.00341 -0.00128)
(0.04537 -0.00830 -0.00528)
(0.04458 -0.00625 -0.00213)
(0.04943 -0.00670 -0.00125)
(0.05279 -0.00604 -0.00233)
(0.05530 -0.01612 -0.00994)
(0.05248 -0.01038 -0.01052)
(0.05291 -0.01072 -0.01158)
(0.05219 -0.01178 -0.01253)
(0.05110 -0.01368 -0.01806)
(0.05102 -0.01753 -0.02027)
(0.04844 -0.01619 -0.02144)
(0.04616 -0.01685 -0.02501)
(0.04375 -0.01396 -0.02566)
(0.04354 -0.00587 -0.02690)
(0.04777 -0.01069 -0.03464)
(0.04514 -0.00318 -0.03964)
(0.04289 0.00153 -0.04230)
(0.03925 0.00378 -0.04177)
(0.03293 0.00934 -0.03737)
(0.03946 0.00528 -0.04389)
(0.04436 -0.00071 -0.04657)
(0.04151 0.00127 -0.04299)
(0.04089 0.00007 -0.04069)
(0.05211 -0.01464 -0.04326)
(0.04405 -0.00598 -0.04202)
(0.05399 -0.01929 -0.04319)
(0.05358 -0.01930 -0.04274)
(0.04035 -0.01550 -0.02988)
(0.01769 -0.00707 -0.01164)
(-0.00114 0.00038 0.00071)
(-0.00588 0.00225 0.00352)
(0.00207 -0.00160 -0.00299)
(0.00934 -0.00693 -0.01330)
(0.01283 -0.00998 -0.01775)
(0.02762 -0.01969 -0.03738)
(0.02907 -0.01985 -0.03818)
(0.03159 -0.01476 -0.03845)
(0.02855 -0.02067 -0.03794)
(0.03143 -0.01696 -0.04060)
(0.03288 -0.01229 -0.04223)
(0.03271 -0.01402 -0.04174)
(0.03299 -0.01385 -0.04293)
(0.03175 -0.01461 -0.04221)
(0.03170 -0.00872 -0.04329)
(0.02498 -0.00564 -0.04470)
(0.01997 0.00073 -0.04377)
(0.01304 0.00621 -0.03918)
(0.01144 0.00808 -0.03664)
(0.01096 0.00907 -0.03555)
(0.01098 0.01054 -0.02491)
(0.01397 0.01275 -0.01410)
(0.01510 0.01244 -0.01166)
(0.01688 0.01257 -0.00988)
(0.01860 0.01266 -0.00694)
(0.03569 0.00692 0.00272)
(0.04040 0.00322 0.00231)
(0.04729 0.00365 0.00180)
(0.05257 0.00321 0.00253)
(0.05206 0.00063 0.00083)
(0.05541 -0.00632 -0.00714)
(0.05558 -0.00721 -0.00894)
(0.05524 -0.00797 -0.01035)
(0.05192 -0.01035 -0.01671)
(0.05043 -0.01301 -0.01906)
(0.04782 -0.01571 -0.01986)
(0.04609 -0.01175 -0.02381)
(0.04428 -0.01044 -0.02380)
(0.04071 -0.00807 -0.02852)
(0.04105 -0.00319 -0.03040)
(0.04021 -0.00642 -0.02908)
(0.03971 -0.00322 -0.03191)
(0.03449 0.00590 -0.03545)
(0.03233 0.00910 -0.03583)
(0.03208 0.00923 -0.03632)
(0.03296 0.00929 -0.03808)
(0.03186 0.00930 -0.03723)
(0.03582 0.00399 -0.04283)
(0.03835 0.00097 -0.04189)
(0.03720 0.00432 -0.04364)
(0.03918 -0.00081 -0.03993)
(0.04322 -0.00619 -0.04089)
(0.04360 -0.00797 -0.03769)
(0.03576 -0.00677 -0.03065)
(0.02821 -0.00855 -0.02092)
(0.00477 -0.00147 -0.00347)
(-0.00304 0.00091 0.00199)
(0.00338 -0.00277 -0.00472)
(0.00308 -0.00269 -0.00416)
(0.01911 -0.01531 -0.02579)
(0.02879 -0.02334 -0.03837)
(0.03125 -0.01833 -0.04027)
(0.02901 -0.01767 -0.04161)
(0.02903 -0.01589 -0.04173)
(0.02602 -0.01287 -0.04454)
(0.02724 -0.00746 -0.04592)
(0.02276 -0.00642 -0.04867)
(0.01852 -0.00353 -0.04559)
(0.01461 0.00137 -0.04128)
(0.01215 0.00725 -0.03830)
(0.01161 0.00839 -0.03740)
(0.01093 0.01007 -0.03463)
(0.01336 0.01281 -0.02498)
(0.01554 0.01292 -0.01316)
(0.01709 0.01293 -0.01215)
(0.02568 0.01284 -0.00786)
(0.03580 0.01142 -0.00044)
(0.04191 0.00848 0.00285)
(0.05187 0.01016 0.00391)
(0.05392 0.00903 0.00277)
(0.05541 0.00843 0.00186)
(0.05623 -0.00479 -0.00711)
(0.05632 -0.00086 -0.00643)
(0.05622 -0.00546 -0.00881)
(0.05570 -0.00632 -0.01047)
(0.05265 -0.00750 -0.01712)
(0.05157 -0.01058 -0.02003)
(0.05467 -0.01739 -0.02395)
(0.04969 -0.01228 -0.01989)
(0.04950 -0.01609 -0.02254)
(0.05193 -0.01725 -0.02451)
(0.04700 -0.01101 -0.02371)
(0.04169 -0.00895 -0.02753)
(0.04121 -0.00775 -0.02788)
(0.04034 -0.00630 -0.02817)
(0.03723 -0.00331 -0.02883)
(0.03189 0.00916 -0.03431)
(0.03153 0.00912 -0.03479)
(0.03415 0.00589 -0.03342)
(0.03103 0.00945 -0.03550)
(0.03482 0.00264 -0.04131)
(0.03070 0.01151 -0.03599)
(0.03438 0.00480 -0.04121)
(0.03713 0.00623 -0.04238)
(0.03362 0.00664 -0.04098)
(0.03967 0.00187 -0.04413)
(0.04043 -0.00063 -0.04277)
(0.01710 -0.00388 -0.01429)
(0.01416 0.00010 -0.01481)
(0.00287 -0.00062 -0.00238)
(0.01584 -0.01375 -0.02116)
(0.00411 -0.00377 -0.00545)
(0.01276 -0.01581 -0.02037)
(0.02860 -0.02363 -0.04036)
(0.02639 -0.02730 -0.04318)
(0.02708 -0.02122 -0.04350)
(0.02277 -0.01436 -0.04723)
(0.02368 -0.00837 -0.04837)
(0.02201 -0.00755 -0.04880)
(0.01837 -0.00662 -0.04719)
(0.01450 -0.00345 -0.04643)
(0.01176 0.00719 -0.03998)
(0.01044 0.01109 -0.03533)
(0.01707 0.01388 -0.02232)
(0.01912 0.01454 -0.02329)
(0.02833 0.01401 -0.01420)
(0.03651 0.01283 -0.00288)
(0.04108 0.01205 0.00000)
(0.05003 0.01089 0.00398)
(0.05424 0.01001 0.00210)
(0.05578 0.00939 0.00119)
(0.05751 0.00374 -0.00589)
(0.05678 -0.00367 -0.00854)
(0.05611 0.00086 -0.00937)
(0.05453 -0.00113 -0.01053)
(0.05616 -0.00455 -0.01024)
(0.05774 -0.00689 -0.01562)
(0.05456 -0.00693 -0.01936)
(0.05405 -0.01266 -0.02425)
(0.05536 -0.01728 -0.02652)
(0.05127 -0.01654 -0.02465)
(0.05005 -0.01370 -0.02302)
(0.04954 -0.01223 -0.02247)
(0.04421 -0.00871 -0.02619)
(0.04248 -0.00893 -0.02734)
(0.04242 -0.00857 -0.02751)
(0.04189 -0.00792 -0.02770)
(0.04027 -0.00623 -0.02789)
(0.03669 -0.00184 -0.02885)
(0.03391 0.00297 -0.03282)
(0.03067 0.00923 -0.03411)
(0.02980 0.00617 -0.03178)
(0.03097 0.00972 -0.03565)
(0.03044 0.00862 -0.03938)
(0.02551 0.01028 -0.03610)
(0.03393 0.00804 -0.04030)
(0.03295 0.00180 -0.03625)
(0.02560 0.00471 -0.03045)
(0.02565 0.00151 -0.02805)
(0.00713 0.00052 -0.00768)
(0.00255 0.00005 -0.00265)
(0.00016 -0.00022 -0.00025)
(0.00437 -0.00577 -0.00691)
(0.00087 -0.00124 -0.00144)
(0.01776 -0.02327 -0.02895)
(0.02190 -0.01940 -0.04621)
(0.00969 -0.01634 -0.02303)
(0.02296 -0.02528 -0.04414)
(0.01556 -0.01771 -0.04612)
(0.02200 -0.00869 -0.04852)
(0.01139 -0.00979 -0.04758)
(0.01756 -0.00951 -0.04804)
(0.01047 -0.00507 -0.04757)
(0.00845 0.00241 -0.04661)
(0.00681 0.00519 -0.04782)
(0.00861 0.00990 -0.03997)
(0.01147 0.01121 -0.03953)
(0.01548 0.01611 -0.03150)
(0.01589 0.01652 -0.03174)
(0.02525 0.01481 -0.02500)
(0.03707 0.01435 -0.01031)
(0.03004 0.01580 -0.01735)
(0.04258 0.01156 -0.00773)
(0.04651 0.01287 -0.00373)
(0.04989 0.01011 -0.00335)
(0.05363 0.00896 -0.00101)
(0.05328 0.00593 -0.00534)
(0.05497 0.00579 -0.00873)
(0.05756 0.00450 -0.01294)
(0.05518 -0.00324 -0.01729)
(0.05724 -0.00474 -0.01829)
(0.05335 -0.00568 -0.02116)
(0.05425 -0.00518 -0.01943)
(0.05015 -0.00670 -0.02398)
(0.05414 -0.01408 -0.02549)
(0.05044 -0.01235 -0.02481)
(0.05221 -0.01599 -0.02433)
(0.05141 -0.01144 -0.02616)
(0.05151 -0.01175 -0.02634)
(0.04789 -0.01139 -0.02782)
(0.04550 -0.00704 -0.02859)
(0.03805 -0.00294 -0.03052)
(0.03444 0.00160 -0.03209)
(0.03171 0.00177 -0.03074)
(0.03317 0.00295 -0.03180)
(0.02839 0.00928 -0.03243)
(0.02765 0.00857 -0.03504)
(0.02697 0.00846 -0.03649)
(0.02612 0.01331 -0.03595)
(0.02198 0.00694 -0.02762)
(0.01920 0.00860 -0.02649)
(0.00671 0.00271 -0.00798)
(0.00533 0.00101 -0.00620)
(-0.00267 0.00651 0.00660)
(0.00031 -0.00060 -0.00071)
(0.00886 -0.01783 -0.03418)
(-0.00011 0.00034 0.00046)
(0.00255 -0.00761 -0.01052)
(0.00255 -0.01882 -0.04027)
(0.00376 -0.01973 -0.04524)
(0.00434 -0.01038 -0.04737)
(0.00119 -0.01793 -0.04519)
(0.00183 -0.01717 -0.04589)
(0.00717 -0.00317 -0.04881)
(0.00323 0.00381 -0.04725)
(0.00473 0.00812 -0.04625)
(0.00628 0.00866 -0.04511)
(0.01095 0.01435 -0.03472)
(0.01261 0.01498 -0.03630)
(0.02590 0.01493 -0.03452)
(0.03175 0.01427 -0.03034)
(0.03473 0.01345 -0.01706)
(0.03429 0.01377 -0.02845)
(0.04557 0.01218 -0.01135)
(0.05010 0.01150 -0.00964)
(0.05211 0.00888 -0.01040)
(0.05204 0.00721 -0.00971)
(0.05265 0.00598 -0.01271)
(0.05535 0.00642 -0.01234)
(0.05547 0.00152 -0.01580)
(0.05185 -0.00332 -0.01983)
(0.04861 -0.00438 -0.02297)
(0.05225 -0.00690 -0.02404)
(0.05137 -0.00864 -0.02339)
(0.04818 -0.00495 -0.02364)
(0.05123 -0.00835 -0.02404)
(0.05038 -0.01055 -0.02401)
(0.05320 -0.01095 -0.02608)
(0.05340 -0.01043 -0.02723)
(0.05433 -0.01098 -0.02761)
(0.05648 -0.01468 -0.02739)
(0.05304 -0.01256 -0.02698)
(0.05776 -0.01652 -0.02978)
(0.05405 -0.01180 -0.02825)
(0.04998 -0.00910 -0.02860)
(0.05192 -0.00796 -0.03163)
(0.04717 -0.00709 -0.03404)
(0.03822 -0.00043 -0.03254)
(0.03284 0.00141 -0.03118)
(0.03674 0.00266 -0.03442)
(0.02829 0.00836 -0.03191)
(0.02821 0.00951 -0.03361)
(0.02848 0.00585 -0.02903)
(0.01663 0.00454 -0.01755)
(0.00874 0.00280 -0.01019)
(0.00353 0.00133 -0.00406)
(-0.00087 -0.00037 0.00102)
(-0.00326 -0.00140 0.00363)
(-0.00242 -0.00102 0.00283)
(-0.00124 0.00413 0.00552)
(0.00005 -0.00123 -0.00241)
(0.00098 -0.01062 -0.02176)
(-0.00019 0.00358 0.00636)
(-0.00026 -0.00643 -0.01417)
(0.00031 -0.01534 -0.03631)
(-0.00186 -0.00942 -0.04733)
(-0.00120 -0.01276 -0.03365)
(-0.00101 -0.01555 -0.04292)
(-0.00486 0.00152 -0.04686)
(-0.00177 0.00561 -0.04768)
(0.00349 0.01206 -0.04900)
(0.00791 0.01314 -0.04488)
(0.00612 0.01604 -0.04710)
(0.01534 0.01396 -0.04044)
(0.03102 0.01462 -0.03306)
(0.03302 0.01415 -0.03174)
(0.03512 0.01366 -0.03009)
(0.03675 0.01341 -0.02671)
(0.04645 0.01029 -0.01745)
(0.04829 0.00802 -0.01577)
(0.04773 0.00683 -0.01337)
(0.04977 0.00566 -0.01372)
(0.04670 0.00443 -0.01612)
(0.04604 0.00284 -0.01699)
(0.04494 -0.00196 -0.02060)
(0.04354 -0.00285 -0.02131)
(0.04392 -0.00402 -0.02218)
(0.04444 -0.00449 -0.02261)
(0.05289 -0.01033 -0.02701)
(0.05387 -0.01071 -0.02739)
(0.05399 -0.01058 -0.02753)
(0.05519 -0.01129 -0.02820)
(0.05852 -0.01215 -0.02926)
(0.05718 -0.01364 -0.03279)
(0.05721 -0.01195 -0.03664)
(0.05671 -0.01195 -0.03900)
(0.05189 -0.00899 -0.03512)
(0.05537 -0.00865 -0.04134)
(0.05325 -0.00835 -0.03914)
(0.04918 -0.00554 -0.03879)
(0.04584 -0.00163 -0.03693)
(0.03380 -0.00172 -0.02963)
(0.01632 0.00253 -0.01592)
(0.00782 0.00161 -0.00781)
(-0.00025 -0.00007 0.00025)
(-0.00312 -0.00064 0.00307)
(-0.00378 -0.00102 0.00387)
(0.00001 0.00006 0.00012)
(0.00023 0.00061 0.00147)
(-0.00066 -0.00387 -0.00921)
(-0.00774 -0.00196 -0.03566)
(-0.00517 -0.00046 -0.01413)
(-0.00922 0.00367 -0.04385)
(-0.00651 0.00415 -0.04662)
(0.00084 0.01462 -0.04889)
(-0.00777 0.01086 -0.04766)
(0.00183 0.01551 -0.04847)
(0.00347 0.01587 -0.04815)
(0.00655 0.01676 -0.04813)
(0.02058 0.01590 -0.04131)
(0.03177 0.01492 -0.03478)
(0.03348 0.01427 -0.03322)
(0.03522 0.01348 -0.03145)
(0.03718 0.01322 -0.02855)
(0.04376 0.01027 -0.02312)
(0.04659 0.00649 -0.02258)
(0.04469 0.00450 -0.02109)
(0.04518 0.00339 -0.02204)
(0.04201 0.00249 -0.01964)
(0.04141 0.00185 -0.02000)
(0.04153 -0.00244 -0.02083)
(0.04207 -0.00334 -0.02153)
(0.04057 -0.00334 -0.02137)
(0.04223 -0.00414 -0.02188)
(0.04808 -0.00715 -0.02520)
(0.05280 -0.01018 -0.02691)
(0.04799 -0.00841 -0.02694)
(0.05219 -0.00955 -0.02667)
(0.05391 -0.01016 -0.02770)
(0.05683 -0.01021 -0.03374)
(0.05989 -0.01176 -0.03808)
(0.05747 -0.01103 -0.03792)
(0.05778 -0.01048 -0.03885)
(0.06125 -0.01305 -0.04807)
(0.05878 -0.01226 -0.04708)
(0.05537 -0.01109 -0.04488)
(0.03329 -0.00646 -0.02724)
(0.01715 -0.00317 -0.01426)
(0.00768 0.00020 -0.00657)
(0.00046 0.00007 -0.00044)
(-0.00328 -0.00026 0.00293)
(-0.00343 -0.00051 0.00328)
(-0.00125 -0.00014 -0.00325)
(-0.00279 0.00033 -0.00801)
(-0.00720 0.00102 -0.02192)
(-0.00304 0.00167 -0.00941)
(-0.00579 0.00718 -0.03115)
(-0.00018 0.01401 -0.04372)
(-0.00213 0.00611 -0.01814)
(0.00084 0.00992 -0.02876)
(0.00255 0.01646 -0.04835)
(0.00566 0.01733 -0.04894)
(0.01613 0.01661 -0.04478)
(0.01451 0.01815 -0.04686)
(0.02567 0.01758 -0.04226)
(0.03291 0.01477 -0.03486)
(0.03247 0.01538 -0.04415)
(0.03617 0.01235 -0.04074)
(0.03942 0.00887 -0.03033)
(0.04300 0.00783 -0.02909)
(0.04093 0.00614 -0.03306)
(0.04102 0.00506 -0.02672)
(0.04297 0.00383 -0.02593)
(0.04178 0.00358 -0.02674)
(0.04029 0.00302 -0.02573)
(0.03817 0.00349 -0.02240)
(0.03840 0.00189 -0.02240)
(0.03871 -0.00143 -0.02120)
(0.03282 0.00095 -0.02238)
(0.03859 -0.00255 -0.02076)
(0.03889 -0.00289 -0.02093)
(0.03758 -0.00429 -0.02194)
(0.03892 -0.00200 -0.02913)
(0.04218 -0.00480 -0.02906)
(0.03283 0.00039 -0.02570)
(0.03687 -0.00199 -0.02702)
(0.04805 -0.00560 -0.03685)
(0.05345 -0.00962 -0.04110)
(0.04424 -0.00688 -0.03496)
(0.04047 -0.00513 -0.03194)
(0.04927 -0.00827 -0.03576)
(0.04555 -0.00917 -0.03641)
(0.01740 -0.00254 -0.01343)
(0.01365 -0.00262 -0.01114)
(0.00976 -0.00184 -0.00806)
(-0.00190 0.00035 0.00158)
(-0.00061 0.00033 -0.00185)
(-0.00094 0.00166 -0.00605)
(-0.00004 0.00194 -0.00630)
(0.00042 0.00111 -0.00345)
(0.00282 0.00291 -0.00822)
(0.01088 0.01228 -0.03320)
(0.01941 0.01501 -0.04058)
(0.00624 0.00542 -0.01378)
(0.01117 0.00844 -0.02298)
(0.02098 0.01023 -0.02978)
(0.03259 0.01056 -0.04229)
(0.02050 0.00679 -0.02741)
(0.03510 0.00820 -0.03788)
(0.03887 0.00552 -0.03554)
(0.03136 0.00648 -0.03376)
(0.03597 0.00448 -0.03459)
(0.03732 0.00289 -0.02946)
(0.03707 0.00075 -0.02664)
(0.02596 0.00142 -0.02570)
(0.02487 0.00181 -0.02334)
(0.02501 0.00081 -0.02271)
(0.02157 0.00126 -0.02113)
(0.01572 0.00262 -0.02037)
(0.02901 0.00027 -0.01959)
(0.02605 -0.00024 -0.02021)
(0.01225 0.00174 -0.01621)
(0.02124 0.00123 -0.01861)
(0.01933 0.00210 -0.01248)
(0.02454 -0.00050 -0.01915)
(0.00655 0.00074 -0.00476)
(0.00899 0.00061 -0.00842)
(0.00844 -0.00029 -0.00763)
(0.01704 -0.00213 -0.01460)
(-0.00068 0.00002 0.00062)
(0.00428 -0.00040 -0.00388)
(0.00278 -0.00042 -0.00215)
(-0.00309 -0.00317 0.00973)
(-0.00387 -0.00339 0.00863)
(0.00406 0.00249 -0.00832)
(-0.00364 -0.00223 0.00752)
(-0.00175 -0.00058 0.00276)
(0.01112 0.00373 -0.01517)
(0.01251 0.00355 -0.01617)
(-0.00020 -0.00006 0.00031)
(-0.00016 -0.00004 0.00023)
(0.01244 0.00264 -0.01455)
(0.01917 0.00364 -0.02169)
(0.00395 0.00084 -0.00568)
(0.00749 0.00067 -0.01223)
(0.01130 0.00110 -0.01927)
(0.00381 0.00045 -0.00678)
(0.00720 0.00109 -0.00998)
(0.00610 0.00080 -0.01020)
(0.00955 0.00194 -0.01307)
(0.00074 0.00015 -0.00132)
(0.00150 0.00018 -0.00235)
(-0.00014 -0.00009 0.00036)
(0.00764 0.00127 -0.01055)
(0.00432 0.00089 -0.00589)
(-0.00190 -0.00058 0.00306)
(-0.00146 -0.00036 0.00157)
(-0.00334 -0.00066 0.00389)
(-0.00577 -0.00003 0.00550)
(0.00093 0.00009 -0.00156)
(0.00136 0.00017 -0.00245)
(0.00098 0.00024 -0.00209)
(-0.00030 -0.00010 0.00072)
)