/*--------------------------------*- C++ -*----------------------------------*\ 
| =========                 |                                                 | 
| \\      /  F ield         | OpenFOAM: The Open Source CFD Toolbox           | 
|  \\    /   O peration     | Version:  4.0                                   | 
|   \\  /    A nd           | Web:      www.OpenFOAM.org                      | 
|    \\/     M anipulation  |                                                 | 
\*---------------------------------------------------------------------------*/ 
FoamFile 
{ 
    version     2.0; 
    format      ascii; 
    class       vectorAverageField; 
    object      values; 
} 
// * * * * * * * * * * * * * * * * * * * * * * * * * * * * * * * * * * * * * // 
 
// Average 
(0 0 0) 
 
// Velocity data on points 
2447
(
(0.00333 0.00303 0.00095)
(-0.00273 -0.00101 -0.00222)
(-0.01091 -0.00105 -0.01063)
(-0.00253 -0.00085 -0.00507)
(0.00449 -0.00000 0.00899)
(-0.02809 0.00101 -0.04045)
(-0.00839 0.00031 -0.01642)
(-0.03656 0.02438 -0.07695)
(-0.00365 0.00243 -0.00790)
(0.00550 -0.00408 0.01190)
(-0.02508 0.01863 -0.05333)
(-0.00515 0.00417 -0.01119)
(0.00431 -0.00478 0.00988)
(-0.03057 0.03106 -0.06885)
(-0.00117 0.00189 -0.00326)
(0.00347 -0.00600 0.00983)
(-0.01257 0.02117 -0.03542)
(-0.00070 0.00136 -0.00211)
(0.00393 -0.01168 0.01638)
(-0.00081 0.00238 -0.00335)
(0.00377 0.00707 -0.00210)
(-0.00150 -0.00146 0.00041)
(0.00106 0.00117 -0.00010)
(0.00045 0.00060 0.00009)
(-0.01781 -0.03153 -0.00021)
(-0.02015 -0.01990 -0.00593)
(-0.03834 -0.00810 -0.03212)
(-0.05278 0.00166 -0.05022)
(-0.08636 -0.00822 -0.07030)
(-0.09866 0.00644 -0.09337)
(-0.07582 0.00684 -0.10636)
(-0.05681 0.02295 -0.11403)
(-0.11154 0.04396 -0.17764)
(-0.08709 0.05878 -0.17656)
(-0.07261 0.05421 -0.15026)
(-0.05938 0.04853 -0.12643)
(-0.10373 0.07784 -0.20918)
(-0.10055 0.08281 -0.21100)
(-0.11133 0.11302 -0.24726)
(-0.06470 0.06562 -0.14475)
(-0.04892 0.06584 -0.12172)
(-0.14508 0.18205 -0.33600)
(-0.12945 0.16744 -0.30330)
(-0.06231 0.09640 -0.16250)
(-0.03934 0.06689 -0.10432)
(-0.09099 0.15536 -0.24966)
(-0.02155 0.06445 -0.09413)
(-0.00562 0.02127 -0.02957)
(-0.05210 0.12738 -0.18654)
(-0.00299 0.01765 -0.02413)
(-0.00012 -0.00277 0.00354)
(0.00273 0.00397 -0.00323)
(-0.00089 -0.00208 0.00144)
(-0.00353 -0.00765 0.00502)
(-0.01542 -0.01949 0.01072)
(-0.04178 -0.05089 0.02906)
(-0.03405 -0.04025 0.01075)
(-0.03848 -0.06980 -0.00074)
(-0.06325 -0.06014 -0.01149)
(-0.07890 -0.03529 -0.03798)
(-0.09239 -0.01408 -0.06616)
(-0.10708 0.01873 -0.15204)
(-0.12994 0.04669 -0.20473)
(-0.12726 0.06303 -0.22749)
(-0.13366 0.09616 -0.26815)
(-0.14061 0.07468 -0.24372)
(-0.15414 0.09740 -0.27569)
(-0.14027 0.10834 -0.28398)
(-0.14150 0.12878 -0.29600)
(-0.18688 0.17969 -0.38885)
(-0.17760 0.19746 -0.40166)
(-0.19035 0.22099 -0.43057)
(-0.20262 0.22745 -0.46100)
(-0.17433 0.22719 -0.40946)
(-0.14564 0.22695 -0.38250)
(-0.12788 0.22775 -0.34992)
(-0.16490 0.26451 -0.42822)
(-0.11202 0.25351 -0.37698)
(-0.05121 0.16910 -0.24829)
(-0.02655 0.10462 -0.14894)
(-0.11381 0.27396 -0.41131)
(-0.05322 0.18496 -0.26881)
(-0.00493 0.07374 -0.09922)
(0.00035 0.00431 -0.00551)
(-0.00019 0.04447 -0.06080)
(-0.00173 -0.01611 0.02144)
(-0.00396 -0.03066 0.04099)
(0.00015 0.00018 -0.00020)
(-0.00515 -0.00627 0.00653)
(-0.01297 -0.02038 0.01791)
(-0.01553 -0.03815 0.02839)
(-0.03169 -0.06130 0.05533)
(-0.02578 -0.05911 0.04559)
(-0.03343 -0.07813 0.06264)
(-0.05786 -0.06461 0.05029)
(-0.05424 -0.06254 0.03733)
(-0.05714 -0.06872 0.03319)
(-0.08431 -0.05919 0.04358)
(-0.07827 -0.05582 0.01653)
(-0.07881 -0.05103 -0.01709)
(-0.09912 -0.02244 -0.06878)
(-0.11102 -0.00961 -0.09822)
(-0.13343 0.02407 -0.17285)
(-0.14467 0.04039 -0.20198)
(-0.16668 0.07145 -0.24492)
(-0.16879 0.09758 -0.28037)
(-0.20952 0.15549 -0.36061)
(-0.21619 0.18121 -0.40252)
(-0.21943 0.21264 -0.43943)
(-0.20512 0.22848 -0.45459)
(-0.20058 0.23168 -0.44782)
(-0.21086 0.27026 -0.49106)
(-0.21850 0.30734 -0.53099)
(-0.23334 0.34214 -0.57968)
(-0.14967 0.28356 -0.43360)
(-0.21292 0.33206 -0.54818)
(-0.12514 0.28498 -0.43137)
(-0.09828 0.29349 -0.44188)
(-0.10755 0.30383 -0.45949)
(-0.09389 0.28836 -0.43346)
(-0.03055 0.17583 -0.25712)
(0.00324 0.04237 -0.06012)
(-0.05699 0.26641 -0.40413)
(-0.00742 0.16115 -0.23618)
(0.00277 0.02107 -0.02984)
(0.00090 0.00683 -0.00943)
(0.00297 0.00319 -0.00329)
(-0.00650 -0.00899 0.00924)
(-0.01534 -0.02296 0.02377)
(-0.03438 -0.04411 0.04951)
(-0.04253 -0.05519 0.06179)
(-0.04530 -0.07329 0.09086)
(-0.04747 -0.07563 0.08701)
(-0.04288 -0.08032 0.08238)
(-0.06404 -0.06802 0.07447)
(-0.08646 -0.05879 0.05440)
(-0.08924 -0.05631 0.04378)
(-0.09430 -0.05244 0.03256)
(-0.09527 -0.05245 0.04120)
(-0.10193 -0.04689 0.02817)
(-0.11961 -0.01539 -0.06388)
(-0.14204 0.02889 -0.17447)
(-0.14785 0.03951 -0.19614)
(-0.15519 0.05285 -0.22264)
(-0.18297 0.09771 -0.29678)
(-0.23214 0.16686 -0.39173)
(-0.22078 0.17273 -0.40026)
(-0.24390 0.22897 -0.47513)
(-0.27509 0.28444 -0.55099)
(-0.25810 0.28421 -0.53909)
(-0.25987 0.30990 -0.57836)
(-0.25375 0.35144 -0.60900)
(-0.25127 0.35672 -0.61002)
(-0.24668 0.35960 -0.60827)
(-0.24187 0.36190 -0.60656)
(-0.20450 0.35443 -0.56960)
(-0.11699 0.31054 -0.47254)
(-0.10687 0.30639 -0.46432)
(-0.11901 0.31406 -0.47976)
(-0.09056 0.30509 -0.47075)
(-0.03973 0.26581 -0.39002)
(-0.08582 0.32257 -0.48643)
(-0.03130 0.22579 -0.32581)
(0.00746 0.09537 -0.13123)
(0.00112 0.00992 -0.01350)
(-0.00351 0.20003 -0.27593)
(0.00169 0.04523 -0.06101)
(0.00015 0.00252 -0.00338)
(-0.00438 -0.00453 0.00622)
(-0.01189 -0.01631 0.01928)
(-0.03354 -0.05582 0.07164)
(-0.04049 -0.06261 0.08007)
(-0.04436 -0.08427 0.12206)
(-0.05054 -0.08791 0.12609)
(-0.05158 -0.08848 0.12964)
(-0.05277 -0.08893 0.13453)
(-0.05424 -0.08918 0.13809)
(-0.04921 -0.08483 0.10986)
(-0.08355 -0.06155 0.06509)
(-0.08864 -0.05934 0.06641)
(-0.09461 -0.05427 0.05256)
(-0.10127 -0.04820 0.03666)
(-0.10889 -0.04131 0.02071)
(-0.16331 0.02421 -0.11371)
(-0.14932 0.03782 -0.19162)
(-0.17588 0.04869 -0.17654)
(-0.17402 0.06549 -0.23917)
(-0.15797 0.05408 -0.22729)
(-0.16256 0.06366 -0.24558)
(-0.23709 0.17003 -0.40059)
(-0.23917 0.16601 -0.40658)
(-0.26957 0.21462 -0.48148)
(-0.24580 0.19365 -0.44157)
(-0.26116 0.24519 -0.51870)
(-0.31573 0.32444 -0.62003)
(-0.31645 0.33358 -0.63065)
(-0.31800 0.34220 -0.64078)
(-0.26872 0.34322 -0.61972)
(-0.26643 0.36969 -0.63836)
(-0.26316 0.37243 -0.63714)
(-0.25896 0.37455 -0.63555)
(-0.25430 0.38794 -0.64188)
(-0.20859 0.37059 -0.58958)
(-0.19049 0.37865 -0.60564)
(-0.13798 0.34122 -0.53145)
(-0.12676 0.35740 -0.55304)
(-0.10998 0.33814 -0.51162)
(-0.07966 0.32727 -0.47972)
(-0.01763 0.29574 -0.40804)
(-0.00233 0.17868 -0.24359)
(-0.00713 0.22146 -0.29903)
(0.00149 0.07021 -0.09375)
(0.00058 0.03341 -0.04406)
(0.00207 0.00223 -0.00240)
(-0.00054 -0.00041 0.00052)
(-0.02715 -0.03304 0.04682)
(-0.04035 -0.06377 0.08528)
(-0.03965 -0.07866 0.10234)
(-0.04623 -0.08223 0.13669)
(-0.05497 -0.08954 0.14113)
(-0.05526 -0.08977 0.14230)
(-0.05855 -0.09031 0.14966)
(-0.05880 -0.08892 0.14997)
(-0.07607 -0.07666 0.12390)
(-0.09380 -0.05696 0.06703)
(-0.10616 -0.05014 0.07327)
(-0.10304 -0.04880 0.04693)
(-0.10761 -0.04307 0.02821)
(-0.13658 -0.00659 -0.05479)
(-0.12399 -0.03110 0.00749)
(-0.15565 0.03297 -0.14503)
(-0.17187 0.05813 -0.19878)
(-0.19579 0.11418 -0.31471)
(-0.21636 0.13537 -0.36394)
(-0.26016 0.20936 -0.47866)
(-0.29860 0.26407 -0.57253)
(-0.31486 0.31385 -0.63578)
(-0.32209 0.33795 -0.64424)
(-0.32482 0.34871 -0.65651)
(-0.32940 0.38078 -0.70230)
(-0.30688 0.39887 -0.70615)
(-0.29872 0.40196 -0.70231)
(-0.27442 0.38592 -0.66347)
(-0.27825 0.41249 -0.69399)
(-0.23859 0.39813 -0.64584)
(-0.25350 0.42380 -0.71077)
(-0.20595 0.40525 -0.63992)
(-0.18358 0.40275 -0.63793)
(-0.16487 0.39087 -0.61275)
(-0.14786 0.37133 -0.56485)
(-0.13485 0.36559 -0.53973)
(-0.03672 0.30900 -0.42542)
(-0.02323 0.30086 -0.40919)
(-0.00111 0.11026 -0.14593)
(-0.03000 0.30630 -0.41129)
(-0.01019 0.22701 -0.30212)
(-0.00199 0.07859 -0.09670)
(-0.00067 0.00633 -0.00707)
(0.00499 0.00493 -0.00208)
(-0.00017 -0.00017 0.00007)
(-0.01230 -0.01466 0.01670)
(-0.02663 -0.03330 0.04328)
(-0.04231 -0.06755 0.10332)
(-0.03984 -0.06233 0.08697)
(-0.03930 -0.07698 0.11576)
(-0.04830 -0.07514 0.12563)
(-0.04708 -0.08435 0.16202)
(-0.04892 -0.09249 0.18983)
(-0.05001 -0.08962 0.16743)
(-0.05887 -0.08710 0.20123)
(-0.06865 -0.07750 0.16315)
(-0.08380 -0.07228 0.15056)
(-0.10984 -0.04160 0.08486)
(-0.12156 -0.00469 -0.01083)
(-0.14360 0.01415 -0.08209)
(-0.17502 0.04941 -0.19908)
(-0.18772 0.08475 -0.24875)
(-0.21439 0.15296 -0.37313)
(-0.24259 0.19910 -0.45633)
(-0.28682 0.27435 -0.57840)
(-0.30088 0.30814 -0.62815)
(-0.31802 0.34437 -0.67837)
(-0.32577 0.34044 -0.65469)
(-0.32966 0.35232 -0.66686)
(-0.33866 0.39054 -0.73290)
(-0.33470 0.41684 -0.77980)
(-0.34605 0.44623 -0.80884)
(-0.32386 0.45018 -0.79785)
(-0.31666 0.44978 -0.79044)
(-0.29580 0.44485 -0.76168)
(-0.23497 0.42951 -0.69588)
(-0.18110 0.40339 -0.63446)
(-0.21019 0.42040 -0.64893)
(-0.17468 0.39168 -0.58235)
(-0.13885 0.37781 -0.53994)
(-0.17862 0.39892 -0.58509)
(-0.13032 0.37272 -0.51615)
(-0.08848 0.34596 -0.47912)
(-0.05383 0.31871 -0.41368)
(-0.11726 0.36337 -0.49119)
(-0.04610 0.21123 -0.24619)
(-0.00672 0.05591 -0.06249)
(-0.00636 0.03276 -0.03641)
(0.00017 0.00024 -0.00008)
(-0.00722 -0.00743 0.00151)
(-0.03259 -0.04347 0.05571)
(-0.02838 -0.05422 0.06515)
(-0.02975 -0.06611 0.09068)
(-0.02747 -0.07672 0.13885)
(-0.03623 -0.07537 0.13336)
(-0.03911 -0.08378 0.16013)
(-0.03771 -0.07879 0.15615)
(-0.04760 -0.08826 0.19437)
(-0.04957 -0.08969 0.19936)
(-0.04447 -0.09398 0.23321)
(-0.04804 -0.09213 0.25680)
(-0.04984 -0.09058 0.25385)
(-0.06369 -0.08768 0.23844)
(-0.08467 -0.06767 0.16602)
(-0.07036 -0.07371 0.19699)
(-0.07911 -0.07016 0.19532)
(-0.08407 -0.05535 0.12980)
(-0.10398 -0.01853 0.02628)
(-0.12318 0.00192 -0.02587)
(-0.14943 0.04199 -0.13798)
(-0.17409 0.08379 -0.23453)
(-0.21172 0.16278 -0.36571)
(-0.23214 0.24245 -0.51953)
(-0.24318 0.26452 -0.55575)
(-0.27269 0.29979 -0.61799)
(-0.29711 0.33100 -0.67271)
(-0.33385 0.39403 -0.75617)
(-0.33908 0.41557 -0.78486)
(-0.34449 0.43896 -0.81035)
(-0.35790 0.45592 -0.83470)
(-0.35453 0.45855 -0.83996)
(-0.34100 0.47015 -0.85111)
(-0.31306 0.45948 -0.80893)
(-0.32117 0.47503 -0.84137)
(-0.29481 0.46035 -0.77870)
(-0.29797 0.46796 -0.77646)
(-0.28287 0.46083 -0.74076)
(-0.29006 0.47024 -0.75204)
(-0.21334 0.42721 -0.65093)
(-0.22364 0.43810 -0.64771)
(-0.19093 0.41481 -0.59172)
(-0.20194 0.42703 -0.59584)
(-0.16442 0.40383 -0.53779)
(-0.13246 0.37864 -0.48344)
(-0.08094 0.31348 -0.36812)
(-0.02411 0.10715 -0.11969)
(0.00286 -0.01229 0.01364)
(-0.09444 0.26278 -0.31200)
(-0.00129 -0.00351 0.00117)
(-0.00997 -0.01929 0.00912)
(-0.00410 -0.02723 0.00974)
(-0.01722 -0.03717 0.03000)
(-0.02128 -0.06556 0.07978)
(-0.02421 -0.07460 0.12824)
(-0.02345 -0.07866 0.14552)
(-0.02735 -0.07952 0.15097)
(-0.03015 -0.08348 0.16943)
(-0.04008 -0.08840 0.21277)
(-0.04687 -0.09313 0.26459)
(-0.04757 -0.09141 0.26558)
(-0.05310 -0.08202 0.23618)
(-0.07464 -0.05344 0.17667)
(-0.07690 -0.03449 0.13070)
(-0.10672 0.00801 0.01056)
(-0.10360 0.00590 -0.01189)
(-0.13735 0.06415 -0.13105)
(-0.12958 0.07167 -0.11451)
(-0.15375 0.09076 -0.20945)
(-0.19344 0.16128 -0.36417)
(-0.22700 0.24391 -0.51302)
(-0.23706 0.26419 -0.54522)
(-0.24823 0.28452 -0.57603)
(-0.28590 0.33346 -0.65661)
(-0.31640 0.37986 -0.74912)
(-0.30882 0.39823 -0.74283)
(-0.32569 0.41200 -0.78414)
(-0.34009 0.43680 -0.81604)
(-0.34350 0.45807 -0.85077)
(-0.34537 0.46347 -0.86325)
(-0.34295 0.48677 -0.89391)
(-0.33906 0.48626 -0.88552)
(-0.33701 0.48841 -0.88789)
(-0.31277 0.47568 -0.82612)
(-0.30810 0.48021 -0.81067)
(-0.29859 0.47530 -0.77397)
(-0.29753 0.47715 -0.77063)
(-0.28839 0.47300 -0.74766)
(-0.26252 0.46776 -0.69636)
(-0.24290 0.45872 -0.63814)
(-0.21387 0.43349 -0.57987)
(-0.22040 0.45068 -0.58924)
(-0.17390 0.40708 -0.51355)
(-0.20834 0.43781 -0.56498)
(-0.14984 0.38438 -0.46656)
(-0.07752 0.21930 -0.24701)
(-0.00501 0.01524 -0.01616)
(0.00194 -0.00554 0.00591)
(0.00013 0.00138 -0.00041)
(-0.00012 -0.00217 0.00064)
(-0.00116 -0.01597 0.00536)
(-0.00248 -0.04599 0.01828)
(-0.00832 -0.05522 0.04247)
(-0.00092 -0.05492 0.02396)
(-0.01028 -0.06179 0.07852)
(-0.01981 -0.07692 0.13478)
(-0.02608 -0.08238 0.16554)
(-0.02159 -0.08156 0.16009)
(-0.02707 -0.08542 0.18494)
(-0.04079 -0.09212 0.24799)
(-0.02648 -0.08461 0.23692)
(-0.04536 -0.09224 0.27593)
(-0.04343 -0.08483 0.27198)
(-0.05725 -0.05754 0.21772)
(-0.06616 -0.03344 0.16524)
(-0.08696 -0.01123 0.09796)
(-0.12332 0.07118 -0.09628)
(-0.13619 0.08753 -0.15604)
(-0.13099 0.08923 -0.14233)
(-0.14265 0.10253 -0.19144)
(-0.22262 0.25055 -0.51383)
(-0.23132 0.26734 -0.53993)
(-0.24130 0.28594 -0.56843)
(-0.25703 0.32164 -0.61454)
(-0.29776 0.39994 -0.73443)
(-0.32500 0.42975 -0.79188)
(-0.34182 0.47004 -0.84539)
(-0.34245 0.47344 -0.85615)
(-0.34275 0.47595 -0.86506)
(-0.34281 0.48620 -0.90137)
(-0.33916 0.48958 -0.89735)
(-0.33570 0.49073 -0.89075)
(-0.32148 0.49622 -0.86483)
(-0.30451 0.48089 -0.79117)
(-0.30438 0.48250 -0.78944)
(-0.29800 0.49027 -0.76248)
(-0.26603 0.47401 -0.68520)
(-0.27588 0.48623 -0.69873)
(-0.25257 0.46364 -0.63570)
(-0.23848 0.46435 -0.61676)
(-0.22934 0.45609 -0.59996)
(-0.22130 0.44786 -0.58390)
(-0.21358 0.44038 -0.56965)
(-0.12637 0.29103 -0.34249)
(-0.02972 0.08231 -0.08887)
(-0.01224 0.03232 -0.03508)
(0.01205 -0.03252 0.03494)
(-0.00020 -0.00413 0.00070)
(-0.00047 -0.01752 0.00552)
(-0.00067 -0.03270 0.01180)
(0.00003 -0.02861 0.00930)
(0.00087 -0.05499 0.02414)
(0.00137 -0.05720 0.02957)
(-0.00878 -0.07602 0.12746)
(0.00611 -0.07419 0.09846)
(-0.01620 -0.08132 0.15366)
(-0.01987 -0.08418 0.17678)
(-0.02265 -0.08685 0.23029)
(-0.02433 -0.09222 0.30267)
(-0.04056 -0.08546 0.28078)
(-0.03280 -0.08897 0.30247)
(-0.05289 -0.06471 0.24606)
(-0.05158 -0.05657 0.22184)
(-0.06700 -0.03878 0.20436)
(-0.06859 -0.01656 0.14807)
(-0.10142 0.04790 -0.00594)
(-0.12701 0.09031 -0.12843)
(-0.13916 0.10865 -0.18680)
(-0.13648 0.11191 -0.17794)
(-0.16507 0.17896 -0.32032)
(-0.21640 0.26957 -0.49978)
(-0.23699 0.30880 -0.56006)
(-0.25864 0.36446 -0.63718)
(-0.29768 0.42644 -0.71065)
(-0.31696 0.44814 -0.78886)
(-0.32837 0.46172 -0.82675)
(-0.33826 0.47495 -0.85284)
(-0.33928 0.47725 -0.86361)
(-0.34023 0.49092 -0.90451)
(-0.34000 0.49028 -0.90526)
(-0.33840 0.49144 -0.90616)
(-0.33707 0.49230 -0.90011)
(-0.33327 0.50141 -0.89422)
(-0.32035 0.50110 -0.85680)
(-0.32064 0.50267 -0.85692)
(-0.32060 0.50672 -0.81463)
(-0.32454 0.51085 -0.85091)
(-0.31162 0.51328 -0.78805)
(-0.30385 0.50654 -0.75495)
(-0.31272 0.51892 -0.80383)
(-0.27178 0.48589 -0.68400)
(-0.24904 0.47166 -0.63223)
(-0.24047 0.46388 -0.61600)
(-0.23790 0.46024 -0.60891)
(-0.23613 0.45714 -0.60329)
(-0.22609 0.44819 -0.58563)
(-0.23190 0.43147 -0.57309)
(-0.15211 0.31961 -0.38475)
(-0.05270 0.11711 -0.13549)
(0.00519 -0.01302 0.01424)
(0.00001 0.00022 -0.00005)
(-0.00003 -0.00339 0.00083)
(0.00087 -0.02173 0.00549)
(0.00120 -0.04885 0.01850)
(0.00872 -0.06211 0.03158)
(0.01250 -0.06792 0.04517)
(0.01794 -0.06990 0.04525)
(0.01148 -0.07654 0.08795)
(0.00235 -0.08457 0.13772)
(0.02744 -0.09193 0.12881)
(0.02278 -0.09097 0.14515)
(0.00686 -0.09800 0.18115)
(-0.00078 -0.09419 0.21572)
(-0.01442 -0.09321 0.28345)
(-0.02685 -0.09143 0.33326)
(-0.03502 -0.06423 0.27059)
(-0.04916 -0.05792 0.25046)
(-0.06298 -0.02793 0.19988)
(-0.06595 -0.01677 0.17714)
(-0.10004 0.07146 0.01081)
(-0.11378 0.10469 -0.06426)
(-0.17062 0.20071 -0.25058)
(-0.17268 0.19877 -0.30406)
(-0.19073 0.24434 -0.32589)
(-0.22216 0.31156 -0.49662)
(-0.24046 0.34724 -0.55109)
(-0.27515 0.40065 -0.63176)
(-0.30238 0.43908 -0.68718)
(-0.31247 0.46337 -0.76769)
(-0.31664 0.47292 -0.74268)
(-0.32643 0.47831 -0.80417)
(-0.34205 0.48929 -0.83557)
(-0.34216 0.48788 -0.86740)
(-0.34173 0.49854 -0.89772)
(-0.33966 0.49234 -0.90855)
(-0.33530 0.49223 -0.92205)
(-0.33797 0.49882 -0.92962)
(-0.33674 0.49897 -0.92271)
(-0.33572 0.50797 -0.91148)
(-0.33585 0.50859 -0.91062)
(-0.33944 0.51209 -0.89066)
(-0.32360 0.51293 -0.84274)
(-0.32990 0.51165 -0.84274)
(-0.31450 0.51076 -0.78633)
(-0.30321 0.50476 -0.75013)
(-0.29995 0.49774 -0.72892)
(-0.29025 0.48180 -0.71262)
(-0.25041 0.45614 -0.62319)
(-0.24234 0.42880 -0.58714)
(-0.21420 0.39683 -0.52855)
(-0.26260 0.45040 -0.64994)
(-0.23521 0.41745 -0.56621)
(-0.09041 0.17637 -0.22665)
(-0.00457 0.00947 -0.01163)
(0.01008 -0.01984 0.02462)
(-0.00040 -0.00174 0.00042)
(0.00015 -0.00973 0.00273)
(0.00686 -0.05086 0.01656)
(0.01323 -0.05656 0.02843)
(0.01695 -0.06224 0.03330)
(0.02325 -0.07586 0.05543)
(0.02254 -0.06889 0.04385)
(0.02647 -0.08604 0.10181)
(0.03056 -0.09471 0.13499)
(0.02171 -0.09191 0.17198)
(0.01287 -0.09111 0.19422)
(0.00034 -0.09792 0.25344)
(-0.01466 -0.08256 0.26678)
(-0.03112 -0.05735 0.24424)
(-0.07070 0.01922 0.16887)
(-0.07894 0.03737 0.13569)
(-0.08137 0.02737 0.14354)
(-0.09303 0.06220 0.06196)
(-0.11112 0.10939 -0.05465)
(-0.15107 0.18559 -0.17482)
(-0.19913 0.27464 -0.31833)
(-0.21885 0.31111 -0.44401)
(-0.23195 0.35085 -0.54406)
(-0.26844 0.39736 -0.57992)
(-0.31945 0.48656 -0.68881)
(-0.32581 0.49537 -0.70476)
(-0.32413 0.47966 -0.78105)
(-0.33997 0.49681 -0.82284)
(-0.34598 0.51607 -0.86033)
(-0.34687 0.51531 -0.87106)
(-0.33519 0.49759 -0.91073)
(-0.33782 0.49751 -0.92451)
(-0.33649 0.49628 -0.92470)
(-0.34098 0.49664 -0.93299)
(-0.33440 0.50350 -0.91232)
(-0.33554 0.50326 -0.90902)
(-0.34139 0.51071 -0.89737)
(-0.34269 0.51191 -0.88280)
(-0.34325 0.51231 -0.87748)
(-0.34073 0.51644 -0.85500)
(-0.31133 0.50472 -0.77039)
(-0.33361 0.50898 -0.82820)
(-0.31779 0.50611 -0.76687)
(-0.31142 0.49498 -0.74700)
(-0.31229 0.48254 -0.74159)
(-0.26701 0.45346 -0.66249)
(-0.24808 0.42739 -0.60728)
(-0.24078 0.42249 -0.57508)
(-0.23636 0.40503 -0.56241)
(-0.13467 0.24551 -0.32496)
(-0.02103 0.04108 -0.05146)
(-0.01217 0.02072 -0.02725)
(0.00086 0.00286 -0.00088)
(-0.00240 -0.01173 0.00280)
(-0.00032 -0.00111 0.00034)
(-0.00338 -0.01443 0.00404)
(0.00187 -0.04222 0.01828)
(0.01773 -0.06366 0.03372)
(0.01237 -0.05601 0.03171)
(0.02246 -0.06833 0.04145)
(0.02926 -0.07693 0.05808)
(0.03217 -0.08089 0.06814)
(0.03727 -0.08416 0.08229)
(0.03149 -0.08678 0.11536)
(0.02860 -0.09230 0.15226)
(0.01273 -0.08144 0.19631)
(0.00407 -0.07647 0.21322)
(-0.00774 -0.07191 0.24497)
(-0.05244 0.00236 0.16008)
(-0.07989 0.03788 0.13604)
(-0.09027 0.05777 0.09950)
(-0.11991 0.11688 -0.01656)
(-0.16444 0.20111 -0.15271)
(-0.21301 0.27699 -0.26871)
(-0.27719 0.38200 -0.44987)
(-0.21212 0.30140 -0.36569)
(-0.25462 0.37449 -0.50088)
(-0.29748 0.44984 -0.61056)
(-0.32524 0.49256 -0.68003)
(-0.33028 0.49899 -0.69344)
(-0.32932 0.50018 -0.71678)
(-0.32582 0.49389 -0.79544)
(-0.34719 0.51805 -0.85126)
(-0.34814 0.51746 -0.86017)
(-0.33785 0.49948 -0.89096)
(-0.34063 0.49843 -0.90920)
(-0.33640 0.49267 -0.92951)
(-0.33660 0.49299 -0.92330)
(-0.33756 0.49454 -0.92334)
(-0.33757 0.50067 -0.91062)
(-0.34056 0.50314 -0.90078)
(-0.34420 0.51058 -0.88849)
(-0.34467 0.51040 -0.88477)
(-0.34381 0.51231 -0.87397)
(-0.34328 0.51344 -0.86278)
(-0.32774 0.50115 -0.81099)
(-0.31483 0.48896 -0.76250)
(-0.29602 0.47339 -0.73563)
(-0.28545 0.46572 -0.70252)
(-0.27856 0.45088 -0.68963)
(-0.26174 0.42669 -0.62821)
(-0.25549 0.40649 -0.60796)
(-0.15765 0.26504 -0.35904)
(-0.02887 0.04872 -0.06464)
(0.00101 0.00270 -0.00098)
(-0.00172 -0.00497 0.00174)
(-0.00620 -0.03124 0.00851)
(-0.00663 -0.02421 0.00761)
(-0.00796 -0.03245 0.00976)
(0.00952 -0.05353 0.03397)
(0.01850 -0.06410 0.04162)
(0.02094 -0.06668 0.05485)
(0.03287 -0.07950 0.08282)
(0.03550 -0.08319 0.09021)
(0.03221 -0.09398 0.14445)
(0.01593 -0.08217 0.18641)
(0.00933 -0.07607 0.19267)
(0.00102 -0.06811 0.19761)
(-0.00100 -0.06958 0.21063)
(-0.03974 -0.01318 0.13966)
(-0.07403 0.03243 0.13365)
(-0.09310 0.05776 0.10584)
(-0.14929 0.14156 -0.02143)
(-0.10528 0.08166 0.06005)
(-0.18931 0.22862 -0.17537)
(-0.20283 0.25023 -0.20818)
(-0.28523 0.38623 -0.44262)
(-0.28672 0.40037 -0.47523)
(-0.29446 0.41421 -0.49298)
(-0.33333 0.50062 -0.67438)
(-0.33625 0.50337 -0.68483)
(-0.33358 0.50312 -0.70663)
(-0.33575 0.50548 -0.71830)
(-0.34049 0.50400 -0.78707)
(-0.33813 0.50095 -0.82305)
(-0.34109 0.49995 -0.88894)
(-0.33927 0.49483 -0.88014)
(-0.33415 0.49041 -0.90282)
(-0.33691 0.49189 -0.92129)
(-0.33770 0.49215 -0.92132)
(-0.33874 0.49432 -0.92231)
(-0.34180 0.49435 -0.91759)
(-0.34532 0.50879 -0.89355)
(-0.34562 0.50810 -0.89109)
(-0.34516 0.50960 -0.88245)
(-0.34655 0.50795 -0.86926)
(-0.33069 0.49857 -0.82041)
(-0.32810 0.49794 -0.81010)
(-0.31906 0.48065 -0.78182)
(-0.29541 0.46585 -0.73459)
(-0.29058 0.46177 -0.72306)
(-0.29322 0.46131 -0.73129)
(-0.28903 0.45771 -0.72166)
(-0.28394 0.45282 -0.71074)
(-0.25846 0.40593 -0.61825)
(-0.21103 0.35037 -0.48264)
(-0.19074 0.31391 -0.43115)
(-0.04600 0.07645 -0.10197)
(0.01365 -0.02278 0.02999)
(0.00049 0.00102 -0.00042)
(-0.00361 -0.00835 0.00323)
(-0.01387 -0.02401 0.01669)
(-0.00645 -0.03563 0.01324)
(-0.01198 -0.03590 0.01741)
(0.00644 -0.05069 0.02461)
(0.01515 -0.06028 0.04792)
(0.02982 -0.07568 0.07602)
(0.03272 -0.07939 0.08502)
(0.03282 -0.08565 0.11706)
(0.02155 -0.07645 0.12510)
(0.01223 -0.07590 0.18238)
(0.00373 -0.06743 0.18647)
(-0.03362 -0.03634 0.17253)
(-0.00967 -0.05717 0.19897)
(-0.08124 0.03154 0.12349)
(-0.11481 0.07430 0.07153)
(-0.16586 0.14880 -0.03380)
(-0.19847 0.22131 -0.15128)
(-0.22718 0.27613 -0.22561)
(-0.27945 0.35766 -0.37522)
(-0.29409 0.40372 -0.46644)
(-0.30007 0.40452 -0.45868)
(-0.30239 0.41906 -0.48776)
(-0.34581 0.48979 -0.59566)
(-0.35901 0.51157 -0.63995)
(-0.33838 0.50567 -0.69776)
(-0.34877 0.51443 -0.73120)
(-0.35270 0.51155 -0.76742)
(-0.35473 0.51023 -0.79495)
(-0.33687 0.49403 -0.84443)
(-0.32998 0.48100 -0.86002)
(-0.33510 0.48592 -0.88768)
(-0.33765 0.48951 -0.91084)
(-0.33739 0.49059 -0.91939)
(-0.33867 0.49277 -0.92121)
(-0.34860 0.49565 -0.91749)
(-0.34638 0.50196 -0.90915)
(-0.35792 0.50749 -0.90280)
(-0.35306 0.50730 -0.88254)
(-0.36076 0.50747 -0.87966)
(-0.34029 0.49830 -0.85548)
(-0.33008 0.49041 -0.82163)
(-0.34185 0.48889 -0.84309)
(-0.32049 0.47901 -0.78667)
(-0.29668 0.46321 -0.73948)
(-0.28910 0.45548 -0.72202)
(-0.28061 0.43521 -0.69873)
(-0.26334 0.39888 -0.61571)
(-0.21427 0.35052 -0.48864)
(-0.22039 0.35396 -0.50155)
(-0.06381 0.10420 -0.13902)
(0.00278 -0.00454 0.00596)
(-0.00052 -0.00033 0.00031)
(-0.01057 -0.01099 0.00735)
(-0.01222 -0.00648 0.00677)
(-0.01882 -0.03003 0.01703)
(-0.01768 -0.03354 0.01765)
(-0.00735 -0.03965 0.01575)
(0.00362 -0.05464 0.02632)
(0.00683 -0.05575 0.03872)
(0.02099 -0.06924 0.05604)
(0.02894 -0.07435 0.07904)
(0.02396 -0.08237 0.08886)
(0.01176 -0.07130 0.11149)
(0.00066 -0.05840 0.14455)
(-0.04140 -0.02192 0.11792)
(-0.08982 0.03916 0.08969)
(-0.12014 0.06756 0.10843)
(-0.15847 0.12457 0.00434)
(-0.21654 0.23463 -0.13609)
(-0.23096 0.22764 -0.12786)
(-0.27903 0.32964 -0.28351)
(-0.31192 0.37466 -0.33842)
(-0.34416 0.42989 -0.41711)
(-0.30746 0.41893 -0.48083)
(-0.35671 0.48935 -0.57654)
(-0.37511 0.51247 -0.61672)
(-0.35718 0.51397 -0.66479)
(-0.37001 0.52498 -0.69920)
(-0.35736 0.51007 -0.74817)
(-0.36211 0.51385 -0.76914)
(-0.34468 0.49469 -0.82784)
(-0.35606 0.50329 -0.84354)
(-0.34514 0.48988 -0.88730)
(-0.34873 0.49165 -0.88956)
(-0.34983 0.48971 -0.89576)
(-0.35274 0.49581 -0.91075)
(-0.35725 0.49969 -0.90579)
(-0.35535 0.49982 -0.91177)
(-0.35755 0.50058 -0.90971)
(-0.36593 0.50822 -0.89401)
(-0.36910 0.50974 -0.87728)
(-0.35246 0.50067 -0.86473)
(-0.35645 0.49604 -0.83152)
(-0.32854 0.47920 -0.78824)
(-0.33096 0.47135 -0.75400)
(-0.28969 0.45454 -0.72094)
(-0.32995 0.45156 -0.73552)
(-0.29482 0.42103 -0.66503)
(-0.27686 0.40084 -0.61034)
(-0.27373 0.38210 -0.56896)
(-0.24760 0.35373 -0.50391)
(-0.10122 0.13555 -0.18027)
(-0.00656 0.00935 -0.01174)
(-0.00256 -0.00128 0.00142)
(-0.02026 -0.01465 0.01313)
(-0.02771 -0.02831 0.01964)
(-0.02667 -0.03291 0.01793)
(-0.01882 -0.03627 0.01681)
(-0.00436 -0.04748 0.03522)
(0.00126 -0.06283 0.04795)
(0.01656 -0.07051 0.05131)
(0.00500 -0.06721 0.05850)
(0.01015 -0.06844 0.07718)
(-0.00235 -0.05363 0.10668)
(-0.04029 -0.02261 0.09890)
(-0.07433 0.01329 0.09818)
(-0.08857 0.02462 0.06772)
(-0.12448 0.07074 0.07065)
(-0.18107 0.14160 -0.01459)
(-0.30068 0.29241 -0.18323)
(-0.29306 0.30986 -0.22899)
(-0.33693 0.38508 -0.32076)
(-0.35395 0.42137 -0.36805)
(-0.37982 0.48061 -0.47114)
(-0.40051 0.52692 -0.52955)
(-0.39313 0.52387 -0.57271)
(-0.38201 0.52499 -0.63903)
(-0.37898 0.52821 -0.67926)
(-0.37721 0.51742 -0.71875)
(-0.37809 0.51673 -0.73793)
(-0.35990 0.50545 -0.79498)
(-0.37128 0.50978 -0.82414)
(-0.35343 0.49505 -0.86113)
(-0.35112 0.49165 -0.87408)
(-0.36118 0.49280 -0.88768)
(-0.35486 0.48932 -0.90278)
(-0.36583 0.49821 -0.89645)
(-0.35738 0.50028 -0.91069)
(-0.37837 0.50877 -0.90714)
(-0.37147 0.50655 -0.89962)
(-0.40036 0.51816 -0.87943)
(-0.38348 0.51289 -0.87030)
(-0.37040 0.49530 -0.83761)
(-0.35711 0.49610 -0.82147)
(-0.35022 0.48968 -0.80344)
(-0.37285 0.48390 -0.79309)
(-0.36966 0.47605 -0.79303)
(-0.33633 0.45558 -0.73962)
(-0.29810 0.41086 -0.64688)
(-0.29256 0.38973 -0.58585)
(-0.28034 0.36927 -0.53263)
(-0.18848 0.23718 -0.32540)
(-0.08725 0.11349 -0.14837)
(-0.01282 0.01661 -0.02124)
(0.00188 0.00090 -0.00120)
(-0.00705 -0.00349 0.00416)
(-0.02158 -0.01616 0.01263)
(-0.03463 -0.02790 0.02210)
(-0.03372 -0.02905 0.01972)
(-0.03086 -0.03112 0.02041)
(-0.01652 -0.04168 0.03572)
(-0.03060 -0.03062 0.02114)
(-0.01605 -0.04358 0.04339)
(-0.00222 -0.06087 0.05105)
(-0.00107 -0.06252 0.05734)
(-0.03514 -0.03062 0.04945)
(-0.01602 -0.04035 0.07880)
(-0.05793 -0.00997 0.05789)
(-0.13618 0.06911 0.00673)
(-0.14882 0.08387 0.02754)
(-0.17461 0.10586 -0.01726)
(-0.19131 0.14024 -0.04308)
(-0.30924 0.29551 -0.18632)
(-0.32184 0.32335 -0.22300)
(-0.33840 0.34882 -0.25357)
(-0.36329 0.40315 -0.32903)
(-0.40174 0.49933 -0.47192)
(-0.41481 0.52646 -0.48461)
(-0.41873 0.54466 -0.54372)
(-0.40636 0.53224 -0.58953)
(-0.39356 0.52812 -0.62661)
(-0.39164 0.53159 -0.66693)
(-0.39011 0.52516 -0.69155)
(-0.38852 0.52381 -0.70197)
(-0.36552 0.50377 -0.77219)
(-0.37436 0.51152 -0.81743)
(-0.37127 0.50906 -0.83102)
(-0.36370 0.50072 -0.84759)
(-0.37435 0.50035 -0.85909)
(-0.37343 0.50024 -0.88624)
(-0.39092 0.50888 -0.87022)
(-0.38210 0.50708 -0.89034)
(-0.39256 0.51020 -0.88849)
(-0.40233 0.51976 -0.88225)
(-0.40817 0.52238 -0.87717)
(-0.40423 0.52018 -0.87434)
(-0.40802 0.52241 -0.86892)
(-0.37998 0.49224 -0.80571)
(-0.38227 0.48816 -0.79289)
(-0.37334 0.47608 -0.78672)
(-0.38461 0.46827 -0.75744)
(-0.35993 0.45302 -0.72725)
(-0.33013 0.42135 -0.64902)
(-0.35220 0.40830 -0.59929)
(-0.34020 0.39826 -0.56506)
(-0.30542 0.34352 -0.46261)
(-0.20108 0.20284 -0.24276)
(-0.02101 0.02088 -0.02399)
(-0.02148 0.02032 -0.02305)
(-0.00623 -0.00211 0.00421)
(-0.03091 -0.01941 0.02118)
(-0.03775 -0.02768 0.02050)
(-0.03574 -0.02876 0.02060)
(-0.03367 -0.02972 0.02076)
(-0.03364 -0.02904 0.02090)
(-0.03117 -0.03041 0.03302)
(-0.02525 -0.03921 0.03801)
(-0.00716 -0.05865 0.05208)
(-0.05135 -0.01834 0.04056)
(-0.08156 0.00682 0.03483)
(-0.15778 0.08698 -0.01066)
(-0.17773 0.10577 -0.02513)
(-0.19355 0.12412 -0.03245)
(-0.25055 0.20261 -0.10068)
(-0.32703 0.32122 -0.21670)
(-0.33661 0.32274 -0.21586)
(-0.34368 0.34680 -0.24496)
(-0.39399 0.41830 -0.32456)
(-0.41925 0.48118 -0.40627)
(-0.40673 0.47233 -0.41136)
(-0.42187 0.50974 -0.46039)
(-0.42523 0.52900 -0.52294)
(-0.42449 0.53291 -0.53583)
(-0.41068 0.53385 -0.61098)
(-0.39504 0.52966 -0.68182)
(-0.39289 0.52772 -0.69176)
(-0.38736 0.52239 -0.71059)
(-0.37625 0.51108 -0.76391)
(-0.37499 0.51162 -0.82263)
(-0.38110 0.51278 -0.82627)
(-0.38283 0.50470 -0.84609)
(-0.38176 0.50600 -0.86264)
(-0.39674 0.51157 -0.86438)
(-0.39714 0.51271 -0.86931)
(-0.40394 0.51693 -0.86759)
(-0.41163 0.52446 -0.87926)
(-0.41710 0.52708 -0.87485)
(-0.41286 0.52460 -0.87259)
(-0.41866 0.52719 -0.86790)
(-0.40579 0.50881 -0.81168)
(-0.42859 0.50813 -0.77658)
(-0.43030 0.48057 -0.71688)
(-0.42064 0.46953 -0.68466)
(-0.37892 0.44390 -0.67917)
(-0.36750 0.40395 -0.55556)
(-0.35900 0.39647 -0.54205)
(-0.31914 0.31418 -0.38424)
(-0.23943 0.23103 -0.27290)
(-0.13100 0.12513 -0.14494)
(-0.25098 0.23168 -0.26809)
(-0.03569 0.03211 -0.03568)
(-0.00159 -0.00054 0.00112)
(-0.01233 -0.00418 0.00853)
(-0.00808 -0.00271 0.00585)
(-0.03040 -0.01015 0.02075)
(-0.04584 -0.02247 0.02742)
(-0.04484 -0.02268 0.02776)
(-0.03917 -0.02715 0.02142)
(-0.04333 -0.02406 0.02296)
(-0.03627 -0.02838 0.02100)
(-0.04695 -0.02240 0.02376)
(-0.04617 -0.02000 0.02457)
(-0.04198 -0.02053 0.03004)
(-0.06526 -0.00183 0.02830)
(-0.06925 -0.00270 0.02785)
(-0.10948 0.02515 0.01507)
(-0.14759 0.06846 -0.00542)
(-0.18449 0.10909 -0.03322)
(-0.19905 0.12685 -0.04182)
(-0.24744 0.17198 -0.08006)
(-0.37489 0.32218 -0.20154)
(-0.35142 0.34566 -0.23952)
(-0.42183 0.43099 -0.31494)
(-0.46719 0.51136 -0.38834)
(-0.44294 0.52071 -0.45577)
(-0.44266 0.54075 -0.50279)
(-0.43033 0.53579 -0.52678)
(-0.42945 0.54494 -0.57442)
(-0.41182 0.54006 -0.64529)
(-0.39634 0.53120 -0.68160)
(-0.39106 0.52607 -0.70299)
(-0.39055 0.52123 -0.74369)
(-0.38323 0.51417 -0.80086)
(-0.39165 0.51501 -0.80820)
(-0.39504 0.50843 -0.82186)
(-0.39044 0.50996 -0.85150)
(-0.40248 0.51272 -0.86013)
(-0.40331 0.51537 -0.86385)
(-0.41150 0.52066 -0.86250)
(-0.42643 0.53209 -0.86556)
(-0.43473 0.53765 -0.86908)
(-0.42239 0.52938 -0.87071)
(-0.45355 0.54284 -0.84656)
(-0.45210 0.53476 -0.82105)
(-0.47367 0.53663 -0.79202)
(-0.45173 0.50505 -0.73576)
(-0.44462 0.48459 -0.67838)
(-0.43597 0.47427 -0.66374)
(-0.41849 0.44334 -0.60256)
(-0.37132 0.36425 -0.46908)
(-0.33369 0.31684 -0.38345)
(-0.33803 0.31057 -0.36624)
(-0.33480 0.29883 -0.34180)
(-0.22571 0.19823 -0.22196)
(-0.03973 0.03161 -0.03187)
(0.03197 -0.02499 0.02459)
(-0.00076 -0.00032 0.00066)
(-0.00933 -0.00389 0.00803)
(-0.04685 -0.01743 0.03112)
(-0.02864 -0.01156 0.02062)
(-0.05140 -0.02160 0.03255)
(-0.04716 -0.02361 0.02758)
(-0.04750 -0.02397 0.02555)
(-0.04620 -0.02488 0.03084)
(-0.04920 -0.01982 0.03031)
(-0.05387 -0.01532 0.02914)
(-0.05276 -0.01499 0.02143)
(-0.07287 -0.00208 0.01586)
(-0.08789 0.00499 0.02630)
(-0.12826 0.03275 0.00496)
(-0.16452 0.06827 -0.02057)
(-0.19201 0.09137 -0.03710)
(-0.27588 0.17649 -0.11223)
(-0.20624 0.13151 -0.05051)
(-0.28489 0.20251 -0.11390)
(-0.39185 0.32336 -0.21635)
(-0.40755 0.36866 -0.25902)
(-0.44825 0.44124 -0.31720)
(-0.47492 0.49041 -0.35995)
(-0.47450 0.53880 -0.42279)
(-0.47901 0.55120 -0.46145)
(-0.48682 0.58527 -0.50461)
(-0.45296 0.57526 -0.56804)
(-0.44226 0.56981 -0.60267)
(-0.42510 0.55403 -0.63108)
(-0.41219 0.54364 -0.68630)
(-0.40023 0.52996 -0.72650)
(-0.39219 0.52307 -0.76540)
(-0.40417 0.52251 -0.79133)
(-0.40473 0.51719 -0.80348)
(-0.40416 0.51225 -0.83083)
(-0.42411 0.52205 -0.82672)
(-0.40822 0.51742 -0.85791)
(-0.44202 0.53840 -0.85220)
(-0.45739 0.55057 -0.85553)
(-0.48924 0.56684 -0.85087)
(-0.50154 0.57310 -0.84094)
(-0.50334 0.57226 -0.83788)
(-0.50451 0.56279 -0.81551)
(-0.49853 0.54288 -0.78538)
(-0.47701 0.52101 -0.74839)
(-0.48980 0.51561 -0.71295)
(-0.45723 0.48105 -0.66867)
(-0.45447 0.43070 -0.54212)
(-0.43336 0.40830 -0.50215)
(-0.45218 0.40733 -0.48682)
(-0.43355 0.34819 -0.36623)
(-0.36529 0.28508 -0.28243)
(-0.22766 0.16524 -0.15320)
(-0.06582 0.04546 -0.03939)
(0.02564 -0.01556 0.01121)
(-0.00535 -0.00272 0.00460)
(-0.02992 -0.01535 0.02453)
(-0.05272 -0.01845 0.04019)
(-0.05454 -0.01728 0.03631)
(-0.05215 -0.02056 0.03253)
(-0.04964 -0.02392 0.03293)
(-0.05704 -0.01239 0.03635)
(-0.05032 -0.01943 0.03144)
(-0.05373 -0.01588 0.03217)
(-0.06823 -0.00728 0.03427)
(-0.05900 -0.01195 0.02936)
(-0.08434 0.00742 0.01969)
(-0.10121 0.01209 0.01777)
(-0.12692 0.02404 0.00707)
(-0.13837 0.03090 0.00121)
(-0.17201 0.07314 -0.02536)
(-0.16337 0.04994 -0.01087)
(-0.21560 0.10558 -0.05309)
(-0.29250 0.16960 -0.10996)
(-0.34021 0.24317 -0.15826)
(-0.39849 0.31986 -0.21781)
(-0.42199 0.35860 -0.24291)
(-0.47385 0.44184 -0.31321)
(-0.53202 0.52454 -0.38729)
(-0.50593 0.55209 -0.42717)
(-0.49994 0.55807 -0.45313)
(-0.51324 0.61037 -0.51624)
(-0.48784 0.59544 -0.54152)
(-0.46168 0.57964 -0.57797)
(-0.43791 0.56891 -0.61975)
(-0.41979 0.54854 -0.67084)
(-0.41293 0.54004 -0.70960)
(-0.39714 0.52788 -0.75154)
(-0.41257 0.52470 -0.76412)
(-0.43404 0.53281 -0.77721)
(-0.41650 0.51683 -0.81065)
(-0.43595 0.52719 -0.81446)
(-0.46001 0.54187 -0.83235)
(-0.48626 0.55915 -0.84426)
(-0.49458 0.56852 -0.84040)
(-0.49762 0.57444 -0.83965)
(-0.54809 0.60491 -0.82344)
(-0.53780 0.59361 -0.81425)
(-0.57160 0.61601 -0.80096)
(-0.53088 0.57256 -0.75686)
(-0.52128 0.55298 -0.73387)
(-0.55949 0.56528 -0.70774)
(-0.55365 0.55413 -0.69355)
(-0.52861 0.52490 -0.66420)
(-0.55451 0.54759 -0.67325)
(-0.50294 0.47080 -0.56706)
(-0.47756 0.40241 -0.44060)
(-0.47162 0.39249 -0.42300)
(-0.43360 0.31586 -0.28457)
(-0.13715 0.09377 -0.07541)
(-0.02195 0.01328 -0.00790)
(0.00846 -0.00505 0.00293)
(-0.00102 -0.00051 0.00092)
(-0.01607 -0.00822 0.01413)
(-0.04169 -0.02185 0.03497)
(-0.05021 -0.01961 0.04112)
(-0.05183 -0.01646 0.04018)
(-0.05082 -0.01927 0.03920)
(-0.05204 -0.01788 0.03889)
(-0.06157 -0.00923 0.04033)
(-0.06323 -0.00768 0.03904)
(-0.06548 -0.00605 0.03947)
(-0.09079 0.01021 0.02536)
(-0.12770 0.02406 0.00815)
(-0.13894 0.03106 0.00193)
(-0.15259 0.03940 -0.00549)
(-0.22961 0.11292 -0.05858)
(-0.29249 0.16825 -0.11129)
(-0.34965 0.23958 -0.15946)
(-0.41619 0.31087 -0.21801)
(-0.43856 0.35813 -0.25212)
(-0.45517 0.36821 -0.26632)
(-0.49947 0.46248 -0.33410)
(-0.53831 0.52288 -0.38670)
(-0.53740 0.53945 -0.40134)
(-0.52945 0.54897 -0.42923)
(-0.52049 0.59427 -0.49561)
(-0.50888 0.61049 -0.52787)
(-0.48401 0.59561 -0.55932)
(-0.46820 0.58802 -0.60162)
(-0.43047 0.55634 -0.66419)
(-0.42916 0.54813 -0.68762)
(-0.41778 0.53866 -0.71992)
(-0.42347 0.53190 -0.75577)
(-0.43746 0.53386 -0.77192)
(-0.43924 0.53357 -0.78045)
(-0.44778 0.53487 -0.79224)
(-0.47352 0.55133 -0.82767)
(-0.49412 0.56323 -0.82209)
(-0.52139 0.58684 -0.80759)
(-0.53049 0.59451 -0.82730)
(-0.57505 0.62847 -0.80157)
(-0.57497 0.62637 -0.79871)
(-0.58191 0.63120 -0.79172)
(-0.56428 0.59862 -0.75427)
(-0.57214 0.58059 -0.70877)
(-0.56246 0.55960 -0.68111)
(-0.54697 0.53036 -0.63142)
(-0.52100 0.47570 -0.54487)
(-0.52569 0.47585 -0.47892)
(-0.50889 0.44094 -0.44273)
(-0.49453 0.41651 -0.40283)
(-0.44580 0.34550 -0.26818)
(-0.15769 0.10454 -0.06694)
(-0.01151 0.00736 -0.00433)
(-0.00071 -0.00017 0.00073)
(-0.02139 -0.00522 0.02163)
(-0.04787 -0.01153 0.04495)
(-0.05698 -0.01035 0.05071)
(-0.05407 -0.01302 0.04712)
(-0.05034 -0.01718 0.04582)
(-0.05418 -0.01496 0.04533)
(-0.05092 -0.01710 0.04493)
(-0.06109 -0.00932 0.04171)
(-0.06337 -0.00776 0.04092)
(-0.06329 -0.00754 0.04240)
(-0.06599 -0.00601 0.04116)
(-0.06851 -0.00400 0.03991)
(-0.12347 0.02441 0.01264)
(-0.13842 0.03004 0.00356)
(-0.15200 0.03751 -0.00346)
(-0.24414 0.12126 -0.06889)
(-0.28195 0.15419 -0.09968)
(-0.36542 0.24592 -0.17475)
(-0.42864 0.31543 -0.23084)
(-0.44777 0.33740 -0.24880)
(-0.49741 0.44912 -0.33111)
(-0.54534 0.52209 -0.38855)
(-0.54365 0.53738 -0.40025)
(-0.54726 0.54923 -0.41263)
(-0.54174 0.59147 -0.48653)
(-0.51799 0.61410 -0.52327)
(-0.51126 0.61041 -0.54635)
(-0.45656 0.57028 -0.62839)
(-0.42939 0.54587 -0.69648)
(-0.44077 0.54582 -0.71674)
(-0.44298 0.53506 -0.77482)
(-0.47835 0.55020 -0.79488)
(-0.50352 0.57290 -0.80022)
(-0.55053 0.60949 -0.80530)
(-0.58203 0.63382 -0.79489)
(-0.58842 0.63692 -0.78327)
(-0.57009 0.57259 -0.68839)
(-0.55627 0.54100 -0.57118)
(-0.18680 0.13729 -0.08275)
(-0.00368 -0.00067 0.00405)
(-0.03184 -0.00555 0.03269)
(-0.05901 -0.00549 0.05903)
(-0.04839 -0.00536 0.04901)
(-0.05919 -0.00468 0.05952)
(-0.05790 -0.00639 0.05750)
(-0.05748 -0.01073 0.05089)
(-0.06064 -0.00898 0.04301)
(-0.06318 -0.00671 0.04395)
(-0.06642 -0.00551 0.04251)
(-0.07176 -0.00210 0.04250)
(-0.11173 0.02199 0.02092)
(-0.13094 0.03458 0.01330)
(-0.14773 0.03917 -0.00040)
(-0.22753 0.09319 -0.04736)
(-0.23212 0.10097 -0.05494)
(-0.28552 0.14489 -0.09601)
(-0.37097 0.23646 -0.17556)
(-0.35099 0.20820 -0.15523)
(-0.42527 0.30657 -0.22656)
(-0.44581 0.33159 -0.24709)
(-0.48472 0.40109 -0.29697)
(-0.54336 0.49367 -0.37321)
(-0.55335 0.53348 -0.40108)
(-0.55351 0.54803 -0.41398)
(-0.53432 0.59845 -0.50826)
(0.00587 0.00014 -0.00640)
(-0.01644 -0.00022 0.01791)
(-0.05787 -0.00030 0.06002)
(-0.05864 -0.00462 0.05793)
(-0.05687 -0.00551 0.05853)
(-0.05421 -0.00675 0.05522)
(-0.05609 -0.00942 0.05173)
(-0.05895 -0.00723 0.05333)
(-0.05728 -0.00698 0.05326)
(-0.06305 -0.00353 0.05025)
(-0.07090 -0.00048 0.04884)
(-0.08333 0.00851 0.04246)
(-0.11346 0.02134 0.02679)
(-0.11372 0.02024 0.02820)
(-0.17279 0.06409 -0.01907)
(-0.21651 0.09287 -0.04362)
(-0.28517 0.14927 -0.09711)
(-0.34060 0.20272 -0.14991)
(-0.41927 0.29200 -0.22041)
(-0.49709 0.38984 -0.29651)
(-0.53933 0.45643 -0.35338)
(0.00595 -0.00035 -0.00630)
(-0.00422 0.00025 0.00445)
(-0.02929 0.00224 0.03054)
(-0.05837 -0.00127 0.06018)
(-0.05735 -0.00187 0.05925)
(-0.05709 -0.00057 0.05883)
(-0.05896 -0.00123 0.05755)
(-0.06390 -0.00082 0.05673)
(-0.06775 -0.00024 0.05566)
(-0.08287 0.01042 0.04380)
(-0.11010 0.02195 0.02877)
(-0.12355 0.03135 0.01998)
(-0.16477 0.05864 -0.00994)
(-0.22978 0.10531 -0.05684)
(-0.25921 0.12349 -0.07948)
(-0.29582 0.15043 -0.10822)
(-0.37722 0.23835 -0.18367)
(-0.00145 0.00021 0.00145)
(-0.03413 0.00417 0.03408)
(-0.04775 0.00118 0.04871)
(-0.06048 0.00117 0.06177)
(-0.05863 0.00002 0.06044)
(-0.05947 0.00137 0.06129)
(-0.06066 0.00379 0.06358)
(-0.06425 0.00540 0.06099)
(-0.06569 0.00367 0.05649)
(-0.06976 0.00809 0.06210)
(-0.07960 0.01466 0.05412)
(-0.09089 0.02175 0.04616)
(-0.09722 0.02083 0.03880)
(-0.10109 0.02984 0.04508)
(-0.12452 0.03905 0.02606)
(-0.18162 0.07235 -0.01929)
(-0.00397 0.00082 0.00410)
(-0.05002 0.00630 0.04852)
(-0.06190 0.00297 0.06284)
(-0.07154 0.01258 0.07310)
(-0.06351 0.00473 0.06702)
(-0.06367 0.00563 0.06869)
(-0.06492 0.00871 0.06811)
(-0.06994 0.00879 0.06324)
(-0.08460 0.02062 0.05827)
(-0.09609 0.02798 0.04912)
(0.00088 -0.00021 -0.00089)
(-0.02409 0.00559 0.02362)
(-0.05794 0.01422 0.05845)
(-0.49102 0.59918 -0.58240)
(-0.43504 0.55246 -0.68180)
(-0.44082 0.53502 -0.76616)
(-0.46108 0.54241 -0.77478)
(-0.53304 0.59452 -0.79266)
(-0.57637 0.62988 -0.79543)
(-0.58770 0.63897 -0.78739)
(-0.59205 0.61856 -0.71011)
(-0.56846 0.58432 -0.64438)
(-0.55726 0.52100 -0.50341)
(-0.52410 0.47158 -0.45929)
(-0.46351 0.36768 -0.26662)
(-0.45560 0.35497 -0.24659)
(-0.44638 0.33988 -0.22347)
(-0.04203 0.03033 -0.01742)
(-0.56181 0.58672 -0.47096)
(-0.51821 0.60350 -0.54467)
(-0.49189 0.58847 -0.57489)
(-0.47789 0.58351 -0.60749)
(-0.44427 0.56262 -0.66863)
(-0.43427 0.54896 -0.69116)
(-0.44325 0.54694 -0.71126)
(-0.45241 0.53947 -0.73624)
(-0.44595 0.53621 -0.76883)
(-0.47390 0.54629 -0.75962)
(-0.48406 0.55279 -0.78896)
(-0.51544 0.57839 -0.79074)
(-0.53386 0.59542 -0.78759)
(-0.54215 0.60387 -0.79285)
(-0.57676 0.63815 -0.78916)
(-0.58654 0.64090 -0.79066)
(-0.59109 0.64615 -0.78269)
(-0.60291 0.65283 -0.77132)
(-0.60799 0.66605 -0.71269)
(-0.59006 0.61006 -0.68306)
(-0.58966 0.60965 -0.62514)
(-0.57441 0.57487 -0.56465)
(-0.56428 0.54740 -0.49084)
(-0.50848 0.45263 -0.35905)
(-0.46304 0.37352 -0.25704)
(-0.44861 0.35087 -0.22274)
(-0.17129 0.12968 -0.07509)
(-0.01705 0.01270 -0.00696)
(-0.57804 0.51562 -0.39899)
(-0.57773 0.56663 -0.44306)
(-0.57753 0.57802 -0.45596)
(-0.57115 0.61339 -0.50506)
(-0.54802 0.60608 -0.52215)
(-0.51906 0.60275 -0.56582)
(-0.48492 0.58957 -0.60707)
(-0.47311 0.57872 -0.63651)
(-0.43821 0.55192 -0.68579)
(-0.45827 0.56669 -0.66962)
(-0.44088 0.54597 -0.70300)
(-0.45338 0.53730 -0.72407)
(-0.46411 0.54123 -0.74783)
(-0.47476 0.54645 -0.75392)
(-0.49516 0.55494 -0.77211)
(-0.51373 0.57557 -0.77157)
(-0.52640 0.58863 -0.77235)
(-0.55036 0.61459 -0.78890)
(-0.57550 0.64703 -0.77703)
(-0.58930 0.65332 -0.77450)
(-0.60273 0.67263 -0.75232)
(-0.61577 0.67951 -0.73959)
(-0.62272 0.69249 -0.70369)
(-0.61148 0.67545 -0.67053)
(-0.59324 0.62813 -0.59073)
(-0.57805 0.58667 -0.54280)
(-0.58019 0.62127 -0.54090)
(-0.55803 0.55862 -0.46465)
(-0.53467 0.51381 -0.41413)
(-0.53289 0.53328 -0.40511)
(-0.47445 0.39914 -0.27707)
(-0.44329 0.35826 -0.21888)
(-0.21975 0.17341 -0.09113)
(-0.05007 0.03863 -0.01604)
(0.01922 -0.01473 0.00580)
(-0.44507 0.30562 -0.24756)
(-0.50306 0.38498 -0.30340)
(-0.53479 0.44158 -0.34769)
(-0.57206 0.50218 -0.39629)
(-0.58637 0.55917 -0.43817)
(-0.58815 0.58024 -0.47308)
(-0.57004 0.60936 -0.50350)
(-0.55332 0.60133 -0.52600)
(-0.52789 0.60728 -0.57645)
(-0.51512 0.60312 -0.59079)
(-0.48689 0.58502 -0.62405)
(-0.47538 0.57367 -0.66228)
(-0.45875 0.55196 -0.69362)
(-0.46143 0.54861 -0.70348)
(-0.45593 0.53779 -0.72615)
(-0.47775 0.54360 -0.73967)
(-0.49451 0.55572 -0.73971)
(-0.50430 0.56386 -0.76023)
(-0.51509 0.57824 -0.75967)
(-0.54738 0.61200 -0.76864)
(-0.56109 0.62575 -0.77286)
(-0.57179 0.64928 -0.75830)
(-0.58803 0.66628 -0.76590)
(-0.59770 0.68213 -0.74204)
(-0.60541 0.68082 -0.73217)
(-0.59841 0.69499 -0.70915)
(-0.60594 0.68299 -0.69242)
(-0.60060 0.67490 -0.62173)
(-0.59987 0.65910 -0.59975)
(-0.58627 0.65427 -0.54943)
(-0.57136 0.61305 -0.49658)
(-0.51858 0.51114 -0.36441)
(-0.53458 0.56172 -0.39587)
(-0.49229 0.48128 -0.29214)
(-0.42692 0.40493 -0.23357)
(-0.04931 0.04309 -0.01536)
(0.04070 -0.03433 0.01030)
(-0.32704 0.32337 -0.16540)
(-0.22674 0.10551 -0.05562)
(-0.24718 0.11887 -0.07109)
(-0.26359 0.13246 -0.08567)
(-0.36022 0.22129 -0.17054)
(-0.43960 0.29932 -0.24339)
(-0.46792 0.34096 -0.26615)
(-0.47126 0.33772 -0.27326)
(-0.51490 0.40318 -0.32260)
(-0.55354 0.47260 -0.37544)
(-0.57455 0.53159 -0.42763)
(-0.58649 0.58169 -0.47426)
(-0.58296 0.59139 -0.48672)
(-0.55468 0.60188 -0.53458)
(-0.51864 0.60374 -0.58734)
(-0.50930 0.59904 -0.59851)
(-0.48803 0.57689 -0.65193)
(-0.46909 0.56657 -0.67688)
(-0.47605 0.55141 -0.70376)
(-0.46653 0.54582 -0.71711)
(-0.47852 0.54712 -0.70623)
(-0.48713 0.55041 -0.73540)
(-0.49297 0.55425 -0.73727)
(-0.49853 0.55934 -0.74012)
(-0.53528 0.60065 -0.75530)
(-0.55370 0.62159 -0.76924)
(-0.54911 0.61628 -0.76606)
(-0.56028 0.64043 -0.75856)
(-0.58469 0.67237 -0.75074)
(-0.57290 0.66275 -0.73966)
(-0.58507 0.68668 -0.71724)
(-0.58536 0.69575 -0.68677)
(-0.59735 0.70279 -0.68489)
(-0.58762 0.67210 -0.60122)
(-0.59070 0.66434 -0.56825)
(-0.58479 0.65845 -0.54684)
(-0.57985 0.65047 -0.52682)
(-0.50044 0.55246 -0.35747)
(-0.48513 0.52801 -0.32061)
(-0.44788 0.48383 -0.25872)
(-0.25600 0.25739 -0.10986)
(-0.03125 0.03026 -0.01135)
(-0.14096 0.14627 -0.04516)
(-0.02678 0.02745 -0.00782)
(-0.10086 0.03089 0.04627)
(-0.10577 0.03315 0.04185)
(-0.14696 0.05888 0.00961)
(-0.22359 0.10537 -0.05395)
(-0.24178 0.11748 -0.06815)
(-0.23573 0.11543 -0.06424)
(-0.25811 0.13071 -0.08249)
(-0.36478 0.23329 -0.17798)
(-0.31057 0.18150 -0.12599)
(-0.39677 0.27409 -0.20416)
(-0.44897 0.32295 -0.24983)
(-0.52611 0.43500 -0.33468)
(-0.53657 0.45529 -0.34771)
(-0.56336 0.50915 -0.40324)
(-0.58748 0.58031 -0.47110)
(-0.58358 0.58831 -0.48289)
(-0.58008 0.59308 -0.49130)
(-0.56298 0.60027 -0.52199)
(-0.52178 0.60478 -0.58419)
(-0.51329 0.60063 -0.59421)
(-0.49801 0.58581 -0.63781)
(-0.47751 0.56632 -0.67366)
(-0.48036 0.55119 -0.69947)
(-0.48162 0.54894 -0.70429)
(-0.48293 0.55226 -0.72344)
(-0.49215 0.55289 -0.73549)
(-0.49734 0.55808 -0.73821)
(-0.49640 0.55662 -0.73652)
(-0.52437 0.58959 -0.74325)
(-0.52158 0.59907 -0.72837)
(-0.54240 0.63056 -0.73348)
(-0.54827 0.64648 -0.72615)
(-0.58078 0.69255 -0.69274)
(-0.58204 0.69455 -0.68346)
(-0.58690 0.69808 -0.67823)
(-0.58007 0.68153 -0.60772)
(-0.58908 0.66727 -0.56505)
(-0.58354 0.66190 -0.54476)
(-0.57862 0.65408 -0.52460)
(-0.54512 0.62731 -0.46711)
(-0.47826 0.53708 -0.32908)
(-0.40229 0.44562 -0.20179)
(-0.11991 0.13273 -0.04222)
(0.02522 -0.02713 0.00758)
(-0.00876 0.00959 -0.00281)
(-0.07741 0.01869 0.07747)
(-0.07601 0.01940 0.08040)
(-0.06928 0.01247 0.07466)
(-0.06927 0.01399 0.07624)
(-0.07108 0.01610 0.07968)
(-0.07498 0.01780 0.07691)
(-0.08521 0.02236 0.06157)
(-0.09567 0.02856 0.05054)
(-0.09536 0.02911 0.05242)
(-0.10060 0.03175 0.04782)
(-0.10619 0.03469 0.04252)
(-0.14242 0.06130 0.01276)
(-0.19972 0.09630 -0.03490)
(-0.20328 0.10477 -0.03198)
(-0.29484 0.18086 -0.10876)
(-0.38512 0.26357 -0.19585)
(-0.42052 0.30867 -0.23059)
(-0.51583 0.42675 -0.32578)
(-0.53006 0.44827 -0.34039)
(-0.55293 0.48758 -0.37811)
(-0.56845 0.53061 -0.41701)
(-0.58477 0.58654 -0.47904)
(-0.58086 0.59175 -0.48843)
(-0.56730 0.59617 -0.52972)
(-0.53693 0.60264 -0.56990)
(-0.52009 0.59430 -0.60638)
(-0.50814 0.58388 -0.63463)
(-0.48769 0.57138 -0.66011)
(-0.48256 0.55310 -0.69693)
(-0.48488 0.55079 -0.70235)
(-0.48783 0.55138 -0.71421)
(-0.49477 0.55179 -0.72801)
(-0.50090 0.55348 -0.72898)
(-0.50265 0.56661 -0.72984)
(-0.51695 0.58479 -0.72876)
(-0.52086 0.60222 -0.71783)
(-0.52793 0.61997 -0.71735)
(-0.53327 0.63762 -0.70628)
(-0.54628 0.64974 -0.70782)
(-0.57119 0.67857 -0.70487)
(-0.57765 0.69193 -0.68451)
(-0.57942 0.69470 -0.67461)
(-0.58387 0.69742 -0.67371)
(-0.58093 0.69707 -0.62886)
(-0.58742 0.68232 -0.56716)
(-0.54266 0.65162 -0.53292)
(-0.53987 0.63925 -0.48904)
(-0.48328 0.58896 -0.38875)
(-0.48451 0.56844 -0.34705)
(-0.45672 0.52323 -0.28564)
(-0.42383 0.48194 -0.24707)
(-0.30054 0.34299 -0.13122)
(-0.06548 0.07319 -0.02291)
(-0.00507 0.00135 0.00487)
(-0.01301 0.00362 0.01254)
(-0.07508 0.01955 0.07510)
(-0.07216 0.01483 0.07771)
(-0.07008 0.01260 0.07801)
(-0.07059 0.01379 0.07836)
(-0.07151 0.01546 0.08113)
(-0.07184 0.01345 0.07680)
(-0.08052 0.01962 0.07106)
(-0.08117 0.01999 0.06917)
(-0.09665 0.03156 0.05419)
(-0.10222 0.03439 0.05094)
(-0.11422 0.04349 0.03950)
(-0.15976 0.07847 0.00149)
(-0.17546 0.09233 -0.01104)
(-0.24632 0.14303 -0.06654)
(-0.26431 0.15795 -0.08092)
(-0.34956 0.23071 -0.15865)
(-0.37970 0.27861 -0.19069)
(-0.46622 0.36716 -0.27457)
(-0.44709 0.35249 -0.26873)
(-0.54814 0.47233 -0.37277)
(-0.54298 0.49277 -0.39700)
(-0.56933 0.55812 -0.45374)
(-0.56670 0.56572 -0.47362)
(-0.56062 0.56836 -0.49232)
(-0.55024 0.60545 -0.56147)
(-0.54202 0.59453 -0.58331)
(-0.53752 0.58805 -0.62232)
(-0.51109 0.57724 -0.65451)
(-0.51892 0.56855 -0.66712)
(-0.51766 0.56183 -0.68520)
(-0.49620 0.54752 -0.70989)
(-0.50067 0.55046 -0.71147)
(-0.51027 0.55282 -0.71915)
(-0.50449 0.56334 -0.71931)
(-0.51732 0.58215 -0.72244)
(-0.50828 0.58135 -0.70829)
(-0.52429 0.61336 -0.71021)
(-0.51285 0.61814 -0.67681)
(-0.52818 0.63701 -0.66843)
(-0.54466 0.66433 -0.64767)
(-0.53882 0.65932 -0.57873)
(-0.50461 0.62875 -0.56674)
(-0.55939 0.68649 -0.56785)
(-0.47880 0.60336 -0.45675)
(-0.48036 0.58876 -0.42312)
(-0.45307 0.56256 -0.36655)
(-0.44089 0.53180 -0.30127)
(-0.39316 0.48385 -0.24060)
(-0.24636 0.30733 -0.11815)
(-0.12180 0.15175 -0.05460)
(-0.04546 0.05653 -0.01944)
(-0.00345 0.00059 0.00375)
(-0.06087 0.01500 0.06360)
(-0.07240 0.01379 0.07942)
(-0.06825 0.00923 0.07927)
(-0.06797 0.00915 0.07925)
(-0.06737 0.00891 0.07911)
(-0.07031 0.01393 0.08224)
(-0.06712 0.00885 0.07986)
(-0.08067 0.02077 0.07447)
(-0.08365 0.02081 0.07087)
(-0.08501 0.02125 0.06537)
(-0.09080 0.02719 0.06361)
(-0.12368 0.05424 0.03789)
(-0.16183 0.08254 0.00120)
(-0.16282 0.08249 0.00005)
(-0.21698 0.12818 -0.04186)
(-0.23116 0.14250 -0.05257)
(-0.28541 0.18448 -0.10110)
(-0.39240 0.29773 -0.20824)
(-0.41038 0.31926 -0.24341)
(-0.47829 0.40227 -0.31469)
(-0.49225 0.43493 -0.34559)
(-0.55250 0.52347 -0.41960)
(-0.50232 0.46027 -0.36733)
(-0.56644 0.55356 -0.45246)
(-0.55718 0.54990 -0.47586)
(-0.55441 0.60313 -0.55856)
(-0.55136 0.58924 -0.56537)
(-0.55799 0.57573 -0.60126)
(-0.54097 0.57849 -0.63558)
(-0.55802 0.57199 -0.60964)
(-0.52733 0.57013 -0.66441)
(-0.53716 0.56314 -0.67964)
(-0.53936 0.56165 -0.69526)
(-0.52082 0.55341 -0.70376)
(-0.51977 0.55456 -0.70658)
(-0.51147 0.55100 -0.71475)
(-0.50755 0.54486 -0.69552)
(-0.50927 0.55955 -0.71574)
(-0.50675 0.55834 -0.70085)
(-0.50537 0.57042 -0.69564)
(-0.50651 0.58644 -0.69442)
(-0.49962 0.57553 -0.68825)
(-0.48707 0.57527 -0.65828)
(-0.48303 0.58292 -0.64266)
(-0.49833 0.61503 -0.61510)
(-0.47538 0.60034 -0.53798)
(-0.51373 0.63880 -0.52890)
(-0.46236 0.58974 -0.49807)
(-0.46375 0.58966 -0.45749)
(-0.33623 0.46060 -0.27773)
(-0.40664 0.52991 -0.33525)
(-0.32152 0.44304 -0.24266)
(-0.37220 0.47457 -0.23909)
(-0.34472 0.43840 -0.20585)
(-0.31018 0.43119 -0.22893)
(-0.26578 0.33923 -0.15157)
(-0.04907 0.06478 -0.01826)
(-0.00092 0.00012 0.00106)
(-0.04646 0.00783 0.05146)
(-0.05040 0.00542 0.06003)
(-0.06674 0.00780 0.07942)
(-0.06683 0.00826 0.07955)
(-0.06617 0.00729 0.07956)
(-0.06659 0.00789 0.07989)
(-0.07747 0.01761 0.07432)
(-0.08323 0.02392 0.07571)
(-0.08343 0.02154 0.07005)
(-0.11508 0.05054 0.05371)
(-0.11594 0.04952 0.05077)
(-0.14453 0.06857 0.01870)
(-0.18893 0.10650 -0.01686)
(-0.20246 0.11966 -0.03053)
(-0.22602 0.13889 -0.05091)
(-0.22912 0.14285 -0.05395)
(-0.35583 0.26998 -0.16838)
(-0.38853 0.29835 -0.22325)
(-0.41573 0.32957 -0.25239)
(-0.43159 0.35675 -0.27699)
(-0.45740 0.41183 -0.33006)
(-0.51975 0.48324 -0.40062)
(-0.52446 0.50526 -0.43660)
(-0.55057 0.55210 -0.49390)
(-0.54030 0.54888 -0.51602)
(-0.56329 0.57191 -0.59423)
(-0.56375 0.56910 -0.59977)
(-0.55891 0.56995 -0.61749)
(-0.55279 0.56045 -0.64996)
(-0.54977 0.56154 -0.67755)
(-0.52959 0.55520 -0.69677)
(-0.52859 0.54522 -0.69400)
(-0.51779 0.54465 -0.68875)
(-0.50204 0.53857 -0.67580)
(-0.49780 0.53796 -0.67086)
(-0.49627 0.55826 -0.66806)
(-0.47956 0.56488 -0.65138)
(-0.47551 0.56492 -0.64146)
(-0.47082 0.59058 -0.58210)
(-0.46935 0.57846 -0.59251)
(-0.47439 0.59142 -0.56736)
(-0.36889 0.49870 -0.40297)
(-0.43122 0.55620 -0.43806)
(-0.35699 0.48664 -0.38025)
(-0.33723 0.46334 -0.29898)
(-0.29514 0.41888 -0.23342)
(-0.29503 0.41729 -0.22299)
(-0.29430 0.38963 -0.17519)
(-0.21992 0.28796 -0.12422)
(-0.25795 0.37192 -0.18784)
(-0.06154 0.08465 -0.02672)
(-0.01216 0.01680 -0.00514)
(0.00116 -0.00010 -0.00150)
(-0.02518 0.00276 0.03034)
(-0.03376 0.00269 0.04414)
(-0.06557 0.00654 0.07925)
(-0.06544 0.00646 0.07939)
(-0.06794 0.01158 0.08705)
(-0.07507 0.01681 0.07976)
(-0.07531 0.01697 0.07664)
(-0.09914 0.03848 0.06696)
(-0.09766 0.03714 0.06685)
(-0.10320 0.04175 0.06195)
(-0.14651 0.06931 0.02005)
(-0.18494 0.10545 -0.01674)
(-0.20488 0.12215 -0.03307)
(-0.20478 0.12258 -0.03443)
(-0.29397 0.21445 -0.12338)
(-0.38788 0.30081 -0.22707)
(-0.35961 0.28896 -0.21791)
(-0.37211 0.32114 -0.25000)
(-0.46523 0.42049 -0.34799)
(-0.45791 0.43077 -0.36165)
(-0.52002 0.50879 -0.45130)
(-0.52429 0.51376 -0.46268)
(-0.53855 0.52473 -0.51547)
(-0.56596 0.56310 -0.58656)
(-0.56507 0.56746 -0.60651)
(-0.55885 0.54659 -0.61416)
(-0.55982 0.54633 -0.62573)
(-0.53882 0.54007 -0.65339)
(-0.55975 0.53293 -0.63547)
(-0.54156 0.52818 -0.64590)
(-0.52964 0.52706 -0.65989)
(-0.50364 0.52731 -0.66493)
(-0.50263 0.53313 -0.67045)
(-0.49696 0.53106 -0.66470)
(-0.48956 0.52794 -0.65740)
(-0.45952 0.52215 -0.61488)
(-0.47243 0.55437 -0.64424)
(-0.46700 0.55212 -0.63350)
(-0.42599 0.52455 -0.55997)
(-0.42176 0.53546 -0.52384)
(-0.40615 0.51734 -0.50865)
(-0.35326 0.48205 -0.39188)
(-0.33967 0.46857 -0.36714)
(-0.34300 0.47165 -0.33846)
(-0.32356 0.45222 -0.34183)
(-0.28096 0.40495 -0.22524)
(-0.27951 0.40251 -0.21528)
(-0.26466 0.38781 -0.20719)
(-0.21843 0.32364 -0.16152)
(-0.13156 0.19382 -0.08768)
(-0.01984 0.03113 -0.01022)
(0.01085 -0.01716 0.00525)
(0.00482 -0.00011 -0.00674)
(-0.00158 0.00009 0.00237)
(-0.02238 0.00147 0.03240)
(-0.06254 0.00614 0.08204)
(-0.05739 0.00176 0.08437)
(-0.06492 0.00749 0.08349)
(-0.06380 0.00921 0.09012)
(-0.06662 0.00909 0.08859)
(-0.06954 0.01057 0.07947)
(-0.09312 0.03320 0.07071)
(-0.09129 0.03157 0.07084)
(-0.09482 0.03456 0.06753)
(-0.09068 0.03036 0.06617)
(-0.10037 0.03384 0.05592)
(-0.09706 0.02990 0.05415)
(-0.18338 0.10417 -0.01703)
(-0.18115 0.10232 -0.01725)
(-0.20261 0.12169 -0.03452)
(-0.20000 0.12692 -0.05318)
(-0.29947 0.22201 -0.15776)
(-0.17616 0.11608 -0.04928)
(-0.30735 0.25107 -0.17274)
(-0.33241 0.29264 -0.21142)
(-0.38861 0.34763 -0.27199)
(-0.37772 0.34600 -0.27275)
(-0.50544 0.48838 -0.43048)
(-0.51328 0.49745 -0.44442)
(-0.52105 0.49904 -0.46865)
(-0.51881 0.50741 -0.48753)
(-0.56764 0.56241 -0.59280)
(-0.53472 0.51393 -0.50774)
(-0.56696 0.54369 -0.58900)
(-0.56683 0.52802 -0.59288)
(-0.55193 0.51510 -0.60027)
(-0.54477 0.52428 -0.63519)
(-0.54014 0.52050 -0.63614)
(-0.51335 0.50124 -0.62869)
(-0.47182 0.48439 -0.61703)
(-0.49676 0.52390 -0.65864)
(-0.48761 0.51992 -0.65076)
(-0.42865 0.47780 -0.58250)
(-0.42759 0.49320 -0.58360)
(-0.38786 0.47611 -0.52842)
(-0.36710 0.47043 -0.48050)
(-0.34202 0.46114 -0.40440)
(-0.29842 0.41093 -0.37790)
(-0.32755 0.45541 -0.35993)
(-0.31182 0.43967 -0.33408)
(-0.20685 0.32103 -0.21039)
(-0.23934 0.36299 -0.21737)
(-0.19124 0.30661 -0.16304)
(-0.24261 0.36465 -0.18393)
(-0.07017 0.11215 -0.04353)
(-0.04786 0.08561 -0.02631)
(-0.00121 0.00210 -0.00065)
(0.00697 -0.00040 -0.01052)
(-0.03243 0.00097 0.05232)
(-0.05069 0.00038 0.07734)
(0.00611 -0.00025 -0.00897)
(-0.00831 0.00027 0.01272)
(-0.05438 0.00241 0.08635)
(-0.05583 0.00336 0.08791)
(-0.05918 0.00478 0.08946)
(-0.05173 0.00265 0.09015)
(-0.06288 0.00996 0.09168)
(-0.06076 0.00474 0.09110)
(-0.06961 0.01151 0.08370)
(-0.05510 0.00196 0.09321)
(-0.06295 0.00763 0.08595)
(-0.08812 0.02859 0.07135)
(-0.06691 0.00855 0.07280)
(-0.07641 0.01169 0.06288)
(-0.11881 0.05132 0.03031)
(-0.05077 -0.00866 0.06868)
(-0.09952 0.03783 0.03044)
(-0.10440 0.04741 0.01955)
(-0.13478 0.07477 -0.01118)
(-0.13114 0.06965 -0.01133)
(-0.20590 0.15407 -0.08459)
(-0.22536 0.19025 -0.11028)
(-0.32582 0.29327 -0.20575)
(-0.33959 0.31859 -0.22971)
(-0.47922 0.45678 -0.38913)
(-0.47047 0.45869 -0.38716)
(-0.48159 0.46792 -0.41523)
(-0.49438 0.46433 -0.42388)
(-0.50692 0.47805 -0.43859)
(-0.52303 0.49535 -0.50952)
(-0.54341 0.50710 -0.55470)
(-0.50872 0.46890 -0.52400)
(-0.49998 0.45910 -0.53895)
(-0.53393 0.49990 -0.60710)
(-0.53357 0.50574 -0.63369)
(-0.48461 0.46148 -0.59487)
(-0.46807 0.45199 -0.59918)
(-0.42462 0.42401 -0.55367)
(-0.45959 0.47592 -0.60001)
(-0.42909 0.46724 -0.58065)
(-0.39268 0.44472 -0.54532)
(-0.36422 0.42820 -0.50770)
(-0.36578 0.45127 -0.50795)
(-0.33302 0.43405 -0.45268)
(-0.32595 0.42074 -0.45839)
(-0.28929 0.39729 -0.38009)
(-0.30543 0.42896 -0.36243)
(-0.26171 0.37213 -0.33857)
(-0.21650 0.32760 -0.27617)
(-0.30397 0.43113 -0.33137)
(-0.23523 0.35060 -0.24555)
(-0.17303 0.27705 -0.16578)
(-0.11991 0.22382 -0.09799)
(-0.13306 0.23572 -0.09967)
(-0.04732 0.08581 -0.02836)
(0.00356 -0.00677 0.00179)
(-0.00483 0.00895 -0.00274)
(-0.00344 0.00005 0.00648)
(-0.03008 0.00028 0.04944)
(-0.02724 0.00058 0.06008)
(-0.04131 0.00067 0.08838)
(-0.04076 -0.00025 0.08990)
(-0.05430 0.00370 0.09354)
(-0.04351 -0.00618 0.09387)
(-0.04540 -0.00704 0.09434)
(-0.03381 -0.01793 0.09462)
(-0.04426 -0.00821 0.07665)
(-0.03879 -0.01314 0.07631)
(-0.05056 -0.00758 0.06556)
(-0.01767 -0.02396 0.05750)
(-0.08395 0.03074 0.01966)
(-0.06409 0.02009 0.02032)
(-0.14881 0.10390 -0.04291)
(-0.14426 0.12253 -0.04061)
(-0.17213 0.15138 -0.06612)
(-0.18059 0.16520 -0.07337)
(-0.34961 0.33224 -0.24099)
(-0.24194 0.23061 -0.13355)
(-0.37955 0.37043 -0.27201)
(-0.42196 0.41358 -0.33290)
(-0.43212 0.41938 -0.34606)
(-0.43717 0.42803 -0.36235)
(-0.43223 0.41346 -0.37545)
(-0.49844 0.46690 -0.45568)
(-0.45670 0.42943 -0.43425)
(-0.46500 0.43554 -0.45829)
(-0.46567 0.42265 -0.46652)
(-0.43730 0.39316 -0.49056)
(-0.46150 0.41873 -0.52185)
(-0.45480 0.42006 -0.53100)
(-0.43448 0.40592 -0.52119)
(-0.42447 0.40555 -0.53943)
(-0.38118 0.38872 -0.51001)
(-0.40246 0.42606 -0.53737)
(-0.36613 0.40772 -0.50489)
(-0.35425 0.41365 -0.50338)
(-0.28570 0.37332 -0.42069)
(-0.23206 0.32207 -0.35515)
(-0.27418 0.37144 -0.39407)
(-0.25666 0.36506 -0.33681)
(-0.20804 0.32106 -0.27104)
(-0.15223 0.25506 -0.20579)
(-0.13970 0.23992 -0.13485)
(-0.14285 0.23135 -0.15866)
(-0.11462 0.21368 -0.09877)
(-0.10972 0.20582 -0.09357)
(-0.07383 0.14232 -0.06091)
(-0.02719 0.05317 -0.01836)
(0.00092 -0.00218 0.00043)
(0.01079 -0.02019 0.00596)
(-0.00310 0.00007 0.00706)
(-0.01404 0.00032 0.03148)
(-0.01750 0.00027 0.04242)
(-0.03843 0.00029 0.08929)
(-0.03802 -0.00088 0.09099)
(-0.03746 -0.00462 0.09300)
(-0.03709 -0.00049 0.09060)
(-0.03107 -0.01036 0.09414)
(-0.03707 -0.01226 0.09492)
(-0.03460 -0.01639 0.09543)
(-0.02830 -0.01666 0.09237)
(-0.03226 -0.01837 0.09515)
(-0.02017 -0.02822 0.08860)
(-0.01224 -0.03205 0.07974)
(-0.01136 -0.03604 0.07254)
(-0.00944 -0.02694 0.05616)
(-0.01602 -0.01989 0.05170)
(-0.01616 -0.01719 0.04936)
(-0.08566 0.04884 -0.00393)
(-0.13084 0.11250 -0.02924)
(-0.15175 0.13503 -0.04739)
(-0.15862 0.14655 -0.05128)
(-0.17390 0.16636 -0.06220)
(-0.30746 0.31336 -0.20883)
(-0.33774 0.34399 -0.23439)
(-0.34217 0.35358 -0.25068)
(-0.34404 0.36289 -0.25655)
(-0.36103 0.36593 -0.29056)
(-0.39314 0.37734 -0.34777)
(-0.38975 0.37130 -0.34962)
(-0.38628 0.36485 -0.34901)
(-0.41184 0.37622 -0.42809)
(-0.42121 0.38020 -0.48017)
(-0.41309 0.37407 -0.48328)
(-0.35742 0.34224 -0.45705)
(-0.35165 0.34437 -0.45313)
(-0.27278 0.29806 -0.39002)
(-0.32589 0.35369 -0.45910)
(-0.26316 0.29706 -0.38468)
(-0.26946 0.31392 -0.39161)
(-0.28056 0.35287 -0.41290)
(-0.22872 0.31679 -0.35568)
(-0.21584 0.30711 -0.33745)
(-0.21868 0.31249 -0.33583)
(-0.20346 0.29740 -0.31965)
(-0.19045 0.28984 -0.28088)
(-0.15522 0.25000 -0.21135)
(-0.11670 0.19786 -0.16816)
(-0.12862 0.20730 -0.16085)
(-0.11630 0.19787 -0.13693)
(-0.07829 0.14791 -0.08524)
(-0.05406 0.10769 -0.05727)
(-0.03428 0.07195 -0.02884)
(-0.00332 0.00814 -0.00190)
(0.00108 -0.00314 -0.00062)
(-0.00452 0.00008 0.01129)
(-0.00369 0.00004 0.01005)
(-0.02412 0.00005 0.06187)
(-0.03440 -0.00080 0.09122)
(-0.03046 -0.00918 0.09405)
(-0.01156 -0.01222 0.08739)
(-0.01210 -0.01345 0.08722)
(-0.00367 -0.02377 0.08447)
(0.00661 -0.03286 0.07944)
(0.01795 -0.03967 0.07342)
(-0.00503 -0.03758 0.07259)
(-0.00587 -0.02818 0.05999)
(-0.00920 -0.02455 0.05332)
(-0.00919 -0.02210 0.05143)
(-0.01596 -0.01479 0.04801)
(-0.05375 0.03774 0.02044)
(-0.13442 0.11989 -0.03112)
(-0.13872 0.12800 -0.03158)
(-0.14537 0.15243 -0.04003)
(-0.22349 0.24178 -0.12374)
(-0.26053 0.28523 -0.15509)
(-0.25480 0.29399 -0.16530)
(-0.25951 0.29838 -0.17386)
(-0.26001 0.29925 -0.17717)
(-0.36849 0.36093 -0.31997)
(-0.30367 0.31449 -0.24388)
(-0.36402 0.35402 -0.32058)
(-0.36026 0.34701 -0.32059)
(-0.34234 0.32205 -0.33856)
(-0.29487 0.27808 -0.31294)
(-0.31280 0.28465 -0.35938)
(-0.40641 0.36872 -0.47157)
(-0.33577 0.31056 -0.41383)
(-0.25534 0.24053 -0.32596)
(-0.32850 0.31946 -0.42749)
(-0.26043 0.28318 -0.37403)
(-0.25173 0.28232 -0.36935)
(-0.24405 0.28210 -0.36555)
(-0.21986 0.26709 -0.34130)
(-0.22343 0.31058 -0.35371)
(-0.21223 0.30166 -0.33778)
(-0.19014 0.27497 -0.31575)
(-0.20102 0.29256 -0.32165)
(-0.13994 0.22975 -0.20990)
(-0.15359 0.24248 -0.25807)
(-0.11836 0.19898 -0.18361)
(-0.09887 0.16665 -0.14267)
(-0.10121 0.17879 -0.16254)
(-0.05772 0.10629 -0.07364)
(-0.05439 0.09975 -0.06281)
(-0.01414 0.03422 -0.01547)
(-0.01671 0.03031 -0.01908)
(-0.00215 0.00529 -0.00234)
(-0.01827 -0.00020 0.05062)
(-0.00451 -0.00000 0.01317)
(-0.00278 0.00065 0.04636)
(-0.01458 -0.00695 0.09030)
(-0.00049 -0.00944 0.08801)
(-0.00196 -0.01740 0.08593)
(0.00857 -0.02742 0.08032)
(0.01757 -0.03613 0.07457)
(0.02173 -0.03864 0.07224)
(0.01746 -0.04211 0.07280)
(0.02230 -0.04161 0.06697)
(-0.00221 -0.02813 0.05317)
(-0.01060 -0.01472 0.04744)
(-0.06645 0.06419 0.01536)
(-0.06052 0.06836 0.02091)
(-0.08634 0.10497 0.00507)
(-0.17719 0.20513 -0.07036)
(-0.19360 0.22777 -0.08725)
(-0.21730 0.26479 -0.12117)
(-0.23447 0.27905 -0.14727)
(-0.23574 0.28060 -0.15328)
(-0.23388 0.26705 -0.16740)
(-0.33684 0.33613 -0.29039)
(-0.22917 0.25369 -0.18494)
(-0.24946 0.26566 -0.20707)
(-0.33451 0.33010 -0.29203)
(-0.27180 0.27303 -0.24954)
(-0.25022 0.24702 -0.24476)
(-0.22544 0.21861 -0.23800)
(-0.22230 0.21240 -0.26050)
(-0.21291 0.20748 -0.26767)
(-0.25314 0.24730 -0.34235)
(-0.19620 0.20719 -0.27798)
(-0.22968 0.24739 -0.32627)
(-0.23990 0.26756 -0.35355)
(-0.22791 0.26118 -0.34348)
(-0.21685 0.25551 -0.33417)
(-0.22580 0.26782 -0.34687)
(-0.17871 0.23781 -0.30031)
(-0.14895 0.23011 -0.26875)
(-0.19669 0.28663 -0.32106)
(-0.13265 0.22087 -0.24750)
(-0.13244 0.21597 -0.23392)
(-0.11527 0.19254 -0.19213)
(-0.07957 0.15004 -0.15584)
(-0.07042 0.13021 -0.11453)
(-0.04424 0.08124 -0.05595)
(-0.03621 0.07214 -0.05794)
(-0.03306 0.06052 -0.04154)
(-0.00831 0.01501 -0.01022)
(-0.00284 0.00511 -0.00322)
(0.00007 0.00003 0.00061)
(0.00163 0.00085 0.01642)
(0.00062 0.00002 0.00327)
(-0.00204 -0.00286 0.06225)
(0.01103 -0.01854 0.08217)
(0.02350 -0.00131 0.04537)
(0.01235 -0.01248 0.08215)
(0.04096 -0.01553 0.07591)
(0.02360 -0.03659 0.07217)
(0.04058 -0.03241 0.06765)
(0.02373 -0.03912 0.07206)
(0.03819 -0.03324 0.06517)
(0.03921 -0.03899 0.06080)
(0.03791 -0.03873 0.05776)
(0.01630 -0.01522 0.05355)
(0.01703 -0.01043 0.05625)
(-0.01907 0.01677 0.05609)
(-0.02083 0.01683 0.05864)
(-0.03098 0.05322 0.04995)
(-0.10721 0.14766 -0.01255)
(-0.06587 0.10158 0.01896)
(-0.13256 0.18044 -0.02638)
(-0.14102 0.19484 -0.04103)
(-0.16535 0.21819 -0.08058)
(-0.19320 0.24224 -0.11978)
(-0.16233 0.21595 -0.10029)
(-0.13875 0.19167 -0.09056)
(-0.12277 0.17534 -0.09859)
(-0.13049 0.16801 -0.13313)
(-0.16599 0.19358 -0.16696)
(-0.17827 0.19150 -0.18024)
(-0.13100 0.16305 -0.13826)
(-0.15832 0.17019 -0.15694)
(-0.17164 0.17817 -0.20077)
(-0.14201 0.15953 -0.20703)
(-0.17266 0.18112 -0.23941)
(-0.12712 0.16186 -0.22390)
(-0.12250 0.16043 -0.22260)
(-0.15947 0.20076 -0.26823)
(-0.11413 0.17477 -0.22699)
(-0.13627 0.19822 -0.24942)
(-0.11368 0.19202 -0.23555)
(-0.08075 0.16553 -0.20146)
(-0.10004 0.18573 -0.21464)
(-0.09154 0.17086 -0.19456)
(-0.06838 0.14534 -0.15874)
(-0.07187 0.14000 -0.14629)
(-0.05924 0.11821 -0.12460)
(-0.02639 0.06640 -0.06968)
(-0.03033 0.06635 -0.06871)
(-0.00686 0.01555 -0.01684)
(-0.00636 0.01246 -0.00969)
(-0.01077 -0.00175 -0.01454)
(0.00089 0.00011 0.00154)
(0.03843 -0.00606 0.05844)
(-0.00084 -0.00003 -0.00087)
(0.01819 0.00011 0.01956)
(0.06251 -0.00396 0.06360)
(0.06357 -0.00855 0.07011)
(0.06553 -0.02415 0.06242)
(0.07205 -0.00729 0.06762)
(0.06910 -0.01047 0.06745)
(0.04940 -0.03400 0.05992)
(0.05527 -0.03030 0.05980)
(0.04378 -0.02630 0.06200)
(0.04436 -0.01631 0.06608)
(0.00864 0.01468 0.05670)
(0.01935 0.01941 0.05934)
(0.00102 0.04142 0.05957)
(-0.00426 0.05876 0.05981)
(-0.06518 0.10964 0.02357)
(-0.00757 0.06663 0.05725)
(-0.09654 0.15112 -0.01574)
(-0.10022 0.16288 -0.02645)
(-0.08335 0.14985 -0.01745)
(-0.09715 0.15997 -0.04217)
(-0.08310 0.14623 -0.04695)
(-0.08372 0.14984 -0.05816)
(-0.06164 0.12226 -0.05925)
(-0.03112 0.09032 -0.05004)
(0.01030 0.04771 -0.03202)
(-0.12424 0.14726 -0.14822)
(-0.11329 0.13586 -0.14339)
(-0.01199 0.06214 -0.06103)
(-0.02690 0.07118 -0.08046)
(-0.07175 0.10395 -0.13198)
(-0.05250 0.09281 -0.12644)
(-0.00061 0.05435 -0.08415)
(-0.00077 0.05554 -0.08989)
(-0.04011 0.08358 -0.12301)
(-0.10841 0.14787 -0.20633)
(-0.05076 0.09783 -0.13928)
(-0.05856 0.11551 -0.16956)
(-0.09041 0.14584 -0.19979)
(-0.03980 0.11096 -0.15650)
(-0.06258 0.13390 -0.17252)
(-0.06397 0.14653 -0.17905)
(-0.07832 0.16125 -0.19600)
(-0.05273 0.12416 -0.14974)
(-0.06343 0.13551 -0.16521)
(-0.02465 0.08365 -0.09421)
(-0.00559 0.05176 -0.06159)
(-0.00271 0.02891 -0.03501)
(-0.00536 0.02114 -0.02463)
(-0.00228 0.00707 -0.00858)
(0.00069 -0.00160 0.00171)
(0.00068 -0.00424 0.00635)
(0.00190 -0.00439 0.00470)
(-0.01034 -0.00042 -0.01041)
(0.00431 0.00009 0.00390)
(0.03626 -0.00072 0.03478)
(-0.01344 -0.00094 -0.01094)
(0.02627 0.00020 0.02208)
(0.06187 -0.00306 0.05538)
(0.08445 -0.01751 0.06395)
(0.06052 -0.00201 0.04982)
(0.07438 -0.00487 0.06262)
(0.09154 -0.00445 0.06465)
(0.07800 -0.00893 0.06580)
(0.08360 0.00115 0.07065)
(0.05579 -0.00460 0.06804)
(0.08203 0.01124 0.07240)
(0.03514 0.03040 0.06555)
(0.00768 0.05232 0.06293)
(0.00588 0.05686 0.06114)
(0.00318 0.06092 0.05904)
(-0.00990 0.07155 0.05475)
(-0.05399 0.11007 0.01833)
(-0.04838 0.11110 0.01111)
(-0.05590 0.12258 -0.00265)
(-0.04070 0.11100 -0.01341)
(-0.02606 0.09687 -0.02128)
(-0.01776 0.08602 -0.02202)
(0.02062 0.04808 -0.02010)
(0.03641 0.03164 -0.01601)
(0.03820 0.02784 -0.01838)
(0.01878 0.04050 -0.04465)
(0.01286 0.04370 -0.07262)
(0.01305 0.04448 -0.07648)
(0.02350 0.03724 -0.06940)
(0.01521 0.04449 -0.07815)
(0.00507 0.05320 -0.08706)
(0.01384 0.05332 -0.09123)
(0.02722 0.04731 -0.07233)
(0.00469 0.07070 -0.09277)
(-0.03408 0.10317 -0.14059)
(-0.01367 0.08828 -0.10616)
(-0.01280 0.09095 -0.11262)
(-0.01640 0.09535 -0.11536)
(-0.02798 0.10814 -0.12878)
(0.00106 0.05822 -0.06593)
(-0.00102 0.02594 -0.03026)
(-0.00044 0.01199 -0.01435)
(0.00001 -0.00037 0.00045)
(-0.00001 -0.00436 0.00525)
(0.00016 -0.00547 0.00676)
(-0.00024 -0.00001 -0.00019)
(-0.00381 -0.00061 -0.00248)
(0.01822 0.00067 0.01406)
(0.09103 0.00183 0.04938)
(0.04920 0.00794 0.02188)
(0.10621 0.01184 0.06347)
(0.09273 0.00763 0.06889)
(0.09758 0.00848 0.06989)
(0.11745 0.02105 0.06993)
(0.09890 0.01388 0.07226)
(0.09428 0.01372 0.07278)
(0.09218 0.01620 0.07479)
(0.06363 0.03910 0.07177)
(0.01906 0.05108 0.06490)
(0.01580 0.05371 0.06313)
(0.01227 0.05525 0.06141)
(0.00138 0.06315 0.05709)
(-0.00116 0.07361 0.04180)
(0.00767 0.07562 0.03023)
(0.00529 0.08147 0.00699)
(0.02264 0.06840 -0.00065)
(0.02143 0.04845 0.00112)
(0.02298 0.04724 -0.00208)
(0.04684 0.02425 -0.00912)
(0.05004 0.02010 -0.01088)
(0.06119 0.01104 -0.00585)
(0.05876 0.01133 -0.00919)
(0.05483 0.01447 -0.01757)
(0.02600 0.03416 -0.06492)
(0.07858 -0.00563 -0.01355)
(0.03680 0.02646 -0.05697)
(0.03238 0.03136 -0.06247)
(0.05376 0.02222 -0.04800)
(0.05040 0.02790 -0.04713)
(0.03568 0.04288 -0.06330)
(0.04101 0.04010 -0.05740)
(0.03968 0.04360 -0.03927)
(0.03130 0.05077 -0.04830)
(0.03202 0.04588 -0.04116)
(0.02040 0.02652 -0.02237)
(0.00927 0.01517 -0.01294)
(0.00156 0.00896 -0.01049)
(0.00001 0.00064 -0.00074)
(-0.00092 -0.00371 0.00409)
(-0.00017 -0.00466 0.00540)
(0.01165 0.00206 0.00512)
(0.02627 0.00558 0.01278)
(0.06949 0.01361 0.03439)
(0.03285 0.01061 0.01534)
(0.08088 0.01688 0.04650)
(0.09725 0.01669 0.06560)
(0.04439 0.00977 0.02756)
(0.06525 0.01316 0.04436)
(0.10383 0.01927 0.07422)
(0.10182 0.01987 0.07619)
(0.07630 0.03663 0.07719)
(0.09262 0.03181 0.07996)
(0.06736 0.04005 0.07436)
(0.02352 0.05104 0.06524)
(0.08118 0.05167 0.07075)
(0.07525 0.04427 0.06513)
(0.03460 0.05306 0.05524)
(0.03068 0.05724 0.04340)
(0.05042 0.04828 0.04976)
(0.04588 0.04439 0.03701)
(0.06103 0.03389 0.02543)
(0.06623 0.03099 0.02778)
(0.06832 0.02903 0.02495)
(0.06022 0.03304 0.02436)
(0.06087 0.03002 0.01760)
(0.05360 0.01765 0.00308)
(0.08471 0.00954 0.02171)
(0.06232 0.01179 -0.00237)
(0.06896 0.00528 -0.00121)
(0.09056 -0.01680 0.00491)
(0.10934 -0.01705 0.00665)
(0.08984 -0.00058 -0.01219)
(0.10913 -0.01930 0.02160)
(0.11297 -0.01821 0.01079)
(0.10731 -0.00685 -0.00371)
(0.10106 -0.00211 -0.00556)
(0.08476 -0.00134 -0.00032)
(0.06663 0.00527 -0.00174)
(0.04908 0.02406 -0.02256)
(0.03200 0.03099 -0.02525)
(0.01804 0.00687 -0.00279)
(0.01011 0.00896 -0.00639)
(0.00627 0.00743 -0.00576)
(-0.00107 -0.00158 0.00127)
(0.00656 0.00216 0.00304)
(0.01921 0.00768 0.00929)
(0.01819 0.00597 0.00960)
(0.01049 0.00469 0.00543)
(0.02198 0.00871 0.01268)
(0.07502 0.03163 0.05433)
(0.09040 0.04240 0.06489)
(0.03468 0.01186 0.02149)
(0.05550 0.02400 0.03607)
(0.06301 0.03523 0.04644)
(0.09000 0.05741 0.06455)
(0.06005 0.03730 0.04134)
(0.07679 0.04504 0.06056)
(0.06199 0.03892 0.05746)
(0.08040 0.05788 0.05193)
(0.08338 0.03251 0.05222)
(0.06999 0.04278 0.03818)
(0.07046 0.02654 0.02974)
(0.08320 0.03930 0.03692)
(0.08950 0.02793 0.03669)
(0.09216 0.02122 0.03106)
(0.09205 0.01901 0.03179)
(0.11987 0.01540 0.02984)
(0.09812 0.00874 0.01894)
(0.11113 -0.00758 0.02921)
(0.08464 0.00524 0.01849)
(0.09829 -0.02464 0.02492)
(0.08976 -0.03299 0.02803)
(0.08717 -0.01993 0.01754)
(0.03080 -0.01025 0.00943)
(0.03622 -0.00800 0.01065)
(0.02119 -0.00177 0.00480)
(0.03373 -0.00202 0.00565)
(-0.00148 0.00002 -0.00037)
(0.00774 0.00058 0.00098)
(0.00328 0.00055 0.00034)
(-0.02854 -0.01316 -0.01492)
(-0.02205 -0.00766 -0.01340)
(0.02189 0.00939 0.01247)
(-0.02007 -0.00874 -0.01120)
(-0.00751 -0.00338 -0.00389)
(0.03396 0.02080 0.02266)
(0.04672 0.03050 0.02271)
(-0.00094 -0.00057 -0.00042)
(-0.00071 -0.00044 -0.00031)
(0.04068 0.02565 0.02056)
(0.06341 0.03853 0.03299)
(0.01865 0.00971 0.00785)
(0.04222 0.02736 0.01926)
(0.07036 0.04270 0.03189)
(0.02514 0.01582 0.01109)
(0.04600 0.01607 0.01669)
(0.05672 0.01055 0.01614)
(0.07843 0.01087 0.02007)
(0.00719 0.00161 0.00233)
(0.01314 0.00236 0.00388)
(-0.00199 -0.00034 -0.00056)
(0.05525 0.00411 0.01232)
(0.03274 0.00068 0.00842)
(-0.01716 -0.00090 -0.00432)
(-0.00857 0.00103 -0.00221)
(-0.01521 0.00041 -0.00429)
(-0.01485 0.00099 -0.00414)
(0.00546 0.00363 0.00242)
(0.00914 0.00584 0.00399)
(0.00978 0.00513 0.00314)
(-0.00402 -0.00111 -0.00144)
)