/*--------------------------------*- C++ -*----------------------------------*\ 
| =========                 |                                                 | 
| \\      /  F ield         | OpenFOAM: The Open Source CFD Toolbox           | 
|  \\    /   O peration     | Version:  4.0                                   | 
|   \\  /    A nd           | Web:      www.OpenFOAM.org                      | 
|    \\/     M anipulation  |                                                 | 
\*---------------------------------------------------------------------------*/ 
FoamFile 
{ 
    version     2.0; 
    format      ascii; 
    class       vectorAverageField; 
    object      values; 
} 
// * * * * * * * * * * * * * * * * * * * * * * * * * * * * * * * * * * * * * // 
 
// Average 
(0 0 0) 
 
// Velocity data on points 
2447
(
(0.00334 0.00304 0.00101)
(-0.00274 -0.00101 -0.00226)
(-0.01095 -0.00103 -0.01079)
(-0.00253 -0.00084 -0.00513)
(0.00448 -0.00001 0.00909)
(-0.02814 0.00107 -0.04095)
(-0.00838 0.00033 -0.01661)
(-0.03645 0.02455 -0.07761)
(-0.00364 0.00244 -0.00796)
(0.00548 -0.00411 0.01200)
(-0.02498 0.01875 -0.05377)
(-0.00512 0.00420 -0.01128)
(0.00426 -0.00479 0.00995)
(-0.03035 0.03119 -0.06939)
(-0.00114 0.00189 -0.00328)
(0.00339 -0.00600 0.00989)
(-0.01230 0.02120 -0.03562)
(-0.00069 0.00137 -0.00212)
(0.00379 -0.01171 0.01645)
(-0.00078 0.00238 -0.00336)
(0.00374 0.00710 -0.00203)
(-0.00150 -0.00147 0.00039)
(0.00106 0.00117 -0.00008)
(0.00045 0.00060 0.00010)
(-0.01777 -0.03170 -0.00064)
(-0.02015 -0.01999 -0.00628)
(-0.03848 -0.00807 -0.03275)
(-0.05298 0.00177 -0.05095)
(-0.08669 -0.00815 -0.07160)
(-0.09903 0.00665 -0.09472)
(-0.07598 0.00699 -0.10768)
(-0.05669 0.02313 -0.11522)
(-0.11161 0.04428 -0.17961)
(-0.08688 0.05918 -0.17812)
(-0.07238 0.05455 -0.15154)
(-0.05913 0.04881 -0.12748)
(-0.10345 0.07832 -0.21102)
(-0.10017 0.08330 -0.21280)
(-0.11063 0.11352 -0.24932)
(-0.06426 0.06591 -0.14593)
(-0.04835 0.06604 -0.12261)
(-0.14426 0.18291 -0.33893)
(-0.12864 0.16821 -0.30588)
(-0.06153 0.09676 -0.16366)
(-0.03877 0.06714 -0.10504)
(-0.08977 0.15601 -0.25144)
(-0.02081 0.06464 -0.09458)
(-0.00537 0.02132 -0.02969)
(-0.05097 0.12786 -0.18766)
(-0.00279 0.01770 -0.02420)
(-0.00016 -0.00278 0.00354)
(0.00270 0.00399 -0.00321)
(-0.00087 -0.00210 0.00143)
(-0.00348 -0.00770 0.00497)
(-0.01539 -0.01959 0.01053)
(-0.04170 -0.05117 0.02854)
(-0.03403 -0.04046 0.01025)
(-0.03836 -0.07023 -0.00168)
(-0.06352 -0.06035 -0.01269)
(-0.07907 -0.03542 -0.03924)
(-0.09283 -0.01397 -0.06755)
(-0.10776 0.01917 -0.15428)
(-0.13064 0.04725 -0.20739)
(-0.12765 0.06359 -0.23020)
(-0.13386 0.09689 -0.27093)
(-0.14109 0.07532 -0.24665)
(-0.15466 0.09820 -0.27886)
(-0.14041 0.10912 -0.28689)
(-0.14121 0.12949 -0.29875)
(-0.18699 0.18090 -0.39279)
(-0.17702 0.19853 -0.40543)
(-0.18964 0.22217 -0.43458)
(-0.20178 0.22863 -0.46542)
(-0.17344 0.22841 -0.41306)
(-0.14442 0.22804 -0.38553)
(-0.12628 0.22873 -0.35238)
(-0.16360 0.26587 -0.43158)
(-0.11003 0.25461 -0.37934)
(-0.04949 0.16972 -0.24951)
(-0.02548 0.10498 -0.14957)
(-0.11177 0.27521 -0.41384)
(-0.05154 0.18572 -0.27013)
(-0.00409 0.07400 -0.09942)
(0.00040 0.00432 -0.00552)
(0.00035 0.04460 -0.06088)
(-0.00193 -0.01616 0.02144)
(-0.00435 -0.03076 0.04097)
(0.00015 0.00019 -0.00020)
(-0.00509 -0.00631 0.00651)
(-0.01279 -0.02053 0.01782)
(-0.01517 -0.03849 0.02825)
(-0.03111 -0.06179 0.05508)
(-0.02525 -0.05962 0.04537)
(-0.03293 -0.07869 0.06235)
(-0.05766 -0.06507 0.04976)
(-0.05418 -0.06288 0.03668)
(-0.05713 -0.06911 0.03243)
(-0.08485 -0.05930 0.04268)
(-0.07874 -0.05596 0.01542)
(-0.07932 -0.05114 -0.01838)
(-0.09977 -0.02231 -0.07057)
(-0.11187 -0.00932 -0.10032)
(-0.13461 0.02467 -0.17580)
(-0.14594 0.04112 -0.20522)
(-0.16788 0.07232 -0.24834)
(-0.16941 0.09835 -0.28379)
(-0.21039 0.15672 -0.36467)
(-0.21691 0.18255 -0.40689)
(-0.21989 0.21417 -0.44396)
(-0.20492 0.22986 -0.45915)
(-0.19996 0.23296 -0.45206)
(-0.21027 0.27180 -0.49551)
(-0.21777 0.30912 -0.53564)
(-0.23251 0.34405 -0.58486)
(-0.14796 0.28484 -0.43683)
(-0.21170 0.33387 -0.55291)
(-0.12318 0.28636 -0.43413)
(-0.09588 0.29483 -0.44439)
(-0.10514 0.30510 -0.46201)
(-0.09149 0.28952 -0.43570)
(-0.02878 0.17648 -0.25806)
(0.00377 0.04253 -0.06016)
(-0.05441 0.26752 -0.40571)
(-0.00566 0.16178 -0.23668)
(0.00304 0.02115 -0.02983)
(0.00099 0.00686 -0.00942)
(0.00294 0.00320 -0.00329)
(-0.00641 -0.00903 0.00924)
(-0.01511 -0.02308 0.02373)
(-0.03397 -0.04440 0.04938)
(-0.04200 -0.05551 0.06174)
(-0.04484 -0.07370 0.09086)
(-0.04704 -0.07611 0.08688)
(-0.04263 -0.08076 0.08218)
(-0.06405 -0.06834 0.07415)
(-0.08709 -0.05885 0.05356)
(-0.08991 -0.05635 0.04285)
(-0.09506 -0.05243 0.03151)
(-0.09611 -0.05239 0.04020)
(-0.10287 -0.04677 0.02703)
(-0.12048 -0.01519 -0.06569)
(-0.14345 0.02963 -0.17756)
(-0.14927 0.04031 -0.19941)
(-0.15661 0.05372 -0.22616)
(-0.18423 0.09874 -0.30088)
(-0.23363 0.16840 -0.39654)
(-0.22181 0.17410 -0.40488)
(-0.24474 0.23071 -0.48032)
(-0.27598 0.28648 -0.55685)
(-0.25858 0.28611 -0.54464)
(-0.26007 0.31183 -0.58420)
(-0.25326 0.35349 -0.61463)
(-0.25069 0.35878 -0.61558)
(-0.24597 0.36166 -0.61374)
(-0.24104 0.36396 -0.61194)
(-0.20305 0.35635 -0.57400)
(-0.11464 0.31187 -0.47525)
(-0.10445 0.30767 -0.46680)
(-0.11668 0.31539 -0.48248)
(-0.08800 0.30640 -0.47294)
(-0.03724 0.26688 -0.39125)
(-0.08312 0.32392 -0.48853)
(-0.02919 0.22669 -0.32657)
(0.00854 0.09571 -0.13117)
(0.00123 0.00995 -0.01349)
(-0.00153 0.20079 -0.27595)
(0.00215 0.04540 -0.06097)
(0.00017 0.00253 -0.00338)
(-0.00434 -0.00452 0.00624)
(-0.01177 -0.01634 0.01936)
(-0.03311 -0.05607 0.07190)
(-0.03990 -0.06289 0.08034)
(-0.04391 -0.08461 0.12251)
(-0.05021 -0.08832 0.12656)
(-0.05129 -0.08891 0.13007)
(-0.05251 -0.08933 0.13502)
(-0.05404 -0.08958 0.13856)
(-0.04909 -0.08522 0.10980)
(-0.08413 -0.06163 0.06435)
(-0.08938 -0.05933 0.06563)
(-0.09548 -0.05418 0.05164)
(-0.10229 -0.04803 0.03556)
(-0.11004 -0.04105 0.01942)
(-0.16511 0.02506 -0.11641)
(-0.15094 0.03872 -0.19497)
(-0.17832 0.05010 -0.18008)
(-0.17632 0.06693 -0.24323)
(-0.15968 0.05510 -0.23103)
(-0.16416 0.06467 -0.24943)
(-0.23903 0.17184 -0.40563)
(-0.24175 0.16813 -0.41193)
(-0.27210 0.21689 -0.48762)
(-0.24764 0.19554 -0.44695)
(-0.26265 0.24735 -0.52453)
(-0.31737 0.32704 -0.62678)
(-0.31797 0.33620 -0.63741)
(-0.31944 0.34484 -0.64757)
(-0.26883 0.34535 -0.62584)
(-0.26610 0.37187 -0.64428)
(-0.26272 0.37459 -0.64299)
(-0.25838 0.37670 -0.64132)
(-0.25348 0.39008 -0.64742)
(-0.20712 0.37258 -0.59406)
(-0.18873 0.38057 -0.61010)
(-0.13586 0.34278 -0.53474)
(-0.12444 0.35904 -0.55618)
(-0.10742 0.33963 -0.51371)
(-0.07709 0.32868 -0.48131)
(-0.01486 0.29684 -0.40824)
(-0.00060 0.17934 -0.24355)
(-0.00506 0.22226 -0.29901)
(0.00217 0.07046 -0.09368)
(0.00090 0.03353 -0.04402)
(0.00205 0.00223 -0.00241)
(-0.00053 -0.00041 0.00052)
(-0.02679 -0.03308 0.04703)
(-0.03972 -0.06396 0.08562)
(-0.03886 -0.07908 0.10269)
(-0.04568 -0.08264 0.13719)
(-0.05472 -0.08992 0.14170)
(-0.05507 -0.09015 0.14284)
(-0.05847 -0.09065 0.15025)
(-0.05891 -0.08916 0.15036)
(-0.07674 -0.07663 0.12375)
(-0.09471 -0.05685 0.06621)
(-0.10742 -0.04981 0.07245)
(-0.10421 -0.04853 0.04587)
(-0.10885 -0.04275 0.02695)
(-0.13840 -0.00584 -0.05711)
(-0.12578 -0.03044 0.00583)
(-0.15846 0.03451 -0.14851)
(-0.17483 0.05989 -0.20286)
(-0.19879 0.11629 -0.31972)
(-0.21917 0.13748 -0.36924)
(-0.26327 0.21192 -0.48501)
(-0.30147 0.26680 -0.57972)
(-0.31704 0.31651 -0.64300)
(-0.32387 0.34068 -0.65123)
(-0.32649 0.35145 -0.66352)
(-0.33084 0.38358 -0.70960)
(-0.30740 0.40149 -0.71296)
(-0.29882 0.40441 -0.70895)
(-0.27411 0.38814 -0.66961)
(-0.27783 0.41474 -0.70039)
(-0.23748 0.40018 -0.65118)
(-0.25257 0.42592 -0.71655)
(-0.20428 0.40725 -0.64466)
(-0.18166 0.40474 -0.64233)
(-0.16275 0.39278 -0.61662)
(-0.14563 0.37296 -0.56789)
(-0.13265 0.36703 -0.54226)
(-0.03403 0.31011 -0.42594)
(-0.02054 0.30194 -0.40943)
(-0.00008 0.11064 -0.14585)
(-0.02737 0.30737 -0.41161)
(-0.00813 0.22780 -0.30210)
(-0.00132 0.07884 -0.09655)
(-0.00063 0.00635 -0.00706)
(0.00490 0.00491 -0.00207)
(-0.00016 -0.00017 0.00007)
(-0.01209 -0.01467 0.01676)
(-0.02619 -0.03336 0.04346)
(-0.04154 -0.06779 0.10369)
(-0.03900 -0.06253 0.08735)
(-0.03842 -0.07740 0.11622)
(-0.04761 -0.07550 0.12606)
(-0.04669 -0.08460 0.16293)
(-0.04879 -0.09272 0.19097)
(-0.04990 -0.09001 0.16805)
(-0.05942 -0.08717 0.20196)
(-0.06967 -0.07727 0.16334)
(-0.08521 -0.07183 0.15066)
(-0.11181 -0.04082 0.08418)
(-0.12407 -0.00340 -0.01267)
(-0.14637 0.01564 -0.08496)
(-0.17884 0.05160 -0.20363)
(-0.19130 0.08702 -0.25349)
(-0.21780 0.15541 -0.37891)
(-0.24614 0.20181 -0.46292)
(-0.29036 0.27754 -0.58583)
(-0.30408 0.31130 -0.63578)
(-0.32108 0.34765 -0.68625)
(-0.32779 0.34329 -0.66187)
(-0.33155 0.35516 -0.67404)
(-0.34058 0.39346 -0.74042)
(-0.33628 0.41964 -0.78773)
(-0.34748 0.44907 -0.81672)
(-0.32458 0.45275 -0.80524)
(-0.31716 0.45228 -0.79768)
(-0.29550 0.44704 -0.76843)
(-0.23368 0.43149 -0.70125)
(-0.17914 0.40534 -0.63875)
(-0.20868 0.42204 -0.65329)
(-0.17294 0.39316 -0.58553)
(-0.13683 0.37922 -0.54248)
(-0.17692 0.40039 -0.58837)
(-0.12822 0.37404 -0.51830)
(-0.08620 0.34720 -0.48056)
(-0.05161 0.31974 -0.41398)
(-0.11542 0.36459 -0.49276)
(-0.04488 0.21178 -0.24616)
(-0.00637 0.05605 -0.06239)
(-0.00617 0.03284 -0.03637)
(0.00017 0.00024 -0.00008)
(-0.00705 -0.00741 0.00148)
(-0.03197 -0.04355 0.05594)
(-0.02756 -0.05442 0.06545)
(-0.02888 -0.06634 0.09117)
(-0.02675 -0.07699 0.13986)
(-0.03550 -0.07563 0.13424)
(-0.03853 -0.08407 0.16111)
(-0.03704 -0.07907 0.15722)
(-0.04741 -0.08842 0.19562)
(-0.04945 -0.08984 0.20062)
(-0.04485 -0.09402 0.23457)
(-0.04870 -0.09204 0.25832)
(-0.05060 -0.09044 0.25526)
(-0.06472 -0.08744 0.23970)
(-0.08625 -0.06714 0.16623)
(-0.07202 -0.07307 0.19769)
(-0.08117 -0.06933 0.19591)
(-0.08609 -0.05454 0.12946)
(-0.10651 -0.01722 0.02481)
(-0.12587 0.00335 -0.02791)
(-0.15282 0.04398 -0.14144)
(-0.17762 0.08618 -0.23925)
(-0.21548 0.16565 -0.37161)
(-0.23609 0.24592 -0.52698)
(-0.24709 0.26807 -0.56347)
(-0.27651 0.30348 -0.62607)
(-0.30052 0.33442 -0.68088)
(-0.33680 0.39735 -0.76450)
(-0.34143 0.41879 -0.79318)
(-0.34658 0.44204 -0.81859)
(-0.35961 0.45885 -0.84295)
(-0.35614 0.46137 -0.84800)
(-0.34220 0.47276 -0.85913)
(-0.31346 0.46186 -0.81619)
(-0.32179 0.47741 -0.84906)
(-0.29462 0.46249 -0.78556)
(-0.29764 0.46974 -0.78283)
(-0.28233 0.46265 -0.74671)
(-0.28968 0.47195 -0.75805)
(-0.21186 0.42883 -0.65534)
(-0.22231 0.43966 -0.65215)
(-0.18935 0.41624 -0.59510)
(-0.20071 0.42848 -0.59920)
(-0.16308 0.40515 -0.54018)
(-0.13108 0.37978 -0.48505)
(-0.07953 0.31430 -0.36847)
(-0.02364 0.10739 -0.11960)
(0.00281 -0.01232 0.01362)
(-0.09378 0.26346 -0.31258)
(-0.00123 -0.00351 0.00117)
(-0.00960 -0.01932 0.00911)
(-0.00361 -0.02728 0.00976)
(-0.01650 -0.03732 0.03004)
(-0.02029 -0.06588 0.08020)
(-0.02346 -0.07486 0.12917)
(-0.02279 -0.07891 0.14666)
(-0.02670 -0.07978 0.15212)
(-0.02963 -0.08373 0.17078)
(-0.04025 -0.08838 0.21432)
(-0.04754 -0.09302 0.26629)
(-0.04840 -0.09122 0.26723)
(-0.05429 -0.08164 0.23747)
(-0.07678 -0.05233 0.17728)
(-0.07931 -0.03317 0.13061)
(-0.10968 0.00987 0.00901)
(-0.10650 0.00772 -0.01374)
(-0.14097 0.06667 -0.13442)
(-0.13308 0.07433 -0.11743)
(-0.15745 0.09342 -0.21375)
(-0.19729 0.16430 -0.37003)
(-0.23098 0.24748 -0.52042)
(-0.24099 0.26783 -0.55285)
(-0.25211 0.28822 -0.58387)
(-0.28952 0.33721 -0.66484)
(-0.31959 0.38329 -0.75757)
(-0.31210 0.40210 -0.75138)
(-0.32864 0.41545 -0.79274)
(-0.34277 0.44016 -0.82445)
(-0.34560 0.46114 -0.85928)
(-0.34734 0.46637 -0.87160)
(-0.34445 0.48931 -0.90222)
(-0.34035 0.48872 -0.89374)
(-0.33826 0.49084 -0.89610)
(-0.31321 0.47784 -0.83342)
(-0.30841 0.48229 -0.81785)
(-0.29840 0.47708 -0.78032)
(-0.29737 0.47890 -0.77693)
(-0.28801 0.47469 -0.75363)
(-0.26198 0.46941 -0.70172)
(-0.24208 0.46020 -0.64243)
(-0.21318 0.43487 -0.58308)
(-0.22032 0.45208 -0.59269)
(-0.17320 0.40827 -0.51559)
(-0.20825 0.43915 -0.56795)
(-0.14914 0.38544 -0.46790)
(-0.07706 0.21973 -0.24698)
(-0.00498 0.01526 -0.01611)
(0.00193 -0.00555 0.00589)
(0.00011 0.00138 -0.00041)
(-0.00009 -0.00218 0.00064)
(-0.00089 -0.01600 0.00536)
(-0.00168 -0.04610 0.01831)
(-0.00729 -0.05546 0.04254)
(0.00001 -0.05506 0.02403)
(-0.00946 -0.06200 0.07903)
(-0.01909 -0.07719 0.13583)
(-0.02556 -0.08260 0.16689)
(-0.02105 -0.08178 0.16144)
(-0.02671 -0.08558 0.18655)
(-0.04134 -0.09191 0.25008)
(-0.02692 -0.08432 0.23944)
(-0.04621 -0.09201 0.27783)
(-0.04457 -0.08435 0.27417)
(-0.05930 -0.05637 0.21942)
(-0.06869 -0.03194 0.16583)
(-0.08987 -0.00939 0.09777)
(-0.12676 0.07388 -0.09892)
(-0.13980 0.09035 -0.15947)
(-0.13453 0.09209 -0.14552)
(-0.14633 0.10551 -0.19530)
(-0.22658 0.25423 -0.52126)
(-0.23523 0.27109 -0.54756)
(-0.24517 0.28974 -0.57625)
(-0.26068 0.32548 -0.62266)
(-0.30113 0.40397 -0.74307)
(-0.32807 0.43344 -0.80065)
(-0.34449 0.47369 -0.85408)
(-0.34504 0.47698 -0.86483)
(-0.34529 0.47941 -0.87374)
(-0.34474 0.48895 -0.90985)
(-0.34060 0.49206 -0.90564)
(-0.33694 0.49312 -0.89897)
(-0.32243 0.49843 -0.87268)
(-0.30454 0.48270 -0.79776)
(-0.30447 0.48430 -0.79600)
(-0.29815 0.49209 -0.76872)
(-0.26589 0.47567 -0.69030)
(-0.27609 0.48795 -0.70407)
(-0.25232 0.46519 -0.63991)
(-0.23872 0.46586 -0.62066)
(-0.22949 0.45754 -0.60353)
(-0.22142 0.44925 -0.58715)
(-0.21366 0.44172 -0.57261)
(-0.12643 0.29167 -0.34289)
(-0.02963 0.08243 -0.08864)
(-0.01222 0.03237 -0.03499)
(0.01202 -0.03256 0.03483)
(-0.00013 -0.00414 0.00069)
(-0.00019 -0.01756 0.00552)
(-0.00014 -0.03277 0.01181)
(0.00048 -0.02867 0.00929)
(0.00175 -0.05513 0.02421)
(0.00228 -0.05737 0.02971)
(-0.00815 -0.07625 0.12855)
(0.00687 -0.07449 0.09938)
(-0.01564 -0.08155 0.15499)
(-0.01949 -0.08433 0.17838)
(-0.02290 -0.08665 0.23291)
(-0.02545 -0.09154 0.30637)
(-0.04164 -0.08488 0.28372)
(-0.03427 -0.08820 0.30612)
(-0.05447 -0.06374 0.24867)
(-0.05359 -0.05545 0.22392)
(-0.06952 -0.03710 0.20637)
(-0.07136 -0.01466 0.14913)
(-0.10461 0.05042 -0.00735)
(-0.13049 0.09323 -0.13136)
(-0.14276 0.11170 -0.19054)
(-0.14001 0.11502 -0.18149)
(-0.16877 0.18251 -0.32548)
(-0.22025 0.27364 -0.50686)
(-0.24070 0.31297 -0.56777)
(-0.26208 0.36872 -0.64540)
(-0.30092 0.43081 -0.71928)
(-0.32003 0.45217 -0.79772)
(-0.33126 0.46543 -0.83561)
(-0.34088 0.47856 -0.86158)
(-0.34184 0.48075 -0.87233)
(-0.34241 0.49386 -0.91321)
(-0.34160 0.49281 -0.91363)
(-0.33997 0.49393 -0.91456)
(-0.33849 0.49472 -0.90843)
(-0.33473 0.50371 -0.90254)
(-0.32122 0.50313 -0.86469)
(-0.32159 0.50470 -0.86484)
(-0.32142 0.50862 -0.82175)
(-0.32586 0.51295 -0.85861)
(-0.31242 0.51524 -0.79502)
(-0.30451 0.50841 -0.76128)
(-0.31386 0.52102 -0.81096)
(-0.27240 0.48760 -0.68912)
(-0.24951 0.47323 -0.63642)
(-0.24085 0.46539 -0.61985)
(-0.23832 0.46174 -0.61257)
(-0.23659 0.45861 -0.60680)
(-0.22643 0.44959 -0.58879)
(-0.23286 0.43279 -0.57558)
(-0.15246 0.32030 -0.38517)
(-0.05276 0.11730 -0.13536)
(0.00519 -0.01304 0.01420)
(0.00000 0.00022 -0.00005)
(0.00001 -0.00339 0.00081)
(0.00117 -0.02176 0.00542)
(0.00196 -0.04896 0.01852)
(0.00955 -0.06233 0.03183)
(0.01345 -0.06821 0.04558)
(0.01880 -0.07022 0.04567)
(0.01217 -0.07679 0.08891)
(0.00292 -0.08485 0.13911)
(0.02789 -0.09216 0.13059)
(0.02321 -0.09123 0.14700)
(0.00713 -0.09821 0.18332)
(-0.00096 -0.09405 0.21874)
(-0.01543 -0.09258 0.28719)
(-0.02829 -0.09055 0.33744)
(-0.03680 -0.06289 0.27429)
(-0.05127 -0.05648 0.25372)
(-0.06534 -0.02624 0.20206)
(-0.06840 -0.01495 0.17897)
(-0.10281 0.07415 0.01042)
(-0.11666 0.10768 -0.06562)
(-0.17387 0.20453 -0.25449)
(-0.17623 0.20255 -0.30905)
(-0.19389 0.24844 -0.33073)
(-0.22556 0.31615 -0.50378)
(-0.24380 0.35202 -0.55866)
(-0.27840 0.40516 -0.63994)
(-0.30549 0.44361 -0.69565)
(-0.31551 0.46765 -0.77653)
(-0.31932 0.47736 -0.75143)
(-0.32929 0.48241 -0.81301)
(-0.34470 0.49306 -0.84432)
(-0.34470 0.49137 -0.87596)
(-0.34405 0.50173 -0.90640)
(-0.34177 0.49523 -0.91725)
(-0.33731 0.49495 -0.93078)
(-0.33985 0.50134 -0.93806)
(-0.33864 0.50145 -0.93128)
(-0.33745 0.51018 -0.91997)
(-0.33762 0.51080 -0.91913)
(-0.34142 0.51440 -0.89872)
(-0.32510 0.51515 -0.85031)
(-0.33188 0.51405 -0.85026)
(-0.31604 0.51294 -0.79302)
(-0.30449 0.50671 -0.75611)
(-0.30148 0.49982 -0.73441)
(-0.29211 0.48380 -0.71745)
(-0.25149 0.45770 -0.62665)
(-0.24381 0.42998 -0.58960)
(-0.21533 0.39780 -0.52998)
(-0.26436 0.45194 -0.65362)
(-0.23680 0.41855 -0.56813)
(-0.09086 0.17669 -0.22683)
(-0.00459 0.00948 -0.01162)
(0.01013 -0.01986 0.02458)
(-0.00038 -0.00173 0.00040)
(0.00027 -0.00973 0.00269)
(0.00761 -0.05099 0.01647)
(0.01395 -0.05679 0.02854)
(0.01777 -0.06250 0.03351)
(0.02417 -0.07631 0.05600)
(0.02344 -0.06930 0.04422)
(0.02702 -0.08633 0.10321)
(0.03096 -0.09495 0.13690)
(0.02168 -0.09182 0.17509)
(0.01281 -0.09100 0.19724)
(-0.00024 -0.09759 0.25722)
(-0.01563 -0.08181 0.27088)
(-0.03267 -0.05599 0.24834)
(-0.07261 0.02143 0.17210)
(-0.08090 0.03975 0.13847)
(-0.08345 0.02964 0.14591)
(-0.09560 0.06486 0.06287)
(-0.11394 0.11250 -0.05557)
(-0.15387 0.18917 -0.17722)
(-0.20198 0.27895 -0.32283)
(-0.22201 0.31570 -0.45032)
(-0.23521 0.35582 -0.55175)
(-0.27145 0.40210 -0.58750)
(-0.32194 0.49139 -0.69723)
(-0.32824 0.50010 -0.71323)
(-0.32675 0.48382 -0.78972)
(-0.34248 0.50070 -0.83161)
(-0.34828 0.51959 -0.86895)
(-0.34914 0.51872 -0.87965)
(-0.33743 0.50059 -0.91954)
(-0.34003 0.50039 -0.93323)
(-0.33844 0.49885 -0.93331)
(-0.34309 0.49912 -0.94156)
(-0.33619 0.50577 -0.92086)
(-0.33743 0.50559 -0.91756)
(-0.34374 0.51320 -0.90564)
(-0.34519 0.51447 -0.89089)
(-0.34583 0.51492 -0.88551)
(-0.34319 0.51897 -0.86291)
(-0.31303 0.50688 -0.77672)
(-0.33613 0.51146 -0.83558)
(-0.31992 0.50838 -0.77309)
(-0.31356 0.49716 -0.75248)
(-0.31464 0.48470 -0.74681)
(-0.26884 0.45507 -0.66640)
(-0.24988 0.42874 -0.61001)
(-0.24246 0.42365 -0.57713)
(-0.23796 0.40593 -0.56410)
(-0.13556 0.24591 -0.32523)
(-0.02115 0.04113 -0.05140)
(-0.01227 0.02073 -0.02722)
(0.00083 0.00285 -0.00086)
(-0.00228 -0.01169 0.00270)
(-0.00031 -0.00111 0.00033)
(-0.00325 -0.01438 0.00392)
(0.00224 -0.04221 0.01819)
(0.01855 -0.06398 0.03392)
(0.01289 -0.05618 0.03191)
(0.02328 -0.06868 0.04190)
(0.02997 -0.07726 0.05902)
(0.03293 -0.08131 0.06919)
(0.03791 -0.08456 0.08397)
(0.03191 -0.08705 0.11730)
(0.02882 -0.09243 0.15499)
(0.01227 -0.08095 0.20056)
(0.00339 -0.07577 0.21780)
(-0.00885 -0.07088 0.24957)
(-0.05399 0.00423 0.16347)
(-0.08174 0.04024 0.13911)
(-0.09223 0.06033 0.10187)
(-0.12231 0.12010 -0.01614)
(-0.16687 0.20487 -0.15408)
(-0.21560 0.28130 -0.27212)
(-0.27979 0.38709 -0.45535)
(-0.21496 0.30587 -0.37085)
(-0.25741 0.37934 -0.50750)
(-0.30016 0.45482 -0.61824)
(-0.32768 0.49746 -0.68833)
(-0.33265 0.50379 -0.70177)
(-0.33168 0.50482 -0.72530)
(-0.32807 0.49782 -0.80412)
(-0.34941 0.52162 -0.85985)
(-0.35036 0.52095 -0.86873)
(-0.34000 0.50263 -0.89964)
(-0.34269 0.50128 -0.91776)
(-0.33851 0.49523 -0.93830)
(-0.33875 0.49555 -0.93213)
(-0.33975 0.49708 -0.93217)
(-0.33977 0.50321 -0.91929)
(-0.34309 0.50579 -0.90918)
(-0.34681 0.51321 -0.89665)
(-0.34736 0.51308 -0.89289)
(-0.34648 0.51498 -0.88197)
(-0.34601 0.51612 -0.87080)
(-0.33040 0.50358 -0.81798)
(-0.31727 0.49119 -0.76837)
(-0.29830 0.47531 -0.74085)
(-0.28758 0.46748 -0.70732)
(-0.28083 0.45243 -0.69398)
(-0.26383 0.42799 -0.63120)
(-0.25763 0.40757 -0.61034)
(-0.15892 0.26527 -0.35901)
(-0.02910 0.04875 -0.06458)
(0.00099 0.00268 -0.00096)
(-0.00168 -0.00495 0.00169)
(-0.00591 -0.03116 0.00826)
(-0.00642 -0.02412 0.00741)
(-0.00768 -0.03235 0.00950)
(0.00993 -0.05368 0.03439)
(0.01902 -0.06436 0.04220)
(0.02138 -0.06694 0.05593)
(0.03315 -0.07978 0.08479)
(0.03578 -0.08347 0.09242)
(0.03234 -0.09411 0.14722)
(0.01556 -0.08175 0.19063)
(0.00883 -0.07549 0.19714)
(0.00040 -0.06735 0.20234)
(-0.00173 -0.06876 0.21541)
(-0.04082 -0.01165 0.14346)
(-0.07565 0.03461 0.13713)
(-0.09486 0.06029 0.10876)
(-0.15127 0.14478 -0.01998)
(-0.10723 0.08443 0.06191)
(-0.19168 0.23259 -0.17678)
(-0.20521 0.25435 -0.21009)
(-0.28776 0.39134 -0.44788)
(-0.28931 0.40554 -0.48107)
(-0.29702 0.41943 -0.49906)
(-0.33571 0.50558 -0.68258)
(-0.33859 0.50826 -0.69305)
(-0.33588 0.50782 -0.71501)
(-0.33797 0.51008 -0.72673)
(-0.34247 0.50800 -0.79563)
(-0.34005 0.50464 -0.83185)
(-0.34301 0.50293 -0.89747)
(-0.34109 0.49782 -0.88872)
(-0.33605 0.49320 -0.91156)
(-0.33903 0.49445 -0.93008)
(-0.33988 0.49470 -0.93010)
(-0.34099 0.49688 -0.93112)
(-0.34432 0.49703 -0.92637)
(-0.34804 0.51148 -0.90178)
(-0.34842 0.51085 -0.89931)
(-0.34796 0.51234 -0.89055)
(-0.34971 0.51075 -0.87743)
(-0.33363 0.50106 -0.82773)
(-0.33097 0.50034 -0.81720)
(-0.32216 0.48286 -0.78818)
(-0.29820 0.46763 -0.74024)
(-0.29328 0.46345 -0.72839)
(-0.29601 0.46301 -0.73679)
(-0.29175 0.45932 -0.72687)
(-0.28657 0.45432 -0.71564)
(-0.26066 0.40699 -0.62075)
(-0.21274 0.35066 -0.48270)
(-0.19228 0.31410 -0.43109)
(-0.04637 0.07648 -0.10186)
(0.01376 -0.02278 0.02994)
(0.00048 0.00102 -0.00041)
(-0.00354 -0.00831 0.00316)
(-0.01370 -0.02398 0.01665)
(-0.00612 -0.03564 0.01313)
(-0.01168 -0.03598 0.01736)
(0.00682 -0.05085 0.02492)
(0.01551 -0.06051 0.04886)
(0.03009 -0.07595 0.07788)
(0.03297 -0.07967 0.08717)
(0.03301 -0.08591 0.11999)
(0.02165 -0.07645 0.12839)
(0.01181 -0.07540 0.18681)
(0.00320 -0.06675 0.19114)
(-0.03430 -0.03519 0.17760)
(-0.01040 -0.05619 0.20395)
(-0.08251 0.03361 0.12808)
(-0.11618 0.07674 0.07513)
(-0.16751 0.15198 -0.03174)
(-0.20062 0.22521 -0.15145)
(-0.22933 0.28041 -0.22724)
(-0.28185 0.36264 -0.37912)
(-0.29664 0.40891 -0.47204)
(-0.30261 0.40976 -0.46407)
(-0.30493 0.42431 -0.49365)
(-0.34821 0.49512 -0.60275)
(-0.36135 0.51693 -0.64745)
(-0.34065 0.51046 -0.70603)
(-0.35080 0.51892 -0.73955)
(-0.35447 0.51571 -0.77577)
(-0.35640 0.51415 -0.80340)
(-0.33863 0.49733 -0.85317)
(-0.33165 0.48407 -0.86878)
(-0.33692 0.48884 -0.89634)
(-0.33964 0.49218 -0.91954)
(-0.33951 0.49310 -0.92816)
(-0.34092 0.49533 -0.93002)
(-0.35127 0.49843 -0.92619)
(-0.34919 0.50469 -0.91764)
(-0.36117 0.51047 -0.91138)
(-0.35651 0.51021 -0.89113)
(-0.36454 0.51053 -0.88823)
(-0.34367 0.50108 -0.86348)
(-0.33336 0.49301 -0.82885)
(-0.34546 0.49161 -0.85057)
(-0.32371 0.48130 -0.79350)
(-0.29958 0.46497 -0.74522)
(-0.29184 0.45703 -0.72722)
(-0.28338 0.43648 -0.70306)
(-0.26575 0.39979 -0.61838)
(-0.21603 0.35077 -0.48878)
(-0.22222 0.35415 -0.50195)
(-0.06432 0.10423 -0.13886)
(0.00280 -0.00454 0.00595)
(-0.00052 -0.00033 0.00031)
(-0.01048 -0.01095 0.00726)
(-0.01218 -0.00643 0.00672)
(-0.01858 -0.03005 0.01695)
(-0.01740 -0.03361 0.01759)
(-0.00703 -0.03981 0.01576)
(0.00403 -0.05494 0.02666)
(0.00711 -0.05607 0.03970)
(0.02138 -0.06960 0.05735)
(0.02915 -0.07461 0.08109)
(0.02427 -0.08282 0.09148)
(0.01191 -0.07139 0.11487)
(0.00035 -0.05792 0.14897)
(-0.04188 -0.02099 0.12252)
(-0.09070 0.04112 0.09424)
(-0.12119 0.07014 0.11402)
(-0.15983 0.12747 0.00774)
(-0.21855 0.23867 -0.13586)
(-0.23281 0.23162 -0.12690)
(-0.28115 0.33437 -0.28561)
(-0.31431 0.37985 -0.34138)
(-0.34676 0.43558 -0.42163)
(-0.31000 0.42422 -0.48652)
(-0.35907 0.49499 -0.58330)
(-0.37748 0.51828 -0.62384)
(-0.35945 0.51927 -0.67259)
(-0.37198 0.52995 -0.70704)
(-0.35914 0.51445 -0.75629)
(-0.36377 0.51807 -0.77738)
(-0.34620 0.49813 -0.83640)
(-0.35755 0.50653 -0.85193)
(-0.34687 0.49272 -0.89577)
(-0.35050 0.49437 -0.89802)
(-0.35164 0.49226 -0.90416)
(-0.35502 0.49844 -0.91924)
(-0.35989 0.50245 -0.91453)
(-0.35852 0.50278 -0.92077)
(-0.36079 0.50358 -0.91871)
(-0.36961 0.51130 -0.90251)
(-0.37300 0.51287 -0.88601)
(-0.35617 0.50360 -0.87295)
(-0.36041 0.49870 -0.83934)
(-0.33199 0.48151 -0.79486)
(-0.33436 0.47321 -0.75982)
(-0.29248 0.45604 -0.72622)
(-0.33330 0.45296 -0.74047)
(-0.29756 0.42210 -0.66861)
(-0.27934 0.40160 -0.61300)
(-0.27600 0.38231 -0.57080)
(-0.24957 0.35370 -0.50438)
(-0.10192 0.13549 -0.18000)
(-0.00661 0.00935 -0.01170)
(-0.00255 -0.00127 0.00141)
(-0.02016 -0.01463 0.01311)
(-0.02754 -0.02835 0.01963)
(-0.02649 -0.03316 0.01804)
(-0.01858 -0.03655 0.01694)
(-0.00412 -0.04783 0.03601)
(0.00162 -0.06340 0.04947)
(0.01698 -0.07103 0.05276)
(0.00536 -0.06777 0.06043)
(0.01031 -0.06885 0.07985)
(-0.00244 -0.05350 0.11066)
(-0.04056 -0.02193 0.10319)
(-0.07506 0.01470 0.10282)
(-0.08907 0.02582 0.07183)
(-0.12548 0.07301 0.07523)
(-0.18268 0.14464 -0.01149)
(-0.30283 0.29696 -0.18290)
(-0.29519 0.31464 -0.22981)
(-0.33934 0.39053 -0.32303)
(-0.35649 0.42702 -0.37123)
(-0.38237 0.48664 -0.47625)
(-0.40304 0.53311 -0.53545)
(-0.39557 0.52992 -0.57914)
(-0.38429 0.53062 -0.64627)
(-0.38104 0.53348 -0.68688)
(-0.37895 0.52234 -0.72655)
(-0.37975 0.52141 -0.74573)
(-0.36133 0.50922 -0.80325)
(-0.37256 0.51307 -0.83221)
(-0.35487 0.49792 -0.86950)
(-0.35267 0.49428 -0.88251)
(-0.36317 0.49549 -0.89595)
(-0.35714 0.49202 -0.91122)
(-0.36857 0.50109 -0.90507)
(-0.36057 0.50324 -0.91968)
(-0.38205 0.51193 -0.91595)
(-0.37533 0.50971 -0.90844)
(-0.40499 0.52142 -0.88819)
(-0.38785 0.51602 -0.87890)
(-0.37474 0.49798 -0.84545)
(-0.36109 0.49860 -0.82916)
(-0.35408 0.49197 -0.81048)
(-0.37710 0.48609 -0.79967)
(-0.37370 0.47812 -0.79913)
(-0.33978 0.45702 -0.74475)
(-0.30078 0.41156 -0.65015)
(-0.29490 0.39010 -0.58803)
(-0.28247 0.36947 -0.53393)
(-0.18973 0.23712 -0.32526)
(-0.08783 0.11343 -0.14808)
(-0.01290 0.01660 -0.02118)
(0.00187 0.00089 -0.00119)
(-0.00701 -0.00348 0.00414)
(-0.02140 -0.01618 0.01256)
(-0.03439 -0.02803 0.02211)
(-0.03354 -0.02926 0.01978)
(-0.03068 -0.03140 0.02056)
(-0.01633 -0.04201 0.03645)
(-0.03045 -0.03093 0.02135)
(-0.01592 -0.04399 0.04471)
(-0.00190 -0.06143 0.05277)
(-0.00076 -0.06306 0.05935)
(-0.03538 -0.03071 0.05200)
(-0.01609 -0.04034 0.08222)
(-0.05826 -0.00948 0.06130)
(-0.13732 0.07071 0.00983)
(-0.14994 0.08587 0.03134)
(-0.17608 0.10794 -0.01425)
(-0.19273 0.14285 -0.04028)
(-0.31147 0.30006 -0.18602)
(-0.32417 0.32820 -0.22344)
(-0.34089 0.35396 -0.25461)
(-0.36614 0.40886 -0.33144)
(-0.40443 0.50570 -0.47699)
(-0.41744 0.53295 -0.48979)
(-0.42154 0.55139 -0.54966)
(-0.40902 0.53870 -0.59607)
(-0.39586 0.53409 -0.63362)
(-0.39372 0.53729 -0.67436)
(-0.39199 0.53059 -0.69904)
(-0.39032 0.52908 -0.70952)
(-0.36707 0.50787 -0.78023)
(-0.37562 0.51488 -0.82546)
(-0.37254 0.51221 -0.83907)
(-0.36498 0.50356 -0.85573)
(-0.37629 0.50328 -0.86728)
(-0.37570 0.50305 -0.89444)
(-0.39404 0.51191 -0.87885)
(-0.38538 0.51013 -0.89905)
(-0.39629 0.51347 -0.89716)
(-0.40690 0.52303 -0.89102)
(-0.41292 0.52564 -0.88590)
(-0.40899 0.52339 -0.88306)
(-0.41289 0.52554 -0.87760)
(-0.38440 0.49463 -0.81288)
(-0.38664 0.49033 -0.79947)
(-0.37739 0.47807 -0.79269)
(-0.38856 0.46984 -0.76275)
(-0.36350 0.45432 -0.73210)
(-0.33317 0.42209 -0.65236)
(-0.35512 0.40894 -0.60173)
(-0.34297 0.39873 -0.56712)
(-0.30746 0.34350 -0.46275)
(-0.20220 0.20263 -0.24204)
(-0.02113 0.02085 -0.02388)
(-0.02159 0.02029 -0.02294)
(-0.00619 -0.00210 0.00420)
(-0.03062 -0.01943 0.02110)
(-0.03757 -0.02790 0.02052)
(-0.03556 -0.02901 0.02067)
(-0.03351 -0.03001 0.02088)
(-0.03350 -0.02935 0.02108)
(-0.03113 -0.03075 0.03403)
(-0.02522 -0.03956 0.03935)
(-0.00686 -0.05920 0.05393)
(-0.05177 -0.01828 0.04272)
(-0.08203 0.00731 0.03768)
(-0.15913 0.08871 -0.00775)
(-0.17926 0.10776 -0.02239)
(-0.19518 0.12644 -0.02963)
(-0.25254 0.20587 -0.09912)
(-0.32944 0.32604 -0.21699)
(-0.33920 0.32758 -0.21614)
(-0.34626 0.35193 -0.24581)
(-0.39710 0.42432 -0.32690)
(-0.42262 0.48791 -0.41002)
(-0.40993 0.47886 -0.41519)
(-0.42499 0.51671 -0.46512)
(-0.42852 0.53623 -0.52847)
(-0.42768 0.54013 -0.54154)
(-0.41314 0.54020 -0.61756)
(-0.39698 0.53529 -0.68919)
(-0.39475 0.53319 -0.69920)
(-0.38908 0.52752 -0.71819)
(-0.37769 0.51525 -0.77177)
(-0.37622 0.51487 -0.83063)
(-0.38251 0.51595 -0.83425)
(-0.38467 0.50772 -0.85410)
(-0.38384 0.50894 -0.87076)
(-0.39985 0.51463 -0.87291)
(-0.40050 0.51586 -0.87795)
(-0.40754 0.52016 -0.87626)
(-0.41635 0.52776 -0.88798)
(-0.42197 0.53036 -0.88354)
(-0.41773 0.52780 -0.88127)
(-0.42368 0.53032 -0.87651)
(-0.41061 0.51135 -0.81928)
(-0.43336 0.51006 -0.78286)
(-0.43452 0.48179 -0.72145)
(-0.42456 0.47039 -0.68873)
(-0.38235 0.44475 -0.68293)
(-0.37046 0.40440 -0.55762)
(-0.36183 0.39685 -0.54386)
(-0.32098 0.31395 -0.38350)
(-0.24072 0.23081 -0.27202)
(-0.13169 0.12499 -0.14436)
(-0.25230 0.23144 -0.26709)
(-0.03587 0.03207 -0.03549)
(-0.00158 -0.00054 0.00112)
(-0.01224 -0.00416 0.00851)
(-0.00802 -0.00269 0.00584)
(-0.03020 -0.01011 0.02070)
(-0.04552 -0.02254 0.02734)
(-0.04459 -0.02283 0.02779)
(-0.03899 -0.02740 0.02144)
(-0.04321 -0.02433 0.02305)
(-0.03611 -0.02866 0.02110)
(-0.04701 -0.02258 0.02410)
(-0.04627 -0.02023 0.02509)
(-0.04217 -0.02072 0.03097)
(-0.06588 -0.00163 0.02970)
(-0.06986 -0.00251 0.02978)
(-0.11029 0.02575 0.01698)
(-0.14882 0.06983 -0.00292)
(-0.18613 0.11108 -0.03074)
(-0.20078 0.12913 -0.03928)
(-0.24963 0.17485 -0.07809)
(-0.37850 0.32719 -0.20196)
(-0.35417 0.35079 -0.24028)
(-0.42553 0.43730 -0.31708)
(-0.47126 0.51870 -0.39173)
(-0.44646 0.52797 -0.46034)
(-0.44614 0.54825 -0.50800)
(-0.43365 0.54316 -0.53237)
(-0.43232 0.55193 -0.58055)
(-0.41415 0.54635 -0.65224)
(-0.39827 0.53690 -0.68895)
(-0.39280 0.53134 -0.71050)
(-0.39193 0.52570 -0.75144)
(-0.38445 0.51765 -0.80880)
(-0.39311 0.51836 -0.81610)
(-0.39672 0.51158 -0.82981)
(-0.39249 0.51294 -0.85951)
(-0.40540 0.51580 -0.86837)
(-0.40672 0.51856 -0.87242)
(-0.41521 0.52394 -0.87112)
(-0.43092 0.53536 -0.87409)
(-0.43983 0.54092 -0.87774)
(-0.42740 0.53260 -0.87934)
(-0.45898 0.54582 -0.85460)
(-0.45749 0.53743 -0.82868)
(-0.47902 0.53880 -0.79846)
(-0.45648 0.50659 -0.74108)
(-0.44891 0.48550 -0.68263)
(-0.44003 0.47504 -0.66762)
(-0.42202 0.44401 -0.60531)
(-0.37387 0.36444 -0.46958)
(-0.33560 0.31663 -0.38268)
(-0.33989 0.31031 -0.36524)
(-0.33656 0.29853 -0.34052)
(-0.22685 0.19800 -0.22093)
(-0.03990 0.03156 -0.03159)
(0.03211 -0.02495 0.02435)
(-0.00075 -0.00031 0.00066)
(-0.00924 -0.00386 0.00804)
(-0.04650 -0.01736 0.03101)
(-0.02837 -0.01149 0.02059)
(-0.05095 -0.02155 0.03241)
(-0.04682 -0.02368 0.02746)
(-0.04720 -0.02409 0.02542)
(-0.04598 -0.02495 0.03087)
(-0.04918 -0.01981 0.03045)
(-0.05402 -0.01538 0.02956)
(-0.05300 -0.01523 0.02188)
(-0.07342 -0.00195 0.01642)
(-0.08866 0.00534 0.02755)
(-0.12961 0.03364 0.00620)
(-0.16606 0.06965 -0.01923)
(-0.19392 0.09317 -0.03588)
(-0.27878 0.17949 -0.11183)
(-0.20813 0.13383 -0.04825)
(-0.28769 0.20586 -0.11288)
(-0.39600 0.32832 -0.21719)
(-0.41152 0.37417 -0.26052)
(-0.45240 0.44781 -0.31958)
(-0.47943 0.49768 -0.36314)
(-0.47846 0.54654 -0.42684)
(-0.48304 0.55911 -0.46608)
(-0.49028 0.59330 -0.50986)
(-0.45578 0.58276 -0.57419)
(-0.44471 0.57680 -0.60914)
(-0.42743 0.56075 -0.63801)
(-0.41386 0.54930 -0.69364)
(-0.40166 0.53473 -0.73406)
(-0.39337 0.52713 -0.77320)
(-0.40555 0.52611 -0.79917)
(-0.40626 0.52058 -0.81137)
(-0.40617 0.51541 -0.83870)
(-0.42684 0.52539 -0.83464)
(-0.41165 0.52065 -0.86644)
(-0.44624 0.54193 -0.86056)
(-0.46214 0.55402 -0.86391)
(-0.49494 0.57052 -0.85906)
(-0.50733 0.57638 -0.84853)
(-0.50917 0.57540 -0.84533)
(-0.51044 0.56547 -0.82247)
(-0.50406 0.54505 -0.79160)
(-0.48199 0.52273 -0.75367)
(-0.49443 0.51696 -0.71731)
(-0.46132 0.48187 -0.67232)
(-0.45770 0.43112 -0.54328)
(-0.43635 0.40855 -0.50291)
(-0.45498 0.40741 -0.48691)
(-0.43557 0.34783 -0.36477)
(-0.36681 0.28463 -0.28056)
(-0.22851 0.16481 -0.15170)
(-0.06605 0.04533 -0.03889)
(0.02572 -0.01550 0.01096)
(-0.00528 -0.00270 0.00461)
(-0.02956 -0.01524 0.02454)
(-0.05224 -0.01827 0.04016)
(-0.05417 -0.01720 0.03625)
(-0.05182 -0.02061 0.03240)
(-0.04932 -0.02393 0.03284)
(-0.05699 -0.01201 0.03636)
(-0.05029 -0.01937 0.03154)
(-0.05394 -0.01561 0.03231)
(-0.06860 -0.00681 0.03453)
(-0.05932 -0.01184 0.02975)
(-0.08518 0.00791 0.02016)
(-0.10218 0.01269 0.01841)
(-0.12830 0.02507 0.00726)
(-0.13987 0.03200 0.00149)
(-0.17372 0.07463 -0.02426)
(-0.16528 0.05132 -0.01062)
(-0.21784 0.10758 -0.05240)
(-0.29571 0.17264 -0.11034)
(-0.34391 0.24717 -0.15868)
(-0.40287 0.32497 -0.21907)
(-0.42659 0.36407 -0.24415)
(-0.47873 0.44864 -0.31568)
(-0.53754 0.53257 -0.39133)
(-0.51053 0.56014 -0.43131)
(-0.50436 0.56615 -0.45766)
(-0.51683 0.61874 -0.52169)
(-0.49110 0.60348 -0.54733)
(-0.46447 0.58714 -0.58426)
(-0.44015 0.57582 -0.62657)
(-0.42162 0.55448 -0.67817)
(-0.41444 0.54525 -0.71728)
(-0.39828 0.53216 -0.75927)
(-0.41418 0.52875 -0.77188)
(-0.43596 0.53653 -0.78487)
(-0.41867 0.52013 -0.81852)
(-0.43889 0.53074 -0.82232)
(-0.46367 0.54540 -0.84008)
(-0.49056 0.56279 -0.85176)
(-0.49968 0.57213 -0.84825)
(-0.50342 0.57813 -0.84792)
(-0.55432 0.60848 -0.83034)
(-0.54398 0.59665 -0.82126)
(-0.57794 0.61907 -0.80710)
(-0.53660 0.57489 -0.76246)
(-0.52658 0.55475 -0.73880)
(-0.56454 0.56695 -0.71122)
(-0.55850 0.55565 -0.69674)
(-0.53302 0.52604 -0.66686)
(-0.55916 0.54893 -0.67595)
(-0.50667 0.47138 -0.56839)
(-0.48016 0.40214 -0.43987)
(-0.47409 0.39219 -0.42208)
(-0.43529 0.31510 -0.28214)
(-0.13760 0.09346 -0.07436)
(-0.02200 0.01322 -0.00768)
(0.00848 -0.00503 0.00285)
(-0.00101 -0.00051 0.00092)
(-0.01586 -0.00815 0.01415)
(-0.04116 -0.02167 0.03499)
(-0.04966 -0.01935 0.04111)
(-0.05136 -0.01616 0.04020)
(-0.05040 -0.01898 0.03920)
(-0.05171 -0.01761 0.03884)
(-0.06169 -0.00857 0.04035)
(-0.06345 -0.00702 0.03908)
(-0.06581 -0.00529 0.03951)
(-0.09163 0.01097 0.02567)
(-0.12914 0.02519 0.00825)
(-0.14050 0.03226 0.00207)
(-0.15437 0.04076 -0.00545)
(-0.23245 0.11529 -0.05876)
(-0.29626 0.17152 -0.11236)
(-0.35369 0.24367 -0.16038)
(-0.42117 0.31612 -0.21999)
(-0.44352 0.36390 -0.25424)
(-0.46072 0.37428 -0.26921)
(-0.50502 0.46969 -0.33740)
(-0.54398 0.53094 -0.39085)
(-0.54288 0.54770 -0.40559)
(-0.53466 0.55727 -0.43386)
(-0.52471 0.60275 -0.50090)
(-0.51230 0.61877 -0.53350)
(-0.48699 0.60343 -0.56551)
(-0.47068 0.59524 -0.60840)
(-0.43232 0.56245 -0.67163)
(-0.43090 0.55365 -0.69531)
(-0.41931 0.54350 -0.72760)
(-0.42515 0.53607 -0.76344)
(-0.43944 0.53766 -0.77958)
(-0.44136 0.53725 -0.78810)
(-0.45061 0.53848 -0.79999)
(-0.47725 0.55488 -0.83524)
(-0.49864 0.56702 -0.82967)
(-0.52706 0.59105 -0.81506)
(-0.53630 0.59836 -0.83459)
(-0.58151 0.63205 -0.80788)
(-0.58142 0.62980 -0.80491)
(-0.58836 0.63454 -0.79762)
(-0.57024 0.60136 -0.75939)
(-0.57740 0.58249 -0.71228)
(-0.56723 0.56105 -0.68389)
(-0.55125 0.53130 -0.63337)
(-0.52465 0.47610 -0.54570)
(-0.52857 0.47576 -0.47852)
(-0.51140 0.44052 -0.44187)
(-0.49659 0.41588 -0.40140)
(-0.44715 0.34420 -0.26553)
(-0.15806 0.10402 -0.06554)
(-0.01154 0.00731 -0.00422)
(-0.00070 -0.00017 0.00073)
(-0.02110 -0.00506 0.02174)
(-0.04728 -0.01109 0.04511)
(-0.05630 -0.00983 0.05086)
(-0.05344 -0.01253 0.04723)
(-0.04990 -0.01676 0.04591)
(-0.05394 -0.01435 0.04540)
(-0.05052 -0.01671 0.04501)
(-0.06119 -0.00857 0.04174)
(-0.06358 -0.00700 0.04095)
(-0.06347 -0.00670 0.04244)
(-0.06631 -0.00515 0.04119)
(-0.06895 -0.00313 0.03995)
(-0.12491 0.02581 0.01247)
(-0.14003 0.03133 0.00358)
(-0.15382 0.03897 -0.00354)
(-0.24740 0.12401 -0.06957)
(-0.28570 0.15748 -0.10091)
(-0.37010 0.25038 -0.17669)
(-0.43436 0.32104 -0.23366)
(-0.45370 0.34334 -0.25190)
(-0.50295 0.45625 -0.33476)
(-0.55119 0.53020 -0.39289)
(-0.54927 0.54563 -0.40460)
(-0.55281 0.55763 -0.41716)
(-0.54646 0.60008 -0.49211)
(-0.52152 0.62249 -0.52890)
(-0.51452 0.61850 -0.55250)
(-0.45886 0.57701 -0.63559)
(-0.43109 0.55116 -0.70423)
(-0.44265 0.55069 -0.72440)
(-0.44515 0.53881 -0.78245)
(-0.48227 0.55407 -0.80259)
(-0.50820 0.57690 -0.80771)
(-0.55648 0.61361 -0.81231)
(-0.58852 0.63735 -0.80092)
(-0.59485 0.64019 -0.78886)
(-0.57498 0.57418 -0.69126)
(-0.55978 0.54126 -0.57177)
(-0.18715 0.13653 -0.08122)
(-0.00364 -0.00063 0.00408)
(-0.03141 -0.00522 0.03287)
(-0.05829 -0.00484 0.05930)
(-0.04773 -0.00485 0.04931)
(-0.05846 -0.00397 0.05981)
(-0.05720 -0.00569 0.05774)
(-0.05712 -0.00988 0.05104)
(-0.06071 -0.00814 0.04306)
(-0.06333 -0.00578 0.04401)
(-0.06674 -0.00455 0.04254)
(-0.07233 -0.00093 0.04253)
(-0.11332 0.02378 0.02052)
(-0.13295 0.03676 0.01285)
(-0.14977 0.04097 -0.00088)
(-0.23100 0.09612 -0.04867)
(-0.23536 0.10362 -0.05579)
(-0.28957 0.14836 -0.09774)
(-0.37594 0.24102 -0.17798)
(-0.35608 0.21273 -0.15785)
(-0.43105 0.31215 -0.22951)
(-0.45182 0.33753 -0.25032)
(-0.49064 0.40779 -0.30061)
(-0.54968 0.50165 -0.37778)
(-0.55924 0.54176 -0.40569)
(-0.55917 0.55644 -0.41866)
(-0.53863 0.60704 -0.51429)
(0.00579 0.00008 -0.00645)
(-0.01622 -0.00004 0.01805)
(-0.05702 0.00040 0.06048)
(-0.05782 -0.00394 0.05830)
(-0.05614 -0.00474 0.05886)
(-0.05353 -0.00588 0.05552)
(-0.05567 -0.00848 0.05192)
(-0.05861 -0.00623 0.05351)
(-0.05689 -0.00593 0.05347)
(-0.06307 -0.00235 0.05036)
(-0.07130 0.00094 0.04890)
(-0.08418 0.01023 0.04233)
(-0.11525 0.02349 0.02636)
(-0.11562 0.02249 0.02778)
(-0.17566 0.06676 -0.02003)
(-0.22009 0.09602 -0.04497)
(-0.28952 0.15304 -0.09906)
(-0.34581 0.20737 -0.15264)
(-0.42524 0.29761 -0.22359)
(-0.50368 0.39667 -0.30060)
(-0.54614 0.46415 -0.35829)
(0.00588 -0.00041 -0.00635)
(-0.00416 0.00030 0.00449)
(-0.02891 0.00258 0.03081)
(-0.05750 -0.00040 0.06067)
(-0.05650 -0.00097 0.05972)
(-0.05627 0.00046 0.05926)
(-0.05849 -0.00001 0.05786)
(-0.06379 0.00057 0.05689)
(-0.06795 0.00128 0.05572)
(-0.08371 0.01222 0.04365)
(-0.11169 0.02407 0.02839)
(-0.12556 0.03370 0.01936)
(-0.16747 0.06139 -0.01102)
(-0.23382 0.10899 -0.05873)
(-0.26358 0.12724 -0.08143)
(-0.30092 0.15476 -0.11083)
(-0.38300 0.24351 -0.18686)
(-0.00143 0.00022 0.00147)
(-0.03367 0.00462 0.03438)
(-0.04704 0.00187 0.04911)
(-0.05958 0.00207 0.06228)
(-0.05777 0.00096 0.06092)
(-0.05861 0.00235 0.06178)
(-0.05994 0.00496 0.06398)
(-0.06381 0.00677 0.06129)
(-0.06560 0.00518 0.05668)
(-0.06963 0.00962 0.06229)
(-0.08014 0.01658 0.05404)
(-0.09187 0.02389 0.04588)
(-0.09853 0.02302 0.03841)
(-0.10240 0.03219 0.04468)
(-0.12637 0.04159 0.02542)
(-0.18469 0.07548 -0.02059)
(-0.00392 0.00086 0.00414)
(-0.04936 0.00694 0.04893)
(-0.06099 0.00389 0.06336)
(-0.07061 0.01355 0.07372)
(-0.06263 0.00570 0.06756)
(-0.06293 0.00673 0.06915)
(-0.06430 0.01003 0.06844)
(-0.06976 0.01030 0.06346)
(-0.08524 0.02268 0.05818)
(-0.09718 0.03025 0.04881)
(0.00087 -0.00022 -0.00090)
(-0.02381 0.00585 0.02384)
(-0.05720 0.01497 0.05897)
(-0.49382 0.60681 -0.58927)
(-0.43682 0.55809 -0.68950)
(-0.44286 0.53886 -0.77382)
(-0.46395 0.54619 -0.78237)
(-0.53885 0.59882 -0.80002)
(-0.58268 0.63357 -0.80163)
(-0.59417 0.64242 -0.79312)
(-0.59783 0.62096 -0.71384)
(-0.57266 0.58549 -0.64654)
(-0.56018 0.52081 -0.50290)
(-0.52677 0.47136 -0.45856)
(-0.46475 0.36616 -0.26365)
(-0.45671 0.35338 -0.24346)
(-0.44737 0.33822 -0.22016)
(-0.04210 0.03015 -0.01706)
(-0.56684 0.59539 -0.47662)
(-0.52184 0.61175 -0.55118)
(-0.49503 0.59620 -0.58192)
(-0.48046 0.59069 -0.61471)
(-0.44603 0.56850 -0.67630)
(-0.43602 0.55434 -0.69891)
(-0.44518 0.55177 -0.71905)
(-0.45471 0.54367 -0.74399)
(-0.44817 0.54001 -0.77645)
(-0.47719 0.55032 -0.76726)
(-0.48804 0.55668 -0.79657)
(-0.52045 0.58255 -0.79816)
(-0.53967 0.59976 -0.79490)
(-0.54816 0.60823 -0.80008)
(-0.58310 0.64234 -0.79546)
(-0.59308 0.64455 -0.79656)
(-0.59761 0.64972 -0.78832)
(-0.60938 0.65615 -0.77640)
(-0.61372 0.66870 -0.71629)
(-0.59498 0.61181 -0.68586)
(-0.59371 0.61076 -0.62670)
(-0.57783 0.57516 -0.56514)
(-0.56706 0.54718 -0.49020)
(-0.51028 0.45168 -0.35694)
(-0.46410 0.37188 -0.25393)
(-0.44947 0.34910 -0.21937)
(-0.17156 0.12893 -0.07367)
(-0.01707 0.01262 -0.00681)
(-0.58508 0.52411 -0.40447)
(-0.58378 0.57540 -0.44870)
(-0.58330 0.58684 -0.46173)
(-0.57581 0.62226 -0.51127)
(-0.55225 0.61459 -0.52861)
(-0.52243 0.61079 -0.57281)
(-0.48745 0.59686 -0.61450)
(-0.47534 0.58527 -0.64416)
(-0.44000 0.55740 -0.69357)
(-0.46012 0.57240 -0.67748)
(-0.44273 0.55090 -0.71085)
(-0.45589 0.54155 -0.73187)
(-0.46706 0.54530 -0.75555)
(-0.47807 0.55048 -0.76154)
(-0.49930 0.55898 -0.77962)
(-0.51865 0.57981 -0.77887)
(-0.53191 0.59307 -0.77960)
(-0.55649 0.61906 -0.79592)
(-0.58201 0.65147 -0.78334)
(-0.59595 0.65743 -0.78035)
(-0.60933 0.67655 -0.75741)
(-0.62196 0.68281 -0.74395)
(-0.62860 0.69537 -0.70690)
(-0.61663 0.67771 -0.67321)
(-0.59723 0.62912 -0.59182)
(-0.58132 0.58683 -0.54293)
(-0.58318 0.62160 -0.54104)
(-0.56022 0.55811 -0.46359)
(-0.53662 0.51300 -0.41259)
(-0.53452 0.53229 -0.40352)
(-0.47550 0.39752 -0.27405)
(-0.44402 0.35640 -0.21554)
(-0.21998 0.17231 -0.08924)
(-0.05008 0.03834 -0.01554)
(0.01923 -0.01462 0.00561)
(-0.45170 0.31183 -0.25181)
(-0.51002 0.39206 -0.30806)
(-0.54178 0.44929 -0.35282)
(-0.57907 0.51052 -0.40189)
(-0.59271 0.56790 -0.44396)
(-0.59419 0.58914 -0.47952)
(-0.57491 0.61824 -0.50985)
(-0.55783 0.60984 -0.53277)
(-0.53114 0.61514 -0.58381)
(-0.51803 0.61069 -0.59826)
(-0.48939 0.59181 -0.63181)
(-0.47761 0.57965 -0.67028)
(-0.46112 0.55718 -0.70170)
(-0.46392 0.55355 -0.71151)
(-0.45854 0.54202 -0.73394)
(-0.48150 0.54775 -0.74742)
(-0.49886 0.55996 -0.74739)
(-0.50884 0.56799 -0.76768)
(-0.52007 0.58252 -0.76700)
(-0.55322 0.61649 -0.77549)
(-0.56725 0.63026 -0.77953)
(-0.57828 0.65385 -0.76454)
(-0.59478 0.67082 -0.77178)
(-0.60411 0.68617 -0.74714)
(-0.61165 0.68439 -0.73679)
(-0.60428 0.69854 -0.71357)
(-0.61154 0.68592 -0.69605)
(-0.60492 0.67670 -0.62374)
(-0.60378 0.66027 -0.60117)
(-0.58918 0.65476 -0.54995)
(-0.57352 0.61260 -0.49591)
(-0.51970 0.50970 -0.36229)
(-0.53586 0.56071 -0.39423)
(-0.49273 0.47924 -0.28915)
(-0.42724 0.40300 -0.23069)
(-0.04927 0.04275 -0.01486)
(0.04066 -0.03404 0.00985)
(-0.32708 0.32178 -0.16307)
(-0.23078 0.10922 -0.05752)
(-0.25154 0.12277 -0.07320)
(-0.26825 0.13658 -0.08799)
(-0.36597 0.22650 -0.17389)
(-0.44629 0.30551 -0.24761)
(-0.47501 0.34775 -0.27066)
(-0.47801 0.34428 -0.27779)
(-0.52203 0.41058 -0.32768)
(-0.56077 0.48080 -0.38103)
(-0.58123 0.54021 -0.43369)
(-0.59263 0.59065 -0.48080)
(-0.58871 0.60032 -0.49334)
(-0.55912 0.61029 -0.54164)
(-0.52167 0.61138 -0.59483)
(-0.51213 0.60643 -0.60611)
(-0.49074 0.58320 -0.66006)
(-0.47124 0.57218 -0.68487)
(-0.47906 0.55644 -0.71208)
(-0.46936 0.55030 -0.72503)
(-0.48186 0.55207 -0.71458)
(-0.49122 0.55465 -0.74316)
(-0.49731 0.55852 -0.74502)
(-0.50311 0.56363 -0.74779)
(-0.54101 0.60519 -0.76243)
(-0.55974 0.62616 -0.77598)
(-0.55509 0.62084 -0.77291)
(-0.56665 0.64514 -0.76511)
(-0.59136 0.67693 -0.75644)
(-0.57940 0.66729 -0.74555)
(-0.59134 0.69081 -0.72235)
(-0.59117 0.69940 -0.69136)
(-0.60300 0.70612 -0.68902)
(-0.59159 0.67374 -0.60325)
(-0.59393 0.66515 -0.56921)
(-0.58762 0.65892 -0.54743)
(-0.58234 0.65060 -0.52696)
(-0.50126 0.55110 -0.35589)
(-0.48564 0.52629 -0.31847)
(-0.44798 0.48171 -0.25602)
(-0.25583 0.25585 -0.10776)
(-0.03122 0.03006 -0.01106)
(-0.14071 0.14520 -0.04379)
(-0.02673 0.02724 -0.00755)
(-0.10213 0.03325 0.04588)
(-0.10725 0.03560 0.04137)
(-0.14925 0.06175 0.00865)
(-0.22762 0.10910 -0.05586)
(-0.24609 0.12138 -0.07025)
(-0.23998 0.11933 -0.06631)
(-0.26273 0.13482 -0.08479)
(-0.37075 0.23873 -0.18150)
(-0.31615 0.18640 -0.12891)
(-0.40335 0.28017 -0.20801)
(-0.45623 0.32965 -0.25419)
(-0.53386 0.44306 -0.33995)
(-0.54443 0.46361 -0.35312)
(-0.57042 0.51773 -0.40904)
(-0.59375 0.58930 -0.47762)
(-0.58949 0.59726 -0.48951)
(-0.58577 0.60200 -0.49803)
(-0.56794 0.60887 -0.52905)
(-0.52492 0.61249 -0.59170)
(-0.51624 0.60812 -0.60181)
(-0.50086 0.59258 -0.64604)
(-0.48008 0.57213 -0.68185)
(-0.48363 0.55637 -0.70790)
(-0.48503 0.55400 -0.71270)
(-0.48672 0.55677 -0.73133)
(-0.49649 0.55720 -0.74330)
(-0.50191 0.56240 -0.74594)
(-0.50095 0.56097 -0.74430)
(-0.52998 0.59417 -0.75065)
(-0.52740 0.60381 -0.73559)
(-0.54858 0.63532 -0.74016)
(-0.55475 0.65136 -0.73269)
(-0.58677 0.69645 -0.69763)
(-0.58779 0.69820 -0.68812)
(-0.59247 0.70150 -0.68262)
(-0.58419 0.68351 -0.61040)
(-0.59222 0.66805 -0.56607)
(-0.58631 0.66235 -0.54540)
(-0.58105 0.65419 -0.52478)
(-0.54689 0.62693 -0.46686)
(-0.47889 0.53560 -0.32742)
(-0.40204 0.44324 -0.19895)
(-0.11969 0.13178 -0.04111)
(0.02517 -0.02692 0.00732)
(-0.00874 0.00952 -0.00273)
(-0.07648 0.01969 0.07817)
(-0.07516 0.02062 0.08099)
(-0.06853 0.01368 0.07517)
(-0.06869 0.01541 0.07663)
(-0.07061 0.01755 0.08014)
(-0.07471 0.01942 0.07724)
(-0.08565 0.02433 0.06156)
(-0.09672 0.03083 0.05023)
(-0.09638 0.03139 0.05211)
(-0.10184 0.03412 0.04742)
(-0.10765 0.03715 0.04202)
(-0.14481 0.06428 0.01173)
(-0.20336 0.09992 -0.03662)
(-0.20721 0.10858 -0.03376)
(-0.30035 0.18583 -0.11158)
(-0.39188 0.26966 -0.19967)
(-0.42767 0.31538 -0.23487)
(-0.52371 0.43481 -0.33098)
(-0.53795 0.45655 -0.34573)
(-0.56042 0.49610 -0.38374)
(-0.57552 0.53942 -0.42305)
(-0.59084 0.59553 -0.48565)
(-0.58667 0.60071 -0.49516)
(-0.57240 0.60452 -0.53712)
(-0.54084 0.61065 -0.57748)
(-0.52356 0.60171 -0.61442)
(-0.51147 0.59079 -0.64302)
(-0.49055 0.57751 -0.66839)
(-0.48585 0.55839 -0.70542)
(-0.48837 0.55596 -0.71084)
(-0.49162 0.55624 -0.72247)
(-0.49921 0.55634 -0.73610)
(-0.50542 0.55795 -0.73685)
(-0.50772 0.57112 -0.73755)
(-0.52261 0.58949 -0.73615)
(-0.52666 0.60699 -0.72492)
(-0.53409 0.62484 -0.72427)
(-0.53965 0.64258 -0.71298)
(-0.55246 0.65437 -0.71390)
(-0.57746 0.68283 -0.71029)
(-0.58347 0.69571 -0.68935)
(-0.58496 0.69821 -0.67921)
(-0.58934 0.70080 -0.67813)
(-0.58537 0.69950 -0.63232)
(-0.59053 0.68319 -0.56853)
(-0.54567 0.65289 -0.53484)
(-0.54222 0.63958 -0.48979)
(-0.48448 0.58858 -0.38853)
(-0.48509 0.56705 -0.34571)
(-0.45688 0.52135 -0.28356)
(-0.42387 0.47993 -0.24481)
(-0.30011 0.34094 -0.12887)
(-0.06536 0.07266 -0.02230)
(-0.00501 0.00141 0.00492)
(-0.01285 0.00377 0.01265)
(-0.07426 0.02051 0.07573)
(-0.07146 0.01599 0.07830)
(-0.06957 0.01370 0.07862)
(-0.07015 0.01510 0.07888)
(-0.07117 0.01687 0.08160)
(-0.07178 0.01500 0.07717)
(-0.08084 0.02136 0.07122)
(-0.08152 0.02176 0.06931)
(-0.09774 0.03380 0.05387)
(-0.10383 0.03682 0.05049)
(-0.11625 0.04622 0.03877)
(-0.16289 0.08187 0.00017)
(-0.17908 0.09603 -0.01269)
(-0.25134 0.14759 -0.06894)
(-0.26968 0.16275 -0.08352)
(-0.35607 0.23649 -0.16223)
(-0.38683 0.28520 -0.19470)
(-0.47396 0.37467 -0.27938)
(-0.45465 0.35992 -0.27375)
(-0.55587 0.48082 -0.37871)
(-0.55011 0.50123 -0.40334)
(-0.57577 0.56694 -0.46044)
(-0.57271 0.57420 -0.48074)
(-0.56643 0.57668 -0.49971)
(-0.55452 0.61354 -0.56935)
(-0.54620 0.60214 -0.59140)
(-0.54137 0.59485 -0.63076)
(-0.51450 0.58358 -0.66293)
(-0.52265 0.57447 -0.67558)
(-0.52142 0.56727 -0.69369)
(-0.50002 0.55248 -0.71826)
(-0.50486 0.55523 -0.71972)
(-0.51487 0.55747 -0.72732)
(-0.50940 0.56789 -0.72702)
(-0.52286 0.58684 -0.72992)
(-0.51368 0.58596 -0.71529)
(-0.53010 0.61812 -0.71691)
(-0.51845 0.62267 -0.68284)
(-0.53360 0.64113 -0.67391)
(-0.54981 0.66791 -0.65235)
(-0.54288 0.66174 -0.58205)
(-0.50866 0.63159 -0.57051)
(-0.56258 0.68810 -0.57070)
(-0.48135 0.60464 -0.45866)
(-0.48230 0.58924 -0.42382)
(-0.45429 0.56246 -0.36653)
(-0.44140 0.53065 -0.29998)
(-0.39337 0.48247 -0.23910)
(-0.24626 0.30612 -0.11653)
(-0.12174 0.15112 -0.05374)
(-0.04544 0.05628 -0.01911)
(-0.00342 0.00063 0.00378)
(-0.06033 0.01578 0.06410)
(-0.07184 0.01481 0.08006)
(-0.06795 0.01023 0.07989)
(-0.06770 0.01017 0.07986)
(-0.06714 0.00999 0.07969)
(-0.07012 0.01538 0.08268)
(-0.06702 0.01000 0.08038)
(-0.08095 0.02242 0.07469)
(-0.08431 0.02267 0.07090)
(-0.08608 0.02329 0.06528)
(-0.09225 0.02942 0.06344)
(-0.12598 0.05707 0.03713)
(-0.16505 0.08601 -0.00019)
(-0.16642 0.08614 -0.00138)
(-0.22169 0.13260 -0.04401)
(-0.23654 0.14735 -0.05489)
(-0.29175 0.19001 -0.10417)
(-0.39966 0.30460 -0.21242)
(-0.41775 0.32636 -0.24857)
(-0.48582 0.41013 -0.32044)
(-0.49947 0.44299 -0.35163)
(-0.55952 0.53219 -0.42622)
(-0.50945 0.46849 -0.37368)
(-0.57300 0.56209 -0.45942)
(-0.56332 0.55803 -0.48326)
(-0.55885 0.61119 -0.56645)
(-0.55598 0.59682 -0.57348)
(-0.56253 0.58224 -0.60974)
(-0.54486 0.58482 -0.64409)
(-0.56257 0.57830 -0.61815)
(-0.53124 0.57612 -0.67289)
(-0.54135 0.56878 -0.68811)
(-0.54344 0.56687 -0.70339)
(-0.52493 0.55856 -0.71206)
(-0.52413 0.55946 -0.71475)
(-0.51611 0.55574 -0.72304)
(-0.51202 0.54946 -0.70323)
(-0.51398 0.56411 -0.72346)
(-0.51156 0.56288 -0.70811)
(-0.51054 0.57506 -0.70270)
(-0.51176 0.59098 -0.70094)
(-0.50460 0.58001 -0.69479)
(-0.49180 0.57953 -0.66411)
(-0.48785 0.58715 -0.64830)
(-0.50305 0.61877 -0.61997)
(-0.47928 0.60333 -0.54168)
(-0.51676 0.64058 -0.53159)
(-0.46556 0.59219 -0.50117)
(-0.46649 0.59133 -0.45971)
(-0.33757 0.46141 -0.27839)
(-0.40793 0.53028 -0.33574)
(-0.32250 0.44341 -0.24272)
(-0.37265 0.47372 -0.23804)
(-0.34505 0.43739 -0.20458)
(-0.31110 0.43153 -0.22891)
(-0.26601 0.33839 -0.15048)
(-0.04907 0.06454 -0.01786)
(-0.00092 0.00013 0.00107)
(-0.04618 0.00845 0.05188)
(-0.05024 0.00613 0.06051)
(-0.06655 0.00881 0.08002)
(-0.06668 0.00935 0.08010)
(-0.06606 0.00831 0.08014)
(-0.06652 0.00897 0.08043)
(-0.07792 0.01915 0.07452)
(-0.08430 0.02593 0.07575)
(-0.08476 0.02358 0.07002)
(-0.11725 0.05331 0.05315)
(-0.11867 0.05255 0.05013)
(-0.14783 0.07192 0.01767)
(-0.19330 0.11068 -0.01861)
(-0.20776 0.12440 -0.03264)
(-0.23170 0.14392 -0.05332)
(-0.23496 0.14801 -0.05643)
(-0.36277 0.27659 -0.17225)
(-0.39584 0.30529 -0.22826)
(-0.42307 0.33677 -0.25771)
(-0.43890 0.36411 -0.28259)
(-0.46451 0.41948 -0.33640)
(-0.52672 0.49115 -0.40766)
(-0.53099 0.51278 -0.44410)
(-0.55632 0.55977 -0.50170)
(-0.54571 0.55614 -0.52411)
(-0.56802 0.57832 -0.60275)
(-0.56850 0.57537 -0.60830)
(-0.56347 0.57614 -0.62603)
(-0.55737 0.56617 -0.65839)
(-0.55388 0.56682 -0.68590)
(-0.53370 0.56024 -0.70491)
(-0.53304 0.55007 -0.70200)
(-0.52237 0.54944 -0.69656)
(-0.50652 0.54312 -0.68302)
(-0.50225 0.54249 -0.67792)
(-0.50108 0.56279 -0.67482)
(-0.48409 0.56908 -0.65715)
(-0.47994 0.56903 -0.64703)
(-0.47507 0.59425 -0.58687)
(-0.47339 0.58212 -0.59726)
(-0.47837 0.59470 -0.57146)
(-0.37134 0.50101 -0.40561)
(-0.43379 0.55808 -0.44033)
(-0.35922 0.48878 -0.38264)
(-0.33895 0.46459 -0.30017)
(-0.29632 0.41972 -0.23388)
(-0.29606 0.41788 -0.22318)
(-0.29485 0.38919 -0.17433)
(-0.22026 0.28748 -0.12345)
(-0.25884 0.37244 -0.18791)
(-0.06159 0.08445 -0.02634)
(-0.01217 0.01676 -0.00506)
(0.00116 -0.00011 -0.00151)
(-0.02511 0.00312 0.03060)
(-0.03371 0.00306 0.04445)
(-0.06544 0.00749 0.07985)
(-0.06538 0.00744 0.07998)
(-0.06832 0.01292 0.08748)
(-0.07591 0.01846 0.07997)
(-0.07638 0.01867 0.07680)
(-0.10144 0.04113 0.06661)
(-0.10009 0.03983 0.06652)
(-0.10586 0.04461 0.06150)
(-0.15029 0.07291 0.01882)
(-0.19009 0.11005 -0.01864)
(-0.21035 0.12701 -0.03525)
(-0.21039 0.12755 -0.03667)
(-0.30068 0.22060 -0.12703)
(-0.39514 0.30776 -0.23221)
(-0.36672 0.29578 -0.22315)
(-0.37923 0.32815 -0.25585)
(-0.47213 0.42785 -0.35471)
(-0.46446 0.43768 -0.36872)
(-0.52628 0.51603 -0.45910)
(-0.53044 0.52086 -0.47062)
(-0.54424 0.53117 -0.52369)
(-0.57090 0.56927 -0.59509)
(-0.56981 0.57361 -0.61503)
(-0.56356 0.55224 -0.62254)
(-0.56448 0.55179 -0.63416)
(-0.54301 0.54510 -0.66167)
(-0.56431 0.53800 -0.64376)
(-0.54604 0.53311 -0.65419)
(-0.53412 0.53183 -0.66781)
(-0.50787 0.53183 -0.67210)
(-0.50696 0.53765 -0.67764)
(-0.50124 0.53555 -0.67171)
(-0.49377 0.53237 -0.66419)
(-0.46343 0.52627 -0.62074)
(-0.47675 0.55851 -0.64991)
(-0.47119 0.55616 -0.63896)
(-0.42947 0.52807 -0.56444)
(-0.42513 0.53868 -0.52782)
(-0.40924 0.52046 -0.51242)
(-0.35558 0.48438 -0.39445)
(-0.34181 0.47075 -0.36947)
(-0.34488 0.47343 -0.34022)
(-0.32556 0.45430 -0.34395)
(-0.28217 0.40594 -0.22580)
(-0.28062 0.40332 -0.21563)
(-0.26580 0.38878 -0.20764)
(-0.21931 0.32431 -0.16168)
(-0.13199 0.19399 -0.08752)
(-0.01989 0.03114 -0.01014)
(0.01088 -0.01717 0.00520)
(0.00481 -0.00015 -0.00678)
(-0.00157 0.00010 0.00239)
(-0.02233 0.00162 0.03260)
(-0.06239 0.00678 0.08261)
(-0.05744 0.00240 0.08492)
(-0.06531 0.00866 0.08397)
(-0.06430 0.01025 0.09059)
(-0.06737 0.01045 0.08903)
(-0.07090 0.01233 0.07968)
(-0.09530 0.03571 0.07049)
(-0.09361 0.03413 0.07062)
(-0.09737 0.03730 0.06721)
(-0.09355 0.03323 0.06588)
(-0.10363 0.03698 0.05519)
(-0.10069 0.03320 0.05339)
(-0.18865 0.10884 -0.01896)
(-0.18653 0.10708 -0.01922)
(-0.20855 0.12686 -0.03686)
(-0.20628 0.13242 -0.05621)
(-0.30636 0.22842 -0.16227)
(-0.18218 0.12159 -0.05219)
(-0.31432 0.25757 -0.17763)
(-0.33944 0.29945 -0.21672)
(-0.39558 0.35447 -0.27813)
(-0.38432 0.35237 -0.27919)
(-0.51186 0.49544 -0.43823)
(-0.51959 0.50439 -0.45230)
(-0.52706 0.50541 -0.47679)
(-0.52444 0.51318 -0.49572)
(-0.57254 0.56849 -0.60129)
(-0.54029 0.51940 -0.51605)
(-0.57191 0.54931 -0.59754)
(-0.57180 0.53338 -0.60127)
(-0.55673 0.52014 -0.60858)
(-0.54924 0.52922 -0.64347)
(-0.54455 0.52538 -0.64434)
(-0.51740 0.50572 -0.63606)
(-0.47575 0.48881 -0.62398)
(-0.50094 0.52837 -0.66564)
(-0.49169 0.52432 -0.65749)
(-0.43188 0.48160 -0.58789)
(-0.43094 0.49687 -0.58866)
(-0.39066 0.47929 -0.53254)
(-0.36964 0.47336 -0.48405)
(-0.34423 0.46365 -0.40704)
(-0.30015 0.41327 -0.38025)
(-0.32959 0.45758 -0.36219)
(-0.31375 0.44175 -0.33614)
(-0.20807 0.32267 -0.21139)
(-0.24058 0.36443 -0.21829)
(-0.19238 0.30798 -0.16364)
(-0.24369 0.36561 -0.18425)
(-0.07044 0.11244 -0.04348)
(-0.04820 0.08613 -0.02634)
(-0.00121 0.00211 -0.00065)
(0.00695 -0.00042 -0.01059)
(-0.03241 0.00115 0.05262)
(-0.05070 0.00078 0.07786)
(0.00610 -0.00025 -0.00903)
(-0.00829 0.00028 0.01280)
(-0.05434 0.00276 0.08691)
(-0.05584 0.00383 0.08849)
(-0.05923 0.00542 0.09005)
(-0.05185 0.00299 0.09074)
(-0.06349 0.01099 0.09210)
(-0.06182 0.00618 0.09155)
(-0.07113 0.01339 0.08391)
(-0.05618 0.00325 0.09371)
(-0.06445 0.00933 0.08624)
(-0.09055 0.03122 0.07115)
(-0.06938 0.01097 0.07290)
(-0.07972 0.01473 0.06248)
(-0.12298 0.05511 0.02929)
(-0.05423 -0.00547 0.06843)
(-0.10387 0.04186 0.02944)
(-0.10910 0.05177 0.01817)
(-0.14033 0.07978 -0.01352)
(-0.13692 0.07474 -0.01383)
(-0.21204 0.15975 -0.08805)
(-0.23136 0.19612 -0.11429)
(-0.33267 0.29989 -0.21127)
(-0.34595 0.32474 -0.23571)
(-0.48583 0.46360 -0.39670)
(-0.47675 0.46538 -0.39460)
(-0.48778 0.47412 -0.42316)
(-0.50053 0.46974 -0.43202)
(-0.51300 0.48336 -0.44676)
(-0.52844 0.50065 -0.51788)
(-0.54859 0.51236 -0.56298)
(-0.51362 0.47377 -0.53211)
(-0.50462 0.46391 -0.54706)
(-0.53855 0.50482 -0.61546)
(-0.53802 0.51064 -0.64201)
(-0.48878 0.46604 -0.60247)
(-0.47204 0.45642 -0.60653)
(-0.42801 0.42799 -0.55996)
(-0.46333 0.48025 -0.60655)
(-0.43222 0.47105 -0.58615)
(-0.39514 0.44814 -0.54951)
(-0.36659 0.43135 -0.51174)
(-0.36838 0.45439 -0.51190)
(-0.33521 0.43674 -0.45583)
(-0.32808 0.42345 -0.46168)
(-0.29090 0.39954 -0.38244)
(-0.30723 0.43113 -0.36458)
(-0.26319 0.37424 -0.34063)
(-0.21782 0.32954 -0.27775)
(-0.30582 0.43319 -0.33339)
(-0.23656 0.35235 -0.24681)
(-0.17416 0.27867 -0.16655)
(-0.12092 0.22547 -0.09843)
(-0.13398 0.23711 -0.09996)
(-0.04771 0.08642 -0.02840)
(0.00359 -0.00681 0.00179)
(-0.00487 0.00902 -0.00274)
(-0.00344 0.00005 0.00652)
(-0.03002 0.00036 0.04980)
(-0.02725 0.00045 0.06050)
(-0.04137 0.00058 0.08901)
(-0.04086 -0.00030 0.09056)
(-0.05510 0.00473 0.09403)
(-0.04419 -0.00548 0.09451)
(-0.04670 -0.00570 0.09497)
(-0.03523 -0.01659 0.09536)
(-0.04688 -0.00575 0.07681)
(-0.04161 -0.01051 0.07645)
(-0.05403 -0.00432 0.06522)
(-0.02106 -0.02067 0.05724)
(-0.08863 0.03513 0.01830)
(-0.06834 0.02430 0.01884)
(-0.15437 0.10912 -0.04574)
(-0.14950 0.12764 -0.04399)
(-0.17757 0.15661 -0.07003)
(-0.18605 0.17047 -0.07744)
(-0.35600 0.33838 -0.24714)
(-0.24783 0.23608 -0.13860)
(-0.38581 0.37617 -0.27889)
(-0.42818 0.41935 -0.34026)
(-0.43819 0.42481 -0.35364)
(-0.44289 0.43317 -0.36980)
(-0.43784 0.41823 -0.38316)
(-0.50410 0.47203 -0.46400)
(-0.46206 0.43422 -0.44226)
(-0.47015 0.44030 -0.46624)
(-0.47066 0.42725 -0.47440)
(-0.44189 0.39771 -0.49838)
(-0.46599 0.42336 -0.52977)
(-0.45913 0.42463 -0.53868)
(-0.43849 0.41023 -0.52832)
(-0.42817 0.40970 -0.54630)
(-0.38421 0.39232 -0.51559)
(-0.40570 0.42982 -0.54307)
(-0.36888 0.41109 -0.50960)
(-0.35663 0.41678 -0.50757)
(-0.28740 0.37575 -0.42369)
(-0.23316 0.32396 -0.35739)
(-0.27569 0.37363 -0.39657)
(-0.25809 0.36711 -0.33883)
(-0.20897 0.32272 -0.27241)
(-0.15296 0.25663 -0.20667)
(-0.14065 0.24154 -0.13544)
(-0.14366 0.23287 -0.15939)
(-0.11555 0.21525 -0.09917)
(-0.11065 0.20738 -0.09394)
(-0.07456 0.14352 -0.06114)
(-0.02750 0.05371 -0.01843)
(0.00094 -0.00222 0.00043)
(0.01089 -0.02034 0.00597)
(-0.00310 0.00005 0.00711)
(-0.01404 0.00024 0.03170)
(-0.01751 0.00014 0.04272)
(-0.03848 0.00011 0.08994)
(-0.03812 -0.00100 0.09168)
(-0.03786 -0.00435 0.09368)
(-0.03717 -0.00068 0.09127)
(-0.03164 -0.00999 0.09490)
(-0.03792 -0.01144 0.09563)
(-0.03583 -0.01523 0.09620)
(-0.02932 -0.01576 0.09313)
(-0.03356 -0.01717 0.09594)
(-0.02196 -0.02647 0.08924)
(-0.01445 -0.03002 0.08021)
(-0.01409 -0.03338 0.07278)
(-0.01259 -0.02367 0.05600)
(-0.01944 -0.01637 0.05129)
(-0.01960 -0.01360 0.04889)
(-0.09012 0.05325 -0.00587)
(-0.13583 0.11753 -0.03234)
(-0.15696 0.14017 -0.05091)
(-0.16381 0.15171 -0.05492)
(-0.17919 0.17158 -0.06611)
(-0.31350 0.31886 -0.21510)
(-0.34370 0.34937 -0.24102)
(-0.34792 0.35862 -0.25741)
(-0.34963 0.36775 -0.26326)
(-0.36649 0.37064 -0.29743)
(-0.39838 0.38178 -0.35518)
(-0.39490 0.37571 -0.35704)
(-0.39139 0.36923 -0.35644)
(-0.41659 0.38065 -0.43570)
(-0.42575 0.38472 -0.48790)
(-0.41727 0.37838 -0.49055)
(-0.36102 0.34610 -0.46340)
(-0.35496 0.34801 -0.45903)
(-0.27532 0.30097 -0.39457)
(-0.32846 0.35682 -0.46386)
(-0.26552 0.29982 -0.38892)
(-0.27163 0.31659 -0.39553)
(-0.28213 0.35523 -0.41602)
(-0.22984 0.31870 -0.35800)
(-0.21685 0.30889 -0.33958)
(-0.21966 0.31426 -0.33786)
(-0.20438 0.29908 -0.32160)
(-0.19128 0.29140 -0.28239)
(-0.15602 0.25150 -0.21226)
(-0.11741 0.19922 -0.16876)
(-0.12938 0.20881 -0.16148)
(-0.11706 0.19944 -0.13755)
(-0.07898 0.14937 -0.08561)
(-0.05462 0.10886 -0.05751)
(-0.03474 0.07283 -0.02893)
(-0.00338 0.00829 -0.00189)
(0.00112 -0.00324 -0.00063)
(-0.00453 0.00004 0.01137)
(-0.00369 0.00000 0.01012)
(-0.02416 -0.00014 0.06232)
(-0.03451 -0.00106 0.09193)
(-0.03098 -0.00890 0.09481)
(-0.01218 -0.01214 0.08820)
(-0.01275 -0.01326 0.08801)
(-0.00469 -0.02313 0.08539)
(0.00506 -0.03165 0.08019)
(0.01647 -0.03855 0.07423)
(-0.00731 -0.03540 0.07301)
(-0.00859 -0.02541 0.06006)
(-0.01235 -0.02122 0.05309)
(-0.01236 -0.01870 0.05115)
(-0.01938 -0.01113 0.04750)
(-0.05751 0.04181 0.01911)
(-0.13935 0.12492 -0.03427)
(-0.14359 0.13303 -0.03477)
(-0.15002 0.15736 -0.04347)
(-0.22884 0.24694 -0.12870)
(-0.26605 0.29035 -0.16071)
(-0.26002 0.29869 -0.17089)
(-0.26468 0.30298 -0.17955)
(-0.26513 0.30376 -0.18291)
(-0.37368 0.36530 -0.32719)
(-0.30850 0.31874 -0.25020)
(-0.36914 0.35835 -0.32779)
(-0.36533 0.35132 -0.32781)
(-0.34703 0.32625 -0.34568)
(-0.29917 0.28196 -0.31946)
(-0.31711 0.28851 -0.36613)
(-0.41088 0.37321 -0.47919)
(-0.33965 0.31445 -0.42044)
(-0.25906 0.24399 -0.33190)
(-0.33202 0.32319 -0.43358)
(-0.26304 0.28611 -0.37866)
(-0.25415 0.28508 -0.37368)
(-0.24631 0.28472 -0.36963)
(-0.22182 0.26946 -0.34493)
(-0.22457 0.31248 -0.35611)
(-0.21328 0.30346 -0.34000)
(-0.19127 0.27673 -0.31805)
(-0.20198 0.29427 -0.32370)
(-0.14069 0.23113 -0.21089)
(-0.15431 0.24388 -0.25961)
(-0.11909 0.20031 -0.18448)
(-0.09952 0.16798 -0.14318)
(-0.10189 0.18010 -0.16327)
(-0.05840 0.10757 -0.07387)
(-0.05506 0.10102 -0.06298)
(-0.01440 0.03476 -0.01550)
(-0.01694 0.03076 -0.01913)
(-0.00219 0.00538 -0.00234)
(-0.01833 -0.00038 0.05101)
(-0.00453 -0.00006 0.01327)
(-0.00298 0.00033 0.04682)
(-0.01500 -0.00720 0.09120)
(-0.00128 -0.00957 0.08898)
(-0.00280 -0.01729 0.08684)
(0.00754 -0.02700 0.08131)
(0.01623 -0.03525 0.07541)
(0.02034 -0.03771 0.07310)
(0.01572 -0.04066 0.07362)
(0.02035 -0.03983 0.06770)
(-0.00514 -0.02498 0.05309)
(-0.01373 -0.01114 0.04702)
(-0.07039 0.06849 0.01358)
(-0.06396 0.07239 0.01935)
(-0.09028 0.10944 0.00273)
(-0.18214 0.21017 -0.07463)
(-0.19850 0.23271 -0.09165)
(-0.22221 0.26948 -0.12615)
(-0.23944 0.28359 -0.15261)
(-0.24068 0.28504 -0.15871)
(-0.23849 0.27112 -0.17301)
(-0.34186 0.34037 -0.29734)
(-0.23351 0.25745 -0.19052)
(-0.25396 0.26947 -0.21302)
(-0.33950 0.33433 -0.29900)
(-0.27638 0.27686 -0.25587)
(-0.25463 0.25079 -0.25095)
(-0.22959 0.22212 -0.24393)
(-0.22622 0.21569 -0.26624)
(-0.21645 0.21066 -0.27303)
(-0.25664 0.25070 -0.34809)
(-0.19942 0.21027 -0.28306)
(-0.23259 0.25045 -0.33110)
(-0.24240 0.27034 -0.35795)
(-0.23027 0.26380 -0.34764)
(-0.21906 0.25800 -0.33812)
(-0.22795 0.27031 -0.35077)
(-0.18037 0.23986 -0.30344)
(-0.15003 0.23166 -0.27079)
(-0.19767 0.28835 -0.32321)
(-0.13348 0.22221 -0.24918)
(-0.13320 0.21731 -0.23534)
(-0.11596 0.19383 -0.19311)
(-0.08013 0.15123 -0.15668)
(-0.07100 0.13143 -0.11494)
(-0.04480 0.08230 -0.05612)
(-0.03665 0.07301 -0.05814)
(-0.03349 0.06134 -0.04167)
(-0.00843 0.01524 -0.01025)
(-0.00289 0.00519 -0.00322)
(0.00007 0.00003 0.00062)
(0.00153 0.00072 0.01659)
(0.00059 0.00000 0.00332)
(-0.00248 -0.00316 0.06298)
(0.01005 -0.01832 0.08319)
(0.02293 -0.00155 0.04602)
(0.01160 -0.01271 0.08318)
(0.03973 -0.01534 0.07698)
(0.02228 -0.03582 0.07305)
(0.03906 -0.03168 0.06866)
(0.02228 -0.03816 0.07300)
(0.03654 -0.03210 0.06607)
(0.03716 -0.03715 0.06153)
(0.03595 -0.03669 0.05843)
(0.01397 -0.01255 0.05368)
(0.01468 -0.00762 0.05631)
(-0.02183 0.02055 0.05558)
(-0.02354 0.02068 0.05815)
(-0.03373 0.05694 0.04891)
(-0.11121 0.15218 -0.01548)
(-0.06907 0.10553 0.01708)
(-0.13658 0.18487 -0.02975)
(-0.14506 0.19921 -0.04468)
(-0.16940 0.22227 -0.08459)
(-0.19765 0.24639 -0.12449)
(-0.16620 0.21960 -0.10459)
(-0.14243 0.19505 -0.09479)
(-0.12633 0.17855 -0.10291)
(-0.13405 0.17102 -0.13764)
(-0.16995 0.19682 -0.17216)
(-0.18240 0.19497 -0.18573)
(-0.13460 0.16607 -0.14284)
(-0.16240 0.17365 -0.16225)
(-0.17539 0.18131 -0.20592)
(-0.14534 0.16252 -0.21180)
(-0.17597 0.18410 -0.24437)
(-0.12965 0.16433 -0.22795)
(-0.12489 0.16278 -0.22648)
(-0.16152 0.20294 -0.27191)
(-0.11565 0.17652 -0.23003)
(-0.13775 0.20002 -0.25216)
(-0.11475 0.19351 -0.23777)
(-0.08162 0.16677 -0.20359)
(-0.10088 0.18700 -0.21646)
(-0.09219 0.17209 -0.19597)
(-0.06890 0.14641 -0.15982)
(-0.07249 0.14116 -0.14707)
(-0.05973 0.11937 -0.12525)
(-0.02678 0.06717 -0.07007)
(-0.03069 0.06716 -0.06911)
(-0.00695 0.01577 -0.01694)
(-0.00645 0.01265 -0.00972)
(-0.01057 -0.00164 -0.01475)
(0.00087 0.00010 0.00156)
(0.03755 -0.00617 0.05938)
(-0.00083 -0.00002 -0.00088)
(0.01785 -0.00002 0.01989)
(0.06134 -0.00412 0.06475)
(0.06229 -0.00861 0.07137)
(0.06411 -0.02372 0.06354)
(0.07073 -0.00735 0.06888)
(0.06778 -0.01046 0.06870)
(0.04788 -0.03303 0.06087)
(0.05362 -0.02902 0.06061)
(0.04194 -0.02443 0.06260)
(0.04250 -0.01441 0.06662)
(0.00612 0.01769 0.05645)
(0.01692 0.02208 0.05919)
(-0.00113 0.04422 0.05914)
(-0.00636 0.06148 0.05921)
(-0.06805 0.11320 0.02182)
(-0.00970 0.06934 0.05652)
(-0.09999 0.15496 -0.01851)
(-0.10370 0.16660 -0.02947)
(-0.08639 0.15321 -0.02023)
(-0.10036 0.16318 -0.04535)
(-0.08623 0.14924 -0.05026)
(-0.08694 0.15284 -0.06184)
(-0.06469 0.12499 -0.06265)
(-0.03393 0.09277 -0.05313)
(0.00795 0.04975 -0.03449)
(-0.12789 0.15035 -0.15302)
(-0.11671 0.13874 -0.14784)
(-0.01453 0.06437 -0.06391)
(-0.02961 0.07345 -0.08360)
(-0.07469 0.10646 -0.13583)
(-0.05505 0.09505 -0.12997)
(-0.00284 0.05629 -0.08700)
(-0.00292 0.05744 -0.09271)
(-0.04234 0.08554 -0.12617)
(-0.11078 0.15015 -0.21009)
(-0.05291 0.09971 -0.14245)
(-0.06031 0.11725 -0.17255)
(-0.09202 0.14759 -0.20288)
(-0.04118 0.11248 -0.15909)
(-0.06378 0.13527 -0.17472)
(-0.06482 0.14771 -0.18099)
(-0.07920 0.16249 -0.19803)
(-0.05344 0.12527 -0.15126)
(-0.06412 0.13673 -0.16669)
(-0.02502 0.08451 -0.09498)
(-0.00583 0.05238 -0.06223)
(-0.00285 0.02929 -0.03535)
(-0.00547 0.02141 -0.02481)
(-0.00232 0.00718 -0.00863)
(0.00070 -0.00163 0.00172)
(0.00072 -0.00434 0.00640)
(0.00193 -0.00447 0.00472)
(-0.01016 -0.00034 -0.01059)
(0.00424 0.00007 0.00397)
(0.03561 -0.00084 0.03542)
(-0.01323 -0.00088 -0.01115)
(0.02583 0.00013 0.02250)
(0.06079 -0.00317 0.05641)
(0.08306 -0.01743 0.06516)
(0.05949 -0.00208 0.05078)
(0.07309 -0.00492 0.06382)
(0.08999 -0.00395 0.06571)
(0.07646 -0.00818 0.06676)
(0.08191 0.00223 0.07148)
(0.05392 -0.00283 0.06856)
(0.08027 0.01252 0.07307)
(0.03325 0.03236 0.06561)
(0.00573 0.05476 0.06253)
(0.00392 0.05930 0.06066)
(0.00122 0.06338 0.05848)
(-0.01204 0.07427 0.05392)
(-0.05668 0.11333 0.01638)
(-0.05092 0.11409 0.00911)
(-0.05850 0.12555 -0.00494)
(-0.04330 0.11373 -0.01581)
(-0.02852 0.09926 -0.02366)
(-0.02017 0.08831 -0.02435)
(0.01845 0.04998 -0.02220)
(0.03445 0.03332 -0.01785)
(0.03623 0.02949 -0.02025)
(0.01664 0.04233 -0.04689)
(0.01074 0.04552 -0.07524)
(0.01101 0.04626 -0.07909)
(0.02162 0.03889 -0.07181)
(0.01329 0.04618 -0.08069)
(0.00321 0.05484 -0.08969)
(0.01248 0.05456 -0.09333)
(0.02616 0.04830 -0.07410)
(0.00359 0.07181 -0.09482)
(-0.03527 0.10446 -0.14270)
(-0.01448 0.08922 -0.10780)
(-0.01349 0.09181 -0.11409)
(-0.01702 0.09621 -0.11676)
(-0.02860 0.10910 -0.13033)
(0.00074 0.05883 -0.06685)
(-0.00114 0.02625 -0.03059)
(-0.00049 0.01215 -0.01450)
(0.00002 -0.00037 0.00046)
(0.00001 -0.00442 0.00530)
(0.00019 -0.00555 0.00683)
(-0.00023 -0.00001 -0.00019)
(-0.00376 -0.00060 -0.00253)
(0.01793 0.00063 0.01433)
(0.08984 0.00177 0.05034)
(0.04870 0.00782 0.02230)
(0.10469 0.01210 0.06449)
(0.09118 0.00823 0.06988)
(0.09588 0.00937 0.07073)
(0.11578 0.02148 0.07095)
(0.09720 0.01475 0.07307)
(0.09258 0.01469 0.07355)
(0.09049 0.01720 0.07553)
(0.06200 0.04052 0.07211)
(0.01722 0.05321 0.06466)
(0.01395 0.05588 0.06283)
(0.01045 0.05745 0.06106)
(-0.00058 0.06561 0.05648)
(-0.00321 0.07600 0.04080)
(0.00584 0.07777 0.02906)
(0.00332 0.08353 0.00546)
(0.02075 0.07015 -0.00212)
(0.01952 0.05036 -0.00042)
(0.02105 0.04913 -0.00368)
(0.04507 0.02579 -0.01068)
(0.04827 0.02161 -0.01245)
(0.05956 0.01240 -0.00720)
(0.05706 0.01273 -0.01065)
(0.05320 0.01579 -0.01914)
(0.02409 0.03582 -0.06729)
(0.07725 -0.00464 -0.01481)
(0.03507 0.02797 -0.05912)
(0.03066 0.03288 -0.06470)
(0.05261 0.02327 -0.04968)
(0.04951 0.02873 -0.04866)
(0.03477 0.04376 -0.06493)
(0.04020 0.04091 -0.05894)
(0.03933 0.04398 -0.04015)
(0.03091 0.05120 -0.04922)
(0.03171 0.04625 -0.04197)
(0.02025 0.02672 -0.02283)
(0.00918 0.01528 -0.01318)
(0.00151 0.00908 -0.01064)
(0.00001 0.00065 -0.00075)
(-0.00091 -0.00375 0.00415)
(-0.00015 -0.00472 0.00546)
(0.01153 0.00203 0.00521)
(0.02600 0.00553 0.01300)
(0.06875 0.01350 0.03499)
(0.03255 0.01056 0.01559)
(0.07980 0.01708 0.04719)
(0.09573 0.01730 0.06639)
(0.04378 0.00990 0.02793)
(0.06427 0.01353 0.04487)
(0.10216 0.02002 0.07506)
(0.10015 0.02066 0.07701)
(0.07476 0.03773 0.07779)
(0.09102 0.03261 0.08077)
(0.06575 0.04137 0.07472)
(0.02173 0.05303 0.06507)
(0.07971 0.05275 0.07116)
(0.07381 0.04525 0.06546)
(0.03295 0.05472 0.05504)
(0.02900 0.05900 0.04282)
(0.04920 0.04938 0.04969)
(0.04454 0.04579 0.03655)
(0.05966 0.03515 0.02481)
(0.06492 0.03214 0.02728)
(0.06702 0.03017 0.02442)
(0.05880 0.03427 0.02379)
(0.05937 0.03134 0.01685)
(0.05205 0.01903 0.00195)
(0.08355 0.01044 0.02131)
(0.06075 0.01311 -0.00360)
(0.06747 0.00651 -0.00237)
(0.08936 -0.01585 0.00411)
(0.10844 -0.01653 0.00591)
(0.08875 0.00015 -0.01329)
(0.10853 -0.01897 0.02124)
(0.11245 -0.01792 0.01039)
(0.10671 -0.00651 -0.00448)
(0.10047 -0.00181 -0.00632)
(0.08445 -0.00126 -0.00083)
(0.06649 0.00537 -0.00227)
(0.04885 0.02438 -0.02337)
(0.03180 0.03122 -0.02584)
(0.01805 0.00691 -0.00298)
(0.01007 0.00902 -0.00655)
(0.00623 0.00748 -0.00588)
(-0.00106 -0.00159 0.00129)
(0.00650 0.00215 0.00309)
(0.01905 0.00765 0.00943)
(0.01802 0.00599 0.00973)
(0.01041 0.00468 0.00550)
(0.02175 0.00869 0.01286)
(0.07402 0.03195 0.05495)
(0.08921 0.04283 0.06555)
(0.03431 0.01182 0.02178)
(0.05488 0.02405 0.03650)
(0.06213 0.03563 0.04682)
(0.08883 0.05791 0.06507)
(0.05932 0.03757 0.04170)
(0.07559 0.04565 0.06103)
(0.06095 0.03978 0.05778)
(0.07944 0.05834 0.05242)
(0.08235 0.03306 0.05261)
(0.06881 0.04359 0.03806)
(0.06935 0.02744 0.02941)
(0.08227 0.03976 0.03704)
(0.08868 0.02837 0.03682)
(0.09127 0.02175 0.03106)
(0.09125 0.01942 0.03190)
(0.11944 0.01546 0.03015)
(0.09709 0.00948 0.01859)
(0.11051 -0.00717 0.02927)
(0.08439 0.00518 0.01865)
(0.09798 -0.02450 0.02500)
(0.08976 -0.03299 0.02827)
(0.08697 -0.01988 0.01750)
(0.03080 -0.01026 0.00950)
(0.03621 -0.00803 0.01071)
(0.02119 -0.00178 0.00476)
(0.03372 -0.00208 0.00556)
(-0.00148 0.00003 -0.00037)
(0.00775 0.00057 0.00095)
(0.00329 0.00056 0.00032)
(-0.02830 -0.01314 -0.01513)
(-0.02182 -0.00763 -0.01359)
(0.02169 0.00936 0.01264)
(-0.01989 -0.00871 -0.01136)
(-0.00745 -0.00337 -0.00394)
(0.03356 0.02093 0.02287)
(0.04633 0.03048 0.02302)
(-0.00094 -0.00057 -0.00042)
(-0.00071 -0.00044 -0.00031)
(0.04028 0.02571 0.02082)
(0.06280 0.03872 0.03338)
(0.01852 0.00968 0.00798)
(0.04202 0.02730 0.01959)
(0.07001 0.04263 0.03243)
(0.02503 0.01579 0.01128)
(0.04580 0.01608 0.01695)
(0.05653 0.01044 0.01641)
(0.07816 0.01088 0.02030)
(0.00717 0.00160 0.00237)
(0.01311 0.00234 0.00393)
(-0.00199 -0.00033 -0.00056)
(0.05510 0.00405 0.01244)
(0.03268 0.00063 0.00851)
(-0.01714 -0.00085 -0.00438)
(-0.00857 0.00104 -0.00223)
(-0.01522 0.00043 -0.00432)
(-0.01487 0.00102 -0.00414)
(0.00544 0.00362 0.00246)
(0.00910 0.00583 0.00406)
(0.00974 0.00511 0.00320)
(-0.00401 -0.00110 -0.00146)
)