/*--------------------------------*- C++ -*----------------------------------*\ 
| =========                 |                                                 | 
| \\      /  F ield         | OpenFOAM: The Open Source CFD Toolbox           | 
|  \\    /   O peration     | Version:  4.0                                   | 
|   \\  /    A nd           | Web:      www.OpenFOAM.org                      | 
|    \\/     M anipulation  |                                                 | 
\*---------------------------------------------------------------------------*/ 
FoamFile 
{ 
    version     2.0; 
    format      ascii; 
    class       vectorAverageField; 
    object      values; 
} 
// * * * * * * * * * * * * * * * * * * * * * * * * * * * * * * * * * * * * * // 
 
// Average 
(0 0 0) 
 
// Velocity data on points 
2447
(
(0.00324 0.00035 -0.00091)
(-0.00192 -0.00024 0.00019)
(-0.00467 -0.00183 0.00044)
(-0.00128 -0.00108 -0.00030)
(0.00124 0.00198 0.00040)
(-0.00907 -0.00581 -0.00072)
(-0.00220 -0.00341 -0.00079)
(0.00011 -0.01391 -0.01198)
(0.00005 -0.00153 -0.00124)
(-0.00029 0.00240 0.00202)
(0.00098 -0.01009 -0.00900)
(0.00039 -0.00221 -0.00201)
(-0.00075 0.00234 0.00206)
(0.00199 -0.01107 -0.01246)
(0.00044 -0.00084 -0.00078)
(-0.00131 0.00252 0.00237)
(0.00419 -0.00839 -0.00825)
(0.00017 -0.00038 -0.00040)
(-0.00072 0.00206 0.00286)
(0.00014 -0.00041 -0.00058)
(0.00650 0.00057 -0.00087)
(-0.00154 -0.00009 0.00047)
(0.00127 0.00006 -0.00025)
(0.00054 0.00003 -0.00017)
(-0.02008 -0.00401 0.01223)
(-0.01794 -0.00305 0.00852)
(-0.02123 -0.00388 0.00519)
(-0.01925 -0.00762 0.00207)
(-0.03781 -0.00884 0.01076)
(-0.03440 -0.01328 0.00301)
(-0.02278 -0.01401 -0.00268)
(-0.00792 -0.01773 -0.01099)
(-0.02039 -0.02063 -0.01623)
(-0.00093 -0.02933 -0.02742)
(0.00153 -0.02609 -0.02514)
(0.00292 -0.02230 -0.02232)
(0.00071 -0.03393 -0.03479)
(0.00334 -0.03469 -0.03691)
(0.00361 -0.03442 -0.04374)
(0.00321 -0.02181 -0.02590)
(0.00776 -0.02043 -0.02532)
(0.00419 -0.03374 -0.05708)
(0.00480 -0.03110 -0.05157)
(0.00957 -0.02256 -0.03100)
(0.00435 -0.01236 -0.01756)
(0.00638 -0.02260 -0.03988)
(0.00202 -0.00849 -0.01526)
(0.00059 -0.00216 -0.00451)
(-0.00440 -0.00813 -0.02392)
(-0.00043 -0.00030 -0.00249)
(0.00004 -0.00004 0.00032)
(0.00237 0.00126 -0.00035)
(-0.00113 -0.00053 0.00040)
(-0.00507 -0.00139 0.00196)
(-0.01482 -0.00362 0.00652)
(-0.03785 -0.00997 0.01783)
(-0.03323 -0.00421 0.01549)
(-0.04172 -0.00930 0.02904)
(-0.04504 -0.00728 0.02748)
(-0.04382 -0.01177 0.01856)
(-0.03769 -0.01289 0.01321)
(-0.02890 -0.01374 -0.00179)
(-0.02786 -0.01294 -0.01148)
(-0.02006 -0.01775 -0.02077)
(-0.00657 -0.02680 -0.03857)
(-0.02117 -0.01779 -0.02374)
(-0.01768 -0.01991 -0.03280)
(-0.00495 -0.02846 -0.04296)
(-0.00258 -0.03361 -0.04717)
(-0.00839 -0.02625 -0.05561)
(-0.00576 -0.02979 -0.06099)
(-0.00434 -0.03301 -0.06935)
(-0.00437 -0.03844 -0.07902)
(-0.00417 -0.02742 -0.06046)
(-0.00437 -0.02307 -0.05302)
(-0.00372 -0.02143 -0.04834)
(-0.01326 -0.01718 -0.05242)
(-0.01285 -0.01194 -0.04432)
(-0.00982 -0.00484 -0.02570)
(-0.00520 -0.00155 -0.01481)
(-0.02196 0.00145 -0.03562)
(-0.01744 0.00641 -0.01790)
(-0.00325 0.00137 -0.00839)
(-0.00010 0.00015 -0.00043)
(-0.00441 0.00537 -0.00210)
(0.00144 -0.00242 0.00048)
(0.00274 -0.00482 0.00056)
(0.00012 0.00009 0.00003)
(-0.00421 -0.00230 0.00013)
(-0.01213 -0.00644 0.00255)
(-0.01721 -0.01124 0.00806)
(-0.03258 -0.01819 0.01323)
(-0.02734 -0.01720 0.01305)
(-0.03322 -0.02339 0.01895)
(-0.04110 -0.01779 0.02312)
(-0.04646 -0.01277 0.02275)
(-0.04541 -0.01337 0.03033)
(-0.03769 -0.01827 0.02953)
(-0.03971 -0.01439 0.02845)
(-0.04180 -0.00828 0.02678)
(-0.03785 -0.01234 0.01489)
(-0.03300 -0.01333 0.01043)
(-0.03154 -0.00968 0.00082)
(-0.02990 -0.00997 -0.00535)
(-0.02958 -0.01103 -0.01751)
(-0.02314 -0.01774 -0.02965)
(-0.02267 -0.01646 -0.04523)
(-0.01836 -0.01894 -0.05523)
(-0.01144 -0.02072 -0.06138)
(-0.00915 -0.02591 -0.06645)
(-0.00716 -0.03118 -0.06990)
(-0.02011 -0.01632 -0.06232)
(-0.02668 -0.00892 -0.06068)
(-0.04262 0.00722 -0.05187)
(-0.02679 0.00179 -0.03922)
(-0.03865 0.00369 -0.04703)
(-0.02422 0.00303 -0.03584)
(-0.03502 0.01557 -0.02518)
(-0.04500 0.03058 -0.01735)
(-0.04271 0.03055 -0.01548)
(-0.02267 0.02089 -0.00838)
(-0.00394 0.00616 -0.00149)
(-0.03638 0.03607 -0.00980)
(-0.01809 0.02389 -0.00533)
(-0.00195 0.00351 -0.00024)
(-0.00053 0.00127 -0.00009)
(0.00164 0.00192 0.00055)
(-0.00425 -0.00427 -0.00096)
(-0.01261 -0.00954 -0.00114)
(-0.02673 -0.01736 0.00271)
(-0.03261 -0.01982 0.00307)
(-0.03615 -0.02292 0.01779)
(-0.03487 -0.02618 0.01973)
(-0.03358 -0.02542 0.02294)
(-0.03728 -0.02314 0.02339)
(-0.03616 -0.02009 0.02923)
(-0.03747 -0.01828 0.02919)
(-0.03887 -0.01651 0.02901)
(-0.03730 -0.01798 0.02853)
(-0.03843 -0.01627 0.02752)
(-0.03955 -0.00996 0.01580)
(-0.03162 -0.00914 0.00001)
(-0.03063 -0.00913 -0.00408)
(-0.02928 -0.00962 -0.00930)
(-0.02881 -0.01027 -0.02541)
(-0.02824 -0.00978 -0.04454)
(-0.02412 -0.01257 -0.04811)
(-0.01977 -0.01362 -0.06098)
(-0.02645 -0.00727 -0.06960)
(-0.02576 -0.00775 -0.06796)
(-0.03459 -0.00499 -0.06688)
(-0.04412 0.00733 -0.05665)
(-0.04636 0.01053 -0.05344)
(-0.04816 0.01317 -0.05004)
(-0.04957 0.01544 -0.04671)
(-0.04834 0.02428 -0.03243)
(-0.04650 0.03102 -0.01773)
(-0.04631 0.03358 -0.01521)
(-0.04843 0.03422 -0.01581)
(-0.04378 0.03654 -0.01532)
(-0.03491 0.04618 -0.00364)
(-0.04658 0.05060 -0.00790)
(-0.02776 0.04162 -0.00398)
(-0.00945 0.02166 -0.00007)
(-0.00093 0.00234 -0.00002)
(-0.01903 0.04335 -0.00126)
(-0.00388 0.01036 -0.00044)
(-0.00021 0.00059 -0.00002)
(-0.00226 -0.00258 -0.00042)
(-0.00677 -0.00760 -0.00016)
(-0.01775 -0.02527 0.00149)
(-0.02349 -0.02773 0.00357)
(-0.02341 -0.03502 0.01481)
(-0.02654 -0.03134 0.02329)
(-0.02760 -0.03101 0.02561)
(-0.02705 -0.03185 0.02533)
(-0.02790 -0.03160 0.02727)
(-0.02769 -0.03165 0.02872)
(-0.03495 -0.02206 0.02960)
(-0.03514 -0.02180 0.02987)
(-0.03616 -0.01955 0.02887)
(-0.03687 -0.01757 0.02742)
(-0.03759 -0.01579 0.02566)
(-0.04019 -0.00699 0.00703)
(-0.03009 -0.00856 -0.00337)
(-0.03245 -0.00691 -0.00492)
(-0.02822 -0.00529 -0.01220)
(-0.02841 -0.00794 -0.00931)
(-0.02822 -0.00859 -0.01277)
(-0.02671 -0.00449 -0.04484)
(-0.02767 0.00269 -0.04179)
(-0.03176 0.00303 -0.05196)
(-0.02877 -0.00419 -0.04978)
(-0.02447 -0.00568 -0.06159)
(-0.03503 0.00257 -0.07471)
(-0.03626 0.00339 -0.07514)
(-0.03773 0.00466 -0.07519)
(-0.04611 0.00985 -0.05754)
(-0.05119 0.01525 -0.05440)
(-0.05291 0.01773 -0.05126)
(-0.05483 0.02040 -0.04745)
(-0.06175 0.03219 -0.03536)
(-0.05552 0.03410 -0.02563)
(-0.05844 0.04586 -0.01802)
(-0.05084 0.04274 -0.01760)
(-0.05107 0.05556 -0.01352)
(-0.04614 0.05423 -0.00988)
(-0.04023 0.06067 -0.00387)
(-0.02915 0.06360 -0.00298)
(-0.01642 0.03961 -0.00201)
(-0.02044 0.04911 -0.00341)
(-0.00601 0.01610 -0.00104)
(-0.00283 0.00765 -0.00058)
(0.00147 0.00093 -0.00004)
(-0.00031 -0.00022 -0.00008)
(-0.01831 -0.01429 0.00386)
(-0.02310 -0.02938 0.00769)
(-0.02452 -0.03300 0.01197)
(-0.02569 -0.03320 0.02033)
(-0.02715 -0.03241 0.02533)
(-0.02758 -0.03217 0.02689)
(-0.02849 -0.03200 0.02823)
(-0.02617 -0.03566 0.02879)
(-0.02812 -0.03052 0.02970)
(-0.03547 -0.02131 0.02976)
(-0.03492 -0.02171 0.02790)
(-0.03588 -0.01865 0.02747)
(-0.03608 -0.01685 0.02564)
(-0.03545 -0.01099 0.01585)
(-0.03523 -0.01428 0.02308)
(-0.02925 0.00199 0.00189)
(-0.02548 -0.00065 -0.00880)
(-0.02211 0.00353 -0.02573)
(-0.02604 0.00037 -0.03266)
(-0.02800 0.01055 -0.04862)
(-0.03014 0.00624 -0.06622)
(-0.03781 0.00917 -0.07447)
(-0.03808 0.00745 -0.07504)
(-0.04081 0.00938 -0.07496)
(-0.05068 0.02195 -0.06939)
(-0.05923 0.02519 -0.06030)
(-0.06292 0.02748 -0.05423)
(-0.06023 0.02590 -0.04871)
(-0.06910 0.04307 -0.03855)
(-0.06579 0.04825 -0.02476)
(-0.08038 0.06516 -0.02123)
(-0.06481 0.05845 -0.01402)
(-0.06032 0.06408 -0.01271)
(-0.05579 0.06194 -0.01123)
(-0.05253 0.06550 -0.00837)
(-0.05068 0.06974 -0.00757)
(-0.03243 0.06539 -0.00399)
(-0.02958 0.06515 -0.00461)
(-0.00969 0.02484 -0.00196)
(-0.03052 0.06600 -0.00539)
(-0.02092 0.05016 -0.00409)
(-0.00660 0.01849 -0.00207)
(-0.00049 0.00139 -0.00027)
(0.00529 0.00123 -0.00075)
(-0.00018 -0.00004 0.00003)
(-0.01129 -0.00427 0.00315)
(-0.02193 -0.01139 0.00631)
(-0.02683 -0.03132 0.01359)
(-0.03300 -0.02146 0.01591)
(-0.02700 -0.02968 0.01934)
(-0.02803 -0.03115 0.01877)
(-0.02400 -0.03377 0.02437)
(-0.02123 -0.03685 0.02766)
(-0.02514 -0.03000 0.03489)
(-0.02026 -0.03300 0.03604)
(-0.02016 -0.03009 0.03337)
(-0.02550 -0.02679 0.03101)
(-0.03066 -0.01585 0.02523)
(-0.02472 -0.00535 0.01299)
(-0.02568 -0.00365 0.00710)
(-0.01985 0.00184 -0.01000)
(-0.02239 0.00503 -0.01659)
(-0.02345 0.01179 -0.03151)
(-0.02654 0.01831 -0.04295)
(-0.02917 0.02147 -0.05957)
(-0.03813 0.02524 -0.06300)
(-0.04256 0.02910 -0.06875)
(-0.03853 0.01048 -0.07557)
(-0.04201 0.01271 -0.07544)
(-0.05579 0.02885 -0.07612)
(-0.06921 0.04496 -0.06517)
(-0.08113 0.05442 -0.06166)
(-0.08255 0.06059 -0.05147)
(-0.08265 0.06220 -0.04656)
(-0.08944 0.07301 -0.02365)
(-0.07671 0.07413 -0.01485)
(-0.05945 0.06556 -0.01245)
(-0.06750 0.07906 -0.01219)
(-0.05759 0.07456 -0.01157)
(-0.04740 0.07300 -0.01099)
(-0.05814 0.07648 -0.01256)
(-0.04569 0.07102 -0.01044)
(-0.03948 0.06861 -0.01005)
(-0.02999 0.06469 -0.01104)
(-0.04011 0.06840 -0.01584)
(-0.01939 0.04247 -0.00886)
(-0.00439 0.01208 -0.00231)
(-0.00281 0.00638 -0.00124)
(0.00025 0.00002 -0.00009)
(-0.00915 -0.00093 0.00253)
(-0.03151 -0.01123 0.01446)
(-0.03853 -0.00774 0.02200)
(-0.03499 -0.01555 0.02530)
(-0.02974 -0.01923 0.02943)
(-0.02782 -0.02519 0.02361)
(-0.02136 -0.03558 0.02305)
(-0.02905 -0.02468 0.02892)
(-0.02437 -0.03439 0.03059)
(-0.02420 -0.03546 0.03095)
(-0.01388 -0.03513 0.03670)
(-0.01139 -0.03767 0.03672)
(-0.01190 -0.03742 0.03745)
(-0.01698 -0.03399 0.03679)
(-0.02508 -0.02323 0.03242)
(-0.01417 -0.02981 0.02908)
(-0.01687 -0.02654 0.03079)
(-0.02133 -0.01702 0.03035)
(-0.02082 -0.00764 0.01615)
(-0.02291 -0.00311 0.01030)
(-0.01910 0.00330 -0.00486)
(-0.01959 0.00791 -0.01160)
(-0.02384 0.02042 -0.02689)
(-0.02153 0.03341 -0.04251)
(-0.02352 0.03530 -0.04666)
(-0.02998 0.03476 -0.05409)
(-0.04276 0.03556 -0.06165)
(-0.05674 0.04396 -0.07185)
(-0.06467 0.04500 -0.07176)
(-0.07346 0.05387 -0.06299)
(-0.08521 0.06157 -0.06375)
(-0.08767 0.06541 -0.06130)
(-0.08688 0.07882 -0.05218)
(-0.09223 0.07653 -0.03916)
(-0.09176 0.09196 -0.03812)
(-0.08505 0.08775 -0.02444)
(-0.08958 0.09985 -0.02153)
(-0.08113 0.09103 -0.02083)
(-0.08337 0.09861 -0.02107)
(-0.06763 0.08080 -0.01310)
(-0.06779 0.08333 -0.01504)
(-0.05784 0.08060 -0.01574)
(-0.05354 0.07907 -0.02335)
(-0.04174 0.07295 -0.02570)
(-0.03706 0.07170 -0.02224)
(-0.02816 0.06223 -0.01676)
(-0.00867 0.02182 -0.00617)
(0.00096 -0.00259 0.00090)
(-0.02269 0.04800 -0.01775)
(-0.00326 0.00015 0.00171)
(-0.01775 -0.00057 0.00766)
(-0.02125 0.00127 0.01502)
(-0.03191 -0.00136 0.01751)
(-0.03929 -0.00773 0.03059)
(-0.03114 -0.01623 0.02988)
(-0.02869 -0.01800 0.03093)
(-0.02831 -0.02030 0.03024)
(-0.02647 -0.02300 0.03048)
(-0.01820 -0.03141 0.03067)
(-0.01048 -0.03762 0.03632)
(-0.00956 -0.03708 0.03676)
(-0.01237 -0.03055 0.03403)
(-0.00985 -0.02355 0.02287)
(-0.00805 -0.01529 0.01866)
(-0.01402 -0.00349 0.00522)
(-0.01245 -0.00491 0.00505)
(-0.01342 0.01234 -0.00439)
(-0.01105 0.01306 -0.00741)
(-0.01333 0.01487 -0.01283)
(-0.02032 0.02460 -0.02685)
(-0.02031 0.03553 -0.04079)
(-0.02247 0.03746 -0.04408)
(-0.02509 0.03922 -0.04745)
(-0.03812 0.04224 -0.05504)
(-0.05544 0.04665 -0.06813)
(-0.05113 0.05673 -0.06049)
(-0.06302 0.05314 -0.06730)
(-0.07064 0.05652 -0.06588)
(-0.08075 0.07345 -0.06158)
(-0.08677 0.07893 -0.05992)
(-0.09213 0.10087 -0.05081)
(-0.09217 0.10166 -0.04628)
(-0.09088 0.10479 -0.04537)
(-0.09064 0.09866 -0.03332)
(-0.08367 0.10074 -0.02974)
(-0.08526 0.10140 -0.02353)
(-0.08348 0.10213 -0.02412)
(-0.08202 0.09923 -0.02145)
(-0.06800 0.09488 -0.02266)
(-0.06150 0.08479 -0.02316)
(-0.04888 0.07847 -0.02725)
(-0.04204 0.07549 -0.03415)
(-0.03634 0.07052 -0.03084)
(-0.03826 0.07153 -0.03491)
(-0.03186 0.06915 -0.03013)
(-0.01769 0.04214 -0.01925)
(-0.00111 0.00317 -0.00144)
(0.00040 -0.00116 0.00055)
(0.00103 -0.00014 -0.00081)
(-0.00154 0.00025 0.00129)
(-0.01149 0.00150 0.00931)
(-0.03168 0.00358 0.02608)
(-0.03656 -0.00028 0.03181)
(-0.03591 0.00447 0.03101)
(-0.03279 -0.00367 0.03072)
(-0.02976 -0.01531 0.03119)
(-0.02643 -0.02099 0.03112)
(-0.02635 -0.01894 0.03148)
(-0.02389 -0.02321 0.03113)
(-0.01370 -0.03154 0.03124)
(-0.01130 -0.02786 0.02381)
(-0.00768 -0.03764 0.03591)
(-0.00575 -0.03581 0.02867)
(-0.00396 -0.02592 0.01720)
(-0.00230 -0.01253 0.01760)
(-0.00640 -0.00604 0.00704)
(-0.00850 0.01255 -0.00753)
(-0.01038 0.01648 -0.01105)
(-0.00881 0.01657 -0.01103)
(-0.01000 0.01919 -0.01392)
(-0.01887 0.03824 -0.03939)
(-0.02100 0.03979 -0.04169)
(-0.02391 0.04171 -0.04430)
(-0.02964 0.04840 -0.04694)
(-0.04749 0.05974 -0.05651)
(-0.06148 0.06357 -0.06408)
(-0.06975 0.07818 -0.06373)
(-0.07288 0.08145 -0.06338)
(-0.07474 0.08418 -0.06312)
(-0.08957 0.10130 -0.05460)
(-0.08957 0.10589 -0.04874)
(-0.08919 0.10809 -0.04500)
(-0.08305 0.11266 -0.03927)
(-0.08453 0.10546 -0.02658)
(-0.08259 0.10632 -0.02713)
(-0.07380 0.10079 -0.02992)
(-0.05945 0.09120 -0.02825)
(-0.05769 0.09270 -0.03338)
(-0.05463 0.08074 -0.02822)
(-0.04276 0.07730 -0.03653)
(-0.04102 0.07500 -0.03653)
(-0.03889 0.07238 -0.03692)
(-0.03709 0.07033 -0.03715)
(-0.02255 0.05524 -0.02714)
(-0.00594 0.01672 -0.00826)
(-0.00234 0.00657 -0.00329)
(0.00236 -0.00676 0.00331)
(-0.00325 0.00091 0.00269)
(-0.01188 0.00210 0.01035)
(-0.02186 0.00348 0.01908)
(-0.01849 0.00364 0.01687)
(-0.03434 0.00520 0.03129)
(-0.03455 0.00400 0.03128)
(-0.02725 -0.00854 0.03366)
(-0.02642 -0.00150 0.03237)
(-0.02617 -0.01666 0.03168)
(-0.02336 -0.02040 0.03132)
(-0.01420 -0.02772 0.02381)
(0.00186 -0.03305 0.02041)
(-0.00771 -0.03312 0.02203)
(0.00027 -0.03131 0.01779)
(-0.00589 -0.02918 0.01259)
(-0.00440 -0.02164 0.01529)
(-0.00349 -0.01907 0.00483)
(-0.00102 -0.00958 0.00174)
(-0.00287 0.00529 -0.00257)
(-0.00718 0.01589 -0.01200)
(-0.00885 0.02020 -0.01395)
(-0.00792 0.02001 -0.01464)
(-0.01068 0.03276 -0.02420)
(-0.01751 0.04231 -0.03814)
(-0.02325 0.04806 -0.04038)
(-0.03075 0.05863 -0.04591)
(-0.04499 0.06638 -0.05018)
(-0.05987 0.07063 -0.05778)
(-0.06630 0.07919 -0.06075)
(-0.07040 0.08305 -0.06192)
(-0.07232 0.08623 -0.06207)
(-0.08169 0.10485 -0.05810)
(-0.08820 0.10727 -0.05130)
(-0.08545 0.11038 -0.04997)
(-0.08648 0.11119 -0.04733)
(-0.07566 0.11877 -0.04403)
(-0.07415 0.11994 -0.03589)
(-0.07159 0.12134 -0.03632)
(-0.07081 0.11160 -0.03533)
(-0.06477 0.11931 -0.04115)
(-0.05907 0.10815 -0.03701)
(-0.05778 0.10014 -0.03691)
(-0.05449 0.10883 -0.03917)
(-0.04904 0.08782 -0.03558)
(-0.04251 0.07800 -0.03772)
(-0.04089 0.07557 -0.03797)
(-0.03942 0.07367 -0.03860)
(-0.03820 0.07192 -0.03910)
(-0.03684 0.06979 -0.03904)
(-0.03308 0.06540 -0.03888)
(-0.02315 0.05502 -0.03181)
(-0.00864 0.02122 -0.01212)
(0.00095 -0.00263 0.00132)
(0.00013 -0.00003 -0.00015)
(-0.00177 0.00050 0.00227)
(-0.01134 0.00319 0.01396)
(-0.03019 0.00575 0.02845)
(-0.02796 0.00587 0.03074)
(-0.02833 0.00365 0.03124)
(-0.02180 0.00520 0.03247)
(-0.02388 -0.00042 0.02931)
(-0.02304 -0.00826 0.03261)
(-0.01426 -0.00689 0.02808)
(-0.01497 -0.00863 0.03046)
(-0.01671 -0.01650 0.03090)
(-0.00978 -0.01982 0.02190)
(0.00224 -0.03113 0.01831)
(0.00627 -0.03621 0.01721)
(0.00789 -0.02756 0.00375)
(0.00390 -0.02528 0.00225)
(0.00196 -0.01270 0.00197)
(0.00233 -0.00887 0.00001)
(0.00223 0.01056 -0.01336)
(-0.00040 0.01997 -0.01917)
(-0.00963 0.03453 -0.02902)
(-0.01070 0.03550 -0.02297)
(-0.01357 0.04112 -0.03111)
(-0.01831 0.05046 -0.03267)
(-0.02115 0.05365 -0.03814)
(-0.03533 0.06544 -0.04220)
(-0.04514 0.06957 -0.04701)
(-0.05697 0.07500 -0.05316)
(-0.05356 0.07643 -0.04881)
(-0.06161 0.08225 -0.05538)
(-0.07107 0.08646 -0.05949)
(-0.07060 0.08994 -0.06461)
(-0.07451 0.10191 -0.06332)
(-0.07790 0.11006 -0.05787)
(-0.06776 0.11638 -0.05576)
(-0.07702 0.12202 -0.05473)
(-0.06540 0.12274 -0.05337)
(-0.06498 0.13461 -0.04691)
(-0.06353 0.13517 -0.04682)
(-0.05854 0.12167 -0.04867)
(-0.05630 0.11578 -0.04101)
(-0.04979 0.10893 -0.04070)
(-0.04701 0.09851 -0.04016)
(-0.04755 0.09402 -0.04129)
(-0.04326 0.08149 -0.04022)
(-0.03669 0.07453 -0.04309)
(-0.03471 0.06681 -0.04074)
(-0.03231 0.06190 -0.03807)
(-0.02806 0.05849 -0.03873)
(-0.03230 0.06348 -0.03827)
(-0.02889 0.05642 -0.03815)
(-0.01291 0.02966 -0.01772)
(-0.00064 0.00178 -0.00096)
(0.00163 -0.00383 0.00203)
(-0.00042 0.00019 0.00138)
(-0.00447 0.00128 0.00656)
(-0.02519 0.00893 0.03234)
(-0.01638 0.00947 0.03027)
(-0.02012 0.00778 0.03207)
(-0.02141 0.00630 0.03202)
(-0.01983 0.00875 0.03166)
(-0.01528 -0.00256 0.02862)
(-0.01278 -0.00737 0.02757)
(-0.00571 -0.01308 0.01603)
(-0.00820 -0.01497 0.01956)
(-0.00229 -0.02356 0.01658)
(0.00368 -0.02643 0.00897)
(0.00839 -0.02602 -0.00417)
(0.01393 -0.00775 -0.02057)
(0.01332 -0.00293 -0.02402)
(0.00925 -0.00458 -0.01606)
(0.00624 0.00656 -0.02174)
(0.00407 0.01778 -0.02502)
(-0.00668 0.03282 -0.03182)
(-0.01399 0.04215 -0.03672)
(-0.01569 0.04902 -0.03395)
(-0.01821 0.05541 -0.03279)
(-0.03354 0.06376 -0.03851)
(-0.05199 0.07842 -0.04102)
(-0.05562 0.08089 -0.04224)
(-0.06051 0.08283 -0.05210)
(-0.06832 0.08961 -0.05477)
(-0.07483 0.10286 -0.05842)
(-0.07472 0.10564 -0.05943)
(-0.06268 0.11093 -0.05935)
(-0.05998 0.11660 -0.06061)
(-0.06459 0.11986 -0.05515)
(-0.06342 0.12499 -0.05777)
(-0.05918 0.12996 -0.04788)
(-0.05529 0.12586 -0.04970)
(-0.04735 0.12172 -0.05198)
(-0.04469 0.11350 -0.04796)
(-0.04305 0.10975 -0.04747)
(-0.04250 0.10476 -0.04218)
(-0.04335 0.09234 -0.04056)
(-0.03935 0.09678 -0.04173)
(-0.03730 0.08486 -0.04281)
(-0.03886 0.07665 -0.04146)
(-0.03857 0.07132 -0.03747)
(-0.03265 0.06489 -0.03755)
(-0.02908 0.06047 -0.03670)
(-0.02858 0.05422 -0.03857)
(-0.03407 0.06248 -0.03579)
(-0.01958 0.03918 -0.02357)
(-0.00335 0.00773 -0.00421)
(-0.00212 0.00429 -0.00159)
(0.00057 -0.00021 -0.00237)
(-0.00274 0.00140 0.00929)
(-0.00022 0.00009 0.00092)
(-0.00281 0.00145 0.01168)
(-0.00772 0.00517 0.02765)
(-0.01811 0.01001 0.03102)
(-0.00837 0.00726 0.02931)
(-0.01496 0.00631 0.03069)
(-0.01279 0.00229 0.02797)
(-0.01712 0.00498 0.02848)
(-0.01086 0.00129 0.02470)
(-0.00990 -0.00383 0.02508)
(-0.00560 -0.00704 0.02116)
(0.00416 -0.01689 0.00172)
(0.00638 -0.01972 -0.00212)
(0.00969 -0.02275 -0.00394)
(0.01136 -0.00845 -0.01778)
(0.01283 -0.00326 -0.02675)
(0.01188 0.00146 -0.02821)
(0.00775 0.01012 -0.03340)
(-0.00485 0.02744 -0.04044)
(-0.01324 0.03816 -0.03962)
(-0.03186 0.04784 -0.04948)
(-0.01653 0.04688 -0.03609)
(-0.02859 0.05733 -0.04126)
(-0.04257 0.06948 -0.04081)
(-0.05304 0.07854 -0.04097)
(-0.05595 0.08030 -0.04185)
(-0.05772 0.08277 -0.04278)
(-0.06513 0.09488 -0.04948)
(-0.07424 0.10219 -0.05676)
(-0.07465 0.10426 -0.05803)
(-0.06581 0.10669 -0.05973)
(-0.06218 0.11412 -0.06356)
(-0.05514 0.12227 -0.06148)
(-0.04485 0.12151 -0.06116)
(-0.04407 0.12234 -0.06078)
(-0.04541 0.12261 -0.05506)
(-0.03966 0.11325 -0.05107)
(-0.04247 0.11262 -0.04944)
(-0.04095 0.10917 -0.04876)
(-0.04148 0.10653 -0.04676)
(-0.03823 0.10099 -0.04215)
(-0.03890 0.08851 -0.03628)
(-0.04119 0.07791 -0.03352)
(-0.03938 0.07568 -0.03350)
(-0.03733 0.07025 -0.03180)
(-0.03520 0.07059 -0.02941)
(-0.03140 0.06493 -0.03194)
(-0.03577 0.06760 -0.03034)
(-0.02660 0.05234 -0.02022)
(-0.00515 0.01034 -0.00367)
(0.00043 -0.00016 -0.00234)
(-0.00078 0.00034 0.00426)
(-0.00542 0.00348 0.02490)
(-0.00351 0.00218 0.01994)
(-0.00452 0.00315 0.02624)
(-0.00412 0.00518 0.02857)
(-0.00727 0.00578 0.02907)
(-0.00532 0.00333 0.02632)
(-0.00008 -0.00141 0.02207)
(-0.00009 -0.00264 0.02081)
(0.00025 -0.00696 0.01961)
(0.00388 -0.01550 0.00159)
(0.00569 -0.01686 -0.00220)
(0.00717 -0.01798 -0.00683)
(0.00737 -0.01955 -0.00661)
(0.00517 -0.01209 -0.01902)
(0.01286 -0.00470 -0.02745)
(0.01180 -0.00034 -0.03231)
(0.00147 0.00722 -0.04366)
(0.00996 0.00586 -0.03232)
(-0.00835 0.02632 -0.04518)
(-0.01121 0.02957 -0.04579)
(-0.03268 0.04672 -0.05228)
(-0.03436 0.05091 -0.04816)
(-0.03656 0.05298 -0.04748)
(-0.05483 0.07853 -0.04126)
(-0.05666 0.07909 -0.04183)
(-0.05827 0.08210 -0.04221)
(-0.06023 0.08387 -0.04218)
(-0.06376 0.09241 -0.04780)
(-0.06374 0.09712 -0.04645)
(-0.06481 0.10652 -0.06306)
(-0.05656 0.10438 -0.06184)
(-0.05393 0.11723 -0.05965)
(-0.04505 0.11946 -0.06332)
(-0.04328 0.11866 -0.06411)
(-0.04204 0.12000 -0.06263)
(-0.03715 0.11328 -0.06052)
(-0.04048 0.11136 -0.05117)
(-0.03901 0.10823 -0.05033)
(-0.03944 0.10579 -0.04759)
(-0.03562 0.09881 -0.04077)
(-0.03709 0.08945 -0.03230)
(-0.03798 0.08831 -0.03203)
(-0.03775 0.08335 -0.02491)
(-0.03544 0.07965 -0.02320)
(-0.03558 0.07823 -0.02385)
(-0.03579 0.07982 -0.02212)
(-0.03596 0.07857 -0.02280)
(-0.03597 0.07738 -0.02337)
(-0.03681 0.06979 -0.02902)
(-0.03619 0.07053 -0.02578)
(-0.03405 0.06673 -0.02215)
(-0.00850 0.01682 -0.00550)
(0.00255 -0.00509 0.00165)
(0.00013 -0.00006 -0.00094)
(-0.00103 0.00058 0.00750)
(-0.00110 0.00496 0.02614)
(-0.00432 0.00706 0.02967)
(-0.00172 0.00568 0.03141)
(-0.00192 0.00599 0.02843)
(-0.00043 0.00328 0.02672)
(0.00071 -0.00051 0.02231)
(0.00071 -0.00196 0.02081)
(0.00165 -0.00256 0.01699)
(0.00240 -0.00498 0.00976)
(0.00556 -0.01574 -0.00185)
(0.00710 -0.01693 -0.00633)
(0.00979 -0.02045 -0.01758)
(0.00831 -0.01896 -0.01284)
(0.00640 -0.01677 -0.03570)
(0.00692 -0.00706 -0.03898)
(-0.00053 0.00251 -0.04855)
(-0.00979 0.01701 -0.05708)
(-0.01575 0.03149 -0.05625)
(-0.02804 0.03749 -0.05636)
(-0.03560 0.04933 -0.05059)
(-0.03569 0.04645 -0.05299)
(-0.03815 0.05150 -0.04932)
(-0.05064 0.06510 -0.04638)
(-0.05839 0.06748 -0.04180)
(-0.05878 0.08061 -0.04197)
(-0.06410 0.08425 -0.04364)
(-0.07268 0.08908 -0.04439)
(-0.07173 0.09305 -0.04297)
(-0.05650 0.09898 -0.05143)
(-0.05297 0.10003 -0.05501)
(-0.05391 0.10867 -0.06187)
(-0.05093 0.11568 -0.06488)
(-0.04323 0.11681 -0.06652)
(-0.04134 0.11773 -0.06464)
(-0.04026 0.11052 -0.06277)
(-0.03651 0.11004 -0.05872)
(-0.03907 0.10451 -0.05273)
(-0.03323 0.09889 -0.04292)
(-0.03060 0.09167 -0.03446)
(-0.03303 0.09045 -0.03017)
(-0.03499 0.08383 -0.02930)
(-0.03477 0.08779 -0.02598)
(-0.03396 0.08307 -0.02382)
(-0.03556 0.08124 -0.02095)
(-0.03641 0.08013 -0.02147)
(-0.03345 0.07720 -0.02125)
(-0.04049 0.07588 -0.02190)
(-0.03748 0.07314 -0.02439)
(-0.03927 0.07629 -0.02330)
(-0.01219 0.02387 -0.00702)
(0.00054 -0.00106 0.00031)
(0.00000 0.00002 0.00048)
(-0.00036 0.00141 0.01323)
(0.00037 0.00068 0.01023)
(-0.00139 0.00378 0.02972)
(-0.00167 0.00439 0.03128)
(-0.00096 0.00733 0.03132)
(-0.00091 0.00601 0.03055)
(0.00172 0.00534 0.02699)
(-0.00022 0.00258 0.02580)
(0.00148 -0.00111 0.02114)
(-0.00031 -0.00158 0.01782)
(0.00351 -0.00485 0.00853)
(0.00704 -0.01249 -0.00542)
(0.00808 -0.01675 -0.01529)
(0.00519 -0.01479 -0.03761)
(0.01012 -0.01961 -0.05697)
(-0.00088 -0.01064 -0.05027)
(-0.01111 0.01410 -0.05588)
(-0.01440 0.00085 -0.05716)
(-0.02759 0.02629 -0.05982)
(-0.03371 0.02721 -0.05610)
(-0.04103 0.03620 -0.05326)
(-0.03834 0.04828 -0.05128)
(-0.05205 0.05710 -0.04537)
(-0.05801 0.05466 -0.04258)
(-0.05965 0.07079 -0.03845)
(-0.06980 0.07654 -0.03918)
(-0.07118 0.08367 -0.04241)
(-0.07495 0.08747 -0.04138)
(-0.06739 0.09744 -0.04958)
(-0.07522 0.10213 -0.05968)
(-0.06145 0.10710 -0.06706)
(-0.06206 0.10727 -0.07122)
(-0.05957 0.10590 -0.07768)
(-0.05094 0.11087 -0.07153)
(-0.04746 0.10700 -0.06670)
(-0.03365 0.10315 -0.06255)
(-0.03432 0.10157 -0.06037)
(-0.03766 0.09800 -0.04417)
(-0.03428 0.09144 -0.03497)
(-0.03345 0.08872 -0.02862)
(-0.03196 0.08835 -0.02375)
(-0.03596 0.08296 -0.01899)
(-0.03179 0.08526 -0.02306)
(-0.03678 0.08291 -0.01987)
(-0.03085 0.08541 -0.02306)
(-0.03594 0.08144 -0.02115)
(-0.03852 0.08166 -0.02175)
(-0.04178 0.08570 -0.02289)
(-0.03826 0.08052 -0.02593)
(-0.01735 0.03146 -0.01042)
(-0.00142 0.00238 -0.00058)
(0.00004 0.00010 0.00206)
(-0.00056 0.00184 0.01910)
(-0.00009 0.00373 0.03115)
(-0.00069 0.00779 0.03270)
(-0.00122 0.00944 0.03264)
(-0.00095 0.00882 0.02941)
(-0.00072 0.00637 0.02510)
(-0.00020 0.00516 0.02568)
(-0.00035 0.00420 0.02244)
(0.00257 -0.00014 0.01682)
(0.00617 -0.00912 0.00099)
(0.00839 -0.01555 -0.00868)
(0.00534 -0.01875 -0.02584)
(0.00377 -0.01634 -0.01910)
(0.00603 -0.01565 -0.04428)
(-0.00208 -0.01141 -0.04581)
(-0.01967 -0.00135 -0.04992)
(-0.02299 0.00754 -0.05534)
(-0.03327 0.01531 -0.05779)
(-0.03910 0.02356 -0.05486)
(-0.05156 0.03997 -0.04857)
(-0.05962 0.05031 -0.04510)
(-0.06038 0.05281 -0.04191)
(-0.06602 0.06136 -0.04120)
(-0.07039 0.07070 -0.03832)
(-0.07474 0.07150 -0.03989)
(-0.07805 0.07640 -0.04231)
(-0.07400 0.09001 -0.05191)
(-0.08701 0.09658 -0.06408)
(-0.07075 0.10137 -0.06831)
(-0.06491 0.10214 -0.07328)
(-0.06731 0.10246 -0.07978)
(-0.05580 0.10404 -0.07548)
(-0.05816 0.10200 -0.07115)
(-0.03528 0.10246 -0.06245)
(-0.04021 0.10023 -0.05514)
(-0.03730 0.09772 -0.04386)
(-0.03705 0.09387 -0.03520)
(-0.03261 0.09008 -0.03192)
(-0.02902 0.08860 -0.02401)
(-0.03306 0.09055 -0.02211)
(-0.03423 0.09051 -0.01814)
(-0.02732 0.08902 -0.02046)
(-0.03050 0.08627 -0.02187)
(-0.03006 0.08639 -0.02310)
(-0.03731 0.08566 -0.02233)
(-0.04051 0.08567 -0.02137)
(-0.04292 0.08260 -0.02244)
(-0.03237 0.05415 -0.01797)
(-0.01500 0.02666 -0.00876)
(-0.00231 0.00400 -0.00126)
(0.00018 0.00010 -0.00138)
(-0.00054 -0.00005 0.00510)
(-0.00179 0.00028 0.01802)
(-0.00315 0.00434 0.03283)
(-0.00200 0.00819 0.03432)
(-0.00222 0.00934 0.03455)
(-0.00148 0.00766 0.03063)
(-0.00210 0.01022 0.03460)
(0.00012 0.00705 0.02726)
(-0.00025 0.00574 0.02408)
(0.00050 0.00373 0.02177)
(0.00329 0.00015 0.01592)
(0.00391 -0.00513 0.00458)
(0.00539 -0.00875 0.00021)
(0.00241 -0.01374 -0.01253)
(0.00272 -0.01773 -0.02665)
(0.00230 -0.01569 -0.01855)
(-0.00227 -0.01362 -0.03551)
(-0.02022 -0.00293 -0.04683)
(-0.02379 0.00202 -0.04925)
(-0.02701 0.00415 -0.04909)
(-0.03456 0.01188 -0.05077)
(-0.05215 0.03591 -0.04804)
(-0.06037 0.04208 -0.04222)
(-0.06298 0.04045 -0.03667)
(-0.06132 0.04278 -0.03701)
(-0.06666 0.05335 -0.03909)
(-0.06989 0.06075 -0.03603)
(-0.07404 0.06064 -0.03898)
(-0.07546 0.06295 -0.03998)
(-0.07320 0.08181 -0.05068)
(-0.08869 0.09452 -0.06387)
(-0.08690 0.09783 -0.06803)
(-0.08174 0.09963 -0.07533)
(-0.07827 0.09775 -0.07616)
(-0.07378 0.10443 -0.07878)
(-0.06637 0.09774 -0.06580)
(-0.05649 0.10009 -0.06588)
(-0.05311 0.09325 -0.05544)
(-0.03935 0.09531 -0.03892)
(-0.03920 0.09509 -0.03547)
(-0.03671 0.09438 -0.03237)
(-0.03579 0.09575 -0.03048)
(-0.02766 0.08803 -0.02077)
(-0.02570 0.09059 -0.02203)
(-0.02977 0.08732 -0.02285)
(-0.03130 0.08542 -0.03079)
(-0.02965 0.08472 -0.02773)
(-0.03565 0.08791 -0.02445)
(-0.03869 0.08348 -0.02891)
(-0.03865 0.08502 -0.02748)
(-0.04297 0.07593 -0.02861)
(-0.03253 0.04997 -0.01744)
(-0.00364 0.00532 -0.00175)
(-0.00360 0.00500 -0.00186)
(-0.00082 -0.00058 0.00402)
(-0.00454 -0.00200 0.02470)
(-0.00301 0.00813 0.03522)
(-0.00284 0.00876 0.03519)
(-0.00263 0.00958 0.03513)
(-0.00235 0.01072 0.03521)
(0.00020 0.00903 0.03011)
(0.00132 0.00758 0.02889)
(0.00047 0.00473 0.02291)
(0.00335 0.00178 0.02092)
(0.00621 -0.00521 0.00525)
(0.00400 -0.01387 -0.01149)
(0.00269 -0.01410 -0.01367)
(0.00060 -0.01583 -0.02042)
(-0.00944 -0.00961 -0.02304)
(-0.02351 -0.00037 -0.04608)
(-0.02266 -0.00166 -0.04217)
(-0.02658 0.00187 -0.04572)
(-0.03494 0.00650 -0.04126)
(-0.04666 0.01614 -0.03923)
(-0.04655 0.01835 -0.04224)
(-0.05253 0.02502 -0.04109)
(-0.05534 0.02344 -0.03529)
(-0.05711 0.02560 -0.03379)
(-0.06921 0.04395 -0.03575)
(-0.07410 0.05730 -0.03827)
(-0.07524 0.05933 -0.03986)
(-0.07644 0.06439 -0.04186)
(-0.07962 0.07693 -0.05526)
(-0.08973 0.09586 -0.06733)
(-0.09269 0.09835 -0.06943)
(-0.08928 0.09709 -0.07614)
(-0.08325 0.10019 -0.07737)
(-0.07235 0.09825 -0.06570)
(-0.06656 0.09733 -0.06275)
(-0.06671 0.09722 -0.05983)
(-0.04239 0.09603 -0.03825)
(-0.04130 0.09642 -0.03595)
(-0.03792 0.09584 -0.03334)
(-0.03535 0.09713 -0.03239)
(-0.02826 0.09482 -0.02424)
(-0.02972 0.09857 -0.03317)
(-0.03675 0.09366 -0.04077)
(-0.03717 0.09316 -0.04139)
(-0.03332 0.08541 -0.03417)
(-0.03569 0.08571 -0.03264)
(-0.03732 0.08556 -0.03146)
(-0.04621 0.07306 -0.02983)
(-0.03735 0.05515 -0.02165)
(-0.02118 0.03031 -0.01161)
(-0.03877 0.05443 -0.02312)
(-0.00591 0.00776 -0.00312)
(-0.00023 -0.00018 0.00101)
(-0.00180 -0.00125 0.00792)
(-0.00128 -0.00092 0.00517)
(-0.00454 -0.00260 0.01970)
(-0.00616 0.00033 0.03296)
(-0.00545 0.00425 0.03466)
(-0.00373 0.00946 0.03634)
(-0.00406 0.01061 0.03719)
(-0.00305 0.01000 0.03578)
(-0.00050 0.00866 0.03726)
(-0.00077 0.01215 0.03642)
(0.00192 0.01025 0.03247)
(0.00553 0.00501 0.02927)
(0.00479 0.00289 0.02276)
(0.00714 -0.00466 0.01902)
(0.00732 -0.00827 0.00014)
(0.00333 -0.01223 -0.00952)
(0.00102 -0.01414 -0.01567)
(-0.00246 -0.01350 -0.01845)
(-0.02024 0.00143 -0.01647)
(-0.02535 0.00033 -0.04182)
(-0.03750 0.00468 -0.03080)
(-0.04852 0.01271 -0.02698)
(-0.05140 0.01761 -0.03404)
(-0.05618 0.01993 -0.03490)
(-0.05598 0.02313 -0.03315)
(-0.06583 0.03368 -0.03329)
(-0.07001 0.04614 -0.03627)
(-0.07346 0.05462 -0.03959)
(-0.07705 0.06178 -0.04270)
(-0.08892 0.07490 -0.05501)
(-0.09229 0.09015 -0.06551)
(-0.09618 0.09335 -0.06952)
(-0.09903 0.09516 -0.07385)
(-0.09116 0.09893 -0.07775)
(-0.08137 0.10151 -0.06970)
(-0.07116 0.09780 -0.06231)
(-0.06989 0.09813 -0.05886)
(-0.05912 0.10149 -0.04469)
(-0.04630 0.10093 -0.03763)
(-0.03886 0.09730 -0.03456)
(-0.03860 0.10135 -0.03555)
(-0.02853 0.09901 -0.03325)
(-0.02969 0.10585 -0.04134)
(-0.03303 0.10069 -0.03988)
(-0.03489 0.09717 -0.04542)
(-0.03543 0.09501 -0.04519)
(-0.03673 0.08929 -0.04166)
(-0.04145 0.07890 -0.03508)
(-0.04652 0.07184 -0.03242)
(-0.04877 0.07086 -0.03292)
(-0.05090 0.06942 -0.03166)
(-0.03563 0.04678 -0.02059)
(-0.00672 0.00759 -0.00345)
(0.00554 -0.00610 0.00268)
(-0.00016 -0.00016 0.00047)
(-0.00194 -0.00188 0.00587)
(-0.00732 -0.00283 0.03234)
(-0.00570 -0.00374 0.01874)
(-0.01018 -0.00254 0.03455)
(-0.00714 0.00297 0.03635)
(-0.00731 0.00600 0.03868)
(-0.00788 0.00600 0.04180)
(-0.00565 0.00654 0.04232)
(-0.00248 0.00944 0.04092)
(0.00166 0.01359 0.03758)
(0.00379 0.00853 0.03765)
(0.00775 0.00040 0.03134)
(0.00616 -0.00092 0.02937)
(0.00501 -0.00437 0.01979)
(0.00501 -0.00587 0.01861)
(-0.00384 -0.00149 0.00996)
(0.00171 -0.01210 -0.01140)
(-0.00531 -0.00734 -0.00908)
(-0.01689 0.00111 -0.00702)
(-0.02646 0.00495 -0.01640)
(-0.03640 0.00827 -0.01859)
(-0.04283 0.01253 -0.01883)
(-0.05036 0.01382 -0.02721)
(-0.05225 0.01464 -0.02289)
(-0.06286 0.02330 -0.02075)
(-0.06538 0.03159 -0.02632)
(-0.07174 0.03873 -0.03124)
(-0.06954 0.03870 -0.03289)
(-0.08372 0.05735 -0.04385)
(-0.09029 0.07049 -0.05462)
(-0.09188 0.08015 -0.06391)
(-0.10413 0.09366 -0.06586)
(-0.10461 0.09731 -0.06931)
(-0.10202 0.09915 -0.07269)
(-0.09996 0.10313 -0.06645)
(-0.07472 0.09840 -0.06177)
(-0.07877 0.10409 -0.05472)
(-0.06979 0.10891 -0.04982)
(-0.06574 0.10893 -0.04242)
(-0.05684 0.11202 -0.04350)
(-0.05067 0.11204 -0.04397)
(-0.03101 0.10924 -0.04415)
(-0.03060 0.10597 -0.04697)
(-0.03334 0.10379 -0.04560)
(-0.03551 0.10138 -0.05336)
(-0.03543 0.09319 -0.05183)
(-0.04522 0.08621 -0.05350)
(-0.04830 0.08517 -0.04764)
(-0.05345 0.08332 -0.05480)
(-0.06035 0.07366 -0.04700)
(-0.05538 0.06249 -0.03800)
(-0.03512 0.03809 -0.02269)
(-0.01073 0.01087 -0.00604)
(0.00471 -0.00414 0.00154)
(-0.00127 -0.00140 0.00320)
(-0.00695 -0.00674 0.01848)
(-0.01391 -0.00409 0.03623)
(-0.01319 0.00291 0.04018)
(-0.01162 0.00716 0.04296)
(-0.01010 0.00372 0.04302)
(-0.01014 0.00171 0.04664)
(-0.00627 0.00575 0.04313)
(-0.00479 0.00491 0.04600)
(-0.00320 0.00267 0.04629)
(-0.00168 0.00806 0.04254)
(0.00420 0.00670 0.04193)
(0.00620 0.00087 0.03953)
(0.00464 0.00060 0.04578)
(0.00557 0.00039 0.04385)
(0.00508 -0.00272 0.02323)
(0.00587 0.00312 0.04414)
(0.00512 -0.00286 0.02465)
(-0.00404 0.00636 0.02760)
(-0.01154 0.00471 0.00965)
(-0.01928 0.00598 0.00294)
(-0.01964 0.00221 -0.00889)
(-0.03697 0.01040 -0.00596)
(-0.04754 0.01940 0.00247)
(-0.05120 0.01551 -0.01667)
(-0.05220 0.01667 -0.01719)
(-0.06470 0.02464 -0.01397)
(-0.06436 0.02711 -0.01728)
(-0.06684 0.03057 -0.02586)
(-0.07096 0.03896 -0.03183)
(-0.08176 0.05383 -0.03966)
(-0.08576 0.06411 -0.04713)
(-0.09550 0.07721 -0.06257)
(-0.10200 0.08736 -0.06131)
(-0.11692 0.10353 -0.06315)
(-0.10570 0.10171 -0.06935)
(-0.10592 0.10358 -0.06283)
(-0.10651 0.11204 -0.06116)
(-0.10659 0.11907 -0.05481)
(-0.08663 0.11495 -0.04849)
(-0.06942 0.11257 -0.04306)
(-0.06838 0.12324 -0.05334)
(-0.05514 0.12163 -0.04796)
(-0.05662 0.12812 -0.05930)
(-0.04284 0.11586 -0.05392)
(-0.03818 0.11204 -0.05607)
(-0.04360 0.11370 -0.07063)
(-0.04356 0.11073 -0.07044)
(-0.04305 0.10335 -0.06959)
(-0.04695 0.10991 -0.07224)
(-0.04974 0.09504 -0.06488)
(-0.06378 0.08259 -0.05674)
(-0.06462 0.08096 -0.05463)
(-0.06809 0.07251 -0.04146)
(-0.02347 0.02280 -0.01196)
(-0.00437 0.00365 -0.00141)
(0.00170 -0.00140 0.00053)
(-0.00026 -0.00028 0.00061)
(-0.00400 -0.00422 0.00973)
(-0.01008 -0.00967 0.02608)
(-0.01468 -0.00699 0.03520)
(-0.01640 -0.00324 0.03961)
(-0.01445 -0.00375 0.04074)
(-0.01337 -0.00014 0.04462)
(-0.01111 -0.00046 0.05051)
(-0.00935 0.00036 0.05058)
(-0.00861 -0.00085 0.05154)
(-0.00007 0.00299 0.04736)
(0.00417 -0.00044 0.04790)
(0.00480 0.00013 0.04642)
(0.00482 0.00071 0.04717)
(-0.00009 0.00602 0.04018)
(-0.00985 0.01357 0.03945)
(-0.01329 0.01371 0.02365)
(-0.02532 0.01978 0.02426)
(-0.02578 0.01286 0.00982)
(-0.03371 0.02432 0.02309)
(-0.03783 0.01990 0.00779)
(-0.04893 0.02185 0.00667)
(-0.04974 0.01986 0.00228)
(-0.05064 0.01949 -0.00102)
(-0.06022 0.02195 -0.01107)
(-0.06604 0.02598 -0.01441)
(-0.06750 0.02920 -0.01796)
(-0.07241 0.03863 -0.02029)
(-0.07923 0.05120 -0.03625)
(-0.08464 0.06362 -0.03967)
(-0.09245 0.07374 -0.05246)
(-0.10749 0.08965 -0.06023)
(-0.11656 0.10402 -0.06125)
(-0.11852 0.10637 -0.06251)
(-0.11251 0.10988 -0.05913)
(-0.11447 0.11931 -0.05991)
(-0.10810 0.11681 -0.05825)
(-0.09483 0.11785 -0.05279)
(-0.07958 0.12297 -0.05184)
(-0.07002 0.13126 -0.05680)
(-0.06477 0.13018 -0.05813)
(-0.06408 0.13181 -0.06083)
(-0.05695 0.12373 -0.06086)
(-0.05096 0.11713 -0.07190)
(-0.04852 0.11326 -0.07364)
(-0.05057 0.10701 -0.07311)
(-0.05911 0.09858 -0.06462)
(-0.07670 0.10320 -0.06099)
(-0.07726 0.09517 -0.05681)
(-0.07873 0.09069 -0.05289)
(-0.07962 0.08449 -0.04048)
(-0.02872 0.02674 -0.01322)
(-0.00212 0.00195 -0.00097)
(-0.00029 -0.00019 0.00043)
(-0.00871 -0.00535 0.01314)
(-0.02018 -0.01095 0.03209)
(-0.02584 -0.00982 0.04096)
(-0.02266 -0.00783 0.03972)
(-0.01632 -0.00484 0.04316)
(-0.01548 -0.00608 0.04566)
(-0.01578 -0.00352 0.04408)
(-0.01217 -0.00250 0.05087)
(-0.01055 -0.00181 0.05139)
(-0.01188 -0.00357 0.05193)
(-0.00978 -0.00287 0.05246)
(-0.00798 -0.00200 0.05278)
(-0.00094 -0.00252 0.05375)
(0.00397 -0.00053 0.04878)
(0.00349 0.00029 0.04981)
(-0.00724 0.00953 0.04454)
(-0.01186 0.01311 0.04535)
(-0.02333 0.02020 0.03535)
(-0.03308 0.02899 0.03591)
(-0.03716 0.03054 0.03488)
(-0.04030 0.02245 0.01744)
(-0.05118 0.02448 0.01079)
(-0.05109 0.02215 0.00657)
(-0.05264 0.02180 0.00641)
(-0.06221 0.02353 -0.00215)
(-0.06616 0.02557 -0.01157)
(-0.06979 0.03036 -0.01115)
(-0.07583 0.04345 -0.02792)
(-0.08825 0.06929 -0.04108)
(-0.10031 0.08265 -0.04509)
(-0.11831 0.10716 -0.06084)
(-0.11022 0.11318 -0.05669)
(-0.10966 0.11895 -0.05725)
(-0.09130 0.12675 -0.05324)
(-0.06867 0.13263 -0.05940)
(-0.06442 0.13401 -0.06361)
(-0.04997 0.11709 -0.07501)
(-0.07560 0.11524 -0.07007)
(-0.03741 0.03593 -0.01529)
(-0.00154 -0.00105 0.00196)
(-0.01511 -0.00766 0.02099)
(-0.02988 -0.01036 0.04334)
(-0.02423 -0.01075 0.03158)
(-0.03106 -0.01084 0.04382)
(-0.02969 -0.00993 0.04478)
(-0.02225 -0.00954 0.04706)
(-0.01351 -0.00423 0.05119)
(-0.01364 -0.00507 0.05242)
(-0.01112 -0.00440 0.05316)
(-0.00915 -0.00646 0.05513)
(-0.00788 -0.00139 0.05930)
(-0.00582 -0.00294 0.06118)
(-0.00189 0.00096 0.05556)
(-0.01210 0.01067 0.06024)
(-0.00924 0.01118 0.05246)
(-0.01546 0.01704 0.05665)
(-0.02515 0.02235 0.04400)
(-0.02656 0.02683 0.05695)
(-0.03481 0.03051 0.03963)
(-0.03925 0.03221 0.03790)
(-0.04388 0.03065 0.03175)
(-0.05538 0.03098 0.02201)
(-0.05471 0.02599 0.01263)
(-0.05478 0.02369 0.01010)
(-0.06402 0.02229 -0.00152)
(0.00277 0.00176 -0.00285)
(-0.00857 -0.00452 0.00895)
(-0.03320 -0.01431 0.03539)
(-0.03162 -0.01242 0.03918)
(-0.03061 -0.01212 0.04291)
(-0.02968 -0.01019 0.04453)
(-0.02434 -0.01103 0.04728)
(-0.02470 -0.01088 0.04933)
(-0.02586 -0.01181 0.04902)
(-0.01998 -0.00974 0.05444)
(-0.01578 -0.01144 0.05705)
(-0.01602 -0.00895 0.05858)
(-0.00740 -0.00628 0.06324)
(-0.00560 -0.00704 0.06449)
(-0.00917 0.00467 0.06061)
(-0.01380 0.01202 0.06290)
(-0.02030 0.02123 0.06012)
(-0.03212 0.02788 0.05684)
(-0.03847 0.03268 0.04437)
(-0.05280 0.03716 0.03688)
(-0.06190 0.03632 0.03038)
(0.00289 0.00157 -0.00276)
(-0.00207 -0.00110 0.00197)
(-0.01493 -0.00750 0.01375)
(-0.03492 -0.01394 0.03815)
(-0.03460 -0.01397 0.03939)
(-0.03631 -0.01392 0.04356)
(-0.03113 -0.01337 0.04910)
(-0.02708 -0.01272 0.05360)
(-0.02277 -0.01254 0.05656)
(-0.01803 -0.00873 0.05712)
(-0.01165 -0.00660 0.06235)
(-0.01260 -0.00286 0.06281)
(-0.01657 0.00396 0.06294)
(-0.02609 0.01524 0.06366)
(-0.02221 0.01834 0.06183)
(-0.03300 0.02531 0.06273)
(-0.03920 0.03344 0.05419)
(-0.00071 -0.00036 0.00061)
(-0.01965 -0.00769 0.01827)
(-0.02919 -0.01074 0.02998)
(-0.03714 -0.01375 0.03902)
(-0.03625 -0.01395 0.04055)
(-0.03741 -0.01396 0.04146)
(-0.03840 -0.01272 0.04549)
(-0.03595 -0.01245 0.05038)
(-0.02940 -0.01258 0.05296)
(-0.03324 -0.01110 0.05233)
(-0.02868 -0.00861 0.05644)
(-0.02772 -0.00582 0.05743)
(-0.02180 -0.00661 0.05966)
(-0.02875 -0.00396 0.05968)
(-0.02415 -0.00151 0.06214)
(-0.02269 0.00695 0.06397)
(-0.00197 -0.00102 0.00162)
(-0.02741 -0.01147 0.02607)
(-0.03880 -0.01363 0.03996)
(-0.04165 -0.01533 0.03803)
(-0.03838 -0.01429 0.03991)
(-0.03786 -0.01341 0.04188)
(-0.04144 -0.01098 0.04865)
(-0.03444 -0.01099 0.05205)
(-0.03161 -0.00792 0.05831)
(-0.03089 -0.00487 0.05898)
(0.00044 0.00020 -0.00035)
(-0.01355 -0.00547 0.01039)
(-0.03481 -0.01135 0.02864)
(-0.07113 0.03520 -0.01235)
(-0.08486 0.06338 -0.03638)
(-0.11609 0.10515 -0.05908)
(-0.11964 0.11217 -0.05909)
(-0.09772 0.12037 -0.05269)
(-0.07809 0.13455 -0.05805)
(-0.06735 0.13426 -0.06212)
(-0.06282 0.13098 -0.07241)
(-0.07140 0.12759 -0.06632)
(-0.08663 0.11436 -0.06805)
(-0.08047 0.10348 -0.05939)
(-0.08910 0.09159 -0.04410)
(-0.08888 0.08953 -0.04157)
(-0.08829 0.08701 -0.03886)
(-0.00845 0.00803 -0.00335)
(-0.06390 0.02476 0.00822)
(-0.06645 0.02678 -0.00396)
(-0.06866 0.03160 -0.00837)
(-0.07584 0.04010 -0.01949)
(-0.08555 0.06098 -0.03123)
(-0.08815 0.06939 -0.03782)
(-0.09755 0.08615 -0.04066)
(-0.10805 0.10132 -0.04527)
(-0.11762 0.10819 -0.05890)
(-0.11596 0.10988 -0.05279)
(-0.11230 0.11598 -0.05655)
(-0.11005 0.12087 -0.05517)
(-0.09889 0.12044 -0.05326)
(-0.09653 0.12236 -0.05252)
(-0.08743 0.13423 -0.05761)
(-0.07139 0.13466 -0.06006)
(-0.06947 0.13630 -0.06283)
(-0.06678 0.13949 -0.06804)
(-0.07152 0.15033 -0.07259)
(-0.06725 0.13368 -0.07301)
(-0.08667 0.13840 -0.06942)
(-0.09391 0.13060 -0.06678)
(-0.10182 0.12874 -0.06239)
(-0.09483 0.10864 -0.05255)
(-0.09233 0.09409 -0.04227)
(-0.09104 0.09025 -0.03818)
(-0.03496 0.03406 -0.01379)
(-0.00348 0.00337 -0.00134)
(-0.07088 0.04022 0.02921)
(-0.06686 0.03104 0.01631)
(-0.06711 0.02861 0.01451)
(-0.06822 0.02240 0.00958)
(-0.07005 0.02804 0.00654)
(-0.07217 0.02944 -0.00746)
(-0.07385 0.03766 -0.01317)
(-0.08258 0.05347 -0.01769)
(-0.08728 0.06860 -0.03408)
(-0.09003 0.07114 -0.02158)
(-0.09401 0.08333 -0.03606)
(-0.10131 0.10345 -0.03922)
(-0.11062 0.10672 -0.04868)
(-0.11423 0.11118 -0.05098)
(-0.11538 0.11749 -0.05395)
(-0.10920 0.12231 -0.05452)
(-0.10464 0.11934 -0.05493)
(-0.09679 0.12566 -0.05295)
(-0.09176 0.13637 -0.05519)
(-0.08019 0.13474 -0.05996)
(-0.07874 0.14509 -0.06386)
(-0.08264 0.15297 -0.06778)
(-0.07349 0.15932 -0.07955)
(-0.08709 0.15754 -0.07052)
(-0.09710 0.14973 -0.06811)
(-0.10329 0.13887 -0.06467)
(-0.11244 0.15229 -0.05976)
(-0.11499 0.13584 -0.05450)
(-0.10531 0.12495 -0.05345)
(-0.11758 0.13322 -0.04617)
(-0.09583 0.10006 -0.04437)
(-0.09342 0.09303 -0.03610)
(-0.04612 0.04634 -0.01687)
(-0.01083 0.01069 -0.00345)
(0.00414 -0.00410 0.00131)
(-0.05082 0.03819 0.05275)
(-0.05695 0.04037 0.04375)
(-0.06395 0.03942 0.03585)
(-0.07009 0.03915 0.02977)
(-0.07064 0.03471 0.02086)
(-0.07674 0.03194 0.01629)
(-0.07084 0.02510 0.00610)
(-0.07408 0.02934 0.00246)
(-0.07759 0.03531 -0.00209)
(-0.07894 0.03928 -0.00474)
(-0.08020 0.05149 -0.00911)
(-0.08984 0.06759 -0.01682)
(-0.09070 0.07849 -0.02457)
(-0.09473 0.08600 -0.02900)
(-0.10195 0.10407 -0.03987)
(-0.10277 0.10676 -0.04391)
(-0.10491 0.10791 -0.04532)
(-0.11041 0.11781 -0.05060)
(-0.10625 0.11803 -0.05098)
(-0.10402 0.12774 -0.05386)
(-0.10128 0.13061 -0.05392)
(-0.09309 0.13560 -0.05365)
(-0.08499 0.13949 -0.05607)
(-0.08693 0.15088 -0.05705)
(-0.08469 0.15307 -0.06238)
(-0.09276 0.16188 -0.05447)
(-0.08833 0.15923 -0.06352)
(-0.10817 0.16535 -0.05852)
(-0.11075 0.16276 -0.05972)
(-0.12742 0.16615 -0.05013)
(-0.12995 0.15290 -0.05034)
(-0.12226 0.12954 -0.04065)
(-0.12844 0.14458 -0.04009)
(-0.12043 0.12404 -0.03612)
(-0.10148 0.10485 -0.03154)
(-0.01213 0.01265 -0.00296)
(0.00942 -0.01027 0.00237)
(-0.08303 0.08740 -0.02139)
(-0.02754 0.01547 0.06312)
(-0.02930 0.01847 0.06301)
(-0.03244 0.02139 0.06209)
(-0.04133 0.03049 0.05733)
(-0.05158 0.03874 0.05287)
(-0.05613 0.03925 0.04593)
(-0.05281 0.03872 0.05016)
(-0.06223 0.04026 0.03998)
(-0.07008 0.03900 0.02864)
(-0.07427 0.03574 0.02077)
(-0.07858 0.03273 0.01063)
(-0.07727 0.03013 0.00924)
(-0.07746 0.03219 0.00257)
(-0.07861 0.03859 -0.00360)
(-0.07936 0.04239 -0.00401)
(-0.08467 0.06135 -0.01079)
(-0.09233 0.07451 -0.02044)
(-0.09397 0.08310 -0.02148)
(-0.10108 0.09761 -0.03356)
(-0.09058 0.08361 -0.01997)
(-0.10256 0.10527 -0.04259)
(-0.10299 0.10499 -0.04373)
(-0.10426 0.10696 -0.04629)
(-0.10112 0.11803 -0.05148)
(-0.10130 0.12914 -0.05365)
(-0.10130 0.12617 -0.05355)
(-0.09582 0.13288 -0.05024)
(-0.08632 0.14347 -0.05624)
(-0.08808 0.14097 -0.05280)
(-0.09196 0.15625 -0.05094)
(-0.10031 0.16491 -0.04630)
(-0.10172 0.16906 -0.05085)
(-0.11828 0.16759 -0.04850)
(-0.12551 0.16920 -0.05013)
(-0.13197 0.16897 -0.04645)
(-0.13451 0.16658 -0.04588)
(-0.13761 0.15036 -0.02770)
(-0.13270 0.14330 -0.02862)
(-0.12507 0.13339 -0.02691)
(-0.07284 0.07450 -0.01266)
(-0.00858 0.00888 -0.00158)
(-0.04643 0.04628 -0.00392)
(-0.00877 0.00879 -0.00075)
(-0.03041 -0.00346 0.05924)
(-0.02890 -0.00253 0.05983)
(-0.03008 0.00390 0.06046)
(-0.02893 0.01572 0.06269)
(-0.03044 0.01829 0.06248)
(-0.03161 0.01813 0.06207)
(-0.03335 0.02112 0.06165)
(-0.04929 0.03419 0.05609)
(-0.04295 0.02855 0.05638)
(-0.05527 0.03657 0.04949)
(-0.05963 0.04084 0.04610)
(-0.07193 0.04156 0.02849)
(-0.07628 0.04208 0.02480)
(-0.07604 0.03719 0.02224)
(-0.07923 0.03326 0.00948)
(-0.07825 0.03131 0.00820)
(-0.07811 0.03056 0.00635)
(-0.07828 0.03224 0.00169)
(-0.07844 0.03777 -0.00306)
(-0.07911 0.04112 -0.00353)
(-0.08193 0.05194 -0.00530)
(-0.08635 0.06973 -0.01271)
(-0.08866 0.07907 -0.01513)
(-0.08969 0.08099 -0.01787)
(-0.09855 0.09773 -0.03508)
(-0.10158 0.10247 -0.04226)
(-0.10276 0.10461 -0.04496)
(-0.10146 0.10225 -0.04352)
(-0.09824 0.10849 -0.04857)
(-0.09266 0.10861 -0.05192)
(-0.09276 0.12664 -0.04885)
(-0.08850 0.12947 -0.04630)
(-0.09828 0.16116 -0.04509)
(-0.10260 0.16554 -0.04361)
(-0.10547 0.16919 -0.04433)
(-0.12377 0.17247 -0.03951)
(-0.13049 0.17188 -0.04621)
(-0.13602 0.17144 -0.04317)
(-0.13806 0.16883 -0.04300)
(-0.14678 0.16753 -0.03238)
(-0.13831 0.14914 -0.02327)
(-0.12700 0.13124 -0.01680)
(-0.04216 0.04289 -0.00277)
(0.00861 -0.00887 0.00063)
(-0.00307 0.00314 -0.00020)
(-0.04828 -0.01675 0.03928)
(-0.04851 -0.01282 0.04409)
(-0.04282 -0.01307 0.04434)
(-0.04289 -0.01180 0.04863)
(-0.04465 -0.01291 0.04891)
(-0.04093 -0.01146 0.05203)
(-0.03571 -0.00773 0.05677)
(-0.03208 -0.00451 0.05863)
(-0.03315 -0.00405 0.05828)
(-0.03184 -0.00296 0.05883)
(-0.03061 -0.00184 0.05941)
(-0.03350 0.00559 0.05906)
(-0.03308 0.01419 0.06052)
(-0.03441 0.01414 0.05543)
(-0.04505 0.02764 0.05407)
(-0.05753 0.03760 0.04821)
(-0.06046 0.03540 0.03788)
(-0.07414 0.04219 0.02732)
(-0.07575 0.04167 0.02413)
(-0.07667 0.03927 0.02160)
(-0.07874 0.03665 0.01300)
(-0.07900 0.03195 0.00695)
(-0.07882 0.03113 0.00503)
(-0.07788 0.03447 0.00168)
(-0.07774 0.03634 -0.00312)
(-0.07868 0.04345 -0.00317)
(-0.08029 0.05093 -0.00387)
(-0.08481 0.06486 -0.00870)
(-0.08775 0.07668 -0.01288)
(-0.08880 0.07847 -0.01570)
(-0.09331 0.08684 -0.02496)
(-0.09619 0.09257 -0.03526)
(-0.09337 0.09188 -0.04036)
(-0.09802 0.09997 -0.04662)
(-0.08659 0.09741 -0.05191)
(-0.08409 0.10577 -0.05063)
(-0.08815 0.11523 -0.05067)
(-0.08467 0.12152 -0.04657)
(-0.07917 0.13226 -0.04926)
(-0.09108 0.14976 -0.04758)
(-0.10198 0.16387 -0.04198)
(-0.10825 0.16887 -0.03950)
(-0.10920 0.17054 -0.04092)
(-0.12873 0.17974 -0.03233)
(-0.14074 0.18020 -0.03719)
(-0.13452 0.17263 -0.02957)
(-0.14145 0.17204 -0.02979)
(-0.14735 0.15969 -0.01645)
(-0.15308 0.15994 -0.01661)
(-0.14273 0.14809 -0.01704)
(-0.13582 0.14108 -0.01529)
(-0.10467 0.10541 -0.00694)
(-0.02359 0.02395 -0.00140)
(-0.00294 -0.00108 0.00218)
(-0.00828 -0.00244 0.00603)
(-0.04623 -0.01432 0.03668)
(-0.04556 -0.01538 0.04264)
(-0.04382 -0.01720 0.04374)
(-0.04425 -0.01503 0.04579)
(-0.04282 -0.01377 0.04752)
(-0.03718 -0.01356 0.04997)
(-0.03695 -0.01050 0.05057)
(-0.03669 -0.01027 0.05123)
(-0.03508 -0.00390 0.05603)
(-0.03194 -0.00357 0.05217)
(-0.03311 0.00075 0.05369)
(-0.03464 0.00824 0.05472)
(-0.03905 0.01364 0.05464)
(-0.03928 0.01739 0.04738)
(-0.04086 0.01899 0.04524)
(-0.05278 0.03199 0.04602)
(-0.05774 0.03011 0.03329)
(-0.06749 0.03696 0.02883)
(-0.06347 0.02889 0.02392)
(-0.07618 0.03646 0.01765)
(-0.07440 0.03158 0.01251)
(-0.07798 0.03169 0.00580)
(-0.07715 0.03143 0.00369)
(-0.07426 0.03281 0.00007)
(-0.07820 0.03482 -0.00225)
(-0.07840 0.04139 -0.00062)
(-0.07722 0.05036 -0.00017)
(-0.08033 0.05998 -0.00443)
(-0.08147 0.06381 -0.00724)
(-0.08349 0.06977 -0.00916)
(-0.08677 0.07812 -0.02209)
(-0.08805 0.07731 -0.02994)
(-0.09076 0.07982 -0.03476)
(-0.08843 0.08805 -0.04721)
(-0.08628 0.09213 -0.05176)
(-0.08119 0.09765 -0.05322)
(-0.07437 0.10918 -0.05232)
(-0.07481 0.12060 -0.05023)
(-0.08362 0.13510 -0.04748)
(-0.10166 0.15686 -0.03973)
(-0.12058 0.16900 -0.03044)
(-0.10627 0.15522 -0.03396)
(-0.15782 0.19251 -0.01291)
(-0.13068 0.16234 -0.01706)
(-0.13140 0.15650 -0.02312)
(-0.13587 0.15072 -0.01755)
(-0.13881 0.14621 -0.01503)
(-0.13488 0.13997 -0.00770)
(-0.08695 0.09057 -0.00358)
(-0.04324 0.04538 -0.00162)
(-0.01621 0.01708 -0.00058)
(-0.00180 -0.00115 0.00154)
(-0.03583 -0.01348 0.03118)
(-0.04507 -0.01722 0.04223)
(-0.03899 -0.01964 0.04110)
(-0.03869 -0.01942 0.04152)
(-0.03811 -0.01901 0.04233)
(-0.03993 -0.01395 0.04728)
(-0.03684 -0.01806 0.04335)
(-0.03915 -0.01100 0.04747)
(-0.03375 -0.00901 0.05065)
(-0.03191 -0.00883 0.04933)
(-0.02834 -0.00915 0.04621)
(-0.03268 -0.00022 0.05024)
(-0.03758 0.00966 0.05342)
(-0.03559 0.00916 0.04967)
(-0.03920 0.01331 0.04433)
(-0.03994 0.01149 0.03383)
(-0.04549 0.01871 0.03409)
(-0.05902 0.02776 0.02781)
(-0.05752 0.02070 0.01993)
(-0.06653 0.02672 0.01567)
(-0.06859 0.02604 0.01012)
(-0.07382 0.02892 0.00066)
(-0.06741 0.02503 0.00242)
(-0.07465 0.03204 0.00006)
(-0.07180 0.03334 0.00234)
(-0.07804 0.03540 -0.00190)
(-0.07808 0.04037 0.00060)
(-0.07639 0.05053 0.00136)
(-0.07733 0.05504 -0.00023)
(-0.07642 0.05287 0.00140)
(-0.08071 0.06203 -0.00695)
(-0.07890 0.06431 -0.01154)
(-0.07596 0.06741 -0.01903)
(-0.08006 0.07015 -0.02062)
(-0.08242 0.07109 -0.02886)
(-0.08695 0.07340 -0.03184)
(-0.07595 0.07214 -0.04411)
(-0.08427 0.08285 -0.04579)
(-0.07730 0.07962 -0.05414)
(-0.07360 0.08224 -0.05645)
(-0.06909 0.09914 -0.05641)
(-0.06652 0.09406 -0.05602)
(-0.06204 0.09980 -0.05990)
(-0.06661 0.10809 -0.05641)
(-0.08193 0.13575 -0.04448)
(-0.09238 0.14254 -0.03930)
(-0.13142 0.16953 -0.02462)
(-0.10051 0.14659 -0.03493)
(-0.12135 0.15685 -0.01838)
(-0.09932 0.12318 -0.00998)
(-0.12568 0.14404 -0.01172)
(-0.09939 0.11865 -0.00845)
(-0.12291 0.13269 -0.00574)
(-0.11769 0.12689 -0.00468)
(-0.09664 0.11569 -0.00775)
(-0.09158 0.09927 -0.00322)
(-0.01705 0.01938 0.00036)
(-0.00043 -0.00038 0.00041)
(-0.02555 -0.01312 0.02504)
(-0.02778 -0.01584 0.03065)
(-0.03677 -0.02000 0.04125)
(-0.03676 -0.01903 0.04239)
(-0.03563 -0.01991 0.04167)
(-0.03577 -0.01905 0.04246)
(-0.03459 -0.01268 0.04705)
(-0.03045 -0.01172 0.04235)
(-0.02859 -0.01014 0.04545)
(-0.02864 -0.00406 0.04548)
(-0.02585 -0.00408 0.04146)
(-0.03066 0.00110 0.04299)
(-0.03504 0.00651 0.03878)
(-0.03491 0.00473 0.02951)
(-0.03766 0.00786 0.02935)
(-0.03750 0.00688 0.02707)
(-0.05402 0.02197 0.02598)
(-0.05453 0.01737 0.01895)
(-0.05783 0.01940 0.01749)
(-0.05769 0.02038 0.01166)
(-0.06025 0.02315 0.00899)
(-0.06810 0.03098 0.00715)
(-0.06796 0.03592 0.00671)
(-0.07155 0.03532 0.00147)
(-0.07284 0.04100 0.00111)
(-0.07602 0.05079 0.00251)
(-0.07604 0.05236 0.00218)
(-0.07674 0.05427 0.00116)
(-0.07598 0.05873 -0.00744)
(-0.08075 0.06292 -0.01523)
(-0.07844 0.06639 -0.02635)
(-0.07767 0.06656 -0.03316)
(-0.07218 0.06523 -0.04091)
(-0.06744 0.06676 -0.05239)
(-0.06531 0.06731 -0.05510)
(-0.06848 0.08205 -0.05507)
(-0.05918 0.09469 -0.06229)
(-0.05902 0.09771 -0.06163)
(-0.07941 0.12778 -0.04338)
(-0.07257 0.11662 -0.05316)
(-0.07972 0.13314 -0.04631)
(-0.08045 0.11943 -0.03473)
(-0.10204 0.14147 -0.02998)
(-0.08066 0.11825 -0.03282)
(-0.09313 0.12155 -0.01187)
(-0.08601 0.11047 -0.00972)
(-0.08902 0.11087 -0.00809)
(-0.09645 0.11201 -0.00419)
(-0.07366 0.08368 -0.00179)
(-0.07850 0.09896 -0.00614)
(-0.02089 0.02469 0.00053)
(-0.00413 0.00492 0.00013)
(0.00046 0.00056 -0.00051)
(-0.01217 -0.00910 0.01391)
(-0.01659 -0.01222 0.02046)
(-0.03522 -0.02082 0.04089)
(-0.03447 -0.02056 0.04148)
(-0.03051 -0.01591 0.04371)
(-0.03009 -0.01375 0.04270)
(-0.02957 -0.01339 0.04276)
(-0.02794 -0.00667 0.03909)
(-0.02677 -0.00753 0.03733)
(-0.02687 -0.00631 0.03691)
(-0.03068 -0.00177 0.03452)
(-0.03187 0.00081 0.02688)
(-0.03445 0.00364 0.02713)
(-0.03392 0.00238 0.02521)
(-0.04369 0.00926 0.01885)
(-0.05400 0.01584 0.01763)
(-0.04858 0.01381 0.01910)
(-0.04698 0.01426 0.01246)
(-0.06028 0.02550 0.01122)
(-0.05899 0.02836 0.00957)
(-0.06696 0.03669 0.00531)
(-0.06762 0.03850 0.00618)
(-0.06839 0.04508 0.00605)
(-0.07604 0.05267 0.00373)
(-0.07631 0.05360 0.00157)
(-0.07346 0.05546 -0.00259)
(-0.07702 0.05523 -0.00692)
(-0.07883 0.05917 -0.01859)
(-0.07502 0.05421 -0.01369)
(-0.07696 0.05360 -0.02272)
(-0.07037 0.05887 -0.03145)
(-0.06385 0.06146 -0.05171)
(-0.06552 0.06391 -0.05217)
(-0.06323 0.06422 -0.05515)
(-0.06073 0.06426 -0.05831)
(-0.05631 0.07188 -0.06549)
(-0.05597 0.08971 -0.06505)
(-0.05518 0.09130 -0.06531)
(-0.05291 0.09290 -0.06338)
(-0.06753 0.10883 -0.05253)
(-0.06113 0.10069 -0.05796)
(-0.07268 0.11164 -0.03933)
(-0.07279 0.11052 -0.03653)
(-0.08189 0.11408 -0.02809)
(-0.07113 0.10824 -0.03393)
(-0.07963 0.10599 -0.01093)
(-0.08166 0.10593 -0.00875)
(-0.07496 0.10134 -0.00993)
(-0.06383 0.08499 -0.00562)
(-0.04150 0.05352 -0.00113)
(-0.00667 0.00878 0.00035)
(0.00370 -0.00481 -0.00042)
(0.00191 0.00251 -0.00255)
(-0.00089 -0.00070 0.00127)
(-0.01282 -0.00897 0.01747)
(-0.03523 -0.01785 0.04411)
(-0.03288 -0.01665 0.04595)
(-0.02969 -0.01882 0.04165)
(-0.03143 -0.01686 0.04460)
(-0.02664 -0.01825 0.03919)
(-0.02634 -0.01541 0.03897)
(-0.02702 -0.00866 0.03825)
(-0.02618 -0.00902 0.03689)
(-0.02560 -0.00848 0.03555)
(-0.02282 -0.01056 0.03196)
(-0.02559 -0.01052 0.03089)
(-0.02294 -0.01288 0.02705)
(-0.03120 -0.00044 0.02517)
(-0.03052 -0.00173 0.02372)
(-0.03177 -0.00113 0.02010)
(-0.02951 -0.00263 0.02090)
(-0.04117 0.00478 0.01668)
(-0.02571 -0.01166 0.01337)
(-0.03924 0.00767 0.01400)
(-0.04205 0.01238 0.01360)
(-0.04868 0.01948 0.01435)
(-0.04648 0.02203 0.01694)
(-0.06453 0.03605 0.00790)
(-0.06590 0.03851 0.00834)
(-0.06711 0.04325 0.00971)
(-0.06715 0.04988 0.01281)
(-0.07623 0.05350 0.00270)
(-0.06834 0.05329 0.01134)
(-0.07555 0.05518 0.00405)
(-0.06937 0.04931 -0.00688)
(-0.06930 0.05091 -0.01084)
(-0.07610 0.05235 -0.02076)
(-0.07449 0.05188 -0.02371)
(-0.06183 0.05283 -0.03904)
(-0.05040 0.05004 -0.05196)
(-0.06202 0.06162 -0.05443)
(-0.05926 0.06155 -0.05839)
(-0.04505 0.05512 -0.06844)
(-0.04736 0.07010 -0.06931)
(-0.04283 0.07336 -0.07022)
(-0.04711 0.07960 -0.06762)
(-0.05875 0.09572 -0.05228)
(-0.04103 0.07293 -0.06111)
(-0.06689 0.10426 -0.04056)
(-0.06613 0.10300 -0.03661)
(-0.04211 0.07357 -0.02656)
(-0.05721 0.08765 -0.02288)
(-0.04705 0.07516 -0.01351)
(-0.06850 0.09509 -0.00798)
(-0.02056 0.02857 -0.00032)
(-0.01199 0.02083 0.00140)
(-0.00036 0.00054 0.00007)
(0.00394 0.00312 -0.00564)
(-0.01882 -0.01339 0.02869)
(-0.03162 -0.01983 0.04427)
(0.00308 0.00270 -0.00505)
(-0.00441 -0.00385 0.00709)
(-0.03715 -0.02153 0.05044)
(-0.03733 -0.02016 0.05105)
(-0.03600 -0.01624 0.04963)
(-0.03838 -0.01948 0.05509)
(-0.03216 -0.01546 0.04664)
(-0.02773 -0.01967 0.03958)
(-0.02840 -0.01572 0.03963)
(-0.02828 -0.01956 0.04163)
(-0.02826 -0.01655 0.04099)
(-0.02526 -0.00960 0.03546)
(-0.02386 -0.01598 0.03013)
(-0.02099 -0.01734 0.02523)
(-0.02552 -0.01116 0.02339)
(-0.01471 -0.02262 0.01872)
(-0.01871 -0.01826 0.01590)
(-0.01799 -0.01742 0.01658)
(-0.02021 -0.01375 0.01708)
(-0.01950 -0.01643 0.01562)
(-0.02885 -0.00580 0.01563)
(-0.03079 -0.00063 0.02164)
(-0.04013 0.01425 0.01670)
(-0.04369 0.02125 0.02142)
(-0.06121 0.03477 0.01272)
(-0.06232 0.03699 0.01404)
(-0.06094 0.04269 0.01419)
(-0.06596 0.04949 0.01914)
(-0.06862 0.05298 0.01793)
(-0.06179 0.04916 0.00796)
(-0.06332 0.04899 -0.00070)
(-0.05855 0.04227 -0.00452)
(-0.05438 0.03868 -0.01133)
(-0.06695 0.04879 -0.01569)
(-0.06905 0.04757 -0.02372)
(-0.05183 0.04153 -0.03562)
(-0.04688 0.04182 -0.04283)
(-0.03792 0.03940 -0.05059)
(-0.04389 0.04772 -0.05853)
(-0.04282 0.05001 -0.06624)
(-0.03239 0.04765 -0.08554)
(-0.03326 0.05005 -0.07593)
(-0.03791 0.06293 -0.07178)
(-0.04106 0.06552 -0.07015)
(-0.03599 0.05936 -0.06881)
(-0.03653 0.06579 -0.06224)
(-0.05421 0.09056 -0.04824)
(-0.03488 0.06481 -0.05567)
(-0.02881 0.06069 -0.04371)
(-0.06251 0.09865 -0.03977)
(-0.04812 0.07943 -0.03266)
(-0.03511 0.06527 -0.02052)
(-0.02196 0.05225 -0.01405)
(-0.02953 0.05631 -0.01115)
(-0.01055 0.01981 0.00074)
(0.00086 -0.00163 -0.00021)
(-0.00106 0.00204 0.00019)
(-0.00242 -0.00195 0.00391)
(-0.02135 -0.01375 0.02934)
(-0.02536 -0.01620 0.04130)
(-0.03685 -0.02322 0.05928)
(-0.03717 -0.02248 0.05931)
(-0.03119 -0.01622 0.04650)
(-0.03303 -0.01788 0.04818)
(-0.02669 -0.02243 0.03847)
(-0.02584 -0.02520 0.03437)
(-0.01818 -0.02219 0.02593)
(-0.01661 -0.02301 0.02373)
(-0.01452 -0.02361 0.01835)
(-0.00465 -0.03244 0.01611)
(-0.01490 -0.02197 0.01487)
(-0.01202 -0.02558 0.01956)
(-0.02202 -0.01159 0.02187)
(-0.02137 -0.00677 0.02854)
(-0.02467 -0.00183 0.02990)
(-0.02611 0.00111 0.03142)
(-0.04521 0.02431 0.02236)
(-0.03448 0.01339 0.03281)
(-0.04828 0.03578 0.02614)
(-0.05398 0.04052 0.02306)
(-0.05780 0.04396 0.02593)
(-0.05780 0.04547 0.02259)
(-0.04898 0.04202 0.01911)
(-0.05864 0.04736 0.01235)
(-0.04820 0.04071 0.00866)
(-0.04713 0.04024 0.00345)
(-0.04513 0.03682 -0.00206)
(-0.02974 0.02605 -0.01742)
(-0.03820 0.02867 -0.02053)
(-0.04022 0.03057 -0.02609)
(-0.04037 0.03208 -0.03315)
(-0.03946 0.03472 -0.04037)
(-0.02931 0.03601 -0.05189)
(-0.03715 0.04215 -0.05637)
(-0.02926 0.04297 -0.06709)
(-0.02894 0.04695 -0.07218)
(-0.02510 0.04595 -0.06877)
(-0.01587 0.03864 -0.06351)
(-0.02695 0.05249 -0.06446)
(-0.03363 0.06196 -0.05578)
(-0.02807 0.05511 -0.05181)
(-0.01375 0.04110 -0.04252)
(-0.02321 0.05219 -0.02315)
(-0.02126 0.04441 -0.02772)
(-0.02113 0.05062 -0.01523)
(-0.01972 0.04834 -0.01377)
(-0.01216 0.03249 -0.00697)
(-0.00431 0.01182 0.00040)
(0.00002 -0.00039 -0.00015)
(0.00234 -0.00456 -0.00052)
(-0.00301 -0.00199 0.00497)
(-0.01336 -0.00867 0.02191)
(-0.01798 -0.01155 0.02997)
(-0.03758 -0.02324 0.06128)
(-0.03768 -0.02238 0.06096)
(-0.03416 -0.01859 0.05602)
(-0.03764 -0.02292 0.06173)
(-0.03322 -0.02037 0.05393)
(-0.03217 -0.01951 0.04586)
(-0.02788 -0.02439 0.03735)
(-0.02789 -0.02259 0.03864)
(-0.02691 -0.02541 0.03611)
(-0.01782 -0.02628 0.02786)
(-0.01242 -0.03027 0.02465)
(-0.00821 -0.03193 0.01863)
(-0.00457 -0.03483 0.01904)
(-0.00490 -0.03358 0.01920)
(-0.00462 -0.03381 0.02001)
(-0.01416 -0.02088 0.02189)
(-0.02034 -0.00868 0.02937)
(-0.02271 -0.00433 0.03030)
(-0.02434 -0.00179 0.03193)
(-0.02694 0.00252 0.03346)
(-0.03971 0.02848 0.03358)
(-0.04451 0.03426 0.03327)
(-0.04351 0.03507 0.03300)
(-0.04323 0.03788 0.03246)
(-0.03967 0.03680 0.02223)
(-0.03617 0.03311 0.01367)
(-0.03376 0.03077 0.01223)
(-0.03194 0.02879 0.01149)
(-0.02793 0.02545 -0.00714)
(-0.02532 0.02312 -0.01946)
(-0.03129 0.02597 -0.02339)
(-0.02181 0.02500 -0.03367)
(-0.02494 0.03005 -0.03666)
(-0.01431 0.02589 -0.04572)
(-0.02089 0.03343 -0.05523)
(-0.01325 0.02665 -0.04794)
(-0.01497 0.03058 -0.05463)
(-0.02318 0.04103 -0.06460)
(-0.01458 0.03711 -0.06177)
(-0.01375 0.03694 -0.05989)
(-0.01537 0.03875 -0.06160)
(-0.01292 0.03659 -0.05802)
(-0.01697 0.04068 -0.05609)
(-0.01545 0.03746 -0.04405)
(-0.00488 0.02771 -0.03630)
(-0.01300 0.03372 -0.03094)
(-0.01231 0.03473 -0.02668)
(-0.00720 0.02636 -0.01242)
(-0.00291 0.01858 -0.00796)
(-0.00259 0.01378 -0.00294)
(-0.00003 0.00126 0.00045)
(-0.00016 -0.00034 -0.00093)
(-0.00479 -0.00318 0.00810)
(-0.00415 -0.00287 0.00730)
(-0.02574 -0.01660 0.04358)
(-0.03701 -0.02363 0.06289)
(-0.03335 -0.02066 0.05540)
(-0.02560 -0.02145 0.05125)
(-0.02557 -0.02112 0.04971)
(-0.01869 -0.02720 0.03782)
(-0.01023 -0.02820 0.02862)
(-0.00708 -0.03060 0.02927)
(-0.00993 -0.03306 0.02447)
(-0.00592 -0.03578 0.02315)
(-0.00398 -0.03537 0.01974)
(-0.00363 -0.03575 0.02066)
(-0.00455 -0.03404 0.02112)
(-0.01106 -0.02428 0.02693)
(-0.02149 -0.00727 0.03098)
(-0.02307 -0.00544 0.03262)
(-0.02626 0.00007 0.03762)
(-0.03279 0.01695 0.03705)
(-0.03790 0.02640 0.03739)
(-0.03492 0.02774 0.03765)
(-0.03398 0.02832 0.03645)
(-0.03261 0.02825 0.03573)
(-0.03182 0.03096 0.01545)
(-0.02839 0.02519 0.02239)
(-0.02907 0.02821 0.01392)
(-0.02641 0.02548 0.01229)
(-0.01621 0.01564 0.00040)
(-0.00626 0.00881 -0.00431)
(-0.00691 0.01048 -0.01022)
(-0.02081 0.02020 -0.02209)
(-0.01538 0.01722 -0.02442)
(-0.00116 0.00693 -0.01705)
(-0.01372 0.02035 -0.03375)
(-0.01019 0.02266 -0.04300)
(-0.01014 0.02409 -0.04444)
(-0.01001 0.02533 -0.04580)
(-0.00654 0.02414 -0.04467)
(-0.01275 0.03590 -0.05995)
(-0.01200 0.03552 -0.05832)
(-0.00716 0.03226 -0.05307)
(-0.01096 0.03497 -0.05664)
(-0.00929 0.03144 -0.04276)
(-0.00422 0.02884 -0.04719)
(-0.00344 0.02544 -0.03744)
(-0.00194 0.02160 -0.02903)
(0.00195 0.02260 -0.03331)
(0.00176 0.01301 -0.01402)
(0.00045 0.01334 -0.01140)
(0.00150 0.00427 -0.00082)
(0.00078 0.00344 -0.00306)
(0.00032 0.00058 -0.00004)
(-0.02040 -0.01380 0.03579)
(-0.00525 -0.00377 0.00955)
(-0.01395 -0.01526 0.03315)
(-0.02753 -0.02306 0.05765)
(-0.02065 -0.02884 0.05178)
(-0.02143 -0.02564 0.04739)
(-0.01501 -0.02918 0.03922)
(-0.00827 -0.02922 0.03255)
(-0.00590 -0.03128 0.03061)
(-0.00461 -0.03545 0.02681)
(-0.00030 -0.04020 0.02494)
(-0.00217 -0.03788 0.02069)
(-0.00395 -0.03689 0.02377)
(-0.01282 -0.02051 0.03366)
(-0.01584 -0.02044 0.03821)
(-0.02013 -0.00988 0.04052)
(-0.02878 0.01149 0.04033)
(-0.03228 0.01719 0.04000)
(-0.03321 0.02382 0.03940)
(-0.03195 0.02513 0.03830)
(-0.02995 0.02492 0.03709)
(-0.01808 0.01780 0.02664)
(-0.02495 0.02568 0.01580)
(-0.01436 0.01317 0.02274)
(-0.01183 0.01349 0.01831)
(-0.02208 0.02274 0.01370)
(-0.00665 0.01175 0.01090)
(0.00497 0.00111 0.00268)
(0.00837 -0.00054 -0.00144)
(0.00763 0.00324 -0.00761)
(0.00484 0.00409 -0.01425)
(0.00060 0.00892 -0.02268)
(0.01125 0.00331 -0.02023)
(0.00349 0.01313 -0.03571)
(-0.00634 0.02107 -0.04189)
(-0.00565 0.02181 -0.04169)
(-0.00484 0.02250 -0.04149)
(-0.00711 0.02444 -0.04390)
(0.00128 0.02151 -0.04290)
(-0.00056 0.02699 -0.04528)
(-0.00895 0.03380 -0.05518)
(0.00040 0.02620 -0.04275)
(0.00086 0.02498 -0.04386)
(0.00039 0.02104 -0.03808)
(0.01029 0.01257 -0.02903)
(0.00453 0.01381 -0.02124)
(0.00231 0.00921 -0.01017)
(0.00539 0.00624 -0.01176)
(0.00207 0.00657 -0.00735)
(0.00071 0.00144 -0.00166)
(0.00017 0.00053 -0.00048)
(-0.00015 -0.00022 0.00044)
(-0.00401 -0.00566 0.01184)
(-0.00054 -0.00124 0.00212)
(-0.01498 -0.02123 0.03938)
(-0.01417 -0.03204 0.04310)
(-0.00000 -0.02143 0.02797)
(-0.01469 -0.03284 0.05005)
(0.00127 -0.03755 0.03827)
(-0.00551 -0.03088 0.03236)
(0.00490 -0.04254 0.03046)
(-0.00390 -0.03706 0.03141)
(0.00538 -0.04451 0.02943)
(0.00906 -0.04568 0.02217)
(0.00961 -0.04990 0.02324)
(0.00064 -0.04198 0.02733)
(-0.00114 -0.04162 0.03161)
(-0.01298 -0.03378 0.03831)
(-0.01430 -0.03420 0.03928)
(-0.02124 -0.01977 0.04322)
(-0.02590 0.00185 0.04486)
(-0.02617 -0.00839 0.04642)
(-0.02990 0.01026 0.04550)
(-0.02936 0.01317 0.04367)
(-0.03345 0.01685 0.04169)
(-0.02594 0.01786 0.03687)
(-0.01938 0.01690 0.03242)
(-0.00799 0.00553 0.03077)
(0.00385 -0.00141 0.02469)
(0.01157 -0.00367 0.01559)
(0.01193 -0.00124 0.01281)
(0.02091 -0.01001 0.00206)
(0.01575 -0.00664 0.01189)
(0.03037 -0.01801 -0.00335)
(0.01795 -0.00571 -0.00428)
(0.02552 -0.00959 -0.01280)
(0.01432 -0.00112 -0.01474)
(0.02048 0.00207 -0.02183)
(0.01910 0.00437 -0.02211)
(0.00347 0.01731 -0.03054)
(0.01134 0.01872 -0.02906)
(0.00813 0.02084 -0.03713)
(0.00991 0.02375 -0.03845)
(0.01576 0.02265 -0.03315)
(0.00843 0.02511 -0.03613)
(0.01109 0.02022 -0.03388)
(0.01385 0.01721 -0.03061)
(0.01181 0.01210 -0.02911)
(0.01432 0.00800 -0.02193)
(0.01730 0.00331 -0.01589)
(0.01188 0.00281 -0.01292)
(0.00470 0.00014 -0.00321)
(0.00149 0.00096 -0.00165)
(-0.00107 0.00788 -0.00922)
(0.00003 -0.00071 0.00097)
(0.00422 -0.03227 0.03220)
(-0.00017 0.00054 -0.00054)
(0.00339 -0.01207 0.01205)
(0.01381 -0.04589 0.03498)
(0.01316 -0.05025 0.03757)
(0.01599 -0.04945 0.03073)
(0.01756 -0.05251 0.03654)
(0.01647 -0.05243 0.03600)
(0.01073 -0.04877 0.03028)
(0.01246 -0.04844 0.03026)
(0.00834 -0.04680 0.02975)
(0.00596 -0.04636 0.03559)
(-0.00304 -0.03670 0.03890)
(-0.00273 -0.03658 0.04079)
(-0.01702 -0.02666 0.04639)
(-0.02507 -0.01995 0.05035)
(-0.03241 -0.00531 0.04972)
(-0.02662 -0.01703 0.05102)
(-0.02760 0.00273 0.04607)
(-0.02719 0.00568 0.04601)
(-0.02391 0.00442 0.04216)
(-0.01756 0.00700 0.03671)
(-0.00580 0.00095 0.03204)
(0.00376 -0.00100 0.02822)
(0.01415 -0.00959 0.02286)
(0.02745 -0.01688 0.01412)
(0.03808 -0.02679 0.00935)
(0.03025 -0.01719 0.00041)
(0.03069 -0.01587 -0.00319)
(0.04034 -0.02677 0.00299)
(0.04241 -0.02324 -0.00371)
(0.03777 -0.01904 -0.00705)
(0.03738 -0.01529 -0.00800)
(0.04784 -0.02219 -0.00903)
(0.04663 -0.01995 -0.01030)
(0.03402 -0.01059 -0.01132)
(0.02138 0.00262 -0.02031)
(0.02958 -0.00248 -0.01508)
(0.02636 0.00670 -0.01913)
(0.01823 0.01573 -0.02340)
(0.02858 0.00981 -0.02321)
(0.01776 0.01703 -0.02878)
(0.01688 0.02096 -0.02934)
(0.01581 0.02206 -0.03253)
(0.02098 0.01799 -0.02484)
(0.02025 0.01497 -0.02880)
(0.02595 0.00829 -0.02068)
(0.02641 0.00768 -0.01237)
(0.01647 0.00326 -0.00716)
(0.00833 0.00109 -0.00542)
(0.00301 -0.00013 -0.00181)
(-0.00061 0.00005 0.00034)
(-0.00340 0.00063 0.00127)
(-0.00171 0.00016 0.00092)
(-0.00207 0.00656 -0.00648)
(0.00104 -0.00289 0.00219)
(0.00838 -0.02536 0.01937)
(-0.00332 0.00789 -0.00623)
(0.00684 -0.01735 0.01219)
(0.01550 -0.04310 0.03027)
(0.02399 -0.05225 0.03435)
(0.01643 -0.04115 0.02708)
(0.01999 -0.05176 0.03392)
(0.02526 -0.05258 0.03364)
(0.01878 -0.04963 0.03474)
(0.01653 -0.04910 0.03836)
(0.00619 -0.04587 0.04003)
(0.01272 -0.04670 0.04289)
(-0.00471 -0.03324 0.04592)
(-0.02381 -0.02246 0.05078)
(-0.02497 -0.02050 0.05118)
(-0.02653 -0.01858 0.05149)
(-0.02778 -0.01511 0.05140)
(-0.02666 -0.00423 0.04742)
(-0.02369 -0.00321 0.04452)
(-0.02066 0.00326 0.03837)
(-0.00905 -0.00157 0.03479)
(0.00458 -0.00870 0.02758)
(0.01286 -0.01637 0.02391)
(0.03225 -0.02436 0.01493)
(0.03718 -0.02695 0.01187)
(0.04000 -0.02810 0.00991)
(0.04161 -0.02765 0.00456)
(0.04907 -0.02357 -0.00764)
(0.04804 -0.02169 -0.00834)
(0.04799 -0.02121 -0.00770)
(0.04642 -0.01886 -0.00908)
(0.04069 -0.01229 -0.00884)
(0.03482 -0.00067 -0.01336)
(0.03099 0.00349 -0.01032)
(0.02739 0.01006 -0.01510)
(0.02388 0.01469 -0.02339)
(0.02116 0.01990 -0.01684)
(0.02298 0.02159 -0.01935)
(0.02345 0.02073 -0.02001)
(0.02439 0.02177 -0.02019)
(0.02287 0.01387 -0.01165)
(0.01439 0.00481 -0.00610)
(0.00731 0.00180 -0.00297)
(-0.00024 -0.00004 0.00010)
(-0.00292 -0.00066 0.00110)
(-0.00372 -0.00060 0.00143)
(-0.00006 0.00015 -0.00010)
(-0.00106 0.00193 -0.00131)
(0.00511 -0.01170 0.00770)
(0.02888 -0.04285 0.02458)
(0.01564 -0.01833 0.01116)
(0.03137 -0.05234 0.03485)
(0.02478 -0.05314 0.03572)
(0.02202 -0.05054 0.03989)
(0.03214 -0.05451 0.03725)
(0.02037 -0.04918 0.04134)
(0.01756 -0.04813 0.04217)
(0.01370 -0.04661 0.04398)
(-0.00590 -0.03483 0.04758)
(-0.02308 -0.02352 0.05137)
(-0.02490 -0.02176 0.05162)
(-0.02744 -0.02014 0.05196)
(-0.02799 -0.01730 0.05176)
(-0.02289 -0.01372 0.04771)
(-0.01708 -0.01040 0.04102)
(-0.00543 -0.00653 0.03372)
(0.00443 -0.01161 0.02936)
(0.01469 -0.02381 0.02421)
(0.01842 -0.02468 0.02205)
(0.03594 -0.02703 0.01293)
(0.03897 -0.02815 0.01119)
(0.04030 -0.02899 0.01079)
(0.04181 -0.02925 0.00972)
(0.04046 -0.02337 0.00676)
(0.04924 -0.02333 -0.00699)
(0.04692 -0.02501 0.00373)
(0.04907 -0.02317 -0.00626)
(0.04777 -0.02071 -0.00706)
(0.04048 -0.01043 -0.00554)
(0.03287 0.00118 -0.00611)
(0.03069 0.00456 -0.00910)
(0.03036 0.00539 -0.00827)
(0.02093 0.02184 -0.00881)
(0.02103 0.02256 -0.01057)
(0.01978 0.02187 -0.00916)
(0.01182 0.01349 -0.00503)
(0.00644 0.00738 -0.00287)
(0.00563 0.00215 -0.00198)
(0.00040 0.00012 -0.00015)
(-0.00255 -0.00096 0.00080)
(-0.00302 -0.00092 0.00111)
(0.00371 -0.00427 0.00260)
(0.00787 -0.01004 0.00658)
(0.02072 -0.02713 0.01786)
(0.00905 -0.01143 0.00753)
(0.02240 -0.03591 0.02440)
(0.02169 -0.04493 0.03659)
(0.01092 -0.01897 0.01435)
(0.01327 -0.02871 0.02467)
(0.01999 -0.04806 0.04207)
(0.01638 -0.04726 0.04384)
(-0.00320 -0.03739 0.04723)
(0.00263 -0.04358 0.04718)
(-0.01015 -0.03271 0.04965)
(-0.02379 -0.02343 0.05169)
(-0.00556 -0.03162 0.04490)
(-0.00769 -0.02549 0.04534)
(-0.02122 -0.01831 0.04744)
(-0.01675 -0.01746 0.04401)
(-0.02004 -0.01935 0.04342)
(-0.00932 -0.01785 0.03734)
(0.00442 -0.02199 0.03279)
(0.00476 -0.02245 0.03260)
(0.00909 -0.02263 0.03012)
(0.01013 -0.02176 0.02992)
(0.01753 -0.02452 0.02482)
(0.02791 -0.02711 0.01701)
(0.02781 -0.02757 0.01913)
(0.03800 -0.02843 0.01220)
(0.04068 -0.02939 0.01088)
(0.04583 -0.03230 0.00773)
(0.04566 -0.02479 0.00478)
(0.04580 -0.02136 -0.00100)
(0.04114 -0.02372 0.00589)
(0.04150 -0.02038 0.00306)
(0.03899 -0.01037 -0.00108)
(0.03460 -0.00471 -0.00328)
(0.02400 0.00039 -0.00101)
(0.01984 0.00377 0.00005)
(0.02249 0.01033 -0.00378)
(0.01535 0.01690 -0.00582)
(0.00597 0.00470 -0.00003)
(0.00445 0.00533 -0.00150)
(0.00342 0.00406 -0.00130)
(-0.00070 -0.00082 0.00028)
(0.00181 -0.00225 0.00148)
(0.00477 -0.00654 0.00415)
(0.00419 -0.00638 0.00458)
(0.00199 -0.00329 0.00254)
(0.00281 -0.00701 0.00646)
(0.00450 -0.03014 0.03023)
(0.00385 -0.03052 0.03559)
(0.00250 -0.01112 0.01143)
(0.00304 -0.01704 0.01952)
(-0.00120 -0.02096 0.02846)
(-0.00426 -0.02547 0.04046)
(-0.00159 -0.01651 0.02531)
(-0.00986 -0.02144 0.04127)
(-0.02277 -0.02097 0.04455)
(-0.00490 -0.01707 0.03390)
(-0.00719 -0.02438 0.03799)
(-0.00027 -0.02078 0.03309)
(0.00625 -0.02076 0.03007)
(0.00978 -0.01597 0.02818)
(0.01543 -0.01791 0.02526)
(0.02329 -0.02146 0.02051)
(0.02321 -0.02038 0.01937)
(0.03455 -0.01939 0.01283)
(0.03650 -0.02407 0.01510)
(0.03672 -0.02476 0.01440)
(0.02238 -0.01097 0.00715)
(0.02951 -0.02051 0.00813)
(0.02769 -0.01820 0.00482)
(0.02732 -0.01386 0.00385)
(0.00925 -0.00587 0.00170)
(0.00944 -0.00433 0.00218)
(0.00517 -0.00102 0.00131)
(0.00685 0.00144 0.00100)
(-0.00027 -0.00006 -0.00012)
(0.00156 0.00098 0.00011)
(0.00090 0.00073 0.00014)
(-0.00443 0.00858 -0.00682)
(-0.00174 0.00696 -0.00705)
(0.00184 -0.00597 0.00644)
(-0.00182 0.00538 -0.00570)
(-0.00059 0.00179 -0.00200)
(-0.00037 -0.00913 0.01363)
(0.00296 -0.00912 0.01268)
(-0.00009 0.00016 -0.00020)
(-0.00007 0.00012 -0.00015)
(0.00213 -0.00777 0.01230)
(0.00201 -0.01283 0.02094)
(0.00249 -0.00303 0.00392)
(0.00328 -0.00441 0.01000)
(0.00665 -0.00771 0.01612)
(0.00257 -0.00249 0.00552)
(0.00845 -0.00612 0.00852)
(0.01307 -0.00687 0.00740)
(0.02232 -0.01227 0.00848)
(0.00155 -0.00080 0.00105)
(0.00326 -0.00180 0.00165)
(-0.00047 0.00021 -0.00015)
(0.01436 -0.00688 0.00470)
(0.00849 -0.00414 0.00221)
(-0.00435 0.00182 -0.00108)
(-0.00216 0.00104 -0.00054)
(-0.00319 0.00093 -0.00120)
(-0.00273 0.00001 -0.00128)
(0.00048 -0.00053 0.00123)
(0.00096 -0.00087 0.00198)
(0.00168 -0.00074 0.00146)
(-0.00083 0.00041 -0.00057)
)