/*--------------------------------*- C++ -*----------------------------------*\ 
| =========                 |                                                 | 
| \\      /  F ield         | OpenFOAM: The Open Source CFD Toolbox           | 
|  \\    /   O peration     | Version:  4.0                                   | 
|   \\  /    A nd           | Web:      www.OpenFOAM.org                      | 
|    \\/     M anipulation  |                                                 | 
\*---------------------------------------------------------------------------*/ 
FoamFile 
{ 
    version     2.0; 
    format      ascii; 
    class       vectorAverageField; 
    object      values; 
} 
// * * * * * * * * * * * * * * * * * * * * * * * * * * * * * * * * * * * * * // 
 
// Average 
(0 0 0) 
 
// Velocity data on points 
2447
(
(0.00328 0.00037 -0.00094)
(-0.00195 -0.00025 0.00019)
(-0.00484 -0.00178 0.00038)
(-0.00136 -0.00106 -0.00033)
(0.00138 0.00192 0.00048)
(-0.00961 -0.00556 -0.00100)
(-0.00245 -0.00329 -0.00093)
(-0.00090 -0.01336 -0.01265)
(-0.00006 -0.00147 -0.00131)
(-0.00012 0.00231 0.00213)
(0.00025 -0.00970 -0.00946)
(0.00023 -0.00213 -0.00210)
(-0.00057 0.00226 0.00215)
(0.00104 -0.01055 -0.01299)
(0.00036 -0.00080 -0.00081)
(-0.00109 0.00242 0.00246)
(0.00342 -0.00805 -0.00857)
(0.00012 -0.00036 -0.00042)
(-0.00041 0.00190 0.00300)
(0.00007 -0.00038 -0.00061)
(0.00654 0.00068 -0.00101)
(-0.00155 -0.00011 0.00050)
(0.00128 0.00007 -0.00027)
(0.00054 0.00004 -0.00018)
(-0.02027 -0.00405 0.01257)
(-0.01825 -0.00306 0.00867)
(-0.02174 -0.00376 0.00510)
(-0.02001 -0.00732 0.00176)
(-0.03898 -0.00841 0.01052)
(-0.03577 -0.01270 0.00245)
(-0.02415 -0.01332 -0.00340)
(-0.00936 -0.01689 -0.01189)
(-0.02241 -0.01942 -0.01749)
(-0.00313 -0.02809 -0.02891)
(-0.00041 -0.02502 -0.02640)
(0.00126 -0.02140 -0.02337)
(-0.00187 -0.03247 -0.03652)
(0.00069 -0.03321 -0.03861)
(0.00046 -0.03266 -0.04557)
(0.00127 -0.02075 -0.02700)
(0.00586 -0.01946 -0.02629)
(0.00010 -0.03114 -0.05950)
(0.00097 -0.02870 -0.05379)
(0.00706 -0.02117 -0.03229)
(0.00263 -0.01141 -0.01837)
(0.00279 -0.02049 -0.04172)
(0.00046 -0.00769 -0.01600)
(0.00005 -0.00189 -0.00476)
(-0.00714 -0.00656 -0.02530)
(-0.00083 -0.00008 -0.00270)
(0.00011 -0.00008 0.00036)
(0.00242 0.00130 -0.00047)
(-0.00115 -0.00055 0.00044)
(-0.00513 -0.00146 0.00213)
(-0.01499 -0.00375 0.00694)
(-0.03829 -0.01027 0.01893)
(-0.03354 -0.00442 0.01618)
(-0.04211 -0.00923 0.02971)
(-0.04567 -0.00722 0.02819)
(-0.04464 -0.01149 0.01889)
(-0.03879 -0.01236 0.01311)
(-0.03027 -0.01266 -0.00259)
(-0.02960 -0.01154 -0.01282)
(-0.02219 -0.01616 -0.02228)
(-0.00909 -0.02506 -0.04054)
(-0.02337 -0.01613 -0.02536)
(-0.02013 -0.01807 -0.03469)
(-0.00764 -0.02662 -0.04502)
(-0.00584 -0.03143 -0.04932)
(-0.01193 -0.02344 -0.05827)
(-0.00984 -0.02690 -0.06363)
(-0.00869 -0.03002 -0.07216)
(-0.00876 -0.03555 -0.08188)
(-0.00868 -0.02432 -0.06323)
(-0.00913 -0.01993 -0.05569)
(-0.00854 -0.01859 -0.05085)
(-0.01839 -0.01374 -0.05533)
(-0.01798 -0.00884 -0.04701)
(-0.01343 -0.00282 -0.02758)
(-0.00749 -0.00027 -0.01602)
(-0.02719 0.00483 -0.03868)
(-0.02109 0.00866 -0.02000)
(-0.00481 0.00229 -0.00932)
(-0.00020 0.00020 -0.00049)
(-0.00527 0.00584 -0.00272)
(0.00174 -0.00258 0.00072)
(0.00331 -0.00514 0.00104)
(0.00012 0.00009 0.00002)
(-0.00432 -0.00237 0.00034)
(-0.01242 -0.00661 0.00314)
(-0.01760 -0.01148 0.00897)
(-0.03337 -0.01861 0.01487)
(-0.02795 -0.01758 0.01448)
(-0.03388 -0.02380 0.02081)
(-0.04180 -0.01803 0.02477)
(-0.04702 -0.01311 0.02412)
(-0.04596 -0.01352 0.03154)
(-0.03866 -0.01825 0.03106)
(-0.04045 -0.01436 0.02959)
(-0.04260 -0.00808 0.02749)
(-0.03878 -0.01187 0.01505)
(-0.03408 -0.01251 0.01037)
(-0.03292 -0.00837 0.00016)
(-0.03143 -0.00850 -0.00627)
(-0.03149 -0.00943 -0.01899)
(-0.02553 -0.01583 -0.03148)
(-0.02561 -0.01400 -0.04791)
(-0.02164 -0.01623 -0.05827)
(-0.01517 -0.01760 -0.06462)
(-0.01341 -0.02267 -0.06940)
(-0.01159 -0.02803 -0.07282)
(-0.02499 -0.01250 -0.06560)
(-0.03202 -0.00464 -0.06423)
(-0.04843 0.01197 -0.05568)
(-0.03222 0.00533 -0.04222)
(-0.04447 0.00806 -0.05056)
(-0.02952 0.00657 -0.03903)
(-0.04048 0.01916 -0.02846)
(-0.05043 0.03391 -0.02094)
(-0.04788 0.03367 -0.01895)
(-0.02585 0.02278 -0.01067)
(-0.00469 0.00658 -0.00215)
(-0.04108 0.03880 -0.01338)
(-0.02090 0.02556 -0.00773)
(-0.00231 0.00372 -0.00058)
(-0.00065 0.00133 -0.00021)
(0.00175 0.00195 0.00043)
(-0.00446 -0.00436 -0.00066)
(-0.01308 -0.00976 -0.00038)
(-0.02754 -0.01777 0.00419)
(-0.03382 -0.02031 0.00490)
(-0.03748 -0.02343 0.01996)
(-0.03608 -0.02664 0.02185)
(-0.03443 -0.02577 0.02499)
(-0.03825 -0.02340 0.02532)
(-0.03719 -0.02011 0.03092)
(-0.03847 -0.01826 0.03073)
(-0.03985 -0.01643 0.03041)
(-0.03833 -0.01793 0.03006)
(-0.03945 -0.01617 0.02890)
(-0.04063 -0.00945 0.01611)
(-0.03299 -0.00786 -0.00063)
(-0.03212 -0.00772 -0.00490)
(-0.03089 -0.00806 -0.01036)
(-0.03103 -0.00838 -0.02713)
(-0.03109 -0.00724 -0.04731)
(-0.02725 -0.00982 -0.05099)
(-0.02353 -0.01025 -0.06447)
(-0.03085 -0.00311 -0.07363)
(-0.03038 -0.00363 -0.07182)
(-0.03963 -0.00050 -0.07068)
(-0.04990 0.01235 -0.06067)
(-0.05223 0.01559 -0.05747)
(-0.05411 0.01824 -0.05405)
(-0.05558 0.02049 -0.05071)
(-0.05421 0.02880 -0.03651)
(-0.05201 0.03446 -0.02138)
(-0.05171 0.03689 -0.01892)
(-0.05392 0.03764 -0.01957)
(-0.04910 0.03973 -0.01930)
(-0.03928 0.04889 -0.00747)
(-0.05191 0.05392 -0.01225)
(-0.03137 0.04380 -0.00741)
(-0.01091 0.02256 -0.00176)
(-0.00108 0.00243 -0.00020)
(-0.02180 0.04528 -0.00480)
(-0.00448 0.01080 -0.00128)
(-0.00024 0.00061 -0.00007)
(-0.00243 -0.00261 -0.00024)
(-0.00725 -0.00771 0.00037)
(-0.01911 -0.02564 0.00322)
(-0.02528 -0.02810 0.00556)
(-0.02540 -0.03544 0.01732)
(-0.02842 -0.03177 0.02580)
(-0.02940 -0.03142 0.02816)
(-0.02897 -0.03225 0.02792)
(-0.02977 -0.03199 0.02990)
(-0.02886 -0.03196 0.03105)
(-0.03602 -0.02211 0.03143)
(-0.03626 -0.02185 0.03171)
(-0.03726 -0.01955 0.03055)
(-0.03794 -0.01751 0.02892)
(-0.03866 -0.01568 0.02698)
(-0.04170 -0.00620 0.00711)
(-0.03152 -0.00721 -0.00411)
(-0.03395 -0.00608 -0.00564)
(-0.02971 -0.00406 -0.01353)
(-0.03000 -0.00638 -0.01032)
(-0.02991 -0.00690 -0.01396)
(-0.02930 -0.00205 -0.04793)
(-0.03002 0.00489 -0.04512)
(-0.03467 0.00609 -0.05560)
(-0.03170 -0.00136 -0.05311)
(-0.02795 -0.00212 -0.06565)
(-0.03932 0.00705 -0.07959)
(-0.04073 0.00806 -0.08006)
(-0.04236 0.00952 -0.08015)
(-0.05155 0.01489 -0.06163)
(-0.05713 0.02065 -0.05865)
(-0.05893 0.02312 -0.05550)
(-0.06091 0.02574 -0.05167)
(-0.06797 0.03745 -0.03977)
(-0.06155 0.03882 -0.02994)
(-0.06452 0.05021 -0.02256)
(-0.05643 0.04638 -0.02186)
(-0.05668 0.05929 -0.01823)
(-0.05144 0.05754 -0.01466)
(-0.04525 0.06390 -0.00880)
(-0.03319 0.06646 -0.00812)
(-0.01881 0.04136 -0.00521)
(-0.02332 0.05130 -0.00736)
(-0.00691 0.01679 -0.00233)
(-0.00324 0.00799 -0.00119)
(0.00157 0.00094 -0.00012)
(-0.00033 -0.00022 -0.00007)
(-0.01971 -0.01443 0.00504)
(-0.02519 -0.02971 0.00968)
(-0.02666 -0.03334 0.01427)
(-0.02792 -0.03354 0.02292)
(-0.02924 -0.03279 0.02797)
(-0.02955 -0.03255 0.02955)
(-0.03054 -0.03236 0.03097)
(-0.02787 -0.03595 0.03155)
(-0.02977 -0.03068 0.03220)
(-0.03665 -0.02136 0.03161)
(-0.03628 -0.02179 0.02986)
(-0.03706 -0.01864 0.02911)
(-0.03720 -0.01678 0.02708)
(-0.03677 -0.01046 0.01659)
(-0.03642 -0.01415 0.02433)
(-0.03064 0.00275 0.00161)
(-0.02694 0.00036 -0.00962)
(-0.02379 0.00529 -0.02785)
(-0.02796 0.00227 -0.03531)
(-0.03071 0.01340 -0.05233)
(-0.03337 0.00980 -0.07070)
(-0.04180 0.01358 -0.07955)
(-0.04248 0.01220 -0.08016)
(-0.04541 0.01438 -0.08013)
(-0.05586 0.02757 -0.07477)
(-0.06502 0.03115 -0.06539)
(-0.06907 0.03360 -0.05898)
(-0.06637 0.03157 -0.05316)
(-0.07565 0.04899 -0.04320)
(-0.07215 0.05346 -0.02937)
(-0.08684 0.07062 -0.02645)
(-0.07103 0.06309 -0.01895)
(-0.06646 0.06857 -0.01785)
(-0.06176 0.06613 -0.01636)
(-0.05831 0.06941 -0.01342)
(-0.05604 0.07356 -0.01277)
(-0.03663 0.06843 -0.00918)
(-0.03356 0.06814 -0.00980)
(-0.01105 0.02596 -0.00396)
(-0.03446 0.06913 -0.01060)
(-0.02377 0.05246 -0.00811)
(-0.00741 0.01935 -0.00351)
(-0.00054 0.00147 -0.00038)
(0.00557 0.00124 -0.00093)
(-0.00019 -0.00004 0.00003)
(-0.01201 -0.00429 0.00367)
(-0.02344 -0.01148 0.00750)
(-0.02930 -0.03149 0.01584)
(-0.03566 -0.02151 0.01799)
(-0.02955 -0.02983 0.02170)
(-0.03051 -0.03146 0.02123)
(-0.02650 -0.03409 0.02703)
(-0.02366 -0.03720 0.03057)
(-0.02699 -0.03033 0.03769)
(-0.02193 -0.03331 0.03909)
(-0.02160 -0.03031 0.03609)
(-0.02718 -0.02697 0.03364)
(-0.03234 -0.01578 0.02716)
(-0.02625 -0.00494 0.01384)
(-0.02697 -0.00322 0.00736)
(-0.02114 0.00255 -0.01066)
(-0.02391 0.00621 -0.01797)
(-0.02546 0.01404 -0.03398)
(-0.02902 0.02107 -0.04620)
(-0.03231 0.02503 -0.06426)
(-0.04182 0.02955 -0.06802)
(-0.04659 0.03394 -0.07437)
(-0.04280 0.01523 -0.08088)
(-0.04650 0.01773 -0.08082)
(-0.06096 0.03494 -0.08192)
(-0.07485 0.05168 -0.07097)
(-0.08721 0.06166 -0.06774)
(-0.08903 0.06763 -0.05723)
(-0.08919 0.06901 -0.05224)
(-0.09611 0.07906 -0.02908)
(-0.08318 0.07935 -0.02017)
(-0.06560 0.06999 -0.01763)
(-0.07364 0.08379 -0.01750)
(-0.06306 0.07878 -0.01687)
(-0.05261 0.07701 -0.01623)
(-0.06365 0.08086 -0.01786)
(-0.05064 0.07495 -0.01563)
(-0.04391 0.07229 -0.01529)
(-0.03350 0.06800 -0.01637)
(-0.04425 0.07232 -0.02120)
(-0.02113 0.04492 -0.01226)
(-0.00481 0.01274 -0.00325)
(-0.00303 0.00678 -0.00178)
(0.00027 0.00001 -0.00009)
(-0.00962 -0.00091 0.00279)
(-0.03360 -0.01121 0.01595)
(-0.04098 -0.00756 0.02377)
(-0.03781 -0.01539 0.02738)
(-0.03264 -0.01913 0.03185)
(-0.03060 -0.02526 0.02596)
(-0.02397 -0.03572 0.02568)
(-0.03202 -0.02465 0.03144)
(-0.02716 -0.03446 0.03349)
(-0.02697 -0.03555 0.03392)
(-0.01591 -0.03542 0.03984)
(-0.01340 -0.03795 0.04004)
(-0.01381 -0.03772 0.04077)
(-0.01881 -0.03438 0.04004)
(-0.02706 -0.02339 0.03514)
(-0.01610 -0.02997 0.03192)
(-0.01879 -0.02670 0.03363)
(-0.02300 -0.01685 0.03276)
(-0.02244 -0.00732 0.01738)
(-0.02446 -0.00264 0.01098)
(-0.02070 0.00420 -0.00518)
(-0.02125 0.00904 -0.01261)
(-0.02622 0.02255 -0.02915)
(-0.02439 0.03672 -0.04616)
(-0.02656 0.03892 -0.05067)
(-0.03335 0.03864 -0.05883)
(-0.04662 0.04035 -0.06697)
(-0.06156 0.05015 -0.07787)
(-0.06996 0.05171 -0.07782)
(-0.07928 0.06098 -0.06906)
(-0.09131 0.06921 -0.07009)
(-0.09380 0.07288 -0.06772)
(-0.09352 0.08642 -0.05856)
(-0.09894 0.08340 -0.04502)
(-0.09872 0.09926 -0.04420)
(-0.09190 0.09414 -0.03012)
(-0.09665 0.10611 -0.02730)
(-0.08787 0.09698 -0.02634)
(-0.09013 0.10467 -0.02676)
(-0.07382 0.08566 -0.01841)
(-0.07380 0.08842 -0.02041)
(-0.06338 0.08519 -0.02114)
(-0.05876 0.08387 -0.02890)
(-0.04618 0.07746 -0.03114)
(-0.04075 0.07603 -0.02766)
(-0.03064 0.06603 -0.02153)
(-0.00945 0.02314 -0.00783)
(0.00105 -0.00275 0.00109)
(-0.02475 0.05111 -0.02146)
(-0.00342 0.00018 0.00181)
(-0.01869 -0.00050 0.00826)
(-0.02241 0.00149 0.01575)
(-0.03366 -0.00122 0.01872)
(-0.04206 -0.00739 0.03258)
(-0.03401 -0.01608 0.03221)
(-0.03157 -0.01787 0.03339)
(-0.03122 -0.02020 0.03275)
(-0.02941 -0.02293 0.03313)
(-0.02084 -0.03147 0.03365)
(-0.01255 -0.03789 0.03965)
(-0.01151 -0.03739 0.04010)
(-0.01439 -0.03072 0.03710)
(-0.01184 -0.02363 0.02548)
(-0.00997 -0.01504 0.02091)
(-0.01608 -0.00307 0.00626)
(-0.01421 -0.00441 0.00589)
(-0.01550 0.01331 -0.00467)
(-0.01341 0.01399 -0.00747)
(-0.01547 0.01620 -0.01371)
(-0.02291 0.02689 -0.02908)
(-0.02318 0.03880 -0.04439)
(-0.02552 0.04101 -0.04799)
(-0.02830 0.04307 -0.05168)
(-0.04195 0.04678 -0.06009)
(-0.05998 0.05247 -0.07412)
(-0.05546 0.06242 -0.06677)
(-0.06782 0.05969 -0.07359)
(-0.07589 0.06340 -0.07250)
(-0.08673 0.08099 -0.06835)
(-0.09292 0.08659 -0.06675)
(-0.09905 0.10900 -0.05766)
(-0.09915 0.10958 -0.05299)
(-0.09794 0.11270 -0.05209)
(-0.09760 0.10566 -0.03948)
(-0.09052 0.10751 -0.03575)
(-0.09215 0.10771 -0.02929)
(-0.09032 0.10846 -0.02987)
(-0.08875 0.10532 -0.02711)
(-0.07415 0.10077 -0.02827)
(-0.06697 0.09014 -0.02871)
(-0.05352 0.08346 -0.03268)
(-0.04630 0.08103 -0.03955)
(-0.04001 0.07527 -0.03628)
(-0.04214 0.07688 -0.04030)
(-0.03500 0.07372 -0.03544)
(-0.01937 0.04496 -0.02235)
(-0.00121 0.00338 -0.00166)
(0.00044 -0.00123 0.00064)
(0.00108 -0.00015 -0.00085)
(-0.00163 0.00027 0.00135)
(-0.01215 0.00164 0.00976)
(-0.03359 0.00398 0.02737)
(-0.03890 0.00010 0.03347)
(-0.03813 0.00495 0.03256)
(-0.03521 -0.00341 0.03266)
(-0.03262 -0.01515 0.03358)
(-0.02933 -0.02091 0.03372)
(-0.02921 -0.01884 0.03404)
(-0.02678 -0.02318 0.03385)
(-0.01644 -0.03167 0.03440)
(-0.01385 -0.02807 0.02665)
(-0.00966 -0.03798 0.03926)
(-0.00755 -0.03625 0.03182)
(-0.00594 -0.02614 0.01991)
(-0.00436 -0.01227 0.02000)
(-0.00878 -0.00557 0.00890)
(-0.01092 0.01347 -0.00742)
(-0.01273 0.01756 -0.01149)
(-0.01127 0.01766 -0.01132)
(-0.01237 0.02036 -0.01470)
(-0.02181 0.04155 -0.04293)
(-0.02411 0.04331 -0.04547)
(-0.02720 0.04554 -0.04835)
(-0.03325 0.05286 -0.05160)
(-0.05181 0.06533 -0.06263)
(-0.06620 0.07027 -0.07075)
(-0.07494 0.08542 -0.07138)
(-0.07827 0.08892 -0.07104)
(-0.08028 0.09182 -0.07080)
(-0.09632 0.10961 -0.06164)
(-0.09660 0.11398 -0.05564)
(-0.09635 0.11604 -0.05173)
(-0.09019 0.12035 -0.04576)
(-0.09152 0.11204 -0.03242)
(-0.08953 0.11294 -0.03296)
(-0.08031 0.10728 -0.03570)
(-0.06513 0.09712 -0.03384)
(-0.06323 0.09896 -0.03900)
(-0.05956 0.08619 -0.03374)
(-0.04714 0.08302 -0.04195)
(-0.04524 0.08059 -0.04194)
(-0.04290 0.07785 -0.04233)
(-0.04093 0.07569 -0.04254)
(-0.02477 0.05906 -0.03106)
(-0.00650 0.01782 -0.00948)
(-0.00256 0.00700 -0.00377)
(0.00259 -0.00720 0.00379)
(-0.00341 0.00094 0.00281)
(-0.01256 0.00226 0.01085)
(-0.02315 0.00377 0.02001)
(-0.01958 0.00390 0.01769)
(-0.03650 0.00568 0.03285)
(-0.03681 0.00448 0.03290)
(-0.03001 -0.00824 0.03604)
(-0.02875 -0.00137 0.03456)
(-0.02900 -0.01653 0.03422)
(-0.02617 -0.02034 0.03398)
(-0.01684 -0.02795 0.02663)
(-0.00031 -0.03372 0.02344)
(-0.01014 -0.03357 0.02514)
(-0.00186 -0.03189 0.02085)
(-0.00840 -0.02942 0.01544)
(-0.00656 -0.02170 0.01793)
(-0.00598 -0.01927 0.00725)
(-0.00337 -0.00935 0.00378)
(-0.00537 0.00609 -0.00151)
(-0.00974 0.01692 -0.01213)
(-0.01137 0.02145 -0.01460)
(-0.01058 0.02124 -0.01514)
(-0.01357 0.03487 -0.02601)
(-0.02086 0.04550 -0.04142)
(-0.02686 0.05195 -0.04428)
(-0.03486 0.06351 -0.05078)
(-0.04990 0.07216 -0.05563)
(-0.06483 0.07736 -0.06428)
(-0.07161 0.08661 -0.06787)
(-0.07577 0.09050 -0.06960)
(-0.07785 0.09387 -0.06981)
(-0.08829 0.11335 -0.06552)
(-0.09523 0.11554 -0.05837)
(-0.09257 0.11867 -0.05704)
(-0.09368 0.11934 -0.05419)
(-0.08292 0.12692 -0.05062)
(-0.08163 0.12782 -0.04201)
(-0.07906 0.12929 -0.04241)
(-0.07770 0.11891 -0.04110)
(-0.07207 0.12728 -0.04699)
(-0.06560 0.11532 -0.04271)
(-0.06386 0.10691 -0.04255)
(-0.06086 0.11618 -0.04482)
(-0.05413 0.09409 -0.04112)
(-0.04695 0.08385 -0.04312)
(-0.04517 0.08128 -0.04338)
(-0.04360 0.07931 -0.04401)
(-0.04227 0.07750 -0.04452)
(-0.04075 0.07523 -0.04445)
(-0.03662 0.07062 -0.04436)
(-0.02568 0.05914 -0.03610)
(-0.00954 0.02274 -0.01379)
(0.00105 -0.00281 0.00151)
(0.00013 -0.00003 -0.00016)
(-0.00188 0.00051 0.00238)
(-0.01203 0.00329 0.01465)
(-0.03207 0.00619 0.02985)
(-0.02990 0.00614 0.03242)
(-0.03050 0.00392 0.03305)
(-0.02376 0.00543 0.03433)
(-0.02614 -0.00030 0.03147)
(-0.02560 -0.00814 0.03510)
(-0.01645 -0.00691 0.03047)
(-0.01715 -0.00870 0.03291)
(-0.01907 -0.01667 0.03353)
(-0.01184 -0.02043 0.02442)
(0.00027 -0.03188 0.02111)
(0.00426 -0.03712 0.02033)
(0.00583 -0.02840 0.00638)
(0.00176 -0.02585 0.00484)
(-0.00023 -0.01295 0.00410)
(0.00012 -0.00905 0.00199)
(-0.00022 0.01107 -0.01250)
(-0.00307 0.02077 -0.01880)
(-0.01306 0.03632 -0.02990)
(-0.01384 0.03758 -0.02430)
(-0.01729 0.04346 -0.03259)
(-0.02227 0.05371 -0.03538)
(-0.02533 0.05729 -0.04150)
(-0.03997 0.07060 -0.04648)
(-0.05021 0.07529 -0.05194)
(-0.06219 0.08176 -0.05919)
(-0.05917 0.08306 -0.05458)
(-0.06702 0.08936 -0.06220)
(-0.07677 0.09419 -0.06680)
(-0.07670 0.09793 -0.07242)
(-0.08146 0.11068 -0.07100)
(-0.08489 0.11879 -0.06545)
(-0.07488 0.12505 -0.06370)
(-0.08447 0.13063 -0.06196)
(-0.07302 0.13137 -0.06046)
(-0.07288 0.14337 -0.05331)
(-0.07143 0.14395 -0.05315)
(-0.06594 0.13005 -0.05441)
(-0.06326 0.12357 -0.04667)
(-0.05643 0.11661 -0.04611)
(-0.05288 0.10557 -0.04561)
(-0.05305 0.10080 -0.04690)
(-0.04831 0.08780 -0.04561)
(-0.04121 0.08056 -0.04853)
(-0.03855 0.07228 -0.04629)
(-0.03592 0.06706 -0.04339)
(-0.03136 0.06335 -0.04401)
(-0.03635 0.06892 -0.04348)
(-0.03229 0.06137 -0.04353)
(-0.01436 0.03189 -0.02016)
(-0.00072 0.00190 -0.00109)
(0.00180 -0.00409 0.00232)
(-0.00048 0.00020 0.00145)
(-0.00478 0.00133 0.00689)
(-0.02691 0.00922 0.03394)
(-0.01799 0.00958 0.03205)
(-0.02181 0.00785 0.03388)
(-0.02335 0.00641 0.03405)
(-0.02149 0.00870 0.03362)
(-0.01718 -0.00265 0.03082)
(-0.01493 -0.00744 0.03002)
(-0.00725 -0.01389 0.01819)
(-0.00994 -0.01574 0.02184)
(-0.00404 -0.02455 0.01919)
(0.00205 -0.02761 0.01139)
(0.00662 -0.02720 -0.00207)
(0.01228 -0.00887 -0.01937)
(0.01158 -0.00394 -0.02304)
(0.00740 -0.00544 -0.01476)
(0.00382 0.00654 -0.02078)
(0.00136 0.01843 -0.02468)
(-0.01008 0.03437 -0.03215)
(-0.01819 0.04476 -0.03779)
(-0.01974 0.05207 -0.03624)
(-0.02260 0.05896 -0.03565)
(-0.03842 0.06847 -0.04203)
(-0.05797 0.08481 -0.04546)
(-0.06171 0.08759 -0.04699)
(-0.06618 0.08992 -0.05864)
(-0.07419 0.09734 -0.06203)
(-0.08209 0.11172 -0.06560)
(-0.08216 0.11465 -0.06675)
(-0.06983 0.11967 -0.06723)
(-0.06745 0.12555 -0.06859)
(-0.07212 0.12853 -0.06255)
(-0.07128 0.13403 -0.06505)
(-0.06688 0.13853 -0.05448)
(-0.06301 0.13445 -0.05596)
(-0.05476 0.13039 -0.05774)
(-0.05177 0.12175 -0.05324)
(-0.04999 0.11788 -0.05263)
(-0.04903 0.11257 -0.04717)
(-0.04897 0.09922 -0.04598)
(-0.04554 0.10428 -0.04670)
(-0.04252 0.09161 -0.04812)
(-0.04368 0.08288 -0.04692)
(-0.04325 0.07730 -0.04278)
(-0.03681 0.07041 -0.04272)
(-0.03287 0.06567 -0.04190)
(-0.03198 0.05915 -0.04401)
(-0.03775 0.06741 -0.04106)
(-0.02162 0.04220 -0.02697)
(-0.00370 0.00827 -0.00480)
(-0.00232 0.00456 -0.00189)
(0.00067 -0.00022 -0.00250)
(-0.00316 0.00144 0.00979)
(-0.00026 0.00009 0.00097)
(-0.00334 0.00150 0.01231)
(-0.00910 0.00536 0.02922)
(-0.01978 0.01003 0.03291)
(-0.00986 0.00730 0.03108)
(-0.01647 0.00615 0.03255)
(-0.01417 0.00195 0.02981)
(-0.01873 0.00480 0.03045)
(-0.01212 0.00079 0.02662)
(-0.01142 -0.00427 0.02723)
(-0.00694 -0.00786 0.02330)
(0.00317 -0.01843 0.00354)
(0.00539 -0.02139 -0.00035)
(0.00854 -0.02435 -0.00203)
(0.00982 -0.00963 -0.01662)
(0.01115 -0.00443 -0.02589)
(0.01000 0.00054 -0.02746)
(0.00519 0.00998 -0.03314)
(-0.00825 0.02837 -0.04088)
(-0.01743 0.04024 -0.04049)
(-0.03727 0.05133 -0.05145)
(-0.02088 0.04985 -0.03748)
(-0.03356 0.06136 -0.04366)
(-0.04818 0.07485 -0.04427)
(-0.05911 0.08494 -0.04526)
(-0.06213 0.08696 -0.04639)
(-0.06387 0.08969 -0.04781)
(-0.07179 0.10279 -0.05586)
(-0.08152 0.11100 -0.06389)
(-0.08212 0.11320 -0.06526)
(-0.07319 0.11553 -0.06756)
(-0.07001 0.12328 -0.07128)
(-0.06305 0.13153 -0.06900)
(-0.05295 0.13071 -0.06807)
(-0.05219 0.13152 -0.06745)
(-0.05330 0.13148 -0.06139)
(-0.04690 0.12160 -0.05678)
(-0.04966 0.12094 -0.05463)
(-0.04803 0.11739 -0.05383)
(-0.04834 0.11457 -0.05182)
(-0.04483 0.10880 -0.04694)
(-0.04471 0.09556 -0.04116)
(-0.04619 0.08419 -0.03864)
(-0.04416 0.08174 -0.03863)
(-0.04191 0.07605 -0.03689)
(-0.03982 0.07624 -0.03447)
(-0.03553 0.07019 -0.03711)
(-0.04001 0.07272 -0.03545)
(-0.02923 0.05572 -0.02401)
(-0.00565 0.01097 -0.00437)
(0.00054 -0.00016 -0.00247)
(-0.00098 0.00035 0.00449)
(-0.00657 0.00357 0.02623)
(-0.00443 0.00223 0.02100)
(-0.00573 0.00322 0.02764)
(-0.00544 0.00506 0.03022)
(-0.00859 0.00555 0.03088)
(-0.00644 0.00290 0.02811)
(-0.00102 -0.00208 0.02384)
(-0.00094 -0.00344 0.02259)
(-0.00079 -0.00794 0.02169)
(0.00302 -0.01710 0.00334)
(0.00489 -0.01859 -0.00058)
(0.00638 -0.01984 -0.00534)
(0.00647 -0.02136 -0.00502)
(0.00374 -0.01363 -0.01790)
(0.01145 -0.00611 -0.02673)
(0.01004 -0.00157 -0.03177)
(-0.00112 0.00696 -0.04393)
(0.00787 0.00505 -0.03181)
(-0.01196 0.02745 -0.04585)
(-0.01504 0.03098 -0.04660)
(-0.03814 0.05015 -0.05423)
(-0.03987 0.05475 -0.05029)
(-0.04215 0.05709 -0.04974)
(-0.06100 0.08499 -0.04540)
(-0.06292 0.08572 -0.04619)
(-0.06453 0.08898 -0.04704)
(-0.06658 0.09094 -0.04727)
(-0.07060 0.10036 -0.05437)
(-0.07045 0.10514 -0.05388)
(-0.07246 0.11554 -0.07088)
(-0.06411 0.11319 -0.06984)
(-0.06178 0.12627 -0.06731)
(-0.05322 0.12871 -0.07023)
(-0.05145 0.12790 -0.07078)
(-0.05020 0.12920 -0.06906)
(-0.04525 0.12225 -0.06622)
(-0.04780 0.11977 -0.05622)
(-0.04626 0.11655 -0.05522)
(-0.04643 0.11390 -0.05253)
(-0.04235 0.10668 -0.04527)
(-0.04306 0.09659 -0.03691)
(-0.04380 0.09536 -0.03672)
(-0.04319 0.08986 -0.02961)
(-0.04064 0.08588 -0.02783)
(-0.04065 0.08434 -0.02859)
(-0.04097 0.08598 -0.02678)
(-0.04102 0.08462 -0.02755)
(-0.04091 0.08331 -0.02820)
(-0.04118 0.07493 -0.03410)
(-0.03976 0.07499 -0.03078)
(-0.03736 0.07076 -0.02663)
(-0.00931 0.01782 -0.00661)
(0.00279 -0.00538 0.00198)
(0.00018 -0.00006 -0.00099)
(-0.00139 0.00060 0.00789)
(-0.00233 0.00497 0.02735)
(-0.00567 0.00709 0.03119)
(-0.00299 0.00550 0.03280)
(-0.00312 0.00577 0.02999)
(-0.00157 0.00285 0.02841)
(-0.00019 -0.00118 0.02402)
(-0.00008 -0.00277 0.02253)
(0.00117 -0.00385 0.01871)
(0.00179 -0.00646 0.01130)
(0.00488 -0.01750 -0.00028)
(0.00643 -0.01881 -0.00490)
(0.00907 -0.02260 -0.01677)
(0.00748 -0.02096 -0.01155)
(0.00494 -0.01849 -0.03542)
(0.00512 -0.00844 -0.03909)
(-0.00315 0.00198 -0.04927)
(-0.01343 0.01766 -0.05805)
(-0.01981 0.03280 -0.05731)
(-0.03314 0.04006 -0.05803)
(-0.04118 0.05314 -0.05267)
(-0.04130 0.05018 -0.05507)
(-0.04383 0.05564 -0.05154)
(-0.05691 0.07067 -0.04951)
(-0.06480 0.07379 -0.04561)
(-0.06515 0.08745 -0.04659)
(-0.07059 0.09158 -0.04913)
(-0.07981 0.09696 -0.05063)
(-0.07885 0.10099 -0.04987)
(-0.06341 0.10713 -0.05914)
(-0.05994 0.10823 -0.06309)
(-0.06155 0.11753 -0.06975)
(-0.05923 0.12497 -0.07188)
(-0.05143 0.12612 -0.07318)
(-0.04954 0.12698 -0.07100)
(-0.04851 0.11966 -0.06816)
(-0.04427 0.11889 -0.06363)
(-0.04664 0.11324 -0.05713)
(-0.04016 0.10711 -0.04718)
(-0.03720 0.09951 -0.03856)
(-0.03940 0.09781 -0.03444)
(-0.04088 0.09077 -0.03372)
(-0.04098 0.09484 -0.03030)
(-0.03983 0.08979 -0.02808)
(-0.04084 0.08748 -0.02551)
(-0.04153 0.08617 -0.02619)
(-0.03840 0.08287 -0.02603)
(-0.04510 0.08098 -0.02672)
(-0.04119 0.07762 -0.02936)
(-0.04321 0.08078 -0.02820)
(-0.01333 0.02522 -0.00853)
(0.00059 -0.00112 0.00037)
(-0.00002 0.00002 0.00050)
(-0.00105 0.00142 0.01377)
(-0.00022 0.00070 0.01060)
(-0.00265 0.00359 0.03090)
(-0.00296 0.00415 0.03254)
(-0.00218 0.00713 0.03268)
(-0.00201 0.00554 0.03202)
(0.00107 0.00462 0.02840)
(-0.00105 0.00190 0.02744)
(0.00071 -0.00188 0.02280)
(-0.00043 -0.00286 0.01940)
(0.00343 -0.00653 0.00985)
(0.00678 -0.01436 -0.00431)
(0.00766 -0.01868 -0.01481)
(0.00384 -0.01669 -0.03774)
(0.00867 -0.02221 -0.05764)
(-0.00317 -0.01173 -0.05101)
(-0.01458 0.01462 -0.05704)
(-0.01802 0.00116 -0.05848)
(-0.03238 0.02812 -0.06141)
(-0.03886 0.02994 -0.05794)
(-0.04674 0.03992 -0.05528)
(-0.04406 0.05237 -0.05348)
(-0.05823 0.06241 -0.04843)
(-0.06440 0.06065 -0.04618)
(-0.06597 0.07727 -0.04283)
(-0.07639 0.08354 -0.04444)
(-0.07821 0.09127 -0.04861)
(-0.08220 0.09536 -0.04789)
(-0.07448 0.10561 -0.05724)
(-0.08309 0.11100 -0.06732)
(-0.06953 0.11615 -0.07487)
(-0.07031 0.11661 -0.07837)
(-0.06790 0.11537 -0.08455)
(-0.05938 0.12044 -0.07743)
(-0.05571 0.11648 -0.07187)
(-0.04200 0.11249 -0.06639)
(-0.04253 0.11080 -0.06423)
(-0.04482 0.10639 -0.04843)
(-0.04123 0.09960 -0.03885)
(-0.03977 0.09616 -0.03285)
(-0.03812 0.09570 -0.02780)
(-0.04161 0.08951 -0.02351)
(-0.03731 0.09186 -0.02762)
(-0.04200 0.08903 -0.02450)
(-0.03631 0.09166 -0.02770)
(-0.04097 0.08697 -0.02593)
(-0.04342 0.08694 -0.02645)
(-0.04680 0.09081 -0.02757)
(-0.04272 0.08518 -0.03067)
(-0.01915 0.03315 -0.01232)
(-0.00154 0.00249 -0.00072)
(-0.00008 0.00010 0.00214)
(-0.00143 0.00168 0.01972)
(-0.00140 0.00347 0.03224)
(-0.00171 0.00725 0.03371)
(-0.00224 0.00899 0.03377)
(-0.00169 0.00816 0.03074)
(-0.00060 0.00509 0.02643)
(-0.00037 0.00405 0.02714)
(-0.00011 0.00279 0.02378)
(0.00289 -0.00161 0.01812)
(0.00641 -0.01099 0.00196)
(0.00817 -0.01740 -0.00821)
(0.00440 -0.02049 -0.02577)
(0.00286 -0.01785 -0.01911)
(0.00455 -0.01754 -0.04481)
(-0.00450 -0.01205 -0.04670)
(-0.02363 -0.00007 -0.05183)
(-0.02734 0.00896 -0.05711)
(-0.03829 0.01793 -0.05994)
(-0.04444 0.02692 -0.05703)
(-0.05758 0.04450 -0.05099)
(-0.06580 0.05565 -0.04780)
(-0.06661 0.05848 -0.04528)
(-0.07271 0.06776 -0.04508)
(-0.07702 0.07746 -0.04315)
(-0.08136 0.07862 -0.04596)
(-0.08512 0.08390 -0.04861)
(-0.08134 0.09827 -0.05887)
(-0.09511 0.10562 -0.07130)
(-0.07874 0.11053 -0.07590)
(-0.07311 0.11149 -0.08032)
(-0.07550 0.11207 -0.08631)
(-0.06392 0.11350 -0.08151)
(-0.06623 0.11160 -0.07631)
(-0.04357 0.11181 -0.06634)
(-0.04792 0.10928 -0.05930)
(-0.04478 0.10636 -0.04783)
(-0.04387 0.10236 -0.03888)
(-0.03930 0.09821 -0.03572)
(-0.03521 0.09610 -0.02798)
(-0.03915 0.09795 -0.02619)
(-0.04010 0.09753 -0.02251)
(-0.03324 0.09604 -0.02478)
(-0.03628 0.09298 -0.02647)
(-0.03558 0.09276 -0.02767)
(-0.04262 0.09118 -0.02700)
(-0.04572 0.09083 -0.02598)
(-0.04794 0.08746 -0.02694)
(-0.03572 0.05706 -0.02123)
(-0.01654 0.02807 -0.01036)
(-0.00253 0.00421 -0.00150)
(0.00026 0.00011 -0.00142)
(-0.00083 -0.00009 0.00525)
(-0.00267 0.00002 0.01847)
(-0.00444 0.00381 0.03366)
(-0.00304 0.00755 0.03521)
(-0.00308 0.00861 0.03547)
(-0.00213 0.00677 0.03174)
(-0.00283 0.00943 0.03553)
(-0.00009 0.00602 0.02843)
(0.00002 0.00438 0.02535)
(0.00086 0.00229 0.02302)
(0.00363 -0.00111 0.01680)
(0.00423 -0.00680 0.00551)
(0.00532 -0.01025 0.00065)
(0.00127 -0.01438 -0.01289)
(0.00125 -0.01869 -0.02727)
(0.00080 -0.01606 -0.01937)
(-0.00440 -0.01399 -0.03654)
(-0.02421 -0.00146 -0.04879)
(-0.02808 0.00383 -0.05126)
(-0.03155 0.00638 -0.05118)
(-0.03966 0.01507 -0.05303)
(-0.05813 0.04050 -0.05055)
(-0.06650 0.04713 -0.04492)
(-0.06913 0.04626 -0.04021)
(-0.06755 0.04881 -0.04102)
(-0.07323 0.05960 -0.04319)
(-0.07633 0.06731 -0.04108)
(-0.08061 0.06756 -0.04483)
(-0.08206 0.07000 -0.04609)
(-0.08033 0.08969 -0.05752)
(-0.09668 0.10349 -0.07108)
(-0.09511 0.10706 -0.07523)
(-0.09000 0.10919 -0.08258)
(-0.08623 0.10719 -0.08255)
(-0.08214 0.11414 -0.08473)
(-0.07374 0.10710 -0.07056)
(-0.06415 0.10954 -0.07041)
(-0.06034 0.10222 -0.05979)
(-0.04632 0.10400 -0.04256)
(-0.04594 0.10369 -0.03919)
(-0.04337 0.10283 -0.03608)
(-0.04235 0.10421 -0.03421)
(-0.03352 0.09527 -0.02492)
(-0.03163 0.09777 -0.02635)
(-0.03555 0.09407 -0.02746)
(-0.03720 0.09218 -0.03547)
(-0.03534 0.09106 -0.03232)
(-0.04104 0.09371 -0.02916)
(-0.04407 0.08894 -0.03357)
(-0.04401 0.09037 -0.03201)
(-0.04793 0.08009 -0.03318)
(-0.03584 0.05236 -0.02025)
(-0.00399 0.00556 -0.00205)
(-0.00394 0.00523 -0.00215)
(-0.00107 -0.00063 0.00410)
(-0.00579 -0.00239 0.02522)
(-0.00401 0.00739 0.03601)
(-0.00378 0.00801 0.03603)
(-0.00345 0.00879 0.03600)
(-0.00302 0.00988 0.03610)
(0.00002 0.00799 0.03105)
(0.00179 0.00626 0.02984)
(0.00086 0.00331 0.02411)
(0.00371 0.00060 0.02163)
(0.00624 -0.00651 0.00549)
(0.00290 -0.01431 -0.01208)
(0.00129 -0.01433 -0.01445)
(-0.00117 -0.01597 -0.02140)
(-0.01200 -0.00879 -0.02445)
(-0.02775 0.00155 -0.04812)
(-0.02687 0.00043 -0.04425)
(-0.03105 0.00418 -0.04784)
(-0.04000 0.01005 -0.04382)
(-0.05230 0.02075 -0.04212)
(-0.05225 0.02283 -0.04509)
(-0.05848 0.02990 -0.04417)
(-0.06132 0.02912 -0.03929)
(-0.06309 0.03136 -0.03796)
(-0.07569 0.05021 -0.04031)
(-0.08060 0.06416 -0.04408)
(-0.08178 0.06634 -0.04591)
(-0.08304 0.07157 -0.04820)
(-0.08668 0.08512 -0.06218)
(-0.09785 0.10503 -0.07448)
(-0.10083 0.10765 -0.07629)
(-0.09718 0.10655 -0.08269)
(-0.09150 0.10989 -0.08330)
(-0.07967 0.10763 -0.07051)
(-0.07383 0.10661 -0.06731)
(-0.07384 0.10645 -0.06426)
(-0.04922 0.10477 -0.04197)
(-0.04796 0.10510 -0.03970)
(-0.04452 0.10440 -0.03710)
(-0.04185 0.10573 -0.03618)
(-0.03423 0.10264 -0.02816)
(-0.03592 0.10640 -0.03768)
(-0.04276 0.10076 -0.04572)
(-0.04312 0.10003 -0.04627)
(-0.03896 0.09154 -0.03900)
(-0.04124 0.09130 -0.03701)
(-0.04282 0.09100 -0.03582)
(-0.05130 0.07681 -0.03407)
(-0.04119 0.05783 -0.02486)
(-0.02329 0.03174 -0.01337)
(-0.04270 0.05708 -0.02636)
(-0.00647 0.00812 -0.00358)
(-0.00029 -0.00019 0.00103)
(-0.00227 -0.00136 0.00807)
(-0.00160 -0.00100 0.00526)
(-0.00567 -0.00288 0.02005)
(-0.00753 -0.00035 0.03356)
(-0.00663 0.00347 0.03530)
(-0.00464 0.00861 0.03710)
(-0.00480 0.00965 0.03789)
(-0.00384 0.00915 0.03660)
(-0.00063 0.00755 0.03796)
(-0.00086 0.01112 0.03722)
(0.00219 0.00907 0.03327)
(0.00592 0.00394 0.02987)
(0.00522 0.00181 0.02326)
(0.00715 -0.00557 0.01908)
(0.00670 -0.00889 -0.00023)
(0.00198 -0.01233 -0.01031)
(-0.00070 -0.01411 -0.01664)
(-0.00478 -0.01285 -0.01979)
(-0.02389 0.00387 -0.01879)
(-0.02975 0.00276 -0.04396)
(-0.04246 0.00860 -0.03365)
(-0.05400 0.01766 -0.02999)
(-0.05724 0.02298 -0.03747)
(-0.06227 0.02575 -0.03866)
(-0.06192 0.02892 -0.03739)
(-0.07205 0.03977 -0.03779)
(-0.07625 0.05281 -0.04199)
(-0.07993 0.06160 -0.04564)
(-0.08367 0.06900 -0.04898)
(-0.09613 0.08300 -0.06168)
(-0.10018 0.09901 -0.07247)
(-0.10408 0.10237 -0.07622)
(-0.10682 0.10432 -0.08027)
(-0.09931 0.10864 -0.08345)
(-0.08890 0.11101 -0.07472)
(-0.07833 0.10707 -0.06695)
(-0.07688 0.10734 -0.06333)
(-0.06605 0.11061 -0.04869)
(-0.05285 0.10991 -0.04140)
(-0.04539 0.10597 -0.03834)
(-0.04479 0.11003 -0.03976)
(-0.03450 0.10735 -0.03746)
(-0.03577 0.11433 -0.04613)
(-0.03915 0.10843 -0.04468)
(-0.04094 0.10447 -0.05023)
(-0.04147 0.10205 -0.05001)
(-0.04255 0.09552 -0.04635)
(-0.04691 0.08364 -0.03949)
(-0.05167 0.07559 -0.03670)
(-0.05391 0.07447 -0.03719)
(-0.05601 0.07281 -0.03586)
(-0.03911 0.04899 -0.02342)
(-0.00732 0.00792 -0.00393)
(0.00603 -0.00635 0.00306)
(-0.00019 -0.00017 0.00048)
(-0.00230 -0.00200 0.00595)
(-0.00895 -0.00344 0.03279)
(-0.00670 -0.00412 0.01897)
(-0.01170 -0.00344 0.03486)
(-0.00835 0.00202 0.03685)
(-0.00834 0.00496 0.03918)
(-0.00849 0.00474 0.04232)
(-0.00597 0.00531 0.04286)
(-0.00224 0.00813 0.04155)
(0.00214 0.01231 0.03832)
(0.00412 0.00740 0.03810)
(0.00815 -0.00069 0.03167)
(0.00640 -0.00177 0.02921)
(0.00464 -0.00482 0.01931)
(0.00435 -0.00606 0.01784)
(-0.00561 -0.00052 0.00846)
(0.00004 -0.01191 -0.01238)
(-0.00769 -0.00619 -0.01062)
(-0.02042 0.00411 -0.00923)
(-0.03062 0.00823 -0.01888)
(-0.04116 0.01233 -0.02146)
(-0.04793 0.01723 -0.02188)
(-0.05608 0.01917 -0.03032)
(-0.05810 0.02046 -0.02657)
(-0.06908 0.02956 -0.02477)
(-0.07151 0.03791 -0.03093)
(-0.07817 0.04546 -0.03635)
(-0.07605 0.04567 -0.03876)
(-0.09039 0.06465 -0.05008)
(-0.09745 0.07848 -0.06105)
(-0.09941 0.08882 -0.07061)
(-0.11198 0.10255 -0.07216)
(-0.11248 0.10636 -0.07547)
(-0.10994 0.10857 -0.07845)
(-0.10754 0.11230 -0.07192)
(-0.08180 0.10762 -0.06645)
(-0.08557 0.11327 -0.05919)
(-0.07662 0.11834 -0.05393)
(-0.07193 0.11803 -0.04665)
(-0.06306 0.12114 -0.04821)
(-0.05687 0.12115 -0.04878)
(-0.03701 0.11813 -0.04894)
(-0.03665 0.11452 -0.05191)
(-0.03943 0.11178 -0.05075)
(-0.04155 0.10909 -0.05876)
(-0.04145 0.10025 -0.05692)
(-0.05105 0.09205 -0.05872)
(-0.05409 0.09063 -0.05260)
(-0.05924 0.08856 -0.06012)
(-0.06615 0.07805 -0.05179)
(-0.06049 0.06591 -0.04211)
(-0.03836 0.04000 -0.02523)
(-0.01169 0.01137 -0.00677)
(0.00511 -0.00428 0.00181)
(-0.00146 -0.00148 0.00324)
(-0.00799 -0.00726 0.01866)
(-0.01542 -0.00500 0.03654)
(-0.01437 0.00181 0.04052)
(-0.01263 0.00593 0.04337)
(-0.01089 0.00243 0.04344)
(-0.01055 0.00023 0.04686)
(-0.00663 0.00449 0.04363)
(-0.00474 0.00347 0.04638)
(-0.00303 0.00120 0.04651)
(-0.00137 0.00669 0.04304)
(0.00449 0.00553 0.04215)
(0.00656 -0.00024 0.03963)
(0.00504 -0.00055 0.04548)
(0.00590 -0.00064 0.04347)
(0.00471 -0.00312 0.02268)
(0.00606 0.00232 0.04355)
(0.00438 -0.00287 0.02367)
(-0.00530 0.00698 0.02594)
(-0.01394 0.00645 0.00762)
(-0.02258 0.00874 0.00051)
(-0.02357 0.00571 -0.01129)
(-0.04144 0.01456 -0.00898)
(-0.05246 0.02460 -0.00103)
(-0.05681 0.02110 -0.02003)
(-0.05790 0.02247 -0.02099)
(-0.07091 0.03120 -0.01820)
(-0.07045 0.03355 -0.02187)
(-0.07305 0.03730 -0.03104)
(-0.07751 0.04596 -0.03742)
(-0.08874 0.06112 -0.04553)
(-0.09299 0.07186 -0.05346)
(-0.10303 0.08581 -0.06922)
(-0.10962 0.09580 -0.06756)
(-0.12507 0.11231 -0.06888)
(-0.11344 0.11078 -0.07519)
(-0.11340 0.11253 -0.06818)
(-0.11383 0.12127 -0.06627)
(-0.11393 0.12857 -0.05997)
(-0.09336 0.12435 -0.05314)
(-0.07552 0.12183 -0.04712)
(-0.07469 0.13277 -0.05859)
(-0.06122 0.13097 -0.05302)
(-0.06270 0.13762 -0.06522)
(-0.04881 0.12457 -0.05940)
(-0.04428 0.12045 -0.06176)
(-0.04963 0.12198 -0.07719)
(-0.04958 0.11877 -0.07693)
(-0.04904 0.11086 -0.07586)
(-0.05298 0.11775 -0.07884)
(-0.05568 0.10149 -0.07076)
(-0.06967 0.08772 -0.06213)
(-0.07050 0.08594 -0.05991)
(-0.07379 0.07625 -0.04608)
(-0.02538 0.02383 -0.01343)
(-0.00469 0.00378 -0.00164)
(0.00182 -0.00145 0.00062)
(-0.00030 -0.00030 0.00061)
(-0.00458 -0.00449 0.00983)
(-0.01152 -0.01041 0.02631)
(-0.01613 -0.00796 0.03545)
(-0.01756 -0.00445 0.03978)
(-0.01543 -0.00505 0.04092)
(-0.01421 -0.00157 0.04486)
(-0.01141 -0.00209 0.05054)
(-0.00950 -0.00125 0.05064)
(-0.00869 -0.00247 0.05154)
(0.00013 0.00170 0.04739)
(0.00457 -0.00164 0.04752)
(0.00514 -0.00095 0.04598)
(0.00509 -0.00028 0.04659)
(-0.00056 0.00590 0.03893)
(-0.01074 0.01408 0.03775)
(-0.01521 0.01513 0.02144)
(-0.02794 0.02202 0.02150)
(-0.02918 0.01598 0.00713)
(-0.03677 0.02735 0.02014)
(-0.04206 0.02433 0.00465)
(-0.05377 0.02700 0.00310)
(-0.05478 0.02523 -0.00134)
(-0.05584 0.02511 -0.00501)
(-0.06614 0.02827 -0.01546)
(-0.07229 0.03261 -0.01879)
(-0.07398 0.03598 -0.02273)
(-0.07917 0.04570 -0.02550)
(-0.08630 0.05851 -0.04195)
(-0.09204 0.07112 -0.04552)
(-0.10014 0.08189 -0.05847)
(-0.11538 0.09807 -0.06613)
(-0.12469 0.11261 -0.06697)
(-0.12663 0.11513 -0.06815)
(-0.12028 0.11868 -0.06459)
(-0.12210 0.12870 -0.06498)
(-0.11542 0.12606 -0.06319)
(-0.10154 0.12693 -0.05789)
(-0.08609 0.13235 -0.05695)
(-0.07616 0.14083 -0.06270)
(-0.07088 0.13972 -0.06410)
(-0.07020 0.14135 -0.06709)
(-0.06301 0.13265 -0.06699)
(-0.05703 0.12558 -0.07857)
(-0.05457 0.12131 -0.08040)
(-0.05663 0.11449 -0.07961)
(-0.06509 0.10492 -0.07064)
(-0.08290 0.10958 -0.06718)
(-0.08342 0.10098 -0.06260)
(-0.08490 0.09609 -0.05847)
(-0.08561 0.08891 -0.04548)
(-0.03090 0.02798 -0.01491)
(-0.00228 0.00204 -0.00109)
(-0.00032 -0.00020 0.00043)
(-0.00953 -0.00569 0.01326)
(-0.02176 -0.01186 0.03223)
(-0.02753 -0.01102 0.04107)
(-0.02409 -0.00907 0.03975)
(-0.01730 -0.00622 0.04334)
(-0.01630 -0.00758 0.04570)
(-0.01667 -0.00494 0.04428)
(-0.01251 -0.00416 0.05083)
(-0.01076 -0.00346 0.05136)
(-0.01214 -0.00526 0.05183)
(-0.00991 -0.00454 0.05236)
(-0.00801 -0.00365 0.05270)
(-0.00073 -0.00391 0.05316)
(0.00431 -0.00168 0.04827)
(0.00378 -0.00078 0.04915)
(-0.00767 0.00932 0.04305)
(-0.01256 0.01330 0.04357)
(-0.02500 0.02157 0.03300)
(-0.03536 0.03114 0.03298)
(-0.03965 0.03294 0.03182)
(-0.04427 0.02664 0.01418)
(-0.05593 0.02957 0.00715)
(-0.05606 0.02746 0.00290)
(-0.05775 0.02730 0.00263)
(-0.06806 0.02982 -0.00653)
(-0.07241 0.03223 -0.01591)
(-0.07630 0.03712 -0.01559)
(-0.08279 0.05074 -0.03344)
(-0.09579 0.07683 -0.04690)
(-0.10815 0.09046 -0.05084)
(-0.12644 0.11577 -0.06649)
(-0.11767 0.12193 -0.06201)
(-0.11688 0.12810 -0.06255)
(-0.09782 0.13606 -0.05884)
(-0.07482 0.14221 -0.06558)
(-0.07053 0.14356 -0.07015)
(-0.05603 0.12534 -0.08196)
(-0.08187 0.12256 -0.07690)
(-0.03999 0.03771 -0.01739)
(-0.00167 -0.00110 0.00199)
(-0.01623 -0.00827 0.02107)
(-0.03170 -0.01161 0.04345)
(-0.02586 -0.01168 0.03169)
(-0.03287 -0.01215 0.04388)
(-0.03140 -0.01129 0.04484)
(-0.02324 -0.01120 0.04688)
(-0.01389 -0.00594 0.05107)
(-0.01398 -0.00682 0.05223)
(-0.01132 -0.00613 0.05297)
(-0.00915 -0.00823 0.05482)
(-0.00766 -0.00303 0.05855)
(-0.00569 -0.00449 0.06013)
(-0.00166 -0.00026 0.05479)
(-0.01215 0.00990 0.05866)
(-0.00932 0.01054 0.05091)
(-0.01589 0.01690 0.05463)
(-0.02662 0.02350 0.04154)
(-0.02750 0.02738 0.05435)
(-0.03690 0.03246 0.03666)
(-0.04160 0.03445 0.03480)
(-0.04705 0.03387 0.02851)
(-0.05961 0.03551 0.01828)
(-0.05954 0.03119 0.00889)
(-0.05983 0.02915 0.00629)
(-0.07023 0.02893 -0.00585)
(0.00297 0.00184 -0.00287)
(-0.00914 -0.00477 0.00900)
(-0.03519 -0.01538 0.03540)
(-0.03352 -0.01368 0.03918)
(-0.03232 -0.01350 0.04287)
(-0.03105 -0.01183 0.04430)
(-0.02538 -0.01278 0.04699)
(-0.02568 -0.01267 0.04900)
(-0.02688 -0.01365 0.04863)
(-0.02056 -0.01167 0.05399)
(-0.01610 -0.01338 0.05648)
(-0.01624 -0.01085 0.05789)
(-0.00721 -0.00811 0.06219)
(-0.00536 -0.00893 0.06337)
(-0.00906 0.00347 0.05931)
(-0.01382 0.01113 0.06125)
(-0.02072 0.02104 0.05801)
(-0.03299 0.02822 0.05429)
(-0.04029 0.03427 0.04136)
(-0.05569 0.04005 0.03340)
(-0.06567 0.04021 0.02669)
(0.00308 0.00165 -0.00277)
(-0.00220 -0.00116 0.00199)
(-0.01581 -0.00793 0.01380)
(-0.03667 -0.01538 0.03790)
(-0.03629 -0.01549 0.03909)
(-0.03789 -0.01569 0.04311)
(-0.03235 -0.01523 0.04858)
(-0.02796 -0.01468 0.05304)
(-0.02338 -0.01453 0.05596)
(-0.01835 -0.01060 0.05643)
(-0.01162 -0.00846 0.06131)
(-0.01251 -0.00457 0.06175)
(-0.01655 0.00256 0.06160)
(-0.02623 0.01427 0.06179)
(-0.02242 0.01769 0.05979)
(-0.03330 0.02481 0.06038)
(-0.04034 0.03417 0.05141)
(-0.00075 -0.00038 0.00061)
(-0.02066 -0.00832 0.01819)
(-0.03062 -0.01185 0.02978)
(-0.03894 -0.01523 0.03874)
(-0.03796 -0.01553 0.04021)
(-0.03912 -0.01559 0.04108)
(-0.03999 -0.01446 0.04507)
(-0.03728 -0.01439 0.04978)
(-0.03040 -0.01458 0.05227)
(-0.03440 -0.01296 0.05176)
(-0.02945 -0.01046 0.05574)
(-0.02835 -0.00758 0.05669)
(-0.02210 -0.00848 0.05881)
(-0.02931 -0.00569 0.05887)
(-0.02449 -0.00318 0.06106)
(-0.02283 0.00561 0.06242)
(-0.00208 -0.00106 0.00163)
(-0.02883 -0.01238 0.02600)
(-0.04063 -0.01515 0.03964)
(-0.04372 -0.01666 0.03787)
(-0.04023 -0.01578 0.03964)
(-0.03960 -0.01491 0.04163)
(-0.04301 -0.01274 0.04823)
(-0.03565 -0.01282 0.05149)
(-0.03242 -0.00977 0.05757)
(-0.03157 -0.00662 0.05821)
(0.00047 0.00021 -0.00035)
(-0.01423 -0.00576 0.01042)
(-0.03649 -0.01233 0.02850)
(-0.07798 0.04222 -0.01731)
(-0.09229 0.07078 -0.04210)
(-0.12423 0.11357 -0.06478)
(-0.12767 0.12080 -0.06459)
(-0.10435 0.12937 -0.05800)
(-0.08446 0.14410 -0.06413)
(-0.07349 0.14384 -0.06858)
(-0.06892 0.13998 -0.07952)
(-0.07762 0.13591 -0.07328)
(-0.09301 0.12155 -0.07482)
(-0.08672 0.10983 -0.06554)
(-0.09521 0.09640 -0.04944)
(-0.09496 0.09416 -0.04679)
(-0.09433 0.09143 -0.04392)
(-0.00903 0.00842 -0.00382)
(-0.06961 0.03094 0.00407)
(-0.07307 0.03373 -0.00856)
(-0.07557 0.03865 -0.01325)
(-0.08284 0.04722 -0.02462)
(-0.09297 0.06832 -0.03676)
(-0.09571 0.07681 -0.04353)
(-0.10540 0.09373 -0.04630)
(-0.11610 0.10896 -0.05096)
(-0.12576 0.11665 -0.06456)
(-0.12380 0.11807 -0.05829)
(-0.11987 0.12471 -0.06194)
(-0.11720 0.12982 -0.06055)
(-0.10560 0.12943 -0.05866)
(-0.10312 0.13147 -0.05793)
(-0.09394 0.14378 -0.06388)
(-0.07757 0.14427 -0.06641)
(-0.07563 0.14591 -0.06945)
(-0.07295 0.14911 -0.07516)
(-0.07767 0.15990 -0.08049)
(-0.07337 0.14241 -0.08039)
(-0.09298 0.14696 -0.07695)
(-0.10028 0.13844 -0.07390)
(-0.10835 0.13641 -0.06928)
(-0.10124 0.11481 -0.05869)
(-0.09851 0.09906 -0.04765)
(-0.09716 0.09489 -0.04334)
(-0.03735 0.03578 -0.01575)
(-0.00372 0.00354 -0.00153)
(-0.07518 0.04475 0.02534)
(-0.07214 0.03667 0.01223)
(-0.07262 0.03451 0.01038)
(-0.07437 0.02914 0.00521)
(-0.07652 0.03483 0.00222)
(-0.07891 0.03646 -0.01226)
(-0.08084 0.04472 -0.01825)
(-0.08990 0.06056 -0.02280)
(-0.09482 0.07593 -0.03972)
(-0.09769 0.07820 -0.02680)
(-0.10183 0.09066 -0.04168)
(-0.10925 0.11064 -0.04488)
(-0.11850 0.11452 -0.05426)
(-0.12211 0.11925 -0.05652)
(-0.12304 0.12592 -0.05949)
(-0.11649 0.13096 -0.06018)
(-0.11165 0.12822 -0.06064)
(-0.10339 0.13487 -0.05861)
(-0.09830 0.14597 -0.06143)
(-0.08644 0.14433 -0.06656)
(-0.08491 0.15475 -0.07108)
(-0.08884 0.16269 -0.07547)
(-0.07964 0.16905 -0.08817)
(-0.09338 0.16709 -0.07870)
(-0.10353 0.15858 -0.07583)
(-0.10980 0.14698 -0.07190)
(-0.11910 0.16100 -0.06731)
(-0.12168 0.14362 -0.06139)
(-0.11187 0.13215 -0.06001)
(-0.12429 0.14067 -0.05277)
(-0.10214 0.10550 -0.04999)
(-0.09953 0.09784 -0.04127)
(-0.04927 0.04871 -0.01946)
(-0.01158 0.01122 -0.00404)
(0.00443 -0.00431 0.00154)
(-0.05254 0.03975 0.04953)
(-0.05959 0.04309 0.04022)
(-0.06739 0.04296 0.03213)
(-0.07429 0.04361 0.02582)
(-0.07577 0.04014 0.01688)
(-0.08240 0.03789 0.01212)
(-0.07708 0.03173 0.00184)
(-0.08056 0.03604 -0.00197)
(-0.08460 0.04238 -0.00664)
(-0.08601 0.04632 -0.00941)
(-0.08756 0.05851 -0.01400)
(-0.09742 0.07456 -0.02176)
(-0.09839 0.08550 -0.02979)
(-0.10245 0.09300 -0.03432)
(-0.10988 0.11130 -0.04553)
(-0.11046 0.11443 -0.04956)
(-0.11249 0.11591 -0.05087)
(-0.11790 0.12626 -0.05620)
(-0.11354 0.12667 -0.05670)
(-0.11110 0.13700 -0.05990)
(-0.10819 0.14001 -0.05997)
(-0.09963 0.14511 -0.06001)
(-0.09128 0.14913 -0.06277)
(-0.09311 0.16058 -0.06417)
(-0.09085 0.16276 -0.06982)
(-0.09886 0.17159 -0.06199)
(-0.09449 0.16883 -0.07133)
(-0.11461 0.17482 -0.06632)
(-0.11725 0.17208 -0.06745)
(-0.13415 0.17535 -0.05769)
(-0.13682 0.16137 -0.05757)
(-0.12901 0.13668 -0.04695)
(-0.13533 0.15264 -0.04685)
(-0.12727 0.13089 -0.04227)
(-0.10750 0.11066 -0.03685)
(-0.01289 0.01331 -0.00359)
(0.01007 -0.01081 0.00290)
(-0.08772 0.09223 -0.02551)
(-0.02770 0.01449 0.06130)
(-0.02950 0.01763 0.06103)
(-0.03270 0.02067 0.05999)
(-0.04231 0.03094 0.05463)
(-0.05320 0.04016 0.04966)
(-0.05835 0.04110 0.04266)
(-0.05490 0.04080 0.04685)
(-0.06515 0.04318 0.03644)
(-0.07396 0.04291 0.02486)
(-0.07914 0.04073 0.01680)
(-0.08442 0.03866 0.00654)
(-0.08333 0.03634 0.00511)
(-0.08410 0.03893 -0.00174)
(-0.08571 0.04565 -0.00820)
(-0.08652 0.04940 -0.00869)
(-0.09216 0.06823 -0.01551)
(-0.09996 0.08146 -0.02551)
(-0.10162 0.09001 -0.02642)
(-0.10888 0.10482 -0.03897)
(-0.09815 0.09042 -0.02497)
(-0.11016 0.11301 -0.04813)
(-0.11052 0.11288 -0.04925)
(-0.11176 0.11508 -0.05183)
(-0.10820 0.12699 -0.05736)
(-0.10826 0.13849 -0.05978)
(-0.10828 0.13545 -0.05963)
(-0.10243 0.14230 -0.05644)
(-0.09262 0.15314 -0.06314)
(-0.09438 0.15049 -0.05947)
(-0.09809 0.16591 -0.05795)
(-0.10638 0.17455 -0.05341)
(-0.10785 0.17880 -0.05836)
(-0.12475 0.17698 -0.05593)
(-0.13216 0.17851 -0.05775)
(-0.13871 0.17820 -0.05394)
(-0.14135 0.17571 -0.05333)
(-0.14422 0.15826 -0.03399)
(-0.13931 0.15090 -0.03481)
(-0.13134 0.14049 -0.03267)
(-0.07665 0.07843 -0.01593)
(-0.00906 0.00935 -0.00199)
(-0.04859 0.04859 -0.00572)
(-0.00918 0.00923 -0.00110)
(-0.03103 -0.00515 0.05848)
(-0.02942 -0.00420 0.05902)
(-0.03055 0.00250 0.05934)
(-0.02911 0.01473 0.06091)
(-0.03066 0.01743 0.06056)
(-0.03184 0.01724 0.06022)
(-0.03362 0.02037 0.05961)
(-0.05039 0.03471 0.05339)
(-0.04365 0.02824 0.05402)
(-0.05688 0.03740 0.04663)
(-0.06164 0.04221 0.04285)
(-0.07539 0.04450 0.02490)
(-0.08004 0.04525 0.02113)
(-0.08049 0.04161 0.01828)
(-0.08506 0.03912 0.00540)
(-0.08428 0.03743 0.00411)
(-0.08432 0.03683 0.00226)
(-0.08495 0.03884 -0.00248)
(-0.08556 0.04485 -0.00760)
(-0.08628 0.04816 -0.00814)
(-0.08933 0.05882 -0.00975)
(-0.09385 0.07648 -0.01760)
(-0.09620 0.08582 -0.02001)
(-0.09722 0.08778 -0.02278)
(-0.10610 0.10525 -0.04053)
(-0.10907 0.11027 -0.04776)
(-0.11023 0.11264 -0.05049)
(-0.10889 0.11019 -0.04902)
(-0.10530 0.11712 -0.05427)
(-0.09960 0.11748 -0.05766)
(-0.09935 0.13591 -0.05481)
(-0.09481 0.13878 -0.05236)
(-0.10433 0.17077 -0.05202)
(-0.10866 0.17515 -0.05060)
(-0.11155 0.17885 -0.05148)
(-0.13016 0.18191 -0.04666)
(-0.13714 0.18121 -0.05374)
(-0.14277 0.18069 -0.05059)
(-0.14491 0.17799 -0.05040)
(-0.15338 0.17636 -0.03917)
(-0.14464 0.15687 -0.02923)
(-0.13282 0.13793 -0.02201)
(-0.04400 0.04498 -0.00435)
(0.00901 -0.00930 0.00097)
(-0.00321 0.00330 -0.00032)
(-0.05044 -0.01802 0.03913)
(-0.05060 -0.01434 0.04378)
(-0.04468 -0.01464 0.04403)
(-0.04456 -0.01349 0.04826)
(-0.04628 -0.01454 0.04856)
(-0.04242 -0.01320 0.05156)
(-0.03673 -0.00952 0.05610)
(-0.03280 -0.00623 0.05790)
(-0.03391 -0.00572 0.05761)
(-0.03251 -0.00461 0.05812)
(-0.03119 -0.00346 0.05864)
(-0.03401 0.00425 0.05810)
(-0.03340 0.01316 0.05906)
(-0.03491 0.01322 0.05411)
(-0.04595 0.02730 0.05199)
(-0.05898 0.03811 0.04540)
(-0.06253 0.03664 0.03484)
(-0.07752 0.04487 0.02375)
(-0.07946 0.04468 0.02051)
(-0.08088 0.04313 0.01778)
(-0.08377 0.04135 0.00911)
(-0.08502 0.03798 0.00288)
(-0.08503 0.03734 0.00097)
(-0.08462 0.04097 -0.00218)
(-0.08490 0.04328 -0.00735)
(-0.08604 0.05042 -0.00738)
(-0.08778 0.05776 -0.00805)
(-0.09237 0.07167 -0.01336)
(-0.09527 0.08341 -0.01768)
(-0.09630 0.08524 -0.02050)
(-0.10081 0.09396 -0.02999)
(-0.10356 0.10006 -0.04050)
(-0.10064 0.09947 -0.04582)
(-0.10526 0.10823 -0.05210)
(-0.09358 0.10601 -0.05764)
(-0.09088 0.11452 -0.05642)
(-0.09478 0.12433 -0.05652)
(-0.09098 0.13068 -0.05245)
(-0.08571 0.14153 -0.05546)
(-0.09717 0.15925 -0.05432)
(-0.10802 0.17345 -0.04882)
(-0.11431 0.17846 -0.04638)
(-0.11528 0.18018 -0.04794)
(-0.13499 0.18933 -0.03931)
(-0.14738 0.18966 -0.04460)
(-0.14086 0.18176 -0.03620)
(-0.14764 0.18093 -0.03650)
(-0.15335 0.16799 -0.02221)
(-0.15943 0.16802 -0.02258)
(-0.14900 0.15561 -0.02278)
(-0.14172 0.14819 -0.02067)
(-0.10913 0.11061 -0.01083)
(-0.02459 0.02511 -0.00226)
(-0.00308 -0.00115 0.00219)
(-0.00866 -0.00263 0.00601)
(-0.04828 -0.01541 0.03663)
(-0.04745 -0.01672 0.04247)
(-0.04543 -0.01838 0.04365)
(-0.04586 -0.01642 0.04561)
(-0.04437 -0.01527 0.04731)
(-0.03843 -0.01512 0.04967)
(-0.03810 -0.01194 0.05030)
(-0.03780 -0.01175 0.05090)
(-0.03587 -0.00538 0.05553)
(-0.03258 -0.00495 0.05177)
(-0.03368 -0.00064 0.05312)
(-0.03519 0.00704 0.05375)
(-0.03959 0.01262 0.05365)
(-0.04006 0.01683 0.04572)
(-0.04174 0.01857 0.04344)
(-0.05405 0.03229 0.04351)
(-0.05969 0.03100 0.03067)
(-0.07026 0.03891 0.02553)
(-0.06638 0.03096 0.02084)
(-0.08046 0.04014 0.01396)
(-0.07912 0.03581 0.00893)
(-0.08364 0.03716 0.00204)
(-0.08313 0.03713 0.00015)
(-0.08057 0.03869 -0.00338)
(-0.08548 0.04183 -0.00603)
(-0.08566 0.04818 -0.00445)
(-0.08463 0.05711 -0.00403)
(-0.08788 0.06675 -0.00875)
(-0.08889 0.07052 -0.01156)
(-0.09084 0.07645 -0.01361)
(-0.09416 0.08489 -0.02699)
(-0.09534 0.08443 -0.03501)
(-0.09799 0.08719 -0.03983)
(-0.09568 0.09610 -0.05266)
(-0.09332 0.10067 -0.05739)
(-0.08803 0.10603 -0.05896)
(-0.08129 0.11810 -0.05818)
(-0.08164 0.12961 -0.05604)
(-0.09028 0.14424 -0.05360)
(-0.10792 0.16618 -0.04614)
(-0.12668 0.17822 -0.03689)
(-0.11244 0.16420 -0.03998)
(-0.16408 0.20200 -0.01930)
(-0.13642 0.17095 -0.02264)
(-0.13735 0.16496 -0.02893)
(-0.14179 0.15887 -0.02297)
(-0.14462 0.15384 -0.02040)
(-0.14021 0.14709 -0.01249)
(-0.09052 0.09524 -0.00663)
(-0.04502 0.04772 -0.00313)
(-0.01688 0.01796 -0.00114)
(-0.00189 -0.00118 0.00156)
(-0.03733 -0.01423 0.03123)
(-0.04677 -0.01828 0.04222)
(-0.04038 -0.02054 0.04126)
(-0.04006 -0.02034 0.04166)
(-0.03943 -0.01997 0.04244)
(-0.04133 -0.01536 0.04716)
(-0.03805 -0.01900 0.04349)
(-0.04039 -0.01224 0.04738)
(-0.03470 -0.01027 0.05052)
(-0.03266 -0.01016 0.04912)
(-0.02905 -0.01039 0.04605)
(-0.03339 -0.00144 0.04976)
(-0.03821 0.00854 0.05252)
(-0.03614 0.00817 0.04888)
(-0.04003 0.01262 0.04299)
(-0.04099 0.01110 0.03254)
(-0.04666 0.01860 0.03221)
(-0.06125 0.02895 0.02507)
(-0.06023 0.02248 0.01726)
(-0.07016 0.02954 0.01263)
(-0.07278 0.02948 0.00699)
(-0.07923 0.03368 -0.00292)
(-0.07213 0.02895 -0.00069)
(-0.08044 0.03734 -0.00338)
(-0.07779 0.03882 -0.00091)
(-0.08526 0.04229 -0.00562)
(-0.08507 0.04704 -0.00299)
(-0.08332 0.05705 -0.00215)
(-0.08463 0.06164 -0.00414)
(-0.08333 0.05932 -0.00215)
(-0.08810 0.06873 -0.01115)
(-0.08618 0.07092 -0.01580)
(-0.08311 0.07408 -0.02386)
(-0.08723 0.07686 -0.02547)
(-0.08954 0.07813 -0.03391)
(-0.09409 0.08058 -0.03684)
(-0.08296 0.07935 -0.04947)
(-0.09150 0.09063 -0.05122)
(-0.08441 0.08749 -0.05968)
(-0.08053 0.09037 -0.06210)
(-0.07610 0.10758 -0.06221)
(-0.07358 0.10222 -0.06175)
(-0.06919 0.10815 -0.06570)
(-0.07361 0.11658 -0.06209)
(-0.08864 0.14472 -0.05033)
(-0.09842 0.15114 -0.04524)
(-0.13776 0.17858 -0.03075)
(-0.10654 0.15509 -0.04077)
(-0.12701 0.16529 -0.02380)
(-0.10394 0.12999 -0.01388)
(-0.13110 0.15178 -0.01649)
(-0.10386 0.12520 -0.01221)
(-0.12783 0.13949 -0.01015)
(-0.12231 0.13334 -0.00882)
(-0.10096 0.12209 -0.01136)
(-0.09515 0.10431 -0.00640)
(-0.01782 0.02040 -0.00024)
(-0.00045 -0.00039 0.00042)
(-0.02657 -0.01362 0.02517)
(-0.02873 -0.01640 0.03084)
(-0.03803 -0.02084 0.04145)
(-0.03799 -0.01993 0.04256)
(-0.03680 -0.02072 0.04189)
(-0.03692 -0.01990 0.04267)
(-0.03556 -0.01366 0.04710)
(-0.03142 -0.01280 0.04245)
(-0.02934 -0.01123 0.04551)
(-0.02949 -0.00514 0.04525)
(-0.02654 -0.00505 0.04136)
(-0.03128 0.00015 0.04250)
(-0.03591 0.00582 0.03781)
(-0.03584 0.00425 0.02849)
(-0.03869 0.00752 0.02809)
(-0.03859 0.00660 0.02579)
(-0.05620 0.02300 0.02366)
(-0.05707 0.01893 0.01646)
(-0.06073 0.02138 0.01486)
(-0.06103 0.02280 0.00897)
(-0.06426 0.02643 0.00630)
(-0.07300 0.03519 0.00417)
(-0.07314 0.04069 0.00390)
(-0.07768 0.04105 -0.00163)
(-0.07914 0.04678 -0.00202)
(-0.08281 0.05721 -0.00087)
(-0.08280 0.05875 -0.00124)
(-0.08364 0.06071 -0.00241)
(-0.08288 0.06520 -0.01144)
(-0.08790 0.06954 -0.01962)
(-0.08559 0.07322 -0.03130)
(-0.08456 0.07336 -0.03823)
(-0.07910 0.07225 -0.04605)
(-0.07429 0.07391 -0.05783)
(-0.07214 0.07450 -0.06060)
(-0.07514 0.08967 -0.06066)
(-0.06639 0.10289 -0.06806)
(-0.06623 0.10592 -0.06738)
(-0.08613 0.13643 -0.04899)
(-0.07941 0.12492 -0.05896)
(-0.08644 0.14182 -0.05224)
(-0.08608 0.12698 -0.03948)
(-0.10784 0.14953 -0.03544)
(-0.08618 0.12568 -0.03744)
(-0.09776 0.12841 -0.01575)
(-0.09024 0.11676 -0.01316)
(-0.09318 0.11710 -0.01151)
(-0.10044 0.11783 -0.00767)
(-0.07659 0.08797 -0.00437)
(-0.08215 0.10453 -0.00911)
(-0.02179 0.02599 -0.00019)
(-0.00431 0.00518 -0.00001)
(0.00048 0.00056 -0.00053)
(-0.01266 -0.00938 0.01402)
(-0.01718 -0.01238 0.02076)
(-0.03638 -0.02154 0.04115)
(-0.03555 -0.02130 0.04175)
(-0.03154 -0.01662 0.04411)
(-0.03101 -0.01458 0.04299)
(-0.03035 -0.01422 0.04306)
(-0.02880 -0.00741 0.03941)
(-0.02759 -0.00828 0.03767)
(-0.02767 -0.00708 0.03718)
(-0.03137 -0.00258 0.03405)
(-0.03275 0.00027 0.02605)
(-0.03542 0.00321 0.02609)
(-0.03490 0.00199 0.02416)
(-0.04550 0.00987 0.01722)
(-0.05661 0.01751 0.01521)
(-0.05097 0.01542 0.01700)
(-0.04991 0.01632 0.01051)
(-0.06440 0.02893 0.00870)
(-0.06316 0.03212 0.00731)
(-0.07233 0.04164 0.00265)
(-0.07308 0.04360 0.00353)
(-0.07416 0.05056 0.00323)
(-0.08258 0.05895 0.00042)
(-0.08307 0.05998 -0.00191)
(-0.08012 0.06168 -0.00641)
(-0.08373 0.06155 -0.01084)
(-0.08574 0.06559 -0.02305)
(-0.08162 0.06033 -0.01789)
(-0.08364 0.05989 -0.02714)
(-0.07711 0.06536 -0.03631)
(-0.07057 0.06820 -0.05713)
(-0.07232 0.07085 -0.05760)
(-0.07002 0.07118 -0.06063)
(-0.06751 0.07121 -0.06384)
(-0.06312 0.07906 -0.07108)
(-0.06321 0.09771 -0.07083)
(-0.06245 0.09931 -0.07107)
(-0.05983 0.10064 -0.06895)
(-0.07425 0.11689 -0.05792)
(-0.06799 0.10860 -0.06333)
(-0.07840 0.11906 -0.04402)
(-0.07833 0.11779 -0.04104)
(-0.08720 0.12131 -0.03245)
(-0.07645 0.11530 -0.03821)
(-0.08379 0.11215 -0.01423)
(-0.08569 0.11199 -0.01199)
(-0.07892 0.10725 -0.01303)
(-0.06700 0.08984 -0.00814)
(-0.04347 0.05650 -0.00267)
(-0.00696 0.00926 0.00012)
(0.00386 -0.00506 -0.00030)
(0.00200 0.00251 -0.00262)
(-0.00092 -0.00069 0.00129)
(-0.01317 -0.00889 0.01776)
(-0.03624 -0.01815 0.04458)
(-0.03371 -0.01684 0.04661)
(-0.03062 -0.01938 0.04215)
(-0.03224 -0.01723 0.04524)
(-0.02749 -0.01887 0.03977)
(-0.02699 -0.01612 0.03947)
(-0.02785 -0.00938 0.03865)
(-0.02699 -0.00974 0.03733)
(-0.02639 -0.00923 0.03593)
(-0.02351 -0.01131 0.03240)
(-0.02621 -0.01136 0.03098)
(-0.02346 -0.01371 0.02716)
(-0.03207 -0.00095 0.02435)
(-0.03136 -0.00223 0.02290)
(-0.03276 -0.00145 0.01909)
(-0.03042 -0.00282 0.01998)
(-0.04304 0.00563 0.01492)
(-0.02653 -0.01180 0.01261)
(-0.04139 0.00891 0.01236)
(-0.04453 0.01405 0.01197)
(-0.05178 0.02181 0.01256)
(-0.04938 0.02456 0.01530)
(-0.06952 0.04067 0.00539)
(-0.07102 0.04332 0.00580)
(-0.07227 0.04831 0.00715)
(-0.07239 0.05530 0.01007)
(-0.08278 0.05980 -0.00069)
(-0.07376 0.05886 0.00852)
(-0.08199 0.06128 0.00063)
(-0.07555 0.05531 -0.01053)
(-0.07534 0.05676 -0.01479)
(-0.08271 0.05854 -0.02510)
(-0.08105 0.05800 -0.02818)
(-0.06830 0.05878 -0.04409)
(-0.05648 0.05573 -0.05716)
(-0.06873 0.06834 -0.05989)
(-0.06596 0.06826 -0.06390)
(-0.05167 0.06154 -0.07384)
(-0.05430 0.07708 -0.07480)
(-0.04995 0.08067 -0.07540)
(-0.05401 0.08697 -0.07275)
(-0.06488 0.10293 -0.05712)
(-0.04733 0.07974 -0.06573)
(-0.07250 0.11143 -0.04503)
(-0.07145 0.10996 -0.04083)
(-0.04636 0.07893 -0.02941)
(-0.06148 0.09357 -0.02591)
(-0.05046 0.08017 -0.01583)
(-0.07215 0.10061 -0.01081)
(-0.02164 0.03017 -0.00112)
(-0.01279 0.02195 0.00093)
(-0.00037 0.00057 0.00005)
(0.00404 0.00306 -0.00575)
(-0.01928 -0.01310 0.02927)
(-0.03233 -0.01964 0.04503)
(0.00313 0.00263 -0.00512)
(-0.00450 -0.00374 0.00722)
(-0.03790 -0.02114 0.05136)
(-0.03810 -0.02000 0.05187)
(-0.03680 -0.01645 0.05030)
(-0.03896 -0.01906 0.05609)
(-0.03288 -0.01572 0.04738)
(-0.02838 -0.02014 0.04033)
(-0.02904 -0.01636 0.04026)
(-0.02884 -0.01975 0.04251)
(-0.02880 -0.01693 0.04174)
(-0.02603 -0.01032 0.03594)
(-0.02410 -0.01690 0.03070)
(-0.02126 -0.01823 0.02559)
(-0.02608 -0.01183 0.02334)
(-0.01473 -0.02361 0.01930)
(-0.01888 -0.01919 0.01590)
(-0.01817 -0.01830 0.01646)
(-0.02060 -0.01439 0.01669)
(-0.01979 -0.01707 0.01519)
(-0.02989 -0.00559 0.01473)
(-0.03178 -0.00024 0.02073)
(-0.04243 0.01591 0.01518)
(-0.04607 0.02339 0.01996)
(-0.06549 0.03883 0.01040)
(-0.06665 0.04115 0.01175)
(-0.06529 0.04720 0.01184)
(-0.07014 0.05423 0.01675)
(-0.07295 0.05802 0.01538)
(-0.06716 0.05456 0.00500)
(-0.06921 0.05475 -0.00415)
(-0.06388 0.04738 -0.00804)
(-0.05969 0.04355 -0.01515)
(-0.07301 0.05446 -0.01981)
(-0.07542 0.05343 -0.02810)
(-0.05753 0.04661 -0.04027)
(-0.05258 0.04676 -0.04776)
(-0.04343 0.04420 -0.05555)
(-0.04990 0.05331 -0.06382)
(-0.04918 0.05597 -0.07157)
(-0.03875 0.05325 -0.09125)
(-0.03962 0.05599 -0.08115)
(-0.04444 0.06956 -0.07694)
(-0.04775 0.07254 -0.07505)
(-0.04243 0.06590 -0.07366)
(-0.04287 0.07257 -0.06678)
(-0.06024 0.09766 -0.05275)
(-0.04074 0.07129 -0.05978)
(-0.03404 0.06665 -0.04716)
(-0.06788 0.10556 -0.04397)
(-0.05272 0.08524 -0.03603)
(-0.03868 0.06975 -0.02281)
(-0.02469 0.05600 -0.01558)
(-0.03227 0.06016 -0.01274)
(-0.01144 0.02097 0.00027)
(0.00091 -0.00171 -0.00017)
(-0.00115 0.00215 0.00014)
(-0.00247 -0.00188 0.00398)
(-0.02175 -0.01342 0.02990)
(-0.02562 -0.01538 0.04203)
(-0.03726 -0.02218 0.06033)
(-0.03758 -0.02150 0.06041)
(-0.03178 -0.01628 0.04738)
(-0.03346 -0.01778 0.04920)
(-0.02697 -0.02266 0.03953)
(-0.02583 -0.02570 0.03535)
(-0.01815 -0.02299 0.02668)
(-0.01647 -0.02385 0.02452)
(-0.01436 -0.02472 0.01887)
(-0.00380 -0.03376 0.01673)
(-0.01475 -0.02297 0.01481)
(-0.01149 -0.02674 0.01983)
(-0.02231 -0.01204 0.02147)
(-0.02135 -0.00713 0.02820)
(-0.02488 -0.00189 0.02944)
(-0.02636 0.00118 0.03090)
(-0.04767 0.02663 0.02084)
(-0.03534 0.01437 0.03191)
(-0.05078 0.03856 0.02448)
(-0.05745 0.04416 0.02113)
(-0.06122 0.04784 0.02396)
(-0.06145 0.04960 0.02036)
(-0.05266 0.04609 0.01671)
(-0.06336 0.05237 0.00965)
(-0.05250 0.04519 0.00577)
(-0.05169 0.04482 0.00028)
(-0.04977 0.04120 -0.00554)
(-0.03404 0.02977 -0.02127)
(-0.04290 0.03279 -0.02449)
(-0.04511 0.03477 -0.03030)
(-0.04527 0.03632 -0.03754)
(-0.04459 0.03907 -0.04497)
(-0.03452 0.04050 -0.05667)
(-0.04285 0.04747 -0.06128)
(-0.03509 0.04827 -0.07215)
(-0.03508 0.05264 -0.07724)
(-0.03120 0.05192 -0.07326)
(-0.02170 0.04433 -0.06745)
(-0.03316 0.05877 -0.06880)
(-0.03944 0.06836 -0.05984)
(-0.03361 0.06129 -0.05535)
(-0.01869 0.04639 -0.04521)
(-0.02662 0.05625 -0.02513)
(-0.02521 0.04874 -0.02989)
(-0.02390 0.05421 -0.01676)
(-0.02237 0.05175 -0.01521)
(-0.01397 0.03471 -0.00790)
(-0.00494 0.01247 0.00011)
(0.00005 -0.00041 -0.00015)
(0.00254 -0.00482 -0.00042)
(-0.00304 -0.00188 0.00505)
(-0.01349 -0.00822 0.02230)
(-0.01814 -0.01090 0.03050)
(-0.03795 -0.02203 0.06239)
(-0.03806 -0.02123 0.06212)
(-0.03451 -0.01792 0.05706)
(-0.03800 -0.02168 0.06288)
(-0.03334 -0.01978 0.05508)
(-0.03238 -0.01952 0.04699)
(-0.02790 -0.02474 0.03839)
(-0.02771 -0.02284 0.03971)
(-0.02683 -0.02578 0.03716)
(-0.01753 -0.02707 0.02886)
(-0.01173 -0.03108 0.02560)
(-0.00743 -0.03317 0.01947)
(-0.00337 -0.03622 0.01972)
(-0.00378 -0.03497 0.01977)
(-0.00344 -0.03523 0.02056)
(-0.01377 -0.02179 0.02202)
(-0.02015 -0.00920 0.02911)
(-0.02271 -0.00460 0.02993)
(-0.02436 -0.00196 0.03151)
(-0.02706 0.00255 0.03295)
(-0.04148 0.03049 0.03238)
(-0.04654 0.03669 0.03190)
(-0.04598 0.03780 0.03147)
(-0.04583 0.04084 0.03082)
(-0.04232 0.04003 0.02013)
(-0.03954 0.03668 0.01109)
(-0.03716 0.03425 0.00959)
(-0.03535 0.03218 0.00880)
(-0.03196 0.02894 -0.01059)
(-0.02940 0.02656 -0.02332)
(-0.03562 0.02957 -0.02743)
(-0.02596 0.02838 -0.03780)
(-0.02934 0.03372 -0.04087)
(-0.01847 0.02965 -0.04955)
(-0.02593 0.03790 -0.05968)
(-0.01754 0.03059 -0.05176)
(-0.01977 0.03498 -0.05866)
(-0.02899 0.04646 -0.06898)
(-0.02026 0.04268 -0.06564)
(-0.01940 0.04256 -0.06359)
(-0.02114 0.04450 -0.06537)
(-0.01849 0.04223 -0.06156)
(-0.02236 0.04639 -0.05940)
(-0.02038 0.04268 -0.04662)
(-0.00901 0.03194 -0.03826)
(-0.01720 0.03789 -0.03299)
(-0.01610 0.03866 -0.02855)
(-0.00996 0.02908 -0.01356)
(-0.00484 0.02046 -0.00867)
(-0.00374 0.01483 -0.00333)
(-0.00015 0.00132 0.00043)
(-0.00011 -0.00032 -0.00094)
(-0.00483 -0.00299 0.00825)
(-0.00418 -0.00269 0.00743)
(-0.02595 -0.01562 0.04437)
(-0.03728 -0.02222 0.06407)
(-0.03345 -0.01995 0.05654)
(-0.02511 -0.02067 0.05235)
(-0.02511 -0.02049 0.05080)
(-0.01779 -0.02722 0.03888)
(-0.00914 -0.02868 0.02965)
(-0.00568 -0.03095 0.03041)
(-0.00891 -0.03395 0.02546)
(-0.00462 -0.03688 0.02395)
(-0.00270 -0.03678 0.02038)
(-0.00227 -0.03719 0.02127)
(-0.00331 -0.03550 0.02165)
(-0.00997 -0.02537 0.02715)
(-0.02127 -0.00774 0.03070)
(-0.02284 -0.00586 0.03231)
(-0.02615 -0.00011 0.03728)
(-0.03365 0.01802 0.03623)
(-0.03914 0.02803 0.03634)
(-0.03657 0.02969 0.03644)
(-0.03574 0.03039 0.03517)
(-0.03443 0.03036 0.03441)
(-0.03489 0.03423 0.01299)
(-0.03070 0.02766 0.02039)
(-0.03214 0.03137 0.01141)
(-0.02946 0.02851 0.00972)
(-0.01929 0.01816 -0.00253)
(-0.00870 0.01070 -0.00727)
(-0.00968 0.01283 -0.01342)
(-0.02466 0.02338 -0.02595)
(-0.01892 0.02007 -0.02813)
(-0.00372 0.00888 -0.02019)
(-0.01756 0.02345 -0.03769)
(-0.01406 0.02613 -0.04667)
(-0.01416 0.02778 -0.04809)
(-0.01416 0.02921 -0.04942)
(-0.01073 0.02821 -0.04802)
(-0.01830 0.04135 -0.06373)
(-0.01752 0.04101 -0.06196)
(-0.01218 0.03731 -0.05645)
(-0.01642 0.04049 -0.06014)
(-0.01393 0.03639 -0.04516)
(-0.00914 0.03388 -0.04994)
(-0.00764 0.02983 -0.03944)
(-0.00560 0.02506 -0.03060)
(-0.00198 0.02667 -0.03506)
(-0.00067 0.01512 -0.01463)
(-0.00175 0.01517 -0.01193)
(0.00085 0.00476 -0.00096)
(0.00006 0.00396 -0.00319)
(0.00021 0.00065 -0.00006)
(-0.02053 -0.01293 0.03644)
(-0.00528 -0.00353 0.00972)
(-0.01365 -0.01417 0.03376)
(-0.02711 -0.02181 0.05878)
(-0.01971 -0.02748 0.05294)
(-0.02062 -0.02476 0.04855)
(-0.01377 -0.02885 0.04039)
(-0.00690 -0.02933 0.03371)
(-0.00435 -0.03149 0.03175)
(-0.00307 -0.03602 0.02789)
(0.00165 -0.04100 0.02589)
(-0.00066 -0.03929 0.02138)
(-0.00238 -0.03843 0.02431)
(-0.01171 -0.02133 0.03376)
(-0.01437 -0.02127 0.03830)
(-0.01937 -0.01040 0.04050)
(-0.02915 0.01197 0.03977)
(-0.03284 0.01806 0.03927)
(-0.03422 0.02516 0.03837)
(-0.03345 0.02687 0.03716)
(-0.03154 0.02671 0.03589)
(-0.01949 0.01938 0.02505)
(-0.02770 0.02849 0.01342)
(-0.01585 0.01459 0.02090)
(-0.01345 0.01501 0.01619)
(-0.02481 0.02544 0.01126)
(-0.00881 0.01369 0.00851)
(0.00308 0.00247 0.00013)
(0.00678 0.00059 -0.00417)
(0.00582 0.00473 -0.01040)
(0.00278 0.00564 -0.01715)
(-0.00216 0.01103 -0.02595)
(0.00908 0.00495 -0.02306)
(0.00052 0.01562 -0.03909)
(-0.01006 0.02446 -0.04540)
(-0.00940 0.02532 -0.04511)
(-0.00862 0.02611 -0.04482)
(-0.01113 0.02829 -0.04733)
(-0.00270 0.02556 -0.04587)
(-0.00487 0.03152 -0.04803)
(-0.01428 0.03918 -0.05860)
(-0.00403 0.03096 -0.04522)
(-0.00365 0.02962 -0.04627)
(-0.00391 0.02547 -0.04006)
(0.00670 0.01635 -0.03053)
(0.00138 0.01678 -0.02232)
(0.00039 0.01078 -0.01059)
(0.00354 0.00791 -0.01220)
(0.00061 0.00772 -0.00765)
(0.00033 0.00171 -0.00173)
(0.00005 0.00062 -0.00050)
(-0.00014 -0.00020 0.00045)
(-0.00384 -0.00525 0.01203)
(-0.00049 -0.00116 0.00215)
(-0.01436 -0.01997 0.04020)
(-0.01280 -0.03127 0.04423)
(0.00114 -0.02037 0.02847)
(-0.01331 -0.03151 0.05116)
(0.00341 -0.03662 0.03925)
(-0.00392 -0.03092 0.03349)
(0.00746 -0.04243 0.03137)
(-0.00210 -0.03718 0.03251)
(0.00800 -0.04474 0.03030)
(0.01170 -0.04660 0.02293)
(0.01249 -0.05106 0.02399)
(0.00319 -0.04325 0.02785)
(0.00142 -0.04284 0.03213)
(-0.01096 -0.03530 0.03868)
(-0.01229 -0.03580 0.03966)
(-0.01954 -0.02087 0.04340)
(-0.02552 0.00180 0.04468)
(-0.02492 -0.00886 0.04636)
(-0.02965 0.01055 0.04511)
(-0.02943 0.01347 0.04308)
(-0.03386 0.01769 0.04075)
(-0.02697 0.01900 0.03576)
(-0.01995 0.01770 0.03118)
(-0.00854 0.00586 0.02943)
(0.00340 -0.00131 0.02324)
(0.01109 -0.00345 0.01392)
(0.01097 -0.00053 0.01098)
(0.01997 -0.00961 -0.00013)
(0.01535 -0.00649 0.01011)
(0.03000 -0.01822 -0.00570)
(0.01690 -0.00500 -0.00667)
(0.02454 -0.00911 -0.01507)
(0.01260 0.00018 -0.01730)
(0.01876 0.00347 -0.02412)
(0.01726 0.00595 -0.02437)
(0.00057 0.02009 -0.03310)
(0.00866 0.02149 -0.03125)
(0.00478 0.02436 -0.03960)
(0.00640 0.02758 -0.04072)
(0.01249 0.02657 -0.03497)
(0.00478 0.02918 -0.03827)
(0.00756 0.02394 -0.03583)
(0.01061 0.02075 -0.03222)
(0.00840 0.01567 -0.03050)
(0.01122 0.01097 -0.02306)
(0.01534 0.00518 -0.01643)
(0.01003 0.00453 -0.01346)
(0.00420 0.00053 -0.00332)
(0.00116 0.00120 -0.00173)
(-0.00148 0.00744 -0.00935)
(0.00007 -0.00067 0.00098)
(0.00606 -0.03114 0.03293)
(-0.00020 0.00052 -0.00055)
(0.00415 -0.01153 0.01223)
(0.01692 -0.04462 0.03562)
(0.01648 -0.04904 0.03832)
(0.01929 -0.04898 0.03151)
(0.02115 -0.05129 0.03722)
(0.01999 -0.05133 0.03672)
(0.01380 -0.04893 0.03112)
(0.01593 -0.04894 0.03086)
(0.01163 -0.04777 0.03027)
(0.00939 -0.04715 0.03607)
(-0.00034 -0.03770 0.03920)
(0.00015 -0.03721 0.04110)
(-0.01464 -0.02726 0.04672)
(-0.02287 -0.02037 0.05043)
(-0.03109 -0.00565 0.04948)
(-0.02454 -0.01736 0.05105)
(-0.02715 0.00282 0.04563)
(-0.02694 0.00597 0.04547)
(-0.02348 0.00425 0.04140)
(-0.01737 0.00711 0.03567)
(-0.00558 0.00076 0.03087)
(0.00371 -0.00130 0.02697)
(0.01434 -0.01015 0.02166)
(0.02833 -0.01801 0.01274)
(0.03926 -0.02844 0.00814)
(0.03000 -0.01746 -0.00163)
(0.03042 -0.01605 -0.00515)
(0.04130 -0.02825 0.00157)
(0.04290 -0.02420 -0.00522)
(0.03762 -0.01934 -0.00874)
(0.03720 -0.01554 -0.00942)
(0.04832 -0.02303 -0.01018)
(0.04698 -0.02063 -0.01143)
(0.03356 -0.01039 -0.01279)
(0.01975 0.00402 -0.02244)
(0.02858 -0.00149 -0.01664)
(0.02486 0.00820 -0.02084)
(0.01615 0.01783 -0.02536)
(0.02706 0.01128 -0.02460)
(0.01552 0.01933 -0.03038)
(0.01409 0.02415 -0.03095)
(0.01263 0.02579 -0.03433)
(0.01840 0.02071 -0.02624)
(0.01741 0.01801 -0.03031)
(0.02371 0.01057 -0.02149)
(0.02486 0.00906 -0.01283)
(0.01552 0.00407 -0.00740)
(0.00769 0.00168 -0.00561)
(0.00276 0.00007 -0.00187)
(-0.00055 0.00002 0.00035)
(-0.00319 0.00050 0.00130)
(-0.00155 0.00006 0.00095)
(-0.00249 0.00626 -0.00656)
(0.00125 -0.00280 0.00222)
(0.01013 -0.02460 0.01970)
(-0.00391 0.00761 -0.00631)
(0.00806 -0.01685 0.01238)
(0.01849 -0.04199 0.03079)
(0.02793 -0.05140 0.03497)
(0.01935 -0.04016 0.02753)
(0.02362 -0.05060 0.03450)
(0.02962 -0.05197 0.03417)
(0.02294 -0.04937 0.03531)
(0.02070 -0.04879 0.03894)
(0.00987 -0.04629 0.04043)
(0.01688 -0.04634 0.04339)
(-0.00131 -0.03336 0.04616)
(-0.02138 -0.02276 0.05089)
(-0.02265 -0.02074 0.05124)
(-0.02435 -0.01881 0.05150)
(-0.02585 -0.01540 0.05138)
(-0.02570 -0.00451 0.04707)
(-0.02268 -0.00360 0.04392)
(-0.01967 0.00279 0.03750)
(-0.00812 -0.00220 0.03382)
(0.00569 -0.00959 0.02635)
(0.01405 -0.01751 0.02272)
(0.03372 -0.02601 0.01365)
(0.03874 -0.02873 0.01074)
(0.04156 -0.02988 0.00878)
(0.04293 -0.02927 0.00328)
(0.04970 -0.02456 -0.00867)
(0.04857 -0.02255 -0.00934)
(0.04857 -0.02212 -0.00858)
(0.04683 -0.01958 -0.01002)
(0.04070 -0.01260 -0.00986)
(0.03430 -0.00020 -0.01426)
(0.03057 0.00386 -0.01096)
(0.02654 0.01096 -0.01585)
(0.02224 0.01630 -0.02466)
(0.01973 0.02121 -0.01774)
(0.02121 0.02337 -0.02031)
(0.02148 0.02277 -0.02098)
(0.02227 0.02402 -0.02130)
(0.02160 0.01526 -0.01225)
(0.01362 0.00548 -0.00633)
(0.00692 0.00212 -0.00307)
(-0.00023 -0.00005 0.00010)
(-0.00277 -0.00077 0.00113)
(-0.00353 -0.00075 0.00147)
(-0.00007 0.00015 -0.00011)
(-0.00121 0.00187 -0.00133)
(0.00596 -0.01138 0.00781)
(0.03258 -0.04185 0.02497)
(0.01738 -0.01769 0.01129)
(0.03617 -0.05132 0.03520)
(0.02938 -0.05248 0.03617)
(0.02658 -0.04994 0.04040)
(0.03724 -0.05339 0.03762)
(0.02494 -0.04847 0.04184)
(0.02202 -0.04750 0.04268)
(0.01805 -0.04593 0.04451)
(-0.00237 -0.03441 0.04787)
(-0.02051 -0.02356 0.05147)
(-0.02246 -0.02185 0.05165)
(-0.02514 -0.02031 0.05188)
(-0.02595 -0.01756 0.05170)
(-0.02125 -0.01411 0.04732)
(-0.01545 -0.01107 0.04031)
(-0.00375 -0.00719 0.03283)
(0.00620 -0.01241 0.02836)
(0.01636 -0.02542 0.02309)
(0.02012 -0.02633 0.02092)
(0.03769 -0.02891 0.01184)
(0.04070 -0.03003 0.01013)
(0.04215 -0.03094 0.00980)
(0.04356 -0.03115 0.00875)
(0.04183 -0.02490 0.00589)
(0.04993 -0.02438 -0.00788)
(0.04834 -0.02656 0.00309)
(0.04983 -0.02430 -0.00701)
(0.04839 -0.02168 -0.00781)
(0.04096 -0.01116 -0.00591)
(0.03289 0.00096 -0.00644)
(0.03035 0.00483 -0.00959)
(0.03007 0.00559 -0.00866)
(0.02004 0.02274 -0.00899)
(0.01997 0.02369 -0.01088)
(0.01883 0.02286 -0.00940)
(0.01127 0.01404 -0.00514)
(0.00612 0.00770 -0.00295)
(0.00538 0.00236 -0.00206)
(0.00038 0.00014 -0.00016)
(-0.00245 -0.00104 0.00082)
(-0.00287 -0.00103 0.00115)
(0.00411 -0.00411 0.00263)
(0.00887 -0.00971 0.00664)
(0.02340 -0.02629 0.01803)
(0.01021 -0.01099 0.00760)
(0.02583 -0.03507 0.02464)
(0.02599 -0.04408 0.03704)
(0.01283 -0.01851 0.01452)
(0.01605 -0.02807 0.02499)
(0.02459 -0.04714 0.04260)
(0.02088 -0.04632 0.04439)
(0.00074 -0.03671 0.04753)
(0.00681 -0.04256 0.04757)
(-0.00684 -0.03206 0.05000)
(-0.02121 -0.02338 0.05174)
(-0.00236 -0.03066 0.04508)
(-0.00447 -0.02492 0.04511)
(-0.01879 -0.01844 0.04691)
(-0.01463 -0.01778 0.04346)
(-0.01763 -0.01952 0.04259)
(-0.00708 -0.01871 0.03640)
(0.00658 -0.02307 0.03185)
(0.00706 -0.02350 0.03162)
(0.01145 -0.02384 0.02910)
(0.01248 -0.02309 0.02875)
(0.01987 -0.02602 0.02376)
(0.02990 -0.02898 0.01588)
(0.03045 -0.02934 0.01809)
(0.03997 -0.03041 0.01115)
(0.04262 -0.03139 0.00994)
(0.04792 -0.03449 0.00698)
(0.04752 -0.02651 0.00444)
(0.04723 -0.02258 -0.00141)
(0.04294 -0.02539 0.00576)
(0.04302 -0.02166 0.00303)
(0.04010 -0.01127 -0.00103)
(0.03538 -0.00530 -0.00315)
(0.02451 0.00004 -0.00085)
(0.02008 0.00358 0.00032)
(0.02223 0.01047 -0.00373)
(0.01473 0.01751 -0.00589)
(0.00586 0.00474 0.00007)
(0.00427 0.00550 -0.00151)
(0.00326 0.00421 -0.00132)
(-0.00067 -0.00086 0.00029)
(0.00204 -0.00216 0.00150)
(0.00542 -0.00625 0.00423)
(0.00480 -0.00612 0.00468)
(0.00230 -0.00311 0.00260)
(0.00352 -0.00666 0.00654)
(0.00730 -0.02905 0.03056)
(0.00704 -0.02916 0.03593)
(0.00357 -0.01050 0.01159)
(0.00484 -0.01611 0.01972)
(0.00099 -0.02003 0.02860)
(-0.00110 -0.02429 0.04024)
(0.00045 -0.01570 0.02518)
(-0.00696 -0.02072 0.04075)
(-0.02007 -0.02107 0.04368)
(-0.00197 -0.01647 0.03306)
(-0.00424 -0.02454 0.03706)
(0.00236 -0.02133 0.03197)
(0.00876 -0.02186 0.02901)
(0.01289 -0.01675 0.02670)
(0.01844 -0.01901 0.02392)
(0.02626 -0.02278 0.01932)
(0.02613 -0.02160 0.01819)
(0.03743 -0.02047 0.01201)
(0.03909 -0.02579 0.01406)
(0.03923 -0.02643 0.01369)
(0.02410 -0.01155 0.00675)
(0.03123 -0.02196 0.00794)
(0.02890 -0.01968 0.00498)
(0.02850 -0.01490 0.00388)
(0.00968 -0.00634 0.00175)
(0.00992 -0.00475 0.00225)
(0.00536 -0.00117 0.00140)
(0.00702 0.00131 0.00117)
(-0.00028 -0.00005 -0.00013)
(0.00159 0.00097 0.00016)
(0.00089 0.00072 0.00016)
(-0.00525 0.00808 -0.00694)
(-0.00241 0.00656 -0.00715)
(0.00250 -0.00561 0.00646)
(-0.00242 0.00504 -0.00572)
(-0.00080 0.00168 -0.00199)
(0.00076 -0.00865 0.01356)
(0.00425 -0.00843 0.01246)
(-0.00012 0.00015 -0.00020)
(-0.00009 0.00011 -0.00015)
(0.00342 -0.00737 0.01196)
(0.00411 -0.01252 0.02025)
(0.00306 -0.00288 0.00375)
(0.00470 -0.00422 0.00942)
(0.00905 -0.00754 0.01512)
(0.00341 -0.00240 0.00517)
(0.00982 -0.00631 0.00799)
(0.01458 -0.00719 0.00685)
(0.02421 -0.01293 0.00794)
(0.00174 -0.00084 0.00099)
(0.00359 -0.00190 0.00155)
(-0.00052 0.00022 -0.00014)
(0.01548 -0.00723 0.00444)
(0.00911 -0.00437 0.00211)
(-0.00466 0.00189 -0.00103)
(-0.00228 0.00112 -0.00055)
(-0.00338 0.00103 -0.00124)
(-0.00284 0.00008 -0.00136)
(0.00066 -0.00050 0.00116)
(0.00126 -0.00083 0.00185)
(0.00197 -0.00072 0.00135)
(-0.00094 0.00042 -0.00053)
)