/*--------------------------------*- C++ -*----------------------------------*\ 
| =========                 |                                                 | 
| \\      /  F ield         | OpenFOAM: The Open Source CFD Toolbox           | 
|  \\    /   O peration     | Version:  4.0                                   | 
|   \\  /    A nd           | Web:      www.OpenFOAM.org                      | 
|    \\/     M anipulation  |                                                 | 
\*---------------------------------------------------------------------------*/ 
FoamFile 
{ 
    version     2.0; 
    format      ascii; 
    class       vectorAverageField; 
    object      values; 
} 
// * * * * * * * * * * * * * * * * * * * * * * * * * * * * * * * * * * * * * // 
 
// Average 
(0 0 0) 
 
// Velocity data on points 
2447
(
(0.00348 0.00081 -0.00122)
(-0.00218 -0.00039 0.00016)
(-0.00634 -0.00144 -0.00039)
(-0.00193 -0.00093 -0.00076)
(0.00262 0.00134 0.00144)
(-0.01472 -0.00333 -0.00480)
(-0.00470 -0.00219 -0.00265)
(-0.01226 -0.00555 -0.02106)
(-0.00125 -0.00067 -0.00218)
(0.00177 0.00101 0.00344)
(-0.00800 -0.00394 -0.01528)
(-0.00157 -0.00086 -0.00332)
(0.00145 0.00082 0.00326)
(-0.01005 -0.00220 -0.02022)
(-0.00039 -0.00025 -0.00117)
(0.00125 0.00068 0.00357)
(-0.00459 -0.00203 -0.01250)
(-0.00032 -0.00001 -0.00067)
(0.00265 -0.00075 0.00517)
(-0.00055 0.00016 -0.00105)
(0.00660 0.00195 -0.00258)
(-0.00167 -0.00032 0.00081)
(0.00131 0.00029 -0.00050)
(0.00056 0.00013 -0.00025)
(-0.02091 -0.00704 0.01588)
(-0.01990 -0.00484 0.01014)
(-0.02584 -0.00361 0.00361)
(-0.02744 -0.00461 -0.00243)
(-0.04943 -0.00562 0.00627)
(-0.04967 -0.00718 -0.00533)
(-0.03769 -0.00691 -0.01327)
(-0.02444 -0.00702 -0.02356)
(-0.04537 -0.00457 -0.03465)
(-0.02849 -0.01029 -0.04784)
(-0.02289 -0.00905 -0.04247)
(-0.01810 -0.00744 -0.03680)
(-0.03238 -0.01046 -0.05857)
(-0.03069 -0.01024 -0.06067)
(-0.03680 -0.00383 -0.07068)
(-0.02134 -0.00352 -0.04197)
(-0.01572 -0.00255 -0.03909)
(-0.04765 0.01021 -0.09470)
(-0.04314 0.00948 -0.08608)
(-0.02096 0.00191 -0.05035)
(-0.01580 0.00394 -0.03051)
(-0.03667 0.01354 -0.07036)
(-0.01507 0.00626 -0.02810)
(-0.00493 0.00268 -0.00884)
(-0.03422 0.01928 -0.04907)
(-0.00435 0.00340 -0.00639)
(0.00059 -0.00062 0.00099)
(0.00301 0.00168 -0.00172)
(-0.00135 -0.00075 0.00097)
(-0.00561 -0.00235 0.00400)
(-0.01627 -0.00594 0.01154)
(-0.04195 -0.01565 0.03100)
(-0.03540 -0.00920 0.02326)
(-0.04364 -0.01477 0.03621)
(-0.04938 -0.01269 0.03462)
(-0.05249 -0.01192 0.02152)
(-0.04916 -0.00952 0.01057)
(-0.04425 -0.00422 -0.01464)
(-0.04880 0.00193 -0.03174)
(-0.04606 0.00147 -0.04346)
(-0.03968 -0.00130 -0.06715)
(-0.04890 0.00321 -0.04793)
(-0.04942 0.00500 -0.06074)
(-0.04070 -0.00056 -0.07294)
(-0.04487 0.00060 -0.07963)
(-0.05575 0.01568 -0.09778)
(-0.05919 0.01674 -0.10419)
(-0.06252 0.01767 -0.11492)
(-0.06543 0.01376 -0.12474)
(-0.06162 0.02353 -0.10707)
(-0.06102 0.02794 -0.09951)
(-0.06033 0.02822 -0.09252)
(-0.07374 0.03898 -0.10578)
(-0.06923 0.04104 -0.09517)
(-0.04712 0.03022 -0.06187)
(-0.02798 0.02015 -0.03786)
(-0.07809 0.05624 -0.09467)
(-0.05382 0.04275 -0.05976)
(-0.01756 0.01634 -0.02623)
(-0.00092 0.00102 -0.00152)
(-0.01206 0.01328 -0.01386)
(0.00399 -0.00520 0.00498)
(0.00750 -0.01004 0.00936)
(0.00017 0.00011 -0.00006)
(-0.00557 -0.00300 0.00276)
(-0.01561 -0.00837 0.00966)
(-0.02212 -0.01431 0.01867)
(-0.04189 -0.02349 0.03290)
(-0.03496 -0.02208 0.02976)
(-0.04147 -0.02987 0.04094)
(-0.04971 -0.02259 0.04256)
(-0.05186 -0.01950 0.03923)
(-0.05051 -0.01928 0.04470)
(-0.04762 -0.02222 0.04721)
(-0.04716 -0.01834 0.04156)
(-0.04860 -0.01184 0.03342)
(-0.04824 -0.01064 0.01508)
(-0.04551 -0.00854 0.00723)
(-0.04726 0.00068 -0.01128)
(-0.04798 0.00307 -0.02090)
(-0.05379 0.00685 -0.04004)
(-0.05505 0.00750 -0.05698)
(-0.06282 0.01822 -0.08437)
(-0.06332 0.02099 -0.09969)
(-0.06220 0.02562 -0.11105)
(-0.06506 0.02506 -0.11480)
(-0.06625 0.02126 -0.11761)
(-0.08126 0.04226 -0.11977)
(-0.09141 0.05557 -0.12545)
(-0.11029 0.07675 -0.12409)
(-0.08684 0.05893 -0.09649)
(-0.10586 0.07032 -0.11565)
(-0.08163 0.05958 -0.09755)
(-0.09029 0.07199 -0.09179)
(-0.10030 0.08507 -0.08892)
(-0.09479 0.08192 -0.08431)
(-0.05305 0.05206 -0.05289)
(-0.01052 0.01326 -0.01374)
(-0.08199 0.08115 -0.07979)
(-0.04354 0.05106 -0.05056)
(-0.00501 0.00692 -0.00666)
(-0.00149 0.00233 -0.00223)
(0.00280 0.00220 -0.00087)
(-0.00673 -0.00512 0.00269)
(-0.01816 -0.01172 0.00822)
(-0.03659 -0.02128 0.02107)
(-0.04626 -0.02505 0.02524)
(-0.05000 -0.02983 0.04355)
(-0.04797 -0.03225 0.04524)
(-0.04284 -0.03202 0.04743)
(-0.04813 -0.02834 0.04634)
(-0.04680 -0.02416 0.04896)
(-0.04768 -0.02214 0.04705)
(-0.04881 -0.02001 0.04498)
(-0.04772 -0.02172 0.04620)
(-0.04882 -0.01952 0.04320)
(-0.05250 -0.00767 0.01726)
(-0.04727 0.00101 -0.01155)
(-0.04794 0.00300 -0.01833)
(-0.04868 0.00505 -0.02681)
(-0.05699 0.01239 -0.05220)
(-0.06662 0.02446 -0.08558)
(-0.06581 0.02514 -0.09112)
(-0.07057 0.03462 -0.11438)
(-0.08486 0.05157 -0.13319)
(-0.08532 0.05165 -0.13021)
(-0.09711 0.05987 -0.13323)
(-0.11254 0.07915 -0.13184)
(-0.11507 0.08282 -0.12978)
(-0.11698 0.08549 -0.12702)
(-0.11849 0.08764 -0.12421)
(-0.11459 0.09143 -0.11192)
(-0.10300 0.08678 -0.09057)
(-0.10123 0.08781 -0.08882)
(-0.10482 0.08995 -0.09070)
(-0.09695 0.08921 -0.09333)
(-0.07592 0.08957 -0.07659)
(-0.09934 0.10425 -0.09262)
(-0.06207 0.07744 -0.06765)
(-0.02199 0.03622 -0.02994)
(-0.00218 0.00384 -0.00317)
(-0.04484 0.07431 -0.06316)
(-0.00930 0.01733 -0.01473)
(-0.00051 0.00097 -0.00082)
(-0.00400 -0.00293 0.00160)
(-0.01176 -0.00898 0.00590)
(-0.03249 -0.02925 0.02218)
(-0.04222 -0.03187 0.02675)
(-0.04332 -0.04095 0.04436)
(-0.04513 -0.03817 0.05202)
(-0.04546 -0.03775 0.05500)
(-0.04579 -0.03859 0.05523)
(-0.04597 -0.03835 0.05783)
(-0.04000 -0.03763 0.05681)
(-0.04595 -0.02627 0.05117)
(-0.04627 -0.02614 0.05163)
(-0.04698 -0.02367 0.04847)
(-0.04747 -0.02127 0.04470)
(-0.04823 -0.01892 0.04070)
(-0.05694 -0.00099 0.00464)
(-0.04630 0.00238 -0.01642)
(-0.04916 0.00024 -0.01586)
(-0.04566 0.00611 -0.03154)
(-0.04659 0.00579 -0.02631)
(-0.04836 0.00747 -0.03231)
(-0.06236 0.02760 -0.08826)
(-0.05889 0.03029 -0.08728)
(-0.07018 0.04176 -0.10475)
(-0.06807 0.03332 -0.09832)
(-0.07205 0.04274 -0.12190)
(-0.09367 0.06512 -0.14912)
(-0.09661 0.06829 -0.15136)
(-0.09953 0.07171 -0.15310)
(-0.11102 0.07960 -0.13234)
(-0.12055 0.09024 -0.13465)
(-0.12248 0.09268 -0.13212)
(-0.12456 0.09510 -0.12882)
(-0.13186 0.10648 -0.12177)
(-0.12227 0.10292 -0.11029)
(-0.12375 0.11247 -0.10787)
(-0.10898 0.10160 -0.10054)
(-0.10846 0.11499 -0.10465)
(-0.10161 0.10889 -0.10076)
(-0.09069 0.11244 -0.09515)
(-0.06771 0.10962 -0.09302)
(-0.03874 0.06733 -0.05740)
(-0.04773 0.08381 -0.07136)
(-0.01426 0.02702 -0.02308)
(-0.00664 0.01291 -0.01103)
(0.00239 0.00113 -0.00083)
(-0.00050 -0.00026 0.00011)
(-0.03136 -0.01657 0.01661)
(-0.04387 -0.03351 0.03030)
(-0.04637 -0.03750 0.03857)
(-0.04727 -0.03819 0.05112)
(-0.04712 -0.03910 0.05583)
(-0.04649 -0.03896 0.05779)
(-0.04757 -0.03903 0.05994)
(-0.04225 -0.04198 0.06192)
(-0.04274 -0.03655 0.05972)
(-0.04675 -0.02591 0.05159)
(-0.04752 -0.02658 0.05108)
(-0.04687 -0.02302 0.04651)
(-0.04674 -0.02059 0.04211)
(-0.04809 -0.00990 0.02261)
(-0.04571 -0.01803 0.03723)
(-0.04099 0.00428 -0.00399)
(-0.03977 0.00609 -0.02104)
(-0.04168 0.02053 -0.05509)
(-0.05049 0.02199 -0.06944)
(-0.06161 0.04470 -0.10113)
(-0.07347 0.05264 -0.13053)
(-0.09126 0.06838 -0.15003)
(-0.09719 0.07229 -0.15350)
(-0.10178 0.07701 -0.15562)
(-0.11555 0.09590 -0.15775)
(-0.12826 0.10430 -0.15117)
(-0.13420 0.10844 -0.14413)
(-0.13046 0.10317 -0.13379)
(-0.14146 0.12318 -0.12989)
(-0.13550 0.12202 -0.11572)
(-0.14955 0.14165 -0.12442)
(-0.13174 0.12859 -0.11099)
(-0.12539 0.13206 -0.11294)
(-0.11890 0.12693 -0.11048)
(-0.11343 0.12662 -0.10454)
(-0.10733 0.12979 -0.10414)
(-0.07357 0.11419 -0.09507)
(-0.06799 0.11262 -0.09492)
(-0.02256 0.04227 -0.03603)
(-0.06912 0.11511 -0.09573)
(-0.04824 0.08623 -0.07305)
(-0.01462 0.03134 -0.02582)
(-0.00103 0.00250 -0.00202)
(0.00769 0.00169 -0.00221)
(-0.00026 -0.00006 0.00008)
(-0.01752 -0.00536 0.00820)
(-0.03541 -0.01371 0.01840)
(-0.05041 -0.03426 0.03925)
(-0.05654 -0.02465 0.03743)
(-0.05105 -0.03306 0.04597)
(-0.05183 -0.03531 0.04772)
(-0.04641 -0.03967 0.05564)
(-0.04247 -0.04381 0.06243)
(-0.04217 -0.03680 0.06827)
(-0.03474 -0.04048 0.07410)
(-0.03190 -0.03778 0.06699)
(-0.03795 -0.03520 0.06255)
(-0.04282 -0.02155 0.04742)
(-0.03583 -0.00772 0.02229)
(-0.03636 -0.00469 0.00954)
(-0.02957 0.00274 -0.01984)
(-0.03693 0.01338 -0.03588)
(-0.04561 0.03450 -0.06720)
(-0.05455 0.04856 -0.08980)
(-0.06790 0.06494 -0.12637)
(-0.08284 0.07797 -0.13773)
(-0.09231 0.08932 -0.15235)
(-0.09618 0.07466 -0.15588)
(-0.10183 0.08002 -0.15819)
(-0.11904 0.10550 -0.17007)
(-0.13455 0.12763 -0.16587)
(-0.15006 0.14316 -0.16967)
(-0.15363 0.14924 -0.15976)
(-0.15400 0.14950 -0.15453)
(-0.16164 0.15488 -0.13032)
(-0.14555 0.14938 -0.11966)
(-0.12448 0.13332 -0.11304)
(-0.13362 0.15107 -0.11504)
(-0.11730 0.14033 -0.11093)
(-0.10328 0.13591 -0.10760)
(-0.11831 0.14420 -0.11194)
(-0.09932 0.13328 -0.10547)
(-0.08598 0.12618 -0.10384)
(-0.06720 0.11726 -0.10192)
(-0.08657 0.13021 -0.11064)
(-0.04045 0.07970 -0.06518)
(-0.00925 0.02194 -0.01767)
(-0.00571 0.01232 -0.01000)
(0.00035 0.00004 -0.00014)
(-0.01297 -0.00153 0.00424)
(-0.04908 -0.01390 0.02853)
(-0.05763 -0.01059 0.03758)
(-0.05747 -0.01876 0.04492)
(-0.05198 -0.02348 0.05409)
(-0.05140 -0.02951 0.04895)
(-0.04465 -0.03980 0.05361)
(-0.05323 -0.02878 0.05625)
(-0.04717 -0.03961 0.06445)
(-0.04686 -0.04084 0.06580)
(-0.03019 -0.04323 0.07570)
(-0.02696 -0.04577 0.07881)
(-0.02657 -0.04575 0.07970)
(-0.03097 -0.04349 0.07746)
(-0.03890 -0.03145 0.06495)
(-0.02696 -0.03853 0.06405)
(-0.02821 -0.03630 0.06538)
(-0.03122 -0.02415 0.05872)
(-0.03088 -0.01221 0.03006)
(-0.03374 -0.00519 0.01747)
(-0.03044 0.00559 -0.01089)
(-0.03413 0.01482 -0.02749)
(-0.04676 0.04067 -0.06129)
(-0.05042 0.06736 -0.09765)
(-0.05525 0.07376 -0.10721)
(-0.06768 0.07954 -0.12489)
(-0.08682 0.09178 -0.14266)
(-0.11198 0.11711 -0.16735)
(-0.12569 0.12510 -0.17226)
(-0.13817 0.13920 -0.16944)
(-0.15399 0.15270 -0.17535)
(-0.15617 0.15602 -0.17571)
(-0.15876 0.17114 -0.16957)
(-0.16339 0.16438 -0.15189)
(-0.16458 0.18259 -0.15536)
(-0.15830 0.17235 -0.13522)
(-0.16472 0.18499 -0.13512)
(-0.15440 0.17426 -0.12959)
(-0.15674 0.18345 -0.13231)
(-0.13427 0.15448 -0.11602)
(-0.13380 0.16007 -0.11787)
(-0.11926 0.15166 -0.11612)
(-0.11332 0.15338 -0.12444)
(-0.09362 0.14331 -0.12231)
(-0.08088 0.13834 -0.11528)
(-0.05859 0.11872 -0.09663)
(-0.01830 0.04140 -0.03382)
(0.00208 -0.00487 0.00413)
(-0.04922 0.09564 -0.08119)
(-0.00436 -0.00013 0.00231)
(-0.02489 -0.00194 0.01189)
(-0.02902 -0.00043 0.01887)
(-0.04521 -0.00365 0.02700)
(-0.06001 -0.01040 0.04766)
(-0.05269 -0.02047 0.05283)
(-0.04990 -0.02272 0.05577)
(-0.05034 -0.02490 0.05617)
(-0.04873 -0.02805 0.05860)
(-0.03786 -0.03813 0.06526)
(-0.02626 -0.04599 0.07852)
(-0.02407 -0.04592 0.07920)
(-0.02601 -0.03895 0.07228)
(-0.02197 -0.03212 0.05356)
(-0.01890 -0.02163 0.04456)
(-0.02673 -0.00678 0.01578)
(-0.02309 -0.00765 0.01343)
(-0.02727 0.01472 -0.01128)
(-0.02708 0.01565 -0.01333)
(-0.02917 0.02203 -0.02828)
(-0.04259 0.04445 -0.06189)
(-0.04890 0.06877 -0.09539)
(-0.05371 0.07476 -0.10350)
(-0.05897 0.08074 -0.11171)
(-0.08083 0.09469 -0.13279)
(-0.10602 0.11475 -0.16243)
(-0.10093 0.12329 -0.15687)
(-0.11666 0.12910 -0.16836)
(-0.12928 0.13839 -0.17575)
(-0.14636 0.16192 -0.17743)
(-0.15328 0.16907 -0.17926)
(-0.16420 0.19632 -0.17668)
(-0.16498 0.19605 -0.17086)
(-0.16424 0.19927 -0.17063)
(-0.16344 0.18775 -0.15133)
(-0.15682 0.18945 -0.14541)
(-0.15941 0.18793 -0.13657)
(-0.15738 0.18905 -0.13692)
(-0.15521 0.18474 -0.13222)
(-0.13661 0.17906 -0.12867)
(-0.12534 0.16653 -0.12554)
(-0.10481 0.15537 -0.12532)
(-0.09418 0.15877 -0.13171)
(-0.08230 0.14394 -0.12527)
(-0.08694 0.15259 -0.13118)
(-0.07183 0.13892 -0.12066)
(-0.03898 0.08386 -0.07232)
(-0.00244 0.00612 -0.00529)
(0.00089 -0.00223 0.00195)
(0.00139 -0.00005 -0.00101)
(-0.00208 0.00010 0.00160)
(-0.01572 0.00048 0.01164)
(-0.04402 0.00077 0.03308)
(-0.05307 -0.00299 0.04365)
(-0.05003 0.00107 0.03958)
(-0.04938 -0.00773 0.04693)
(-0.05041 -0.01994 0.05455)
(-0.04773 -0.02623 0.05830)
(-0.04676 -0.02431 0.05768)
(-0.04466 -0.02926 0.06019)
(-0.03251 -0.04024 0.06806)
(-0.02762 -0.03708 0.05562)
(-0.02206 -0.04695 0.07859)
(-0.01762 -0.04630 0.06825)
(-0.01494 -0.03593 0.04862)
(-0.01296 -0.01991 0.04476)
(-0.01938 -0.01169 0.02630)
(-0.02483 0.01490 -0.01181)
(-0.02692 0.02092 -0.02194)
(-0.02613 0.02115 -0.02063)
(-0.02740 0.02530 -0.02922)
(-0.04795 0.07181 -0.09385)
(-0.05243 0.07656 -0.10004)
(-0.05781 0.08248 -0.10697)
(-0.06867 0.09718 -0.11848)
(-0.09622 0.12456 -0.15085)
(-0.11514 0.14046 -0.16861)
(-0.13069 0.16325 -0.18387)
(-0.13490 0.16852 -0.18540)
(-0.13762 0.17269 -0.18675)
(-0.15936 0.19640 -0.18153)
(-0.16246 0.20120 -0.17586)
(-0.16326 0.20293 -0.17072)
(-0.15721 0.20707 -0.16228)
(-0.15919 0.19386 -0.14133)
(-0.15701 0.19511 -0.14161)
(-0.14547 0.19056 -0.14142)
(-0.12499 0.17708 -0.13318)
(-0.12227 0.18212 -0.13883)
(-0.11481 0.16408 -0.12970)
(-0.09659 0.16315 -0.13548)
(-0.09322 0.15937 -0.13469)
(-0.08912 0.15533 -0.13429)
(-0.08555 0.15200 -0.13374)
(-0.05100 0.11096 -0.09604)
(-0.01331 0.03267 -0.02893)
(-0.00526 0.01286 -0.01143)
(0.00529 -0.01309 0.01152)
(-0.00423 0.00056 0.00329)
(-0.01613 0.00088 0.01292)
(-0.02997 0.00131 0.02399)
(-0.02523 0.00162 0.02116)
(-0.04776 0.00165 0.03997)
(-0.04867 0.00047 0.04061)
(-0.04519 -0.01358 0.05530)
(-0.03991 -0.00828 0.05030)
(-0.04566 -0.02213 0.05696)
(-0.04271 -0.02667 0.05902)
(-0.03077 -0.03696 0.05442)
(-0.00971 -0.04795 0.05571)
(-0.02246 -0.04476 0.05905)
(-0.01040 -0.04586 0.05341)
(-0.02130 -0.03884 0.04484)
(-0.01566 -0.03090 0.04465)
(-0.01686 -0.02976 0.03073)
(-0.01303 -0.01713 0.02266)
(-0.01851 0.00518 0.00437)
(-0.02532 0.02019 -0.02036)
(-0.02751 0.02715 -0.02870)
(-0.02777 0.02709 -0.02851)
(-0.03511 0.05078 -0.05630)
(-0.05028 0.07575 -0.09182)
(-0.06071 0.09009 -0.10259)
(-0.07550 0.11294 -0.12214)
(-0.09946 0.13368 -0.13844)
(-0.11525 0.14778 -0.16156)
(-0.12528 0.16306 -0.17401)
(-0.13223 0.16960 -0.18351)
(-0.13525 0.17442 -0.18590)
(-0.15118 0.20048 -0.18689)
(-0.16092 0.20332 -0.18010)
(-0.15914 0.20648 -0.17901)
(-0.16072 0.20690 -0.17472)
(-0.15131 0.21561 -0.16937)
(-0.15213 0.21622 -0.15576)
(-0.14958 0.21805 -0.15576)
(-0.14562 0.20726 -0.15019)
(-0.14135 0.21731 -0.15887)
(-0.13214 0.20407 -0.14795)
(-0.12774 0.19414 -0.14554)
(-0.12570 0.20593 -0.15147)
(-0.10939 0.17791 -0.13930)
(-0.09703 0.16532 -0.13726)
(-0.09391 0.16149 -0.13690)
(-0.09143 0.15901 -0.13728)
(-0.08932 0.15676 -0.13764)
(-0.08621 0.15301 -0.13675)
(-0.07849 0.14581 -0.13852)
(-0.05547 0.11656 -0.10828)
(-0.02014 0.04394 -0.04135)
(0.00215 -0.00517 0.00462)
(0.00017 -0.00001 -0.00019)
(-0.00244 0.00013 0.00288)
(-0.01542 0.00087 0.01783)
(-0.04170 0.00241 0.03603)
(-0.03900 0.00005 0.04041)
(-0.04073 -0.00220 0.04264)
(-0.03226 -0.00150 0.04409)
(-0.03604 -0.00804 0.04584)
(-0.03797 -0.01557 0.05510)
(-0.02350 -0.01666 0.04725)
(-0.02467 -0.01826 0.05152)
(-0.02897 -0.02674 0.05573)
(-0.01997 -0.03383 0.04651)
(-0.00723 -0.04671 0.04971)
(-0.00348 -0.05317 0.05492)
(-0.00255 -0.04363 0.03267)
(-0.00734 -0.03930 0.03006)
(-0.01075 -0.02331 0.02506)
(-0.01074 -0.01856 0.02073)
(-0.01623 0.01043 -0.00942)
(-0.02170 0.02369 -0.02316)
(-0.04133 0.05226 -0.05220)
(-0.03891 0.05475 -0.05109)
(-0.05024 0.06632 -0.06316)
(-0.05947 0.08683 -0.08330)
(-0.06677 0.09635 -0.09759)
(-0.08627 0.12447 -0.11532)
(-0.10218 0.13706 -0.13015)
(-0.11459 0.15262 -0.15225)
(-0.11766 0.15408 -0.14436)
(-0.12308 0.16446 -0.16500)
(-0.13566 0.17532 -0.17686)
(-0.13803 0.18129 -0.19070)
(-0.14751 0.19934 -0.19317)
(-0.15084 0.20683 -0.18867)
(-0.14341 0.21319 -0.19155)
(-0.15264 0.21937 -0.18813)
(-0.14408 0.22058 -0.18485)
(-0.14539 0.23427 -0.17268)
(-0.14400 0.23496 -0.17198)
(-0.13590 0.22094 -0.16943)
(-0.13109 0.21295 -0.15714)
(-0.12218 0.20509 -0.15543)
(-0.11455 0.19341 -0.15042)
(-0.11217 0.18826 -0.15051)
(-0.10367 0.17269 -0.14714)
(-0.09181 0.16288 -0.15064)
(-0.08378 0.15120 -0.14282)
(-0.07709 0.14290 -0.13858)
(-0.06904 0.13418 -0.13577)
(-0.08141 0.14733 -0.14089)
(-0.07115 0.13559 -0.13872)
(-0.03066 0.06383 -0.06244)
(-0.00156 0.00365 -0.00340)
(0.00361 -0.00776 0.00732)
(-0.00088 -0.00006 0.00184)
(-0.00639 0.00022 0.00843)
(-0.03501 0.00388 0.04140)
(-0.02504 0.00253 0.04145)
(-0.02888 0.00045 0.04321)
(-0.03100 -0.00140 0.04534)
(-0.02768 0.00028 0.04441)
(-0.02318 -0.01246 0.04507)
(-0.02116 -0.01774 0.04737)
(-0.01031 -0.02897 0.03306)
(-0.01511 -0.03025 0.04017)
(-0.00916 -0.04106 0.04319)
(-0.00376 -0.04473 0.03480)
(-0.00072 -0.04371 0.01694)
(-0.00003 -0.02119 -0.00982)
(-0.00236 -0.01450 -0.01666)
(-0.00640 -0.01572 -0.00443)
(-0.01257 0.00269 -0.01623)
(-0.01809 0.02094 -0.02966)
(-0.03782 0.04794 -0.04890)
(-0.05640 0.07165 -0.06655)
(-0.05879 0.08435 -0.07905)
(-0.06516 0.09679 -0.08821)
(-0.08724 0.11895 -0.10395)
(-0.12004 0.15421 -0.12370)
(-0.12502 0.16010 -0.12895)
(-0.12498 0.16492 -0.15840)
(-0.13538 0.17859 -0.17125)
(-0.15120 0.20135 -0.18147)
(-0.15238 0.20513 -0.18502)
(-0.13852 0.20802 -0.19257)
(-0.13862 0.21482 -0.19704)
(-0.14299 0.21748 -0.18869)
(-0.14396 0.22452 -0.19194)
(-0.13922 0.22837 -0.17501)
(-0.13579 0.22446 -0.17433)
(-0.12559 0.22150 -0.17279)
(-0.12021 0.21156 -0.16463)
(-0.11763 0.20745 -0.16300)
(-0.11452 0.20242 -0.15403)
(-0.10846 0.18616 -0.14994)
(-0.10813 0.19276 -0.15205)
(-0.09963 0.17853 -0.15120)
(-0.09716 0.16705 -0.15123)
(-0.09529 0.15921 -0.14710)
(-0.08270 0.14917 -0.14071)
(-0.07464 0.14069 -0.13821)
(-0.07119 0.13411 -0.14003)
(-0.07731 0.13963 -0.13645)
(-0.04392 0.08679 -0.08730)
(-0.00745 0.01585 -0.01512)
(-0.00430 0.00836 -0.00737)
(0.00138 0.00022 -0.00319)
(-0.00581 -0.00028 0.01241)
(-0.00053 -0.00008 0.00123)
(-0.00676 -0.00067 0.01564)
(-0.01639 0.00002 0.03761)
(-0.02662 0.00205 0.04309)
(-0.01639 -0.00033 0.04059)
(-0.02217 -0.00276 0.04219)
(-0.01800 -0.00862 0.03911)
(-0.02291 -0.00534 0.04104)
(-0.01363 -0.01135 0.03588)
(-0.01427 -0.01620 0.04058)
(-0.00890 -0.02311 0.03742)
(0.00276 -0.03777 0.01509)
(0.00444 -0.04136 0.01160)
(0.00614 -0.04438 0.01420)
(-0.00038 -0.02280 -0.00897)
(-0.00291 -0.01573 -0.02111)
(-0.00636 -0.00813 -0.02468)
(-0.01727 0.00986 -0.03856)
(-0.04005 0.04077 -0.05896)
(-0.05856 0.06518 -0.06618)
(-0.09158 0.09376 -0.09609)
(-0.06162 0.08095 -0.07088)
(-0.08237 0.10505 -0.09277)
(-0.10559 0.13432 -0.11007)
(-0.12255 0.15500 -0.12217)
(-0.12672 0.15954 -0.12656)
(-0.12806 0.16423 -0.13284)
(-0.13736 0.18346 -0.15824)
(-0.15155 0.20055 -0.17863)
(-0.15312 0.20353 -0.18197)
(-0.14404 0.20442 -0.19088)
(-0.14420 0.21429 -0.19728)
(-0.13748 0.22262 -0.19563)
(-0.12977 0.22172 -0.19075)
(-0.12893 0.22263 -0.18891)
(-0.12802 0.22175 -0.17992)
(-0.11729 0.21035 -0.17187)
(-0.11875 0.21067 -0.16614)
(-0.11641 0.20675 -0.16436)
(-0.11526 0.20381 -0.16130)
(-0.11033 0.19768 -0.15348)
(-0.10356 0.18174 -0.14559)
(-0.09922 0.16705 -0.14215)
(-0.09432 0.16296 -0.14123)
(-0.09037 0.15642 -0.13638)
(-0.08695 0.15436 -0.13423)
(-0.07927 0.14488 -0.13542)
(-0.08231 0.14442 -0.13390)
(-0.05477 0.10390 -0.09342)
(-0.01034 0.01989 -0.01734)
(0.00127 0.00026 -0.00315)
(-0.00230 -0.00043 0.00572)
(-0.01384 -0.00111 0.03328)
(-0.01051 -0.00154 0.02666)
(-0.01365 -0.00182 0.03506)
(-0.01150 -0.00292 0.03843)
(-0.01336 -0.00373 0.04006)
(-0.00951 -0.00763 0.03655)
(-0.00117 -0.01505 0.03142)
(-0.00003 -0.01738 0.03006)
(-0.00073 -0.02451 0.03452)
(0.00348 -0.03684 0.01348)
(0.00498 -0.03877 0.00860)
(0.00563 -0.04034 0.00271)
(0.00531 -0.04182 0.00488)
(-0.00455 -0.02889 -0.01429)
(-0.00111 -0.01860 -0.02448)
(-0.00673 -0.01162 -0.03112)
(-0.02754 0.00929 -0.05592)
(-0.01169 -0.00117 -0.03251)
(-0.04767 0.04370 -0.06691)
(-0.05342 0.05057 -0.07014)
(-0.09378 0.09275 -0.09820)
(-0.09584 0.10073 -0.09757)
(-0.09952 0.10590 -0.09908)
(-0.12602 0.15620 -0.12137)
(-0.12876 0.15854 -0.12477)
(-0.13008 0.16359 -0.13046)
(-0.13307 0.16718 -0.13375)
(-0.14076 0.18299 -0.15802)
(-0.13991 0.18869 -0.16664)
(-0.14661 0.20666 -0.19507)
(-0.13955 0.20296 -0.19402)
(-0.13766 0.21554 -0.19167)
(-0.13069 0.22011 -0.19288)
(-0.12896 0.21944 -0.19212)
(-0.12734 0.22059 -0.18920)
(-0.12148 0.21261 -0.18201)
(-0.11763 0.20940 -0.16736)
(-0.11552 0.20575 -0.16530)
(-0.11404 0.20262 -0.16218)
(-0.10725 0.19440 -0.15063)
(-0.10193 0.18220 -0.13991)
(-0.10169 0.18097 -0.13963)
(-0.09609 0.17141 -0.13218)
(-0.09045 0.16648 -0.12632)
(-0.08948 0.16453 -0.12731)
(-0.09023 0.16585 -0.12565)
(-0.08946 0.16411 -0.12679)
(-0.08842 0.16223 -0.12774)
(-0.08417 0.14634 -0.13341)
(-0.07406 0.13849 -0.12315)
(-0.06857 0.12768 -0.10996)
(-0.01681 0.03176 -0.02708)
(0.00502 -0.00955 0.00810)
(0.00049 0.00011 -0.00126)
(-0.00387 -0.00076 0.01001)
(-0.01100 0.00065 0.03357)
(-0.01403 0.00134 0.03874)
(-0.01199 -0.00100 0.03956)
(-0.00911 -0.00249 0.03712)
(-0.00578 -0.00710 0.03620)
(-0.00058 -0.01382 0.03101)
(0.00074 -0.01644 0.02935)
(0.00405 -0.02121 0.02570)
(0.00246 -0.02440 0.01706)
(0.00584 -0.03769 0.00758)
(0.00643 -0.03916 0.00173)
(0.00349 -0.04195 -0.01595)
(0.00530 -0.04163 -0.00521)
(-0.00842 -0.03095 -0.04037)
(-0.01525 -0.01611 -0.04790)
(-0.03304 0.00446 -0.06677)
(-0.05045 0.03163 -0.08122)
(-0.06299 0.05434 -0.08400)
(-0.08667 0.07573 -0.09703)
(-0.09829 0.09950 -0.09929)
(-0.09917 0.09634 -0.10106)
(-0.10240 0.10531 -0.10061)
(-0.12366 0.13565 -0.11338)
(-0.13347 0.14540 -0.11859)
(-0.13186 0.16200 -0.12835)
(-0.13981 0.17113 -0.14043)
(-0.15269 0.17998 -0.15189)
(-0.15263 0.18499 -0.15866)
(-0.13578 0.19262 -0.17683)
(-0.13265 0.19326 -0.18451)
(-0.13718 0.20591 -0.19384)
(-0.13752 0.21622 -0.19418)
(-0.12952 0.21840 -0.19423)
(-0.12715 0.21872 -0.19054)
(-0.12527 0.21072 -0.18309)
(-0.11723 0.20976 -0.17507)
(-0.11721 0.20339 -0.16502)
(-0.10618 0.19589 -0.15117)
(-0.10097 0.18633 -0.14222)
(-0.10024 0.18253 -0.13787)
(-0.09753 0.17399 -0.13641)
(-0.09937 0.17674 -0.13506)
(-0.09516 0.17158 -0.12691)
(-0.09076 0.16749 -0.12396)
(-0.09001 0.16531 -0.12545)
(-0.08510 0.15882 -0.12642)
(-0.08823 0.15063 -0.12407)
(-0.07626 0.14095 -0.12208)
(-0.07963 0.14446 -0.12107)
(-0.02378 0.04412 -0.03647)
(0.00105 -0.00194 0.00160)
(-0.00025 -0.00006 0.00060)
(-0.00642 -0.00068 0.01673)
(-0.00527 -0.00073 0.01261)
(-0.01263 -0.00227 0.03678)
(-0.01293 -0.00230 0.03867)
(-0.01034 0.00018 0.03882)
(-0.00819 -0.00402 0.03856)
(-0.00188 -0.00643 0.03322)
(-0.00290 -0.00997 0.03414)
(0.00112 -0.01491 0.02906)
(0.00270 -0.01906 0.02386)
(0.00517 -0.02470 0.01243)
(0.00761 -0.03336 -0.00316)
(0.00203 -0.03460 -0.02028)
(-0.01180 -0.02892 -0.04821)
(-0.01212 -0.03662 -0.07216)
(-0.03068 -0.01284 -0.06918)
(-0.05354 0.02928 -0.08119)
(-0.05954 0.01572 -0.08511)
(-0.08464 0.05823 -0.09556)
(-0.09535 0.06884 -0.09744)
(-0.10905 0.08844 -0.09941)
(-0.10320 0.10193 -0.10211)
(-0.12573 0.12554 -0.11077)
(-0.13438 0.13041 -0.11633)
(-0.13437 0.15004 -0.12171)
(-0.14787 0.16161 -0.13357)
(-0.15115 0.17231 -0.14855)
(-0.15688 0.17875 -0.15232)
(-0.14826 0.19071 -0.17371)
(-0.16132 0.20125 -0.18593)
(-0.14797 0.20677 -0.19936)
(-0.14970 0.20956 -0.19957)
(-0.14799 0.20989 -0.20501)
(-0.13873 0.21472 -0.19522)
(-0.13305 0.21059 -0.18376)
(-0.11821 0.20485 -0.17064)
(-0.11774 0.20271 -0.16836)
(-0.11202 0.19502 -0.15546)
(-0.10686 0.18774 -0.14089)
(-0.10042 0.18088 -0.13669)
(-0.09698 0.18028 -0.12782)
(-0.09529 0.17009 -0.12556)
(-0.09142 0.17339 -0.12800)
(-0.09080 0.16817 -0.12287)
(-0.09053 0.17073 -0.12939)
(-0.09014 0.16024 -0.12541)
(-0.09003 0.15736 -0.12208)
(-0.09376 0.15964 -0.12079)
(-0.08507 0.14964 -0.12183)
(-0.03668 0.05758 -0.04827)
(-0.00266 0.00415 -0.00331)
(-0.00112 -0.00019 0.00254)
(-0.00928 -0.00190 0.02280)
(-0.01284 -0.00269 0.03739)
(-0.01139 -0.00054 0.03757)
(-0.01082 0.00124 0.03812)
(-0.00627 -0.00192 0.03544)
(-0.00019 -0.00914 0.02946)
(0.00036 -0.01023 0.03151)
(0.00164 -0.01260 0.02641)
(0.00653 -0.01766 0.01952)
(0.00873 -0.02842 -0.00047)
(0.00286 -0.03217 -0.01471)
(-0.00709 -0.03260 -0.03531)
(-0.01106 -0.02692 -0.03035)
(-0.01649 -0.02693 -0.05913)
(-0.03422 -0.00917 -0.06712)
(-0.07368 0.02568 -0.08605)
(-0.07893 0.03614 -0.09089)
(-0.09655 0.05775 -0.10114)
(-0.10563 0.07368 -0.10111)
(-0.12519 0.10221 -0.10250)
(-0.13670 0.12224 -0.10637)
(-0.13728 0.12697 -0.11165)
(-0.14448 0.14133 -0.12026)
(-0.14899 0.15402 -0.12829)
(-0.15416 0.15741 -0.14259)
(-0.15999 0.16485 -0.14943)
(-0.15772 0.18462 -0.16807)
(-0.17558 0.19819 -0.18661)
(-0.15806 0.20323 -0.19608)
(-0.15349 0.20597 -0.19907)
(-0.15416 0.20742 -0.20438)
(-0.14140 0.20710 -0.19862)
(-0.14171 0.20609 -0.18698)
(-0.11947 0.20435 -0.17087)
(-0.12024 0.20075 -0.16628)
(-0.11378 0.19534 -0.15293)
(-0.10901 0.19219 -0.14015)
(-0.10312 0.18649 -0.13681)
(-0.09482 0.18111 -0.12858)
(-0.09733 0.18321 -0.12563)
(-0.09612 0.18082 -0.12411)
(-0.09202 0.17894 -0.12641)
(-0.09463 0.17431 -0.13173)
(-0.09066 0.17265 -0.12872)
(-0.09353 0.16385 -0.12449)
(-0.09662 0.16014 -0.11991)
(-0.09667 0.15344 -0.11698)
(-0.06880 0.09923 -0.08340)
(-0.03171 0.04845 -0.04047)
(-0.00475 0.00718 -0.00596)
(0.00099 0.00034 -0.00167)
(-0.00354 -0.00100 0.00621)
(-0.01119 -0.00390 0.02099)
(-0.01698 -0.00341 0.03741)
(-0.01390 -0.00051 0.03864)
(-0.01245 -0.00007 0.03879)
(-0.00802 -0.00371 0.03540)
(-0.01136 0.00055 0.03870)
(-0.00308 -0.00528 0.03096)
(0.00082 -0.01010 0.02762)
(0.00239 -0.01280 0.02469)
(0.00286 -0.01284 0.01272)
(0.00517 -0.02152 0.00226)
(-0.00087 -0.02167 -0.00754)
(-0.01714 -0.01504 -0.02967)
(-0.02121 -0.02026 -0.04513)
(-0.02349 -0.01230 -0.04083)
(-0.03465 -0.00777 -0.05976)
(-0.07499 0.02584 -0.08380)
(-0.08142 0.03486 -0.08769)
(-0.08730 0.04159 -0.08937)
(-0.09918 0.05944 -0.09635)
(-0.12746 0.10001 -0.10284)
(-0.13785 0.11175 -0.10122)
(-0.13987 0.11660 -0.10672)
(-0.13814 0.11952 -0.11323)
(-0.14533 0.13220 -0.11897)
(-0.14854 0.14255 -0.12669)
(-0.15363 0.14518 -0.13793)
(-0.15531 0.14864 -0.14180)
(-0.15533 0.17324 -0.16408)
(-0.17685 0.19581 -0.18556)
(-0.17618 0.20108 -0.19112)
(-0.17115 0.20520 -0.19984)
(-0.16402 0.20217 -0.19637)
(-0.16061 0.20988 -0.19988)
(-0.14586 0.20214 -0.17561)
(-0.13694 0.20395 -0.17660)
(-0.13011 0.19418 -0.16587)
(-0.11273 0.19489 -0.14402)
(-0.11093 0.19448 -0.14060)
(-0.10750 0.19280 -0.13709)
(-0.10594 0.19477 -0.13470)
(-0.09232 0.17982 -0.12462)
(-0.09143 0.18190 -0.12783)
(-0.09451 0.17581 -0.13235)
(-0.09825 0.17519 -0.13885)
(-0.09404 0.17119 -0.13244)
(-0.09536 0.16871 -0.12664)
(-0.10188 0.16120 -0.12766)
(-0.10059 0.16113 -0.12244)
(-0.10053 0.14068 -0.11873)
(-0.07118 0.08789 -0.07132)
(-0.00767 0.00918 -0.00742)
(-0.00773 0.00876 -0.00734)
(-0.00339 -0.00124 0.00471)
(-0.01789 -0.00725 0.02859)
(-0.01535 -0.00104 0.03909)
(-0.01438 -0.00058 0.03915)
(-0.01303 -0.00006 0.03909)
(-0.01166 0.00077 0.03905)
(-0.00508 -0.00223 0.03226)
(0.00108 -0.00654 0.02992)
(0.00162 -0.01130 0.02556)
(0.00125 -0.01008 0.01684)
(-0.00261 -0.01532 -0.00421)
(-0.01774 -0.01226 -0.03152)
(-0.02274 -0.00982 -0.03590)
(-0.02862 -0.00953 -0.04470)
(-0.04885 0.00851 -0.05340)
(-0.08099 0.03315 -0.08495)
(-0.08038 0.03309 -0.08160)
(-0.08657 0.03976 -0.08635)
(-0.10209 0.05760 -0.08883)
(-0.11840 0.07847 -0.09487)
(-0.11798 0.07931 -0.09746)
(-0.12792 0.09126 -0.10067)
(-0.13001 0.09649 -0.10679)
(-0.13213 0.09955 -0.10766)
(-0.14789 0.12292 -0.11916)
(-0.15351 0.14152 -0.13619)
(-0.15495 0.14474 -0.14027)
(-0.15645 0.15119 -0.14594)
(-0.16220 0.17164 -0.16858)
(-0.17872 0.19881 -0.18923)
(-0.18121 0.20239 -0.18976)
(-0.17472 0.20192 -0.19650)
(-0.17022 0.20644 -0.19555)
(-0.15153 0.20290 -0.17561)
(-0.14485 0.20115 -0.17134)
(-0.14369 0.20079 -0.16740)
(-0.11499 0.19630 -0.14381)
(-0.11282 0.19677 -0.14123)
(-0.10881 0.19546 -0.13829)
(-0.10598 0.19745 -0.13707)
(-0.09530 0.19081 -0.12552)
(-0.10089 0.19671 -0.13884)
(-0.10851 0.18764 -0.14745)
(-0.10855 0.18607 -0.14459)
(-0.10013 0.17119 -0.13770)
(-0.10231 0.16382 -0.12448)
(-0.10276 0.16209 -0.12275)
(-0.10719 0.13224 -0.11107)
(-0.08321 0.09831 -0.08256)
(-0.04632 0.05357 -0.04494)
(-0.08657 0.09759 -0.08391)
(-0.01276 0.01368 -0.01172)
(-0.00089 -0.00035 0.00119)
(-0.00686 -0.00260 0.00925)
(-0.00464 -0.00181 0.00605)
(-0.01682 -0.00606 0.02285)
(-0.02268 -0.00751 0.03730)
(-0.02031 -0.00429 0.03861)
(-0.01561 -0.00041 0.03999)
(-0.01531 0.00034 0.04027)
(-0.01366 0.00010 0.03953)
(-0.00789 -0.00282 0.03904)
(-0.00718 0.00127 0.03820)
(-0.00143 -0.00173 0.03326)
(0.00154 -0.00504 0.02592)
(0.00102 -0.00715 0.01659)
(-0.00478 -0.01069 0.00921)
(-0.01132 -0.00960 -0.01664)
(-0.02225 -0.00704 -0.03208)
(-0.02813 -0.00662 -0.04017)
(-0.03955 0.00124 -0.04757)
(-0.07492 0.03688 -0.05815)
(-0.08512 0.03888 -0.08279)
(-0.10429 0.05870 -0.08146)
(-0.12205 0.07881 -0.08432)
(-0.12660 0.08778 -0.09700)
(-0.13271 0.09470 -0.10351)
(-0.13098 0.09731 -0.10677)
(-0.14357 0.11143 -0.11319)
(-0.14841 0.12896 -0.13019)
(-0.15294 0.13977 -0.13880)
(-0.15739 0.14895 -0.14550)
(-0.17322 0.16898 -0.16366)
(-0.18046 0.19121 -0.18306)
(-0.18369 0.19577 -0.18618)
(-0.18496 0.19857 -0.18992)
(-0.17765 0.20583 -0.19350)
(-0.16231 0.20658 -0.18186)
(-0.14883 0.20167 -0.17102)
(-0.14604 0.20179 -0.16622)
(-0.13343 0.20497 -0.15091)
(-0.11783 0.20413 -0.14243)
(-0.10987 0.19803 -0.13962)
(-0.10933 0.20458 -0.14235)
(-0.09927 0.20071 -0.13736)
(-0.10392 0.21012 -0.15038)
(-0.10641 0.19944 -0.14522)
(-0.10855 0.19390 -0.14620)
(-0.10889 0.18960 -0.14537)
(-0.10917 0.17556 -0.13789)
(-0.10933 0.14827 -0.12254)
(-0.10960 0.13150 -0.11352)
(-0.11226 0.12908 -0.11271)
(-0.11392 0.12505 -0.10928)
(-0.07838 0.08346 -0.07263)
(-0.01427 0.01332 -0.01200)
(0.01165 -0.01059 0.00950)
(-0.00049 -0.00026 0.00055)
(-0.00594 -0.00316 0.00685)
(-0.02575 -0.00967 0.03643)
(-0.01721 -0.00790 0.02115)
(-0.02909 -0.01161 0.03791)
(-0.02306 -0.00701 0.03985)
(-0.02192 -0.00483 0.04163)
(-0.01925 -0.00669 0.04430)
(-0.01475 -0.00588 0.04414)
(-0.00810 -0.00329 0.04201)
(-0.00217 0.00125 0.03873)
(-0.00251 -0.00226 0.03517)
(0.00052 -0.00918 0.02648)
(-0.00450 -0.00762 0.01789)
(-0.01325 -0.00535 0.00349)
(-0.01710 -0.00372 -0.00144)
(-0.03852 0.01348 -0.02033)
(-0.02748 -0.00346 -0.03631)
(-0.04506 0.01177 -0.04077)
(-0.07044 0.04001 -0.04877)
(-0.08626 0.04933 -0.06168)
(-0.10417 0.06297 -0.07037)
(-0.11393 0.07449 -0.07427)
(-0.12704 0.08450 -0.08708)
(-0.13021 0.08950 -0.08941)
(-0.14685 0.10459 -0.09326)
(-0.14716 0.11327 -0.10682)
(-0.15488 0.12371 -0.11800)
(-0.15146 0.12424 -0.12556)
(-0.16683 0.14624 -0.14421)
(-0.17494 0.16419 -0.16001)
(-0.17916 0.17950 -0.17460)
(-0.19246 0.19500 -0.17793)
(-0.19239 0.19960 -0.18161)
(-0.18765 0.20374 -0.18677)
(-0.18265 0.20620 -0.17800)
(-0.15184 0.20205 -0.17004)
(-0.15407 0.20800 -0.16238)
(-0.14551 0.21548 -0.15596)
(-0.13731 0.21456 -0.14982)
(-0.13074 0.21973 -0.15537)
(-0.12524 0.22015 -0.15642)
(-0.10635 0.21682 -0.15435)
(-0.10721 0.21146 -0.15657)
(-0.10925 0.20506 -0.15533)
(-0.11470 0.20250 -0.16258)
(-0.11208 0.18896 -0.15513)
(-0.12392 0.17007 -0.15136)
(-0.12414 0.16429 -0.14064)
(-0.13249 0.16214 -0.15022)
(-0.14004 0.14239 -0.13050)
(-0.12423 0.11848 -0.10888)
(-0.07881 0.07089 -0.06563)
(-0.02351 0.01980 -0.01811)
(0.00985 -0.00702 0.00595)
(-0.00360 -0.00227 0.00370)
(-0.01957 -0.01199 0.02103)
(-0.03277 -0.01324 0.03972)
(-0.02963 -0.00789 0.04296)
(-0.02649 -0.00492 0.04573)
(-0.02352 -0.00902 0.04567)
(-0.02105 -0.01249 0.04710)
(-0.01589 -0.00691 0.04486)
(-0.01136 -0.00962 0.04617)
(-0.01052 -0.01187 0.04494)
(-0.00686 -0.00535 0.04246)
(-0.00264 -0.00477 0.03786)
(-0.00245 -0.00935 0.03382)
(-0.00541 -0.01031 0.03678)
(-0.00595 -0.00919 0.03331)
(-0.01354 -0.00344 0.00638)
(-0.00780 -0.00420 0.03028)
(-0.01940 0.00076 0.00279)
(-0.03709 0.01698 -0.00195)
(-0.05448 0.02847 -0.02671)
(-0.07144 0.04168 -0.03984)
(-0.07733 0.04664 -0.05378)
(-0.10285 0.06440 -0.05891)
(-0.12066 0.08516 -0.05762)
(-0.12859 0.08816 -0.07923)
(-0.13035 0.09141 -0.08421)
(-0.15182 0.10973 -0.08916)
(-0.14894 0.11056 -0.09646)
(-0.15045 0.11565 -0.11043)
(-0.15584 0.12610 -0.12166)
(-0.16710 0.14237 -0.13539)
(-0.17320 0.15672 -0.14876)
(-0.18292 0.17590 -0.17115)
(-0.18901 0.18469 -0.16907)
(-0.20655 0.20366 -0.16990)
(-0.19071 0.20403 -0.18056)
(-0.18761 0.20480 -0.17225)
(-0.18680 0.21604 -0.17305)
(-0.18712 0.22543 -0.17160)
(-0.16289 0.22265 -0.15908)
(-0.14074 0.22004 -0.14710)
(-0.14606 0.23548 -0.16910)
(-0.13148 0.23362 -0.16028)
(-0.13694 0.24324 -0.17890)
(-0.12125 0.22465 -0.16540)
(-0.11840 0.21934 -0.16807)
(-0.13035 0.22231 -0.19004)
(-0.13044 0.21739 -0.18831)
(-0.12813 0.20532 -0.18374)
(-0.13463 0.21534 -0.18978)
(-0.13299 0.18655 -0.16879)
(-0.14663 0.16199 -0.15026)
(-0.14721 0.15847 -0.14632)
(-0.14783 0.13523 -0.11869)
(-0.04946 0.04125 -0.03609)
(-0.00863 0.00618 -0.00502)
(0.00334 -0.00236 0.00191)
(-0.00071 -0.00045 0.00070)
(-0.01097 -0.00692 0.01118)
(-0.02766 -0.01726 0.02952)
(-0.03322 -0.01658 0.03854)
(-0.03262 -0.01476 0.04146)
(-0.02956 -0.01622 0.04246)
(-0.02737 -0.01375 0.04634)
(-0.02105 -0.01640 0.04933)
(-0.01819 -0.01542 0.04925)
(-0.01689 -0.01691 0.04959)
(-0.00818 -0.00965 0.04275)
(-0.00571 -0.01206 0.03856)
(-0.00645 -0.01012 0.03576)
(-0.00773 -0.00870 0.03468)
(-0.02151 0.00684 0.01726)
(-0.03712 0.02111 0.01061)
(-0.05304 0.03346 -0.01358)
(-0.07284 0.04879 -0.01965)
(-0.08095 0.05250 -0.03589)
(-0.08550 0.06203 -0.02473)
(-0.10280 0.07530 -0.04683)
(-0.12166 0.08665 -0.05364)
(-0.12449 0.08792 -0.05946)
(-0.12668 0.09047 -0.06685)
(-0.14366 0.10312 -0.08488)
(-0.15372 0.11184 -0.09132)
(-0.15510 0.11585 -0.09830)
(-0.16184 0.12786 -0.10627)
(-0.16720 0.14077 -0.12895)
(-0.17455 0.15455 -0.13478)
(-0.18243 0.16910 -0.15273)
(-0.19656 0.18702 -0.16487)
(-0.20637 0.20277 -0.16711)
(-0.20737 0.20639 -0.16926)
(-0.19736 0.21030 -0.16625)
(-0.19713 0.22452 -0.17199)
(-0.18834 0.22193 -0.16814)
(-0.17113 0.22301 -0.16149)
(-0.15706 0.23183 -0.16539)
(-0.14931 0.24602 -0.17582)
(-0.14447 0.24524 -0.17750)
(-0.14487 0.24769 -0.18225)
(-0.13798 0.23479 -0.17866)
(-0.13767 0.22755 -0.19226)
(-0.13670 0.22076 -0.19316)
(-0.13844 0.21006 -0.18645)
(-0.14420 0.19031 -0.16876)
(-0.16574 0.19734 -0.16373)
(-0.16522 0.18347 -0.15405)
(-0.16702 0.17461 -0.14609)
(-0.16304 0.15703 -0.11953)
(-0.05915 0.04880 -0.03951)
(-0.00435 0.00355 -0.00283)
(-0.00059 -0.00028 0.00049)
(-0.01778 -0.00839 0.01492)
(-0.03846 -0.01920 0.03466)
(-0.04591 -0.02032 0.04294)
(-0.04103 -0.01913 0.04106)
(-0.03126 -0.01813 0.04485)
(-0.02903 -0.02076 0.04580)
(-0.03010 -0.01714 0.04573)
(-0.02230 -0.01884 0.04927)
(-0.01980 -0.01805 0.04962)
(-0.02144 -0.02024 0.04969)
(-0.01843 -0.01947 0.04997)
(-0.01584 -0.01843 0.05004)
(-0.01098 -0.01614 0.04391)
(-0.00689 -0.01174 0.03796)
(-0.00857 -0.01028 0.03728)
(-0.02759 0.00874 0.02023)
(-0.03656 0.01663 0.01744)
(-0.05965 0.03810 -0.00166)
(-0.07561 0.05504 -0.00883)
(-0.08224 0.05970 -0.01156)
(-0.10365 0.07472 -0.03689)
(-0.12341 0.08828 -0.04959)
(-0.12554 0.08930 -0.05530)
(-0.12882 0.09130 -0.05690)
(-0.14568 0.10332 -0.07306)
(-0.15470 0.11181 -0.08777)
(-0.16007 0.11770 -0.08816)
(-0.16532 0.13326 -0.11595)
(-0.17881 0.16056 -0.13684)
(-0.19175 0.17600 -0.14381)
(-0.20757 0.20607 -0.16693)
(-0.19220 0.21383 -0.16320)
(-0.19003 0.22379 -0.16545)
(-0.16988 0.23588 -0.16737)
(-0.14905 0.24822 -0.18041)
(-0.14616 0.25078 -0.18692)
(-0.13859 0.22656 -0.19664)
(-0.16646 0.22107 -0.18393)
(-0.07340 0.06597 -0.04696)
(-0.00304 -0.00146 0.00231)
(-0.02765 -0.01297 0.02257)
(-0.05082 -0.02111 0.04544)
(-0.04269 -0.01858 0.03353)
(-0.05183 -0.02205 0.04546)
(-0.04972 -0.02185 0.04623)
(-0.03720 -0.02509 0.04584)
(-0.02385 -0.02097 0.04910)
(-0.02355 -0.02217 0.04965)
(-0.02008 -0.02151 0.05011)
(-0.01656 -0.02435 0.05063)
(-0.01438 -0.01910 0.04936)
(-0.01361 -0.02025 0.04767)
(-0.01202 -0.01203 0.04328)
(-0.02670 0.00137 0.03868)
(-0.02591 0.00507 0.02943)
(-0.03748 0.01587 0.02827)
(-0.05963 0.03663 0.00701)
(-0.05434 0.03262 0.02075)
(-0.07535 0.05390 -0.00466)
(-0.08257 0.05924 -0.00826)
(-0.09811 0.07076 -0.01956)
(-0.12129 0.08688 -0.03680)
(-0.12801 0.09124 -0.04891)
(-0.13078 0.09254 -0.05307)
(-0.15072 0.10584 -0.07297)
(0.00503 0.00232 -0.00328)
(-0.01486 -0.00641 0.00992)
(-0.05507 -0.02271 0.03697)
(-0.05330 -0.02290 0.04045)
(-0.05055 -0.02411 0.04365)
(-0.04707 -0.02471 0.04345)
(-0.03936 -0.02716 0.04524)
(-0.03929 -0.02735 0.04691)
(-0.04056 -0.02863 0.04612)
(-0.03138 -0.02791 0.05019)
(-0.02513 -0.03058 0.05119)
(-0.02404 -0.02847 0.05120)
(-0.01334 -0.02663 0.05120)
(-0.01081 -0.02847 0.05174)
(-0.01820 -0.00969 0.04324)
(-0.02562 0.00045 0.04095)
(-0.03986 0.01821 0.03105)
(-0.05643 0.03086 0.02209)
(-0.07502 0.05132 0.00102)
(-0.10231 0.07193 -0.01378)
(-0.12066 0.08291 -0.02375)
(0.00505 0.00210 -0.00313)
(-0.00359 -0.00149 0.00223)
(-0.02526 -0.01051 0.01518)
(-0.05549 -0.02567 0.03744)
(-0.05458 -0.02652 0.03820)
(-0.05522 -0.02853 0.04089)
(-0.04690 -0.03000 0.04537)
(-0.04016 -0.03108 0.04927)
(-0.03371 -0.03196 0.05149)
(-0.02635 -0.02807 0.05006)
(-0.01860 -0.02665 0.05072)
(-0.01878 -0.02235 0.05042)
(-0.02502 -0.01252 0.04664)
(-0.03664 0.00198 0.04063)
(-0.03617 0.00892 0.03532)
(-0.04773 0.01716 0.03308)
(-0.06648 0.04087 0.01599)
(-0.00120 -0.00047 0.00069)
(-0.03128 -0.01223 0.01858)
(-0.04587 -0.01956 0.02946)
(-0.05814 -0.02549 0.03809)
(-0.05632 -0.02677 0.03899)
(-0.05749 -0.02704 0.03961)
(-0.05702 -0.02724 0.04336)
(-0.05229 -0.02931 0.04626)
(-0.04298 -0.03114 0.04748)
(-0.04811 -0.02817 0.04836)
(-0.03954 -0.02741 0.05064)
(-0.03716 -0.02469 0.05058)
(-0.02911 -0.02675 0.05105)
(-0.03726 -0.02288 0.05206)
(-0.03248 -0.02036 0.05060)
(-0.03185 -0.00946 0.04552)
(-0.00328 -0.00127 0.00186)
(-0.04421 -0.01787 0.02683)
(-0.06001 -0.02553 0.03877)
(-0.06512 -0.02457 0.03887)
(-0.05963 -0.02594 0.03948)
(-0.05791 -0.02571 0.04167)
(-0.05965 -0.02592 0.04684)
(-0.04974 -0.02774 0.04835)
(-0.04244 -0.02656 0.05245)
(-0.04031 -0.02351 0.05207)
(0.00073 0.00025 -0.00040)
(-0.02116 -0.00706 0.01129)
(-0.05356 -0.01745 0.02942)
(-0.16319 0.12455 -0.09351)
(-0.17568 0.15393 -0.13004)
(-0.20625 0.20263 -0.16401)
(-0.20718 0.21154 -0.16416)
(-0.17426 0.22560 -0.16038)
(-0.15886 0.24862 -0.17780)
(-0.14869 0.25069 -0.18494)
(-0.14844 0.24604 -0.19544)
(-0.16132 0.23991 -0.18598)
(-0.18010 0.21918 -0.17797)
(-0.17037 0.19755 -0.16091)
(-0.17516 0.16989 -0.12639)
(-0.17426 0.16559 -0.12152)
(-0.17289 0.16043 -0.11608)
(-0.01661 0.01472 -0.01041)
(-0.14782 0.10291 -0.05955)
(-0.15710 0.11437 -0.07970)
(-0.15948 0.11974 -0.08675)
(-0.16739 0.12920 -0.10221)
(-0.17788 0.15191 -0.12241)
(-0.17931 0.16006 -0.13234)
(-0.18968 0.17797 -0.13719)
(-0.19913 0.19372 -0.14555)
(-0.20733 0.20597 -0.16424)
(-0.20249 0.20643 -0.15516)
(-0.19529 0.21640 -0.16298)
(-0.19006 0.22430 -0.16260)
(-0.17597 0.22559 -0.16077)
(-0.17324 0.22903 -0.16168)
(-0.16835 0.24742 -0.17661)
(-0.15215 0.25064 -0.18204)
(-0.15108 0.25317 -0.18640)
(-0.15064 0.25795 -0.19548)
(-0.15939 0.27210 -0.20265)
(-0.15662 0.24874 -0.19822)
(-0.17902 0.25494 -0.19318)
(-0.18608 0.24262 -0.18335)
(-0.19584 0.23872 -0.17261)
(-0.18586 0.20210 -0.14771)
(-0.17936 0.17458 -0.12455)
(-0.17676 0.16688 -0.11636)
(-0.06828 0.06286 -0.04310)
(-0.00683 0.00622 -0.00423)
(-0.13641 0.09533 -0.02926)
(-0.14450 0.10103 -0.04743)
(-0.14759 0.10213 -0.05047)
(-0.15798 0.10762 -0.06143)
(-0.16044 0.11370 -0.06514)
(-0.16427 0.11813 -0.08370)
(-0.16709 0.12707 -0.09481)
(-0.17653 0.14310 -0.10250)
(-0.17894 0.15884 -0.12752)
(-0.18513 0.16079 -0.11064)
(-0.18664 0.17348 -0.13122)
(-0.19184 0.19219 -0.13730)
(-0.19858 0.20030 -0.14960)
(-0.20128 0.20683 -0.15290)
(-0.19930 0.21561 -0.15907)
(-0.19045 0.22294 -0.16082)
(-0.18371 0.22269 -0.16148)
(-0.17430 0.23357 -0.16416)
(-0.17139 0.24982 -0.17195)
(-0.16047 0.25049 -0.18072)
(-0.16076 0.26319 -0.18892)
(-0.16808 0.27443 -0.19818)
(-0.16276 0.28357 -0.21449)
(-0.17724 0.28150 -0.20083)
(-0.18949 0.26973 -0.19018)
(-0.19624 0.25385 -0.18067)
(-0.20753 0.27337 -0.17832)
(-0.21040 0.24851 -0.16378)
(-0.19915 0.23085 -0.15641)
(-0.21185 0.24311 -0.14932)
(-0.18506 0.18623 -0.13020)
(-0.17872 0.17173 -0.11404)
(-0.08980 0.08564 -0.05496)
(-0.02115 0.01973 -0.01196)
(0.00813 -0.00758 0.00457)
(-0.08588 0.05504 0.00895)
(-0.10375 0.07182 -0.00607)
(-0.11900 0.08132 -0.01733)
(-0.13445 0.09283 -0.02795)
(-0.14648 0.10177 -0.04098)
(-0.15670 0.10494 -0.04697)
(-0.15922 0.10829 -0.06232)
(-0.16298 0.11319 -0.06722)
(-0.17282 0.12526 -0.07670)
(-0.17448 0.12926 -0.08162)
(-0.17537 0.14088 -0.09048)
(-0.18482 0.15690 -0.10240)
(-0.18279 0.16718 -0.11543)
(-0.18615 0.17444 -0.12162)
(-0.19205 0.19324 -0.13818)
(-0.18820 0.19963 -0.14355)
(-0.18871 0.20409 -0.14413)
(-0.19337 0.21699 -0.15435)
(-0.18793 0.21957 -0.15576)
(-0.18508 0.23551 -0.16441)
(-0.18176 0.24052 -0.16653)
(-0.17217 0.24833 -0.16810)
(-0.16468 0.25478 -0.17607)
(-0.16836 0.26955 -0.18052)
(-0.16790 0.27324 -0.18869)
(-0.17555 0.28327 -0.17950)
(-0.17430 0.28140 -0.19076)
(-0.19897 0.29038 -0.18317)
(-0.20319 0.28784 -0.18333)
(-0.22223 0.29263 -0.17012)
(-0.22645 0.27501 -0.16517)
(-0.21654 0.23711 -0.13920)
(-0.22489 0.26116 -0.14438)
(-0.21532 0.22950 -0.12871)
(-0.18513 0.19506 -0.11071)
(-0.02254 0.02307 -0.01175)
(0.01830 -0.01876 0.00957)
(-0.14806 0.16049 -0.08172)
(-0.03755 0.00202 0.04057)
(-0.04070 0.00660 0.03840)
(-0.04451 0.01079 0.03586)
(-0.06519 0.03380 0.02175)
(-0.08473 0.05376 0.00945)
(-0.09418 0.05957 0.00179)
(-0.09325 0.06180 0.00421)
(-0.11059 0.07373 -0.00937)
(-0.12828 0.08505 -0.02488)
(-0.14407 0.09599 -0.03740)
(-0.15831 0.10511 -0.05063)
(-0.16032 0.10648 -0.05357)
(-0.16743 0.11630 -0.06571)
(-0.17409 0.12854 -0.07939)
(-0.17494 0.13211 -0.08139)
(-0.17888 0.14989 -0.09294)
(-0.18675 0.16350 -0.10885)
(-0.18428 0.17164 -0.11084)
(-0.19094 0.18768 -0.12887)
(-0.17923 0.17134 -0.10987)
(-0.18711 0.19945 -0.14068)
(-0.18659 0.20056 -0.14175)
(-0.18715 0.20431 -0.14488)
(-0.18131 0.22352 -0.15694)
(-0.18188 0.23811 -0.16550)
(-0.18167 0.23446 -0.16378)
(-0.17410 0.24365 -0.16215)
(-0.16589 0.25920 -0.17575)
(-0.16636 0.25496 -0.16808)
(-0.17117 0.27419 -0.16995)
(-0.18002 0.28522 -0.16471)
(-0.18421 0.29200 -0.17401)
(-0.20754 0.29215 -0.16851)
(-0.21895 0.29589 -0.17162)
(-0.22624 0.29598 -0.16595)
(-0.23008 0.29368 -0.16399)
(-0.22786 0.26569 -0.12505)
(-0.22305 0.25596 -0.12250)
(-0.21098 0.23993 -0.11205)
(-0.12442 0.13399 -0.05977)
(-0.01504 0.01606 -0.00725)
(-0.07501 0.08110 -0.02947)
(-0.01425 0.01540 -0.00559)
(-0.03925 -0.02198 0.05217)
(-0.03692 -0.02130 0.05200)
(-0.03933 -0.01258 0.04808)
(-0.03845 0.00209 0.04067)
(-0.04116 0.00605 0.03856)
(-0.04163 0.00549 0.03899)
(-0.04478 0.01013 0.03610)
(-0.07221 0.03813 0.02043)
(-0.05807 0.02262 0.02675)
(-0.08153 0.04439 0.01222)
(-0.09176 0.05534 0.00358)
(-0.11980 0.07544 -0.01983)
(-0.12608 0.07877 -0.02426)
(-0.13894 0.09013 -0.03404)
(-0.15815 0.10457 -0.05099)
(-0.16009 0.10612 -0.05351)
(-0.16176 0.10746 -0.05568)
(-0.16635 0.11389 -0.06307)
(-0.17393 0.12779 -0.07772)
(-0.17468 0.13094 -0.07975)
(-0.17666 0.14087 -0.08354)
(-0.17970 0.15739 -0.09907)
(-0.17814 0.16662 -0.10331)
(-0.17828 0.16876 -0.10671)
(-0.18448 0.19068 -0.13095)
(-0.18497 0.19752 -0.13960)
(-0.18550 0.20145 -0.14292)
(-0.18404 0.19855 -0.14084)
(-0.17765 0.21163 -0.14932)
(-0.17080 0.21366 -0.15074)
(-0.16956 0.23573 -0.15398)
(-0.16340 0.23999 -0.15163)
(-0.17669 0.28017 -0.16153)
(-0.18168 0.28546 -0.16064)
(-0.18585 0.29051 -0.16330)
(-0.20958 0.29649 -0.15676)
(-0.22342 0.29898 -0.16699)
(-0.22980 0.29888 -0.16221)
(-0.23320 0.29640 -0.16076)
(-0.23739 0.29197 -0.14125)
(-0.22430 0.26195 -0.11542)
(-0.20479 0.23134 -0.09294)
(-0.06606 0.07413 -0.02518)
(0.01376 -0.01538 0.00531)
(-0.00484 0.00543 -0.00183)
(-0.07197 -0.02457 0.04012)
(-0.07137 -0.02365 0.04407)
(-0.06360 -0.02536 0.04397)
(-0.06166 -0.02581 0.04788)
(-0.06242 -0.02625 0.04817)
(-0.05801 -0.02645 0.05018)
(-0.04842 -0.02514 0.05177)
(-0.04177 -0.02281 0.05225)
(-0.04310 -0.02193 0.05259)
(-0.04098 -0.02105 0.05240)
(-0.03889 -0.02020 0.05208)
(-0.04131 -0.01088 0.04841)
(-0.04148 0.00002 0.04263)
(-0.04303 0.00130 0.03976)
(-0.05926 0.02123 0.02832)
(-0.07967 0.04156 0.01219)
(-0.08934 0.04813 -0.00045)
(-0.11876 0.07284 -0.01987)
(-0.12408 0.07650 -0.02399)
(-0.13379 0.08488 -0.03095)
(-0.14519 0.09293 -0.04178)
(-0.15985 0.10549 -0.05384)
(-0.16168 0.10699 -0.05616)
(-0.16648 0.11604 -0.06041)
(-0.17122 0.12356 -0.07255)
(-0.17342 0.13209 -0.07573)
(-0.17448 0.13884 -0.07873)
(-0.17844 0.15276 -0.09099)
(-0.17742 0.16417 -0.10007)
(-0.17742 0.16620 -0.10342)
(-0.18008 0.17708 -0.11598)
(-0.17934 0.18585 -0.12893)
(-0.17705 0.18659 -0.13616)
(-0.17823 0.19921 -0.14222)
(-0.16635 0.20072 -0.14955)
(-0.16258 0.21081 -0.14883)
(-0.16408 0.22287 -0.14997)
(-0.15847 0.23066 -0.14602)
(-0.15819 0.24391 -0.15498)
(-0.16818 0.26585 -0.16078)
(-0.18003 0.28281 -0.15726)
(-0.18705 0.28900 -0.15540)
(-0.18903 0.29169 -0.15855)
(-0.21126 0.30393 -0.14928)
(-0.23173 0.30873 -0.15749)
(-0.21849 0.29433 -0.13778)
(-0.22643 0.29473 -0.13763)
(-0.22766 0.27671 -0.10921)
(-0.23810 0.27734 -0.11049)
(-0.22683 0.25964 -0.10441)
(-0.21440 0.24586 -0.09629)
(-0.16314 0.18325 -0.06322)
(-0.03653 0.04121 -0.01363)
(-0.00451 -0.00141 0.00235)
(-0.01232 -0.00346 0.00625)
(-0.06859 -0.02092 0.03846)
(-0.06603 -0.02522 0.04325)
(-0.06127 -0.02573 0.04453)
(-0.06154 -0.02620 0.04611)
(-0.05982 -0.02594 0.04785)
(-0.05167 -0.02738 0.04913)
(-0.05011 -0.02409 0.04955)
(-0.04961 -0.02433 0.04961)
(-0.04491 -0.01983 0.05200)
(-0.03949 -0.01926 0.04896)
(-0.03964 -0.01609 0.04852)
(-0.04147 -0.00717 0.04392)
(-0.04486 -0.00098 0.04299)
(-0.04968 0.00830 0.02851)
(-0.05246 0.01153 0.02484)
(-0.07125 0.03274 0.01538)
(-0.08080 0.03783 0.00164)
(-0.10323 0.05838 -0.01280)
(-0.09927 0.05104 -0.01406)
(-0.13176 0.07914 -0.03095)
(-0.13568 0.08214 -0.03622)
(-0.15223 0.09830 -0.04888)
(-0.15575 0.10274 -0.05015)
(-0.15569 0.10661 -0.05392)
(-0.17229 0.12280 -0.06530)
(-0.17168 0.12810 -0.06681)
(-0.17324 0.13931 -0.07133)
(-0.17519 0.14833 -0.08337)
(-0.17465 0.15222 -0.08775)
(-0.17560 0.15868 -0.09325)
(-0.17487 0.16651 -0.11147)
(-0.17413 0.16956 -0.11988)
(-0.17534 0.17421 -0.12561)
(-0.17154 0.18736 -0.14074)
(-0.16714 0.19566 -0.14717)
(-0.16064 0.19952 -0.14970)
(-0.15575 0.21647 -0.15187)
(-0.15450 0.22865 -0.14848)
(-0.16376 0.24646 -0.15043)
(-0.17966 0.27261 -0.14751)
(-0.19924 0.28740 -0.13713)
(-0.18264 0.26797 -0.13294)
(-0.23907 0.31764 -0.12346)
(-0.20422 0.27554 -0.10928)
(-0.20979 0.27107 -0.11647)
(-0.21298 0.26307 -0.10380)
(-0.21656 0.25643 -0.09812)
(-0.20454 0.24222 -0.08099)
(-0.13274 0.15790 -0.04904)
(-0.06596 0.07894 -0.02396)
(-0.02472 0.02967 -0.00889)
(-0.00281 -0.00130 0.00178)
(-0.05244 -0.01776 0.03338)
(-0.06335 -0.02436 0.04381)
(-0.05427 -0.02584 0.04378)
(-0.05374 -0.02598 0.04409)
(-0.05266 -0.02617 0.04472)
(-0.05547 -0.02592 0.04848)
(-0.05035 -0.02559 0.04608)
(-0.05284 -0.02247 0.04831)
(-0.04490 -0.02209 0.05079)
(-0.04047 -0.02313 0.04865)
(-0.03636 -0.02276 0.04615)
(-0.04021 -0.01467 0.04605)
(-0.04441 -0.00511 0.04339)
(-0.04077 -0.00528 0.04067)
(-0.04746 0.00269 0.02998)
(-0.04871 0.00375 0.02056)
(-0.05663 0.01411 0.01374)
(-0.08472 0.03910 -0.00523)
(-0.08900 0.03973 -0.01135)
(-0.11075 0.05897 -0.02279)
(-0.11964 0.06614 -0.03059)
(-0.14132 0.08628 -0.04776)
(-0.12395 0.07131 -0.03829)
(-0.14923 0.09835 -0.05037)
(-0.14933 0.10279 -0.04852)
(-0.17142 0.12229 -0.06413)
(-0.16864 0.12572 -0.06143)
(-0.16885 0.13764 -0.06486)
(-0.17306 0.14351 -0.07396)
(-0.16865 0.13980 -0.06635)
(-0.17403 0.15054 -0.08619)
(-0.17185 0.15279 -0.09332)
(-0.16987 0.15793 -0.10817)
(-0.17016 0.15947 -0.10964)
(-0.17051 0.16386 -0.11880)
(-0.17136 0.16693 -0.12108)
(-0.16210 0.16588 -0.13409)
(-0.16962 0.18070 -0.13916)
(-0.16219 0.17850 -0.14699)
(-0.15584 0.18345 -0.14957)
(-0.15222 0.20238 -0.15360)
(-0.15065 0.19514 -0.15186)
(-0.14677 0.20226 -0.15512)
(-0.14834 0.21141 -0.14982)
(-0.16153 0.24480 -0.14152)
(-0.16670 0.25007 -0.13258)
(-0.21141 0.28749 -0.12615)
(-0.17513 0.25425 -0.12573)
(-0.19271 0.26599 -0.10793)
(-0.15573 0.21246 -0.07177)
(-0.19387 0.24815 -0.08801)
(-0.15450 0.20626 -0.06707)
(-0.18735 0.22995 -0.07426)
(-0.17768 0.21851 -0.06814)
(-0.14982 0.20121 -0.06392)
(-0.13790 0.17069 -0.05178)
(-0.02638 0.03375 -0.00863)
(-0.00068 -0.00040 0.00050)
(-0.03686 -0.01623 0.02728)
(-0.03845 -0.01970 0.03314)
(-0.05082 -0.02603 0.04427)
(-0.05049 -0.02593 0.04519)
(-0.04884 -0.02587 0.04487)
(-0.04882 -0.02566 0.04559)
(-0.04582 -0.02197 0.04886)
(-0.04063 -0.02300 0.04556)
(-0.03668 -0.02208 0.04733)
(-0.03754 -0.01675 0.04516)
(-0.03178 -0.01714 0.04196)
(-0.03632 -0.01172 0.03808)
(-0.04242 -0.00432 0.02937)
(-0.04045 -0.00474 0.02008)
(-0.04470 -0.00001 0.01705)
(-0.04460 -0.00046 0.01476)
(-0.07710 0.03086 -0.00080)
(-0.08274 0.03345 -0.00948)
(-0.09132 0.04097 -0.01361)
(-0.09636 0.04762 -0.02054)
(-0.10737 0.06200 -0.02584)
(-0.12921 0.08345 -0.03447)
(-0.13410 0.09710 -0.03665)
(-0.15132 0.10919 -0.04915)
(-0.15398 0.11617 -0.05146)
(-0.16738 0.13716 -0.06183)
(-0.16718 0.13866 -0.06339)
(-0.16887 0.14127 -0.06785)
(-0.16714 0.14628 -0.08404)
(-0.17514 0.15365 -0.09794)
(-0.17023 0.15815 -0.11509)
(-0.16590 0.15759 -0.12161)
(-0.15922 0.15793 -0.12832)
(-0.15319 0.16036 -0.14120)
(-0.15082 0.16106 -0.14390)
(-0.14996 0.17894 -0.14553)
(-0.14473 0.19581 -0.15625)
(-0.14442 0.19894 -0.15518)
(-0.15797 0.23312 -0.13427)
(-0.15409 0.21991 -0.14550)
(-0.16015 0.23996 -0.14096)
(-0.14584 0.21291 -0.10607)
(-0.17356 0.24488 -0.11432)
(-0.14458 0.21021 -0.10162)
(-0.14874 0.20967 -0.07344)
(-0.13674 0.19210 -0.06284)
(-0.13953 0.19286 -0.06111)
(-0.14704 0.19212 -0.05723)
(-0.11124 0.14353 -0.04129)
(-0.12260 0.17212 -0.05207)
(-0.03200 0.04276 -0.01045)
(-0.00633 0.00851 -0.00204)
(0.00076 0.00051 -0.00070)
(-0.01771 -0.01086 0.01547)
(-0.02334 -0.01267 0.02399)
(-0.04840 -0.02580 0.04430)
(-0.04696 -0.02581 0.04490)
(-0.04224 -0.02220 0.04919)
(-0.04008 -0.02198 0.04714)
(-0.03796 -0.02174 0.04686)
(-0.03486 -0.01677 0.04384)
(-0.03293 -0.01782 0.04235)
(-0.03256 -0.01719 0.04117)
(-0.03522 -0.01363 0.03138)
(-0.03602 -0.00949 0.01988)
(-0.03985 -0.00539 0.01776)
(-0.03880 -0.00654 0.01594)
(-0.05898 0.01277 0.00175)
(-0.08296 0.03326 -0.01011)
(-0.07392 0.03031 -0.00557)
(-0.07739 0.03720 -0.01119)
(-0.11059 0.06811 -0.02354)
(-0.11071 0.07694 -0.02394)
(-0.13547 0.10109 -0.03773)
(-0.13790 0.10510 -0.03781)
(-0.14553 0.11897 -0.04596)
(-0.16501 0.13785 -0.05944)
(-0.16763 0.14016 -0.06550)
(-0.16377 0.14034 -0.07363)
(-0.16756 0.14198 -0.07938)
(-0.16987 0.14749 -0.09756)
(-0.16578 0.14016 -0.08913)
(-0.16562 0.14082 -0.09931)
(-0.15877 0.14692 -0.11395)
(-0.15087 0.15185 -0.13930)
(-0.15212 0.15604 -0.14040)
(-0.14950 0.15627 -0.14331)
(-0.14654 0.15596 -0.14634)
(-0.13981 0.16459 -0.15123)
(-0.14223 0.18924 -0.15816)
(-0.14159 0.19085 -0.15785)
(-0.13491 0.18928 -0.14933)
(-0.14540 0.20789 -0.13623)
(-0.14015 0.19797 -0.13960)
(-0.13821 0.20300 -0.10824)
(-0.13607 0.19988 -0.10236)
(-0.14395 0.20471 -0.09300)
(-0.13161 0.19474 -0.09606)
(-0.12873 0.18474 -0.06130)
(-0.12983 0.18445 -0.05869)
(-0.12129 0.17668 -0.05705)
(-0.10138 0.14787 -0.04433)
(-0.06442 0.09235 -0.02509)
(-0.01007 0.01506 -0.00318)
(0.00554 -0.00815 0.00150)
(0.00301 0.00229 -0.00336)
(-0.00119 -0.00050 0.00150)
(-0.01695 -0.00731 0.02029)
(-0.04720 -0.01875 0.04908)
(-0.04274 -0.01733 0.05212)
(-0.04032 -0.02352 0.04726)
(-0.04090 -0.01909 0.05150)
(-0.03610 -0.02372 0.04631)
(-0.03242 -0.02343 0.04471)
(-0.03377 -0.01823 0.04375)
(-0.03217 -0.01887 0.04271)
(-0.03089 -0.01913 0.04095)
(-0.02602 -0.02180 0.03765)
(-0.02717 -0.02318 0.03418)
(-0.02228 -0.02620 0.03050)
(-0.03474 -0.01074 0.01839)
(-0.03317 -0.01223 0.01710)
(-0.03537 -0.00978 0.01172)
(-0.03102 -0.01071 0.01275)
(-0.05725 0.01064 -0.00186)
(-0.02534 -0.01910 0.00721)
(-0.05796 0.01915 -0.00347)
(-0.06536 0.03012 -0.00653)
(-0.08319 0.04829 -0.01013)
(-0.08095 0.05461 -0.00585)
(-0.12800 0.09628 -0.03218)
(-0.13177 0.10171 -0.03325)
(-0.13611 0.11092 -0.03479)
(-0.13863 0.12343 -0.03628)
(-0.16571 0.13912 -0.06208)
(-0.14354 0.12999 -0.04042)
(-0.16408 0.13904 -0.06069)
(-0.15728 0.13270 -0.07320)
(-0.15504 0.13301 -0.07982)
(-0.16492 0.13851 -0.09562)
(-0.16297 0.13745 -0.09952)
(-0.14979 0.13625 -0.11992)
(-0.13204 0.12988 -0.13221)
(-0.14842 0.15167 -0.14171)
(-0.14519 0.15127 -0.14569)
(-0.12818 0.14094 -0.15085)
(-0.13134 0.15994 -0.15405)
(-0.12552 0.16491 -0.14997)
(-0.12574 0.17106 -0.14309)
(-0.12805 0.18428 -0.12178)
(-0.11046 0.15624 -0.12548)
(-0.13035 0.19209 -0.10476)
(-0.12610 0.18778 -0.09697)
(-0.08670 0.13730 -0.06704)
(-0.10433 0.15979 -0.06683)
(-0.08344 0.13531 -0.04779)
(-0.11084 0.16555 -0.05090)
(-0.03297 0.04972 -0.01223)
(-0.02018 0.03519 -0.00577)
(-0.00055 0.00092 -0.00014)
(0.00524 0.00218 -0.00666)
(-0.02440 -0.00949 0.03402)
(-0.03986 -0.01639 0.05059)
(0.00400 0.00167 -0.00577)
(-0.00572 -0.00244 0.00825)
(-0.04603 -0.01563 0.05785)
(-0.04642 -0.01641 0.05778)
(-0.04600 -0.01619 0.05570)
(-0.04556 -0.01287 0.06242)
(-0.04087 -0.01660 0.05423)
(-0.03432 -0.02417 0.04753)
(-0.03397 -0.02322 0.04636)
(-0.03344 -0.02149 0.05008)
(-0.03233 -0.02154 0.04820)
(-0.03028 -0.01995 0.04161)
(-0.02265 -0.02810 0.03624)
(-0.01782 -0.03137 0.03031)
(-0.02486 -0.02320 0.02434)
(-0.00708 -0.03940 0.02598)
(-0.01322 -0.03346 0.01801)
(-0.01159 -0.03286 0.01743)
(-0.01484 -0.02721 0.01531)
(-0.01210 -0.03042 0.01378)
(-0.03278 -0.00775 0.00693)
(-0.03733 0.00179 0.01194)
(-0.06289 0.03305 -0.00128)
(-0.07136 0.04856 0.00238)
(-0.11592 0.08832 -0.02266)
(-0.11797 0.09192 -0.02170)
(-0.11920 0.10318 -0.02335)
(-0.12431 0.11397 -0.02001)
(-0.12966 0.12131 -0.02380)
(-0.13688 0.12382 -0.04405)
(-0.14565 0.12786 -0.06181)
(-0.13441 0.11474 -0.06194)
(-0.13097 0.10945 -0.07152)
(-0.15133 0.12850 -0.08545)
(-0.15604 0.12980 -0.09780)
(-0.13133 0.11470 -0.10786)
(-0.12572 0.11341 -0.11754)
(-0.11364 0.10873 -0.12386)
(-0.12541 0.12651 -0.13807)
(-0.12518 0.13212 -0.14769)
(-0.11403 0.12639 -0.16832)
(-0.11116 0.12969 -0.15220)
(-0.11520 0.14832 -0.14885)
(-0.11588 0.15282 -0.14174)
(-0.10923 0.14252 -0.14054)
(-0.10629 0.14844 -0.12643)
(-0.12035 0.17631 -0.11276)
(-0.09827 0.14258 -0.11338)
(-0.08302 0.12989 -0.09206)
(-0.12261 0.18267 -0.09932)
(-0.09794 0.14911 -0.07921)
(-0.07193 0.11814 -0.05283)
(-0.04820 0.09428 -0.03395)
(-0.05696 0.10128 -0.03304)
(-0.01932 0.03421 -0.00657)
(0.00145 -0.00272 0.00032)
(-0.00194 0.00349 -0.00056)
(-0.00295 -0.00105 0.00453)
(-0.02620 -0.00897 0.03364)
(-0.02842 -0.00600 0.04597)
(-0.04162 -0.00981 0.06610)
(-0.04188 -0.00980 0.06637)
(-0.03723 -0.01630 0.05470)
(-0.03705 -0.01602 0.05633)
(-0.02826 -0.02523 0.04777)
(-0.02345 -0.03074 0.04311)
(-0.01246 -0.03433 0.03358)
(-0.00883 -0.03655 0.03168)
(-0.00563 -0.04113 0.02533)
(0.01180 -0.05252 0.02233)
(-0.00426 -0.03954 0.01593)
(0.00125 -0.04409 0.02290)
(-0.01719 -0.02157 0.01799)
(-0.01618 -0.01339 0.02710)
(-0.02313 -0.00386 0.02687)
(-0.02559 0.00109 0.02772)
(-0.07435 0.05418 0.00209)
(-0.04278 0.02524 0.02319)
(-0.08230 0.07459 0.00428)
(-0.09912 0.08990 -0.00546)
(-0.10431 0.09708 -0.00394)
(-0.10844 0.10271 -0.01132)
(-0.10119 0.09942 -0.01570)
(-0.12503 0.11618 -0.03091)
(-0.10903 0.10357 -0.03459)
(-0.11220 0.10495 -0.04478)
(-0.11179 0.09996 -0.05258)
(-0.09474 0.08280 -0.07150)
(-0.10869 0.09114 -0.07867)
(-0.11124 0.09369 -0.08763)
(-0.10993 0.09451 -0.09593)
(-0.11056 0.09829 -0.10699)
(-0.09969 0.10051 -0.12147)
(-0.11174 0.11563 -0.12929)
(-0.10277 0.11539 -0.13985)
(-0.10464 0.12329 -0.14667)
(-0.09431 0.12209 -0.13438)
(-0.07996 0.10933 -0.12098)
(-0.09562 0.13049 -0.12848)
(-0.09645 0.13891 -0.11303)
(-0.08545 0.12736 -0.10015)
(-0.06202 0.10030 -0.07960)
(-0.05699 0.09903 -0.04917)
(-0.06017 0.09367 -0.05719)
(-0.04730 0.09084 -0.03512)
(-0.04472 0.08663 -0.03274)
(-0.02853 0.05766 -0.01971)
(-0.00986 0.01972 -0.00394)
(0.00025 -0.00060 -0.00002)
(0.00429 -0.00780 0.00113)
(-0.00334 -0.00067 0.00552)
(-0.01490 -0.00303 0.02437)
(-0.01973 -0.00356 0.03326)
(-0.04172 -0.00821 0.06824)
(-0.04177 -0.00812 0.06821)
(-0.03760 -0.01045 0.06313)
(-0.04142 -0.00766 0.06885)
(-0.03380 -0.01355 0.06161)
(-0.03336 -0.01929 0.05461)
(-0.02636 -0.02798 0.04610)
(-0.02508 -0.02424 0.04736)
(-0.02416 -0.02940 0.04486)
(-0.01113 -0.03683 0.03705)
(-0.00060 -0.04221 0.03275)
(0.00590 -0.04995 0.02665)
(0.01425 -0.05550 0.02485)
(0.01386 -0.05471 0.02443)
(0.01458 -0.05517 0.02492)
(-0.00317 -0.03578 0.02317)
(-0.01357 -0.01712 0.02871)
(-0.01862 -0.00920 0.02843)
(-0.02113 -0.00499 0.02973)
(-0.02554 0.00234 0.03036)
(-0.06152 0.05626 0.01824)
(-0.07192 0.06891 0.01566)
(-0.07530 0.07427 0.01306)
(-0.07709 0.08036 0.01117)
(-0.07748 0.08270 -0.00434)
(-0.08461 0.08528 -0.01941)
(-0.08277 0.08215 -0.02126)
(-0.08098 0.07917 -0.02197)
(-0.08678 0.07884 -0.05265)
(-0.08749 0.07685 -0.07228)
(-0.09462 0.08049 -0.07960)
(-0.08015 0.07588 -0.08984)
(-0.08481 0.08347 -0.09444)
(-0.06675 0.07740 -0.09789)
(-0.08563 0.09552 -0.11914)
(-0.06623 0.07982 -0.10064)
(-0.07283 0.08905 -0.11047)
(-0.09068 0.11194 -0.12832)
(-0.07733 0.10633 -0.11868)
(-0.07501 0.10570 -0.11437)
(-0.07776 0.10902 -0.11646)
(-0.07242 0.10463 -0.11001)
(-0.07310 0.10801 -0.10321)
(-0.06351 0.09641 -0.08096)
(-0.04420 0.07450 -0.06548)
(-0.05296 0.08010 -0.06033)
(-0.04785 0.07760 -0.05185)
(-0.03157 0.05571 -0.02863)
(-0.01975 0.03878 -0.01850)
(-0.01193 0.02529 -0.00888)
(-0.00091 0.00205 -0.00006)
(0.00011 -0.00020 -0.00091)
(-0.00522 -0.00092 0.00898)
(-0.00443 -0.00073 0.00805)
(-0.02791 -0.00476 0.04833)
(-0.03978 -0.00657 0.06994)
(-0.03374 -0.01231 0.06283)
(-0.01992 -0.01164 0.05787)
(-0.02008 -0.01308 0.05653)
(-0.00845 -0.02633 0.04467)
(0.00375 -0.03416 0.03633)
(0.00991 -0.03578 0.03649)
(0.00504 -0.04638 0.03218)
(0.01250 -0.05216 0.02907)
(0.01550 -0.05618 0.02514)
(0.01637 -0.05681 0.02571)
(0.01500 -0.05570 0.02579)
(0.00517 -0.04022 0.02897)
(-0.01522 -0.01473 0.03016)
(-0.01734 -0.01176 0.03172)
(-0.02280 -0.00190 0.03654)
(-0.04165 0.03166 0.02886)
(-0.05279 0.04974 0.02694)
(-0.05334 0.05569 0.02490)
(-0.05415 0.05816 0.02296)
(-0.05375 0.05902 0.02197)
(-0.07580 0.07947 -0.01426)
(-0.06107 0.06318 0.00043)
(-0.07324 0.07570 -0.01602)
(-0.07052 0.07180 -0.01779)
(-0.06120 0.05728 -0.03299)
(-0.04403 0.04298 -0.03644)
(-0.04922 0.04869 -0.04814)
(-0.08043 0.07112 -0.07389)
(-0.06632 0.06105 -0.07191)
(-0.03736 0.03857 -0.05283)
(-0.06758 0.06745 -0.08601)
(-0.05924 0.07054 -0.09189)
(-0.05985 0.07383 -0.09396)
(-0.06037 0.07681 -0.09577)
(-0.05558 0.07592 -0.09186)
(-0.07410 0.10358 -0.11598)
(-0.07203 0.10277 -0.11219)
(-0.06120 0.09343 -0.10259)
(-0.06963 0.10161 -0.10834)
(-0.05462 0.08709 -0.07816)
(-0.05453 0.08729 -0.08870)
(-0.04373 0.07393 -0.06776)
(-0.03633 0.05978 -0.05346)
(-0.03511 0.06644 -0.06019)
(-0.01911 0.03487 -0.02543)
(-0.01818 0.03243 -0.02139)
(-0.00347 0.00952 -0.00373)
(-0.00518 0.00887 -0.00602)
(-0.00046 0.00134 -0.00048)
(-0.02166 -0.00345 0.03959)
(-0.00550 -0.00087 0.01051)
(-0.01025 -0.00232 0.03605)
(-0.02291 -0.00773 0.06359)
(-0.00996 -0.01239 0.05789)
(-0.01177 -0.01503 0.05402)
(-0.00113 -0.02486 0.04565)
(0.00808 -0.03125 0.03963)
(0.01214 -0.03433 0.03732)
(0.01414 -0.04346 0.03365)
(0.02240 -0.05097 0.03055)
(0.01866 -0.05805 0.02580)
(0.01731 -0.05868 0.02798)
(0.00287 -0.03287 0.03531)
(0.00106 -0.03115 0.03975)
(-0.00863 -0.01719 0.04221)
(-0.03099 0.01859 0.03708)
(-0.03786 0.02956 0.03424)
(-0.04453 0.04444 0.03047)
(-0.04847 0.05087 0.02733)
(-0.04764 0.05181 0.02559)
(-0.03803 0.04504 0.01331)
(-0.06444 0.06914 -0.01085)
(-0.03575 0.03979 0.00651)
(-0.03632 0.04233 -0.00029)
(-0.06162 0.06520 -0.01327)
(-0.03818 0.04498 -0.01264)
(-0.02409 0.02884 -0.02078)
(-0.01696 0.02357 -0.02549)
(-0.01955 0.02937 -0.03465)
(-0.02384 0.03013 -0.04373)
(-0.03789 0.04251 -0.06180)
(-0.01823 0.03054 -0.05129)
(-0.03608 0.05014 -0.07639)
(-0.05263 0.06712 -0.08825)
(-0.05129 0.06829 -0.08739)
(-0.04992 0.06943 -0.08640)
(-0.05500 0.07440 -0.09117)
(-0.04315 0.07083 -0.08484)
(-0.04528 0.07984 -0.08632)
(-0.06631 0.09882 -0.10607)
(-0.04399 0.08032 -0.08109)
(-0.04433 0.07765 -0.08084)
(-0.04100 0.06974 -0.06906)
(-0.02332 0.05227 -0.05354)
(-0.02371 0.04501 -0.04004)
(-0.01400 0.02541 -0.01872)
(-0.01033 0.02300 -0.02035)
(-0.01023 0.01841 -0.01366)
(-0.00244 0.00421 -0.00318)
(-0.00086 0.00141 -0.00097)
(-0.00006 -0.00002 0.00047)
(-0.00187 -0.00062 0.01262)
(0.00005 -0.00031 0.00224)
(-0.00813 -0.00609 0.04315)
(0.00085 -0.02219 0.04896)
(0.01304 -0.00825 0.02946)
(0.00001 -0.01615 0.05501)
(0.02496 -0.02548 0.04269)
(0.01283 -0.03171 0.03874)
(0.03212 -0.04040 0.03419)
(0.01647 -0.03931 0.03719)
(0.03311 -0.04681 0.03302)
(0.03805 -0.05658 0.02608)
(0.03945 -0.06301 0.02687)
(0.02776 -0.05687 0.03046)
(0.02659 -0.05646 0.03489)
(0.00961 -0.05338 0.04169)
(0.00807 -0.05473 0.04279)
(-0.00184 -0.03307 0.04678)
(-0.01879 0.00129 0.04535)
(-0.01134 -0.01385 0.04748)
(-0.02659 0.01586 0.04512)
(-0.02933 0.02032 0.04167)
(-0.03805 0.03196 0.03466)
(-0.03721 0.03755 0.02729)
(-0.02766 0.03386 0.02372)
(-0.01532 0.01912 0.02264)
(-0.00305 0.01042 0.01621)
(0.00255 0.00951 0.00374)
(-0.00311 0.01744 -0.00103)
(0.00427 0.00661 -0.01351)
(0.00688 0.00592 -0.00050)
(0.01853 -0.00694 -0.01735)
(0.00010 0.01236 -0.02430)
(0.00940 0.00555 -0.03290)
(-0.00907 0.02130 -0.04000)
(-0.00131 0.02429 -0.04693)
(-0.00324 0.02783 -0.04759)
(-0.03008 0.05321 -0.06402)
(-0.01825 0.05264 -0.05790)
(-0.02821 0.06216 -0.07121)
(-0.02646 0.06718 -0.07161)
(-0.01624 0.06415 -0.05967)
(-0.02768 0.07014 -0.06778)
(-0.02410 0.06154 -0.06352)
(-0.01715 0.05472 -0.05492)
(-0.01950 0.04916 -0.05195)
(-0.01417 0.03854 -0.04129)
(0.00010 0.02138 -0.02546)
(-0.00450 0.01979 -0.02269)
(0.00021 0.00393 -0.00542)
(-0.00129 0.00339 -0.00311)
(-0.00590 0.00237 -0.00953)
(0.00049 -0.00019 0.00100)
(0.02444 -0.01788 0.03451)
(-0.00055 0.00022 -0.00054)
(0.01192 -0.00514 0.01212)
(0.04585 -0.02779 0.03575)
(0.04714 -0.03286 0.03888)
(0.04997 -0.04162 0.03252)
(0.05415 -0.03456 0.03713)
(0.05229 -0.03612 0.03685)
(0.04198 -0.04948 0.03256)
(0.04723 -0.05238 0.03195)
(0.04119 -0.05649 0.03232)
(0.04040 -0.05401 0.03795)
(0.02572 -0.04859 0.04112)
(0.02839 -0.04367 0.04291)
(0.00846 -0.03284 0.04955)
(-0.00065 -0.02306 0.05248)
(-0.01767 -0.00720 0.04988)
(-0.00324 -0.01877 0.05298)
(-0.02076 0.00670 0.04457)
(-0.02211 0.01277 0.04376)
(-0.01844 0.00882 0.03944)
(-0.01530 0.01520 0.03150)
(-0.00361 0.00734 0.02656)
(0.00311 0.00546 0.02288)
(0.01596 -0.00599 0.01747)
(0.03468 -0.01875 0.00882)
(0.04939 -0.03474 0.00543)
(0.02147 -0.00802 -0.01269)
(0.02240 -0.00730 -0.01623)
(0.04790 -0.03242 -0.00338)
(0.04581 -0.02508 -0.01138)
(0.03295 -0.01347 -0.01861)
(0.03316 -0.01018 -0.01815)
(0.05185 -0.02403 -0.01503)
(0.04959 -0.02072 -0.01676)
(0.02885 -0.00320 -0.02296)
(0.00185 0.02366 -0.04355)
(0.01979 0.01137 -0.02901)
(0.01086 0.02575 -0.03835)
(-0.00484 0.04149 -0.04738)
(0.01339 0.02838 -0.03973)
(-0.00419 0.04386 -0.04996)
(-0.01012 0.05554 -0.05281)
(-0.01516 0.06182 -0.05871)
(-0.00411 0.04690 -0.04518)
(-0.00776 0.04731 -0.05166)
(0.00521 0.03054 -0.03308)
(0.01207 0.02074 -0.01958)
(0.00776 0.01079 -0.01124)
(0.00259 0.00678 -0.00862)
(0.00081 0.00173 -0.00291)
(-0.00010 -0.00032 0.00056)
(-0.00165 -0.00050 0.00198)
(-0.00029 -0.00085 0.00153)
(-0.00679 0.00268 -0.00646)
(0.00313 -0.00160 0.00220)
(0.02645 -0.01462 0.01963)
(-0.00951 0.00394 -0.00610)
(0.01945 -0.01022 0.01217)
(0.04617 -0.02695 0.03051)
(0.06402 -0.03905 0.03449)
(0.04599 -0.02641 0.02700)
(0.05674 -0.03422 0.03395)
(0.06921 -0.04149 0.03400)
(0.06014 -0.04313 0.03582)
(0.05962 -0.04277 0.04036)
(0.04410 -0.04891 0.04175)
(0.05631 -0.04017 0.04479)
(0.02973 -0.03243 0.04759)
(0.00297 -0.02385 0.05270)
(0.00104 -0.02118 0.05291)
(-0.00159 -0.01899 0.05294)
(-0.00550 -0.01626 0.05321)
(-0.01471 -0.00420 0.04763)
(-0.01175 -0.00255 0.04312)
(-0.01053 0.00433 0.03554)
(0.00124 -0.00115 0.03093)
(0.01592 -0.00912 0.02215)
(0.02455 -0.01849 0.01908)
(0.04704 -0.03189 0.01010)
(0.05315 -0.03632 0.00791)
(0.05595 -0.03768 0.00601)
(0.05389 -0.03524 -0.00139)
(0.05513 -0.02714 -0.01249)
(0.05330 -0.02443 -0.01347)
(0.05419 -0.02473 -0.01195)
(0.05085 -0.02062 -0.01412)
(0.04191 -0.01080 -0.01533)
(0.03235 0.00598 -0.02112)
(0.03011 0.00916 -0.01564)
(0.02144 0.02107 -0.02202)
(0.00867 0.03327 -0.03913)
(0.00863 0.03535 -0.02818)
(0.00754 0.04062 -0.03264)
(0.00602 0.04209 -0.03395)
(0.00432 0.04571 -0.03614)
(0.01167 0.02745 -0.01939)
(0.00722 0.01106 -0.00954)
(0.00373 0.00477 -0.00459)
(-0.00013 -0.00013 0.00015)
(-0.00156 -0.00172 0.00168)
(-0.00194 -0.00198 0.00217)
(-0.00017 0.00009 -0.00010)
(-0.00264 0.00098 -0.00130)
(0.01372 -0.00701 0.00759)
(0.06689 -0.02745 0.02433)
(0.03395 -0.00889 0.01081)
(0.07945 -0.03517 0.03411)
(0.07024 -0.04064 0.03642)
(0.06903 -0.04021 0.04106)
(0.08408 -0.03602 0.03710)
(0.06780 -0.03748 0.04277)
(0.06392 -0.03766 0.04379)
(0.05951 -0.03589 0.04593)
(0.03241 -0.02641 0.04931)
(0.00581 -0.02170 0.05289)
(0.00290 -0.02028 0.05276)
(-0.00084 -0.01931 0.05241)
(-0.00406 -0.01777 0.05284)
(-0.00229 -0.01385 0.04706)
(0.00260 -0.01088 0.03895)
(0.01308 -0.00604 0.03015)
(0.02438 -0.01162 0.02453)
(0.03240 -0.03136 0.01964)
(0.03611 -0.03243 0.01751)
(0.05387 -0.03749 0.00892)
(0.05685 -0.03881 0.00748)
(0.05964 -0.04061 0.00736)
(0.06024 -0.04070 0.00650)
(0.05574 -0.03234 0.00386)
(0.05652 -0.02796 -0.01096)
(0.06369 -0.03509 0.00207)
(0.05735 -0.02883 -0.00932)
(0.05473 -0.02497 -0.01038)
(0.04781 -0.01373 -0.00669)
(0.03671 0.00142 -0.00749)
(0.03068 0.00932 -0.01294)
(0.03092 0.00956 -0.01112)
(0.01690 0.03064 -0.01083)
(0.01504 0.03342 -0.01425)
(0.01448 0.03145 -0.01201)
(0.00881 0.01889 -0.00643)
(0.00443 0.01053 -0.00385)
(0.00340 0.00412 -0.00302)
(0.00022 0.00028 -0.00023)
(-0.00155 -0.00176 0.00117)
(-0.00164 -0.00201 0.00170)
(0.00801 -0.00199 0.00251)
(0.01813 -0.00491 0.00640)
(0.04816 -0.01386 0.01738)
(0.02123 -0.00462 0.00750)
(0.05740 -0.02223 0.02432)
(0.06624 -0.03144 0.03784)
(0.03044 -0.01162 0.01473)
(0.04262 -0.01903 0.02577)
(0.06825 -0.03381 0.04382)
(0.06425 -0.03308 0.04582)
(0.03902 -0.02552 0.04862)
(0.04872 -0.02790 0.04842)
(0.02791 -0.02250 0.05169)
(0.00572 -0.02022 0.05265)
(0.03265 -0.01668 0.04600)
(0.02999 -0.01410 0.04384)
(0.00817 -0.01499 0.04456)
(0.00920 -0.01524 0.04170)
(0.00926 -0.01367 0.03835)
(0.01687 -0.01904 0.03267)
(0.03036 -0.02479 0.02799)
(0.03213 -0.02480 0.02739)
(0.03633 -0.02628 0.02485)
(0.03670 -0.02638 0.02361)
(0.04315 -0.03085 0.01978)
(0.04875 -0.03767 0.01207)
(0.05584 -0.03610 0.01424)
(0.05842 -0.04006 0.00824)
(0.06118 -0.04159 0.00759)
(0.06820 -0.04716 0.00542)
(0.06789 -0.03550 0.00558)
(0.06371 -0.02804 -0.00096)
(0.06265 -0.03438 0.00807)
(0.06130 -0.02850 0.00516)
(0.05563 -0.01561 0.00182)
(0.04870 -0.00783 0.00011)
(0.03494 -0.00107 0.00201)
(0.02650 0.00357 0.00361)
(0.02323 0.01305 -0.00285)
(0.01265 0.02295 -0.00672)
(0.00602 0.00552 0.00095)
(0.00370 0.00703 -0.00163)
(0.00258 0.00553 -0.00161)
(-0.00049 -0.00114 0.00037)
(0.00423 -0.00088 0.00148)
(0.01162 -0.00227 0.00449)
(0.01084 -0.00274 0.00505)
(0.00557 -0.00085 0.00283)
(0.01106 -0.00202 0.00671)
(0.03656 -0.01442 0.03140)
(0.04129 -0.01151 0.03720)
(0.01564 -0.00301 0.01193)
(0.02460 -0.00435 0.02029)
(0.02528 -0.00739 0.02908)
(0.03364 -0.00609 0.03880)
(0.02304 -0.00330 0.02428)
(0.02563 -0.00782 0.03743)
(0.00979 -0.01459 0.03862)
(0.02960 -0.00260 0.02799)
(0.02813 -0.01731 0.03167)
(0.03044 -0.01673 0.02667)
(0.03450 -0.02312 0.02429)
(0.04319 -0.01337 0.01900)
(0.04760 -0.01877 0.01731)
(0.05455 -0.02480 0.01400)
(0.05402 -0.02304 0.01287)
(0.06587 -0.02060 0.00858)
(0.06431 -0.03263 0.01012)
(0.06417 -0.03403 0.01134)
(0.04242 -0.01135 0.00541)
(0.04983 -0.03028 0.00863)
(0.04254 -0.02945 0.00749)
(0.04255 -0.02094 0.00568)
(0.01449 -0.00934 0.00260)
(0.01568 -0.00712 0.00341)
(0.00820 -0.00180 0.00248)
(0.01082 0.00089 0.00295)
(-0.00045 -0.00004 -0.00022)
(0.00229 0.00102 0.00065)
(0.00102 0.00071 0.00040)
(-0.01417 0.00175 -0.00741)
(-0.00998 0.00176 -0.00737)
(0.00980 -0.00087 0.00638)
(-0.00903 0.00066 -0.00566)
(-0.00318 0.00007 -0.00185)
(0.01328 -0.00154 0.01308)
(0.01913 0.00199 0.01084)
(-0.00040 -0.00007 -0.00016)
(-0.00031 -0.00004 -0.00012)
(0.01757 0.00013 0.00974)
(0.02671 -0.00300 0.01597)
(0.00902 0.00022 0.00272)
(0.01882 0.00235 0.00596)
(0.03252 0.00199 0.00932)
(0.01168 0.00124 0.00314)
(0.02318 -0.00358 0.00509)
(0.02951 -0.00516 0.00399)
(0.04290 -0.01263 0.00560)
(0.00362 -0.00050 0.00066)
(0.00684 -0.00165 0.00110)
(-0.00097 0.00016 -0.00011)
(0.02747 -0.00686 0.00356)
(0.01585 -0.00453 0.00194)
(-0.00810 0.00162 -0.00098)
(-0.00375 0.00147 -0.00070)
(-0.00584 0.00126 -0.00171)
(-0.00472 0.00029 -0.00212)
(0.00246 0.00039 0.00072)
(0.00425 0.00052 0.00112)
(0.00485 0.00046 0.00070)
(-0.00203 0.00018 -0.00033)
)