/*--------------------------------*- C++ -*----------------------------------*\ 
| =========                 |                                                 | 
| \\      /  F ield         | OpenFOAM: The Open Source CFD Toolbox           | 
|  \\    /   O peration     | Version:  4.0                                   | 
|   \\  /    A nd           | Web:      www.OpenFOAM.org                      | 
|    \\/     M anipulation  |                                                 | 
\*---------------------------------------------------------------------------*/ 
FoamFile 
{ 
    version     2.0; 
    format      ascii; 
    class       vectorAverageField; 
    object      values; 
} 
// * * * * * * * * * * * * * * * * * * * * * * * * * * * * * * * * * * * * * // 
 
// Average 
(0 0 0) 
 
// Velocity data on points 
2447
(
(0.00299 0.00283 0.00143)
(-0.00256 -0.00080 -0.00266)
(-0.01005 -0.00036 -0.01212)
(-0.00208 -0.00056 -0.00551)
(0.00361 -0.00029 0.00973)
(-0.02474 0.00246 -0.04470)
(-0.00677 0.00079 -0.01780)
(-0.02961 0.02532 -0.08091)
(-0.00292 0.00253 -0.00827)
(0.00434 -0.00417 0.01241)
(-0.02003 0.01907 -0.05580)
(-0.00403 0.00422 -0.01164)
(0.00289 -0.00456 0.01007)
(-0.02299 0.03065 -0.07110)
(-0.00059 0.00174 -0.00325)
(0.00164 -0.00549 0.00973)
(-0.00630 0.01954 -0.03526)
(-0.00033 0.00129 -0.00211)
(0.00103 -0.01118 0.01593)
(-0.00022 0.00228 -0.00326)
(0.00301 0.00715 -0.00146)
(-0.00128 -0.00149 0.00020)
(0.00094 0.00115 0.00007)
(0.00038 0.00059 0.00017)
(-0.01349 -0.03099 -0.00486)
(-0.01674 -0.01923 -0.00951)
(-0.03499 -0.00622 -0.03872)
(-0.04877 0.00422 -0.05711)
(-0.07923 -0.00480 -0.08420)
(-0.09121 0.01081 -0.10634)
(-0.06705 0.01018 -0.11790)
(-0.04604 0.02480 -0.12304)
(-0.09730 0.04746 -0.19409)
(-0.07186 0.06091 -0.18680)
(-0.05903 0.05552 -0.15809)
(-0.04749 0.04926 -0.13241)
(-0.08561 0.07980 -0.22121)
(-0.08142 0.08424 -0.22197)
(-0.08611 0.11246 -0.25784)
(-0.04929 0.06499 -0.15013)
(-0.03324 0.06316 -0.12499)
(-0.11538 0.18244 -0.35776)
(-0.10170 0.16728 -0.32208)
(-0.04187 0.09448 -0.16729)
(-0.02493 0.06585 -0.10709)
(-0.05983 0.15456 -0.25708)
(-0.00640 0.06232 -0.09197)
(-0.00069 0.02045 -0.02856)
(-0.02754 0.12605 -0.18800)
(0.00091 0.01723 -0.02311)
(-0.00072 -0.00271 0.00326)
(0.00218 0.00406 -0.00311)
(-0.00054 -0.00217 0.00135)
(-0.00244 -0.00787 0.00444)
(-0.01328 -0.01924 0.00820)
(-0.03610 -0.05019 0.02232)
(-0.02914 -0.03966 0.00488)
(-0.02765 -0.06893 -0.01135)
(-0.05790 -0.05595 -0.02734)
(-0.06986 -0.03256 -0.05202)
(-0.08633 -0.00893 -0.08150)
(-0.10393 0.02672 -0.17641)
(-0.12455 0.05405 -0.23320)
(-0.11730 0.06892 -0.25380)
(-0.12068 0.10138 -0.29330)
(-0.13103 0.08095 -0.27308)
(-0.14445 0.10427 -0.30706)
(-0.12597 0.11336 -0.30992)
(-0.12023 0.13083 -0.31788)
(-0.16858 0.18728 -0.42699)
(-0.14833 0.20179 -0.43197)
(-0.15806 0.22516 -0.46171)
(-0.16626 0.23147 -0.49362)
(-0.14039 0.23148 -0.43694)
(-0.10988 0.22878 -0.40242)
(-0.08719 0.22764 -0.36029)
(-0.12630 0.26874 -0.45043)
(-0.06660 0.25406 -0.38301)
(-0.01639 0.16708 -0.24440)
(-0.00540 0.10302 -0.14545)
(-0.06797 0.27644 -0.41858)
(-0.01946 0.18482 -0.26692)
(0.00954 0.07281 -0.09390)
(0.00127 0.00423 -0.00504)
(0.00862 0.04365 -0.05590)
(-0.00485 -0.01576 0.01930)
(-0.01001 -0.03005 0.03669)
(0.00013 0.00018 -0.00020)
(-0.00427 -0.00627 0.00631)
(-0.00960 -0.02091 0.01693)
(-0.00853 -0.04031 0.02694)
(-0.02100 -0.06320 0.05179)
(-0.01537 -0.06210 0.04319)
(-0.02273 -0.07967 0.05889)
(-0.04892 -0.06515 0.04268)
(-0.04744 -0.06143 0.02878)
(-0.04884 -0.06701 0.02284)
(-0.08558 -0.05217 0.02573)
(-0.07665 -0.05013 -0.00125)
(-0.07616 -0.04534 -0.03500)
(-0.09670 -0.01534 -0.09244)
(-0.11066 -0.00051 -0.12496)
(-0.13633 0.03554 -0.21013)
(-0.14818 0.05255 -0.24250)
(-0.16738 0.08238 -0.28595)
(-0.15890 0.10411 -0.31584)
(-0.20202 0.16579 -0.40475)
(-0.20633 0.19163 -0.44977)
(-0.20477 0.22430 -0.48727)
(-0.18076 0.23545 -0.49720)
(-0.16912 0.23695 -0.48270)
(-0.18087 0.27864 -0.52965)
(-0.18656 0.31779 -0.57109)
(-0.19922 0.35360 -0.62506)
(-0.10637 0.28653 -0.45117)
(-0.17245 0.34164 -0.58545)
(-0.07950 0.28910 -0.44185)
(-0.04828 0.29661 -0.44487)
(-0.05771 0.30484 -0.45823)
(-0.04562 0.28849 -0.42929)
(0.00094 0.17489 -0.24747)
(0.01185 0.04192 -0.05483)
(-0.00741 0.26643 -0.39133)
(0.02240 0.16038 -0.22243)
(0.00710 0.02093 -0.02689)
(0.00227 0.00678 -0.00842)
(0.00256 0.00284 -0.00334)
(-0.00532 -0.00863 0.00938)
(-0.01218 -0.02231 0.02350)
(-0.02745 -0.04417 0.04773)
(-0.03458 -0.05403 0.06080)
(-0.03829 -0.07126 0.08706)
(-0.03885 -0.07501 0.08173)
(-0.03669 -0.07855 0.07681)
(-0.06010 -0.06486 0.06664)
(-0.09001 -0.05062 0.03610)
(-0.09258 -0.04807 0.02474)
(-0.09807 -0.04372 0.01218)
(-0.10116 -0.04267 0.02038)
(-0.10863 -0.03648 0.00563)
(-0.11982 -0.00716 -0.08921)
(-0.14892 0.04236 -0.21504)
(-0.15429 0.05296 -0.23854)
(-0.16083 0.06622 -0.26733)
(-0.18317 0.10951 -0.34578)
(-0.23358 0.18226 -0.44975)
(-0.21512 0.18446 -0.45222)
(-0.23391 0.24346 -0.53408)
(-0.26557 0.30116 -0.61766)
(-0.24338 0.29852 -0.59895)
(-0.24083 0.32281 -0.63919)
(-0.22415 0.36501 -0.66246)
(-0.22051 0.37035 -0.66210)
(-0.21419 0.37305 -0.65830)
(-0.20734 0.37525 -0.65460)
(-0.16185 0.36515 -0.59925)
(-0.06731 0.31235 -0.47383)
(-0.05711 0.30731 -0.46188)
(-0.06971 0.31572 -0.48061)
(-0.03863 0.30623 -0.46360)
(0.00639 0.26549 -0.37554)
(-0.03083 0.32350 -0.47746)
(0.00818 0.22482 -0.30953)
(0.02590 0.09392 -0.11888)
(0.00301 0.00975 -0.01216)
(0.03379 0.19774 -0.25371)
(0.01002 0.04461 -0.05550)
(0.00061 0.00248 -0.00306)
(-0.00397 -0.00388 0.00629)
(-0.01034 -0.01473 0.01976)
(-0.02777 -0.05306 0.07270)
(-0.03207 -0.05898 0.08034)
(-0.03892 -0.07888 0.12055)
(-0.04545 -0.08331 0.12452)
(-0.04699 -0.08410 0.12724)
(-0.04872 -0.08377 0.13222)
(-0.05111 -0.08392 0.13502)
(-0.04515 -0.08022 0.10283)
(-0.08714 -0.05349 0.04745)
(-0.09486 -0.04969 0.04725)
(-0.10215 -0.04368 0.03162)
(-0.11014 -0.03665 0.01348)
(-0.11906 -0.02886 -0.00489)
(-0.17840 0.04051 -0.15643)
(-0.15955 0.05321 -0.23665)
(-0.20353 0.07397 -0.23254)
(-0.19731 0.08925 -0.29679)
(-0.16909 0.07013 -0.27715)
(-0.17102 0.07849 -0.29541)
(-0.24774 0.19076 -0.46355)
(-0.26359 0.19396 -0.47788)
(-0.28968 0.23991 -0.56219)
(-0.25441 0.21380 -0.50813)
(-0.26270 0.26647 -0.58788)
(-0.31833 0.34882 -0.70176)
(-0.31729 0.35794 -0.71186)
(-0.31753 0.36665 -0.72198)
(-0.24814 0.35850 -0.68374)
(-0.23956 0.38496 -0.69678)
(-0.23466 0.38746 -0.69361)
(-0.22834 0.38917 -0.68984)
(-0.21985 0.40124 -0.68997)
(-0.16598 0.38183 -0.61979)
(-0.14334 0.38907 -0.63300)
(-0.09032 0.34667 -0.54154)
(-0.07473 0.36318 -0.56035)
(-0.05395 0.33981 -0.50141)
(-0.02582 0.32815 -0.46623)
(0.03638 0.29225 -0.37823)
(0.03047 0.17640 -0.22375)
(0.03310 0.21845 -0.27558)
(0.01435 0.06916 -0.08540)
(0.00672 0.03287 -0.04009)
(0.00181 0.00181 -0.00245)
(-0.00050 -0.00033 0.00054)
(-0.02194 -0.02894 0.04661)
(-0.03151 -0.05785 0.08527)
(-0.02790 -0.07494 0.10177)
(-0.03857 -0.07779 0.13359)
(-0.05138 -0.08360 0.13881)
(-0.05261 -0.08384 0.13940)
(-0.05784 -0.08336 0.14620)
(-0.06060 -0.08067 0.14394)
(-0.08570 -0.06412 0.10778)
(-0.10301 -0.04556 0.04619)
(-0.12197 -0.03522 0.04954)
(-0.11559 -0.03528 0.02223)
(-0.12024 -0.02929 0.00157)
(-0.15593 0.01144 -0.09584)
(-0.14509 -0.01206 -0.02737)
(-0.19327 0.06257 -0.20509)
(-0.21019 0.08914 -0.26603)
(-0.23316 0.14686 -0.38829)
(-0.24792 0.16571 -0.43712)
(-0.29386 0.24131 -0.56355)
(-0.32419 0.29376 -0.66866)
(-0.32854 0.34000 -0.72566)
(-0.32779 0.36424 -0.72985)
(-0.32886 0.37490 -0.74187)
(-0.33065 0.40726 -0.78906)
(-0.29429 0.42152 -0.78079)
(-0.27826 0.42129 -0.77250)
(-0.24837 0.40179 -0.72402)
(-0.25056 0.42880 -0.75712)
(-0.20133 0.41075 -0.68880)
(-0.21925 0.43776 -0.75861)
(-0.15877 0.41612 -0.67150)
(-0.13221 0.41322 -0.66381)
(-0.11094 0.39970 -0.63024)
(-0.09375 0.37523 -0.56986)
(-0.08085 0.36613 -0.53904)
(0.01799 0.30534 -0.39987)
(0.03068 0.29702 -0.38111)
(0.01903 0.10854 -0.13357)
(0.02418 0.30215 -0.38515)
(0.03088 0.22364 -0.27885)
(0.01191 0.07697 -0.08761)
(0.00030 0.00614 -0.00641)
(0.00371 0.00386 -0.00195)
(-0.00012 -0.00013 0.00007)
(-0.00923 -0.01254 0.01635)
(-0.02024 -0.02915 0.04271)
(-0.03103 -0.06159 0.10131)
(-0.02768 -0.05615 0.08557)
(-0.02623 -0.07265 0.11390)
(-0.03815 -0.07021 0.12198)
(-0.04137 -0.07702 0.16096)
(-0.04778 -0.08392 0.18932)
(-0.04886 -0.08374 0.16248)
(-0.06934 -0.07548 0.19121)
(-0.08588 -0.06164 0.14605)
(-0.10731 -0.05275 0.13069)
(-0.14115 -0.01816 0.05480)
(-0.16185 0.02531 -0.05555)
(-0.18401 0.04537 -0.13705)
(-0.22926 0.08904 -0.27966)
(-0.23832 0.12358 -0.32750)
(-0.25907 0.18869 -0.45759)
(-0.28802 0.23531 -0.54955)
(-0.33069 0.31398 -0.67822)
(-0.33828 0.34524 -0.72839)
(-0.35285 0.38144 -0.77922)
(-0.33627 0.36885 -0.74378)
(-0.33818 0.38049 -0.75523)
(-0.35031 0.42002 -0.82485)
(-0.34236 0.44414 -0.87400)
(-0.35226 0.47365 -0.90129)
(-0.31762 0.47318 -0.87946)
(-0.30648 0.47151 -0.86825)
(-0.27143 0.46024 -0.82477)
(-0.19398 0.44102 -0.73675)
(-0.12908 0.41295 -0.65863)
(-0.16643 0.42486 -0.67176)
(-0.12746 0.39327 -0.59010)
(-0.08743 0.37818 -0.54098)
(-0.13141 0.40028 -0.59529)
(-0.07683 0.37109 -0.51215)
(-0.03519 0.34403 -0.46639)
(-0.00301 0.31292 -0.38829)
(-0.06807 0.36014 -0.48116)
(-0.01327 0.20549 -0.22853)
(0.00193 0.05425 -0.05686)
(-0.00090 0.03174 -0.03351)
(0.00010 0.00019 -0.00008)
(-0.00476 -0.00572 0.00099)
(-0.02315 -0.03775 0.05403)
(-0.01585 -0.04865 0.06403)
(-0.01671 -0.05929 0.09014)
(-0.01595 -0.06995 0.14079)
(-0.02464 -0.06901 0.13398)
(-0.03011 -0.07700 0.16048)
(-0.02678 -0.07193 0.15667)
(-0.04536 -0.07844 0.19339)
(-0.04855 -0.07951 0.19796)
(-0.05256 -0.08174 0.22879)
(-0.06055 -0.07787 0.25121)
(-0.06437 -0.07558 0.24647)
(-0.08203 -0.07118 0.23048)
(-0.11358 -0.04621 0.14345)
(-0.10114 -0.05030 0.17806)
(-0.11717 -0.04359 0.17281)
(-0.12043 -0.02983 0.09978)
(-0.14824 0.01353 -0.01672)
(-0.16688 0.03399 -0.07422)
(-0.20228 0.08007 -0.20523)
(-0.22677 0.12498 -0.31281)
(-0.26739 0.20610 -0.45507)
(-0.29260 0.29103 -0.62458)
(-0.30225 0.31273 -0.66240)
(-0.32859 0.34784 -0.72554)
(-0.34232 0.37229 -0.77935)
(-0.36784 0.42978 -0.86089)
(-0.36272 0.44962 -0.88836)
(-0.36292 0.46979 -0.91072)
(-0.36948 0.48545 -0.93348)
(-0.36471 0.48653 -0.93419)
(-0.34513 0.49517 -0.94310)
(-0.30294 0.47987 -0.88420)
(-0.31579 0.49675 -0.92264)
(-0.27329 0.47592 -0.84420)
(-0.27414 0.47766 -0.83088)
(-0.25453 0.47033 -0.78874)
(-0.26484 0.47818 -0.80095)
(-0.16944 0.43134 -0.67534)
(-0.17948 0.44079 -0.67484)
(-0.14347 0.41514 -0.60463)
(-0.15901 0.42697 -0.61003)
(-0.11986 0.40098 -0.53996)
(-0.08926 0.37360 -0.47688)
(-0.03957 0.30662 -0.34981)
(-0.01047 0.10425 -0.11035)
(0.00133 -0.01193 0.01237)
(-0.06823 0.25741 -0.30076)
(-0.00036 -0.00292 0.00116)
(-0.00422 -0.01660 0.00863)
(0.00340 -0.02337 0.00967)
(-0.00577 -0.03340 0.02858)
(-0.00622 -0.06005 0.07903)
(-0.01222 -0.06781 0.13027)
(-0.01295 -0.07151 0.14883)
(-0.01700 -0.07240 0.15377)
(-0.02167 -0.07576 0.17312)
(-0.04442 -0.07547 0.21283)
(-0.05926 -0.07873 0.26086)
(-0.06291 -0.07575 0.26029)
(-0.07640 -0.06282 0.22487)
(-0.11473 -0.02355 0.15329)
(-0.12189 -0.00203 0.09807)
(-0.16181 0.04793 -0.03954)
(-0.15640 0.04511 -0.06274)
(-0.20218 0.11168 -0.20109)
(-0.19445 0.12106 -0.18021)
(-0.21688 0.13772 -0.28825)
(-0.25630 0.20900 -0.45519)
(-0.28952 0.29448 -0.61758)
(-0.29845 0.31454 -0.65108)
(-0.30831 0.33450 -0.68307)
(-0.33910 0.38143 -0.76420)
(-0.35870 0.41958 -0.85593)
(-0.35740 0.44536 -0.85246)
(-0.36293 0.44969 -0.89218)
(-0.37201 0.47259 -0.92156)
(-0.36717 0.49083 -0.95344)
(-0.36676 0.49382 -0.96211)
(-0.35635 0.51276 -0.98873)
(-0.34802 0.51077 -0.97762)
(-0.34578 0.51263 -0.97949)
(-0.30436 0.49320 -0.90018)
(-0.29661 0.49624 -0.88194)
(-0.27734 0.48510 -0.82849)
(-0.27667 0.48664 -0.82441)
(-0.26284 0.48052 -0.79627)
(-0.23222 0.47321 -0.73895)
(-0.20544 0.45920 -0.66537)
(-0.17957 0.43169 -0.59282)
(-0.19483 0.44907 -0.60884)
(-0.13912 0.40206 -0.51355)
(-0.18264 0.43482 -0.57780)
(-0.11634 0.37840 -0.45880)
(-0.05720 0.21302 -0.23047)
(-0.00368 0.01470 -0.01436)
(0.00152 -0.00534 0.00525)
(-0.00024 0.00117 -0.00041)
(0.00045 -0.00186 0.00065)
(0.00312 -0.01371 0.00542)
(0.00993 -0.03987 0.01868)
(0.00815 -0.04997 0.04132)
(0.01358 -0.04792 0.02486)
(0.00329 -0.05575 0.08027)
(-0.00839 -0.07006 0.13814)
(-0.01758 -0.07457 0.16987)
(-0.01283 -0.07380 0.16510)
(-0.02103 -0.07656 0.19095)
(-0.05097 -0.07645 0.25112)
(-0.03355 -0.06924 0.24781)
(-0.06065 -0.07631 0.27323)
(-0.06357 -0.06585 0.27242)
(-0.09630 -0.02720 0.20767)
(-0.11503 0.00164 0.13762)
(-0.14124 0.02827 0.06011)
(-0.18823 0.12104 -0.15937)
(-0.20247 0.13866 -0.22674)
(-0.19717 0.14088 -0.21065)
(-0.21000 0.15534 -0.26591)
(-0.28651 0.30298 -0.61862)
(-0.29430 0.31977 -0.64564)
(-0.30301 0.33781 -0.67528)
(-0.31492 0.37228 -0.72410)
(-0.35035 0.44968 -0.84555)
(-0.36779 0.47168 -0.90344)
(-0.37994 0.51274 -0.95540)
(-0.37906 0.51462 -0.96563)
(-0.37840 0.51603 -0.97419)
(-0.36655 0.51568 -1.00010)
(-0.35230 0.51511 -0.99131)
(-0.34471 0.51479 -0.98237)
(-0.32476 0.51687 -0.94924)
(-0.28783 0.49204 -0.84976)
(-0.28874 0.49356 -0.84775)
(-0.28103 0.49970 -0.81759)
(-0.24202 0.47885 -0.72462)
(-0.25763 0.49245 -0.74351)
(-0.22447 0.46455 -0.66208)
(-0.21873 0.46460 -0.64229)
(-0.20782 0.45510 -0.62092)
(-0.19911 0.44575 -0.60017)
(-0.19077 0.43730 -0.58186)
(-0.11204 0.28517 -0.32691)
(-0.02365 0.07945 -0.07944)
(-0.01015 0.03120 -0.03133)
(0.00988 -0.03136 0.03102)
(0.00102 -0.00355 0.00069)
(0.00407 -0.01510 0.00566)
(0.00787 -0.02830 0.01218)
(0.00735 -0.02473 0.00962)
(0.01494 -0.04800 0.02535)
(0.01577 -0.05030 0.03127)
(0.00123 -0.06864 0.13284)
(0.01999 -0.06948 0.10594)
(-0.00700 -0.07376 0.15954)
(-0.01339 -0.07544 0.18397)
(-0.02554 -0.07335 0.24563)
(-0.04005 -0.07246 0.32384)
(-0.05829 -0.06576 0.29169)
(-0.05581 -0.06704 0.32105)
(-0.08154 -0.03862 0.24988)
(-0.08990 -0.02715 0.21679)
(-0.11475 -0.00142 0.19427)
(-0.12130 0.02328 0.12540)
(-0.16155 0.09468 -0.05640)
(-0.19291 0.14260 -0.19421)
(-0.20635 0.16219 -0.25993)
(-0.20324 0.16612 -0.24901)
(-0.23377 0.23644 -0.40605)
(-0.28289 0.32813 -0.60007)
(-0.30004 0.36676 -0.66502)
(-0.31738 0.42097 -0.74647)
(-0.35113 0.48096 -0.82173)
(-0.36425 0.49562 -0.90081)
(-0.37147 0.50444 -0.93881)
(-0.37644 0.51715 -0.96362)
(-0.37635 0.51811 -0.97382)
(-0.37133 0.52414 -1.01000)
(-0.35693 0.51696 -1.00140)
(-0.35516 0.51788 -1.00240)
(-0.35022 0.51736 -0.99386)
(-0.34746 0.52491 -0.98689)
(-0.32226 0.51934 -0.94094)
(-0.32408 0.52103 -0.94151)
(-0.31810 0.52054 -0.88503)
(-0.33345 0.52969 -0.93241)
(-0.30688 0.52633 -0.85731)
(-0.29493 0.51655 -0.81406)
(-0.31438 0.53486 -0.87668)
(-0.26041 0.49141 -0.72643)
(-0.23365 0.47320 -0.66149)
(-0.22321 0.46404 -0.64042)
(-0.22112 0.45976 -0.63068)
(-0.22006 0.45608 -0.62268)
(-0.20791 0.44574 -0.59992)
(-0.22551 0.42845 -0.57602)
(-0.14049 0.31220 -0.36603)
(-0.04718 0.11329 -0.12413)
(0.00446 -0.01257 0.01271)
(-0.00005 0.00018 -0.00005)
(0.00084 -0.00291 0.00084)
(0.00652 -0.01899 0.00568)
(0.01356 -0.04240 0.01941)
(0.02361 -0.05719 0.03621)
(0.02908 -0.06325 0.05078)
(0.03394 -0.06617 0.05204)
(0.02427 -0.07081 0.09780)
(0.01263 -0.07841 0.14786)
(0.03601 -0.08514 0.14810)
(0.03143 -0.08491 0.16324)
(0.01254 -0.09046 0.19866)
(-0.00038 -0.08336 0.24002)
(-0.02846 -0.07447 0.30817)
(-0.04655 -0.06974 0.35835)
(-0.06247 -0.03594 0.28879)
(-0.08525 -0.02653 0.26053)
(-0.10591 0.00764 0.19394)
(-0.11140 0.02064 0.16603)
(-0.15000 0.11698 -0.02228)
(-0.16646 0.15371 -0.10774)
(-0.22953 0.25933 -0.32077)
(-0.23809 0.25819 -0.38720)
(-0.24786 0.30500 -0.40355)
(-0.28396 0.37675 -0.59601)
(-0.30115 0.41352 -0.65272)
(-0.32976 0.45874 -0.73969)
(-0.35285 0.49529 -0.79642)
(-0.36145 0.51410 -0.88041)
(-0.36098 0.52720 -0.85581)
(-0.37270 0.52721 -0.91721)
(-0.38210 0.53282 -0.94753)
(-0.38043 0.52859 -0.97644)
(-0.37752 0.53528 -1.00690)
(-0.37073 0.52534 -1.01470)
(-0.36570 0.52384 -1.02940)
(-0.36279 0.52735 -1.02640)
(-0.36236 0.52712 -1.02330)
(-0.35663 0.53193 -1.00540)
(-0.35732 0.53255 -1.00460)
(-0.36230 0.53599 -0.97773)
(-0.33490 0.53322 -0.92177)
(-0.34934 0.53393 -0.91960)
(-0.32225 0.52662 -0.85090)
(-0.30497 0.51548 -0.80472)
(-0.30443 0.50874 -0.77418)
(-0.30076 0.49127 -0.74631)
(-0.24569 0.45636 -0.63908)
(-0.24632 0.42311 -0.58543)
(-0.21170 0.38822 -0.51397)
(-0.27196 0.45070 -0.66374)
(-0.24080 0.40964 -0.55663)
(-0.08911 0.17097 -0.21300)
(-0.00447 0.00911 -0.01064)
(0.01000 -0.01899 0.02215)
(0.00004 -0.00143 0.00035)
(0.00260 -0.00832 0.00281)
(0.02078 -0.04535 0.01787)
(0.02864 -0.05357 0.03283)
(0.03362 -0.05915 0.03857)
(0.04050 -0.07414 0.06405)
(0.04079 -0.06805 0.05115)
(0.03750 -0.08128 0.11807)
(0.03851 -0.08797 0.15600)
(0.02617 -0.08372 0.20494)
(0.01618 -0.08194 0.22174)
(-0.00415 -0.08538 0.28504)
(-0.02465 -0.06548 0.29897)
(-0.05208 -0.03141 0.27317)
(-0.09435 0.05200 0.18640)
(-0.10398 0.07218 0.14791)
(-0.11100 0.06284 0.14791)
(-0.13726 0.10650 0.04487)
(-0.16129 0.15906 -0.09193)
(-0.19997 0.23877 -0.22544)
(-0.24797 0.33456 -0.38991)
(-0.27549 0.37524 -0.53345)
(-0.29313 0.41969 -0.64601)
(-0.32016 0.46044 -0.68166)
(-0.35876 0.54604 -0.79643)
(-0.36332 0.55289 -0.81341)
(-0.36634 0.52999 -0.89319)
(-0.37892 0.54243 -0.93650)
(-0.38294 0.55687 -0.97111)
(-0.38352 0.55501 -0.98119)
(-0.37083 0.53292 -1.02150)
(-0.37308 0.53177 -1.03350)
(-0.36411 0.52583 -1.02770)
(-0.37267 0.52537 -1.03500)
(-0.35694 0.52843 -1.00890)
(-0.36011 0.52894 -1.00630)
(-0.37241 0.53757 -0.98953)
(-0.37434 0.53881 -0.96933)
(-0.37563 0.53942 -0.96280)
(-0.36907 0.54109 -0.93768)
(-0.32136 0.51930 -0.82936)
(-0.36176 0.53126 -0.90247)
(-0.33438 0.52164 -0.82383)
(-0.32702 0.50787 -0.78960)
(-0.33229 0.49515 -0.77785)
(-0.27818 0.45511 -0.67934)
(-0.25855 0.42472 -0.60835)
(-0.24757 0.41521 -0.56721)
(-0.24366 0.39485 -0.54738)
(-0.13743 0.23672 -0.30434)
(-0.02091 0.03938 -0.04660)
(-0.01283 0.01963 -0.02457)
(0.00014 0.00232 -0.00077)
(0.00061 -0.00970 0.00242)
(-0.00004 -0.00091 0.00030)
(0.00030 -0.01192 0.00360)
(0.01093 -0.03672 0.01988)
(0.03471 -0.06165 0.03960)
(0.02504 -0.05276 0.03760)
(0.03949 -0.06709 0.05058)
(0.04444 -0.07518 0.07313)
(0.04763 -0.07948 0.08362)
(0.05304 -0.08450 0.10696)
(0.04279 -0.08397 0.13979)
(0.03883 -0.08851 0.18394)
(0.01517 -0.07177 0.24338)
(0.00349 -0.06437 0.26196)
(-0.01783 -0.05333 0.28621)
(-0.07012 0.03081 0.18465)
(-0.10124 0.07120 0.15391)
(-0.11493 0.09420 0.10794)
(-0.15660 0.16364 -0.03202)
(-0.20131 0.25242 -0.18569)
(-0.25090 0.33419 -0.32313)
(-0.31293 0.44701 -0.52153)
(-0.26059 0.36245 -0.44258)
(-0.30010 0.43814 -0.58896)
(-0.34097 0.51290 -0.71103)
(-0.36227 0.55264 -0.78606)
(-0.36573 0.55754 -0.80025)
(-0.36542 0.55623 -0.82651)
(-0.36316 0.54123 -0.90798)
(-0.38269 0.55956 -0.96249)
(-0.38355 0.55810 -0.97060)
(-0.37303 0.53696 -1.00250)
(-0.37363 0.53261 -1.01790)
(-0.36950 0.52318 -1.03870)
(-0.37021 0.52357 -1.03280)
(-0.37131 0.52473 -1.03170)
(-0.36979 0.52983 -1.01330)
(-0.37541 0.53250 -0.99539)
(-0.37830 0.53865 -0.97647)
(-0.37975 0.53888 -0.97171)
(-0.37732 0.53982 -0.95839)
(-0.37671 0.54057 -0.94646)
(-0.35683 0.52079 -0.87624)
(-0.33721 0.50303 -0.80804)
(-0.31609 0.48169 -0.77016)
(-0.30220 0.46985 -0.73063)
(-0.29830 0.45094 -0.70887)
(-0.27810 0.42332 -0.63005)
(-0.27425 0.40051 -0.60004)
(-0.16678 0.25210 -0.32918)
(-0.03054 0.04604 -0.05820)
(0.00034 0.00217 -0.00088)
(-0.00047 -0.00405 0.00156)
(0.00181 -0.02621 0.00784)
(-0.00051 -0.02020 0.00706)
(0.00025 -0.02737 0.00919)
(0.02066 -0.05130 0.04395)
(0.03164 -0.06274 0.05442)
(0.03435 -0.06652 0.07451)
(0.04406 -0.07971 0.11382)
(0.04718 -0.08396 0.12419)
(0.04221 -0.09134 0.17856)
(0.02063 -0.07425 0.23479)
(0.01274 -0.06678 0.24334)
(0.00336 -0.05718 0.25048)
(-0.00134 -0.05692 0.26205)
(-0.04575 0.00789 0.17818)
(-0.08866 0.06112 0.16129)
(-0.11076 0.09130 0.12472)
(-0.16637 0.18073 -0.01367)
(-0.12878 0.11974 0.06441)
(-0.21976 0.28008 -0.20404)
(-0.23291 0.30296 -0.24148)
(-0.31717 0.45053 -0.51016)
(-0.32187 0.46586 -0.55035)
(-0.32876 0.48005 -0.57039)
(-0.36771 0.56125 -0.77868)
(-0.36953 0.56310 -0.78960)
(-0.36771 0.56017 -0.81452)
(-0.36849 0.56117 -0.82728)
(-0.36914 0.55261 -0.89893)
(-0.36616 0.54490 -0.93937)
(-0.37194 0.53560 -1.00040)
(-0.36737 0.53112 -0.99366)
(-0.36464 0.52444 -1.01440)
(-0.37040 0.52258 -1.03120)
(-0.37173 0.52268 -1.03080)
(-0.37357 0.52478 -1.03070)
(-0.38018 0.52603 -1.02290)
(-0.38190 0.53810 -0.98296)
(-0.38336 0.53797 -0.97981)
(-0.38168 0.53879 -0.96837)
(-0.38789 0.53689 -0.95374)
(-0.36520 0.51952 -0.88906)
(-0.36074 0.51715 -0.87554)
(-0.35434 0.49485 -0.83111)
(-0.32538 0.47140 -0.77251)
(-0.31875 0.46526 -0.75627)
(-0.32343 0.46545 -0.76593)
(-0.31763 0.46004 -0.75201)
(-0.31100 0.45303 -0.73611)
(-0.27881 0.39988 -0.61055)
(-0.22411 0.33302 -0.44357)
(-0.20290 0.29702 -0.39385)
(-0.04879 0.07202 -0.09161)
(0.01446 -0.02142 0.02674)
(0.00023 0.00082 -0.00038)
(-0.00152 -0.00677 0.00295)
(-0.00709 -0.02187 0.01925)
(0.00325 -0.03235 0.01629)
(-0.00225 -0.03509 0.02113)
(0.01785 -0.04956 0.03413)
(0.02742 -0.06058 0.06623)
(0.04095 -0.07629 0.10620)
(0.04432 -0.08059 0.11888)
(0.04653 -0.08871 0.15883)
(0.03523 -0.07665 0.16982)
(0.01769 -0.06843 0.23444)
(0.00817 -0.05833 0.24076)
(-0.02656 -0.02455 0.23430)
(-0.00784 -0.04440 0.25437)
(-0.08274 0.05368 0.17648)
(-0.11727 0.10047 0.11226)
(-0.17110 0.18353 -0.00998)
(-0.21723 0.26778 -0.15722)
(-0.24687 0.32735 -0.24975)
(-0.30361 0.41790 -0.42353)
(-0.32603 0.46869 -0.53768)
(-0.32952 0.46942 -0.52608)
(-0.33392 0.48469 -0.56213)
(-0.37261 0.55430 -0.68254)
(-0.38531 0.57751 -0.73323)
(-0.37059 0.56401 -0.80359)
(-0.37486 0.56859 -0.83957)
(-0.37589 0.56262 -0.87641)
(-0.37537 0.55812 -0.90596)
(-0.36185 0.53363 -0.96124)
(-0.35424 0.51865 -0.97728)
(-0.36348 0.52185 -1.00110)
(-0.36936 0.52215 -1.02110)
(-0.37059 0.52068 -1.02990)
(-0.37378 0.52339 -1.03050)
(-0.38927 0.52866 -1.02270)
(-0.38683 0.53306 -1.00570)
(-0.40411 0.54146 -0.99888)
(-0.40037 0.53876 -0.97467)
(-0.41148 0.54049 -0.96940)
(-0.38419 0.52501 -0.93266)
(-0.37052 0.51272 -0.88576)
(-0.38854 0.51378 -0.91008)
(-0.35948 0.49489 -0.84332)
(-0.32880 0.46870 -0.77748)
(-0.31847 0.45695 -0.75139)
(-0.31127 0.43182 -0.71253)
(-0.28817 0.39058 -0.60839)
(-0.22835 0.33249 -0.44992)
(-0.23614 0.33428 -0.46476)
(-0.06779 0.09790 -0.12474)
(0.00295 -0.00426 0.00529)
(-0.00043 -0.00026 0.00029)
(-0.00744 -0.00934 0.00693)
(-0.01051 -0.00518 0.00648)
(-0.01063 -0.02881 0.01923)
(-0.00861 -0.03281 0.02060)
(0.00286 -0.04000 0.02096)
(0.01613 -0.05669 0.03700)
(0.01934 -0.06017 0.05875)
(0.03466 -0.07229 0.07985)
(0.03998 -0.07574 0.11220)
(0.04115 -0.08991 0.13131)
(0.02913 -0.07580 0.16086)
(0.01172 -0.05545 0.20236)
(-0.02846 -0.01646 0.18173)
(-0.08114 0.05696 0.14911)
(-0.10926 0.08983 0.17844)
(-0.15338 0.15218 0.05121)
(-0.22806 0.28086 -0.13622)
(-0.23541 0.27092 -0.11289)
(-0.29179 0.38305 -0.30801)
(-0.32696 0.43500 -0.37294)
(-0.36372 0.49843 -0.47222)
(-0.33708 0.48475 -0.55185)
(-0.37883 0.55871 -0.65732)
(-0.39501 0.58582 -0.70229)
(-0.38328 0.58048 -0.76330)
(-0.38978 0.58691 -0.80004)
(-0.37786 0.56524 -0.85445)
(-0.38074 0.56669 -0.87716)
(-0.36448 0.53701 -0.94203)
(-0.37641 0.54302 -0.95527)
(-0.37137 0.52489 -0.99858)
(-0.37531 0.52473 -1.00050)
(-0.37671 0.52057 -1.00640)
(-0.38749 0.52699 -1.01910)
(-0.39683 0.53223 -1.01500)
(-0.40388 0.53490 -1.01870)
(-0.40677 0.53609 -1.01590)
(-0.41685 0.54242 -0.98653)
(-0.42207 0.54363 -0.97185)
(-0.40108 0.53027 -0.94579)
(-0.40685 0.51958 -0.90492)
(-0.36967 0.49485 -0.84088)
(-0.36969 0.47876 -0.79368)
(-0.31993 0.45511 -0.75100)
(-0.36828 0.45139 -0.75743)
(-0.32422 0.41508 -0.66849)
(-0.30221 0.38974 -0.60143)
(-0.29456 0.36137 -0.54768)
(-0.26414 0.33027 -0.46582)
(-0.10630 0.12562 -0.15938)
(-0.00688 0.00864 -0.00996)
(-0.00222 -0.00102 0.00135)
(-0.01626 -0.01416 0.01400)
(-0.02046 -0.02816 0.02260)
(-0.01793 -0.03730 0.02414)
(-0.00921 -0.04039 0.02393)
(0.00772 -0.05339 0.05226)
(0.01971 -0.07480 0.07765)
(0.03297 -0.07866 0.07840)
(0.02492 -0.07962 0.09350)
(0.02750 -0.07869 0.12181)
(0.01466 -0.05850 0.16579)
(-0.02207 -0.02211 0.16315)
(-0.06281 0.02316 0.16255)
(-0.06975 0.02880 0.13102)
(-0.11319 0.08901 0.13274)
(-0.17788 0.17055 0.02985)
(-0.29993 0.33940 -0.16958)
(-0.29772 0.36259 -0.23319)
(-0.34391 0.44636 -0.34257)
(-0.36415 0.48546 -0.40182)
(-0.39467 0.55277 -0.53024)
(-0.41666 0.60113 -0.59909)
(-0.41015 0.59843 -0.65017)
(-0.40160 0.59549 -0.72727)
(-0.39726 0.59448 -0.77542)
(-0.39047 0.58047 -0.81895)
(-0.39099 0.57690 -0.83832)
(-0.37493 0.55260 -0.90408)
(-0.38470 0.55028 -0.93224)
(-0.37240 0.53019 -0.97327)
(-0.37292 0.52347 -0.98718)
(-0.38930 0.52542 -0.99657)
(-0.38869 0.52211 -1.01180)
(-0.40568 0.53294 -1.00440)
(-0.40586 0.53542 -1.01770)
(-0.43114 0.54585 -1.01010)
(-0.42644 0.54253 -0.99804)
(-0.46265 0.55371 -0.97459)
(-0.44146 0.54602 -0.96108)
(-0.42688 0.51971 -0.91145)
(-0.40696 0.51664 -0.89278)
(-0.39706 0.50550 -0.86284)
(-0.42479 0.49816 -0.84333)
(-0.41826 0.48815 -0.83467)
(-0.37594 0.45630 -0.76450)
(-0.32568 0.39862 -0.64490)
(-0.31415 0.37174 -0.56930)
(-0.29861 0.34903 -0.50517)
(-0.19721 0.22034 -0.29263)
(-0.09130 0.10494 -0.12999)
(-0.01339 0.01532 -0.01833)
(0.00159 0.00081 -0.00112)
(-0.00599 -0.00314 0.00393)
(-0.01709 -0.01622 0.01236)
(-0.02688 -0.03017 0.02475)
(-0.02542 -0.03363 0.02406)
(-0.02188 -0.03724 0.02683)
(-0.00546 -0.04861 0.05093)
(-0.02157 -0.03772 0.02899)
(-0.00173 -0.05423 0.06947)
(0.01675 -0.07379 0.08351)
(0.01895 -0.07559 0.09389)
(-0.01919 -0.04087 0.09446)
(0.00236 -0.04888 0.13366)
(-0.03958 -0.01346 0.11481)
(-0.12507 0.07761 0.05972)
(-0.13610 0.09702 0.08671)
(-0.16624 0.11923 0.03549)
(-0.18221 0.16054 0.00637)
(-0.30878 0.34237 -0.17199)
(-0.32351 0.37469 -0.21892)
(-0.34233 0.40443 -0.25734)
(-0.37454 0.46810 -0.35301)
(-0.41457 0.57511 -0.52969)
(-0.42818 0.60494 -0.54580)
(-0.43656 0.62990 -0.61541)
(-0.42368 0.61480 -0.66793)
(-0.40983 0.60429 -0.71108)
(-0.40617 0.60518 -0.75929)
(-0.40179 0.59632 -0.78611)
(-0.39945 0.59280 -0.79826)
(-0.37911 0.55636 -0.87785)
(-0.38625 0.55297 -0.92495)
(-0.38487 0.54768 -0.93922)
(-0.37867 0.53522 -0.95774)
(-0.39874 0.53570 -0.96718)
(-0.40574 0.53395 -0.99220)
(-0.43183 0.54447 -0.97856)
(-0.42802 0.54325 -0.99744)
(-0.44330 0.54860 -0.99184)
(-0.46409 0.55581 -0.97948)
(-0.47122 0.55775 -0.97275)
(-0.46736 0.55458 -0.96822)
(-0.47177 0.55519 -0.96189)
(-0.43456 0.51043 -0.86638)
(-0.43531 0.50214 -0.84402)
(-0.42154 0.48676 -0.82649)
(-0.42832 0.47131 -0.78937)
(-0.39875 0.45095 -0.74833)
(-0.36096 0.40962 -0.64947)
(-0.37874 0.39485 -0.58837)
(-0.36457 0.38160 -0.54937)
(-0.31909 0.31986 -0.42147)
(-0.20616 0.18537 -0.20784)
(-0.02146 0.01900 -0.01992)
(-0.02184 0.01848 -0.01901)
(-0.00537 -0.00200 0.00393)
(-0.02443 -0.01992 0.02016)
(-0.02943 -0.03275 0.02386)
(-0.02714 -0.03441 0.02504)
(-0.02475 -0.03626 0.02664)
(-0.02460 -0.03669 0.02803)
(-0.01891 -0.04125 0.05432)
(-0.01046 -0.05094 0.06431)
(0.01281 -0.07237 0.08678)
(-0.03775 -0.02721 0.07909)
(-0.06464 0.00151 0.08554)
(-0.14831 0.09586 0.04130)
(-0.16995 0.11798 0.02473)
(-0.18663 0.14040 0.01806)
(-0.24708 0.23220 -0.06843)
(-0.32901 0.37201 -0.21018)
(-0.34017 0.37370 -0.20889)
(-0.34793 0.40213 -0.24609)
(-0.40561 0.48825 -0.34449)
(-0.43781 0.56425 -0.44726)
(-0.42423 0.55259 -0.45326)
(-0.43944 0.59825 -0.51458)
(-0.44762 0.62488 -0.58816)
(-0.44597 0.62913 -0.60344)
(-0.42559 0.61619 -0.69053)
(-0.40633 0.60377 -0.77456)
(-0.40352 0.59966 -0.78621)
(-0.39730 0.58942 -0.80823)
(-0.38559 0.56501 -0.86842)
(-0.38695 0.55148 -0.93002)
(-0.39547 0.55115 -0.93288)
(-0.40391 0.54086 -0.95256)
(-0.40882 0.54103 -0.96882)
(-0.43667 0.54740 -0.97174)
(-0.44130 0.54958 -0.97674)
(-0.45097 0.55466 -0.97444)
(-0.47450 0.56069 -0.97615)
(-0.48115 0.56256 -0.97059)
(-0.47685 0.55878 -0.96684)
(-0.48361 0.55978 -0.96087)
(-0.46516 0.52980 -0.88237)
(-0.48268 0.51681 -0.82998)
(-0.47234 0.47538 -0.74249)
(-0.45761 0.45783 -0.70082)
(-0.41182 0.43269 -0.68404)
(-0.39251 0.38684 -0.54054)
(-0.38244 0.37825 -0.52397)
(-0.32776 0.28862 -0.33522)
(-0.24464 0.21119 -0.23218)
(-0.13352 0.11411 -0.12150)
(-0.25552 0.21159 -0.22587)
(-0.03615 0.02919 -0.02913)
(-0.00136 -0.00052 0.00104)
(-0.01058 -0.00403 0.00794)
(-0.00689 -0.00262 0.00546)
(-0.02609 -0.01001 0.01924)
(-0.03758 -0.02483 0.02666)
(-0.03667 -0.02702 0.02983)
(-0.03057 -0.03324 0.02485)
(-0.03494 -0.03164 0.02718)
(-0.02739 -0.03524 0.02620)
(-0.03761 -0.03107 0.03237)
(-0.03615 -0.03017 0.03749)
(-0.03129 -0.03116 0.04933)
(-0.05743 -0.00907 0.05462)
(-0.05798 -0.01103 0.06349)
(-0.09851 0.02099 0.05145)
(-0.13738 0.07293 0.04040)
(-0.17821 0.12116 0.01311)
(-0.19340 0.14280 0.00529)
(-0.24630 0.19504 -0.04057)
(-0.39279 0.37779 -0.19904)
(-0.35720 0.40086 -0.23927)
(-0.44065 0.50636 -0.33322)
(-0.49191 0.60262 -0.42535)
(-0.46383 0.61376 -0.50898)
(-0.46569 0.63964 -0.56298)
(-0.45296 0.63437 -0.59290)
(-0.44708 0.63724 -0.64745)
(-0.42580 0.62462 -0.73167)
(-0.40709 0.60676 -0.77442)
(-0.40042 0.59514 -0.79912)
(-0.39742 0.57905 -0.84408)
(-0.39202 0.55704 -0.90623)
(-0.40359 0.55561 -0.91237)
(-0.41127 0.54617 -0.92651)
(-0.41529 0.54519 -0.95645)
(-0.43925 0.54861 -0.96519)
(-0.44709 0.55256 -0.97046)
(-0.45915 0.55874 -0.96858)
(-0.48414 0.56769 -0.96432)
(-0.50050 0.57273 -0.96654)
(-0.48749 0.56361 -0.96512)
(-0.52005 0.57076 -0.93344)
(-0.51630 0.55688 -0.89711)
(-0.53375 0.54890 -0.85344)
(-0.50158 0.50547 -0.77589)
(-0.48520 0.47324 -0.70073)
(-0.47328 0.46049 -0.67890)
(-0.44875 0.42784 -0.59932)
(-0.38829 0.34379 -0.43524)
(-0.34213 0.29126 -0.33381)
(-0.34518 0.28447 -0.31450)
(-0.34035 0.27272 -0.28777)
(-0.22877 0.18056 -0.18388)
(-0.03982 0.02859 -0.02429)
(0.03197 -0.02257 0.01835)
(-0.00063 -0.00028 0.00064)
(-0.00776 -0.00343 0.00777)
(-0.03984 -0.01726 0.02843)
(-0.02379 -0.01076 0.01921)
(-0.04289 -0.02171 0.02932)
(-0.03841 -0.02655 0.02623)
(-0.03840 -0.02841 0.02435)
(-0.03742 -0.02978 0.03222)
(-0.04186 -0.02465 0.03312)
(-0.04473 -0.02435 0.03803)
(-0.04342 -0.02768 0.03270)
(-0.06611 -0.00969 0.02786)
(-0.08099 -0.00088 0.04842)
(-0.12666 0.03370 0.02611)
(-0.16184 0.07488 0.00529)
(-0.19333 0.10376 -0.01337)
(-0.28817 0.20496 -0.09770)
(-0.20281 0.14788 -0.00741)
(-0.29329 0.23408 -0.08904)
(-0.41654 0.37803 -0.21803)
(-0.43048 0.43167 -0.27018)
(-0.47443 0.52157 -0.33997)
(-0.50708 0.58190 -0.39558)
(-0.49830 0.63739 -0.46928)
(-0.50678 0.65542 -0.51440)
(-0.50939 0.69272 -0.56576)
(-0.46910 0.67586 -0.64134)
(-0.45539 0.66358 -0.68139)
(-0.43863 0.64600 -0.71613)
(-0.41903 0.61868 -0.77888)
(-0.40583 0.59181 -0.82322)
(-0.39664 0.57455 -0.86687)
(-0.41353 0.56649 -0.89289)
(-0.41724 0.55805 -0.90561)
(-0.42542 0.54970 -0.93324)
(-0.45490 0.56124 -0.92697)
(-0.45160 0.55493 -0.96390)
(-0.49483 0.57898 -0.95401)
(-0.51710 0.58862 -0.95510)
(-0.55935 0.60683 -0.94551)
(-0.57082 0.60488 -0.92725)
(-0.57249 0.60136 -0.92182)
(-0.57275 0.58349 -0.88769)
(-0.55901 0.55455 -0.84523)
(-0.52914 0.52415 -0.79139)
(-0.53468 0.51126 -0.74122)
(-0.49382 0.46759 -0.68131)
(-0.47706 0.41087 -0.51931)
(-0.45281 0.38626 -0.47340)
(-0.46693 0.38139 -0.44842)
(-0.43671 0.31850 -0.30845)
(-0.36538 0.25843 -0.22585)
(-0.22629 0.14792 -0.11548)
(-0.06509 0.04054 -0.02791)
(0.02512 -0.01377 0.00635)
(-0.00432 -0.00227 0.00441)
(-0.02419 -0.01310 0.02332)
(-0.04393 -0.01670 0.03778)
(-0.04566 -0.01869 0.03426)
(-0.04280 -0.02471 0.03046)
(-0.04022 -0.02761 0.03100)
(-0.05084 -0.01135 0.03412)
(-0.04313 -0.02337 0.03319)
(-0.04912 -0.01746 0.03310)
(-0.06372 -0.00774 0.03618)
(-0.05228 -0.01833 0.03647)
(-0.08278 0.00526 0.02737)
(-0.09913 0.01065 0.02795)
(-0.13116 0.02973 0.00658)
(-0.14254 0.03691 0.00302)
(-0.17250 0.08160 -0.00431)
(-0.17162 0.05947 -0.00949)
(-0.22177 0.12095 -0.03841)
(-0.31165 0.20113 -0.11197)
(-0.36275 0.28688 -0.15646)
(-0.42942 0.37940 -0.22849)
(-0.45250 0.42075 -0.25132)
(-0.51113 0.52708 -0.33699)
(-0.57996 0.63070 -0.43417)
(-0.53931 0.65654 -0.47344)
(-0.53246 0.66477 -0.50464)
(-0.53672 0.72314 -0.57948)
(-0.50833 0.70395 -0.61049)
(-0.47797 0.68147 -0.65395)
(-0.45013 0.66347 -0.70277)
(-0.42871 0.62807 -0.76067)
(-0.41952 0.60892 -0.80498)
(-0.39993 0.58237 -0.85121)
(-0.42360 0.57528 -0.86172)
(-0.45089 0.57727 -0.87181)
(-0.43840 0.55598 -0.91117)
(-0.46841 0.56879 -0.91227)
(-0.50341 0.58241 -0.92842)
(-0.53795 0.60014 -0.93710)
(-0.55622 0.60783 -0.93442)
(-0.56847 0.61414 -0.93602)
(-0.62151 0.63936 -0.90443)
(-0.60868 0.61936 -0.89397)
(-0.64249 0.63985 -0.87289)
(-0.59211 0.58406 -0.81191)
(-0.57484 0.55492 -0.77713)
(-0.60732 0.56326 -0.73040)
(-0.59847 0.54960 -0.70962)
(-0.56677 0.51408 -0.66884)
(-0.59559 0.53961 -0.68095)
(-0.53001 0.45154 -0.55049)
(-0.48618 0.37003 -0.39344)
(-0.47873 0.36034 -0.37412)
(-0.43126 0.28235 -0.22052)
(-0.13521 0.08275 -0.05203)
(-0.02136 0.01152 -0.00375)
(0.00823 -0.00438 0.00132)
(-0.00082 -0.00042 0.00089)
(-0.01290 -0.00677 0.01364)
(-0.03353 -0.01838 0.03347)
(-0.04100 -0.01622 0.03861)
(-0.04260 -0.01382 0.03834)
(-0.04181 -0.01716 0.03674)
(-0.04351 -0.01732 0.03621)
(-0.05815 -0.00405 0.03619)
(-0.06048 -0.00325 0.03529)
(-0.06400 -0.00028 0.03497)
(-0.09027 0.01233 0.02754)
(-0.13383 0.03202 0.00479)
(-0.14531 0.03924 0.00008)
(-0.16157 0.05013 -0.00922)
(-0.24868 0.13623 -0.06424)
(-0.32455 0.20599 -0.12949)
(-0.37938 0.28701 -0.16852)
(-0.45988 0.37630 -0.24220)
(-0.47812 0.42884 -0.27509)
(-0.50745 0.44618 -0.30456)
(-0.54836 0.55577 -0.37266)
(-0.58942 0.63017 -0.43530)
(-0.58519 0.64940 -0.45067)
(-0.57460 0.66101 -0.48320)
(-0.55277 0.70970 -0.55642)
(-0.53078 0.72231 -0.59345)
(-0.50219 0.70189 -0.63194)
(-0.48271 0.68644 -0.68180)
(-0.43955 0.63840 -0.75293)
(-0.43918 0.62133 -0.77883)
(-0.42590 0.60151 -0.81394)
(-0.43562 0.58380 -0.85029)
(-0.45500 0.57927 -0.86545)
(-0.45911 0.57722 -0.87455)
(-0.47743 0.57664 -0.88694)
(-0.51727 0.59140 -0.92117)
(-0.54833 0.60603 -0.91373)
(-0.59113 0.63450 -0.89467)
(-0.60037 0.63543 -0.91334)
(-0.64979 0.66122 -0.87615)
(-0.64874 0.65613 -0.87162)
(-0.65476 0.65873 -0.86139)
(-0.62842 0.61579 -0.80702)
(-0.62291 0.58163 -0.73436)
(-0.60536 0.55315 -0.69232)
(-0.58176 0.51478 -0.62451)
(-0.54487 0.45177 -0.52160)
(-0.53726 0.44305 -0.44059)
(-0.51441 0.40360 -0.39525)
(-0.49412 0.37692 -0.34601)
(-0.43623 0.30110 -0.20547)
(-0.15276 0.08935 -0.04021)
(-0.01112 0.00619 -0.00241)
(-0.00057 -0.00009 0.00074)
(-0.01705 -0.00273 0.02198)
(-0.03873 -0.00527 0.04435)
(-0.04597 -0.00379 0.04936)
(-0.04350 -0.00682 0.04516)
(-0.04138 -0.01345 0.04432)
(-0.04793 -0.00833 0.04213)
(-0.04208 -0.01421 0.04333)
(-0.05787 -0.00240 0.03722)
(-0.06102 -0.00135 0.03631)
(-0.06121 0.00061 0.03730)
(-0.06512 0.00183 0.03566)
(-0.06868 0.00358 0.03427)
(-0.13359 0.03852 0.00181)
(-0.14672 0.04041 -0.00152)
(-0.16293 0.05051 -0.01091)
(-0.27187 0.15232 -0.08470)
(-0.31652 0.19419 -0.12357)
(-0.40956 0.30192 -0.20337)
(-0.48768 0.38922 -0.27249)
(-0.50970 0.41624 -0.29339)
(-0.54845 0.54339 -0.37608)
(-0.59979 0.63078 -0.43973)
(-0.59435 0.64803 -0.45100)
(-0.59705 0.66250 -0.46522)
(-0.58235 0.70933 -0.55034)
(-0.54152 0.72754 -0.58855)
(-0.53316 0.71960 -0.61692)
(-0.47123 0.66250 -0.71333)
(-0.43941 0.61530 -0.78806)
(-0.45458 0.60824 -0.80733)
(-0.46341 0.57958 -0.86773)
(-0.52408 0.59527 -0.88637)
(-0.56036 0.61888 -0.88902)
(-0.62180 0.65442 -0.88802)
(-0.65629 0.66478 -0.86625)
(-0.66016 0.66222 -0.84981)
(-0.61498 0.56805 -0.70313)
(-0.57621 0.50954 -0.54442)
(-0.17924 0.11603 -0.05352)
(-0.00296 -0.00015 0.00424)
(-0.02537 -0.00087 0.03335)
(-0.04757 0.00264 0.05904)
(-0.03840 0.00182 0.05030)
(-0.04763 0.00431 0.05963)
(-0.04676 0.00236 0.05709)
(-0.05040 0.00020 0.04724)
(-0.05753 -0.00044 0.03834)
(-0.06124 0.00310 0.03862)
(-0.06607 0.00419 0.03634)
(-0.07469 0.01064 0.03468)
(-0.12871 0.04459 0.00197)
(-0.15325 0.06293 -0.00806)
(-0.16677 0.06003 -0.01853)
(-0.26606 0.13240 -0.08129)
(-0.26259 0.13291 -0.07644)
(-0.32834 0.19044 -0.13220)
(-0.42189 0.29573 -0.21519)
(-0.40768 0.27016 -0.20299)
(-0.48651 0.38109 -0.27145)
(-0.51004 0.41135 -0.29447)
(-0.54527 0.49077 -0.34571)
(-0.60831 0.60267 -0.42979)
(-0.60905 0.64517 -0.45514)
(-0.60550 0.66164 -0.46843)
(-0.57012 0.71655 -0.57689)
(0.00469 -0.00083 -0.00673)
(-0.01303 0.00253 0.01877)
(-0.04505 0.00963 0.06230)
(-0.04582 0.00484 0.05919)
(-0.04572 0.00505 0.05889)
(-0.04369 0.00517 0.05476)
(-0.04877 0.00318 0.04856)
(-0.05257 0.00575 0.04936)
(-0.05058 0.00701 0.04976)
(-0.06098 0.01111 0.04418)
(-0.07371 0.01752 0.03981)
(-0.09324 0.03139 0.02819)
(-0.13483 0.05034 0.00422)
(-0.13692 0.05075 0.00476)
(-0.20611 0.09985 -0.04821)
(-0.25863 0.13613 -0.07983)
(-0.33476 0.20104 -0.13954)
(-0.40221 0.26794 -0.20125)
(-0.48575 0.36859 -0.27120)
(-0.56960 0.48330 -0.35314)
(-0.61357 0.56162 -0.41582)
(0.00471 -0.00127 -0.00659)
(-0.00333 0.00091 0.00465)
(-0.02311 0.00722 0.03207)
(-0.04507 0.01150 0.06213)
(-0.04448 0.01138 0.06080)
(-0.04475 0.01415 0.05936)
(-0.05190 0.01576 0.05513)
(-0.06162 0.01864 0.04983)
(-0.06992 0.02121 0.04595)
(-0.09380 0.03594 0.02851)
(-0.12933 0.05078 0.00752)
(-0.14928 0.06416 -0.00656)
(-0.19898 0.09771 -0.04323)
(-0.28297 0.15964 -0.10437)
(-0.31287 0.17682 -0.12474)
(-0.36114 0.21405 -0.16463)
(-0.44620 0.31105 -0.23987)
(-0.00115 0.00043 0.00152)
(-0.02661 0.01037 0.03544)
(-0.03671 0.01106 0.05041)
(-0.04660 0.01407 0.06372)
(-0.04559 0.01366 0.06187)
(-0.04637 0.01535 0.06262)
(-0.05031 0.02107 0.06223)
(-0.05776 0.02526 0.05681)
(-0.06435 0.02580 0.04956)
(-0.06792 0.03093 0.05464)
(-0.08887 0.04426 0.03943)
(-0.10657 0.05468 0.02661)
(-0.11638 0.05310 0.01651)
(-0.12174 0.06623 0.02180)
(-0.15081 0.07709 -0.00175)
(-0.22241 0.11830 -0.05786)
(-0.00320 0.00144 0.00429)
(-0.03908 0.01506 0.05015)
(-0.04769 0.01609 0.06472)
(-0.05565 0.02575 0.07538)
(-0.04916 0.01849 0.06867)
(-0.05200 0.02191 0.06833)
(-0.05640 0.02882 0.06434)
(-0.06746 0.03147 0.05607)
(-0.09565 0.05248 0.04216)
(-0.11376 0.06324 0.02794)
(0.00070 -0.00034 -0.00093)
(-0.01889 0.00908 0.02476)
(-0.04490 0.02396 0.06052)
(-0.51042 0.70374 -0.66172)
(-0.44551 0.62714 -0.77224)
(-0.45911 0.58099 -0.85844)
(-0.49200 0.58698 -0.86516)
(-0.60401 0.64324 -0.87782)
(-0.64951 0.66449 -0.86886)
(-0.66105 0.66773 -0.85566)
(-0.65077 0.62663 -0.74552)
(-0.60154 0.57072 -0.64778)
(-0.56795 0.48327 -0.46412)
(-0.53246 0.43669 -0.41666)
(-0.45082 0.31758 -0.19998)
(-0.44146 0.30490 -0.17958)
(-0.43071 0.29003 -0.15607)
(-0.04022 0.02550 -0.01073)
(-0.60694 0.70533 -0.53561)
(-0.54698 0.71745 -0.61845)
(-0.51626 0.69552 -0.65492)
(-0.49598 0.68189 -0.69040)
(-0.45436 0.64094 -0.75789)
(-0.44510 0.61958 -0.78192)
(-0.45797 0.60849 -0.80140)
(-0.47367 0.59045 -0.82497)
(-0.46692 0.58132 -0.86051)
(-0.50998 0.59407 -0.84773)
(-0.53065 0.59818 -0.87867)
(-0.57650 0.62646 -0.87689)
(-0.60499 0.64477 -0.87174)
(-0.61579 0.65296 -0.87655)
(-0.65278 0.68162 -0.86362)
(-0.66178 0.67348 -0.86074)
(-0.66535 0.67640 -0.84984)
(-0.67466 0.67766 -0.83265)
(-0.66645 0.67675 -0.75273)
(-0.63438 0.60683 -0.70311)
(-0.61902 0.59293 -0.62404)
(-0.59184 0.54270 -0.54126)
(-0.57258 0.50831 -0.45088)
(-0.50352 0.40614 -0.30189)
(-0.44785 0.32135 -0.18982)
(-0.43098 0.29852 -0.15531)
(-0.16355 0.10908 -0.04851)
(-0.01623 0.01061 -0.00428)
(-0.65498 0.63164 -0.46571)
(-0.63862 0.68649 -0.50838)
(-0.63431 0.69869 -0.52214)
(-0.61130 0.73558 -0.57453)
(-0.58435 0.72308 -0.59449)
(-0.54564 0.71311 -0.64435)
(-0.50205 0.68905 -0.69171)
(-0.48852 0.66662 -0.72288)
(-0.44958 0.62390 -0.77610)
(-0.47090 0.64130 -0.75777)
(-0.45430 0.60882 -0.79279)
(-0.47739 0.58857 -0.81070)
(-0.49521 0.58975 -0.83552)
(-0.51101 0.59422 -0.84098)
(-0.54359 0.60240 -0.85852)
(-0.57342 0.62500 -0.85488)
(-0.59487 0.64059 -0.85461)
(-0.62596 0.66476 -0.87004)
(-0.65510 0.69413 -0.85068)
(-0.66805 0.69308 -0.84339)
(-0.67841 0.70693 -0.81335)
(-0.68202 0.70155 -0.79371)
(-0.68340 0.70481 -0.74298)
(-0.65967 0.67693 -0.69688)
(-0.62119 0.60766 -0.58398)
(-0.59303 0.55127 -0.51433)
(-0.59253 0.58785 -0.51481)
(-0.55720 0.51275 -0.41755)
(-0.53106 0.46671 -0.36427)
(-0.52342 0.48064 -0.35474)
(-0.45907 0.34555 -0.20977)
(-0.42367 0.30382 -0.15281)
(-0.20780 0.14427 -0.05746)
(-0.04672 0.03152 -0.00798)
(0.01790 -0.01196 0.00269)
(-0.52467 0.39402 -0.31465)
(-0.58388 0.48444 -0.36954)
(-0.61411 0.54824 -0.41527)
(-0.64932 0.61677 -0.46502)
(-0.65191 0.67776 -0.50540)
(-0.64981 0.70108 -0.54590)
(-0.61434 0.73041 -0.57449)
(-0.59462 0.71735 -0.60142)
(-0.55379 0.71394 -0.65772)
(-0.53720 0.70555 -0.67351)
(-0.50589 0.67600 -0.71025)
(-0.49265 0.65186 -0.75075)
(-0.47909 0.61884 -0.78366)
(-0.48377 0.61053 -0.79235)
(-0.48146 0.58873 -0.81277)
(-0.51957 0.59298 -0.82563)
(-0.54566 0.60621 -0.82413)
(-0.55819 0.61240 -0.84456)
(-0.57533 0.62836 -0.84227)
(-0.62024 0.66369 -0.84651)
(-0.63735 0.67642 -0.84937)
(-0.65138 0.69841 -0.82989)
(-0.66991 0.71346 -0.83427)
(-0.67119 0.71837 -0.80253)
(-0.67372 0.70782 -0.78809)
(-0.66134 0.72124 -0.76154)
(-0.66285 0.69800 -0.73309)
(-0.63578 0.66828 -0.63360)
(-0.62657 0.64123 -0.60113)
(-0.59704 0.62285 -0.53268)
(-0.56888 0.56368 -0.45476)
(-0.50094 0.45150 -0.30567)
(-0.52078 0.50810 -0.34781)
(-0.46513 0.41291 -0.22600)
(-0.40208 0.34461 -0.17478)
(-0.04526 0.03509 -0.00773)
(0.03718 -0.02762 0.00387)
(-0.30511 0.27564 -0.12087)
(-0.28065 0.16052 -0.10352)
(-0.30454 0.17649 -0.12162)
(-0.32514 0.19341 -0.13881)
(-0.43202 0.29666 -0.23162)
(-0.52076 0.38762 -0.31090)
(-0.55431 0.43505 -0.33490)
(-0.55106 0.43052 -0.34119)
(-0.59845 0.50586 -0.39255)
(-0.63627 0.58469 -0.44689)
(-0.64733 0.64850 -0.49991)
(-0.65056 0.70205 -0.54812)
(-0.64117 0.71184 -0.56096)
(-0.59608 0.71554 -0.61284)
(-0.54243 0.70714 -0.67001)
(-0.53112 0.69876 -0.68244)
(-0.51104 0.65980 -0.74103)
(-0.48587 0.63913 -0.76545)
(-0.50547 0.61450 -0.79435)
(-0.49493 0.60053 -0.80422)
(-0.51238 0.60871 -0.79662)
(-0.53411 0.60091 -0.82038)
(-0.54379 0.60530 -0.82209)
(-0.55318 0.61062 -0.82427)
(-0.60669 0.65357 -0.83470)
(-0.62921 0.67383 -0.84595)
(-0.62411 0.66886 -0.84343)
(-0.63971 0.69340 -0.83254)
(-0.66592 0.71907 -0.81680)
(-0.65169 0.70985 -0.80695)
(-0.65712 0.72419 -0.77646)
(-0.64759 0.72382 -0.73968)
(-0.65566 0.72431 -0.73368)
(-0.61694 0.66241 -0.61116)
(-0.60676 0.63901 -0.56091)
(-0.59406 0.62641 -0.53163)
(-0.58352 0.61176 -0.50262)
(-0.47931 0.49359 -0.31329)
(-0.45955 0.46357 -0.26885)
(-0.41764 0.41527 -0.20173)
(-0.23488 0.21523 -0.07364)
(-0.02853 0.02498 -0.00679)
(-0.12642 0.11955 -0.02435)
(-0.02396 0.02230 -0.00382)
(-0.12136 0.06771 0.02288)
(-0.12911 0.07111 0.01643)
(-0.18009 0.10283 -0.02317)
(-0.27811 0.16096 -0.10227)
(-0.29941 0.17543 -0.11867)
(-0.29349 0.17360 -0.11483)
(-0.31975 0.19183 -0.13552)
(-0.44117 0.31257 -0.24182)
(-0.38494 0.25279 -0.18588)
(-0.48134 0.35984 -0.27025)
(-0.53978 0.41586 -0.31887)
(-0.62025 0.54386 -0.40669)
(-0.63182 0.56676 -0.41981)
(-0.64287 0.62559 -0.47483)
(-0.65354 0.70073 -0.54495)
(-0.64445 0.70855 -0.55733)
(-0.63808 0.71289 -0.56653)
(-0.61197 0.71553 -0.60004)
(-0.54700 0.70921 -0.66686)
(-0.53657 0.70177 -0.67795)
(-0.52217 0.67577 -0.72787)
(-0.49921 0.64158 -0.76369)
(-0.51290 0.61641 -0.79083)
(-0.51625 0.61215 -0.79532)
(-0.52531 0.60711 -0.80968)
(-0.54275 0.60438 -0.82074)
(-0.55170 0.60981 -0.82270)
(-0.55038 0.60873 -0.82143)
(-0.59410 0.64367 -0.82429)
(-0.59553 0.65493 -0.80717)
(-0.61981 0.68468 -0.80790)
(-0.62927 0.70110 -0.79824)
(-0.64693 0.72531 -0.74835)
(-0.64334 0.72287 -0.73672)
(-0.64438 0.72191 -0.72888)
(-0.61188 0.67790 -0.62854)
(-0.60332 0.64127 -0.55872)
(-0.59150 0.62941 -0.53090)
(-0.58109 0.61477 -0.50163)
(-0.53757 0.58073 -0.43810)
(-0.45491 0.47731 -0.28597)
(-0.36846 0.37603 -0.14868)
(-0.10711 0.10858 -0.02516)
(0.02243 -0.02194 0.00390)
(-0.00780 0.00779 -0.00155)
(-0.06058 0.03172 0.08055)
(-0.06163 0.03641 0.08038)
(-0.05709 0.03006 0.07376)
(-0.06077 0.03540 0.07230)
(-0.06412 0.03807 0.07638)
(-0.07100 0.04220 0.07021)
(-0.09303 0.05268 0.04709)
(-0.11312 0.06411 0.02935)
(-0.11269 0.06507 0.03109)
(-0.12097 0.06900 0.02429)
(-0.12975 0.07328 0.01669)
(-0.17890 0.10812 -0.02226)
(-0.25142 0.15155 -0.08089)
(-0.26122 0.16342 -0.07961)
(-0.37133 0.25355 -0.16889)
(-0.47453 0.35027 -0.26340)
(-0.51438 0.40365 -0.30266)
(-0.61305 0.53528 -0.39810)
(-0.62636 0.55896 -0.41255)
(-0.64053 0.60208 -0.44992)
(-0.64879 0.64779 -0.48995)
(-0.64802 0.70684 -0.55346)
(-0.64085 0.71157 -0.56373)
(-0.61894 0.70684 -0.61230)
(-0.57314 0.71009 -0.65311)
(-0.55165 0.69351 -0.69417)
(-0.53914 0.67538 -0.72609)
(-0.51321 0.65143 -0.75038)
(-0.51521 0.62004 -0.78888)
(-0.52021 0.61569 -0.79408)
(-0.52863 0.61156 -0.80375)
(-0.54568 0.60706 -0.81546)
(-0.55280 0.60712 -0.81463)
(-0.56509 0.62101 -0.81349)
(-0.58835 0.64105 -0.80864)
(-0.59374 0.65798 -0.79471)
(-0.60637 0.67633 -0.79267)
(-0.61384 0.69383 -0.77887)
(-0.62229 0.69988 -0.77505)
(-0.64399 0.71902 -0.76583)
(-0.64055 0.72281 -0.73936)
(-0.63678 0.72066 -0.72684)
(-0.63961 0.72087 -0.72435)
(-0.61788 0.70236 -0.66472)
(-0.60038 0.65749 -0.56889)
(-0.55743 0.63902 -0.54456)
(-0.54219 0.60705 -0.48132)
(-0.46887 0.54604 -0.36418)
(-0.45904 0.50676 -0.30677)
(-0.42591 0.45586 -0.23780)
(-0.39355 0.41649 -0.20061)
(-0.27037 0.28566 -0.09079)
(-0.05845 0.05991 -0.01357)
(-0.00395 0.00206 0.00509)
(-0.00998 0.00546 0.01311)
(-0.06008 0.03268 0.07685)
(-0.06014 0.03181 0.07811)
(-0.06009 0.02884 0.07899)
(-0.06328 0.03389 0.07666)
(-0.06582 0.03695 0.07804)
(-0.07084 0.03721 0.07109)
(-0.08565 0.04705 0.06063)
(-0.08692 0.04778 0.05822)
(-0.11519 0.06767 0.03276)
(-0.12961 0.07428 0.02571)
(-0.14856 0.08835 0.00805)
(-0.20890 0.13166 -0.03991)
(-0.23300 0.15108 -0.05950)
(-0.32061 0.21255 -0.12496)
(-0.34309 0.23076 -0.14171)
(-0.43994 0.31625 -0.22907)
(-0.47988 0.37476 -0.26530)
(-0.56681 0.47157 -0.35003)
(-0.54882 0.45835 -0.34937)
(-0.64143 0.58627 -0.45044)
(-0.62782 0.60668 -0.47914)
(-0.64072 0.67585 -0.53344)
(-0.63255 0.67776 -0.55832)
(-0.62485 0.67827 -0.57941)
(-0.59193 0.71313 -0.64792)
(-0.58313 0.69494 -0.67237)
(-0.57493 0.67610 -0.71613)
(-0.54339 0.65947 -0.74672)
(-0.55517 0.64381 -0.76048)
(-0.55420 0.62979 -0.77896)
(-0.53530 0.60876 -0.80062)
(-0.54641 0.60899 -0.80071)
(-0.56193 0.60945 -0.80783)
(-0.56396 0.61832 -0.80294)
(-0.58702 0.63877 -0.80335)
(-0.57511 0.63571 -0.78376)
(-0.59791 0.66873 -0.78313)
(-0.58266 0.66987 -0.74232)
(-0.59176 0.67976 -0.72863)
(-0.59909 0.69487 -0.69951)
(-0.57258 0.66858 -0.61351)
(-0.54236 0.65020 -0.60843)
(-0.57476 0.68038 -0.59735)
(-0.48926 0.59605 -0.47296)
(-0.48016 0.56510 -0.41729)
(-0.44193 0.52884 -0.34771)
(-0.41691 0.47786 -0.26397)
(-0.36700 0.43053 -0.20664)
(-0.22516 0.26744 -0.08877)
(-0.11108 0.13176 -0.03990)
(-0.04140 0.04898 -0.01390)
(-0.00278 0.00111 0.00393)
(-0.04998 0.02599 0.06477)
(-0.06118 0.02889 0.08107)
(-0.06071 0.02451 0.08086)
(-0.06098 0.02493 0.08048)
(-0.06152 0.02564 0.07963)
(-0.06727 0.03674 0.07812)
(-0.06389 0.02738 0.07878)
(-0.08496 0.04724 0.06529)
(-0.09434 0.05132 0.05706)
(-0.10372 0.05512 0.04859)
(-0.11614 0.06470 0.04448)
(-0.16188 0.09964 0.00657)
(-0.21328 0.13763 -0.04191)
(-0.22166 0.14204 -0.04442)
(-0.29011 0.19652 -0.09863)
(-0.31652 0.21966 -0.11131)
(-0.38209 0.27030 -0.17144)
(-0.49364 0.39703 -0.28365)
(-0.51413 0.42305 -0.33200)
(-0.57698 0.51161 -0.40002)
(-0.58493 0.54589 -0.43127)
(-0.63554 0.63916 -0.50331)
(-0.59355 0.57237 -0.45523)
(-0.64120 0.66525 -0.53767)
(-0.62718 0.65712 -0.56605)
(-0.59846 0.70982 -0.64564)
(-0.59809 0.68841 -0.65640)
(-0.60361 0.65781 -0.69885)
(-0.57835 0.65903 -0.73115)
(-0.60367 0.65094 -0.70792)
(-0.56564 0.64621 -0.75823)
(-0.57830 0.63314 -0.77378)
(-0.57858 0.62538 -0.78632)
(-0.56202 0.61695 -0.79493)
(-0.56617 0.61471 -0.79608)
(-0.56304 0.60892 -0.80433)
(-0.55752 0.60034 -0.77979)
(-0.56434 0.61443 -0.79985)
(-0.56379 0.61287 -0.77974)
(-0.56901 0.62590 -0.77155)
(-0.57153 0.63971 -0.76476)
(-0.56022 0.62815 -0.75872)
(-0.54470 0.62501 -0.72117)
(-0.54171 0.63200 -0.70322)
(-0.55182 0.65393 -0.66901)
(-0.51355 0.62680 -0.57912)
(-0.53161 0.63971 -0.55580)
(-0.48869 0.60795 -0.53269)
(-0.47874 0.59110 -0.47910)
(-0.33471 0.45350 -0.27910)
(-0.39966 0.50889 -0.32943)
(-0.31406 0.42715 -0.23417)
(-0.35070 0.43106 -0.21202)
(-0.32324 0.39534 -0.17858)
(-0.30235 0.41535 -0.21985)
(-0.24862 0.30539 -0.13001)
(-0.04476 0.05705 -0.01226)
(-0.00076 0.00026 0.00111)
(-0.04000 0.01704 0.05278)
(-0.04539 0.01658 0.06150)
(-0.06094 0.02363 0.08053)
(-0.06240 0.02550 0.07955)
(-0.06185 0.02362 0.08015)
(-0.06337 0.02539 0.07953)
(-0.08384 0.04298 0.06542)
(-0.10216 0.05836 0.06119)
(-0.10706 0.05708 0.05441)
(-0.15232 0.09595 0.02608)
(-0.16406 0.10135 0.02005)
(-0.19916 0.12398 -0.01703)
(-0.25970 0.17394 -0.06677)
(-0.29076 0.19828 -0.08959)
(-0.31847 0.22095 -0.11390)
(-0.32462 0.22717 -0.11867)
(-0.45712 0.36791 -0.24466)
(-0.49412 0.40147 -0.31301)
(-0.51876 0.43438 -0.34232)
(-0.53297 0.46253 -0.36788)
(-0.55316 0.51845 -0.42473)
(-0.60657 0.58804 -0.49551)
(-0.60396 0.60353 -0.53499)
(-0.61548 0.65207 -0.58903)
(-0.60149 0.64270 -0.61395)
(-0.61150 0.65208 -0.69336)
(-0.61199 0.64702 -0.69920)
(-0.60456 0.64701 -0.71606)
(-0.59821 0.63077 -0.74636)
(-0.58865 0.62605 -0.77178)
(-0.57087 0.61698 -0.78703)
(-0.57503 0.60422 -0.78246)
(-0.56780 0.60291 -0.77430)
(-0.55212 0.59325 -0.75435)
(-0.54808 0.59230 -0.74756)
(-0.55276 0.61161 -0.74087)
(-0.53456 0.61434 -0.71354)
(-0.52877 0.61311 -0.70147)
(-0.51899 0.63086 -0.63433)
(-0.51412 0.61802 -0.64361)
(-0.51692 0.62498 -0.61343)
(-0.38947 0.52150 -0.43134)
(-0.44775 0.56448 -0.45992)
(-0.37458 0.50752 -0.40595)
(-0.34280 0.46476 -0.30773)
(-0.29357 0.41508 -0.23345)
(-0.29042 0.40802 -0.21850)
(-0.28015 0.36201 -0.15787)
(-0.20796 0.26457 -0.10999)
(-0.25323 0.36350 -0.18275)
(-0.05699 0.07672 -0.02079)
(-0.01125 0.01522 -0.00395)
(0.00097 -0.00026 -0.00158)
(-0.02263 0.00807 0.03136)
(-0.03063 0.00913 0.04534)
(-0.06033 0.02160 0.08074)
(-0.06170 0.02213 0.08030)
(-0.07371 0.03540 0.08310)
(-0.08934 0.04593 0.07038)
(-0.09420 0.04761 0.06615)
(-0.14149 0.08646 0.04340)
(-0.14271 0.08635 0.04333)
(-0.15220 0.09357 0.03575)
(-0.21160 0.13139 -0.02280)
(-0.27277 0.18340 -0.07286)
(-0.29656 0.20324 -0.09382)
(-0.29959 0.20601 -0.09719)
(-0.39975 0.31129 -0.20261)
(-0.49302 0.40437 -0.31852)
(-0.46550 0.39163 -0.31248)
(-0.47791 0.42402 -0.34971)
(-0.55747 0.52207 -0.44690)
(-0.54524 0.52465 -0.46548)
(-0.59614 0.60261 -0.55317)
(-0.59835 0.60520 -0.56532)
(-0.60406 0.60604 -0.61962)
(-0.61676 0.63894 -0.68753)
(-0.61276 0.64348 -0.70590)
(-0.60528 0.61586 -0.71344)
(-0.60568 0.61313 -0.72469)
(-0.57972 0.60187 -0.74789)
(-0.60311 0.59460 -0.73220)
(-0.58589 0.58885 -0.74070)
(-0.57549 0.58504 -0.74979)
(-0.54845 0.58158 -0.74349)
(-0.54983 0.58750 -0.74895)
(-0.54403 0.58487 -0.74104)
(-0.53594 0.58098 -0.73105)
(-0.50349 0.57116 -0.67745)
(-0.52433 0.60321 -0.70509)
(-0.51708 0.59980 -0.69206)
(-0.46560 0.56568 -0.60774)
(-0.45881 0.57203 -0.56690)
(-0.44019 0.55369 -0.54915)
(-0.37363 0.50666 -0.41929)
(-0.35746 0.49161 -0.39208)
(-0.35439 0.48515 -0.35463)
(-0.33950 0.47439 -0.36459)
(-0.28127 0.40561 -0.22745)
(-0.27747 0.39881 -0.21414)
(-0.26464 0.38877 -0.20834)
(-0.21644 0.32104 -0.15955)
(-0.12818 0.18785 -0.08333)
(-0.01886 0.02962 -0.00879)
(0.01026 -0.01640 0.00447)
(0.00418 -0.00079 -0.00707)
(-0.00132 0.00024 0.00250)
(-0.01975 0.00478 0.03355)
(-0.05609 0.01727 0.08397)
(-0.05510 0.01446 0.08615)
(-0.07007 0.02866 0.08178)
(-0.07077 0.02888 0.08771)
(-0.07858 0.03382 0.08445)
(-0.09445 0.04412 0.06947)
(-0.13354 0.07918 0.04998)
(-0.13458 0.07928 0.04993)
(-0.14262 0.08536 0.04419)
(-0.14505 0.08458 0.04302)
(-0.16196 0.09272 0.01941)
(-0.16635 0.09321 0.01555)
(-0.27398 0.18429 -0.07439)
(-0.27477 0.18476 -0.07671)
(-0.30469 0.21013 -0.10107)
(-0.31065 0.22311 -0.13400)
(-0.40959 0.32425 -0.25063)
(-0.28546 0.21464 -0.12775)
(-0.41807 0.35217 -0.26947)
(-0.44088 0.39484 -0.30798)
(-0.49022 0.44564 -0.37350)
(-0.47422 0.43789 -0.37954)
(-0.58546 0.58033 -0.53508)
(-0.59083 0.58686 -0.54910)
(-0.59298 0.57980 -0.57598)
(-0.58352 0.57770 -0.59533)
(-0.61753 0.63685 -0.69337)
(-0.59674 0.57889 -0.61619)
(-0.61702 0.61190 -0.69188)
(-0.61615 0.59315 -0.69570)
(-0.59922 0.57614 -0.70129)
(-0.58856 0.58501 -0.73083)
(-0.58311 0.58048 -0.73050)
(-0.55212 0.55513 -0.71300)
(-0.51204 0.53804 -0.69618)
(-0.54141 0.57752 -0.73509)
(-0.53126 0.57245 -0.72384)
(-0.46276 0.52357 -0.64017)
(-0.46480 0.53734 -0.63733)
(-0.41978 0.51493 -0.57185)
(-0.39563 0.50623 -0.51768)
(-0.36303 0.49054 -0.43249)
(-0.31636 0.44160 -0.40205)
(-0.34504 0.47948 -0.38392)
(-0.32777 0.46286 -0.35613)
(-0.21611 0.34195 -0.22116)
(-0.24556 0.37758 -0.22718)
(-0.19728 0.32151 -0.16936)
(-0.24236 0.36608 -0.18401)
(-0.06865 0.11205 -0.04164)
(-0.04912 0.09148 -0.02692)
(-0.00117 0.00208 -0.00059)
(0.00584 -0.00104 -0.01107)
(-0.02948 0.00619 0.05393)
(-0.04750 0.01004 0.08026)
(0.00513 -0.00058 -0.00954)
(-0.00702 0.00084 0.01346)
(-0.05047 0.01204 0.08930)
(-0.05295 0.01431 0.09047)
(-0.05692 0.01723 0.09107)
(-0.05113 0.01308 0.09305)
(-0.07255 0.03054 0.08826)
(-0.08061 0.03386 0.08604)
(-0.09869 0.04844 0.07219)
(-0.07543 0.03034 0.08953)
(-0.09188 0.04312 0.07646)
(-0.13444 0.07841 0.05040)
(-0.11307 0.05517 0.05861)
(-0.14081 0.07219 0.03303)
(-0.19540 0.12128 -0.01029)
(-0.12181 0.05916 0.04109)
(-0.18125 0.11394 -0.00981)
(-0.19311 0.12913 -0.02979)
(-0.23901 0.16798 -0.08163)
(-0.24139 0.16600 -0.08816)
(-0.31249 0.25085 -0.16573)
(-0.32522 0.28536 -0.19395)
(-0.43162 0.39289 -0.30655)
(-0.43564 0.40872 -0.33470)
(-0.56456 0.54607 -0.49694)
(-0.55091 0.54585 -0.49233)
(-0.55919 0.54691 -0.52620)
(-0.56865 0.52972 -0.53809)
(-0.57843 0.54060 -0.55123)
(-0.58313 0.55942 -0.61948)
(-0.59750 0.57067 -0.65994)
(-0.56030 0.52847 -0.63048)
(-0.54758 0.51924 -0.64414)
(-0.57944 0.56079 -0.70740)
(-0.57746 0.56647 -0.73005)
(-0.52597 0.51803 -0.68485)
(-0.50741 0.50685 -0.68501)
(-0.45780 0.47346 -0.62768)
(-0.49756 0.52817 -0.67467)
(-0.46016 0.51286 -0.63976)
(-0.41440 0.48472 -0.58753)
(-0.38761 0.46643 -0.54930)
(-0.39358 0.48887 -0.54875)
(-0.35746 0.46771 -0.48409)
(-0.34905 0.45447 -0.49116)
(-0.30635 0.42705 -0.40388)
(-0.32254 0.45561 -0.38487)
(-0.27752 0.40080 -0.35940)
(-0.23144 0.35574 -0.29201)
(-0.31971 0.45467 -0.35269)
(-0.24570 0.37259 -0.25870)
(-0.18193 0.29861 -0.17394)
(-0.12872 0.24835 -0.10320)
(-0.13907 0.25437 -0.10247)
(-0.04951 0.09377 -0.02898)
(0.00368 -0.00728 0.00183)
(-0.00507 0.00982 -0.00279)
(-0.00301 0.00039 0.00685)
(-0.02663 0.00397 0.05241)
(-0.02472 0.00316 0.06403)
(-0.03846 0.00548 0.09404)
(-0.03915 0.00573 0.09571)
(-0.06882 0.02717 0.09075)
(-0.05574 0.01287 0.09550)
(-0.07031 0.02361 0.09309)
(-0.06074 0.01257 0.09512)
(-0.09613 0.04369 0.06190)
(-0.09583 0.04335 0.06024)
(-0.12119 0.06070 0.03694)
(-0.08732 0.04545 0.03183)
(-0.17461 0.11574 -0.03072)
(-0.14779 0.10274 -0.02894)
(-0.24973 0.19610 -0.11438)
(-0.23918 0.21149 -0.12216)
(-0.26739 0.23956 -0.15401)
(-0.27483 0.25218 -0.16251)
(-0.44465 0.42047 -0.34664)
(-0.33715 0.31518 -0.23421)
(-0.46770 0.44779 -0.38547)
(-0.50491 0.48784 -0.44541)
(-0.51103 0.48765 -0.46064)
(-0.50924 0.49054 -0.47268)
(-0.50229 0.47149 -0.48982)
(-0.56382 0.52875 -0.56982)
(-0.51929 0.48818 -0.54904)
(-0.52364 0.49403 -0.57053)
(-0.52088 0.47924 -0.57631)
(-0.48725 0.45114 -0.59779)
(-0.50869 0.47744 -0.62670)
(-0.50009 0.47769 -0.63032)
(-0.47598 0.46051 -0.61163)
(-0.46168 0.45832 -0.62164)
(-0.41092 0.43395 -0.57697)
(-0.43611 0.47264 -0.60355)
(-0.39447 0.44955 -0.55853)
(-0.37833 0.45211 -0.54758)
(-0.30449 0.40479 -0.45106)
(-0.24435 0.34863 -0.37735)
(-0.29039 0.40023 -0.41836)
(-0.27188 0.39308 -0.35714)
(-0.21833 0.34585 -0.28445)
(-0.16177 0.28146 -0.21370)
(-0.14840 0.26402 -0.14082)
(-0.15157 0.25619 -0.16547)
(-0.12303 0.23730 -0.10296)
(-0.11815 0.22940 -0.09738)
(-0.08056 0.16042 -0.06336)
(-0.02981 0.06123 -0.01932)
(0.00111 -0.00277 0.00047)
(0.01133 -0.02220 0.00607)
(-0.00277 0.00031 0.00754)
(-0.01261 0.00152 0.03358)
(-0.01589 0.00185 0.04532)
(-0.03565 0.00463 0.09527)
(-0.03649 0.00470 0.09726)
(-0.04327 0.00811 0.09711)
(-0.03510 0.00432 0.09692)
(-0.04027 0.00503 0.09931)
(-0.05280 0.00973 0.09753)
(-0.05729 0.01073 0.09743)
(-0.04668 0.00673 0.09592)
(-0.05638 0.00978 0.09725)
(-0.05597 0.01177 0.08670)
(-0.05567 0.01393 0.07255)
(-0.06773 0.02284 0.05952)
(-0.07276 0.04090 0.03457)
(-0.08520 0.05246 0.02358)
(-0.08508 0.05566 0.02043)
(-0.17007 0.13141 -0.05816)
(-0.22180 0.20004 -0.10524)
(-0.24453 0.22266 -0.12963)
(-0.24970 0.23283 -0.13445)
(-0.26502 0.25158 -0.14906)
(-0.39957 0.39064 -0.32055)
(-0.42487 0.41620 -0.34846)
(-0.42440 0.41813 -0.36345)
(-0.42292 0.42337 -0.36786)
(-0.43463 0.42484 -0.40256)
(-0.45911 0.43220 -0.46283)
(-0.45449 0.42620 -0.46488)
(-0.45028 0.41978 -0.46483)
(-0.46632 0.43239 -0.53896)
(-0.47114 0.43803 -0.58715)
(-0.45779 0.42948 -0.58120)
(-0.39700 0.39246 -0.54099)
(-0.38701 0.39166 -0.52852)
(-0.30227 0.33731 -0.44842)
(-0.35283 0.39377 -0.51638)
(-0.29086 0.33433 -0.43867)
(-0.29456 0.34989 -0.44011)
(-0.29632 0.38381 -0.44504)
(-0.24148 0.34346 -0.37909)
(-0.22784 0.33274 -0.35870)
(-0.23015 0.33792 -0.35571)
(-0.21471 0.32212 -0.33873)
(-0.20045 0.31335 -0.29526)
(-0.16629 0.27499 -0.21873)
(-0.12707 0.22083 -0.17140)
(-0.13904 0.23375 -0.16571)
(-0.12621 0.22549 -0.14292)
(-0.08697 0.17354 -0.08899)
(-0.06113 0.12734 -0.05944)
(-0.03960 0.08643 -0.02977)
(-0.00402 0.01042 -0.00184)
(0.00146 -0.00460 -0.00069)
(-0.00407 0.00044 0.01207)
(-0.00336 0.00034 0.01078)
(-0.02231 0.00248 0.06627)
(-0.03262 0.00327 0.09814)
(-0.03835 0.00455 0.09950)
(-0.02047 -0.00075 0.09459)
(-0.02233 -0.00018 0.09395)
(-0.02041 -0.00404 0.09184)
(-0.02215 -0.00145 0.08249)
(-0.00941 -0.00827 0.07886)
(-0.05022 0.01241 0.06568)
(-0.05872 0.03017 0.04510)
(-0.07207 0.04357 0.03076)
(-0.07184 0.04659 0.02809)
(-0.08408 0.05839 0.01896)
(-0.12361 0.11175 -0.02179)
(-0.22299 0.20613 -0.10695)
(-0.22510 0.21284 -0.10770)
(-0.22636 0.23222 -0.11662)
(-0.30988 0.31777 -0.22046)
(-0.34638 0.35682 -0.25998)
(-0.33506 0.35618 -0.26704)
(-0.33835 0.35857 -0.27647)
(-0.33779 0.35781 -0.28044)
(-0.43571 0.41510 -0.43529)
(-0.37085 0.36933 -0.35115)
(-0.43027 0.40819 -0.43610)
(-0.42567 0.40125 -0.43673)
(-0.40148 0.37638 -0.45116)
(-0.35082 0.32978 -0.41693)
(-0.36728 0.33692 -0.46207)
(-0.45603 0.42646 -0.57795)
(-0.38110 0.36249 -0.50753)
(-0.30441 0.28871 -0.41595)
(-0.36876 0.36864 -0.51103)
(-0.29161 0.32310 -0.43538)
(-0.28106 0.32014 -0.42610)
(-0.27158 0.31809 -0.41822)
(-0.24462 0.30054 -0.38751)
(-0.23663 0.33729 -0.37819)
(-0.22482 0.32747 -0.36047)
(-0.20542 0.30075 -0.34138)
(-0.21287 0.31759 -0.34226)
(-0.15106 0.25274 -0.21843)
(-0.16429 0.26489 -0.27315)
(-0.12970 0.22157 -0.19084)
(-0.10862 0.18916 -0.14516)
(-0.11235 0.20159 -0.16812)
(-0.06822 0.12858 -0.07339)
(-0.06442 0.12169 -0.06207)
(-0.01751 0.04333 -0.01541)
(-0.02021 0.03806 -0.01867)
(-0.00271 0.00683 -0.00231)
(-0.01710 0.00158 0.05450)
(-0.00419 0.00036 0.01418)
(-0.00394 0.00083 0.05157)
(-0.01764 -0.00217 0.09963)
(-0.01112 -0.00053 0.09803)
(-0.01496 -0.00401 0.09465)
(-0.00774 -0.00953 0.08974)
(-0.00642 -0.00882 0.08107)
(-0.00261 -0.01094 0.07917)
(-0.01445 -0.00592 0.07766)
(-0.01217 -0.00123 0.06967)
(-0.05924 0.03584 0.03494)
(-0.07068 0.05460 0.02235)
(-0.13802 0.14010 -0.03531)
(-0.12042 0.13698 -0.02252)
(-0.15721 0.17971 -0.05304)
(-0.26084 0.28153 -0.16100)
(-0.27447 0.30044 -0.17762)
(-0.29574 0.32843 -0.21730)
(-0.31238 0.33947 -0.24653)
(-0.31273 0.33910 -0.25358)
(-0.30340 0.32073 -0.27126)
(-0.40383 0.38936 -0.40502)
(-0.29315 0.30241 -0.28426)
(-0.31371 0.31412 -0.31259)
(-0.40078 0.38348 -0.40747)
(-0.33591 0.32322 -0.35891)
(-0.31179 0.29732 -0.35387)
(-0.28403 0.26723 -0.34230)
(-0.27677 0.25905 -0.35616)
(-0.26169 0.25257 -0.35396)
(-0.29857 0.29441 -0.42685)
(-0.24112 0.25104 -0.35726)
(-0.26691 0.28969 -0.39844)
(-0.27099 0.30604 -0.41310)
(-0.25788 0.29789 -0.39963)
(-0.24562 0.29063 -0.38727)
(-0.25301 0.30251 -0.39795)
(-0.20209 0.26805 -0.34174)
(-0.16560 0.25377 -0.29240)
(-0.20924 0.31184 -0.34333)
(-0.14636 0.24249 -0.26558)
(-0.14496 0.23771 -0.24824)
(-0.12697 0.21486 -0.20058)
(-0.09053 0.17180 -0.16315)
(-0.08016 0.15180 -0.11592)
(-0.05294 0.09977 -0.05549)
(-0.04388 0.08776 -0.05826)
(-0.03979 0.07491 -0.04109)
(-0.01014 0.01898 -0.01004)
(-0.00347 0.00650 -0.00313)
(0.00004 0.00002 0.00068)
(0.00081 0.00061 0.01834)
(0.00029 0.00006 0.00373)
(-0.00600 -0.00091 0.07056)
(-0.00368 -0.00459 0.09252)
(0.01582 0.00019 0.05287)
(0.00417 -0.00634 0.09427)
(0.02102 -0.00222 0.08737)
(0.00096 -0.01157 0.07980)
(0.01727 -0.01139 0.07656)
(-0.00006 -0.01282 0.07966)
(0.01249 -0.00625 0.07156)
(0.00349 0.00081 0.06359)
(0.00558 0.00223 0.06026)
(-0.02490 0.03563 0.04387)
(-0.02419 0.04209 0.04535)
(-0.06751 0.08266 0.03142)
(-0.06803 0.08330 0.03431)
(-0.08134 0.11690 0.01663)
(-0.17829 0.21913 -0.08048)
(-0.12220 0.16547 -0.02841)
(-0.20098 0.24706 -0.10070)
(-0.21001 0.25796 -0.11953)
(-0.23138 0.27494 -0.15960)
(-0.26436 0.29743 -0.20916)
(-0.22536 0.26516 -0.18432)
(-0.20009 0.23690 -0.17558)
(-0.18307 0.21853 -0.18520)
(-0.18853 0.20857 -0.21745)
(-0.22828 0.23764 -0.26191)
(-0.24032 0.23836 -0.28369)
(-0.18898 0.20389 -0.22423)
(-0.21983 0.21757 -0.26441)
(-0.22753 0.22236 -0.29330)
(-0.19223 0.20218 -0.28799)
(-0.22085 0.22445 -0.32065)
(-0.16623 0.19832 -0.28910)
(-0.16003 0.19540 -0.28436)
(-0.18916 0.23263 -0.32112)
(-0.13891 0.20177 -0.27167)
(-0.15915 0.22572 -0.28705)
(-0.13212 0.21566 -0.26377)
(-0.09877 0.18739 -0.23019)
(-0.11583 0.20702 -0.23745)
(-0.10347 0.19140 -0.21023)
(-0.07962 0.16443 -0.17093)
(-0.08422 0.16101 -0.15332)
(-0.06914 0.13953 -0.12978)
(-0.03482 0.08061 -0.07326)
(-0.03784 0.08136 -0.07192)
(-0.00880 0.01968 -0.01763)
(-0.00784 0.01579 -0.00974)
(-0.00777 -0.00170 -0.01690)
(0.00062 0.00011 0.00179)
(0.02583 -0.00134 0.06948)
(-0.00063 -0.00003 -0.00104)
(0.01357 0.00028 0.02345)
(0.04721 -0.00137 0.07719)
(0.04707 -0.00390 0.08485)
(0.04525 -0.01018 0.07434)
(0.05467 -0.00307 0.08246)
(0.05191 -0.00502 0.08218)
(0.02831 -0.01138 0.06846)
(0.03096 -0.00299 0.06590)
(0.01448 0.01099 0.06356)
(0.01562 0.01999 0.06681)
(-0.03439 0.06822 0.03861)
(-0.02161 0.06740 0.04370)
(-0.03495 0.08907 0.04014)
(-0.04004 0.10428 0.03751)
(-0.11379 0.16540 -0.01999)
(-0.04424 0.11164 0.03273)
(-0.15601 0.20861 -0.07705)
(-0.16063 0.21778 -0.09115)
(-0.13718 0.19782 -0.07882)
(-0.15265 0.20534 -0.11012)
(-0.13844 0.18877 -0.11793)
(-0.14203 0.19124 -0.13667)
(-0.11748 0.15981 -0.13056)
(-0.08366 0.12444 -0.11757)
(-0.03639 0.07609 -0.08839)
(-0.18245 0.19066 -0.24102)
(-0.16769 0.17574 -0.22926)
(-0.05928 0.09324 -0.12292)
(-0.07608 0.10335 -0.14644)
(-0.12071 0.13991 -0.20410)
(-0.09654 0.12521 -0.19043)
(-0.04336 0.08291 -0.14037)
(-0.04204 0.08367 -0.14419)
(-0.08057 0.11339 -0.18133)
(-0.14667 0.18211 -0.26754)
(-0.08995 0.12815 -0.19647)
(-0.09072 0.14357 -0.21780)
(-0.11768 0.17327 -0.24759)
(-0.06726 0.13528 -0.19740)
(-0.08615 0.15555 -0.20514)
(-0.08205 0.16683 -0.20570)
(-0.09638 0.18294 -0.22332)
(-0.06739 0.14299 -0.17014)
(-0.07740 0.15626 -0.18331)
(-0.03392 0.09956 -0.10346)
(-0.01271 0.06308 -0.07024)
(-0.00674 0.03585 -0.03941)
(-0.00809 0.02617 -0.02672)
(-0.00330 0.00907 -0.00911)
(0.00091 -0.00211 0.00174)
(0.00164 -0.00610 0.00683)
(0.00251 -0.00580 0.00479)
(-0.00779 -0.00040 -0.01250)
(0.00332 0.00014 0.00475)
(0.02766 0.00016 0.04230)
(-0.01046 -0.00080 -0.01332)
(0.02031 0.00071 0.02700)
(0.04739 -0.00065 0.06761)
(0.06592 -0.01038 0.07805)
(0.04683 0.00024 0.06102)
(0.05732 -0.00130 0.07669)
(0.06922 0.00744 0.07500)
(0.05676 0.00680 0.07424)
(0.05809 0.02242 0.07647)
(0.02665 0.02939 0.06814)
(0.05492 0.03568 0.07488)
(0.00596 0.06518 0.05627)
(-0.02502 0.09376 0.04524)
(-0.02750 0.09811 0.04211)
(-0.03082 0.10219 0.03861)
(-0.04747 0.11646 0.02857)
(-0.10203 0.16132 -0.02873)
(-0.09407 0.15652 -0.03589)
(-0.10309 0.16661 -0.05570)
(-0.08962 0.15128 -0.06785)
(-0.07197 0.13100 -0.07534)
(-0.06256 0.11762 -0.07486)
(-0.02316 0.07452 -0.06843)
(-0.00433 0.05458 -0.05875)
(-0.00292 0.05062 -0.06149)
(-0.02313 0.06585 -0.09248)
(-0.02901 0.07036 -0.12491)
(-0.02770 0.07078 -0.12741)
(-0.01528 0.06152 -0.11629)
(-0.02359 0.06976 -0.12684)
(-0.03231 0.07841 -0.13693)
(-0.01709 0.07405 -0.12818)
(0.00028 0.06350 -0.10379)
(-0.02108 0.08893 -0.12824)
(-0.05901 0.12387 -0.17365)
(-0.03309 0.10263 -0.13230)
(-0.03099 0.10528 -0.13474)
(-0.03327 0.11017 -0.13589)
(-0.04312 0.12442 -0.15120)
(-0.00908 0.06933 -0.08024)
(-0.00465 0.03158 -0.03493)
(-0.00217 0.01484 -0.01638)
(0.00007 -0.00047 0.00051)
(0.00063 -0.00544 0.00600)
(0.00098 -0.00691 0.00763)
(-0.00018 -0.00001 -0.00023)
(-0.00305 -0.00058 -0.00300)
(0.01422 0.00094 0.01724)
(0.07331 0.00358 0.06026)
(0.04071 0.00684 0.02642)
(0.08376 0.01838 0.07320)
(0.07001 0.01960 0.07758)
(0.07185 0.02650 0.07592)
(0.09159 0.03032 0.07903)
(0.07297 0.03132 0.07790)
(0.06823 0.03293 0.07759)
(0.06613 0.03608 0.07916)
(0.03637 0.06424 0.06908)
(-0.01166 0.08775 0.05067)
(-0.01537 0.09085 0.04770)
(-0.01880 0.09261 0.04515)
(-0.03302 0.10437 0.03576)
(-0.03877 0.11186 0.01290)
(-0.02815 0.10991 -0.00071)
(-0.03317 0.11361 -0.02918)
(-0.01482 0.09550 -0.03457)
(-0.01616 0.07539 -0.03634)
(-0.01495 0.07373 -0.04056)
(0.00899 0.04503 -0.04589)
(0.01178 0.04058 -0.04769)
(0.02519 0.02920 -0.03769)
(0.02130 0.03029 -0.04330)
(0.01815 0.03317 -0.05304)
(-0.01352 0.05838 -0.11182)
(0.04528 0.00864 -0.04130)
(-0.00023 0.04825 -0.09932)
(-0.00433 0.05366 -0.10590)
(0.02484 0.03752 -0.07894)
(0.02489 0.04097 -0.07514)
(0.01073 0.05713 -0.09226)
(0.01738 0.05307 -0.08481)
(0.02366 0.05027 -0.05556)
(0.01519 0.05852 -0.06486)
(0.01783 0.05239 -0.05576)
(0.01241 0.03000 -0.03062)
(0.00524 0.01713 -0.01718)
(-0.00017 0.01104 -0.01286)
(-0.00008 0.00079 -0.00086)
(-0.00037 -0.00451 0.00492)
(0.00050 -0.00573 0.00625)
(0.00964 0.00175 0.00617)
(0.02183 0.00506 0.01513)
(0.05771 0.01260 0.04073)
(0.02762 0.00964 0.01780)
(0.06373 0.02152 0.05278)
(0.07384 0.02916 0.07171)
(0.03497 0.01262 0.03080)
(0.04970 0.02101 0.04836)
(0.07792 0.03457 0.08030)
(0.07585 0.03611 0.08209)
(0.05183 0.05662 0.07915)
(0.06763 0.04729 0.08550)
(0.04000 0.06430 0.07248)
(-0.00642 0.08544 0.05245)
(0.05507 0.07133 0.06956)
(0.05074 0.06381 0.06353)
(0.00586 0.08167 0.04258)
(-0.00054 0.08697 0.02381)
(0.02815 0.06718 0.04038)
(0.01986 0.06738 0.02136)
(0.03180 0.05460 0.00742)
(0.03852 0.05015 0.01234)
(0.04049 0.04733 0.00883)
(0.03130 0.05118 0.00651)
(0.02988 0.04919 -0.00307)
(0.02075 0.03629 -0.02525)
(0.05912 0.02110 0.00839)
(0.02789 0.02924 -0.03197)
(0.03505 0.02148 -0.02915)
(0.06062 -0.00491 -0.01489)
(0.08217 -0.01118 -0.01121)
(0.06084 0.00882 -0.03678)
(0.08919 -0.01886 0.01036)
(0.09325 -0.01682 0.00096)
(0.08403 -0.00300 -0.01975)
(0.07744 0.00181 -0.02155)
(0.06798 -0.00047 -0.01132)
(0.05491 0.00662 -0.01236)
(0.03627 0.02897 -0.03761)
(0.02107 0.03510 -0.03635)
(0.01522 0.00725 -0.00636)
(0.00713 0.00993 -0.00940)
(0.00411 0.00830 -0.00800)
(-0.00066 -0.00177 0.00170)
(0.00552 0.00195 0.00352)
(0.01647 0.00701 0.01065)
(0.01510 0.00625 0.01086)
(0.00886 0.00454 0.00610)
(0.01817 0.00871 0.01438)
(0.05847 0.03774 0.05919)
(0.06991 0.05104 0.06945)
(0.02850 0.01205 0.02467)
(0.04494 0.02595 0.04002)
(0.04752 0.04303 0.04814)
(0.06949 0.06706 0.06596)
(0.04707 0.04255 0.04268)
(0.05633 0.05792 0.06113)
(0.04393 0.05471 0.05553)
(0.06399 0.06512 0.05289)
(0.06477 0.04280 0.05187)
(0.04739 0.05558 0.02782)
(0.04731 0.04063 0.01695)
(0.06684 0.04309 0.03096)
(0.07350 0.03062 0.03161)
(0.07398 0.02518 0.02412)
(0.07598 0.02122 0.02735)
(0.10751 0.01008 0.03165)
(0.07339 0.01572 0.00722)
(0.09335 -0.00635 0.02624)
(0.07547 0.00068 0.01921)
(0.08481 -0.02585 0.02400)
(0.08192 -0.03705 0.03050)
(0.07564 -0.02205 0.01482)
(0.02807 -0.01172 0.01013)
(0.03286 -0.01000 0.01086)
(0.01882 -0.00269 0.00359)
(0.02933 -0.00336 0.00343)
(-0.00135 0.00012 -0.00029)
(0.00698 0.00025 0.00032)
(0.00290 0.00051 -0.00011)
(-0.02406 -0.01262 -0.01692)
(-0.01817 -0.00766 -0.01541)
(0.01843 0.00914 0.01412)
(-0.01694 -0.00840 -0.01270)
(-0.00640 -0.00324 -0.00441)
(0.02689 0.02331 0.02354)
(0.03967 0.02982 0.02479)
(-0.00084 -0.00051 -0.00048)
(-0.00063 -0.00040 -0.00035)
(0.03390 0.02642 0.02183)
(0.05308 0.04043 0.03475)
(0.01652 0.00902 0.00893)
(0.03953 0.02436 0.02173)
(0.06596 0.03769 0.03592)
(0.02368 0.01385 0.01258)
(0.04216 0.01407 0.01865)
(0.05228 0.00665 0.01869)
(0.07077 0.00692 0.02171)
(0.00675 0.00101 0.00270)
(0.01216 0.00143 0.00426)
(-0.00187 -0.00014 -0.00064)
(0.04953 0.00086 0.01299)
(0.02987 -0.00174 0.00919)
(-0.01587 0.00066 -0.00489)
(-0.00786 0.00154 -0.00241)
(-0.01415 0.00149 -0.00455)
(-0.01369 0.00207 -0.00369)
(0.00513 0.00321 0.00274)
(0.00862 0.00510 0.00454)
(0.00921 0.00428 0.00370)
(-0.00384 -0.00070 -0.00170)
)