/*--------------------------------*- C++ -*----------------------------------*\ 
| =========                 |                                                 | 
| \\      /  F ield         | OpenFOAM: The Open Source CFD Toolbox           | 
|  \\    /   O peration     | Version:  4.0                                   | 
|   \\  /    A nd           | Web:      www.OpenFOAM.org                      | 
|    \\/     M anipulation  |                                                 | 
\*---------------------------------------------------------------------------*/ 
FoamFile 
{ 
    version     2.0; 
    format      ascii; 
    class       vectorAverageField; 
    object      values; 
} 
// * * * * * * * * * * * * * * * * * * * * * * * * * * * * * * * * * * * * * // 
 
// Average 
(0 0 0) 
 
// Velocity data on points 
2447
(
(0.00275 0.00268 0.00147)
(-0.00241 -0.00070 -0.00271)
(-0.00936 -0.00006 -0.01223)
(-0.00182 -0.00044 -0.00548)
(0.00312 -0.00040 0.00969)
(-0.02252 0.00305 -0.04481)
(-0.00588 0.00096 -0.01773)
(-0.02606 0.02506 -0.08010)
(-0.00255 0.00250 -0.00817)
(0.00377 -0.00410 0.01224)
(-0.01753 0.01875 -0.05514)
(-0.00349 0.00413 -0.01148)
(0.00229 -0.00435 0.00986)
(-0.01956 0.02976 -0.06984)
(-0.00037 0.00164 -0.00315)
(0.00093 -0.00516 0.00941)
(-0.00387 0.01841 -0.03415)
(-0.00019 0.00123 -0.00204)
(-0.00003 -0.01073 0.01532)
(-0.00000 0.00219 -0.00314)
(0.00268 0.00706 -0.00141)
(-0.00116 -0.00146 0.00017)
(0.00086 0.00112 0.00010)
(0.00034 0.00057 0.00018)
(-0.01108 -0.02988 -0.00556)
(-0.01469 -0.01840 -0.00993)
(-0.03238 -0.00526 -0.03959)
(-0.04547 0.00521 -0.05770)
(-0.07344 -0.00306 -0.08617)
(-0.08510 0.01243 -0.10756)
(-0.06119 0.01147 -0.11838)
(-0.04030 0.02509 -0.12270)
(-0.08863 0.04802 -0.19444)
(-0.06389 0.06027 -0.18539)
(-0.05216 0.05466 -0.15658)
(-0.04167 0.04833 -0.13091)
(-0.07628 0.07863 -0.21956)
(-0.07193 0.08274 -0.21984)
(-0.07453 0.10965 -0.25426)
(-0.04228 0.06324 -0.14773)
(-0.02667 0.06058 -0.12265)
(-0.10175 0.17844 -0.35669)
(-0.08914 0.16338 -0.32086)
(-0.03345 0.09155 -0.16452)
(-0.01912 0.06395 -0.10525)
(-0.04715 0.15082 -0.25287)
(-0.00086 0.06009 -0.08853)
(0.00107 0.01968 -0.02740)
(-0.01830 0.12288 -0.18348)
(0.00227 0.01671 -0.02212)
(-0.00091 -0.00263 0.00308)
(0.00197 0.00399 -0.00311)
(-0.00042 -0.00215 0.00134)
(-0.00201 -0.00776 0.00434)
(-0.01214 -0.01863 0.00769)
(-0.03299 -0.04852 0.02091)
(-0.02626 -0.03835 0.00386)
(-0.02172 -0.06642 -0.01304)
(-0.05335 -0.05249 -0.03087)
(-0.06367 -0.03035 -0.05424)
(-0.08065 -0.00636 -0.08389)
(-0.09894 0.02934 -0.18010)
(-0.11814 0.05575 -0.23733)
(-0.10965 0.06975 -0.25645)
(-0.11216 0.10097 -0.29496)
(-0.12319 0.08160 -0.27651)
(-0.13639 0.10452 -0.31055)
(-0.11692 0.11257 -0.31142)
(-0.10915 0.12860 -0.31777)
(-0.15737 0.18594 -0.43079)
(-0.13386 0.19912 -0.43196)
(-0.14244 0.22185 -0.46109)
(-0.14886 0.22806 -0.49203)
(-0.12458 0.22803 -0.43607)
(-0.09460 0.22453 -0.39973)
(-0.07074 0.22268 -0.35460)
(-0.10967 0.26459 -0.44752)
(-0.04909 0.24896 -0.37522)
(-0.00387 0.16282 -0.23621)
(0.00210 0.10028 -0.14035)
(-0.05049 0.27177 -0.41062)
(-0.00744 0.18106 -0.25935)
(0.01421 0.07098 -0.08975)
(0.00156 0.00411 -0.00475)
(0.01128 0.04250 -0.05255)
(-0.00573 -0.01532 0.01801)
(-0.01172 -0.02923 0.03414)
(0.00012 0.00017 -0.00020)
(-0.00398 -0.00610 0.00628)
(-0.00841 -0.02053 0.01680)
(-0.00598 -0.04003 0.02682)
(-0.01723 -0.06207 0.05100)
(-0.01153 -0.06153 0.04291)
(-0.01858 -0.07801 0.05823)
(-0.04437 -0.06337 0.04089)
(-0.04358 -0.05926 0.02693)
(-0.04388 -0.06420 0.02049)
(-0.08355 -0.04758 0.01969)
(-0.07334 -0.04615 -0.00628)
(-0.07209 -0.04148 -0.03930)
(-0.09210 -0.01178 -0.09779)
(-0.10640 0.00344 -0.13068)
(-0.13248 0.03944 -0.21803)
(-0.14430 0.05625 -0.25099)
(-0.16214 0.08471 -0.29389)
(-0.15021 0.10430 -0.32060)
(-0.19355 0.16599 -0.41149)
(-0.19715 0.19131 -0.45686)
(-0.19401 0.22379 -0.49389)
(-0.16737 0.23286 -0.50070)
(-0.15354 0.23382 -0.48320)
(-0.16608 0.27609 -0.53116)
(-0.17128 0.31529 -0.57248)
(-0.18322 0.35111 -0.62701)
(-0.08893 0.28199 -0.44601)
(-0.15454 0.33852 -0.58488)
(-0.06182 0.28483 -0.43470)
(-0.03017 0.29199 -0.43444)
(-0.03991 0.29935 -0.44515)
(-0.02866 0.28299 -0.41583)
(0.01112 0.17120 -0.23701)
(0.01439 0.04090 -0.05144)
(0.00945 0.26116 -0.37581)
(0.03161 0.15692 -0.21156)
(0.00835 0.02045 -0.02512)
(0.00267 0.00662 -0.00786)
(0.00246 0.00262 -0.00336)
(-0.00501 -0.00823 0.00944)
(-0.01137 -0.02138 0.02351)
(-0.02519 -0.04289 0.04732)
(-0.03224 -0.05184 0.06056)
(-0.03613 -0.06819 0.08498)
(-0.03553 -0.07246 0.07939)
(-0.03399 -0.07554 0.07467)
(-0.05750 -0.06161 0.06373)
(-0.08892 -0.04563 0.02951)
(-0.09117 -0.04312 0.01816)
(-0.09650 -0.03871 0.00537)
(-0.10050 -0.03728 0.01308)
(-0.10793 -0.03103 -0.00201)
(-0.11574 -0.00328 -0.09544)
(-0.14629 0.04680 -0.22423)
(-0.15137 0.05711 -0.24792)
(-0.15746 0.06998 -0.27696)
(-0.17738 0.11158 -0.35527)
(-0.22744 0.18401 -0.46112)
(-0.20701 0.18483 -0.46092)
(-0.22410 0.24367 -0.54411)
(-0.25584 0.30117 -0.62900)
(-0.23248 0.29776 -0.60770)
(-0.22877 0.32109 -0.64725)
(-0.20921 0.36309 -0.66705)
(-0.20532 0.36840 -0.66615)
(-0.19856 0.37102 -0.66156)
(-0.19113 0.37317 -0.65708)
(-0.14379 0.36223 -0.59543)
(-0.04932 0.30704 -0.46138)
(-0.03940 0.30174 -0.44828)
(-0.05188 0.31029 -0.46783)
(-0.02038 0.30063 -0.44854)
(0.02159 0.26018 -0.36059)
(-0.01152 0.31759 -0.46162)
(0.02121 0.21997 -0.29579)
(0.03155 0.09146 -0.11162)
(0.00358 0.00949 -0.01140)
(0.04606 0.19280 -0.23999)
(0.01270 0.04345 -0.05235)
(0.00076 0.00242 -0.00288)
(-0.00389 -0.00349 0.00622)
(-0.00999 -0.01362 0.01969)
(-0.02625 -0.05020 0.07211)
(-0.02980 -0.05541 0.07928)
(-0.03766 -0.07404 0.11763)
(-0.04380 -0.07867 0.12153)
(-0.04541 -0.07952 0.12396)
(-0.04739 -0.07885 0.12867)
(-0.05001 -0.07897 0.13117)
(-0.04312 -0.07578 0.09917)
(-0.08628 -0.04846 0.04082)
(-0.09480 -0.04414 0.03988)
(-0.10225 -0.03796 0.02388)
(-0.11038 -0.03076 0.00526)
(-0.11941 -0.02285 -0.01365)
(-0.17866 0.04606 -0.16863)
(-0.15794 0.05806 -0.24721)
(-0.20812 0.08214 -0.24853)
(-0.20009 0.09643 -0.31131)
(-0.16759 0.07475 -0.28869)
(-0.16848 0.08245 -0.30646)
(-0.24482 0.19439 -0.47652)
(-0.26568 0.20035 -0.49412)
(-0.28957 0.24400 -0.58032)
(-0.25081 0.21669 -0.52164)
(-0.25659 0.26872 -0.60076)
(-0.31211 0.35071 -0.71753)
(-0.31061 0.35974 -0.72725)
(-0.31049 0.36839 -0.73720)
(-0.23568 0.35721 -0.69218)
(-0.22550 0.38343 -0.70278)
(-0.22016 0.38584 -0.69882)
(-0.21326 0.38740 -0.69413)
(-0.20375 0.39875 -0.69159)
(-0.14808 0.37888 -0.61582)
(-0.12423 0.38596 -0.62743)
(-0.07251 0.34236 -0.53133)
(-0.05536 0.35868 -0.54913)
(-0.03347 0.33369 -0.48482)
(-0.00673 0.32189 -0.45003)
(0.05455 0.28494 -0.35901)
(0.04131 0.17191 -0.21177)
(0.04662 0.21285 -0.26133)
(0.01857 0.06735 -0.08065)
(0.00876 0.03199 -0.03787)
(0.00177 0.00157 -0.00242)
(-0.00049 -0.00029 0.00053)
(-0.02066 -0.02615 0.04550)
(-0.02926 -0.05330 0.08369)
(-0.02466 -0.07064 0.09983)
(-0.03651 -0.07316 0.12950)
(-0.05024 -0.07833 0.13486)
(-0.05172 -0.07859 0.13533)
(-0.05760 -0.07774 0.14157)
(-0.06088 -0.07473 0.13871)
(-0.08797 -0.05697 0.09923)
(-0.10391 -0.03949 0.03799)
(-0.12512 -0.02813 0.03968)
(-0.11727 -0.02870 0.01293)
(-0.12162 -0.02278 -0.00791)
(-0.15862 0.01844 -0.10880)
(-0.14891 -0.00404 -0.03980)
(-0.20197 0.07272 -0.22361)
(-0.21860 0.09908 -0.28600)
(-0.24082 0.15614 -0.40748)
(-0.25314 0.17362 -0.45476)
(-0.29887 0.24797 -0.58288)
(-0.32562 0.29829 -0.69083)
(-0.32624 0.34269 -0.74389)
(-0.32273 0.36665 -0.74665)
(-0.32336 0.37718 -0.75838)
(-0.32467 0.40938 -0.80490)
(-0.28460 0.42224 -0.79184)
(-0.26600 0.42086 -0.78184)
(-0.23470 0.40040 -0.73015)
(-0.23654 0.42750 -0.76339)
(-0.18490 0.40829 -0.68818)
(-0.20381 0.43575 -0.75863)
(-0.13930 0.41287 -0.66702)
(-0.11151 0.40978 -0.65747)
(-0.08969 0.39571 -0.62144)
(-0.07293 0.36971 -0.55768)
(-0.06003 0.35950 -0.52595)
(0.03696 0.29781 -0.38172)
(0.04915 0.28955 -0.36277)
(0.02581 0.10566 -0.12643)
(0.04308 0.29453 -0.36762)
(0.04493 0.21782 -0.26475)
(0.01680 0.07482 -0.08279)
(0.00067 0.00595 -0.00607)
(0.00343 0.00323 -0.00192)
(-0.00011 -0.00011 0.00007)
(-0.00849 -0.01111 0.01588)
(-0.01866 -0.02621 0.04156)
(-0.02807 -0.05665 0.09839)
(-0.02457 -0.05117 0.08303)
(-0.02270 -0.06784 0.11066)
(-0.03537 -0.06544 0.11788)
(-0.03976 -0.07135 0.15609)
(-0.04757 -0.07769 0.18366)
(-0.04851 -0.07843 0.15681)
(-0.07255 -0.06841 0.18210)
(-0.09091 -0.05345 0.13534)
(-0.11419 -0.04354 0.11882)
(-0.14992 -0.00820 0.04067)
(-0.17334 0.03681 -0.07268)
(-0.19441 0.05669 -0.15540)
(-0.24294 0.10206 -0.30522)
(-0.25098 0.13572 -0.35095)
(-0.26904 0.19815 -0.47933)
(-0.29776 0.24382 -0.57255)
(-0.33952 0.32214 -0.70090)
(-0.34502 0.35205 -0.75031)
(-0.35873 0.38763 -0.80021)
(-0.33287 0.37196 -0.76163)
(-0.33423 0.38344 -0.77264)
(-0.34811 0.42331 -0.84240)
(-0.33950 0.44667 -0.89083)
(-0.34927 0.47604 -0.91719)
(-0.31070 0.47425 -0.89142)
(-0.29831 0.47216 -0.87876)
(-0.25885 0.45870 -0.82904)
(-0.17635 0.43818 -0.73454)
(-0.10819 0.40919 -0.65178)
(-0.14822 0.41957 -0.66378)
(-0.10835 0.38701 -0.57884)
(-0.06723 0.37156 -0.52886)
(-0.11211 0.39393 -0.58506)
(-0.05581 0.36367 -0.49902)
(-0.01515 0.33688 -0.45146)
(0.01583 0.30444 -0.37136)
(-0.04836 0.35225 -0.46720)
(-0.00008 0.19929 -0.21801)
(0.00527 0.05256 -0.05394)
(0.00133 0.03072 -0.03193)
(0.00008 0.00016 -0.00007)
(-0.00417 -0.00469 0.00086)
(-0.02074 -0.03363 0.05200)
(-0.01259 -0.04390 0.06199)
(-0.01335 -0.05371 0.08752)
(-0.01269 -0.06420 0.13718)
(-0.02132 -0.06366 0.13020)
(-0.02750 -0.07138 0.15604)
(-0.02358 -0.06618 0.15189)
(-0.04486 -0.07162 0.18692)
(-0.04843 -0.07254 0.19120)
(-0.05527 -0.07424 0.21992)
(-0.06453 -0.06986 0.24085)
(-0.06903 -0.06738 0.23566)
(-0.08764 -0.06262 0.22009)
(-0.12278 -0.03618 0.12950)
(-0.11105 -0.03961 0.16384)
(-0.12945 -0.03199 0.15706)
(-0.13192 -0.01874 0.08410)
(-0.16196 0.02611 -0.03458)
(-0.17953 0.04607 -0.09252)
(-0.21704 0.09308 -0.22798)
(-0.24081 0.13797 -0.33606)
(-0.28207 0.21807 -0.47895)
(-0.30911 0.30323 -0.65003)
(-0.31818 0.32432 -0.68746)
(-0.34305 0.35861 -0.74929)
(-0.35263 0.38035 -0.80226)
(-0.37375 0.43494 -0.88180)
(-0.36547 0.45420 -0.90864)
(-0.36390 0.47306 -0.92941)
(-0.36827 0.48864 -0.95117)
(-0.36316 0.48932 -0.95020)
(-0.34199 0.49721 -0.95781)
(-0.29529 0.48035 -0.89296)
(-0.30980 0.49799 -0.93270)
(-0.26176 0.47473 -0.84914)
(-0.26196 0.47470 -0.83162)
(-0.24069 0.46710 -0.78784)
(-0.25208 0.47451 -0.80022)
(-0.15104 0.42591 -0.66803)
(-0.16028 0.43472 -0.66910)
(-0.12353 0.40832 -0.59560)
(-0.14003 0.41979 -0.60182)
(-0.10045 0.39275 -0.52936)
(-0.07085 0.36497 -0.46483)
(-0.02236 0.29838 -0.33694)
(-0.00483 0.10125 -0.10515)
(0.00069 -0.01158 0.01171)
(-0.05618 0.25071 -0.29104)
(-0.00013 -0.00253 0.00115)
(-0.00273 -0.01459 0.00842)
(0.00526 -0.02048 0.00963)
(-0.00269 -0.03003 0.02766)
(-0.00231 -0.05470 0.07669)
(-0.00890 -0.06207 0.12704)
(-0.01000 -0.06561 0.14539)
(-0.01406 -0.06651 0.14997)
(-0.01921 -0.06963 0.16890)
(-0.04603 -0.06774 0.20558)
(-0.06312 -0.07070 0.25071)
(-0.06774 -0.06738 0.24950)
(-0.08417 -0.05330 0.21232)
(-0.12772 -0.01125 0.13696)
(-0.13648 0.01075 0.07965)
(-0.17968 0.06252 -0.06114)
(-0.17325 0.05955 -0.08342)
(-0.22268 0.12773 -0.22563)
(-0.21545 0.13749 -0.20428)
(-0.23609 0.15284 -0.31360)
(-0.27463 0.22285 -0.48012)
(-0.30709 0.30743 -0.64293)
(-0.31557 0.32698 -0.67602)
(-0.32487 0.34638 -0.70764)
(-0.35292 0.39181 -0.78712)
(-0.36830 0.42656 -0.87737)
(-0.37009 0.45466 -0.87477)
(-0.37076 0.45536 -0.91355)
(-0.37800 0.47749 -0.94224)
(-0.37109 0.49528 -0.97187)
(-0.37000 0.49765 -0.97906)
(-0.35712 0.51572 -1.00340)
(-0.34722 0.51323 -0.99120)
(-0.34500 0.51510 -0.99280)
(-0.29749 0.49299 -0.90780)
(-0.28856 0.49558 -0.88859)
(-0.26595 0.48223 -0.82938)
(-0.26538 0.48368 -0.82514)
(-0.24991 0.47669 -0.79561)
(-0.21727 0.46834 -0.73779)
(-0.18765 0.45216 -0.66042)
(-0.16301 0.42377 -0.58465)
(-0.18047 0.44103 -0.60352)
(-0.12232 0.39305 -0.50341)
(-0.16824 0.42627 -0.57081)
(-0.10030 0.36944 -0.44739)
(-0.04757 0.20704 -0.22052)
(-0.00303 0.01425 -0.01350)
(0.00131 -0.00518 0.00493)
(-0.00033 0.00102 -0.00042)
(0.00059 -0.00163 0.00066)
(0.00423 -0.01202 0.00550)
(0.01313 -0.03516 0.01886)
(0.01263 -0.04509 0.04041)
(0.01735 -0.04244 0.02518)
(0.00713 -0.05060 0.07898)
(-0.00521 -0.06425 0.13514)
(-0.01513 -0.06844 0.16599)
(-0.01032 -0.06770 0.16167)
(-0.01922 -0.07013 0.18685)
(-0.05420 -0.06793 0.24309)
(-0.03555 -0.06122 0.24234)
(-0.06532 -0.06794 0.26281)
(-0.06975 -0.05687 0.26246)
(-0.10908 -0.01490 0.19400)
(-0.13126 0.01519 0.11901)
(-0.15888 0.04280 0.03915)
(-0.20947 0.13758 -0.18331)
(-0.22382 0.15539 -0.25130)
(-0.21874 0.15770 -0.23496)
(-0.23165 0.17236 -0.29066)
(-0.30492 0.31647 -0.64387)
(-0.31237 0.33290 -0.67047)
(-0.32055 0.35036 -0.69977)
(-0.33128 0.38388 -0.74863)
(-0.36493 0.45974 -0.86818)
(-0.37813 0.47871 -0.92570)
(-0.38942 0.52032 -0.97687)
(-0.38808 0.52181 -0.98681)
(-0.38712 0.52296 -0.99515)
(-0.37126 0.51968 -1.01600)
(-0.35313 0.51808 -1.00550)
(-0.34409 0.51733 -0.99559)
(-0.32216 0.51827 -0.96012)
(-0.27804 0.48984 -0.85187)
(-0.27930 0.49135 -0.84979)
(-0.27054 0.49641 -0.81946)
(-0.22878 0.47357 -0.72286)
(-0.24606 0.48771 -0.74374)
(-0.20941 0.45745 -0.65704)
(-0.20622 0.45720 -0.63826)
(-0.19472 0.44724 -0.61578)
(-0.18576 0.43746 -0.59384)
(-0.17724 0.42866 -0.57451)
(-0.10344 0.27836 -0.31537)
(-0.02053 0.07705 -0.07480)
(-0.00902 0.03026 -0.02949)
(0.00873 -0.03042 0.02913)
(0.00136 -0.00311 0.00075)
(0.00527 -0.01328 0.00582)
(0.01012 -0.02495 0.01244)
(0.00931 -0.02181 0.00993)
(0.01865 -0.04254 0.02583)
(0.01953 -0.04477 0.03169)
(0.00399 -0.06266 0.13083)
(0.02432 -0.06471 0.10601)
(-0.00439 -0.06771 0.15670)
(-0.01146 -0.06908 0.18063)
(-0.02604 -0.06591 0.24222)
(-0.04382 -0.06374 0.31872)
(-0.06334 -0.05671 0.28427)
(-0.06213 -0.05759 0.31469)
(-0.09054 -0.02777 0.23994)
(-0.10250 -0.01510 0.20424)
(-0.13037 0.01258 0.17911)
(-0.13866 0.03776 0.10749)
(-0.18119 0.11026 -0.07882)
(-0.21456 0.15953 -0.21832)
(-0.22820 0.17929 -0.28441)
(-0.22513 0.18329 -0.27322)
(-0.25601 0.25350 -0.43100)
(-0.30319 0.34336 -0.62420)
(-0.31900 0.38114 -0.68877)
(-0.33510 0.43399 -0.77006)
(-0.36665 0.49219 -0.84427)
(-0.37716 0.50427 -0.92268)
(-0.38284 0.51177 -0.96063)
(-0.38622 0.52462 -0.98520)
(-0.38578 0.52528 -0.99514)
(-0.37910 0.52945 -1.02860)
(-0.35923 0.52037 -1.01640)
(-0.35749 0.52133 -1.01740)
(-0.35118 0.52037 -1.00780)
(-0.34877 0.52761 -1.00020)
(-0.31924 0.52022 -0.95154)
(-0.32157 0.52200 -0.95219)
(-0.31278 0.51941 -0.89146)
(-0.33240 0.53060 -0.94233)
(-0.30031 0.52450 -0.86398)
(-0.28664 0.51335 -0.81789)
(-0.30990 0.53412 -0.88460)
(-0.25091 0.48621 -0.72639)
(-0.22252 0.46624 -0.65832)
(-0.21143 0.45654 -0.63604)
(-0.20947 0.45199 -0.62558)
(-0.20861 0.44806 -0.61690)
(-0.19579 0.43723 -0.59284)
(-0.21730 0.41996 -0.56534)
(-0.13208 0.30410 -0.35248)
(-0.04366 0.10994 -0.11784)
(0.00405 -0.01219 0.01196)
(-0.00007 0.00016 -0.00006)
(0.00112 -0.00258 0.00091)
(0.00832 -0.01701 0.00619)
(0.01687 -0.03748 0.01996)
(0.02812 -0.05264 0.03782)
(0.03401 -0.05849 0.05219)
(0.03902 -0.06187 0.05409)
(0.02829 -0.06567 0.09904)
(0.01584 -0.07290 0.14724)
(0.03875 -0.07942 0.15095)
(0.03429 -0.07955 0.16509)
(0.01449 -0.08452 0.19860)
(0.00067 -0.07720 0.23991)
(-0.03180 -0.06610 0.30494)
(-0.05108 -0.06086 0.35322)
(-0.06986 -0.02544 0.28198)
(-0.09608 -0.01475 0.25114)
(-0.11943 0.02060 0.18047)
(-0.12592 0.03403 0.15123)
(-0.16552 0.13105 -0.03925)
(-0.18306 0.16839 -0.12615)
(-0.24796 0.27572 -0.34254)
(-0.25901 0.27529 -0.41142)
(-0.26566 0.32131 -0.42520)
(-0.30346 0.39340 -0.61919)
(-0.32028 0.42987 -0.67515)
(-0.34579 0.47148 -0.76263)
(-0.36717 0.50674 -0.81862)
(-0.37534 0.52346 -0.90274)
(-0.37372 0.53784 -0.87882)
(-0.38585 0.53629 -0.93964)
(-0.39270 0.54031 -0.96970)
(-0.39056 0.53570 -0.99771)
(-0.38722 0.54143 -1.02760)
(-0.37875 0.53080 -1.03360)
(-0.37374 0.52932 -1.04880)
(-0.36825 0.53191 -1.04120)
(-0.36817 0.53170 -1.03950)
(-0.36055 0.53543 -1.01840)
(-0.36140 0.53606 -1.01760)
(-0.36613 0.53891 -0.98894)
(-0.33433 0.53445 -0.93089)
(-0.35123 0.53552 -0.92771)
(-0.31943 0.52540 -0.85606)
(-0.29992 0.51231 -0.80753)
(-0.29977 0.50508 -0.77396)
(-0.29809 0.48701 -0.74245)
(-0.23786 0.44870 -0.63145)
(-0.24170 0.41366 -0.57217)
(-0.20494 0.37803 -0.49803)
(-0.26911 0.44310 -0.65379)
(-0.23660 0.39930 -0.54132)
(-0.08621 0.16605 -0.20376)
(-0.00431 0.00883 -0.01007)
(0.00970 -0.01837 0.02083)
(0.00022 -0.00126 0.00040)
(0.00342 -0.00739 0.00305)
(0.02516 -0.04094 0.01922)
(0.03413 -0.05026 0.03502)
(0.03929 -0.05554 0.04081)
(0.04609 -0.07043 0.06644)
(0.04710 -0.06512 0.05378)
(0.04120 -0.07655 0.12102)
(0.04112 -0.08226 0.15927)
(0.02885 -0.07883 0.20951)
(0.01833 -0.07662 0.22353)
(-0.00401 -0.07919 0.28562)
(-0.02578 -0.05865 0.29841)
(-0.05683 -0.02235 0.27074)
(-0.09870 0.06099 0.18164)
(-0.10884 0.08154 0.14220)
(-0.11798 0.07304 0.13960)
(-0.15031 0.11996 0.03105)
(-0.17667 0.17360 -0.10888)
(-0.21462 0.25306 -0.24302)
(-0.26233 0.34937 -0.40965)
(-0.29301 0.39123 -0.55482)
(-0.31287 0.43669 -0.66807)
(-0.33555 0.47496 -0.70391)
(-0.36928 0.55788 -0.81786)
(-0.37314 0.56405 -0.83515)
(-0.37823 0.53962 -0.91588)
(-0.38940 0.55054 -0.95950)
(-0.39322 0.56376 -0.99294)
(-0.39374 0.56176 -1.00270)
(-0.38076 0.53915 -1.04240)
(-0.38292 0.53798 -1.05370)
(-0.37082 0.53077 -1.04520)
(-0.38097 0.53029 -1.05210)
(-0.36148 0.53221 -1.02320)
(-0.36530 0.53282 -1.02100)
(-0.37922 0.54143 -1.00250)
(-0.38079 0.54230 -0.98013)
(-0.38214 0.54280 -0.97326)
(-0.37377 0.54339 -0.94739)
(-0.31909 0.51738 -0.83301)
(-0.36608 0.53237 -0.90991)
(-0.33389 0.51972 -0.82690)
(-0.32593 0.50478 -0.78788)
(-0.33278 0.49200 -0.77361)
(-0.27599 0.44800 -0.67004)
(-0.25613 0.41623 -0.59534)
(-0.24362 0.40489 -0.55230)
(-0.24039 0.38411 -0.52986)
(-0.13485 0.22930 -0.29047)
(-0.02031 0.03811 -0.04392)
(-0.01277 0.01890 -0.02308)
(-0.00016 0.00204 -0.00085)
(0.00182 -0.00857 0.00274)
(0.00008 -0.00080 0.00033)
(0.00181 -0.01054 0.00401)
(0.01440 -0.03313 0.02140)
(0.04070 -0.05844 0.04222)
(0.02993 -0.04967 0.04023)
(0.04553 -0.06426 0.05391)
(0.04987 -0.07212 0.07759)
(0.05295 -0.07614 0.08779)
(0.05912 -0.08230 0.11354)
(0.04731 -0.08053 0.14493)
(0.04365 -0.08518 0.18957)
(0.01873 -0.06800 0.25083)
(0.00634 -0.06016 0.26885)
(-0.01836 -0.04695 0.28860)
(-0.07281 0.03891 0.18321)
(-0.10450 0.07978 0.15013)
(-0.11952 0.10364 0.10204)
(-0.16606 0.17594 -0.04251)
(-0.21066 0.26480 -0.19780)
(-0.26001 0.34738 -0.33803)
(-0.32078 0.46107 -0.53654)
(-0.27479 0.37718 -0.46224)
(-0.31280 0.45253 -0.60803)
(-0.35303 0.52623 -0.73201)
(-0.37172 0.56455 -0.80712)
(-0.37457 0.56895 -0.82156)
(-0.37476 0.56693 -0.84862)
(-0.37387 0.55017 -0.93075)
(-0.39244 0.56661 -0.98467)
(-0.39330 0.56503 -0.99247)
(-0.38305 0.54368 -1.02440)
(-0.38279 0.53887 -1.03870)
(-0.37861 0.52876 -1.05870)
(-0.37934 0.52921 -1.05280)
(-0.38035 0.53024 -1.05120)
(-0.37793 0.53473 -1.03030)
(-0.38351 0.53703 -1.00920)
(-0.38563 0.54251 -0.98776)
(-0.38728 0.54273 -0.98265)
(-0.38406 0.54318 -0.96855)
(-0.38307 0.54355 -0.95625)
(-0.36110 0.52057 -0.88042)
(-0.33863 0.50044 -0.80613)
(-0.31697 0.47716 -0.76489)
(-0.30186 0.46362 -0.72371)
(-0.29908 0.44333 -0.69889)
(-0.27778 0.41475 -0.61625)
(-0.27511 0.39149 -0.58330)
(-0.16621 0.24311 -0.31119)
(-0.03044 0.04430 -0.05462)
(0.00005 0.00190 -0.00094)
(0.00006 -0.00356 0.00170)
(0.00509 -0.02337 0.00883)
(0.00208 -0.01801 0.00781)
(0.00371 -0.02453 0.01026)
(0.02526 -0.04893 0.04795)
(0.03683 -0.06031 0.05925)
(0.04002 -0.06480 0.08099)
(0.04917 -0.07812 0.12272)
(0.05260 -0.08263 0.13372)
(0.04737 -0.08872 0.18543)
(0.02505 -0.07115 0.24315)
(0.01703 -0.06363 0.25184)
(0.00761 -0.05395 0.25908)
(0.00190 -0.05297 0.26955)
(-0.04403 0.01338 0.18284)
(-0.08919 0.06786 0.16127)
(-0.11228 0.09924 0.12228)
(-0.16646 0.18866 -0.01552)
(-0.13271 0.12917 0.05851)
(-0.22566 0.29157 -0.21341)
(-0.23851 0.31449 -0.25116)
(-0.32309 0.46404 -0.52378)
(-0.32944 0.47984 -0.56559)
(-0.33596 0.49399 -0.58582)
(-0.37584 0.57316 -0.79921)
(-0.37725 0.57477 -0.81027)
(-0.37612 0.57115 -0.83618)
(-0.37649 0.57181 -0.84931)
(-0.37597 0.56190 -0.92188)
(-0.37292 0.55290 -0.96373)
(-0.38042 0.54204 -1.02300)
(-0.37468 0.53790 -1.01730)
(-0.37312 0.53097 -1.03600)
(-0.37956 0.52825 -1.05180)
(-0.38097 0.52828 -1.05110)
(-0.38292 0.53031 -1.05030)
(-0.39029 0.53168 -1.04090)
(-0.39018 0.54235 -0.99472)
(-0.39192 0.54228 -0.99126)
(-0.38954 0.54271 -0.97884)
(-0.39691 0.54036 -0.96329)
(-0.37133 0.51980 -0.89368)
(-0.36612 0.51677 -0.87932)
(-0.36028 0.49247 -0.82917)
(-0.32968 0.46589 -0.76738)
(-0.32245 0.45902 -0.74988)
(-0.32787 0.45951 -0.75961)
(-0.32152 0.45346 -0.74451)
(-0.31440 0.44573 -0.72720)
(-0.28031 0.39090 -0.59339)
(-0.22377 0.32111 -0.41953)
(-0.20280 0.28594 -0.37148)
(-0.04871 0.06923 -0.08586)
(0.01443 -0.02058 0.02498)
(0.00012 0.00072 -0.00040)
(-0.00060 -0.00597 0.00317)
(-0.00388 -0.02056 0.02110)
(0.00739 -0.03008 0.01880)
(0.00212 -0.03399 0.02369)
(0.02276 -0.04785 0.03841)
(0.03289 -0.05934 0.07260)
(0.04613 -0.07500 0.11516)
(0.04982 -0.07958 0.12862)
(0.05354 -0.08886 0.16946)
(0.04264 -0.07634 0.18047)
(0.02277 -0.06599 0.24397)
(0.01322 -0.05580 0.25044)
(-0.01922 -0.02272 0.24654)
(-0.00335 -0.04113 0.26325)
(-0.07752 0.05722 0.18602)
(-0.11195 0.10452 0.11936)
(-0.16597 0.18908 -0.00532)
(-0.21749 0.27674 -0.15926)
(-0.24747 0.33726 -0.25539)
(-0.30566 0.42972 -0.43242)
(-0.33193 0.48226 -0.55180)
(-0.33399 0.48273 -0.53899)
(-0.33962 0.49835 -0.57664)
(-0.37614 0.56681 -0.69835)
(-0.38888 0.59066 -0.75074)
(-0.37801 0.57535 -0.82461)
(-0.37988 0.57881 -0.86162)
(-0.38040 0.57252 -0.89875)
(-0.37888 0.56728 -0.92891)
(-0.36760 0.54093 -0.98611)
(-0.36004 0.52588 -1.00230)
(-0.37101 0.52885 -1.02430)
(-0.37807 0.52840 -1.04230)
(-0.37958 0.52621 -1.05080)
(-0.38328 0.52898 -1.05060)
(-0.40001 0.53452 -1.04100)
(-0.39684 0.53816 -1.02030)
(-0.41539 0.54694 -1.01280)
(-0.41145 0.54316 -0.98652)
(-0.42299 0.54497 -0.98009)
(-0.39364 0.52729 -0.93899)
(-0.37845 0.51320 -0.88828)
(-0.39857 0.51518 -0.91293)
(-0.36694 0.49303 -0.84346)
(-0.33390 0.46325 -0.77198)
(-0.32268 0.45015 -0.74336)
(-0.31611 0.42350 -0.69946)
(-0.29136 0.38107 -0.59070)
(-0.22842 0.32039 -0.42565)
(-0.23685 0.32156 -0.44042)
(-0.06774 0.09400 -0.11682)
(0.00294 -0.00409 0.00493)
(-0.00038 -0.00024 0.00030)
(-0.00599 -0.00851 0.00721)
(-0.00961 -0.00466 0.00659)
(-0.00689 -0.02777 0.02101)
(-0.00451 -0.03186 0.02276)
(0.00743 -0.03918 0.02412)
(0.02160 -0.05622 0.04174)
(0.02533 -0.06093 0.06595)
(0.04079 -0.07201 0.08771)
(0.04534 -0.07494 0.12201)
(0.04959 -0.09178 0.14377)
(0.03848 -0.07761 0.17373)
(0.01952 -0.05555 0.21533)
(-0.01871 -0.01729 0.19742)
(-0.07180 0.05845 0.16259)
(-0.09785 0.09100 0.19319)
(-0.14381 0.15493 0.06290)
(-0.22476 0.28904 -0.13678)
(-0.22887 0.27764 -0.10813)
(-0.28854 0.39209 -0.31168)
(-0.32383 0.44590 -0.37829)
(-0.36212 0.51175 -0.48214)
(-0.34164 0.49831 -0.56537)
(-0.37986 0.57264 -0.67121)
(-0.39477 0.60120 -0.71724)
(-0.38711 0.59415 -0.78242)
(-0.39129 0.59934 -0.82025)
(-0.38075 0.57645 -0.87639)
(-0.38304 0.57730 -0.89945)
(-0.36825 0.54522 -0.96632)
(-0.38063 0.55065 -0.97888)
(-0.37799 0.53166 -1.02140)
(-0.38194 0.53093 -1.02330)
(-0.38335 0.52624 -1.02930)
(-0.39653 0.53246 -1.04010)
(-0.40701 0.53785 -1.03550)
(-0.41681 0.54104 -1.03680)
(-0.41973 0.54226 -1.03360)
(-0.42890 0.54750 -0.99893)
(-0.43427 0.54816 -0.98459)
(-0.41172 0.53339 -0.95324)
(-0.41742 0.52033 -0.90998)
(-0.37732 0.49273 -0.83964)
(-0.37619 0.47391 -0.78867)
(-0.32450 0.44808 -0.74306)
(-0.37487 0.44430 -0.74618)
(-0.32851 0.40625 -0.65290)
(-0.30541 0.37933 -0.58288)
(-0.29618 0.34795 -0.52572)
(-0.26462 0.31633 -0.44036)
(-0.10600 0.11996 -0.14800)
(-0.00687 0.00824 -0.00909)
(-0.00204 -0.00092 0.00136)
(-0.01429 -0.01387 0.01470)
(-0.01687 -0.02773 0.02451)
(-0.01357 -0.03850 0.02736)
(-0.00462 -0.04126 0.02763)
(0.01365 -0.05493 0.05860)
(0.02870 -0.07877 0.08782)
(0.04053 -0.08065 0.08748)
(0.03472 -0.08387 0.10489)
(0.03667 -0.08240 0.13535)
(0.02481 -0.06160 0.18164)
(-0.01032 -0.02466 0.18060)
(-0.05273 0.02263 0.17846)
(-0.05648 0.02588 0.14878)
(-0.10181 0.08931 0.14763)
(-0.16827 0.17341 0.04152)
(-0.28897 0.34562 -0.16259)
(-0.28990 0.37106 -0.23114)
(-0.33608 0.45665 -0.34374)
(-0.35757 0.49643 -0.40561)
(-0.39062 0.56652 -0.53954)
(-0.41337 0.61528 -0.61061)
(-0.40782 0.61338 -0.66369)
(-0.40156 0.60996 -0.74316)
(-0.39745 0.60807 -0.79406)
(-0.38933 0.59380 -0.83905)
(-0.38996 0.58962 -0.85849)
(-0.37631 0.56205 -0.92690)
(-0.38580 0.55803 -0.95538)
(-0.37611 0.53682 -0.99724)
(-0.37774 0.52929 -1.01150)
(-0.39580 0.53144 -1.01910)
(-0.39722 0.52818 -1.03350)
(-0.41557 0.53921 -1.02470)
(-0.41867 0.54155 -1.03590)
(-0.44415 0.55209 -1.02680)
(-0.43997 0.54816 -1.01230)
(-0.47681 0.55851 -0.98747)
(-0.45443 0.55001 -0.97235)
(-0.43918 0.52084 -0.91659)
(-0.41716 0.51639 -0.89730)
(-0.40609 0.50352 -0.86357)
(-0.43500 0.49569 -0.84087)
(-0.42752 0.48502 -0.82945)
(-0.38281 0.44951 -0.75417)
(-0.32927 0.38782 -0.62758)
(-0.31585 0.35920 -0.54853)
(-0.29935 0.33593 -0.48208)
(-0.19651 0.21053 -0.27346)
(-0.09094 0.10012 -0.12024)
(-0.01332 0.01461 -0.01685)
(0.00146 0.00079 -0.00111)
(-0.00552 -0.00299 0.00393)
(-0.01518 -0.01609 0.01257)
(-0.02326 -0.03078 0.02634)
(-0.02129 -0.03509 0.02647)
(-0.01739 -0.03926 0.03004)
(0.00013 -0.05087 0.05649)
(-0.01694 -0.04017 0.03269)
(0.00594 -0.05825 0.07856)
(0.02620 -0.07835 0.09442)
(0.02903 -0.08036 0.10580)
(-0.00898 -0.04612 0.10880)
(0.01317 -0.05356 0.14972)
(-0.02751 -0.01749 0.13208)
(-0.11334 0.07535 0.07631)
(-0.12341 0.09552 0.10361)
(-0.15451 0.11750 0.05240)
(-0.17015 0.16035 0.02247)
(-0.29763 0.34849 -0.16446)
(-0.31310 0.38202 -0.21382)
(-0.33244 0.41290 -0.25397)
(-0.36720 0.47933 -0.35482)
(-0.40869 0.58945 -0.53846)
(-0.42285 0.62022 -0.55599)
(-0.43308 0.64788 -0.62807)
(-0.42063 0.63243 -0.68156)
(-0.40774 0.62045 -0.72591)
(-0.40405 0.62100 -0.77672)
(-0.39901 0.61193 -0.80461)
(-0.39662 0.60788 -0.81745)
(-0.37904 0.56739 -0.89994)
(-0.38658 0.56092 -0.94802)
(-0.38613 0.55498 -0.96252)
(-0.38074 0.54162 -0.98179)
(-0.40325 0.54213 -0.98980)
(-0.41335 0.53999 -1.01330)
(-0.44056 0.55048 -0.99931)
(-0.43891 0.54953 -1.01700)
(-0.45488 0.55505 -1.00950)
(-0.47821 0.56083 -0.99339)
(-0.48530 0.56241 -0.98599)
(-0.48144 0.55891 -0.98061)
(-0.48575 0.55893 -0.97401)
(-0.44547 0.50928 -0.86715)
(-0.44555 0.49954 -0.84205)
(-0.43052 0.48315 -0.82079)
(-0.43513 0.46518 -0.78218)
(-0.40460 0.44318 -0.73708)
(-0.36470 0.39894 -0.63326)
(-0.38048 0.38354 -0.56962)
(-0.36577 0.36927 -0.52964)
(-0.31753 0.30580 -0.39585)
(-0.20385 0.17590 -0.19017)
(-0.02119 0.01800 -0.01799)
(-0.02153 0.01751 -0.01711)
(-0.00504 -0.00200 0.00384)
(-0.02186 -0.02007 0.02005)
(-0.02533 -0.03448 0.02585)
(-0.02286 -0.03634 0.02745)
(-0.02026 -0.03852 0.02961)
(-0.01992 -0.03945 0.03145)
(-0.01202 -0.04571 0.06213)
(-0.00217 -0.05583 0.07338)
(0.02293 -0.07748 0.09832)
(-0.02817 -0.03236 0.09149)
(-0.05275 -0.00361 0.10184)
(-0.13658 0.09315 0.05820)
(-0.15835 0.11595 0.04120)
(-0.17497 0.13924 0.03458)
(-0.23566 0.23430 -0.05654)
(-0.31841 0.37914 -0.20437)
(-0.32970 0.38084 -0.20287)
(-0.33784 0.41048 -0.24207)
(-0.39733 0.50091 -0.34429)
(-0.43235 0.58117 -0.45264)
(-0.41896 0.56879 -0.45877)
(-0.43451 0.61716 -0.52294)
(-0.44472 0.64673 -0.59915)
(-0.44302 0.65120 -0.61497)
(-0.42200 0.63414 -0.70467)
(-0.40308 0.62015 -0.79261)
(-0.40027 0.61553 -0.80491)
(-0.39427 0.60401 -0.82797)
(-0.38359 0.57644 -0.89090)
(-0.38742 0.55902 -0.95316)
(-0.39655 0.55820 -0.95562)
(-0.40701 0.54736 -0.97511)
(-0.41425 0.54722 -0.99061)
(-0.44487 0.55338 -0.99237)
(-0.45077 0.55575 -0.99686)
(-0.46101 0.56089 -0.99409)
(-0.48857 0.56563 -0.99012)
(-0.49522 0.56715 -0.98408)
(-0.49089 0.56297 -0.97960)
(-0.49758 0.56337 -0.97326)
(-0.47695 0.52947 -0.88685)
(-0.49171 0.51218 -0.83083)
(-0.47697 0.46607 -0.73517)
(-0.46073 0.44643 -0.69044)
(-0.41489 0.42167 -0.66844)
(-0.39319 0.37426 -0.52119)
(-0.38281 0.36537 -0.50396)
(-0.32416 0.27441 -0.30910)
(-0.24155 0.20039 -0.21182)
(-0.13173 0.10817 -0.11013)
(-0.25192 0.20065 -0.20516)
(-0.03558 0.02764 -0.02608)
(-0.00128 -0.00052 0.00102)
(-0.00991 -0.00405 0.00773)
(-0.00645 -0.00263 0.00532)
(-0.02443 -0.01012 0.01872)
(-0.03410 -0.02579 0.02669)
(-0.03296 -0.02871 0.03101)
(-0.02632 -0.03543 0.02686)
(-0.03062 -0.03460 0.02936)
(-0.02290 -0.03770 0.02889)
(-0.03202 -0.03499 0.03589)
(-0.02997 -0.03471 0.04265)
(-0.02442 -0.03615 0.05626)
(-0.05026 -0.01391 0.06346)
(-0.04888 -0.01648 0.07528)
(-0.08857 0.01597 0.06382)
(-0.12581 0.06934 0.05557)
(-0.16696 0.11906 0.02874)
(-0.18204 0.14157 0.02117)
(-0.23536 0.19520 -0.02641)
(-0.38611 0.38686 -0.19512)
(-0.34724 0.40915 -0.23493)
(-0.43401 0.52085 -0.33306)
(-0.48688 0.62147 -0.43005)
(-0.45905 0.63398 -0.51755)
(-0.46234 0.66209 -0.57257)
(-0.45009 0.65714 -0.60419)
(-0.44322 0.65801 -0.66005)
(-0.42233 0.64400 -0.74813)
(-0.40358 0.62364 -0.79267)
(-0.39700 0.61027 -0.81844)
(-0.39429 0.59132 -0.86483)
(-0.39073 0.56525 -0.92865)
(-0.40308 0.56309 -0.93432)
(-0.41229 0.55299 -0.94843)
(-0.41958 0.55127 -0.97811)
(-0.44644 0.55457 -0.98582)
(-0.45616 0.55871 -0.99046)
(-0.46903 0.56494 -0.98804)
(-0.49625 0.57243 -0.98015)
(-0.51448 0.57703 -0.98110)
(-0.50153 0.56772 -0.97816)
(-0.53297 0.57228 -0.94510)
(-0.52817 0.55651 -0.90465)
(-0.54343 0.54513 -0.85807)
(-0.50822 0.49785 -0.77351)
(-0.48863 0.46171 -0.69310)
(-0.47589 0.44820 -0.66875)
(-0.44972 0.41510 -0.58363)
(-0.38615 0.33049 -0.41211)
(-0.33806 0.27694 -0.30747)
(-0.34053 0.27004 -0.28802)
(-0.33526 0.25850 -0.26131)
(-0.22515 0.17103 -0.16577)
(-0.03904 0.02701 -0.02103)
(0.03132 -0.02130 0.01572)
(-0.00059 -0.00027 0.00063)
(-0.00726 -0.00331 0.00762)
(-0.03723 -0.01744 0.02759)
(-0.02215 -0.01057 0.01866)
(-0.03990 -0.02191 0.02828)
(-0.03481 -0.02780 0.02615)
(-0.03444 -0.03027 0.02442)
(-0.03339 -0.03206 0.03304)
(-0.03779 -0.02723 0.03429)
(-0.03899 -0.02897 0.04137)
(-0.03713 -0.03360 0.03718)
(-0.05991 -0.01442 0.03230)
(-0.07364 -0.00566 0.05547)
(-0.11971 0.03035 0.03255)
(-0.15325 0.07246 0.01412)
(-0.18529 0.10273 -0.00520)
(-0.28177 0.20759 -0.09090)
(-0.19202 0.14676 0.00742)
(-0.28501 0.23689 -0.07899)
(-0.41136 0.38680 -0.21464)
(-0.42501 0.44267 -0.26907)
(-0.46990 0.53764 -0.34136)
(-0.50434 0.60121 -0.40059)
(-0.49315 0.65861 -0.47641)
(-0.50361 0.67896 -0.52259)
(-0.50578 0.71744 -0.57578)
(-0.46467 0.69901 -0.65413)
(-0.45087 0.68504 -0.69578)
(-0.43496 0.66764 -0.73213)
(-0.41447 0.63542 -0.79716)
(-0.40173 0.60502 -0.84280)
(-0.39310 0.58510 -0.88795)
(-0.41192 0.57482 -0.91369)
(-0.41681 0.56558 -0.92649)
(-0.42788 0.55625 -0.95415)
(-0.45951 0.56791 -0.94638)
(-0.46031 0.56110 -0.98376)
(-0.50536 0.58542 -0.97214)
(-0.52911 0.59389 -0.97197)
(-0.57307 0.61204 -0.96037)
(-0.58368 0.60718 -0.94035)
(-0.58509 0.60277 -0.93430)
(-0.58436 0.58212 -0.89599)
(-0.56802 0.55035 -0.84993)
(-0.53597 0.51720 -0.79077)
(-0.53892 0.50172 -0.73642)
(-0.49585 0.45526 -0.67082)
(-0.47493 0.39675 -0.49962)
(-0.44999 0.37166 -0.45212)
(-0.46223 0.36530 -0.42459)
(-0.42887 0.30231 -0.28052)
(-0.35811 0.24455 -0.20066)
(-0.22134 0.13952 -0.09992)
(-0.06356 0.03819 -0.02339)
(0.02446 -0.01295 0.00458)
(-0.00402 -0.00210 0.00431)
(-0.02252 -0.01228 0.02273)
(-0.04102 -0.01641 0.03675)
(-0.04223 -0.01972 0.03358)
(-0.03889 -0.02671 0.03005)
(-0.03626 -0.02951 0.03051)
(-0.04767 -0.01227 0.03306)
(-0.03923 -0.02566 0.03392)
(-0.04571 -0.01938 0.03315)
(-0.05966 -0.00992 0.03623)
(-0.04717 -0.02227 0.03887)
(-0.07822 0.00196 0.02968)
(-0.09368 0.00725 0.03091)
(-0.12742 0.02846 0.00530)
(-0.13822 0.03547 0.00265)
(-0.16494 0.07977 0.00282)
(-0.16772 0.05871 -0.01002)
(-0.21500 0.12065 -0.03309)
(-0.30777 0.20537 -0.11137)
(-0.35853 0.29368 -0.15321)
(-0.42679 0.39025 -0.22844)
(-0.44860 0.43145 -0.24992)
(-0.50974 0.54492 -0.33853)
(-0.58176 0.65488 -0.44173)
(-0.53681 0.67968 -0.47998)
(-0.53032 0.68898 -0.51240)
(-0.53296 0.74925 -0.58969)
(-0.50436 0.72911 -0.62236)
(-0.47374 0.70524 -0.66770)
(-0.44613 0.68569 -0.71817)
(-0.42470 0.64610 -0.77752)
(-0.41568 0.62416 -0.82336)
(-0.39559 0.59362 -0.87165)
(-0.42195 0.58533 -0.88079)
(-0.45123 0.58532 -0.88945)
(-0.44052 0.56290 -0.93110)
(-0.47307 0.57588 -0.93061)
(-0.51103 0.58889 -0.94614)
(-0.54732 0.60625 -0.95391)
(-0.56776 0.61306 -0.95044)
(-0.58216 0.61918 -0.95153)
(-0.63472 0.64189 -0.91747)
(-0.62069 0.61928 -0.90615)
(-0.65367 0.63856 -0.88457)
(-0.60071 0.57908 -0.81665)
(-0.58099 0.54703 -0.77838)
(-0.61120 0.55352 -0.72627)
(-0.60151 0.53910 -0.70302)
(-0.56803 0.50172 -0.65802)
(-0.59744 0.52793 -0.67177)
(-0.52806 0.43695 -0.53366)
(-0.47875 0.35172 -0.36830)
(-0.47103 0.34234 -0.34889)
(-0.42164 0.26574 -0.19352)
(-0.13184 0.07756 -0.04297)
(-0.02075 0.01073 -0.00231)
(0.00799 -0.00408 0.00076)
(-0.00076 -0.00039 0.00087)
(-0.01201 -0.00624 0.01334)
(-0.03118 -0.01714 0.03268)
(-0.03819 -0.01532 0.03746)
(-0.03946 -0.01352 0.03745)
(-0.03864 -0.01709 0.03561)
(-0.04021 -0.01802 0.03514)
(-0.05583 -0.00389 0.03395)
(-0.05809 -0.00349 0.03315)
(-0.06191 -0.00018 0.03238)
(-0.08639 0.01030 0.02749)
(-0.13089 0.03152 0.00228)
(-0.14194 0.03861 -0.00178)
(-0.15867 0.05017 -0.01178)
(-0.24665 0.13885 -0.06679)
(-0.32566 0.21276 -0.13515)
(-0.37780 0.29556 -0.16935)
(-0.46199 0.38991 -0.24676)
(-0.47782 0.44309 -0.27813)
(-0.51185 0.46326 -0.31296)
(-0.55066 0.57639 -0.37897)
(-0.59235 0.65486 -0.44336)
(-0.58706 0.67477 -0.45861)
(-0.57616 0.68724 -0.49208)
(-0.55136 0.73693 -0.56605)
(-0.52690 0.74825 -0.60421)
(-0.49825 0.72678 -0.64422)
(-0.47898 0.70945 -0.69572)
(-0.43563 0.65711 -0.76870)
(-0.43634 0.63765 -0.79487)
(-0.42299 0.61501 -0.83154)
(-0.43432 0.59410 -0.86800)
(-0.45548 0.58755 -0.88250)
(-0.46028 0.58498 -0.89192)
(-0.48100 0.58364 -0.90409)
(-0.52480 0.59753 -0.93815)
(-0.55832 0.61254 -0.92960)
(-0.60482 0.64178 -0.90843)
(-0.61344 0.64049 -0.92732)
(-0.66270 0.66270 -0.88826)
(-0.66115 0.65661 -0.88341)
(-0.66665 0.65832 -0.87276)
(-0.63756 0.61216 -0.81235)
(-0.62753 0.57265 -0.73170)
(-0.60768 0.54185 -0.68474)
(-0.58165 0.50059 -0.61038)
(-0.54138 0.43521 -0.50312)
(-0.53020 0.42359 -0.41904)
(-0.50556 0.38306 -0.37051)
(-0.48390 0.35604 -0.31847)
(-0.42397 0.28054 -0.18032)
(-0.14798 0.08269 -0.03081)
(-0.01075 0.00570 -0.00177)
(-0.00053 -0.00006 0.00074)
(-0.01585 -0.00203 0.02181)
(-0.03616 -0.00356 0.04353)
(-0.04273 -0.00226 0.04823)
(-0.04032 -0.00533 0.04386)
(-0.03836 -0.01306 0.04333)
(-0.04560 -0.00719 0.04024)
(-0.03895 -0.01416 0.04234)
(-0.05578 -0.00165 0.03475)
(-0.05895 -0.00091 0.03372)
(-0.05939 0.00164 0.03442)
(-0.06340 0.00262 0.03255)
(-0.06702 0.00416 0.03106)
(-0.13295 0.04031 -0.00372)
(-0.14422 0.04059 -0.00474)
(-0.16094 0.05142 -0.01503)
(-0.27291 0.15767 -0.09088)
(-0.31919 0.20214 -0.13184)
(-0.41343 0.31378 -0.21091)
(-0.49531 0.40602 -0.28336)
(-0.51802 0.43444 -0.30460)
(-0.55205 0.56485 -0.38459)
(-0.60387 0.65603 -0.44844)
(-0.59725 0.67374 -0.45933)
(-0.59976 0.68901 -0.47374)
(-0.58348 0.73731 -0.56039)
(-0.53804 0.75393 -0.59915)
(-0.53002 0.74487 -0.62818)
(-0.46848 0.68419 -0.72808)
(-0.43681 0.63053 -0.80403)
(-0.45335 0.62139 -0.82299)
(-0.46469 0.58755 -0.88452)
(-0.53193 0.60281 -0.90175)
(-0.57110 0.62625 -0.90368)
(-0.63510 0.66050 -0.90129)
(-0.66884 0.66550 -0.87788)
(-0.67151 0.66090 -0.86084)
(-0.61787 0.55724 -0.69720)
(-0.57110 0.48921 -0.52496)
(-0.17301 0.10683 -0.04323)
(-0.00276 0.00001 0.00423)
(-0.02361 0.00038 0.03304)
(-0.04433 0.00444 0.05814)
(-0.03564 0.00366 0.04988)
(-0.04438 0.00637 0.05871)
(-0.04362 0.00433 0.05609)
(-0.04812 0.00273 0.04480)
(-0.05565 0.00085 0.03571)
(-0.05963 0.00468 0.03557)
(-0.06467 0.00559 0.03287)
(-0.07404 0.01278 0.03021)
(-0.13131 0.04948 -0.00713)
(-0.15696 0.06927 -0.01836)
(-0.16846 0.06387 -0.02699)
(-0.27233 0.14154 -0.09521)
(-0.26531 0.13915 -0.08522)
(-0.33438 0.20077 -0.14544)
(-0.42827 0.30896 -0.22701)
(-0.41689 0.28501 -0.21873)
(-0.49515 0.39839 -0.28367)
(-0.51935 0.43003 -0.30672)
(-0.55272 0.51159 -0.35666)
(-0.61635 0.62868 -0.44066)
(-0.61361 0.67133 -0.46425)
(-0.60895 0.68829 -0.47734)
(-0.57028 0.74471 -0.58768)
(0.00436 -0.00110 -0.00670)
(-0.01208 0.00327 0.01868)
(-0.04151 0.01220 0.06181)
(-0.04221 0.00722 0.05856)
(-0.04271 0.00767 0.05798)
(-0.04084 0.00818 0.05358)
(-0.04660 0.00624 0.04623)
(-0.05058 0.00878 0.04662)
(-0.04864 0.01040 0.04719)
(-0.05989 0.01427 0.04055)
(-0.07370 0.02148 0.03462)
(-0.09520 0.03679 0.02077)
(-0.13902 0.05718 -0.00689)
(-0.14161 0.05800 -0.00690)
(-0.21224 0.10825 -0.06077)
(-0.26649 0.14660 -0.09479)
(-0.34334 0.21355 -0.15535)
(-0.41371 0.28416 -0.21851)
(-0.49657 0.38700 -0.28588)
(-0.58096 0.50575 -0.36665)
(-0.62484 0.58666 -0.42866)
(0.00434 -0.00152 -0.00653)
(-0.00307 0.00108 0.00461)
(-0.02126 0.00855 0.03182)
(-0.04142 0.01493 0.06137)
(-0.04099 0.01493 0.05994)
(-0.04147 0.01799 0.05816)
(-0.05008 0.02007 0.05276)
(-0.06095 0.02362 0.04556)
(-0.07037 0.02668 0.04043)
(-0.09632 0.04248 0.02064)
(-0.13320 0.05768 -0.00296)
(-0.15495 0.07233 -0.01910)
(-0.20632 0.10760 -0.05764)
(-0.29506 0.17402 -0.12336)
(-0.32371 0.19033 -0.14221)
(-0.37537 0.23086 -0.18555)
(-0.45935 0.32927 -0.25776)
(-0.00105 0.00048 0.00151)
(-0.02439 0.01192 0.03500)
(-0.03361 0.01366 0.04981)
(-0.04274 0.01747 0.06289)
(-0.04204 0.01726 0.06092)
(-0.04280 0.01899 0.06159)
(-0.04768 0.02579 0.06015)
(-0.05611 0.03054 0.05354)
(-0.06406 0.03168 0.04516)
(-0.06751 0.03718 0.04990)
(-0.09172 0.05256 0.03177)
(-0.11112 0.06394 0.01697)
(-0.12144 0.06174 0.00564)
(-0.12761 0.07645 0.01047)
(-0.15747 0.08737 -0.01477)
(-0.23183 0.13040 -0.07430)
(-0.00296 0.00159 0.00424)
(-0.03576 0.01720 0.04942)
(-0.04369 0.01949 0.06381)
(-0.05066 0.02893 0.07416)
(-0.04489 0.02202 0.06754)
(-0.04866 0.02636 0.06641)
(-0.05435 0.03450 0.06120)
(-0.06689 0.03770 0.05143)
(-0.09905 0.06145 0.03373)
(-0.11895 0.07321 0.01750)
(0.00063 -0.00037 -0.00092)
(-0.01714 0.00987 0.02447)
(-0.04072 0.02620 0.05956)
(-0.50803 0.72840 -0.67483)
(-0.44280 0.64381 -0.78783)
(-0.45979 0.58938 -0.87485)
(-0.49616 0.59474 -0.88065)
(-0.61780 0.65073 -0.89097)
(-0.66221 0.66662 -0.88079)
(-0.67312 0.66757 -0.86691)
(-0.65762 0.61940 -0.74737)
(-0.60087 0.55664 -0.63852)
(-0.56013 0.46139 -0.44246)
(-0.52454 0.41664 -0.39409)
(-0.43722 0.29464 -0.17397)
(-0.42757 0.28230 -0.15412)
(-0.41655 0.26790 -0.13125)
(-0.03879 0.02344 -0.00843)
(-0.60918 0.73350 -0.54582)
(-0.54623 0.74470 -0.62999)
(-0.51530 0.72124 -0.66771)
(-0.49394 0.70506 -0.70394)
(-0.45148 0.65854 -0.77295)
(-0.44273 0.63508 -0.79741)
(-0.45708 0.62129 -0.81629)
(-0.47488 0.60008 -0.83906)
(-0.46831 0.58941 -0.87670)
(-0.51518 0.60257 -0.86174)
(-0.53872 0.60580 -0.89348)
(-0.58823 0.63429 -0.89040)
(-0.61890 0.65245 -0.88457)
(-0.63020 0.66037 -0.88942)
(-0.66705 0.68659 -0.87543)
(-0.67469 0.67460 -0.87217)
(-0.67779 0.67659 -0.86091)
(-0.68585 0.67585 -0.84306)
(-0.67345 0.67000 -0.75790)
(-0.63685 0.59613 -0.70054)
(-0.61689 0.57736 -0.61490)
(-0.58576 0.52189 -0.52418)
(-0.56410 0.48583 -0.42934)
(-0.49179 0.38265 -0.27724)
(-0.43359 0.29774 -0.16411)
(-0.41622 0.27543 -0.13071)
(-0.15759 0.10022 -0.03928)
(-0.01562 0.00973 -0.00337)
(-0.66667 0.65932 -0.47816)
(-0.64545 0.71495 -0.51917)
(-0.63994 0.72733 -0.53278)
(-0.61224 0.76467 -0.58491)
(-0.58519 0.75096 -0.60541)
(-0.54470 0.73919 -0.65641)
(-0.49960 0.71224 -0.70529)
(-0.48652 0.68662 -0.73645)
(-0.44733 0.63975 -0.79123)
(-0.46913 0.65761 -0.77132)
(-0.45307 0.62196 -0.80725)
(-0.47931 0.59815 -0.82343)
(-0.49911 0.59851 -0.84908)
(-0.51625 0.60268 -0.85451)
(-0.55196 0.61056 -0.87200)
(-0.58478 0.63326 -0.86738)
(-0.60858 0.64932 -0.86665)
(-0.64094 0.67233 -0.88238)
(-0.67074 0.70007 -0.86194)
(-0.68251 0.69626 -0.85422)
(-0.69142 0.70788 -0.82327)
(-0.69146 0.69843 -0.80328)
(-0.69102 0.69805 -0.74954)
(-0.66347 0.66671 -0.69833)
(-0.61862 0.59053 -0.57374)
(-0.58623 0.52923 -0.49591)
(-0.58553 0.56621 -0.49761)
(-0.54616 0.48765 -0.39369)
(-0.51948 0.44225 -0.34113)
(-0.50999 0.45377 -0.33153)
(-0.44474 0.32103 -0.18356)
(-0.40840 0.27987 -0.12888)
(-0.19948 0.13193 -0.04621)
(-0.04465 0.02862 -0.00551)
(0.01708 -0.01084 0.00176)
(-0.53997 0.41639 -0.33380)
(-0.59835 0.50923 -0.38594)
(-0.62749 0.57419 -0.43014)
(-0.66131 0.64431 -0.47814)
(-0.66006 0.70567 -0.51660)
(-0.65704 0.72939 -0.55730)
(-0.61678 0.75886 -0.58516)
(-0.59705 0.74461 -0.61273)
(-0.55300 0.73870 -0.66967)
(-0.53582 0.72919 -0.68582)
(-0.50468 0.69666 -0.72319)
(-0.49180 0.66893 -0.76385)
(-0.47945 0.63295 -0.79720)
(-0.48477 0.62310 -0.80543)
(-0.48375 0.59821 -0.82551)
(-0.52598 0.60178 -0.83802)
(-0.55466 0.61514 -0.83587)
(-0.56788 0.62068 -0.85709)
(-0.58672 0.63680 -0.85432)
(-0.63496 0.67200 -0.85776)
(-0.65260 0.68406 -0.86064)
(-0.66714 0.70494 -0.84031)
(-0.68586 0.71895 -0.84449)
(-0.68389 0.72002 -0.81198)
(-0.68419 0.70634 -0.79738)
(-0.67051 0.71950 -0.76972)
(-0.66967 0.69255 -0.73835)
(-0.63598 0.65562 -0.62971)
(-0.62374 0.62491 -0.59404)
(-0.58963 0.60174 -0.51914)
(-0.55712 0.53628 -0.43211)
(-0.48509 0.42258 -0.28006)
(-0.50647 0.48080 -0.32613)
(-0.44684 0.38162 -0.20021)
(-0.38575 0.31757 -0.15294)
(-0.04302 0.03187 -0.00552)
(0.03526 -0.02497 0.00213)
(-0.29185 0.25460 -0.10503)
(-0.29317 0.17517 -0.12266)
(-0.31760 0.19181 -0.14134)
(-0.33920 0.20966 -0.15906)
(-0.44694 0.31619 -0.25163)
(-0.53673 0.41008 -0.33042)
(-0.57140 0.45806 -0.35366)
(-0.56586 0.45380 -0.35942)
(-0.61362 0.53096 -0.40919)
(-0.65047 0.61144 -0.46178)
(-0.65816 0.67597 -0.51289)
(-0.65873 0.72983 -0.55969)
(-0.64770 0.73972 -0.57232)
(-0.59884 0.74185 -0.62446)
(-0.54144 0.73102 -0.68219)
(-0.52997 0.72167 -0.69481)
(-0.51126 0.67806 -0.75391)
(-0.48510 0.65467 -0.77860)
(-0.50815 0.62729 -0.80712)
(-0.49781 0.61098 -0.81669)
(-0.51610 0.62100 -0.80909)
(-0.54194 0.60990 -0.83215)
(-0.55265 0.61439 -0.83379)
(-0.56317 0.61973 -0.83586)
(-0.62109 0.66239 -0.84571)
(-0.64458 0.68208 -0.85700)
(-0.63943 0.67732 -0.85444)
(-0.65592 0.70143 -0.84289)
(-0.68186 0.72426 -0.82657)
(-0.66700 0.71539 -0.81659)
(-0.66971 0.72621 -0.78517)
(-0.65676 0.72271 -0.74734)
(-0.66329 0.72096 -0.74125)
(-0.61543 0.64865 -0.60601)
(-0.60092 0.61999 -0.55079)
(-0.58614 0.60505 -0.51868)
(-0.57391 0.58801 -0.48647)
(-0.46297 0.46491 -0.29371)
(-0.44203 0.43323 -0.24744)
(-0.39922 0.38435 -0.17994)
(-0.22320 0.19728 -0.06174)
(-0.02705 0.02279 -0.00541)
(-0.11900 0.10864 -0.01823)
(-0.02253 0.02022 -0.00268)
(-0.12731 0.07817 0.01154)
(-0.13576 0.08182 0.00425)
(-0.18864 0.11504 -0.03753)
(-0.29103 0.17587 -0.12161)
(-0.31282 0.19093 -0.13844)
(-0.30723 0.18927 -0.13473)
(-0.33409 0.20821 -0.15580)
(-0.45779 0.33335 -0.26255)
(-0.40222 0.27141 -0.20718)
(-0.49985 0.38139 -0.29058)
(-0.55878 0.43862 -0.33848)
(-0.63877 0.56946 -0.42344)
(-0.65046 0.59263 -0.43589)
(-0.65594 0.65305 -0.48865)
(-0.66229 0.72838 -0.55658)
(-0.65180 0.73624 -0.56881)
(-0.64477 0.74047 -0.57798)
(-0.61676 0.74189 -0.61156)
(-0.54635 0.73334 -0.67895)
(-0.53572 0.72503 -0.69022)
(-0.52237 0.69596 -0.74088)
(-0.49940 0.65780 -0.77676)
(-0.51619 0.62975 -0.80347)
(-0.52007 0.62489 -0.80787)
(-0.53184 0.61740 -0.82162)
(-0.55147 0.61360 -0.83242)
(-0.56156 0.61904 -0.83426)
(-0.56007 0.61806 -0.83298)
(-0.60805 0.65295 -0.83513)
(-0.61100 0.66447 -0.81755)
(-0.63569 0.69314 -0.81796)
(-0.64596 0.70934 -0.80760)
(-0.65753 0.72575 -0.75613)
(-0.65225 0.72191 -0.74427)
(-0.65192 0.71947 -0.73627)
(-0.61120 0.66614 -0.62666)
(-0.59689 0.62205 -0.54896)
(-0.58315 0.60788 -0.51845)
(-0.57108 0.59075 -0.48598)
(-0.52486 0.55481 -0.42097)
(-0.43817 0.44868 -0.26735)
(-0.34968 0.34571 -0.12989)
(-0.10061 0.09865 -0.02008)
(0.02104 -0.01985 0.00288)
(-0.00732 0.00707 -0.00118)
(-0.05503 0.03469 0.07937)
(-0.05717 0.04076 0.07805)
(-0.05346 0.03474 0.07138)
(-0.05846 0.04138 0.06877)
(-0.06213 0.04415 0.07288)
(-0.06988 0.04895 0.06536)
(-0.09547 0.06120 0.03927)
(-0.11833 0.07427 0.01891)
(-0.11797 0.07547 0.02062)
(-0.12700 0.07971 0.01292)
(-0.13658 0.08430 0.00439)
(-0.18895 0.12149 -0.03752)
(-0.26450 0.16685 -0.09956)
(-0.27653 0.17979 -0.09889)
(-0.39018 0.27266 -0.19065)
(-0.49507 0.37232 -0.28471)
(-0.53565 0.42761 -0.32437)
(-0.63284 0.56072 -0.41537)
(-0.64551 0.58459 -0.42902)
(-0.65639 0.62872 -0.46473)
(-0.66224 0.67452 -0.50344)
(-0.65606 0.73440 -0.56502)
(-0.64813 0.73900 -0.57525)
(-0.62468 0.73169 -0.62490)
(-0.57535 0.73465 -0.66521)
(-0.55326 0.71609 -0.70678)
(-0.54114 0.69587 -0.73918)
(-0.51425 0.66891 -0.76321)
(-0.51845 0.63386 -0.80161)
(-0.52411 0.62890 -0.80671)
(-0.53423 0.62336 -0.81605)
(-0.55416 0.61732 -0.82722)
(-0.56141 0.61679 -0.82628)
(-0.57727 0.63080 -0.82461)
(-0.60304 0.65095 -0.81892)
(-0.60869 0.66732 -0.80460)
(-0.62297 0.68555 -0.80232)
(-0.63072 0.70261 -0.78791)
(-0.63751 0.70673 -0.78383)
(-0.65709 0.72211 -0.77414)
(-0.65009 0.72272 -0.74695)
(-0.64442 0.71904 -0.73411)
(-0.64663 0.71839 -0.73158)
(-0.61875 0.69377 -0.66794)
(-0.59344 0.63856 -0.56216)
(-0.55205 0.62540 -0.54110)
(-0.53258 0.58633 -0.47200)
(-0.45491 0.52235 -0.34960)
(-0.44143 0.47666 -0.28821)
(-0.40703 0.42460 -0.21839)
(-0.37553 0.38698 -0.18292)
(-0.25464 0.26117 -0.07732)
(-0.05489 0.05446 -0.01080)
(-0.00357 0.00221 0.00503)
(-0.00896 0.00585 0.01294)
(-0.05509 0.03589 0.07524)
(-0.05633 0.03632 0.07600)
(-0.05657 0.03317 0.07710)
(-0.06097 0.03948 0.07374)
(-0.06402 0.04292 0.07456)
(-0.07041 0.04385 0.06659)
(-0.08703 0.05493 0.05428)
(-0.08850 0.05573 0.05169)
(-0.12083 0.07828 0.02226)
(-0.13790 0.08617 0.01358)
(-0.15899 0.10175 -0.00647)
(-0.22283 0.14679 -0.05758)
(-0.24952 0.16803 -0.07982)
(-0.34036 0.23173 -0.14767)
(-0.36382 0.25072 -0.16486)
(-0.46217 0.33908 -0.25323)
(-0.50488 0.39996 -0.28974)
(-0.58924 0.49726 -0.37107)
(-0.57264 0.48525 -0.37251)
(-0.65946 0.61276 -0.46728)
(-0.64360 0.63320 -0.49670)
(-0.65176 0.70279 -0.54775)
(-0.64233 0.70292 -0.57360)
(-0.63463 0.70290 -0.59485)
(-0.59563 0.73744 -0.66054)
(-0.58697 0.71731 -0.68550)
(-0.57820 0.69505 -0.73031)
(-0.54585 0.67723 -0.76003)
(-0.55843 0.65950 -0.77423)
(-0.55750 0.64343 -0.79278)
(-0.53980 0.62074 -0.81319)
(-0.55295 0.62015 -0.81293)
(-0.56998 0.61999 -0.81999)
(-0.57514 0.62828 -0.81407)
(-0.60122 0.64888 -0.81387)
(-0.58831 0.64498 -0.79328)
(-0.61323 0.67789 -0.79241)
(-0.59689 0.67809 -0.75043)
(-0.60333 0.68478 -0.73632)
(-0.60678 0.69551 -0.70618)
(-0.57343 0.66240 -0.61684)
(-0.54552 0.64908 -0.61374)
(-0.56912 0.66929 -0.59999)
(-0.48363 0.58559 -0.47232)
(-0.47111 0.54872 -0.40942)
(-0.42984 0.50921 -0.33563)
(-0.40054 0.45120 -0.24704)
(-0.35079 0.40531 -0.19271)
(-0.21330 0.24944 -0.07846)
(-0.10513 0.12285 -0.03496)
(-0.03916 0.04566 -0.01209)
(-0.00253 0.00124 0.00389)
(-0.04610 0.02878 0.06333)
(-0.05712 0.03287 0.07936)
(-0.05757 0.02868 0.07915)
(-0.05806 0.02926 0.07863)
(-0.05904 0.03030 0.07753)
(-0.06624 0.04327 0.07422)
(-0.06234 0.03275 0.07607)
(-0.08600 0.05496 0.05940)
(-0.09735 0.06041 0.04936)
(-0.10946 0.06533 0.03972)
(-0.12392 0.07607 0.03458)
(-0.17324 0.11283 -0.00777)
(-0.22814 0.15351 -0.06022)
(-0.23900 0.15970 -0.06335)
(-0.31061 0.21569 -0.12142)
(-0.34097 0.24193 -0.13441)
(-0.40873 0.29448 -0.19786)
(-0.51866 0.42276 -0.30773)
(-0.53995 0.45029 -0.35923)
(-0.59905 0.53841 -0.42244)
(-0.60488 0.57265 -0.45247)
(-0.65075 0.66540 -0.52047)
(-0.61301 0.59898 -0.47625)
(-0.65366 0.68999 -0.55402)
(-0.63880 0.68111 -0.58325)
(-0.60274 0.73370 -0.65857)
(-0.60318 0.71018 -0.67063)
(-0.60846 0.67467 -0.71513)
(-0.58147 0.67582 -0.74606)
(-0.60851 0.66693 -0.72442)
(-0.56923 0.66203 -0.77217)
(-0.58226 0.64710 -0.78797)
(-0.58191 0.63756 -0.80016)
(-0.56635 0.62938 -0.80810)
(-0.57229 0.62618 -0.80881)
(-0.57085 0.61980 -0.81650)
(-0.56511 0.61043 -0.79151)
(-0.57383 0.62430 -0.81133)
(-0.57395 0.62256 -0.79024)
(-0.58136 0.63564 -0.78118)
(-0.58440 0.64867 -0.77349)
(-0.57173 0.63704 -0.76750)
(-0.55570 0.63329 -0.72886)
(-0.55302 0.64006 -0.71041)
(-0.56079 0.65854 -0.67602)
(-0.51756 0.62782 -0.58442)
(-0.52802 0.63168 -0.55766)
(-0.48911 0.60680 -0.53716)
(-0.47494 0.58397 -0.48023)
(-0.32781 0.44537 -0.27596)
(-0.38976 0.49459 -0.32271)
(-0.30536 0.41587 -0.22803)
(-0.33613 0.40917 -0.20008)
(-0.30929 0.37451 -0.16761)
(-0.29370 0.40428 -0.21376)
(-0.23764 0.28925 -0.12172)
(-0.04228 0.05359 -0.01047)
(-0.00070 0.00030 0.00110)
(-0.03746 0.01950 0.05175)
(-0.04313 0.01968 0.06031)
(-0.05832 0.02806 0.07865)
(-0.06035 0.03040 0.07725)
(-0.05969 0.02827 0.07807)
(-0.06167 0.03043 0.07709)
(-0.08528 0.05054 0.05969)
(-0.10799 0.06897 0.05305)
(-0.11447 0.06820 0.04590)
(-0.16367 0.10947 0.01303)
(-0.17906 0.11739 0.00557)
(-0.21537 0.14061 -0.03267)
(-0.28035 0.19371 -0.08733)
(-0.31726 0.22195 -0.11386)
(-0.34566 0.24527 -0.13911)
(-0.35282 0.25218 -0.14454)
(-0.48361 0.39405 -0.27069)
(-0.52129 0.42907 -0.34167)
(-0.54428 0.46176 -0.36958)
(-0.55762 0.48961 -0.39436)
(-0.57542 0.54462 -0.44981)
(-0.62424 0.61185 -0.51731)
(-0.61935 0.62532 -0.55662)
(-0.62590 0.67397 -0.60728)
(-0.61136 0.66294 -0.63244)
(-0.61695 0.66827 -0.71035)
(-0.61739 0.66258 -0.71635)
(-0.60933 0.66248 -0.73257)
(-0.60280 0.64449 -0.76210)
(-0.59159 0.63841 -0.78654)
(-0.57515 0.62885 -0.80043)
(-0.58071 0.61531 -0.79542)
(-0.57493 0.61373 -0.78634)
(-0.55976 0.60307 -0.76501)
(-0.55593 0.60200 -0.75785)
(-0.56263 0.62072 -0.75021)
(-0.54491 0.62269 -0.72110)
(-0.53863 0.62117 -0.70870)
(-0.52699 0.63655 -0.64090)
(-0.52106 0.62334 -0.64964)
(-0.52299 0.62868 -0.61962)
(-0.39011 0.52362 -0.43446)
(-0.44546 0.56021 -0.46099)
(-0.37446 0.50932 -0.40879)
(-0.33825 0.45955 -0.30636)
(-0.28740 0.40874 -0.23050)
(-0.28313 0.39962 -0.21416)
(-0.26949 0.34762 -0.15099)
(-0.19951 0.25295 -0.10469)
(-0.24652 0.35596 -0.17877)
(-0.05414 0.07295 -0.01890)
(-0.01068 0.01448 -0.00358)
(0.00089 -0.00030 -0.00157)
(-0.02141 0.00946 0.03084)
(-0.02897 0.01103 0.04465)
(-0.05777 0.02585 0.07901)
(-0.05965 0.02659 0.07836)
(-0.07515 0.04296 0.07921)
(-0.09358 0.05513 0.06434)
(-0.10007 0.05739 0.05973)
(-0.15518 0.10202 0.03178)
(-0.15735 0.10240 0.03168)
(-0.16806 0.11035 0.02307)
(-0.23163 0.15074 -0.04170)
(-0.29966 0.20732 -0.09638)
(-0.32420 0.22777 -0.11878)
(-0.32838 0.23143 -0.12304)
(-0.42984 0.33897 -0.23151)
(-0.52015 0.43218 -0.34758)
(-0.49379 0.41961 -0.34290)
(-0.50600 0.45118 -0.38023)
(-0.57860 0.54664 -0.47265)
(-0.56510 0.54682 -0.49249)
(-0.61084 0.62306 -0.57545)
(-0.61235 0.62490 -0.58738)
(-0.61520 0.62291 -0.64113)
(-0.62275 0.65379 -0.70557)
(-0.61791 0.65852 -0.72305)
(-0.60987 0.62932 -0.73116)
(-0.61015 0.62604 -0.74199)
(-0.58343 0.61378 -0.76324)
(-0.60656 0.60626 -0.74884)
(-0.59026 0.60055 -0.75618)
(-0.58070 0.59591 -0.76403)
(-0.55415 0.59133 -0.75449)
(-0.55644 0.59726 -0.75977)
(-0.55076 0.59447 -0.75142)
(-0.54262 0.59036 -0.74086)
(-0.51022 0.57970 -0.68514)
(-0.53382 0.61150 -0.71242)
(-0.52613 0.60789 -0.69904)
(-0.47204 0.57249 -0.61324)
(-0.46441 0.57766 -0.57199)
(-0.44531 0.55964 -0.55381)
(-0.37466 0.50971 -0.42223)
(-0.35789 0.49445 -0.39479)
(-0.35234 0.48438 -0.35495)
(-0.33956 0.47724 -0.36708)
(-0.27606 0.40116 -0.22539)
(-0.27135 0.39268 -0.21108)
(-0.25954 0.38459 -0.20619)
(-0.21137 0.31619 -0.15700)
(-0.12435 0.18347 -0.08115)
(-0.01808 0.02871 -0.00827)
(0.00981 -0.01591 0.00420)
(0.00385 -0.00099 -0.00703)
(-0.00120 0.00030 0.00249)
(-0.01846 0.00594 0.03327)
(-0.05294 0.02063 0.08257)
(-0.05350 0.01875 0.08480)
(-0.07115 0.03540 0.07883)
(-0.07248 0.03538 0.08439)
(-0.08187 0.04178 0.08036)
(-0.10244 0.05534 0.06304)
(-0.14665 0.09421 0.03943)
(-0.14876 0.09504 0.03927)
(-0.15829 0.10209 0.03255)
(-0.16305 0.10271 0.03132)
(-0.18238 0.11238 0.00190)
(-0.18953 0.11466 -0.00306)
(-0.30193 0.20912 -0.09852)
(-0.30392 0.21057 -0.10187)
(-0.33618 0.23752 -0.12872)
(-0.34557 0.25356 -0.16687)
(-0.44131 0.35395 -0.28356)
(-0.32069 0.24641 -0.15975)
(-0.44977 0.38072 -0.30282)
(-0.47099 0.42256 -0.33929)
(-0.51655 0.47067 -0.40364)
(-0.49930 0.46158 -0.41137)
(-0.60169 0.60054 -0.55921)
(-0.60611 0.60615 -0.57265)
(-0.60634 0.59667 -0.59983)
(-0.59450 0.59129 -0.61918)
(-0.62316 0.65133 -0.71132)
(-0.60640 0.59072 -0.63983)
(-0.62256 0.62485 -0.71103)
(-0.62112 0.60551 -0.71556)
(-0.60380 0.58761 -0.72043)
(-0.59262 0.59672 -0.74687)
(-0.58701 0.59203 -0.74619)
(-0.55520 0.56499 -0.72664)
(-0.51646 0.54797 -0.70875)
(-0.54724 0.58712 -0.74563)
(-0.53698 0.58176 -0.73365)
(-0.46689 0.53175 -0.64737)
(-0.47025 0.54515 -0.64362)
(-0.42478 0.52196 -0.57655)
(-0.39995 0.51271 -0.52152)
(-0.36482 0.49543 -0.43552)
(-0.31847 0.44791 -0.40421)
(-0.34573 0.48291 -0.38642)
(-0.32815 0.46627 -0.35848)
(-0.21597 0.34623 -0.22217)
(-0.24359 0.37914 -0.22799)
(-0.19576 0.32370 -0.16970)
(-0.23745 0.36226 -0.18190)
(-0.06661 0.11056 -0.04057)
(-0.04837 0.09248 -0.02697)
(-0.00112 0.00205 -0.00057)
(0.00530 -0.00130 -0.01107)
(-0.02790 0.00833 0.05352)
(-0.04563 0.01368 0.07965)
(0.00463 -0.00073 -0.00957)
(-0.00637 0.00110 0.01348)
(-0.04852 0.01595 0.08853)
(-0.05134 0.01844 0.08944)
(-0.05546 0.02145 0.08950)
(-0.05052 0.01758 0.09221)
(-0.07541 0.03766 0.08462)
(-0.08716 0.04402 0.08140)
(-0.10845 0.06113 0.06497)
(-0.08230 0.04083 0.08542)
(-0.10168 0.05584 0.07000)
(-0.14980 0.09510 0.03967)
(-0.12823 0.07097 0.05034)
(-0.16259 0.09321 0.01785)
(-0.22027 0.14431 -0.02885)
(-0.14664 0.08372 0.02657)
(-0.20812 0.13945 -0.02819)
(-0.22247 0.15638 -0.05179)
(-0.27349 0.19899 -0.11158)
(-0.27833 0.19848 -0.12116)
(-0.34565 0.28075 -0.19660)
(-0.35504 0.31341 -0.22368)
(-0.46105 0.41999 -0.33930)
(-0.46158 0.43247 -0.36754)
(-0.58300 0.56598 -0.52391)
(-0.56808 0.56514 -0.51829)
(-0.57509 0.56367 -0.55325)
(-0.58275 0.54222 -0.56610)
(-0.59122 0.55189 -0.57813)
(-0.59239 0.57153 -0.64379)
(-0.60435 0.58262 -0.68182)
(-0.56694 0.53992 -0.65397)
(-0.55313 0.53127 -0.66689)
(-0.58384 0.57269 -0.72593)
(-0.58170 0.57837 -0.74637)
(-0.53003 0.52902 -0.70090)
(-0.51122 0.51753 -0.69974)
(-0.46074 0.48310 -0.64052)
(-0.50155 0.53773 -0.68656)
(-0.46301 0.52091 -0.64733)
(-0.41484 0.49130 -0.59140)
(-0.38958 0.47330 -0.55358)
(-0.39721 0.49548 -0.55288)
(-0.36107 0.47404 -0.48658)
(-0.35216 0.46076 -0.49385)
(-0.30852 0.43331 -0.40585)
(-0.32402 0.46049 -0.38702)
(-0.27963 0.40711 -0.36110)
(-0.23393 0.36263 -0.29311)
(-0.32026 0.45833 -0.35482)
(-0.24568 0.37692 -0.25979)
(-0.18206 0.30342 -0.17458)
(-0.12949 0.25482 -0.10383)
(-0.13859 0.25862 -0.10233)
(-0.04913 0.09554 -0.02897)
(0.00362 -0.00737 0.00184)
(-0.00502 0.01002 -0.00279)
(-0.00280 0.00059 0.00686)
(-0.02501 0.00565 0.05249)
(-0.02353 0.00526 0.06442)
(-0.03699 0.00873 0.09449)
(-0.03822 0.00946 0.09617)
(-0.07366 0.03601 0.08721)
(-0.05994 0.02070 0.09375)
(-0.07879 0.03519 0.08982)
(-0.06988 0.02409 0.09235)
(-0.11389 0.06242 0.05300)
(-0.11561 0.06400 0.05067)
(-0.14569 0.08523 0.02228)
(-0.11158 0.07047 0.01856)
(-0.20520 0.14484 -0.05338)
(-0.17620 0.13127 -0.05037)
(-0.28216 0.22555 -0.14251)
(-0.26966 0.23958 -0.15359)
(-0.29717 0.26662 -0.18664)
(-0.30391 0.27837 -0.19513)
(-0.46991 0.44318 -0.37915)
(-0.36488 0.33900 -0.26900)
(-0.48954 0.46598 -0.41909)
(-0.52390 0.50396 -0.47620)
(-0.52830 0.50185 -0.49156)
(-0.52413 0.50269 -0.50170)
(-0.51651 0.48267 -0.52003)
(-0.57503 0.54038 -0.59693)
(-0.53030 0.49963 -0.57811)
(-0.53328 0.50543 -0.59836)
(-0.52929 0.49027 -0.60302)
(-0.49441 0.46314 -0.62329)
(-0.51469 0.48945 -0.65021)
(-0.50575 0.48935 -0.65170)
(-0.48094 0.47166 -0.63035)
(-0.46559 0.46913 -0.63669)
(-0.41363 0.44293 -0.58909)
(-0.44008 0.48159 -0.61452)
(-0.39762 0.45752 -0.56681)
(-0.38070 0.45920 -0.55270)
(-0.30710 0.41114 -0.45384)
(-0.24610 0.35469 -0.37909)
(-0.29247 0.40618 -0.41994)
(-0.27390 0.39926 -0.35869)
(-0.21989 0.35210 -0.28521)
(-0.16392 0.28913 -0.21368)
(-0.14924 0.27028 -0.14107)
(-0.15299 0.26331 -0.16556)
(-0.12387 0.24359 -0.10311)
(-0.11904 0.23570 -0.09746)
(-0.08133 0.16531 -0.06345)
(-0.03002 0.06339 -0.01943)
(0.00114 -0.00294 0.00047)
(0.01123 -0.02264 0.00607)
(-0.00261 0.00055 0.00759)
(-0.01195 0.00259 0.03381)
(-0.01516 0.00338 0.04566)
(-0.03432 0.00801 0.09588)
(-0.03568 0.00859 0.09792)
(-0.04520 0.01432 0.09656)
(-0.03411 0.00801 0.09763)
(-0.04337 0.01232 0.09909)
(-0.05821 0.01874 0.09608)
(-0.06491 0.02113 0.09536)
(-0.05274 0.01612 0.09479)
(-0.06446 0.02059 0.09516)
(-0.06828 0.02688 0.08308)
(-0.07046 0.03121 0.06656)
(-0.08739 0.04462 0.05135)
(-0.09444 0.06510 0.02326)
(-0.10900 0.07812 0.00960)
(-0.10868 0.08129 0.00630)
(-0.19796 0.15896 -0.08025)
(-0.25108 0.22768 -0.13467)
(-0.27393 0.24985 -0.16075)
(-0.27822 0.25916 -0.16557)
(-0.29311 0.27701 -0.18106)
(-0.42483 0.41003 -0.35612)
(-0.44754 0.43316 -0.38365)
(-0.44519 0.43207 -0.39745)
(-0.44252 0.43575 -0.40107)
(-0.45164 0.43697 -0.43542)
(-0.47265 0.44300 -0.49503)
(-0.46772 0.43718 -0.49721)
(-0.46332 0.43094 -0.49741)
(-0.47545 0.44396 -0.56770)
(-0.47855 0.45011 -0.61299)
(-0.46391 0.44116 -0.60377)
(-0.40285 0.40326 -0.55973)
(-0.39176 0.40179 -0.54427)
(-0.30731 0.34618 -0.46059)
(-0.35611 0.40203 -0.52674)
(-0.29571 0.34275 -0.44965)
(-0.29874 0.35790 -0.44937)
(-0.29778 0.39024 -0.44839)
(-0.24340 0.34954 -0.38113)
(-0.22984 0.33881 -0.36042)
(-0.23198 0.34394 -0.35709)
(-0.21675 0.32817 -0.34008)
(-0.20225 0.31929 -0.29592)
(-0.16901 0.28217 -0.21824)
(-0.12985 0.22761 -0.17001)
(-0.14168 0.24183 -0.16511)
(-0.12859 0.23399 -0.14312)
(-0.08908 0.18152 -0.08911)
(-0.06286 0.13328 -0.05932)
(-0.04073 0.09073 -0.02973)
(-0.00415 0.01109 -0.00179)
(0.00153 -0.00503 -0.00072)
(-0.00387 0.00084 0.01217)
(-0.00321 0.00070 0.01088)
(-0.02145 0.00483 0.06683)
(-0.03168 0.00696 0.09904)
(-0.04094 0.01133 0.09942)
(-0.02322 0.00558 0.09527)
(-0.02560 0.00668 0.09443)
(-0.02556 0.00439 0.09216)
(-0.03159 0.01110 0.08118)
(-0.01833 0.00467 0.07863)
(-0.06563 0.03129 0.06020)
(-0.07643 0.05115 0.03660)
(-0.09344 0.06764 0.01921)
(-0.09301 0.07066 0.01636)
(-0.10728 0.08391 0.00494)
(-0.14625 0.13586 -0.03961)
(-0.25119 0.23300 -0.13602)
(-0.25232 0.23892 -0.13670)
(-0.25152 0.25582 -0.14469)
(-0.33504 0.33805 -0.25335)
(-0.37051 0.37472 -0.29456)
(-0.35736 0.37040 -0.29997)
(-0.36003 0.37207 -0.30942)
(-0.35909 0.37077 -0.31354)
(-0.45025 0.42590 -0.46858)
(-0.38715 0.38117 -0.38392)
(-0.44458 0.41913 -0.46957)
(-0.43973 0.41236 -0.47057)
(-0.41369 0.38795 -0.48346)
(-0.36303 0.34138 -0.44702)
(-0.37860 0.34896 -0.49018)
(-0.46357 0.43862 -0.60398)
(-0.38907 0.37416 -0.53091)
(-0.31544 0.30030 -0.44047)
(-0.37544 0.37944 -0.53078)
(-0.29733 0.33232 -0.44898)
(-0.28658 0.32891 -0.43836)
(-0.27687 0.32645 -0.42926)
(-0.24972 0.30860 -0.39690)
(-0.23874 0.34343 -0.38055)
(-0.22704 0.33361 -0.36258)
(-0.20888 0.30716 -0.34493)
(-0.21512 0.32374 -0.34402)
(-0.15405 0.25937 -0.21820)
(-0.16704 0.27103 -0.27418)
(-0.13297 0.22829 -0.19049)
(-0.11133 0.19589 -0.14377)
(-0.11575 0.20858 -0.16751)
(-0.07142 0.13557 -0.07180)
(-0.06736 0.12851 -0.06051)
(-0.01836 0.04612 -0.01511)
(-0.02126 0.04050 -0.01809)
(-0.00286 0.00731 -0.00226)
(-0.01649 0.00353 0.05504)
(-0.00402 0.00085 0.01433)
(-0.00414 0.00248 0.05256)
(-0.01810 0.00188 0.10107)
(-0.01426 0.00537 0.09959)
(-0.01907 0.00336 0.09575)
(-0.01270 -0.00111 0.09095)
(-0.01416 0.00287 0.08133)
(-0.01029 0.00073 0.07958)
(-0.02477 0.00829 0.07719)
(-0.02288 0.01382 0.06839)
(-0.07824 0.05830 0.02527)
(-0.09047 0.07818 0.01029)
(-0.16091 0.16426 -0.05592)
(-0.13883 0.15812 -0.03982)
(-0.17979 0.20249 -0.07533)
(-0.28632 0.30266 -0.19355)
(-0.29858 0.31983 -0.20934)
(-0.31844 0.34368 -0.24975)
(-0.33446 0.35342 -0.27915)
(-0.33445 0.35239 -0.28642)
(-0.32218 0.33280 -0.30549)
(-0.41906 0.40022 -0.43926)
(-0.30993 0.31298 -0.31611)
(-0.32985 0.32428 -0.34638)
(-0.41575 0.39448 -0.44214)
(-0.35163 0.33427 -0.39313)
(-0.32680 0.30865 -0.38869)
(-0.29855 0.27890 -0.37553)
(-0.29005 0.27061 -0.38508)
(-0.27349 0.26376 -0.37913)
(-0.30851 0.30565 -0.44904)
(-0.25210 0.26194 -0.37956)
(-0.27481 0.29971 -0.41762)
(-0.27721 0.31515 -0.42673)
(-0.26414 0.30669 -0.41239)
(-0.25188 0.29918 -0.39922)
(-0.25865 0.31079 -0.40890)
(-0.20783 0.27582 -0.35072)
(-0.17020 0.26010 -0.29606)
(-0.21177 0.31807 -0.34558)
(-0.15050 0.24861 -0.26773)
(-0.14862 0.24386 -0.24942)
(-0.13061 0.22163 -0.20045)
(-0.09434 0.17879 -0.16307)
(-0.08327 0.15862 -0.11443)
(-0.05561 0.10560 -0.05414)
(-0.04641 0.09279 -0.05724)
(-0.04186 0.07946 -0.04003)
(-0.01071 0.02023 -0.00973)
(-0.00366 0.00694 -0.00302)
(0.00003 0.00004 0.00069)
(0.00061 0.00112 0.01869)
(0.00021 0.00018 0.00381)
(-0.00683 0.00174 0.07213)
(-0.00807 0.00251 0.09407)
(0.01364 0.00221 0.05431)
(0.00228 -0.00166 0.09675)
(0.01482 0.00455 0.08929)
(-0.00610 -0.00070 0.08049)
(0.01066 -0.00264 0.07729)
(-0.00720 -0.00203 0.08005)
(0.00528 0.00401 0.07140)
(-0.00738 0.01517 0.06230)
(-0.00363 0.01629 0.05917)
(-0.03756 0.05260 0.03820)
(-0.03679 0.05943 0.03936)
(-0.08220 0.10327 0.02027)
(-0.08214 0.10391 0.02327)
(-0.09746 0.13660 0.00289)
(-0.20089 0.23980 -0.10584)
(-0.13983 0.18432 -0.04661)
(-0.22195 0.26532 -0.12778)
(-0.23124 0.27439 -0.14780)
(-0.25092 0.28899 -0.18661)
(-0.28500 0.31017 -0.23905)
(-0.24386 0.27672 -0.21301)
(-0.21856 0.24735 -0.20540)
(-0.20146 0.22857 -0.21561)
(-0.20559 0.21794 -0.24568)
(-0.24592 0.24792 -0.29310)
(-0.25697 0.24917 -0.31859)
(-0.20578 0.21341 -0.25317)
(-0.23636 0.22870 -0.30259)
(-0.24242 0.23320 -0.32328)
(-0.20583 0.21281 -0.31290)
(-0.23339 0.23555 -0.34473)
(-0.17716 0.20784 -0.30804)
(-0.17070 0.20464 -0.30204)
(-0.19689 0.24087 -0.33436)
(-0.14626 0.20922 -0.28321)
(-0.16554 0.23322 -0.29574)
(-0.13786 0.22238 -0.26937)
(-0.10526 0.19435 -0.23657)
(-0.12117 0.21344 -0.24179)
(-0.10743 0.19756 -0.21236)
(-0.08379 0.17056 -0.17262)
(-0.08861 0.16779 -0.15338)
(-0.07272 0.14649 -0.12936)
(-0.03797 0.08537 -0.07329)
(-0.04059 0.08634 -0.07170)
(-0.00950 0.02104 -0.01756)
(-0.00832 0.01686 -0.00954)
(-0.00677 -0.00220 -0.01735)
(0.00054 0.00016 0.00184)
(0.02217 0.00189 0.07169)
(-0.00057 -0.00006 -0.00108)
(0.01224 0.00100 0.02421)
(0.04325 0.00082 0.07982)
(0.04293 -0.00098 0.08771)
(0.03986 -0.00421 0.07627)
(0.05024 -0.00042 0.08532)
(0.04763 -0.00200 0.08504)
(0.02316 -0.00291 0.06928)
(0.02469 0.00672 0.06609)
(0.00638 0.02366 0.06223)
(0.00785 0.03199 0.06531)
(-0.04727 0.08522 0.02994)
(-0.03387 0.08274 0.03592)
(-0.04566 0.10362 0.03154)
(-0.05103 0.11803 0.02796)
(-0.12862 0.18134 -0.03657)
(-0.05569 0.12517 0.02244)
(-0.17450 0.22425 -0.09936)
(-0.17963 0.23245 -0.11434)
(-0.15444 0.21011 -0.10135)
(-0.16996 0.21678 -0.13470)
(-0.15606 0.19943 -0.14387)
(-0.16089 0.20124 -0.16531)
(-0.13573 0.16885 -0.15635)
(-0.10111 0.13278 -0.14273)
(-0.05266 0.08305 -0.11006)
(-0.19916 0.20124 -0.27299)
(-0.18330 0.18528 -0.25878)
(-0.07500 0.10085 -0.14588)
(-0.09214 0.11137 -0.17050)
(-0.13549 0.14896 -0.22830)
(-0.11032 0.13350 -0.21134)
(-0.05790 0.09040 -0.16005)
(-0.05615 0.09114 -0.16282)
(-0.09381 0.12158 -0.20065)
(-0.15789 0.19128 -0.28548)
(-0.10288 0.13699 -0.21491)
(-0.10139 0.15179 -0.23179)
(-0.12611 0.18102 -0.26080)
(-0.07696 0.14238 -0.20901)
(-0.09441 0.16187 -0.21362)
(-0.08872 0.17316 -0.21185)
(-0.10285 0.18979 -0.22936)
(-0.07274 0.14895 -0.17464)
(-0.08237 0.16274 -0.18661)
(-0.03766 0.10497 -0.10507)
(-0.01580 0.06701 -0.07219)
(-0.00849 0.03827 -0.04032)
(-0.00919 0.02789 -0.02701)
(-0.00370 0.00974 -0.00913)
(0.00099 -0.00227 0.00171)
(0.00203 -0.00674 0.00687)
(0.00273 -0.00626 0.00471)
(-0.00704 -0.00075 -0.01290)
(0.00305 0.00024 0.00492)
(0.02538 0.00120 0.04376)
(-0.00961 -0.00102 -0.01376)
(0.01869 0.00131 0.02795)
(0.04360 0.00120 0.06996)
(0.06132 -0.00681 0.08072)
(0.04326 0.00181 0.06315)
(0.05295 0.00093 0.07937)
(0.06327 0.01174 0.07628)
(0.05148 0.01221 0.07494)
(0.05110 0.02949 0.07637)
(0.01861 0.04063 0.06638)
(0.04729 0.04362 0.07367)
(-0.00215 0.07605 0.05115)
(-0.03497 0.10638 0.03739)
(-0.03782 0.11067 0.03382)
(-0.04152 0.11473 0.02986)
(-0.05942 0.12992 0.01775)
(-0.11744 0.17600 -0.04652)
(-0.10886 0.16908 -0.05361)
(-0.11846 0.17843 -0.07563)
(-0.10602 0.16203 -0.08826)
(-0.08723 0.13976 -0.09584)
(-0.07742 0.12532 -0.09492)
(-0.03859 0.08107 -0.08711)
(-0.01901 0.06014 -0.07542)
(-0.01773 0.05619 -0.07827)
(-0.03764 0.07205 -0.11025)
(-0.04359 0.07731 -0.14336)
(-0.04199 0.07774 -0.14512)
(-0.02922 0.06796 -0.13256)
(-0.03736 0.07656 -0.14355)
(-0.04558 0.08546 -0.15388)
(-0.02904 0.08047 -0.13988)
(-0.01072 0.06850 -0.11388)
(-0.03122 0.09456 -0.13935)
(-0.06817 0.13008 -0.18292)
(-0.04082 0.10691 -0.13980)
(-0.03860 0.10996 -0.14064)
(-0.04039 0.11508 -0.14115)
(-0.04920 0.12967 -0.15682)
(-0.01361 0.07324 -0.08423)
(-0.00626 0.03356 -0.03604)
(-0.00293 0.01583 -0.01684)
(0.00009 -0.00050 0.00053)
(0.00091 -0.00582 0.00617)
(0.00133 -0.00741 0.00781)
(-0.00017 -0.00002 -0.00024)
(-0.00280 -0.00060 -0.00309)
(0.01313 0.00127 0.01784)
(0.06823 0.00472 0.06213)
(0.03795 0.00668 0.02709)
(0.07752 0.02075 0.07419)
(0.06384 0.02347 0.07822)
(0.06469 0.03248 0.07585)
(0.08406 0.03335 0.07969)
(0.06562 0.03708 0.07769)
(0.06086 0.03924 0.07714)
(0.05869 0.04264 0.07862)
(0.02791 0.07204 0.06639)
(-0.02106 0.09904 0.04405)
(-0.02503 0.10227 0.04067)
(-0.02854 0.10405 0.03784)
(-0.04401 0.11687 0.02675)
(-0.05133 0.12301 0.00111)
(-0.04064 0.11991 -0.01309)
(-0.04648 0.12282 -0.04301)
(-0.02801 0.10319 -0.04754)
(-0.02924 0.08218 -0.05120)
(-0.02814 0.08035 -0.05577)
(-0.00488 0.04999 -0.06038)
(-0.00231 0.04553 -0.06215)
(0.01168 0.03353 -0.05033)
(0.00726 0.03487 -0.05672)
(0.00420 0.03798 -0.06669)
(-0.02770 0.06470 -0.12829)
(0.03188 0.01248 -0.05193)
(-0.01386 0.05386 -0.11421)
(-0.01782 0.05953 -0.12099)
(0.01312 0.04163 -0.08929)
(0.01391 0.04492 -0.08446)
(0.00016 0.06153 -0.10159)
(0.00709 0.05708 -0.09367)
(0.01563 0.05287 -0.06099)
(0.00732 0.06149 -0.07021)
(0.01071 0.05493 -0.06051)
(0.00830 0.03139 -0.03332)
(0.00320 0.01790 -0.01854)
(-0.00095 0.01178 -0.01352)
(-0.00012 0.00084 -0.00089)
(-0.00009 -0.00480 0.00514)
(0.00080 -0.00610 0.00646)
(0.00898 0.00170 0.00633)
(0.02042 0.00493 0.01545)
(0.05403 0.01240 0.04160)
(0.02586 0.00925 0.01807)
(0.05864 0.02302 0.05329)
(0.06706 0.03328 0.07181)
(0.03222 0.01352 0.03099)
(0.04509 0.02363 0.04842)
(0.07039 0.03964 0.08024)
(0.06829 0.04155 0.08200)
(0.04453 0.06289 0.07786)
(0.06019 0.05229 0.08520)
(0.03128 0.07207 0.07009)
(-0.01566 0.09610 0.04629)
(0.04642 0.07747 0.06729)
(0.04277 0.07048 0.06136)
(-0.00349 0.09058 0.03639)
(-0.01117 0.09611 0.01534)
(0.02050 0.07302 0.03528)
(0.01064 0.07430 0.01438)
(0.02090 0.06087 -0.00028)
(0.02819 0.05604 0.00551)
(0.03007 0.05279 0.00175)
(0.02083 0.05613 -0.00142)
(0.01861 0.05423 -0.01181)
(0.00873 0.04077 -0.03684)
(0.04944 0.02373 0.00215)
(0.01501 0.03332 -0.04386)
(0.02215 0.02523 -0.04040)
(0.04862 -0.00233 -0.02316)
(0.07033 -0.01007 -0.01862)
(0.04886 0.01099 -0.04627)
(0.08010 -0.02001 0.00492)
(0.08388 -0.01720 -0.00328)
(0.07300 -0.00216 -0.02580)
(0.06606 0.00296 -0.02754)
(0.05936 -0.00011 -0.01556)
(0.04849 0.00715 -0.01626)
(0.02964 0.03062 -0.04272)
(0.01539 0.03675 -0.04008)
(0.01342 0.00739 -0.00763)
(0.00552 0.01034 -0.01043)
(0.00297 0.00865 -0.00874)
(-0.00044 -0.00185 0.00185)
(0.00516 0.00187 0.00358)
(0.01554 0.00668 0.01079)
(0.01406 0.00629 0.01100)
(0.00827 0.00444 0.00616)
(0.01689 0.00871 0.01457)
(0.05319 0.03953 0.05927)
(0.06315 0.05383 0.06921)
(0.02646 0.01226 0.02515)
(0.04140 0.02669 0.04038)
(0.04229 0.04555 0.04751)
(0.06249 0.07013 0.06452)
(0.04263 0.04422 0.04188)
(0.04955 0.06247 0.05944)
(0.03781 0.05987 0.05300)
(0.05851 0.06706 0.05120)
(0.05824 0.04624 0.04979)
(0.03935 0.05928 0.02222)
(0.03870 0.04475 0.01083)
(0.06123 0.04325 0.02662)
(0.06765 0.03028 0.02765)
(0.06722 0.02511 0.01974)
(0.07002 0.02071 0.02390)
(0.10204 0.00678 0.03085)
(0.06351 0.01645 0.00164)
(0.08559 -0.00742 0.02382)
(0.07108 -0.00161 0.01860)
(0.07821 -0.02705 0.02267)
(0.07716 -0.03929 0.03037)
(0.06966 -0.02337 0.01306)
(0.02645 -0.01249 0.01004)
(0.03086 -0.01092 0.01056)
(0.01742 -0.00312 0.00298)
(0.02665 -0.00375 0.00241)
(-0.00127 0.00015 -0.00024)
(0.00645 0.00015 0.00005)
(0.00263 0.00051 -0.00029)
(-0.02245 -0.01235 -0.01713)
(-0.01688 -0.00775 -0.01571)
(0.01725 0.00909 0.01428)
(-0.01587 -0.00832 -0.01284)
(-0.00601 -0.00321 -0.00444)
(0.02446 0.02411 0.02315)
(0.03712 0.02943 0.02457)
(-0.00080 -0.00049 -0.00049)
(-0.00060 -0.00039 -0.00035)
(0.03160 0.02651 0.02136)
(0.04959 0.04063 0.03390)
(0.01580 0.00873 0.00892)
(0.03874 0.02285 0.02156)
(0.06467 0.03508 0.03559)
(0.02326 0.01286 0.01249)
(0.04069 0.01289 0.01848)
(0.05040 0.00496 0.01876)
(0.06738 0.00463 0.02132)
(0.00655 0.00075 0.00272)
(0.01171 0.00094 0.00421)
(-0.00181 -0.00005 -0.00064)
(0.04677 -0.00072 0.01265)
(0.02839 -0.00290 0.00908)
(-0.01517 0.00134 -0.00490)
(-0.00743 0.00179 -0.00240)
(-0.01345 0.00197 -0.00449)
(-0.01287 0.00248 -0.00338)
(0.00503 0.00300 0.00272)
(0.00847 0.00473 0.00451)
(0.00901 0.00389 0.00372)
(-0.00376 -0.00052 -0.00172)
)