/*--------------------------------*- C++ -*----------------------------------*\ 
| =========                 |                                                 | 
| \\      /  F ield         | OpenFOAM: The Open Source CFD Toolbox           | 
|  \\    /   O peration     | Version:  4.0                                   | 
|   \\  /    A nd           | Web:      www.OpenFOAM.org                      | 
|    \\/     M anipulation  |                                                 | 
\*---------------------------------------------------------------------------*/ 
FoamFile 
{ 
    version     2.0; 
    format      ascii; 
    class       vectorAverageField; 
    object      values; 
} 
// * * * * * * * * * * * * * * * * * * * * * * * * * * * * * * * * * * * * * // 
 
// Average 
(0 0 0) 
 
// Velocity data on points 
2447
(
(0.00248 0.00250 0.00148)
(-0.00223 -0.00059 -0.00273)
(-0.00856 0.00026 -0.01224)
(-0.00154 -0.00029 -0.00540)
(0.00258 -0.00052 0.00957)
(-0.01998 0.00367 -0.04460)
(-0.00488 0.00115 -0.01754)
(-0.02208 0.02463 -0.07874)
(-0.00214 0.00246 -0.00802)
(0.00314 -0.00400 0.01200)
(-0.01473 0.01830 -0.05410)
(-0.00290 0.00401 -0.01124)
(0.00163 -0.00410 0.00956)
(-0.01579 0.02863 -0.06805)
(-0.00012 0.00152 -0.00302)
(0.00017 -0.00476 0.00900)
(-0.00124 0.01707 -0.03273)
(-0.00003 0.00116 -0.00196)
(-0.00116 -0.01017 0.01457)
(0.00023 0.00207 -0.00298)
(0.00233 0.00694 -0.00140)
(-0.00104 -0.00143 0.00015)
(0.00078 0.00108 0.00011)
(0.00029 0.00054 0.00019)
(-0.00836 -0.02850 -0.00607)
(-0.01236 -0.01741 -0.01017)
(-0.02935 -0.00419 -0.04018)
(-0.04162 0.00626 -0.05789)
(-0.06669 -0.00113 -0.08758)
(-0.07796 0.01413 -0.10805)
(-0.05448 0.01283 -0.11805)
(-0.03386 0.02528 -0.12154)
(-0.07873 0.04839 -0.19359)
(-0.05493 0.05922 -0.18277)
(-0.04448 0.05341 -0.15401)
(-0.03517 0.04703 -0.12852)
(-0.06580 0.07690 -0.21648)
(-0.06133 0.08063 -0.21624)
(-0.06168 0.10601 -0.24885)
(-0.03453 0.06097 -0.14423)
(-0.01947 0.05744 -0.11938)
(-0.08661 0.17313 -0.35357)
(-0.07520 0.15826 -0.31777)
(-0.02424 0.08784 -0.16057)
(-0.01279 0.06153 -0.10263)
(-0.03331 0.14597 -0.24683)
(0.00508 0.05735 -0.08426)
(0.00296 0.01874 -0.02598)
(-0.00836 0.11883 -0.17753)
(0.00371 0.01606 -0.02092)
(-0.00110 -0.00253 0.00286)
(0.00175 0.00390 -0.00313)
(-0.00029 -0.00212 0.00134)
(-0.00155 -0.00761 0.00427)
(-0.01084 -0.01788 0.00723)
(-0.02949 -0.04648 0.01964)
(-0.02300 -0.03674 0.00304)
(-0.01505 -0.06332 -0.01435)
(-0.04801 -0.04842 -0.03409)
(-0.05652 -0.02777 -0.05595)
(-0.07396 -0.00352 -0.08571)
(-0.09288 0.03203 -0.18288)
(-0.11045 0.05732 -0.24035)
(-0.10072 0.07029 -0.25777)
(-0.10232 0.09997 -0.29510)
(-0.11396 0.08189 -0.27859)
(-0.12688 0.10424 -0.31257)
(-0.10650 0.11108 -0.31131)
(-0.09667 0.12546 -0.31589)
(-0.14446 0.18349 -0.43262)
(-0.11762 0.19520 -0.42958)
(-0.12494 0.21712 -0.45788)
(-0.12942 0.22320 -0.48755)
(-0.10697 0.22311 -0.43276)
(-0.07782 0.21876 -0.39463)
(-0.05281 0.21616 -0.34642)
(-0.09136 0.25876 -0.44196)
(-0.03013 0.24220 -0.36466)
(0.00949 0.15741 -0.22595)
(0.01010 0.09682 -0.13403)
(-0.03164 0.26543 -0.39968)
(0.00535 0.17613 -0.24965)
(0.01909 0.06866 -0.08476)
(0.00185 0.00396 -0.00441)
(0.01401 0.04107 -0.04859)
(-0.00662 -0.01478 0.01649)
(-0.01343 -0.02822 0.03117)
(0.00011 0.00016 -0.00020)
(-0.00368 -0.00589 0.00626)
(-0.00715 -0.02002 0.01669)
(-0.00326 -0.03953 0.02678)
(-0.01322 -0.06053 0.05026)
(-0.00741 -0.06061 0.04274)
(-0.01409 -0.07583 0.05768)
(-0.03925 -0.06110 0.03922)
(-0.03920 -0.05661 0.02524)
(-0.03822 -0.06081 0.01832)
(-0.08082 -0.04231 0.01341)
(-0.06926 -0.04154 -0.01127)
(-0.06715 -0.03703 -0.04334)
(-0.08646 -0.00781 -0.10275)
(-0.10103 0.00775 -0.13586)
(-0.12740 0.04351 -0.22519)
(-0.13913 0.06000 -0.25865)
(-0.15543 0.08680 -0.30082)
(-0.13992 0.10396 -0.32393)
(-0.18331 0.16535 -0.41661)
(-0.18619 0.19000 -0.46218)
(-0.18138 0.22210 -0.49850)
(-0.15213 0.22884 -0.50183)
(-0.13605 0.22922 -0.48113)
(-0.14947 0.27197 -0.52997)
(-0.15417 0.31106 -0.57097)
(-0.16537 0.34680 -0.62575)
(-0.06994 0.27575 -0.43788)
(-0.13478 0.33357 -0.58107)
(-0.04270 0.27885 -0.42453)
(-0.01085 0.28566 -0.42064)
(-0.02102 0.29212 -0.42826)
(-0.01073 0.27580 -0.39870)
(0.02171 0.16647 -0.22419)
(0.01697 0.03963 -0.04744)
(0.02710 0.25433 -0.35664)
(0.04105 0.15250 -0.19848)
(0.00961 0.01985 -0.02304)
(0.00308 0.00641 -0.00720)
(0.00236 0.00235 -0.00338)
(-0.00470 -0.00776 0.00950)
(-0.01058 -0.02026 0.02352)
(-0.02281 -0.04127 0.04691)
(-0.02984 -0.04915 0.06028)
(-0.03387 -0.06447 0.08263)
(-0.03190 -0.06932 0.07681)
(-0.03096 -0.07189 0.07238)
(-0.05445 -0.05776 0.06064)
(-0.08721 -0.03995 0.02256)
(-0.08907 -0.03749 0.01130)
(-0.09419 -0.03303 -0.00168)
(-0.09916 -0.03120 0.00543)
(-0.10649 -0.02490 -0.00996)
(-0.11054 0.00101 -0.10137)
(-0.14244 0.05142 -0.23278)
(-0.14719 0.06135 -0.25657)
(-0.15277 0.07373 -0.28574)
(-0.17001 0.11328 -0.36359)
(-0.21950 0.18499 -0.47105)
(-0.19708 0.18432 -0.46792)
(-0.21231 0.24269 -0.55222)
(-0.24409 0.29973 -0.63810)
(-0.21963 0.29550 -0.61403)
(-0.21477 0.31767 -0.65267)
(-0.19237 0.35932 -0.66851)
(-0.18824 0.36460 -0.66702)
(-0.18106 0.36713 -0.66158)
(-0.17307 0.36922 -0.65625)
(-0.12403 0.35746 -0.58793)
(-0.03020 0.29997 -0.44511)
(-0.02065 0.29441 -0.43080)
(-0.03293 0.30309 -0.45114)
(-0.00115 0.29327 -0.42951)
(0.03737 0.25336 -0.34222)
(0.00879 0.30986 -0.44167)
(0.03472 0.21380 -0.27914)
(0.03729 0.08843 -0.10311)
(0.00416 0.00917 -0.01051)
(0.05869 0.18666 -0.22381)
(0.01545 0.04202 -0.04866)
(0.00091 0.00234 -0.00268)
(-0.00381 -0.00304 0.00613)
(-0.00967 -0.01232 0.01954)
(-0.02473 -0.04678 0.07124)
(-0.02754 -0.05113 0.07787)
(-0.03640 -0.06832 0.11401)
(-0.04201 -0.07315 0.11786)
(-0.04369 -0.07405 0.11998)
(-0.04593 -0.07301 0.12436)
(-0.04877 -0.07310 0.12653)
(-0.04079 -0.07053 0.09506)
(-0.08484 -0.04271 0.03377)
(-0.09419 -0.03787 0.03201)
(-0.10176 -0.03152 0.01568)
(-0.10995 -0.02417 -0.00336)
(-0.11904 -0.01617 -0.02278)
(-0.17781 0.05188 -0.18080)
(-0.15512 0.06305 -0.25716)
(-0.21180 0.09065 -0.26452)
(-0.20184 0.10380 -0.32530)
(-0.16484 0.07940 -0.29951)
(-0.16461 0.08633 -0.31666)
(-0.24023 0.19739 -0.48807)
(-0.26641 0.20637 -0.50915)
(-0.28781 0.24724 -0.59703)
(-0.24551 0.21878 -0.53359)
(-0.24862 0.26984 -0.61163)
(-0.30385 0.35109 -0.73103)
(-0.30190 0.35997 -0.74029)
(-0.30142 0.36852 -0.75000)
(-0.22131 0.35415 -0.69775)
(-0.20957 0.38003 -0.70561)
(-0.20381 0.38235 -0.70078)
(-0.19631 0.38375 -0.69510)
(-0.18583 0.39428 -0.68958)
(-0.12850 0.37402 -0.60802)
(-0.10349 0.38097 -0.61779)
(-0.05345 0.33624 -0.51714)
(-0.03472 0.35234 -0.53380)
(-0.01180 0.32565 -0.46397)
(0.01333 0.31377 -0.42989)
(0.07333 0.27585 -0.33624)
(0.05246 0.16634 -0.19766)
(0.06058 0.20591 -0.24452)
(0.02290 0.06511 -0.07509)
(0.01085 0.03091 -0.03526)
(0.00174 0.00129 -0.00237)
(-0.00049 -0.00024 0.00053)
(-0.01947 -0.02284 0.04409)
(-0.02707 -0.04792 0.08165)
(-0.02141 -0.06545 0.09740)
(-0.03442 -0.06762 0.12454)
(-0.04899 -0.07210 0.13003)
(-0.05072 -0.07240 0.13039)
(-0.05725 -0.07114 0.13596)
(-0.06101 -0.06783 0.13252)
(-0.09003 -0.04885 0.08961)
(-0.10428 -0.03266 0.02919)
(-0.12784 -0.02027 0.02900)
(-0.11838 -0.02139 0.00305)
(-0.12237 -0.01556 -0.01789)
(-0.16052 0.02600 -0.12208)
(-0.15210 0.00475 -0.05287)
(-0.21013 0.08347 -0.24246)
(-0.22633 0.10946 -0.30617)
(-0.24767 0.16553 -0.42611)
(-0.25730 0.18141 -0.47145)
(-0.30256 0.25403 -0.60074)
(-0.32537 0.30175 -0.71143)
(-0.32213 0.34398 -0.75989)
(-0.31570 0.36752 -0.76111)
(-0.31589 0.37788 -0.77248)
(-0.31679 0.40982 -0.81797)
(-0.27309 0.42113 -0.79974)
(-0.25185 0.41852 -0.78792)
(-0.21921 0.39712 -0.73293)
(-0.22070 0.42428 -0.76609)
(-0.16678 0.40392 -0.68363)
(-0.18673 0.43182 -0.75443)
(-0.11813 0.40766 -0.65840)
(-0.08915 0.40439 -0.64688)
(-0.06684 0.38976 -0.60837)
(-0.05067 0.36223 -0.54127)
(-0.03781 0.35087 -0.50879)
(0.05670 0.28844 -0.35999)
(0.06830 0.28028 -0.34099)
(0.03281 0.10212 -0.11806)
(0.06275 0.28507 -0.34671)
(0.05947 0.21061 -0.24813)
(0.02188 0.07219 -0.07720)
(0.00106 0.00572 -0.00568)
(0.00319 0.00250 -0.00190)
(-0.00011 -0.00009 0.00007)
(-0.00782 -0.00942 0.01531)
(-0.01718 -0.02271 0.04015)
(-0.02517 -0.05077 0.09483)
(-0.02161 -0.04520 0.07991)
(-0.01920 -0.06202 0.10668)
(-0.03257 -0.05972 0.11293)
(-0.03812 -0.06465 0.14998)
(-0.04733 -0.07041 0.17651)
(-0.04809 -0.07212 0.15002)
(-0.07575 -0.06030 0.17131)
(-0.09589 -0.04423 0.12308)
(-0.12105 -0.03330 0.10531)
(-0.15860 0.00271 0.02509)
(-0.18480 0.04925 -0.09093)
(-0.20450 0.06881 -0.17443)
(-0.25617 0.11577 -0.33148)
(-0.26316 0.14835 -0.37460)
(-0.27822 0.20754 -0.50032)
(-0.30657 0.25197 -0.59444)
(-0.34723 0.32952 -0.72175)
(-0.35055 0.35784 -0.77012)
(-0.36335 0.39258 -0.81872)
(-0.32757 0.37359 -0.77714)
(-0.32838 0.38486 -0.78763)
(-0.34422 0.42499 -0.85714)
(-0.33508 0.44750 -0.90445)
(-0.34478 0.47664 -0.92967)
(-0.30219 0.47348 -0.89975)
(-0.28851 0.47095 -0.88553)
(-0.24461 0.45524 -0.82906)
(-0.15702 0.43341 -0.72801)
(-0.08563 0.40346 -0.64067)
(-0.12841 0.41225 -0.65131)
(-0.08772 0.37872 -0.56337)
(-0.04560 0.36293 -0.51281)
(-0.09125 0.38554 -0.57071)
(-0.03332 0.35418 -0.48207)
(0.00608 0.32780 -0.43287)
(0.03568 0.29399 -0.35118)
(-0.02725 0.34229 -0.44964)
(0.01399 0.19174 -0.20558)
(0.00881 0.05051 -0.05054)
(0.00372 0.02947 -0.03009)
(0.00007 0.00013 -0.00007)
(-0.00366 -0.00347 0.00074)
(-0.01849 -0.02870 0.04958)
(-0.00953 -0.03814 0.05953)
(-0.01016 -0.04700 0.08427)
(-0.00948 -0.05729 0.13245)
(-0.01801 -0.05724 0.12537)
(-0.02486 -0.06469 0.15035)
(-0.02038 -0.05928 0.14578)
(-0.04437 -0.06363 0.17877)
(-0.04831 -0.06441 0.18272)
(-0.05803 -0.06560 0.20900)
(-0.06856 -0.06071 0.22813)
(-0.07378 -0.05806 0.22250)
(-0.09330 -0.05296 0.20751)
(-0.13216 -0.02502 0.11355)
(-0.12121 -0.02773 0.14726)
(-0.14205 -0.01918 0.13881)
(-0.14366 -0.00652 0.06653)
(-0.17592 0.03976 -0.05390)
(-0.19221 0.05909 -0.11197)
(-0.23172 0.10687 -0.25163)
(-0.25458 0.15151 -0.35951)
(-0.29636 0.23013 -0.50225)
(-0.32533 0.31514 -0.67405)
(-0.33376 0.33547 -0.71082)
(-0.35696 0.36869 -0.77087)
(-0.36208 0.38740 -0.82275)
(-0.37844 0.43859 -0.89977)
(-0.36692 0.45719 -0.92590)
(-0.36351 0.47455 -0.94480)
(-0.36562 0.49008 -0.96539)
(-0.36017 0.49034 -0.96260)
(-0.33743 0.49751 -0.96872)
(-0.28616 0.47903 -0.89766)
(-0.30238 0.49752 -0.93853)
(-0.24861 0.47168 -0.84978)
(-0.24815 0.46985 -0.82774)
(-0.22515 0.46195 -0.78241)
(-0.23764 0.46889 -0.79489)
(-0.13099 0.41843 -0.65631)
(-0.13928 0.42651 -0.65919)
(-0.10188 0.39937 -0.58258)
(-0.11924 0.41042 -0.58972)
(-0.07932 0.38226 -0.51515)
(-0.05091 0.35418 -0.44944)
(-0.00385 0.28822 -0.32145)
(0.00124 0.09758 -0.09906)
(-0.00000 -0.01115 0.01095)
(-0.04299 0.24238 -0.27911)
(0.00008 -0.00205 0.00116)
(-0.00136 -0.01215 0.00823)
(0.00694 -0.01700 0.00964)
(0.00023 -0.02590 0.02665)
(0.00140 -0.04817 0.07384)
(-0.00566 -0.05516 0.12281)
(-0.00712 -0.05851 0.14079)
(-0.01116 -0.05943 0.14495)
(-0.01678 -0.06230 0.16327)
(-0.04772 -0.05879 0.19637)
(-0.06701 -0.06152 0.23811)
(-0.07265 -0.05788 0.23621)
(-0.09219 -0.04258 0.19726)
(-0.14110 0.00221 0.11804)
(-0.15152 0.02464 0.05879)
(-0.19809 0.07817 -0.08467)
(-0.19056 0.07506 -0.10572)
(-0.24370 0.14471 -0.25131)
(-0.23708 0.15481 -0.22973)
(-0.25561 0.16868 -0.33967)
(-0.29300 0.23699 -0.50462)
(-0.32450 0.32015 -0.66686)
(-0.33248 0.33905 -0.69929)
(-0.34116 0.35776 -0.73032)
(-0.36621 0.40134 -0.80755)
(-0.37706 0.43228 -0.89587)
(-0.38224 0.46281 -0.89413)
(-0.37764 0.45951 -0.93180)
(-0.38293 0.48075 -0.95972)
(-0.37400 0.49811 -0.98666)
(-0.37220 0.49986 -0.99223)
(-0.35679 0.51710 -1.01390)
(-0.34525 0.51409 -1.00060)
(-0.34306 0.51599 -1.00190)
(-0.28922 0.49101 -0.91107)
(-0.27900 0.49316 -0.89088)
(-0.25293 0.47749 -0.82568)
(-0.25247 0.47883 -0.82130)
(-0.23529 0.47090 -0.79042)
(-0.20054 0.46141 -0.73246)
(-0.16789 0.44285 -0.65150)
(-0.14461 0.41356 -0.57269)
(-0.16422 0.43059 -0.59469)
(-0.10374 0.38168 -0.48994)
(-0.15195 0.41529 -0.56036)
(-0.08260 0.35823 -0.43288)
(-0.03696 0.19970 -0.20873)
(-0.00232 0.01371 -0.01251)
(0.00107 -0.00499 0.00456)
(-0.00042 0.00085 -0.00043)
(0.00073 -0.00135 0.00069)
(0.00524 -0.00999 0.00563)
(0.01608 -0.02947 0.01915)
(0.01693 -0.03912 0.03942)
(0.02086 -0.03580 0.02561)
(0.01084 -0.04436 0.07726)
(-0.00211 -0.05724 0.13110)
(-0.01272 -0.06111 0.16076)
(-0.00786 -0.06039 0.15696)
(-0.01743 -0.06251 0.18119)
(-0.05753 -0.05817 0.23265)
(-0.03760 -0.05203 0.23457)
(-0.07004 -0.05844 0.24978)
(-0.07606 -0.04679 0.24979)
(-0.12233 -0.00145 0.17745)
(-0.14810 0.02990 0.09754)
(-0.17708 0.05844 0.01548)
(-0.23139 0.15501 -0.20879)
(-0.24578 0.17296 -0.27698)
(-0.24100 0.17536 -0.26050)
(-0.25390 0.19018 -0.31628)
(-0.32328 0.32976 -0.66764)
(-0.33035 0.34572 -0.69361)
(-0.33795 0.36246 -0.72236)
(-0.34746 0.39482 -0.77100)
(-0.37917 0.46869 -0.88786)
(-0.38776 0.48428 -0.94476)
(-0.39825 0.52647 -0.99489)
(-0.39643 0.52756 -1.00450)
(-0.39517 0.52843 -1.01260)
(-0.37513 0.52213 -1.02770)
(-0.35290 0.51951 -1.01550)
(-0.34233 0.51832 -1.00450)
(-0.31834 0.51809 -0.96668)
(-0.26669 0.48583 -0.84939)
(-0.26829 0.48733 -0.84723)
(-0.25836 0.49115 -0.81698)
(-0.21372 0.46616 -0.71702)
(-0.23264 0.48085 -0.74001)
(-0.19240 0.44804 -0.64804)
(-0.19181 0.44741 -0.63061)
(-0.17971 0.43695 -0.60706)
(-0.17053 0.42672 -0.58397)
(-0.16183 0.41755 -0.56366)
(-0.09364 0.26986 -0.30136)
(-0.01705 0.07414 -0.06945)
(-0.00776 0.02913 -0.02736)
(0.00744 -0.02928 0.02696)
(0.00168 -0.00259 0.00085)
(0.00638 -0.01109 0.00605)
(0.01220 -0.02091 0.01280)
(0.01115 -0.01828 0.01036)
(0.02212 -0.03595 0.02645)
(0.02303 -0.03808 0.03220)
(0.00663 -0.05545 0.12791)
(0.02862 -0.05882 0.10556)
(-0.00184 -0.06043 0.15268)
(-0.00956 -0.06152 0.17584)
(-0.02654 -0.05732 0.23672)
(-0.04753 -0.05394 0.31058)
(-0.06846 -0.04654 0.27402)
(-0.06850 -0.04704 0.30521)
(-0.09982 -0.01580 0.22705)
(-0.11559 -0.00187 0.18872)
(-0.14656 0.02772 0.16068)
(-0.15666 0.05332 0.08654)
(-0.20149 0.12670 -0.10336)
(-0.23692 0.17728 -0.24382)
(-0.25073 0.19715 -0.30981)
(-0.24774 0.20121 -0.29845)
(-0.27888 0.27099 -0.45598)
(-0.32374 0.35840 -0.64693)
(-0.33810 0.39512 -0.71058)
(-0.35290 0.44630 -0.79123)
(-0.38201 0.50224 -0.86388)
(-0.38966 0.51149 -0.94122)
(-0.39371 0.51764 -0.97901)
(-0.39543 0.53065 -1.00330)
(-0.39464 0.53103 -1.01290)
(-0.38626 0.53331 -1.04320)
(-0.36056 0.52228 -1.02720)
(-0.35886 0.52330 -1.02800)
(-0.35108 0.52189 -1.01740)
(-0.34903 0.52887 -1.00900)
(-0.31497 0.51956 -0.95778)
(-0.31783 0.52143 -0.95851)
(-0.30596 0.51654 -0.89353)
(-0.33010 0.52994 -0.94791)
(-0.29210 0.52082 -0.86649)
(-0.27659 0.50814 -0.81759)
(-0.30385 0.53159 -0.88838)
(-0.23961 0.47882 -0.72249)
(-0.20951 0.45690 -0.65148)
(-0.19778 0.44664 -0.62802)
(-0.19593 0.44177 -0.61685)
(-0.19528 0.43757 -0.60749)
(-0.18180 0.42622 -0.58216)
(-0.20734 0.40902 -0.55091)
(-0.12231 0.29407 -0.33609)
(-0.03963 0.10584 -0.11049)
(0.00357 -0.01173 0.01110)
(-0.00008 0.00013 -0.00006)
(0.00141 -0.00219 0.00101)
(0.01011 -0.01461 0.00688)
(0.01997 -0.03154 0.02068)
(0.03255 -0.04702 0.03961)
(0.03884 -0.05259 0.05362)
(0.04412 -0.05650 0.05626)
(0.03227 -0.05938 0.09990)
(0.01901 -0.06620 0.14571)
(0.04142 -0.07246 0.15314)
(0.03712 -0.07299 0.16610)
(0.01641 -0.07734 0.19721)
(0.00181 -0.06996 0.23793)
(-0.03511 -0.05663 0.29893)
(-0.05546 -0.05099 0.34477)
(-0.07727 -0.01398 0.27190)
(-0.10715 -0.00193 0.23846)
(-0.13334 0.03457 0.16386)
(-0.14089 0.04841 0.13334)
(-0.18140 0.14572 -0.05823)
(-0.20009 0.18357 -0.14616)
(-0.26675 0.29232 -0.36475)
(-0.28046 0.29272 -0.43571)
(-0.28377 0.33764 -0.44665)
(-0.32334 0.40975 -0.64087)
(-0.33974 0.44573 -0.69565)
(-0.36175 0.48328 -0.78312)
(-0.38124 0.51697 -0.83801)
(-0.38894 0.53136 -0.92185)
(-0.38621 0.54710 -0.89883)
(-0.39869 0.54393 -0.95877)
(-0.40279 0.54627 -0.98850)
(-0.40016 0.54135 -1.01550)
(-0.39644 0.54610 -1.04470)
(-0.38622 0.53488 -1.04850)
(-0.38128 0.53355 -1.06420)
(-0.37293 0.53517 -1.05160)
(-0.37323 0.53501 -1.05160)
(-0.36356 0.53768 -1.02680)
(-0.36458 0.53832 -1.02600)
(-0.36891 0.54040 -0.99564)
(-0.33246 0.53410 -0.93565)
(-0.35187 0.53546 -0.93136)
(-0.31504 0.52228 -0.85699)
(-0.29318 0.50709 -0.80624)
(-0.29335 0.49920 -0.76959)
(-0.29375 0.48048 -0.73431)
(-0.22822 0.43858 -0.61992)
(-0.23546 0.40166 -0.55478)
(-0.19654 0.36535 -0.47823)
(-0.26468 0.43299 -0.63946)
(-0.23080 0.38634 -0.52194)
(-0.08263 0.16003 -0.19273)
(-0.00412 0.00849 -0.00942)
(0.00932 -0.01762 0.01930)
(0.00041 -0.00106 0.00047)
(0.00424 -0.00627 0.00337)
(0.02952 -0.03558 0.02093)
(0.03984 -0.04612 0.03754)
(0.04512 -0.05100 0.04333)
(0.05177 -0.06566 0.06889)
(0.05364 -0.06129 0.05662)
(0.04491 -0.07070 0.12356)
(0.04366 -0.07530 0.16183)
(0.03165 -0.07297 0.21281)
(0.02059 -0.07029 0.22372)
(-0.00368 -0.07201 0.28394)
(-0.02667 -0.05099 0.29522)
(-0.06147 -0.01249 0.26543)
(-0.10260 0.07029 0.17423)
(-0.11327 0.09113 0.13401)
(-0.12471 0.08360 0.12871)
(-0.16356 0.13397 0.01482)
(-0.19237 0.18856 -0.12753)
(-0.22945 0.26741 -0.26143)
(-0.27674 0.36382 -0.42921)
(-0.31077 0.40683 -0.57497)
(-0.33306 0.45321 -0.68812)
(-0.35091 0.48866 -0.72412)
(-0.37937 0.56832 -0.83645)
(-0.38246 0.57375 -0.85401)
(-0.38980 0.54788 -0.93547)
(-0.39941 0.55715 -0.97923)
(-0.40308 0.56907 -1.01130)
(-0.40354 0.56698 -1.02080)
(-0.39028 0.54405 -1.05950)
(-0.39234 0.54295 -1.06990)
(-0.37686 0.53446 -1.05850)
(-0.38872 0.53402 -1.06480)
(-0.36518 0.53475 -1.03300)
(-0.36965 0.53542 -1.03120)
(-0.38515 0.54393 -1.01110)
(-0.38621 0.54432 -0.98639)
(-0.38760 0.54466 -0.97920)
(-0.37725 0.54405 -0.95264)
(-0.31522 0.51346 -0.83245)
(-0.36912 0.53171 -0.91294)
(-0.33179 0.51571 -0.82576)
(-0.32317 0.49950 -0.78177)
(-0.33167 0.48662 -0.76476)
(-0.27224 0.43843 -0.65631)
(-0.25219 0.40523 -0.57806)
(-0.23805 0.39190 -0.53328)
(-0.23565 0.37082 -0.50806)
(-0.13135 0.22028 -0.27396)
(-0.01955 0.03657 -0.04081)
(-0.01264 0.01804 -0.02135)
(-0.00048 0.00171 -0.00096)
(0.00311 -0.00724 0.00321)
(0.00020 -0.00067 0.00037)
(0.00343 -0.00893 0.00461)
(0.01809 -0.02886 0.02330)
(0.04692 -0.05435 0.04517)
(0.03512 -0.04585 0.04320)
(0.05183 -0.06060 0.05753)
(0.05550 -0.06819 0.08218)
(0.05837 -0.07181 0.09195)
(0.06545 -0.07926 0.12007)
(0.05200 -0.07616 0.14964)
(0.04876 -0.08097 0.19431)
(0.02271 -0.06358 0.25669)
(0.00966 -0.05537 0.27387)
(-0.01856 -0.03991 0.28849)
(-0.07509 0.04739 0.17950)
(-0.10721 0.08852 0.14395)
(-0.12362 0.11321 0.09388)
(-0.17534 0.18832 -0.05465)
(-0.21974 0.27691 -0.21065)
(-0.26863 0.36000 -0.35278)
(-0.32793 0.47417 -0.55009)
(-0.28901 0.39144 -0.48126)
(-0.32530 0.46610 -0.62537)
(-0.36478 0.53837 -0.75070)
(-0.38061 0.57503 -0.82537)
(-0.38282 0.57890 -0.84004)
(-0.38358 0.57615 -0.86784)
(-0.38430 0.55772 -0.95037)
(-0.40172 0.57208 -1.00350)
(-0.40260 0.57042 -1.01090)
(-0.39270 0.54905 -1.04280)
(-0.39152 0.54391 -1.05580)
(-0.38728 0.53321 -1.07480)
(-0.38799 0.53373 -1.06900)
(-0.38887 0.53462 -1.06660)
(-0.38542 0.53841 -1.04320)
(-0.39078 0.54020 -1.01860)
(-0.39199 0.54491 -0.99451)
(-0.39380 0.54507 -0.98904)
(-0.38972 0.54496 -0.97418)
(-0.38827 0.54488 -0.96153)
(-0.36406 0.51841 -0.88006)
(-0.33854 0.49569 -0.79957)
(-0.31638 0.47037 -0.75489)
(-0.30000 0.45499 -0.71216)
(-0.29845 0.43325 -0.68412)
(-0.27603 0.40371 -0.59791)
(-0.27469 0.38008 -0.56193)
(-0.16477 0.23242 -0.29003)
(-0.03018 0.04224 -0.05045)
(-0.00026 0.00159 -0.00105)
(0.00064 -0.00300 0.00189)
(0.00864 -0.02004 0.01021)
(0.00490 -0.01546 0.00888)
(0.00747 -0.02122 0.01175)
(0.03020 -0.04597 0.05235)
(0.04232 -0.05716 0.06446)
(0.04607 -0.06244 0.08778)
(0.05461 -0.07588 0.13173)
(0.05837 -0.08067 0.14329)
(0.05292 -0.08532 0.19155)
(0.02995 -0.06747 0.25007)
(0.02185 -0.05998 0.25876)
(0.01246 -0.05029 0.26594)
(0.00568 -0.04854 0.27513)
(-0.04172 0.01913 0.18579)
(-0.08902 0.07462 0.15911)
(-0.11307 0.10716 0.11771)
(-0.16549 0.19613 -0.01848)
(-0.13605 0.13861 0.05065)
(-0.23088 0.30253 -0.22312)
(-0.24336 0.32540 -0.26091)
(-0.32810 0.47650 -0.53590)
(-0.33628 0.49277 -0.57915)
(-0.34237 0.50682 -0.59943)
(-0.38327 0.58359 -0.81695)
(-0.38424 0.58497 -0.82813)
(-0.38392 0.58065 -0.85500)
(-0.38387 0.58097 -0.86848)
(-0.38215 0.56979 -0.94182)
(-0.37904 0.55950 -0.98503)
(-0.38847 0.54719 -1.04220)
(-0.38146 0.54348 -1.03770)
(-0.38120 0.53640 -1.05400)
(-0.38825 0.53281 -1.06840)
(-0.38971 0.53277 -1.06760)
(-0.39174 0.53472 -1.06600)
(-0.39982 0.53610 -1.05480)
(-0.39753 0.54516 -1.00190)
(-0.39954 0.54511 -0.99815)
(-0.39640 0.54511 -0.98474)
(-0.40489 0.54215 -0.96824)
(-0.37623 0.51815 -0.89365)
(-0.37023 0.51442 -0.87848)
(-0.36494 0.48796 -0.82233)
(-0.33272 0.45805 -0.75742)
(-0.32486 0.45043 -0.73867)
(-0.33107 0.45123 -0.74837)
(-0.32416 0.44452 -0.73210)
(-0.31655 0.43603 -0.71336)
(-0.28058 0.37958 -0.57146)
(-0.22232 0.30694 -0.39123)
(-0.20174 0.27283 -0.34524)
(-0.04838 0.06593 -0.07917)
(0.01433 -0.01958 0.02295)
(-0.00000 0.00060 -0.00044)
(0.00040 -0.00504 0.00351)
(-0.00030 -0.01899 0.02333)
(0.01193 -0.02734 0.02184)
(0.00696 -0.03256 0.02673)
(0.02810 -0.04563 0.04319)
(0.03882 -0.05758 0.07936)
(0.05167 -0.07310 0.12429)
(0.05570 -0.07800 0.13846)
(0.06111 -0.08852 0.17978)
(0.05068 -0.07563 0.19059)
(0.02842 -0.06310 0.25208)
(0.01891 -0.05290 0.25860)
(-0.01084 -0.02087 0.25735)
(0.00181 -0.03753 0.27028)
(-0.07119 0.06047 0.19407)
(-0.10533 0.10809 0.12523)
(-0.15932 0.19388 -0.00126)
(-0.21657 0.28493 -0.16142)
(-0.24683 0.34627 -0.26073)
(-0.30644 0.44040 -0.44004)
(-0.33689 0.49470 -0.56423)
(-0.33736 0.49488 -0.55019)
(-0.34437 0.51084 -0.58932)
(-0.37842 0.57780 -0.71156)
(-0.39122 0.60231 -0.76554)
(-0.38471 0.58520 -0.84278)
(-0.38398 0.58751 -0.88085)
(-0.38404 0.58099 -0.91820)
(-0.38146 0.57504 -0.94892)
(-0.37268 0.54696 -1.00800)
(-0.36525 0.53198 -1.02430)
(-0.37807 0.53477 -1.04410)
(-0.38632 0.53357 -1.05970)
(-0.38809 0.53064 -1.06800)
(-0.39228 0.53343 -1.06680)
(-0.41016 0.53911 -1.05540)
(-0.40610 0.54190 -1.03050)
(-0.42585 0.55092 -1.02220)
(-0.42159 0.54593 -0.99379)
(-0.43342 0.54770 -0.98609)
(-0.40200 0.52774 -0.94047)
(-0.38520 0.51170 -0.88596)
(-0.40747 0.51462 -0.91077)
(-0.37323 0.48903 -0.83876)
(-0.33779 0.45550 -0.76153)
(-0.32567 0.44099 -0.73037)
(-0.31981 0.41277 -0.68123)
(-0.29342 0.36923 -0.56815)
(-0.22740 0.30604 -0.39703)
(-0.23651 0.30655 -0.41159)
(-0.06738 0.08943 -0.10761)
(0.00292 -0.00389 0.00452)
(-0.00033 -0.00020 0.00031)
(-0.00435 -0.00755 0.00763)
(-0.00855 -0.00407 0.00679)
(-0.00270 -0.02646 0.02319)
(0.00007 -0.03062 0.02537)
(0.01248 -0.03800 0.02781)
(0.02760 -0.05535 0.04702)
(0.03186 -0.06140 0.07364)
(0.04741 -0.07125 0.09592)
(0.05109 -0.07362 0.13198)
(0.05869 -0.09331 0.15638)
(0.04866 -0.07923 0.18631)
(0.02814 -0.05552 0.22739)
(-0.00776 -0.01835 0.21247)
(-0.06104 0.05944 0.17515)
(-0.08469 0.09130 0.20653)
(-0.13243 0.15676 0.07414)
(-0.21990 0.29628 -0.13749)
(-0.22047 0.28325 -0.10327)
(-0.28356 0.39980 -0.31450)
(-0.31882 0.45540 -0.38244)
(-0.35863 0.52364 -0.49053)
(-0.34510 0.51067 -0.57704)
(-0.37938 0.58510 -0.68251)
(-0.39282 0.61513 -0.72948)
(-0.38975 0.60637 -0.79885)
(-0.39145 0.61028 -0.83781)
(-0.38258 0.58630 -0.89560)
(-0.38424 0.58651 -0.91893)
(-0.37122 0.55220 -0.98773)
(-0.38410 0.55705 -0.99957)
(-0.38403 0.53732 -1.04090)
(-0.38797 0.53600 -1.04290)
(-0.38938 0.53080 -1.04900)
(-0.40499 0.53672 -1.05770)
(-0.41655 0.54216 -1.05220)
(-0.42913 0.54575 -1.05080)
(-0.43204 0.54699 -1.04710)
(-0.44001 0.55091 -1.00680)
(-0.44543 0.55088 -0.99283)
(-0.42126 0.53466 -0.95583)
(-0.42679 0.51902 -0.91020)
(-0.38372 0.48840 -0.83347)
(-0.38134 0.46671 -0.77870)
(-0.32786 0.43869 -0.73013)
(-0.38018 0.43483 -0.72965)
(-0.33161 0.39508 -0.63224)
(-0.30745 0.36654 -0.55936)
(-0.29658 0.33210 -0.49882)
(-0.26393 0.30005 -0.41024)
(-0.10519 0.11338 -0.13483)
(-0.00682 0.00778 -0.00811)
(-0.00182 -0.00081 0.00140)
(-0.01203 -0.01350 0.01560)
(-0.01279 -0.02713 0.02681)
(-0.00867 -0.03960 0.03106)
(0.00048 -0.04192 0.03187)
(0.02016 -0.05626 0.06541)
(0.03849 -0.08266 0.09850)
(0.04870 -0.08236 0.09698)
(0.04538 -0.08807 0.11671)
(0.04664 -0.08604 0.14916)
(0.03596 -0.06481 0.19727)
(0.00277 -0.02755 0.19784)
(-0.04126 0.02163 0.19375)
(-0.04152 0.02225 0.16649)
(-0.08866 0.08875 0.16178)
(-0.15669 0.17526 0.05293)
(-0.27540 0.35029 -0.15478)
(-0.27983 0.37813 -0.22827)
(-0.32579 0.46534 -0.34355)
(-0.34858 0.50572 -0.40781)
(-0.38436 0.57864 -0.54679)
(-0.40792 0.62766 -0.61978)
(-0.40349 0.62669 -0.67477)
(-0.39983 0.62289 -0.75633)
(-0.39608 0.62013 -0.81005)
(-0.38667 0.60578 -0.85654)
(-0.38743 0.60099 -0.87600)
(-0.37662 0.57023 -0.94695)
(-0.38584 0.56450 -0.97587)
(-0.37904 0.54230 -1.01840)
(-0.38185 0.53398 -1.03280)
(-0.40158 0.53630 -1.03850)
(-0.40513 0.53308 -1.05180)
(-0.42478 0.54419 -1.04150)
(-0.43085 0.54625 -1.05010)
(-0.45632 0.55677 -1.03940)
(-0.45264 0.55211 -1.02200)
(-0.48978 0.56137 -0.99586)
(-0.46621 0.55204 -0.97908)
(-0.45027 0.51988 -0.91687)
(-0.42612 0.51403 -0.89702)
(-0.41380 0.49933 -0.85940)
(-0.44381 0.49094 -0.83333)
(-0.43538 0.47961 -0.81904)
(-0.38837 0.44034 -0.73859)
(-0.33162 0.37463 -0.60516)
(-0.31629 0.34426 -0.52282)
(-0.29884 0.32045 -0.45419)
(-0.19491 0.19911 -0.25111)
(-0.09015 0.09453 -0.10899)
(-0.01320 0.01378 -0.01515)
(0.00132 0.00075 -0.00110)
(-0.00498 -0.00283 0.00397)
(-0.01301 -0.01589 0.01293)
(-0.01916 -0.03132 0.02826)
(-0.01664 -0.03650 0.02929)
(-0.01236 -0.04125 0.03371)
(0.00631 -0.05306 0.06248)
(-0.01177 -0.04263 0.03689)
(0.01440 -0.06235 0.08816)
(0.03649 -0.08291 0.10581)
(0.04002 -0.08515 0.11816)
(0.00238 -0.05170 0.12362)
(0.02507 -0.05851 0.16596)
(-0.01398 -0.02201 0.14968)
(-0.09973 0.07219 0.09336)
(-0.10871 0.09302 0.12054)
(-0.14068 0.11465 0.06987)
(-0.15594 0.15895 0.03913)
(-0.28378 0.35302 -0.15603)
(-0.30000 0.38774 -0.20766)
(-0.31982 0.41973 -0.24942)
(-0.35724 0.48891 -0.35527)
(-0.40028 0.60204 -0.54512)
(-0.41508 0.63374 -0.56416)
(-0.42728 0.66420 -0.63856)
(-0.41538 0.64849 -0.69272)
(-0.40371 0.63507 -0.73810)
(-0.40008 0.63535 -0.79154)
(-0.39441 0.62615 -0.82060)
(-0.39201 0.62159 -0.83416)
(-0.37765 0.57717 -0.91942)
(-0.38578 0.56758 -0.96849)
(-0.38637 0.56102 -0.98319)
(-0.38191 0.54684 -1.00320)
(-0.40684 0.54731 -1.00950)
(-0.42022 0.54479 -1.03120)
(-0.44830 0.55504 -1.01660)
(-0.44895 0.55437 -1.03270)
(-0.46546 0.55990 -1.02320)
(-0.49118 0.56395 -1.00290)
(-0.49814 0.56510 -0.99479)
(-0.49427 0.56125 -0.98850)
(-0.49841 0.56063 -0.98163)
(-0.45500 0.50590 -0.86293)
(-0.45433 0.49462 -0.83506)
(-0.43807 0.47723 -0.80993)
(-0.44030 0.45663 -0.77002)
(-0.40892 0.43296 -0.72062)
(-0.36699 0.38581 -0.61206)
(-0.38055 0.36976 -0.54603)
(-0.36534 0.35445 -0.50516)
(-0.31440 0.28939 -0.36578)
(-0.20046 0.16498 -0.16996)
(-0.02081 0.01684 -0.01580)
(-0.02111 0.01638 -0.01495)
(-0.00465 -0.00199 0.00375)
(-0.01896 -0.02019 0.02006)
(-0.02071 -0.03620 0.02824)
(-0.01806 -0.03827 0.03028)
(-0.01524 -0.04078 0.03302)
(-0.01470 -0.04224 0.03534)
(-0.00438 -0.05036 0.07049)
(0.00698 -0.06089 0.08294)
(0.03398 -0.08266 0.11035)
(-0.01741 -0.03792 0.10434)
(-0.03932 -0.00937 0.11868)
(-0.12284 0.08937 0.07571)
(-0.14463 0.11278 0.05834)
(-0.16110 0.13687 0.05173)
(-0.22177 0.23504 -0.04389)
(-0.30507 0.38464 -0.19749)
(-0.31640 0.38634 -0.19578)
(-0.32495 0.41718 -0.23689)
(-0.38615 0.51189 -0.34250)
(-0.42417 0.59650 -0.45628)
(-0.41107 0.58343 -0.46251)
(-0.42701 0.63457 -0.52938)
(-0.43941 0.66719 -0.60804)
(-0.43768 0.67189 -0.62435)
(-0.41622 0.65057 -0.71636)
(-0.39793 0.63514 -0.80819)
(-0.39516 0.63001 -0.82117)
(-0.38948 0.61724 -0.84526)
(-0.38011 0.58661 -0.91104)
(-0.38679 0.56529 -0.97371)
(-0.39654 0.56397 -0.97573)
(-0.40909 0.55258 -0.99491)
(-0.41880 0.55211 -1.00940)
(-0.45203 0.55789 -1.00960)
(-0.45921 0.56041 -1.01350)
(-0.46996 0.56556 -1.01010)
(-0.50140 0.56862 -0.99972)
(-0.50797 0.56974 -0.99318)
(-0.50360 0.56513 -0.98792)
(-0.51014 0.56489 -0.98124)
(-0.48721 0.52686 -0.88656)
(-0.49890 0.50505 -0.82725)
(-0.47951 0.45406 -0.72330)
(-0.46175 0.43230 -0.67545)
(-0.41613 0.40802 -0.64767)
(-0.39202 0.35910 -0.49715)
(-0.38137 0.34995 -0.47931)
(-0.31883 0.25794 -0.27901)
(-0.23715 0.18791 -0.18855)
(-0.12923 0.10132 -0.09720)
(-0.24693 0.18802 -0.18155)
(-0.03482 0.02585 -0.02264)
(-0.00118 -0.00052 0.00099)
(-0.00916 -0.00407 0.00754)
(-0.00596 -0.00266 0.00518)
(-0.02255 -0.01027 0.01823)
(-0.03021 -0.02679 0.02688)
(-0.02881 -0.03046 0.03246)
(-0.02155 -0.03765 0.02926)
(-0.02577 -0.03766 0.03192)
(-0.01789 -0.04019 0.03201)
(-0.02577 -0.03913 0.03981)
(-0.02305 -0.03952 0.04830)
(-0.01676 -0.04144 0.06368)
(-0.04207 -0.01924 0.07276)
(-0.03856 -0.02249 0.08760)
(-0.07713 0.01017 0.07678)
(-0.11230 0.06477 0.07136)
(-0.15356 0.11581 0.04508)
(-0.16845 0.13914 0.03776)
(-0.22192 0.19398 -0.01144)
(-0.37658 0.39443 -0.19031)
(-0.33441 0.41577 -0.22944)
(-0.42441 0.53373 -0.33141)
(-0.47881 0.63864 -0.43308)
(-0.45152 0.65266 -0.52430)
(-0.45642 0.68312 -0.58006)
(-0.44479 0.67854 -0.61340)
(-0.43696 0.67730 -0.67034)
(-0.41676 0.66201 -0.76225)
(-0.39813 0.63914 -0.80854)
(-0.39175 0.62403 -0.83536)
(-0.38959 0.60224 -0.88322)
(-0.38815 0.57215 -0.94858)
(-0.40128 0.56926 -0.95372)
(-0.41214 0.55854 -0.96771)
(-0.42287 0.55601 -0.99689)
(-0.45256 0.55909 -1.00320)
(-0.46414 0.56335 -1.00700)
(-0.47776 0.56955 -1.00390)
(-0.50703 0.57526 -0.99198)
(-0.52703 0.57928 -0.99141)
(-0.51418 0.56977 -0.98681)
(-0.54413 0.57148 -0.95259)
(-0.53818 0.55373 -0.90781)
(-0.55098 0.53876 -0.85860)
(-0.51271 0.48753 -0.76682)
(-0.48977 0.44736 -0.68115)
(-0.47625 0.43308 -0.65414)
(-0.44852 0.39958 -0.56334)
(-0.38199 0.31473 -0.38466)
(-0.33214 0.26033 -0.27716)
(-0.33397 0.25332 -0.25769)
(-0.32825 0.24205 -0.23115)
(-0.22024 0.16002 -0.14522)
(-0.03802 0.02518 -0.01739)
(0.03049 -0.01985 0.01279)
(-0.00055 -0.00026 0.00062)
(-0.00672 -0.00320 0.00747)
(-0.03431 -0.01767 0.02684)
(-0.02034 -0.01039 0.01815)
(-0.03663 -0.02212 0.02734)
(-0.03083 -0.02909 0.02627)
(-0.03007 -0.03219 0.02473)
(-0.02898 -0.03445 0.03413)
(-0.03330 -0.02998 0.03570)
(-0.03263 -0.03392 0.04505)
(-0.03012 -0.03993 0.04211)
(-0.05282 -0.01961 0.03713)
(-0.06516 -0.01104 0.06280)
(-0.11136 0.02629 0.03917)
(-0.14287 0.06918 0.02338)
(-0.17532 0.10076 0.00338)
(-0.27303 0.20905 -0.08336)
(-0.17898 0.14442 0.02297)
(-0.27421 0.23837 -0.06812)
(-0.40322 0.39405 -0.21018)
(-0.41659 0.45212 -0.26678)
(-0.46238 0.55216 -0.34133)
(-0.49862 0.61895 -0.40414)
(-0.48495 0.67820 -0.48182)
(-0.49759 0.70098 -0.52885)
(-0.49947 0.74061 -0.58375)
(-0.45775 0.72063 -0.66468)
(-0.44402 0.70500 -0.70793)
(-0.42916 0.68790 -0.74586)
(-0.40798 0.65073 -0.81314)
(-0.39591 0.61685 -0.86002)
(-0.38804 0.59432 -0.90664)
(-0.40896 0.58180 -0.93192)
(-0.41512 0.57179 -0.94473)
(-0.42918 0.56147 -0.97225)
(-0.46287 0.57314 -0.96275)
(-0.46789 0.56573 -1.00020)
(-0.51455 0.59012 -0.98662)
(-0.53966 0.59724 -0.98502)
(-0.58504 0.61511 -0.97120)
(-0.59460 0.60711 -0.94956)
(-0.59566 0.60175 -0.94292)
(-0.59374 0.57815 -0.90030)
(-0.57466 0.54347 -0.85063)
(-0.54049 0.50751 -0.78600)
(-0.54071 0.48932 -0.72749)
(-0.49548 0.44003 -0.65594)
(-0.47031 0.37980 -0.47566)
(-0.44476 0.35431 -0.42660)
(-0.45495 0.34635 -0.39655)
(-0.41845 0.28354 -0.24871)
(-0.34867 0.22855 -0.17233)
(-0.21501 0.12990 -0.08263)
(-0.06164 0.03552 -0.01839)
(0.02364 -0.01202 0.00265)
(-0.00371 -0.00193 0.00421)
(-0.02075 -0.01142 0.02216)
(-0.03788 -0.01615 0.03577)
(-0.03850 -0.02086 0.03303)
(-0.03463 -0.02883 0.02985)
(-0.03196 -0.03152 0.03019)
(-0.04422 -0.01336 0.03207)
(-0.03492 -0.02812 0.03485)
(-0.04188 -0.02152 0.03330)
(-0.05506 -0.01246 0.03630)
(-0.04143 -0.02657 0.04151)
(-0.07280 -0.00184 0.03216)
(-0.08719 0.00327 0.03398)
(-0.12261 0.02662 0.00381)
(-0.13266 0.03342 0.00211)
(-0.15563 0.07708 0.01029)
(-0.16239 0.05724 -0.01074)
(-0.20625 0.11936 -0.02744)
(-0.30163 0.20860 -0.11047)
(-0.35175 0.29927 -0.14920)
(-0.42139 0.39976 -0.22752)
(-0.44164 0.44058 -0.24745)
(-0.50538 0.56130 -0.33860)
(-0.58058 0.67767 -0.44765)
(-0.53126 0.70124 -0.48463)
(-0.52524 0.71167 -0.51821)
(-0.52637 0.77376 -0.59772)
(-0.49772 0.75270 -0.63209)
(-0.46704 0.72751 -0.67929)
(-0.44000 0.70650 -0.73135)
(-0.41876 0.66270 -0.79196)
(-0.41011 0.63802 -0.83927)
(-0.38966 0.60350 -0.88971)
(-0.41885 0.59402 -0.89725)
(-0.45022 0.59195 -0.90426)
(-0.44140 0.56849 -0.94820)
(-0.47640 0.58147 -0.94585)
(-0.51726 0.59374 -0.96057)
(-0.55515 0.61054 -0.96731)
(-0.57762 0.61627 -0.96279)
(-0.59407 0.62208 -0.96308)
(-0.64581 0.64194 -0.92692)
(-0.63043 0.61661 -0.91471)
(-0.66236 0.63451 -0.89298)
(-0.60685 0.57127 -0.81768)
(-0.58456 0.53624 -0.77594)
(-0.61227 0.54065 -0.71843)
(-0.60175 0.52547 -0.69256)
(-0.56651 0.48623 -0.64311)
(-0.59643 0.51307 -0.65867)
(-0.52333 0.41932 -0.51282)
(-0.46845 0.33040 -0.33922)
(-0.46050 0.32140 -0.31982)
(-0.40936 0.24670 -0.16336)
(-0.12762 0.07164 -0.03301)
(-0.02000 0.00984 -0.00074)
(0.00770 -0.00374 0.00016)
(-0.00070 -0.00035 0.00085)
(-0.01108 -0.00570 0.01304)
(-0.02871 -0.01583 0.03192)
(-0.03523 -0.01441 0.03634)
(-0.03614 -0.01328 0.03664)
(-0.03529 -0.01707 0.03455)
(-0.03669 -0.01883 0.03417)
(-0.05327 -0.00392 0.03164)
(-0.05540 -0.00395 0.03092)
(-0.05951 -0.00033 0.02964)
(-0.08176 0.00780 0.02742)
(-0.12693 0.03050 -0.00055)
(-0.13742 0.03740 -0.00391)
(-0.15455 0.04962 -0.01467)
(-0.24288 0.14063 -0.06954)
(-0.32490 0.21873 -0.14089)
(-0.37379 0.30308 -0.16968)
(-0.46159 0.40248 -0.25066)
(-0.47470 0.45608 -0.28021)
(-0.51370 0.47927 -0.32065)
(-0.55009 0.59568 -0.38393)
(-0.59235 0.67821 -0.44978)
(-0.58597 0.69876 -0.46483)
(-0.57483 0.71213 -0.49915)
(-0.54713 0.76271 -0.57352)
(-0.52025 0.77259 -0.61278)
(-0.49178 0.75015 -0.65422)
(-0.47299 0.73098 -0.70723)
(-0.42978 0.67439 -0.78190)
(-0.43181 0.65258 -0.80824)
(-0.41849 0.62714 -0.84657)
(-0.43159 0.60300 -0.88300)
(-0.45461 0.59440 -0.89668)
(-0.46010 0.59130 -0.90638)
(-0.48318 0.58913 -0.91814)
(-0.53090 0.60197 -0.95185)
(-0.56678 0.61722 -0.94200)
(-0.61688 0.64703 -0.91846)
(-0.62464 0.64333 -0.93761)
(-0.67334 0.66155 -0.89696)
(-0.67121 0.65440 -0.89185)
(-0.67612 0.65515 -0.88090)
(-0.64418 0.60567 -0.81419)
(-0.62935 0.56054 -0.72546)
(-0.60715 0.52737 -0.67339)
(-0.57865 0.48315 -0.59217)
(-0.53493 0.41541 -0.48066)
(-0.52011 0.40078 -0.39375)
(-0.49367 0.35922 -0.34191)
(-0.47069 0.33195 -0.28702)
(-0.40885 0.25722 -0.15239)
(-0.14219 0.07520 -0.02062)
(-0.01031 0.00515 -0.00107)
(-0.00049 -0.00004 0.00073)
(-0.01461 -0.00134 0.02161)
(-0.03351 -0.00185 0.04268)
(-0.03936 -0.00078 0.04708)
(-0.03702 -0.00386 0.04254)
(-0.03520 -0.01276 0.04237)
(-0.04312 -0.00615 0.03827)
(-0.03568 -0.01423 0.04141)
(-0.05348 -0.00108 0.03218)
(-0.05662 -0.00068 0.03101)
(-0.05735 0.00247 0.03139)
(-0.06140 0.00319 0.02925)
(-0.06505 0.00449 0.02762)
(-0.13155 0.04169 -0.00977)
(-0.14064 0.04023 -0.00835)
(-0.15781 0.05180 -0.01961)
(-0.27235 0.16233 -0.09745)
(-0.32016 0.20941 -0.14046)
(-0.41522 0.32483 -0.21824)
(-0.50076 0.42200 -0.29390)
(-0.52412 0.45182 -0.31537)
(-0.55294 0.58511 -0.39189)
(-0.60508 0.68000 -0.45549)
(-0.59723 0.69811 -0.46594)
(-0.59955 0.71417 -0.48044)
(-0.58183 0.76386 -0.56821)
(-0.53175 0.77871 -0.60752)
(-0.52425 0.76853 -0.63705)
(-0.46372 0.70450 -0.74032)
(-0.43257 0.64437 -0.81726)
(-0.45057 0.63313 -0.83583)
(-0.46461 0.59407 -0.89838)
(-0.53834 0.60870 -0.91375)
(-0.58035 0.63180 -0.91482)
(-0.64652 0.66440 -0.91095)
(-0.67906 0.66353 -0.88622)
(-0.68037 0.65674 -0.86877)
(-0.61791 0.54324 -0.68764)
(-0.56289 0.46517 -0.50142)
(-0.16554 0.09649 -0.03206)
(-0.00255 0.00016 0.00421)
(-0.02178 0.00159 0.03269)
(-0.04098 0.00615 0.05717)
(-0.03279 0.00544 0.04939)
(-0.04104 0.00833 0.05771)
(-0.04039 0.00622 0.05506)
(-0.04575 0.00520 0.04219)
(-0.05357 0.00197 0.03296)
(-0.05782 0.00607 0.03233)
(-0.06301 0.00679 0.02916)
(-0.07311 0.01469 0.02536)
(-0.13345 0.05412 -0.01706)
(-0.16007 0.07531 -0.02962)
(-0.16931 0.06732 -0.03623)
(-0.27751 0.15035 -0.11023)
(-0.26666 0.14487 -0.09465)
(-0.33897 0.21064 -0.15944)
(-0.43271 0.32149 -0.23897)
(-0.42445 0.29939 -0.23503)
(-0.50171 0.41496 -0.29569)
(-0.52652 0.44796 -0.31859)
(-0.55776 0.53143 -0.36675)
(-0.62179 0.65362 -0.45006)
(-0.61531 0.69620 -0.47159)
(-0.60950 0.71362 -0.48439)
(-0.56774 0.77145 -0.59608)
(0.00401 -0.00137 -0.00665)
(-0.01110 0.00400 0.01853)
(-0.03785 0.01468 0.06116)
(-0.03847 0.00954 0.05783)
(-0.03964 0.01022 0.05700)
(-0.03796 0.01117 0.05234)
(-0.04437 0.00925 0.04376)
(-0.04851 0.01172 0.04367)
(-0.04664 0.01372 0.04444)
(-0.05871 0.01730 0.03667)
(-0.07353 0.02527 0.02898)
(-0.09699 0.04204 0.01267)
(-0.14278 0.06379 -0.01906)
(-0.14585 0.06499 -0.01972)
(-0.21762 0.11635 -0.07434)
(-0.27342 0.15679 -0.11092)
(-0.35064 0.22570 -0.17213)
(-0.42380 0.30003 -0.23644)
(-0.50549 0.40481 -0.30056)
(-0.59011 0.52742 -0.37940)
(-0.63370 0.61069 -0.44014)
(0.00395 -0.00175 -0.00645)
(-0.00279 0.00125 0.00455)
(-0.01933 0.00983 0.03144)
(-0.03767 0.01833 0.06045)
(-0.03742 0.01845 0.05894)
(-0.03814 0.02177 0.05683)
(-0.04825 0.02431 0.05019)
(-0.06025 0.02856 0.04095)
(-0.07078 0.03211 0.03445)
(-0.09871 0.04895 0.01207)
(-0.13670 0.06437 -0.01443)
(-0.16026 0.08033 -0.03279)
(-0.21312 0.11733 -0.07324)
(-0.30645 0.18831 -0.14371)
(-0.33354 0.20362 -0.16084)
(-0.38863 0.24757 -0.20772)
(-0.47100 0.34712 -0.27612)
(-0.00095 0.00054 0.00149)
(-0.02208 0.01342 0.03442)
(-0.03042 0.01622 0.04906)
(-0.03876 0.02081 0.06189)
(-0.03841 0.02080 0.05980)
(-0.03915 0.02258 0.06039)
(-0.04502 0.03053 0.05786)
(-0.05441 0.03579 0.04998)
(-0.06375 0.03752 0.04039)
(-0.06703 0.04346 0.04472)
(-0.09456 0.06095 0.02344)
(-0.11566 0.07329 0.00649)
(-0.12639 0.07037 -0.00619)
(-0.13345 0.08676 -0.00187)
(-0.16391 0.09763 -0.02897)
(-0.24073 0.14239 -0.09206)
(-0.00270 0.00174 0.00417)
(-0.03228 0.01926 0.04849)
(-0.03958 0.02281 0.06272)
(-0.04539 0.03198 0.07261)
(-0.04043 0.02547 0.06616)
(-0.04518 0.03080 0.06421)
(-0.05228 0.04023 0.05778)
(-0.06625 0.04396 0.04636)
(-0.10245 0.07052 0.02454)
(-0.12413 0.08329 0.00613)
(0.00057 -0.00040 -0.00090)
(-0.01528 0.01061 0.02404)
(-0.03627 0.02830 0.05830)
(-0.50337 0.75158 -0.68542)
(-0.43838 0.65907 -0.80069)
(-0.45912 0.59634 -0.88831)
(-0.49899 0.60098 -0.89301)
(-0.62990 0.65618 -0.90041)
(-0.67272 0.66620 -0.88935)
(-0.68280 0.66463 -0.87497)
(-0.66174 0.60901 -0.74603)
(-0.59730 0.53919 -0.62558)
(-0.54915 0.43584 -0.41703)
(-0.51361 0.39325 -0.36783)
(-0.42062 0.26871 -0.14522)
(-0.41072 0.25679 -0.12610)
(-0.39945 0.24298 -0.10408)
(-0.03707 0.02112 -0.00594)
(-0.60858 0.76026 -0.55378)
(-0.54299 0.77051 -0.63900)
(-0.51212 0.74561 -0.67787)
(-0.48981 0.72680 -0.71484)
(-0.44685 0.67470 -0.78526)
(-0.43873 0.64919 -0.81010)
(-0.45468 0.63265 -0.82820)
(-0.47468 0.60825 -0.84999)
(-0.46836 0.59605 -0.88992)
(-0.51898 0.60952 -0.87246)
(-0.54536 0.61176 -0.90489)
(-0.59844 0.64026 -0.90031)
(-0.63116 0.65810 -0.89369)
(-0.64289 0.66568 -0.89858)
(-0.67935 0.68913 -0.88377)
(-0.68530 0.67301 -0.88030)
(-0.68788 0.67400 -0.86881)
(-0.69453 0.67111 -0.85055)
(-0.67779 0.66007 -0.76034)
(-0.63644 0.58218 -0.69477)
(-0.61177 0.55826 -0.60237)
(-0.57653 0.49729 -0.50336)
(-0.55247 0.45965 -0.40409)
(-0.47699 0.35574 -0.24941)
(-0.41635 0.27108 -0.13576)
(-0.39851 0.24945 -0.10381)
(-0.15050 0.09030 -0.02927)
(-0.01489 0.00874 -0.00239)
(-0.67584 0.68587 -0.48879)
(-0.64955 0.74210 -0.52781)
(-0.64281 0.75459 -0.54117)
(-0.61031 0.79226 -0.59275)
(-0.58342 0.77740 -0.61374)
(-0.54132 0.76378 -0.66577)
(-0.49498 0.73391 -0.71614)
(-0.48260 0.70513 -0.74713)
(-0.44343 0.65417 -0.80353)
(-0.46572 0.67243 -0.78181)
(-0.45032 0.63367 -0.81870)
(-0.47984 0.60628 -0.83287)
(-0.50162 0.60575 -0.85935)
(-0.52008 0.60961 -0.86473)
(-0.55886 0.61707 -0.88204)
(-0.59464 0.63973 -0.87631)
(-0.62077 0.65613 -0.87501)
(-0.65422 0.67775 -0.89102)
(-0.68455 0.70363 -0.86967)
(-0.69486 0.69680 -0.86170)
(-0.70217 0.70602 -0.83013)
(-0.69839 0.69229 -0.81019)
(-0.69601 0.68805 -0.75372)
(-0.66453 0.65308 -0.69706)
(-0.61308 0.56977 -0.56026)
(-0.57627 0.50333 -0.47374)
(-0.57553 0.54067 -0.47675)
(-0.53199 0.45864 -0.36600)
(-0.50478 0.41411 -0.31460)
(-0.49340 0.42298 -0.30493)
(-0.42739 0.29330 -0.15455)
(-0.39020 0.25296 -0.10272)
(-0.18966 0.11813 -0.03409)
(-0.04222 0.02539 -0.00290)
(0.01614 -0.00959 0.00078)
(-0.55356 0.43833 -0.35293)
(-0.61078 0.53341 -0.40166)
(-0.63863 0.59928 -0.44381)
(-0.67084 0.67080 -0.48949)
(-0.66551 0.73225 -0.52564)
(-0.66157 0.75624 -0.56619)
(-0.61644 0.78576 -0.59328)
(-0.59690 0.77034 -0.62133)
(-0.54982 0.76188 -0.67871)
(-0.53216 0.75124 -0.69520)
(-0.50150 0.71580 -0.73309)
(-0.48919 0.68449 -0.77377)
(-0.47824 0.64561 -0.80751)
(-0.48421 0.63419 -0.81522)
(-0.48463 0.60621 -0.83495)
(-0.53091 0.60902 -0.84696)
(-0.56218 0.62242 -0.84403)
(-0.57607 0.62727 -0.86610)
(-0.59659 0.64343 -0.86279)
(-0.64811 0.67828 -0.86536)
(-0.66618 0.68955 -0.86829)
(-0.68115 0.70910 -0.84716)
(-0.69990 0.72190 -0.85120)
(-0.69447 0.71890 -0.81827)
(-0.69230 0.70194 -0.80382)
(-0.67739 0.71485 -0.77503)
(-0.67398 0.68401 -0.74084)
(-0.63349 0.63952 -0.62281)
(-0.61802 0.60501 -0.58390)
(-0.57926 0.57674 -0.50218)
(-0.54218 0.50458 -0.40551)
(-0.46605 0.38971 -0.25109)
(-0.48910 0.44952 -0.30128)
(-0.42535 0.34633 -0.17157)
(-0.36661 0.28714 -0.12887)
(-0.04043 0.02831 -0.00320)
(0.03305 -0.02205 0.00033)
(-0.27647 0.23096 -0.08766)
(-0.30505 0.18977 -0.14317)
(-0.32994 0.20707 -0.16240)
(-0.35250 0.22586 -0.18060)
(-0.46058 0.33548 -0.27229)
(-0.55105 0.43216 -0.35000)
(-0.58674 0.48043 -0.37216)
(-0.57880 0.47656 -0.37734)
(-0.62672 0.55528 -0.42494)
(-0.66238 0.63714 -0.47518)
(-0.66647 0.70214 -0.52382)
(-0.66425 0.75606 -0.56872)
(-0.65155 0.76603 -0.58109)
(-0.59907 0.76658 -0.63329)
(-0.53817 0.75333 -0.69142)
(-0.52662 0.74302 -0.70418)
(-0.50964 0.69481 -0.76353)
(-0.48268 0.66871 -0.78856)
(-0.50926 0.63862 -0.81641)
(-0.49922 0.61995 -0.82578)
(-0.51820 0.63183 -0.81801)
(-0.54829 0.61728 -0.84036)
(-0.56002 0.62184 -0.84189)
(-0.57168 0.62715 -0.84383)
(-0.63396 0.66923 -0.85302)
(-0.65837 0.68823 -0.86439)
(-0.65318 0.68371 -0.86178)
(-0.67049 0.70722 -0.84952)
(-0.69595 0.72690 -0.83291)
(-0.68050 0.71844 -0.82273)
(-0.68028 0.72551 -0.79067)
(-0.66375 0.71877 -0.75201)
(-0.66860 0.71464 -0.74608)
(-0.61124 0.63141 -0.59767)
(-0.59217 0.59721 -0.53745)
(-0.57527 0.57977 -0.50236)
(-0.56130 0.56018 -0.46678)
(-0.44363 0.43227 -0.27130)
(-0.42149 0.39888 -0.22330)
(-0.37788 0.34956 -0.15574)
(-0.20980 0.17725 -0.04885)
(-0.02536 0.02035 -0.00393)
(-0.11061 0.09654 -0.01173)
(-0.02092 0.01792 -0.00148)
(-0.13325 0.08877 -0.00081)
(-0.14236 0.09266 -0.00901)
(-0.19696 0.12733 -0.05305)
(-0.30338 0.19075 -0.14233)
(-0.32557 0.20639 -0.15956)
(-0.32038 0.20493 -0.15600)
(-0.34772 0.22455 -0.17736)
(-0.47325 0.35394 -0.28389)
(-0.41866 0.28986 -0.22952)
(-0.51712 0.40250 -0.31124)
(-0.57625 0.46075 -0.35799)
(-0.65533 0.59400 -0.43911)
(-0.66712 0.61732 -0.45072)
(-0.66664 0.67928 -0.50068)
(-0.66841 0.75446 -0.56570)
(-0.65652 0.76235 -0.57771)
(-0.64882 0.76643 -0.58679)
(-0.61904 0.76659 -0.62027)
(-0.54340 0.75590 -0.68807)
(-0.53264 0.74674 -0.69947)
(-0.52061 0.71463 -0.75061)
(-0.49786 0.67253 -0.78652)
(-0.51784 0.64163 -0.81255)
(-0.52225 0.63616 -0.81684)
(-0.53686 0.62611 -0.83003)
(-0.55870 0.62118 -0.84049)
(-0.56994 0.62659 -0.84219)
(-0.56826 0.62573 -0.84089)
(-0.62049 0.66032 -0.84222)
(-0.62505 0.67202 -0.82418)
(-0.65001 0.69942 -0.82430)
(-0.66107 0.71528 -0.81316)
(-0.66607 0.72342 -0.76077)
(-0.65902 0.71814 -0.74879)
(-0.65720 0.71415 -0.74078)
(-0.60793 0.65100 -0.62168)
(-0.58755 0.59907 -0.53600)
(-0.57185 0.58243 -0.50267)
(-0.55806 0.56264 -0.46682)
(-0.50920 0.52482 -0.40044)
(-0.41852 0.41618 -0.24609)
(-0.32822 0.31180 -0.10924)
(-0.09327 0.08765 -0.01466)
(0.01946 -0.01753 0.00180)
(-0.00678 0.00626 -0.00080)
(-0.04913 0.03748 0.07779)
(-0.05244 0.04503 0.07530)
(-0.04964 0.03939 0.06865)
(-0.05605 0.04742 0.06485)
(-0.06001 0.05029 0.06893)
(-0.06865 0.05576 0.05998)
(-0.09789 0.06982 0.03071)
(-0.12356 0.08456 0.00756)
(-0.12327 0.08604 0.00922)
(-0.13304 0.09059 0.00054)
(-0.14340 0.09547 -0.00900)
(-0.19892 0.13504 -0.05399)
(-0.27724 0.18224 -0.11956)
(-0.29163 0.19630 -0.11957)
(-0.40842 0.29164 -0.21352)
(-0.51456 0.39402 -0.30647)
(-0.55575 0.45113 -0.34633)
(-0.65080 0.58509 -0.43165)
(-0.66273 0.60902 -0.44432)
(-0.67004 0.65409 -0.47797)
(-0.67334 0.69977 -0.51495)
(-0.66148 0.76033 -0.57402)
(-0.65280 0.76479 -0.58414)
(-0.62795 0.75486 -0.63464)
(-0.57524 0.75759 -0.67430)
(-0.55276 0.73713 -0.71617)
(-0.54119 0.71486 -0.74890)
(-0.51349 0.68491 -0.77266)
(-0.52004 0.64623 -0.81076)
(-0.52635 0.64064 -0.81574)
(-0.53823 0.63363 -0.82476)
(-0.56106 0.62598 -0.83530)
(-0.56840 0.62478 -0.83432)
(-0.58800 0.63883 -0.83202)
(-0.61626 0.65894 -0.82542)
(-0.62215 0.67464 -0.81073)
(-0.63814 0.69265 -0.80818)
(-0.64611 0.70915 -0.79313)
(-0.65111 0.71126 -0.78901)
(-0.66828 0.72255 -0.77909)
(-0.65753 0.71987 -0.75141)
(-0.64986 0.71460 -0.73837)
(-0.65141 0.71305 -0.73588)
(-0.61713 0.68202 -0.66829)
(-0.58360 0.61587 -0.55243)
(-0.54411 0.60858 -0.53489)
(-0.52017 0.56190 -0.45979)
(-0.43825 0.49495 -0.33210)
(-0.42088 0.44248 -0.26679)
(-0.38522 0.38934 -0.19648)
(-0.35480 0.35379 -0.16312)
(-0.23684 0.23387 -0.06264)
(-0.05089 0.04843 -0.00783)
(-0.00317 0.00235 0.00493)
(-0.00787 0.00620 0.01270)
(-0.04974 0.03898 0.07320)
(-0.05226 0.04079 0.07348)
(-0.05276 0.03746 0.07477)
(-0.05846 0.04511 0.07038)
(-0.06206 0.04894 0.07058)
(-0.06985 0.05056 0.06153)
(-0.08831 0.06295 0.04723)
(-0.08999 0.06381 0.04446)
(-0.12654 0.08911 0.01081)
(-0.14631 0.09837 0.00032)
(-0.16957 0.11548 -0.02228)
(-0.23680 0.16212 -0.07665)
(-0.26614 0.18525 -0.10173)
(-0.35991 0.25105 -0.17191)
(-0.38430 0.27079 -0.18947)
(-0.48374 0.36186 -0.27840)
(-0.52924 0.42497 -0.31495)
(-0.61032 0.52228 -0.39192)
(-0.59537 0.51170 -0.39567)
(-0.67545 0.63805 -0.48269)
(-0.65731 0.65847 -0.51273)
(-0.66040 0.72821 -0.55988)
(-0.64972 0.72646 -0.58660)
(-0.64212 0.72593 -0.60787)
(-0.59699 0.76009 -0.67007)
(-0.58858 0.73804 -0.69547)
(-0.57937 0.71238 -0.74121)
(-0.54641 0.69347 -0.76994)
(-0.55973 0.67364 -0.78458)
(-0.55886 0.65552 -0.80317)
(-0.54253 0.63121 -0.82218)
(-0.55777 0.62973 -0.82155)
(-0.57629 0.62890 -0.82851)
(-0.58478 0.63650 -0.82154)
(-0.61395 0.65710 -0.82062)
(-0.59999 0.65231 -0.79912)
(-0.62709 0.68498 -0.79797)
(-0.60965 0.68424 -0.75499)
(-0.61321 0.68753 -0.74068)
(-0.61248 0.69361 -0.70978)
(-0.57201 0.65341 -0.61752)
(-0.54670 0.64563 -0.61648)
(-0.56090 0.65526 -0.60017)
(-0.47575 0.57240 -0.46946)
(-0.45963 0.52920 -0.39905)
(-0.41532 0.48629 -0.32093)
(-0.38149 0.42081 -0.22755)
(-0.33215 0.37674 -0.17681)
(-0.19983 0.22920 -0.06707)
(-0.09838 0.11286 -0.02953)
(-0.03662 0.04192 -0.01011)
(-0.00225 0.00135 0.00383)
(-0.04190 0.03150 0.06149)
(-0.05270 0.03680 0.07719)
(-0.05410 0.03283 0.07695)
(-0.05483 0.03359 0.07631)
(-0.05629 0.03498 0.07494)
(-0.06508 0.04991 0.06979)
(-0.06055 0.03819 0.07285)
(-0.08691 0.06283 0.05281)
(-0.10027 0.06973 0.04083)
(-0.11529 0.07583 0.02994)
(-0.13186 0.08776 0.02363)
(-0.18476 0.12626 -0.02339)
(-0.24311 0.16964 -0.07998)
(-0.25658 0.17778 -0.08380)
(-0.33119 0.23508 -0.14586)
(-0.36569 0.26464 -0.15913)
(-0.43543 0.31899 -0.22593)
(-0.54297 0.44822 -0.33245)
(-0.56507 0.47736 -0.38705)
(-0.61976 0.56446 -0.44441)
(-0.62330 0.59848 -0.47287)
(-0.66381 0.69015 -0.53592)
(-0.63089 0.62453 -0.49628)
(-0.66381 0.71308 -0.56833)
(-0.64822 0.70356 -0.59829)
(-0.60468 0.75589 -0.66845)
(-0.60599 0.73029 -0.68185)
(-0.61106 0.68984 -0.72840)
(-0.58246 0.69098 -0.75774)
(-0.61111 0.68122 -0.73791)
(-0.57081 0.67627 -0.78272)
(-0.58415 0.65945 -0.79877)
(-0.58311 0.64811 -0.81069)
(-0.56873 0.64026 -0.81779)
(-0.57651 0.63604 -0.81803)
(-0.57686 0.62906 -0.82501)
(-0.57091 0.61887 -0.79975)
(-0.58165 0.63246 -0.81922)
(-0.58245 0.63049 -0.79722)
(-0.59215 0.64352 -0.78722)
(-0.59577 0.65570 -0.77861)
(-0.58168 0.64405 -0.77275)
(-0.56521 0.63971 -0.73322)
(-0.56287 0.64623 -0.71427)
(-0.56812 0.66107 -0.68003)
(-0.51978 0.62671 -0.58728)
(-0.52214 0.62098 -0.55713)
(-0.48765 0.60355 -0.53950)
(-0.46905 0.57438 -0.47925)
(-0.31924 0.43521 -0.27130)
(-0.37775 0.47757 -0.31393)
(-0.29494 0.40235 -0.22032)
(-0.31925 0.38414 -0.18625)
(-0.29320 0.35081 -0.15506)
(-0.28337 0.39102 -0.20617)
(-0.22501 0.27090 -0.11229)
(-0.03948 0.04970 -0.00855)
(-0.00063 0.00033 0.00109)
(-0.03465 0.02192 0.05040)
(-0.04061 0.02277 0.05876)
(-0.05539 0.03249 0.07627)
(-0.05803 0.03535 0.07445)
(-0.05726 0.03295 0.07549)
(-0.05972 0.03554 0.07413)
(-0.08660 0.05828 0.05324)
(-0.11392 0.07994 0.04397)
(-0.12211 0.07973 0.03645)
(-0.17525 0.12332 -0.00128)
(-0.19450 0.13399 -0.01032)
(-0.23188 0.15769 -0.04965)
(-0.30130 0.21394 -0.10949)
(-0.34438 0.24633 -0.14007)
(-0.37336 0.27023 -0.16622)
(-0.38158 0.27786 -0.17237)
(-0.50976 0.42014 -0.29783)
(-0.54799 0.45666 -0.37121)
(-0.56905 0.48893 -0.39734)
(-0.58140 0.51631 -0.42108)
(-0.59653 0.57007 -0.47453)
(-0.64015 0.63439 -0.53783)
(-0.63290 0.64572 -0.57668)
(-0.63414 0.69428 -0.62330)
(-0.61917 0.68159 -0.64857)
(-0.62011 0.68274 -0.72443)
(-0.62050 0.67642 -0.73059)
(-0.61184 0.67628 -0.74604)
(-0.60516 0.65656 -0.77471)
(-0.59233 0.64912 -0.79803)
(-0.57742 0.63913 -0.81045)
(-0.58437 0.62478 -0.80498)
(-0.58015 0.62292 -0.79492)
(-0.56559 0.61120 -0.77230)
(-0.56199 0.61000 -0.76479)
(-0.57083 0.62802 -0.75611)
(-0.55377 0.62923 -0.72538)
(-0.54699 0.62743 -0.71270)
(-0.53347 0.64035 -0.64457)
(-0.52638 0.62674 -0.65273)
(-0.52741 0.63043 -0.62323)
(-0.38934 0.52422 -0.43574)
(-0.44131 0.55376 -0.46001)
(-0.37298 0.50967 -0.40994)
(-0.33212 0.45245 -0.30340)
(-0.27975 0.40063 -0.22627)
(-0.27431 0.38928 -0.20847)
(-0.25707 0.33100 -0.14300)
(-0.18971 0.23962 -0.09859)
(-0.23844 0.34670 -0.17363)
(-0.05087 0.06865 -0.01682)
(-0.01003 0.01363 -0.00317)
(0.00079 -0.00034 -0.00155)
(-0.02004 0.01082 0.03011)
(-0.02709 0.01295 0.04369)
(-0.05489 0.03011 0.07679)
(-0.05731 0.03107 0.07591)
(-0.07656 0.05083 0.07468)
(-0.09792 0.06469 0.05751)
(-0.10616 0.06759 0.05248)
(-0.16943 0.11830 0.01894)
(-0.17262 0.11921 0.01880)
(-0.18458 0.12791 0.00908)
(-0.25225 0.17083 -0.06232)
(-0.32731 0.23208 -0.12189)
(-0.35253 0.25308 -0.14574)
(-0.35794 0.25770 -0.15101)
(-0.46023 0.36713 -0.26213)
(-0.54682 0.46000 -0.37753)
(-0.52186 0.44773 -0.37437)
(-0.53380 0.47824 -0.41150)
(-0.59852 0.57041 -0.49790)
(-0.58376 0.56812 -0.51903)
(-0.62373 0.64207 -0.59610)
(-0.62449 0.64313 -0.60770)
(-0.62434 0.63826 -0.66059)
(-0.62643 0.66691 -0.72083)
(-0.62074 0.67184 -0.73727)
(-0.61216 0.64116 -0.74608)
(-0.61231 0.63735 -0.75640)
(-0.58499 0.62415 -0.77548)
(-0.60764 0.61635 -0.76256)
(-0.59244 0.61075 -0.76858)
(-0.58380 0.60522 -0.77513)
(-0.55791 0.59945 -0.76223)
(-0.56117 0.60536 -0.76728)
(-0.55565 0.60240 -0.75851)
(-0.54748 0.59808 -0.74742)
(-0.51530 0.58657 -0.68977)
(-0.54180 0.61801 -0.71654)
(-0.53368 0.61422 -0.70289)
(-0.47707 0.57769 -0.61602)
(-0.46862 0.58168 -0.57459)
(-0.44909 0.56407 -0.55610)
(-0.37439 0.51135 -0.42338)
(-0.35705 0.49597 -0.39587)
(-0.34887 0.48199 -0.35363)
(-0.33842 0.47885 -0.36807)
(-0.26950 0.39511 -0.22216)
(-0.26382 0.38483 -0.20682)
(-0.25314 0.37888 -0.20296)
(-0.20517 0.30997 -0.15354)
(-0.11979 0.17819 -0.07845)
(-0.01717 0.02763 -0.00767)
(0.00928 -0.01533 0.00389)
(0.00348 -0.00118 -0.00696)
(-0.00107 0.00036 0.00248)
(-0.01704 0.00716 0.03283)
(-0.04949 0.02406 0.08069)
(-0.05175 0.02325 0.08297)
(-0.07219 0.04240 0.07527)
(-0.07429 0.04223 0.08039)
(-0.08524 0.05008 0.07553)
(-0.11081 0.06716 0.05570)
(-0.16034 0.10997 0.02773)
(-0.16360 0.11161 0.02744)
(-0.17467 0.11966 0.01966)
(-0.18194 0.12182 0.01832)
(-0.20380 0.13311 -0.01747)
(-0.21391 0.13736 -0.02370)
(-0.33073 0.23489 -0.12471)
(-0.33402 0.23742 -0.12921)
(-0.36865 0.26595 -0.15870)
(-0.38174 0.28534 -0.20245)
(-0.47344 0.38431 -0.31834)
(-0.35735 0.27969 -0.19443)
(-0.48183 0.40972 -0.33787)
(-0.50118 0.45041 -0.37178)
(-0.54240 0.49538 -0.43429)
(-0.52395 0.48503 -0.44380)
(-0.61625 0.61944 -0.58201)
(-0.61965 0.62406 -0.59471)
(-0.61784 0.61213 -0.62206)
(-0.60354 0.60334 -0.64135)
(-0.62645 0.66408 -0.72648)
(-0.61399 0.60091 -0.66165)
(-0.62575 0.63615 -0.72754)
(-0.62366 0.61627 -0.73294)
(-0.60599 0.59755 -0.73704)
(-0.59445 0.60695 -0.75993)
(-0.58867 0.60209 -0.75888)
(-0.55610 0.57336 -0.73741)
(-0.51893 0.55643 -0.71851)
(-0.55116 0.59509 -0.75293)
(-0.54083 0.58943 -0.74026)
(-0.46937 0.53846 -0.65181)
(-0.47418 0.55147 -0.64709)
(-0.42853 0.52766 -0.57876)
(-0.40310 0.51790 -0.52311)
(-0.36541 0.49906 -0.43677)
(-0.31964 0.45326 -0.40473)
(-0.34523 0.48508 -0.38733)
(-0.32739 0.46850 -0.35936)
(-0.21511 0.34984 -0.22234)
(-0.24066 0.37973 -0.22793)
(-0.19347 0.32512 -0.16936)
(-0.23132 0.35701 -0.17881)
(-0.06419 0.10859 -0.03922)
(-0.04738 0.09326 -0.02691)
(-0.00107 0.00200 -0.00054)
(0.00472 -0.00157 -0.01102)
(-0.02621 0.01063 0.05286)
(-0.04364 0.01758 0.07866)
(0.00409 -0.00090 -0.00955)
(-0.00567 0.00138 0.01344)
(-0.04654 0.02020 0.08734)
(-0.04972 0.02290 0.08797)
(-0.05396 0.02594 0.08741)
(-0.05011 0.02258 0.09094)
(-0.07853 0.04523 0.08028)
(-0.09418 0.05484 0.07594)
(-0.11881 0.07461 0.05676)
(-0.08974 0.05213 0.08053)
(-0.11218 0.06948 0.06260)
(-0.16593 0.11270 0.02773)
(-0.14425 0.08775 0.04096)
(-0.18560 0.11558 0.00089)
(-0.24626 0.16856 -0.04928)
(-0.17302 0.11009 0.01027)
(-0.23627 0.16641 -0.04842)
(-0.25325 0.18517 -0.07594)
(-0.30958 0.23171 -0.14426)
(-0.31710 0.23284 -0.15724)
(-0.37988 0.31179 -0.22968)
(-0.38555 0.34223 -0.25512)
(-0.49057 0.44726 -0.37334)
(-0.48741 0.45616 -0.40140)
(-0.60000 0.58474 -0.55009)
(-0.58386 0.58326 -0.54338)
(-0.58944 0.57917 -0.57930)
(-0.59508 0.55332 -0.59311)
(-0.60209 0.56165 -0.60384)
(-0.59958 0.58212 -0.66636)
(-0.60894 0.59302 -0.70161)
(-0.57147 0.54998 -0.67574)
(-0.55657 0.54202 -0.68782)
(-0.58597 0.58318 -0.74183)
(-0.58373 0.58883 -0.75974)
(-0.53199 0.53867 -0.71439)
(-0.51303 0.52692 -0.71185)
(-0.46188 0.49155 -0.65106)
(-0.50363 0.54583 -0.69579)
(-0.46411 0.52751 -0.65217)
(-0.41350 0.49642 -0.59275)
(-0.39013 0.47890 -0.55554)
(-0.39953 0.50075 -0.55464)
(-0.36362 0.47921 -0.48695)
(-0.35418 0.46590 -0.49441)
(-0.30981 0.43867 -0.40616)
(-0.32450 0.46433 -0.38761)
(-0.28097 0.41265 -0.36134)
(-0.23589 0.36898 -0.29301)
(-0.31973 0.46087 -0.35548)
(-0.24485 0.38048 -0.25985)
(-0.18161 0.30772 -0.17454)
(-0.12990 0.26106 -0.10409)
(-0.13763 0.26244 -0.10175)
(-0.04854 0.09713 -0.02883)
(0.00354 -0.00744 0.00184)
(-0.00496 0.01019 -0.00278)
(-0.00258 0.00082 0.00686)
(-0.02335 0.00752 0.05235)
(-0.02249 0.00773 0.06462)
(-0.03574 0.01254 0.09464)
(-0.03757 0.01379 0.09632)
(-0.07899 0.04559 0.08296)
(-0.06470 0.02935 0.09142)
(-0.08803 0.04778 0.08580)
(-0.07984 0.03665 0.08881)
(-0.13281 0.08255 0.04284)
(-0.13671 0.08625 0.03977)
(-0.17170 0.11152 0.00589)
(-0.13739 0.09732 0.00366)
(-0.23743 0.17576 -0.07831)
(-0.20617 0.16164 -0.07385)
(-0.31592 0.25638 -0.17282)
(-0.30141 0.26894 -0.18737)
(-0.32799 0.29475 -0.22149)
(-0.33395 0.30550 -0.22988)
(-0.49493 0.46568 -0.41251)
(-0.39311 0.36328 -0.30565)
(-0.51074 0.48355 -0.45330)
(-0.54186 0.51907 -0.50689)
(-0.54436 0.51496 -0.52227)
(-0.53766 0.51358 -0.53030)
(-0.52934 0.49263 -0.54986)
(-0.58432 0.55058 -0.62281)
(-0.53960 0.50985 -0.60643)
(-0.54113 0.51557 -0.62525)
(-0.53581 0.50008 -0.62870)
(-0.49972 0.47405 -0.64759)
(-0.51874 0.50028 -0.67216)
(-0.50948 0.49983 -0.67134)
(-0.48406 0.48172 -0.64722)
(-0.46769 0.47886 -0.64951)
(-0.41473 0.45087 -0.59923)
(-0.44246 0.48933 -0.62323)
(-0.39933 0.46432 -0.57298)
(-0.38169 0.46511 -0.55554)
(-0.30880 0.41657 -0.45475)
(-0.24721 0.36014 -0.37934)
(-0.29372 0.41128 -0.41975)
(-0.27518 0.40469 -0.35877)
(-0.22099 0.35787 -0.28487)
(-0.16584 0.29665 -0.21283)
(-0.14968 0.27624 -0.14075)
(-0.15412 0.27029 -0.16495)
(-0.12439 0.24966 -0.10285)
(-0.11963 0.24182 -0.09713)
(-0.08188 0.17007 -0.06326)
(-0.03015 0.06550 -0.01946)
(0.00117 -0.00311 0.00048)
(0.01108 -0.02305 0.00604)
(-0.00248 0.00084 0.00762)
(-0.01136 0.00387 0.03394)
(-0.01455 0.00521 0.04588)
(-0.03327 0.01202 0.09621)
(-0.03522 0.01317 0.09829)
(-0.04764 0.02134 0.09558)
(-0.03346 0.01240 0.09806)
(-0.04709 0.02057 0.09844)
(-0.06431 0.02871 0.09405)
(-0.07330 0.03253 0.09260)
(-0.05950 0.02651 0.09309)
(-0.07333 0.03244 0.09235)
(-0.08158 0.04330 0.07864)
(-0.08634 0.04996 0.05953)
(-0.10837 0.06812 0.04199)
(-0.11746 0.09104 0.01055)
(-0.13426 0.10559 -0.00600)
(-0.13370 0.10869 -0.00944)
(-0.22722 0.18810 -0.10421)
(-0.28160 0.25660 -0.16633)
(-0.30447 0.27817 -0.19410)
(-0.30779 0.28650 -0.19886)
(-0.32213 0.30329 -0.21518)
(-0.45013 0.42917 -0.39294)
(-0.46991 0.44956 -0.41981)
(-0.46555 0.44517 -0.43222)
(-0.46161 0.44715 -0.43493)
(-0.46781 0.44813 -0.46879)
(-0.48495 0.45273 -0.52734)
(-0.47971 0.44712 -0.52966)
(-0.47511 0.44110 -0.53017)
(-0.48297 0.45451 -0.59591)
(-0.48420 0.46117 -0.63776)
(-0.46831 0.45187 -0.62504)
(-0.40729 0.41323 -0.57715)
(-0.39511 0.41111 -0.55851)
(-0.31144 0.35448 -0.47152)
(-0.35813 0.40943 -0.53538)
(-0.29973 0.35060 -0.45939)
(-0.30207 0.36528 -0.45729)
(-0.29828 0.39585 -0.44995)
(-0.24468 0.35503 -0.38168)
(-0.23131 0.34435 -0.36073)
(-0.23326 0.34941 -0.35706)
(-0.21833 0.33376 -0.34009)
(-0.20363 0.32483 -0.29542)
(-0.17155 0.28921 -0.21685)
(-0.13256 0.23436 -0.16782)
(-0.14419 0.24994 -0.16380)
(-0.13084 0.24255 -0.14277)
(-0.09115 0.18964 -0.08884)
(-0.06458 0.13931 -0.05890)
(-0.04182 0.09510 -0.02953)
(-0.00427 0.01176 -0.00172)
(0.00159 -0.00546 -0.00074)
(-0.00370 0.00132 0.01224)
(-0.00310 0.00115 0.01095)
(-0.02081 0.00765 0.06720)
(-0.03111 0.01139 0.09969)
(-0.04412 0.01906 0.09893)
(-0.02654 0.01289 0.09559)
(-0.02949 0.01453 0.09455)
(-0.03134 0.01382 0.09202)
(-0.04183 0.02489 0.07928)
(-0.02804 0.01894 0.07795)
(-0.08214 0.05179 0.05379)
(-0.09525 0.07371 0.02696)
(-0.11610 0.09342 0.00628)
(-0.11543 0.09639 0.00327)
(-0.13185 0.11115 -0.01063)
(-0.16998 0.16128 -0.05904)
(-0.28054 0.26104 -0.16723)
(-0.28058 0.26605 -0.16780)
(-0.27759 0.28018 -0.17459)
(-0.36069 0.35845 -0.28787)
(-0.39491 0.39240 -0.33065)
(-0.37986 0.38407 -0.33421)
(-0.38183 0.38497 -0.34362)
(-0.38048 0.38309 -0.34789)
(-0.46373 0.43569 -0.50227)
(-0.40294 0.39228 -0.41754)
(-0.45785 0.42910 -0.50347)
(-0.45274 0.42253 -0.50489)
(-0.42480 0.39869 -0.51612)
(-0.37441 0.35238 -0.47751)
(-0.38896 0.36045 -0.51822)
(-0.46939 0.44977 -0.62904)
(-0.39583 0.38518 -0.55356)
(-0.32585 0.31158 -0.46491)
(-0.38088 0.38951 -0.54953)
(-0.30222 0.34104 -0.46153)
(-0.29135 0.33719 -0.44954)
(-0.28146 0.33434 -0.43918)
(-0.25427 0.31629 -0.40519)
(-0.24027 0.34901 -0.38143)
(-0.22875 0.33925 -0.36330)
(-0.21200 0.31320 -0.34728)
(-0.21693 0.32944 -0.34444)
(-0.15695 0.26590 -0.21706)
(-0.16961 0.27699 -0.27413)
(-0.13621 0.23501 -0.18931)
(-0.11400 0.20267 -0.14165)
(-0.11918 0.21565 -0.16615)
(-0.07476 0.14279 -0.06971)
(-0.07040 0.13555 -0.05848)
(-0.01923 0.04898 -0.01469)
(-0.02235 0.04302 -0.01735)
(-0.00301 0.00779 -0.00218)
(-0.01608 0.00590 0.05543)
(-0.00391 0.00146 0.01445)
(-0.00462 0.00460 0.05344)
(-0.01902 0.00679 0.10221)
(-0.01806 0.01233 0.10084)
(-0.02388 0.01186 0.09651)
(-0.01832 0.00840 0.09179)
(-0.02264 0.01587 0.08117)
(-0.01869 0.01366 0.07958)
(-0.03590 0.02385 0.07623)
(-0.03428 0.03013 0.06657)
(-0.09835 0.08232 0.01440)
(-0.11132 0.10327 -0.00311)
(-0.18483 0.18960 -0.07825)
(-0.15798 0.18016 -0.05850)
(-0.20339 0.22618 -0.09924)
(-0.31262 0.32413 -0.22810)
(-0.32336 0.33935 -0.24286)
(-0.34161 0.35858 -0.28377)
(-0.35687 0.36688 -0.31318)
(-0.35644 0.36514 -0.32065)
(-0.34097 0.34433 -0.34125)
(-0.43346 0.41017 -0.47423)
(-0.32661 0.32296 -0.34920)
(-0.34567 0.33375 -0.38149)
(-0.42986 0.40460 -0.47759)
(-0.36690 0.34473 -0.42848)
(-0.34136 0.31944 -0.42483)
(-0.31272 0.29026 -0.41003)
(-0.30295 0.28198 -0.41472)
(-0.28493 0.27479 -0.40471)
(-0.31780 0.31652 -0.47090)
(-0.26277 0.27265 -0.40199)
(-0.28205 0.30935 -0.43653)
(-0.28274 0.32383 -0.43947)
(-0.26983 0.31513 -0.42427)
(-0.25765 0.30740 -0.41030)
(-0.26374 0.31870 -0.41883)
(-0.21331 0.28338 -0.35887)
(-0.17473 0.26629 -0.29874)
(-0.21389 0.32389 -0.34653)
(-0.15465 0.25467 -0.26891)
(-0.15225 0.24995 -0.24966)
(-0.13428 0.22847 -0.19945)
(-0.09831 0.18600 -0.16227)
(-0.08648 0.16564 -0.11231)
(-0.05839 0.11165 -0.05239)
(-0.04907 0.09803 -0.05585)
(-0.04403 0.08417 -0.03866)
(-0.01130 0.02153 -0.00935)
(-0.00385 0.00739 -0.00289)
(0.00002 0.00007 0.00071)
(0.00029 0.00179 0.01899)
(0.00010 0.00034 0.00388)
(-0.00805 0.00506 0.07352)
(-0.01309 0.01064 0.09528)
(0.01110 0.00470 0.05559)
(-0.00012 0.00394 0.09901)
(0.00790 0.01225 0.09088)
(-0.01385 0.01141 0.08080)
(0.00349 0.00711 0.07752)
(-0.01498 0.00993 0.07998)
(-0.00245 0.01525 0.07071)
(-0.01888 0.03063 0.06047)
(-0.01325 0.03131 0.05762)
(-0.05088 0.07062 0.03174)
(-0.05003 0.07778 0.03260)
(-0.09747 0.12484 0.00805)
(-0.09675 0.12544 0.01116)
(-0.11444 0.15715 -0.01202)
(-0.22453 0.26103 -0.13292)
(-0.15831 0.20379 -0.06613)
(-0.24373 0.28385 -0.15658)
(-0.25328 0.29084 -0.17782)
(-0.27105 0.30285 -0.21500)
(-0.30609 0.32248 -0.27038)
(-0.26286 0.28798 -0.24318)
(-0.23763 0.25750 -0.23698)
(-0.22049 0.23832 -0.24785)
(-0.22309 0.22706 -0.27535)
(-0.26381 0.25791 -0.32572)
(-0.27362 0.25961 -0.35532)
(-0.22296 0.22270 -0.28362)
(-0.25291 0.23954 -0.34317)
(-0.25729 0.24387 -0.35452)
(-0.21948 0.22332 -0.33859)
(-0.24584 0.24660 -0.36929)
(-0.18821 0.21736 -0.32725)
(-0.18153 0.21392 -0.31991)
(-0.20453 0.24902 -0.34716)
(-0.15377 0.21674 -0.29448)
(-0.17192 0.24073 -0.30384)
(-0.14374 0.22918 -0.27424)
(-0.11213 0.20159 -0.24241)
(-0.12673 0.21999 -0.24546)
(-0.11150 0.20385 -0.21376)
(-0.08821 0.17696 -0.17373)
(-0.09322 0.17484 -0.15279)
(-0.07650 0.15375 -0.12832)
(-0.04133 0.09042 -0.07300)
(-0.04352 0.09156 -0.07111)
(-0.01024 0.02248 -0.01740)
(-0.00883 0.01796 -0.00928)
(-0.00562 -0.00283 -0.01775)
(0.00044 0.00023 0.00188)
(0.01802 0.00572 0.07368)
(-0.00050 -0.00009 -0.00111)
(0.01074 0.00189 0.02488)
(0.03880 0.00350 0.08212)
(0.03829 0.00250 0.09021)
(0.03399 0.00249 0.07779)
(0.04532 0.00275 0.08781)
(0.04288 0.00155 0.08753)
(0.01769 0.00636 0.06965)
(0.01807 0.01719 0.06586)
(-0.00211 0.03717 0.06042)
(-0.00030 0.04472 0.06336)
(-0.06075 0.10308 0.02033)
(-0.04677 0.09886 0.02723)
(-0.05694 0.11876 0.02212)
(-0.06271 0.13230 0.01751)
(-0.14417 0.19769 -0.05433)
(-0.06792 0.13921 0.01122)
(-0.19384 0.24008 -0.12309)
(-0.19955 0.24724 -0.13895)
(-0.17264 0.22241 -0.12540)
(-0.18807 0.22816 -0.16087)
(-0.17455 0.21005 -0.17156)
(-0.18069 0.21109 -0.19589)
(-0.15497 0.17780 -0.18390)
(-0.11957 0.14113 -0.16980)
(-0.07009 0.09010 -0.13356)
(-0.21618 0.21169 -0.30678)
(-0.19922 0.19468 -0.29001)
(-0.09166 0.10850 -0.17060)
(-0.10908 0.11946 -0.19628)
(-0.15078 0.15802 -0.25380)
(-0.12471 0.14188 -0.23329)
(-0.07337 0.09806 -0.18101)
(-0.07118 0.09881 -0.18260)
(-0.10778 0.13000 -0.22095)
(-0.16938 0.20054 -0.30373)
(-0.11652 0.14617 -0.23412)
(-0.11265 0.16032 -0.24599)
(-0.13484 0.18896 -0.27400)
(-0.08733 0.14976 -0.22074)
(-0.10322 0.16842 -0.22193)
(-0.09586 0.17978 -0.21760)
(-0.10970 0.19693 -0.23489)
(-0.07845 0.15523 -0.17876)
(-0.08760 0.16949 -0.18936)
(-0.04171 0.11073 -0.10636)
(-0.01919 0.07132 -0.07400)
(-0.01042 0.04091 -0.04115)
(-0.01037 0.02973 -0.02722)
(-0.00412 0.01046 -0.00912)
(0.00108 -0.00245 0.00168)
(0.00244 -0.00742 0.00687)
(0.00296 -0.00675 0.00461)
(-0.00620 -0.00119 -0.01326)
(0.00274 0.00037 0.00506)
(0.02282 0.00251 0.04503)
(-0.00867 -0.00131 -0.01414)
(0.01689 0.00206 0.02876)
(0.03938 0.00346 0.07201)
(0.05628 -0.00269 0.08301)
(0.03930 0.00371 0.06498)
(0.04810 0.00359 0.08168)
(0.05685 0.01642 0.07706)
(0.04583 0.01806 0.07513)
(0.04359 0.03699 0.07577)
(0.01012 0.05253 0.06414)
(0.03909 0.05200 0.07192)
(-0.01073 0.08743 0.04533)
(-0.04562 0.11953 0.02875)
(-0.04889 0.12373 0.02473)
(-0.05301 0.12776 0.02029)
(-0.07222 0.14388 0.00600)
(-0.13373 0.19107 -0.06556)
(-0.12457 0.18189 -0.07260)
(-0.13477 0.19041 -0.09701)
(-0.12348 0.17296 -0.11018)
(-0.10345 0.14861 -0.11790)
(-0.09322 0.13302 -0.11658)
(-0.05518 0.08773 -0.10738)
(-0.03488 0.06580 -0.09359)
(-0.03373 0.06190 -0.09656)
(-0.05318 0.07835 -0.12944)
(-0.05921 0.08446 -0.16308)
(-0.05730 0.08492 -0.16399)
(-0.04423 0.07462 -0.14992)
(-0.05217 0.08359 -0.16130)
(-0.05985 0.09282 -0.17184)
(-0.04207 0.08734 -0.15208)
(-0.02287 0.07393 -0.12448)
(-0.04233 0.10060 -0.15089)
(-0.07805 0.13663 -0.19224)
(-0.04930 0.11152 -0.14740)
(-0.04700 0.11506 -0.14648)
(-0.04824 0.12040 -0.14629)
(-0.05584 0.13530 -0.16225)
(-0.01866 0.07756 -0.08823)
(-0.00803 0.03573 -0.03710)
(-0.00377 0.01693 -0.01727)
(0.00012 -0.00054 0.00054)
(0.00123 -0.00623 0.00633)
(0.00173 -0.00796 0.00798)
(-0.00015 -0.00002 -0.00025)
(-0.00253 -0.00063 -0.00316)
(0.01191 0.00168 0.01835)
(0.06265 0.00608 0.06364)
(0.03487 0.00656 0.02759)
(0.07071 0.02334 0.07464)
(0.05715 0.02761 0.07832)
(0.05697 0.03882 0.07525)
(0.07587 0.03654 0.07977)
(0.05766 0.04317 0.07695)
(0.05289 0.04592 0.07615)
(0.05062 0.04958 0.07756)
(0.01866 0.08018 0.06312)
(-0.03119 0.11081 0.03670)
(-0.03546 0.11416 0.03289)
(-0.03906 0.11598 0.02978)
(-0.05584 0.12986 0.01690)
(-0.06489 0.13452 -0.01172)
(-0.05422 0.13026 -0.02654)
(-0.06086 0.13233 -0.05792)
(-0.04229 0.11116 -0.06156)
(-0.04337 0.08908 -0.06742)
(-0.04236 0.08706 -0.07237)
(-0.01994 0.05507 -0.07624)
(-0.01762 0.05061 -0.07796)
(-0.00307 0.03799 -0.06420)
(-0.00804 0.03960 -0.07143)
(-0.01105 0.04302 -0.08156)
(-0.04299 0.07124 -0.14591)
(0.01708 0.01663 -0.06359)
(-0.02864 0.05968 -0.13016)
(-0.03242 0.06562 -0.13711)
(0.00017 0.04603 -0.10031)
(0.00165 0.04929 -0.09436)
(-0.01160 0.06636 -0.11142)
(-0.00439 0.06152 -0.10303)
(0.00645 0.05602 -0.06675)
(-0.00164 0.06501 -0.07583)
(0.00258 0.05798 -0.06551)
(0.00360 0.03307 -0.03618)
(0.00085 0.01883 -0.01997)
(-0.00183 0.01259 -0.01419)
(-0.00016 0.00089 -0.00091)
(0.00022 -0.00512 0.00536)
(0.00113 -0.00652 0.00666)
(0.00824 0.00165 0.00644)
(0.01885 0.00481 0.01566)
(0.04994 0.01223 0.04219)
(0.02390 0.00882 0.01821)
(0.05308 0.02459 0.05341)
(0.05969 0.03765 0.07142)
(0.02920 0.01447 0.03096)
(0.04006 0.02640 0.04816)
(0.06219 0.04501 0.07963)
(0.06005 0.04732 0.08139)
(0.03650 0.06944 0.07602)
(0.05201 0.05754 0.08433)
(0.02170 0.08021 0.06716)
(-0.02566 0.10722 0.03943)
(0.03683 0.08386 0.06448)
(0.03390 0.07757 0.05869)
(-0.01372 0.09991 0.02945)
(-0.02279 0.10567 0.00600)
(0.01193 0.07915 0.02946)
(0.00044 0.08156 0.00663)
(0.00884 0.06750 -0.00881)
(0.01674 0.06230 -0.00211)
(0.01852 0.05858 -0.00615)
(0.00929 0.06130 -0.01029)
(0.00626 0.05945 -0.02150)
(-0.00440 0.04538 -0.04962)
(0.03870 0.02648 -0.00497)
(0.00094 0.03754 -0.05695)
(0.00799 0.02913 -0.05282)
(0.03532 0.00042 -0.03242)
(0.05704 -0.00876 -0.02693)
(0.03554 0.01335 -0.05670)
(0.06973 -0.02117 -0.00141)
(0.07316 -0.01747 -0.00817)
(0.06045 -0.00105 -0.03248)
(0.05311 0.00446 -0.03413)
(0.04944 0.00055 -0.02028)
(0.04104 0.00797 -0.02056)
(0.02202 0.03260 -0.04820)
(0.00886 0.03880 -0.04406)
(0.01129 0.00765 -0.00903)
(0.00366 0.01086 -0.01153)
(0.00166 0.00909 -0.00953)
(-0.00020 -0.00194 0.00200)
(0.00477 0.00177 0.00360)
(0.01450 0.00630 0.01085)
(0.01291 0.00631 0.01106)
(0.00761 0.00432 0.00618)
(0.01545 0.00871 0.01467)
(0.04729 0.04135 0.05894)
(0.05560 0.05672 0.06851)
(0.02416 0.01250 0.02549)
(0.03740 0.02747 0.04050)
(0.03641 0.04817 0.04656)
(0.05458 0.07333 0.06257)
(0.03760 0.04596 0.04076)
(0.04192 0.06733 0.05724)
(0.03084 0.06535 0.04989)
(0.05227 0.06901 0.04896)
(0.05082 0.04996 0.04709)
(0.03037 0.06318 0.01582)
(0.02909 0.04914 0.00392)
(0.05488 0.04335 0.02146)
(0.06100 0.02985 0.02288)
(0.05960 0.02494 0.01456)
(0.06326 0.02010 0.01974)
(0.09569 0.00319 0.02956)
(0.05249 0.01714 -0.00475)
(0.07673 -0.00859 0.02077)
(0.06598 -0.00404 0.01767)
(0.07056 -0.02821 0.02087)
(0.07150 -0.04159 0.02980)
(0.06271 -0.02465 0.01085)
(0.02451 -0.01328 0.00981)
(0.02848 -0.01184 0.01009)
(0.01576 -0.00352 0.00225)
(0.02349 -0.00404 0.00123)
(-0.00116 0.00019 -0.00019)
(0.00580 0.00007 -0.00026)
(0.00231 0.00051 -0.00049)
(-0.02062 -0.01202 -0.01722)
(-0.01542 -0.00786 -0.01593)
(0.01590 0.00905 0.01436)
(-0.01464 -0.00823 -0.01291)
(-0.00557 -0.00318 -0.00445)
(0.02170 0.02493 0.02257)
(0.03419 0.02896 0.02413)
(-0.00076 -0.00047 -0.00049)
(-0.00057 -0.00037 -0.00035)
(0.02898 0.02658 0.02066)
(0.04561 0.04076 0.03268)
(0.01498 0.00841 0.00884)
(0.03774 0.02118 0.02116)
(0.06305 0.03218 0.03486)
(0.02271 0.01176 0.01227)
(0.03895 0.01160 0.01808)
(0.04816 0.00316 0.01862)
(0.06343 0.00214 0.02063)
(0.00631 0.00046 0.00272)
(0.01118 0.00042 0.00410)
(-0.00173 0.00005 -0.00064)
(0.04355 -0.00241 0.01210)
(0.02665 -0.00414 0.00884)
(-0.01434 0.00206 -0.00486)
(-0.00692 0.00204 -0.00235)
(-0.01260 0.00247 -0.00438)
(-0.01186 0.00287 -0.00300)
(0.00491 0.00277 0.00267)
(0.00828 0.00432 0.00444)
(0.00877 0.00345 0.00371)
(-0.00367 -0.00032 -0.00173)
)